                 [µ/?]
       E         Total
     (keV)       cm2 g-1
 4.221000E-03  5.1966E+03
 4.284000E-03  5.1855E+03
 1.069000E-02  6.4178E+03
 1.142761E-02  6.6901E+03
 1.221612E-02  6.9939E+03
 1.305903E-02  7.3311E+03
 1.396010E-02  7.7035E+03
 1.492335E-02  8.1130E+03
 1.595306E-02  8.5613E+03
 1.705382E-02  9.0500E+03
 1.823053E-02  9.5784E+03
 1.948844E-02  1.0146E+04
 2.083314E-02  1.0753E+04
 2.227063E-02  1.1398E+04
 2.380730E-02  1.2079E+04
 2.545001E-02  1.2796E+04
 2.577400E-02  1.2936E+04
 2.616850E-02  1.3105E+04
 2.627370E-02  1.3150E+04
 2.643150E-02  2.1383E+05
 2.682600E-02  2.0147E+05
 2.720606E-02  1.9047E+05
 2.908327E-02  1.4672E+05
 3.109002E-02  1.1323E+05
 3.323523E-02  8.7701E+04
 3.552846E-02  6.8914E+04
 3.797993E-02  5.5446E+04
 4.060054E-02  4.5988E+04
 4.340198E-02  3.9462E+04
 4.639671E-02  3.5034E+04
 4.959809E-02  3.2089E+04
 5.302035E-02  3.0178E+04
 5.667876E-02  2.8983E+04
 6.058959E-02  2.8278E+04
 6.164200E-02  2.8155E+04
 6.258550E-02  2.8063E+04
 6.283710E-02  2.8041E+04
 6.321450E-02  2.8117E+04
 6.415800E-02  2.8053E+04
 6.477028E-02  2.8018E+04
 6.923942E-02  2.7886E+04
 7.401695E-02  2.7895E+04
 7.912411E-02  2.7927E+04
 8.458368E-02  2.6850E+04
 9.041995E-02  2.5747E+04
 9.665893E-02  2.4610E+04
 1.0000000E-01  2.4018E+04
 1.0050000E-01  2.3930E+04
 1.0100250E-01  2.3842E+04
 1.0150751E-01  2.3754E+04
 1.0201505E-01  2.3665E+04
 1.0252513E-01  2.3577E+04
 1.0303775E-01  2.3488E+04
 1.0355294E-01  2.3399E+04
 1.0407070E-01  2.3310E+04
 1.0459106E-01  2.3221E+04
 1.0511401E-01  2.3131E+04
 1.0563958E-01  2.3041E+04
 1.0616778E-01  2.2952E+04
 1.0669862E-01  2.2861E+04
 1.0723211E-01  2.2771E+04
 1.0776827E-01  2.2681E+04
 1.0830712E-01  2.2590E+04
 1.0884865E-01  2.2500E+04
 1.0939289E-01  2.2409E+04
 1.0993986E-01  2.2318E+04
 1.1048956E-01  2.2227E+04
 1.1104201E-01  2.2135E+04
 1.1159722E-01  2.2044E+04
 1.1215520E-01  2.1953E+04
 1.1271598E-01  2.1861E+04
 1.1327956E-01  2.1769E+04
 1.1384596E-01  2.1677E+04
 1.1441519E-01  2.1585E+04
 1.1498726E-01  2.1493E+04
 1.1556220E-01  2.1400E+04
 1.1614001E-01  2.1308E+04
 1.1672071E-01  2.1215E+04
 1.1730431E-01  2.1123E+04
 1.1789083E-01  2.1030E+04
 1.1848029E-01  2.0937E+04
 1.1907269E-01  2.0844E+04
 1.1966805E-01  2.0751E+04
 1.2026639E-01  2.0658E+04
 1.2086772E-01  2.0565E+04
 1.2147206E-01  2.0471E+04
 1.2207942E-01  2.0378E+04
 1.2268982E-01  2.0285E+04
 1.2330327E-01  2.0191E+04
 1.2391979E-01  2.0097E+04
 1.2453939E-01  2.0004E+04
 1.2516208E-01  1.9910E+04
 1.2578789E-01  1.9816E+04
 1.2641683E-01  1.9722E+04
 1.2704892E-01  1.9629E+04
 1.2768416E-01  1.9535E+04
 1.2832258E-01  1.9441E+04
 1.2896419E-01  1.9347E+04
 1.2960902E-01  1.9253E+04
 1.3025706E-01  1.9159E+04
 1.3090835E-01  1.9065E+04
 1.3156289E-01  1.8971E+04
 1.3222070E-01  1.8877E+04
 1.3288181E-01  1.8783E+04
 1.3354621E-01  1.8689E+04
 1.3421395E-01  1.8595E+04
 1.3488502E-01  1.8501E+04
 1.3555944E-01  1.8407E+04
 1.3623724E-01  1.8313E+04
 1.3691842E-01  1.8219E+04
 1.3760302E-01  1.8125E+04
 1.3829103E-01  1.8031E+04
 1.3898249E-01  1.7937E+04
 1.3967740E-01  1.7843E+04
 1.4037579E-01  1.7749E+04
 1.4107766E-01  1.7655E+04
 1.4178305E-01  1.7562E+04
 1.4249197E-01  1.7468E+04
 1.4320443E-01  1.7375E+04
 1.4392045E-01  1.7281E+04
 1.4464005E-01  1.7188E+04
 1.4536325E-01  1.7094E+04
 1.4609007E-01  1.7001E+04
 1.4682052E-01  1.6908E+04
 1.4755462E-01  1.6815E+04
 1.4829239E-01  1.6722E+04
 1.4903386E-01  1.6629E+04
 1.4977903E-01  1.6536E+04
 1.5052792E-01  1.6443E+04
 1.5128056E-01  1.6351E+04
 1.5203696E-01  1.6258E+04
 1.5279715E-01  1.6166E+04
 1.5356113E-01  1.6074E+04
 1.5414295E-01  1.6004E+04
 1.5425706E-01  4.1463E+04
 1.5432894E-01  4.1306E+04
 1.5510058E-01  3.9676E+04
 1.5587609E-01  3.8139E+04
 1.5665547E-01  3.6691E+04
 1.5743875E-01  3.5325E+04
 1.5822594E-01  3.4036E+04
 1.5901707E-01  3.2820E+04
 1.5981215E-01  3.1673E+04
 1.6061121E-01  3.0590E+04
 1.6141427E-01  2.9568E+04
 1.6222134E-01  2.8602E+04
 1.6303245E-01  2.7689E+04
 1.6384761E-01  2.6827E+04
 1.6466685E-01  2.6012E+04
 1.6549018E-01  2.5241E+04
 1.6631763E-01  2.4511E+04
 1.6714922E-01  2.3821E+04
 1.6798497E-01  2.3167E+04
 1.6882489E-01  2.2548E+04
 1.6966902E-01  2.1961E+04
 1.7051736E-01  2.1409E+04
 1.7136995E-01  2.0896E+04
 1.7222680E-01  2.0418E+04
 1.7308793E-01  1.9971E+04
 1.7395337E-01  1.9553E+04
 1.7482314E-01  1.9161E+04
 1.7569726E-01  1.8793E+04
 1.7657574E-01  1.8447E+04
 1.7745862E-01  1.8120E+04
 1.7834591E-01  1.7811E+04
 1.7923764E-01  1.7519E+04
 1.8013383E-01  1.7241E+04
 1.8103450E-01  1.6978E+04
 1.8193967E-01  1.6727E+04
 1.8284937E-01  1.6488E+04
 1.8376362E-01  1.6260E+04
 1.8468244E-01  1.6042E+04
 1.8560585E-01  1.5832E+04
 1.8653388E-01  1.5632E+04
 1.8746655E-01  1.5439E+04
 1.8840388E-01  1.5254E+04
 1.8934590E-01  1.5075E+04
 1.9029263E-01  1.4902E+04
 1.9124409E-01  1.4736E+04
 1.9220031E-01  1.4575E+04
 1.9316131E-01  1.4419E+04
 1.9412712E-01  1.4268E+04
 1.9509776E-01  1.4121E+04
 1.9607325E-01  1.3978E+04
 1.9705361E-01  1.3840E+04
 1.9803888E-01  1.3705E+04
 1.9902907E-01  1.3573E+04
 2.0002422E-01  1.3445E+04
 2.0102434E-01  1.3320E+04
 2.0202946E-01  1.3198E+04
 2.0303961E-01  1.3078E+04
 2.0405481E-01  1.2961E+04
 2.0507508E-01  1.2847E+04
 2.0610046E-01  1.2735E+04
 2.0713096E-01  1.2625E+04
 2.0816661E-01  1.2518E+04
 2.0920745E-01  1.2412E+04
 2.1025348E-01  1.2309E+04
 2.1130475E-01  1.2207E+04
 2.1236128E-01  1.2107E+04
 2.1342308E-01  1.2009E+04
 2.1449020E-01  1.1912E+04
 2.1556265E-01  1.1817E+04
 2.1664046E-01  1.1723E+04
 2.1772366E-01  1.1631E+04
 2.1881228E-01  1.1540E+04
 2.1990634E-01  1.1451E+04
 2.2100588E-01  1.1363E+04
 2.2211090E-01  1.1276E+04
 2.2322146E-01  1.1191E+04
 2.2433757E-01  1.1106E+04
 2.2545925E-01  1.1023E+04
 2.2658655E-01  1.0941E+04
 2.2771948E-01  1.0860E+04
 2.2885808E-01  1.0780E+04
 2.3000237E-01  1.0701E+04
 2.3115238E-01  1.0623E+04
 2.3230814E-01  1.0547E+04
 2.3346969E-01  1.0471E+04
 2.3463703E-01  1.0396E+04
 2.3581022E-01  1.0322E+04
 2.3698927E-01  1.0248E+04
 2.3817422E-01  1.0176E+04
 2.3936509E-01  1.0105E+04
 2.4056191E-01  1.0034E+04
 2.4176472E-01  9.9644E+03
 2.4297355E-01  9.8955E+03
 2.4418841E-01  9.8274E+03
 2.4540936E-01  9.7601E+03
 2.4663640E-01  9.6935E+03
 2.4786959E-01  9.6278E+03
 2.4910893E-01  9.5628E+03
 2.5035448E-01  9.4985E+03
 2.5160625E-01  9.4350E+03
 2.5286428E-01  9.3722E+03
 2.5412860E-01  9.3101E+03
 2.5539925E-01  9.2488E+03
 2.5667624E-01  9.1881E+03
 2.5795962E-01  9.1281E+03
 2.5924942E-01  9.0688E+03
 2.6054567E-01  9.0102E+03
 2.6184840E-01  8.9522E+03
 2.6315764E-01  8.8949E+03
 2.6447343E-01  8.8383E+03
 2.6579579E-01  8.7823E+03
 2.6712477E-01  8.7269E+03
 2.6846040E-01  8.6722E+03
 2.6980270E-01  8.6181E+03
 2.7115171E-01  8.5646E+03
 2.7250747E-01  8.5118E+03
 2.7387001E-01  8.4595E+03
 2.7523936E-01  8.4079E+03
 2.7661556E-01  8.3568E+03
 2.7799863E-01  8.3063E+03
 2.7938863E-01  8.2564E+03
 2.8078557E-01  8.2071E+03
 2.8218950E-01  8.1584E+03
 2.8360044E-01  8.1102E+03
 2.8501845E-01  8.0626E+03
 2.8644354E-01  8.0155E+03
 2.8787576E-01  7.9690E+03
 2.8931514E-01  7.9230E+03
 2.9076171E-01  7.8776E+03
 2.9221552E-01  7.8327E+03
 2.9262731E-01  7.8201E+03
 2.9317269E-01  8.8146E+03
 2.9367660E-01  8.7989E+03
 2.9514498E-01  8.7537E+03
 2.9662071E-01  8.7091E+03
 2.9810381E-01  8.6649E+03
 2.9959433E-01  8.6212E+03
 3.0109230E-01  8.5781E+03
 3.0259776E-01  8.5354E+03
 3.0411075E-01  8.4932E+03
 3.0563130E-01  8.4515E+03
 3.0715946E-01  8.4103E+03
 3.0869526E-01  8.3696E+03
 3.1023873E-01  8.3293E+03
 3.1178993E-01  8.2895E+03
 3.1334888E-01  8.2501E+03
 3.1491562E-01  8.2112E+03
 3.1649020E-01  8.1727E+03
 3.1807265E-01  8.1346E+03
 3.1966301E-01  8.0970E+03
 3.2126133E-01  8.0598E+03
 3.2286764E-01  8.0230E+03
 3.2448197E-01  7.9866E+03
 3.2610438E-01  7.9506E+03
 3.2773491E-01  7.9150E+03
 3.2937358E-01  7.8797E+03
 3.3102045E-01  7.8447E+03
 3.3144831E-01  7.8358E+03
 3.3215172E-01  8.0807E+03
 3.3267555E-01  8.0698E+03
 3.3433893E-01  8.0356E+03
 3.3601062E-01  8.0018E+03
 3.3769068E-01  7.9682E+03
 3.3937913E-01  7.9350E+03
 3.4107602E-01  7.9021E+03
 3.4278140E-01  7.8695E+03
 3.4449531E-01  7.8372E+03
 3.4621779E-01  7.8052E+03
 3.4794888E-01  7.7735E+03
 3.4968862E-01  7.7421E+03
 3.5143706E-01  7.7110E+03
 3.5319425E-01  7.6801E+03
 3.5496022E-01  7.6495E+03
 3.5673502E-01  7.6191E+03
 3.5851870E-01  7.5890E+03
 3.6031129E-01  7.5592E+03
 3.6211285E-01  7.5295E+03
 3.6392341E-01  7.5001E+03
 3.6574303E-01  7.4710E+03
 3.6757174E-01  7.4420E+03
 3.6940960E-01  7.4132E+03
 3.7125665E-01  7.3847E+03
 3.7311293E-01  7.3563E+03
 3.7497850E-01  7.3281E+03
 3.7685339E-01  7.3001E+03
 3.7873766E-01  7.2723E+03
 3.8063135E-01  7.2446E+03
 3.8253450E-01  7.2171E+03
 3.8444718E-01  7.1897E+03
 3.8636941E-01  7.1625E+03
 3.8830126E-01  7.1354E+03
 3.9024276E-01  7.1085E+03
 3.9219398E-01  7.0817E+03
 3.9415495E-01  7.0550E+03
 3.9612572E-01  7.0284E+03
 3.9810635E-01  7.0019E+03
 4.0009688E-01  6.9755E+03
 4.0209737E-01  6.9492E+03
 4.0410785E-01  6.9230E+03
 4.0612839E-01  6.8969E+03
 4.0815904E-01  6.8709E+03
 4.1019983E-01  6.8449E+03
 4.1225083E-01  6.8190E+03
 4.1431208E-01  6.7932E+03
 4.1572967E-01  6.7755E+03
 4.1638364E-01  7.0924E+03
 4.1687033E-01  7.0861E+03
 4.1846556E-01  7.0657E+03
 4.2055789E-01  7.0391E+03
 4.2266068E-01  7.0126E+03
 4.2477398E-01  6.9861E+03
 4.2689785E-01  6.9596E+03
 4.2903234E-01  6.9331E+03
 4.3117750E-01  6.9067E+03
 4.3333339E-01  6.8803E+03
 4.3550006E-01  6.8539E+03
 4.3767756E-01  6.8275E+03
 4.3986595E-01  6.8011E+03
 4.4206528E-01  6.7748E+03
 4.4427560E-01  6.7484E+03
 4.4649698E-01  6.7220E+03
 4.4872947E-01  6.6956E+03
 4.5097311E-01  6.6692E+03
 4.5322798E-01  6.6428E+03
 4.5549412E-01  6.6164E+03
 4.5777159E-01  6.5899E+03
 4.6006045E-01  6.5635E+03
 4.6236075E-01  6.5369E+03
 4.6467255E-01  6.5104E+03
 4.6699592E-01  6.4838E+03
 4.6933090E-01  6.4571E+03
 4.7167755E-01  6.4304E+03
 4.7403594E-01  6.4036E+03
 4.7640612E-01  6.3768E+03
 4.7878815E-01  6.3499E+03
 4.8118209E-01  6.3230E+03
 4.8358800E-01  6.2960E+03
 4.8600594E-01  6.2689E+03
 4.8843597E-01  6.2418E+03
 4.9087815E-01  6.2147E+03
 4.9333254E-01  6.1874E+03
 4.9579920E-01  6.1601E+03
 4.9827820E-01  6.1327E+03
 5.0076959E-01  6.1052E+03
 5.0327344E-01  6.0777E+03
 5.0578980E-01  6.0501E+03
 5.0831875E-01  6.0224E+03
 5.1086035E-01  5.9947E+03
 5.1341465E-01  5.9669E+03
 5.1598172E-01  5.9390E+03
 5.1856163E-01  5.9111E+03
 5.2115444E-01  5.8831E+03
 5.2376021E-01  5.8551E+03
 5.2637901E-01  5.8270E+03
 5.2901091E-01  5.7988E+03
 5.3165596E-01  5.7706E+03
 5.3431424E-01  5.7423E+03
 5.3698581E-01  5.7140E+03
 5.3967074E-01  5.6856E+03
 5.4236910E-01  5.6571E+03
 5.4508094E-01  5.6286E+03
 5.4780635E-01  5.6001E+03
 5.5054538E-01  5.5715E+03
 5.5329810E-01  5.5428E+03
 5.5606460E-01  5.5141E+03
 5.5884492E-01  5.4854E+03
 5.6163914E-01  5.4566E+03
 5.6444734E-01  5.4277E+03
 5.6726958E-01  5.3989E+03
 5.7010592E-01  5.3700E+03
 5.7295645E-01  5.3410E+03
 5.7582123E-01  5.3120E+03
 5.7870034E-01  5.2830E+03
 5.8159384E-01  5.2540E+03
 5.8450181E-01  5.2249E+03
 5.8742432E-01  5.1958E+03
 5.9036144E-01  5.1667E+03
 5.9331325E-01  5.1375E+03
 5.9627982E-01  5.1083E+03
 5.9926122E-01  5.0792E+03
 6.0225752E-01  5.0500E+03
 6.0526881E-01  5.0208E+03
 6.0829515E-01  4.9915E+03
 6.1133663E-01  4.9623E+03
 6.1439331E-01  4.9331E+03
 6.1746528E-01  4.9039E+03
 6.2055260E-01  4.8746E+03
 6.2365537E-01  4.8453E+03
 6.2677364E-01  4.8160E+03
 6.2990751E-01  4.7866E+03
 6.3305705E-01  4.7572E+03
 6.3622234E-01  4.7278E+03
 6.3940345E-01  4.6984E+03
 6.4260046E-01  4.6690E+03
 6.4581347E-01  4.6396E+03
 6.4904253E-01  4.6102E+03
 6.5228775E-01  4.5807E+03
 6.5554919E-01  4.5513E+03
 6.5882693E-01  4.5219E+03
 6.6212107E-01  4.4926E+03
 6.6543167E-01  4.4632E+03
 6.6875883E-01  4.4339E+03
 6.7210262E-01  4.4046E+03
 6.7546314E-01  4.3753E+03
 6.7884045E-01  4.3461E+03
 6.8223466E-01  4.3169E+03
 6.8564583E-01  4.2878E+03
 6.8907406E-01  4.2587E+03
 6.9251943E-01  4.2296E+03
 6.9598202E-01  4.2006E+03
 6.9946194E-01  4.1717E+03
 7.0295924E-01  4.1429E+03
 7.0647404E-01  4.1140E+03
 7.1000641E-01  4.0851E+03
 7.1355644E-01  4.0563E+03
 7.1712423E-01  4.0276E+03
 7.2070985E-01  3.9989E+03
 7.2431340E-01  3.9703E+03
 7.2793496E-01  3.9419E+03
 7.3157464E-01  3.9135E+03
 7.3523251E-01  3.8852E+03
 7.3890867E-01  3.8570E+03
 7.4260322E-01  3.8289E+03
 7.4631623E-01  3.8009E+03
 7.5004781E-01  3.7730E+03
 7.5379805E-01  3.7452E+03
 7.5756704E-01  3.7175E+03
 7.6135488E-01  3.6899E+03
 7.6516165E-01  3.6624E+03
 7.6898746E-01  3.6351E+03
 7.7283240E-01  3.6078E+03
 7.7669656E-01  3.5807E+03
 7.8058004E-01  3.5537E+03
 7.8448294E-01  3.5268E+03
 7.8840536E-01  3.5000E+03
 7.9234738E-01  3.4734E+03
 7.9630912E-01  3.4469E+03
 8.0029067E-01  3.4205E+03
 8.0429212E-01  3.3943E+03
 8.0831358E-01  3.3682E+03
 8.1235515E-01  3.3422E+03
 8.1641693E-01  3.3164E+03
 8.2049901E-01  3.2907E+03
 8.2460150E-01  3.2651E+03
 8.2872451E-01  3.2397E+03
 8.3286813E-01  3.2144E+03
 8.3703248E-01  3.1893E+03
 8.4121764E-01  3.1643E+03
 8.4542373E-01  3.1394E+03
 8.4965084E-01  3.1147E+03
 8.5389910E-01  3.0901E+03
 8.5816859E-01  3.0657E+03
 8.6245944E-01  3.0414E+03
 8.6677173E-01  3.0173E+03
 8.7110559E-01  2.9933E+03
 8.7546112E-01  2.9695E+03
 8.7983843E-01  2.9458E+03
 8.8423762E-01  2.9223E+03
 8.8865881E-01  2.8989E+03
 8.9310210E-01  2.8757E+03
 8.9756761E-01  2.8526E+03
 9.0205545E-01  2.8297E+03
 9.0656573E-01  2.8069E+03
 9.1109856E-01  2.7843E+03
 9.1565405E-01  2.7618E+03
 9.2023232E-01  2.7395E+03
 9.2483348E-01  2.7174E+03
 9.2945765E-01  2.6953E+03
 9.3410494E-01  2.6735E+03
 9.3877546E-01  2.6518E+03
 9.4346934E-01  2.6302E+03
 9.4818668E-01  2.6088E+03
 9.5292762E-01  2.5876E+03
 9.5769226E-01  2.5665E+03
 9.6248072E-01  2.5456E+03
 9.6729312E-01  2.5248E+03
 9.7212959E-01  2.5041E+03
 9.7699023E-01  2.4837E+03
 9.8187519E-01  2.4633E+03
 9.8678456E-01  2.4431E+03
 9.9171848E-01  2.4231E+03
 9.9667708E-01  2.4032E+03
 1.0016605E+00  2.3815E+03
 1.0066688E+00  2.3561E+03
 1.0117021E+00  2.3310E+03
 1.0167606E+00  2.3062E+03
 1.0218444E+00  2.2817E+03
 1.0269536E+00  2.2574E+03
 1.0320884E+00  2.2334E+03
 1.0372489E+00  2.2097E+03
 1.0424351E+00  2.1863E+03
 1.0476473E+00  2.1631E+03
 1.0528855E+00  2.1401E+03
 1.0581499E+00  2.1175E+03
 1.0634407E+00  2.0951E+03
 1.0687579E+00  2.0729E+03
 1.0741017E+00  2.0510E+03
 1.0794722E+00  2.0293E+03
 1.0848695E+00  2.0079E+03
 1.0902939E+00  1.9867E+03
 1.0957454E+00  1.9658E+03
 1.1012241E+00  1.9451E+03
 1.1067302E+00  1.9246E+03
 1.1122639E+00  1.9044E+03
 1.1178252E+00  1.8844E+03
 1.1234143E+00  1.8646E+03
 1.1290314E+00  1.8450E+03
 1.1346765E+00  1.8257E+03
 1.1403499E+00  1.8066E+03
 1.1460517E+00  1.7877E+03
 1.1517819E+00  1.7690E+03
 1.1575408E+00  1.7505E+03
 1.1633285E+00  1.7322E+03
 1.1691452E+00  1.7141E+03
 1.1749909E+00  1.6960E+03
 1.1808659E+00  1.6779E+03
 1.1867702E+00  1.6600E+03
 1.1927040E+00  1.6424E+03
 1.1986676E+00  1.6249E+03
 1.2046609E+00  1.6076E+03
 1.2106842E+00  1.5905E+03
 1.2167376E+00  1.5736E+03
 1.2228213E+00  1.5569E+03
 1.2289354E+00  1.5404E+03
 1.2350801E+00  1.5241E+03
 1.2412555E+00  1.5080E+03
 1.2474618E+00  1.4920E+03
 1.2536991E+00  1.4762E+03
 1.2599676E+00  1.4606E+03
 1.2662674E+00  1.4452E+03
 1.2725988E+00  1.4300E+03
 1.2789618E+00  1.4149E+03
 1.2853566E+00  1.4000E+03
 1.2917833E+00  1.3853E+03
 1.2947290E+00  1.3786E+03
 1.2950709E+00  5.3057E+03
 1.2982423E+00  5.2728E+03
 1.3047335E+00  5.2064E+03
 1.3112571E+00  5.1409E+03
 1.3178134E+00  5.0762E+03
 1.3244025E+00  5.0124E+03
 1.3310245E+00  4.9493E+03
 1.3321988E+00  4.9382E+03
 1.3328011E+00  7.4311E+03
 1.3376796E+00  7.3616E+03
 1.3443680E+00  7.2679E+03
 1.3510899E+00  7.1754E+03
 1.3578453E+00  7.0840E+03
 1.3646345E+00  6.9939E+03
 1.3714577E+00  6.9049E+03
 1.3783150E+00  6.8170E+03
 1.3852066E+00  6.7303E+03
 1.3921326E+00  6.6447E+03
 1.3990933E+00  6.5603E+03
 1.4060887E+00  6.4769E+03
 1.4131192E+00  6.3945E+03
 1.4201848E+00  6.3133E+03
 1.4272857E+00  6.2331E+03
 1.4344221E+00  6.1539E+03
 1.4415942E+00  6.0757E+03
 1.4488022E+00  5.9986E+03
 1.4560462E+00  5.9224E+03
 1.4633265E+00  5.8473E+03
 1.4706431E+00  5.7731E+03
 1.4779963E+00  5.6998E+03
 1.4853863E+00  5.6275E+03
 1.4928132E+00  5.5562E+03
 1.5002773E+00  5.4857E+03
 1.5077787E+00  5.4162E+03
 1.5153176E+00  5.3475E+03
 1.5228942E+00  5.2798E+03
 1.5305086E+00  5.2129E+03
 1.5381612E+00  5.1469E+03
 1.5458520E+00  5.0817E+03
 1.5535812E+00  5.0173E+03
 1.5613491E+00  4.9538E+03
 1.5691559E+00  4.8911E+03
 1.5770017E+00  4.8292E+03
 1.5848867E+00  4.7681E+03
 1.5928111E+00  4.7078E+03
 1.6007752E+00  4.6483E+03
 1.6087790E+00  4.5895E+03
 1.6168229E+00  4.5315E+03
 1.6249070E+00  4.4743E+03
 1.6330316E+00  4.4177E+03
 1.6411967E+00  4.3619E+03
 1.6494027E+00  4.3068E+03
 1.6576497E+00  4.2525E+03
 1.6659380E+00  4.1988E+03
 1.6740015E+00  4.1474E+03
 1.6742677E+00  4.1457E+03
 1.6771986E+00  4.8383E+03
 1.6826390E+00  4.7970E+03
 1.6910522E+00  4.7340E+03
 1.6995075E+00  4.6719E+03
 1.7080050E+00  4.6105E+03
 1.7165450E+00  4.5500E+03
 1.7251278E+00  4.4903E+03
 1.7337534E+00  4.4314E+03
 1.7424222E+00  4.3732E+03
 1.7511343E+00  4.3157E+03
 1.7598899E+00  4.2596E+03
 1.7686894E+00  4.2067E+03
 1.7775328E+00  4.1547E+03
 1.7864205E+00  4.1034E+03
 1.7953526E+00  4.0530E+03
 1.8043294E+00  4.0034E+03
 1.8133510E+00  3.9545E+03
 1.8224178E+00  3.9064E+03
 1.8315299E+00  3.8590E+03
 1.8399858E+00  3.8159E+03
 1.8406875E+00  3.8123E+03
 1.8436141E+00  4.0633E+03
 1.8498909E+00  4.0289E+03
 1.8591404E+00  3.9791E+03
 1.8684361E+00  3.9301E+03
 1.8777783E+00  3.8818E+03
 1.8871672E+00  3.8341E+03
 1.8966030E+00  3.7872E+03
 1.9060860E+00  3.7410E+03
 1.9156165E+00  3.6953E+03
 1.9251945E+00  3.6503E+03
 1.9348205E+00  3.6063E+03
 1.9444946E+00  3.5640E+03
 1.9542171E+00  3.5224E+03
 1.9639882E+00  3.4813E+03
 1.9738081E+00  3.4410E+03
 1.9836772E+00  3.4012E+03
 1.9935955E+00  3.3620E+03
 2.0035635E+00  3.3234E+03
 2.0135813E+00  3.2854E+03
 2.0236492E+00  3.2479E+03
 2.0337675E+00  3.2109E+03
 2.0432385E+00  3.1770E+03
 2.0439363E+00  3.1745E+03
 2.0503613E+00  3.3012E+03
 2.0541560E+00  3.2874E+03
 2.0644268E+00  3.2506E+03
 2.0747489E+00  3.2142E+03
 2.0851227E+00  3.1784E+03
 2.0955483E+00  3.1430E+03
 2.1060260E+00  3.1081E+03
 2.1165562E+00  3.0736E+03
 2.1271389E+00  3.0396E+03
 2.1377746E+00  3.0060E+03
 2.1484635E+00  2.9728E+03
 2.1592058E+00  2.9402E+03
 2.1700018E+00  2.9080E+03
 2.1808519E+00  2.8760E+03
 2.1917561E+00  2.8438E+03
 2.2027149E+00  2.8120E+03
 2.2137285E+00  2.7806E+03
 2.2247971E+00  2.7495E+03
 2.2359211E+00  2.7189E+03
 2.2471007E+00  2.6885E+03
 2.2583362E+00  2.6586E+03
 2.2696279E+00  2.6289E+03
 2.2809760E+00  2.5997E+03
 2.2923809E+00  2.5707E+03
 2.3038428E+00  2.5421E+03
 2.3153620E+00  2.5138E+03
 2.3269388E+00  2.4859E+03
 2.3385735E+00  2.4582E+03
 2.3502664E+00  2.4309E+03
 2.3620177E+00  2.4039E+03
 2.3738278E+00  2.3771E+03
 2.3856970E+00  2.3507E+03
 2.3976254E+00  2.3245E+03
 2.4096136E+00  2.2983E+03
 2.4216616E+00  2.2724E+03
 2.4337699E+00  2.2468E+03
 2.4459388E+00  2.2215E+03
 2.4581685E+00  2.1965E+03
 2.4704593E+00  2.1717E+03
 2.4828116E+00  2.1472E+03
 2.4952257E+00  2.1230E+03
 2.5077018E+00  2.0991E+03
 2.5202403E+00  2.0754E+03
 2.5328415E+00  2.0520E+03
 2.5455057E+00  2.0289E+03
 2.5582333E+00  2.0060E+03
 2.5710244E+00  1.9833E+03
 2.5838796E+00  1.9610E+03
 2.5967990E+00  1.9386E+03
 2.6097829E+00  1.9163E+03
 2.6228319E+00  1.8943E+03
 2.6359460E+00  1.8725E+03
 2.6491257E+00  1.8510E+03
 2.6623714E+00  1.8298E+03
 2.6756832E+00  1.8085E+03
 2.6890617E+00  1.7874E+03
 2.7025070E+00  1.7665E+03
 2.7160195E+00  1.7460E+03
 2.7295996E+00  1.7256E+03
 2.7432476E+00  1.7055E+03
 2.7569638E+00  1.6856E+03
 2.7707486E+00  1.6660E+03
 2.7846024E+00  1.6466E+03
 2.7985254E+00  1.6275E+03
 2.8125180E+00  1.6086E+03
 2.8265806E+00  1.5899E+03
 2.8407135E+00  1.5714E+03
 2.8549171E+00  1.5532E+03
 2.8691917E+00  1.5351E+03
 2.8835376E+00  1.5174E+03
 2.8979553E+00  1.4997E+03
 2.9124451E+00  1.4821E+03
 2.9270073E+00  1.4647E+03
 2.9416424E+00  1.4475E+03
 2.9563506E+00  1.4306E+03
 2.9711323E+00  1.4138E+03
 2.9859880E+00  1.3973E+03
 3.0009179E+00  1.3808E+03
 3.0159225E+00  1.3633E+03
 3.0310021E+00  1.3459E+03
 3.0461571E+00  1.3288E+03
 3.0613879E+00  1.3120E+03
 3.0766949E+00  1.2953E+03
 3.0920783E+00  1.2789E+03
 3.1075387E+00  1.2627E+03
 3.1230764E+00  1.2467E+03
 3.1386918E+00  1.2310E+03
 3.1543853E+00  1.2154E+03
 3.1701572E+00  1.2001E+03
 3.1860080E+00  1.1850E+03
 3.2019380E+00  1.1701E+03
 3.2179477E+00  1.1553E+03
 3.2340374E+00  1.1408E+03
 3.2502076E+00  1.1265E+03
 3.2664587E+00  1.1124E+03
 3.2827910E+00  1.0984E+03
 3.2992049E+00  1.0847E+03
 3.3157009E+00  1.0711E+03
 3.3322794E+00  1.0577E+03
 3.3489408E+00  1.0445E+03
 3.3656856E+00  1.0312E+03
 3.3825140E+00  1.0181E+03
 3.3994265E+00  1.0051E+03
 3.4164237E+00  9.9233E+02
 3.4335058E+00  9.7972E+02
 3.4506733E+00  9.6727E+02
 3.4679267E+00  9.5500E+02
 3.4852663E+00  9.4288E+02
 3.5026927E+00  9.3094E+02
 3.5202061E+00  9.1915E+02
 3.5378072E+00  9.0752E+02
 3.5554962E+00  8.9605E+02
 3.5732737E+00  8.8473E+02
 3.5911400E+00  8.7357E+02
 3.6090957E+00  8.6255E+02
 3.6271412E+00  8.5169E+02
 3.6452769E+00  8.4097E+02
 3.6635033E+00  8.3039E+02
 3.6818208E+00  8.1995E+02
 3.7002299E+00  8.0952E+02
 3.7187311E+00  7.9921E+02
 3.7373247E+00  7.8904E+02
 3.7560114E+00  7.7900E+02
 3.7747914E+00  7.6910E+02
 3.7936654E+00  7.5933E+02
 3.8126337E+00  7.4970E+02
 3.8316969E+00  7.4019E+02
 3.8508554E+00  7.3081E+02
 3.8701096E+00  7.2156E+02
 3.8894602E+00  7.1243E+02
 3.9089075E+00  7.0342E+02
 3.9284520E+00  6.9453E+02
 3.9480943E+00  6.8576E+02
 3.9678347E+00  6.7711E+02
 3.9876739E+00  6.6858E+02
 4.055024E+00  6.4075E+02
 4.334821E+00  5.4085E+02
 4.633924E+00  4.5716E+02
 4.953664E+00  3.8702E+02
 5.295467E+00  3.2814E+02
 5.660855E+00  2.7841E+02
 6.051453E+00  2.3532E+02
 6.469004E+00  1.9913E+02
 6.915365E+00  1.6882E+02
 7.392525E+00  1.4324E+02
 7.634298E+00  1.3220E+02
 7.751150E+00  1.2731E+02
 7.782310E+00  1.2605E+02
 7.829051E+00  3.5032E+02
 7.902609E+00  3.4028E+02
 7.945902E+00  3.3455E+02
 8.408988E+00  2.8355E+02
 8.447890E+00  2.8009E+02
 8.537697E+00  2.7238E+02
 8.572019E+00  2.6952E+02
 8.623503E+00  3.6804E+02
 8.752212E+00  3.5249E+02
 8.864884E+00  3.3963E+02
 9.000571E+00  3.2617E+02
 9.030794E+00  3.2332E+02
 9.036754E+00  3.2275E+02
 9.091029E+00  3.6697E+02
 9.226716E+00  3.5386E+02
 9.653919E+00  3.1648E+02
 1.032004E+01  2.6633E+02
 1.103212E+01  2.2228E+02
 1.179334E+01  1.8624E+02
 1.260708E+01  1.5621E+02
 1.347697E+01  1.3114E+02
 1.440688E+01  1.1021E+02
 1.540095E+01  9.2703E+01
 1.646362E+01  7.7811E+01
 1.759961E+01  6.5291E+01
 1.881398E+01  5.4698E+01
 2.011215E+01  4.5828E+01
 2.149988E+01  3.8442E+01
 2.298338E+01  3.2285E+01
 2.456923E+01  2.7147E+01
 2.626450E+01  2.2855E+01
 2.807676E+01  1.9122E+01
 3.001405E+01  1.5980E+01
 3.208502E+01  1.3373E+01
 3.429889E+01  1.1201E+01
 3.666551E+01  9.3779E+00
 3.919543E+01  7.8549E+00
 4.189992E+01  6.5608E+00
 4.479101E+01  5.4880E+00
 4.788159E+01  4.5972E+00
 5.118542E+01  3.8584E+00
 5.271273E+01  3.5741E+00
 5.351956E+01  3.4361E+00
 5.373471E+01  3.4006E+00
 5.405744E+01  1.6382E+01
 5.471721E+01  1.5891E+01
 5.486427E+01  1.5785E+01
 5.849270E+01  1.3417E+01
 6.252870E+01  1.1296E+01
 6.684318E+01  9.5056E+00
 7.145536E+01  7.9986E+00
 7.638578E+01  6.7286E+00
 8.165640E+01  5.6561E+00
 8.729069E+01  4.7441E+00
 9.331374E+01  3.9827E+00
 9.975239E+01  3.3469E+00
 1.066353E+02  2.8158E+00
 1.139931E+02  2.3641E+00
 1.218587E+02  1.9868E+00
 1.302669E+02  1.6726E+00
 1.392553E+02  1.4107E+00
 1.488640E+02  1.1926E+00
 1.591356E+02  1.0105E+00
 1.701159E+02  8.5857E-01
 1.818539E+02  7.3169E-01
 1.944018E+02  6.2565E-01
 2.078156E+02  5.3693E-01
 2.221548E+02  4.6263E-01
 2.374835E+02  4.0073E-01
 2.538699E+02  3.4952E-01
 2.713869E+02  3.0625E-01
 2.901126E+02  2.6963E-01
 3.101304E+02  2.3858E-01
 3.315294E+02  2.1218E-01
 3.544049E+02  1.8968E-01
 3.788588E+02  1.7044E-01
 4.050001E+02  1.5395E-01
 4.329451E+02  1.3975E-01