 # Material data file: Pt                  
 # 
 # PENELOPE >>>  Photon mass attenuation coefficients (mac).
 # 
 #   Energy       mac_Ra       mac_Co       mac_ph       mac_pp       mac_tot
 #    (eV)       (cm**2/g)    (cm**2/g)    (cm**2/g)    (cm**2/g)    (cm**2/g)
 #------------------------------------------------------------------------------
   5.00000E+01  3.05569E+00  2.08037E-03  4.33611E+04  1.00000E-35  4.33641E+04
   5.24404E+01  1.17440E+00  2.08213E-03  3.77653E+04  1.00000E-35  3.77664E+04
   5.50000E+01  9.29307E-01  2.08391E-03  3.27248E+04  1.00000E-35  3.27257E+04
   5.70000E+01  7.43626E-01  2.08534E-03  2.93077E+04  1.00000E-35  2.93085E+04
   5.70000E+01  7.43626E-01  2.08534E-03  3.78171E+04  1.00000E-35  3.78179E+04
   5.77356E+01  7.51237E-01  2.08585E-03  3.66944E+04  1.00000E-35  3.66951E+04
   5.84808E+01  8.31502E-01  2.08636E-03  3.55179E+04  1.00000E-35  3.55187E+04
   6.00000E+01  8.77226E-01  2.08743E-03  3.31060E+04  1.00000E-35  3.31069E+04
   6.11673E+01  9.37867E-01  2.08827E-03  3.12896E+04  1.00000E-35  3.12906E+04
   6.23574E+01  1.84793E+00  2.08911E-03  2.95113E+04  1.00000E-35  2.95132E+04
   6.48074E+01  1.84349E+00  2.09081E-03  2.61521E+04  1.00000E-35  2.61540E+04
   6.73537E+01  1.16382E+00  2.09263E-03  2.30412E+04  1.00000E-35  2.30423E+04
   7.00000E+01  9.87182E-01  2.09445E-03  2.02127E+04  1.00000E-35  2.02137E+04
   7.10000E+01  9.11097E-01  2.09517E-03  1.92384E+04  1.00000E-35  1.92393E+04
   7.10000E+01  9.11097E-01  2.09517E-03  2.25903E+04  1.00000E-35  2.25912E+04
   7.19795E+01  8.43664E-01  2.09587E-03  2.18331E+04  1.00000E-35  2.18339E+04
   7.29726E+01  9.03913E-01  2.09658E-03  2.10427E+04  1.00000E-35  2.10436E+04
   7.50000E+01  1.13999E+00  2.09799E-03  1.94319E+04  1.00000E-35  1.94331E+04
   7.50000E+01  1.13999E+00  2.09799E-03  2.01603E+04  1.00000E-35  2.01615E+04
   7.64853E+01  1.21487E+00  2.09901E-03  1.91118E+04  1.00000E-35  1.91130E+04
   7.80000E+01  1.09952E+00  2.10011E-03  1.80555E+04  1.00000E-35  1.80566E+04
   7.80000E+01  1.09952E+00  2.10011E-03  1.85148E+04  1.00000E-35  1.85159E+04
   8.00000E+01  1.01619E+00  2.10152E-03  1.72834E+04  1.00000E-35  1.72844E+04
   8.23907E+01  9.63894E-01  2.10317E-03  1.58605E+04  1.00000E-35  1.58615E+04
   8.48528E+01  9.45193E-01  2.10493E-03  1.45075E+04  1.00000E-35  1.45084E+04
   9.00000E+01  9.12133E-01  2.10851E-03  1.20467E+04  1.00000E-35  1.20476E+04
   9.48683E+01  8.66664E-01  2.11198E-03  1.01653E+04  1.00000E-35  1.01661E+04
   9.74004E+01  8.41650E-01  2.11373E-03  9.34997E+03  1.00000E-35  9.35081E+03
   1.00000E+02  8.14918E-01  2.11558E-03  8.61782E+03  1.00000E-35  8.61864E+03
   1.02956E+02  7.82739E-01  2.11767E-03  7.89651E+03  1.00000E-35  7.89730E+03
   1.06000E+02  7.46995E-01  2.11978E-03  7.27692E+03  1.00000E-35  7.27767E+03
   1.06000E+02  7.46995E-01  2.11978E-03  7.47832E+03  1.00000E-35  7.47906E+03
   1.07981E+02  7.31774E-01  2.12118E-03  7.12775E+03  1.00000E-35  7.12849E+03
   1.10000E+02  7.17717E-01  2.12265E-03  6.82004E+03  1.00000E-35  6.82076E+03
   1.11772E+02  7.01420E-01  2.12391E-03  6.58657E+03  1.00000E-35  6.58727E+03
   1.13572E+02  6.82407E-01  2.12518E-03  6.38490E+03  1.00000E-35  6.38558E+03
   1.15402E+02  6.62425E-01  2.12645E-03  6.21523E+03  1.00000E-35  6.21590E+03
   1.17260E+02  6.43014E-01  2.12778E-03  6.07524E+03  1.00000E-35  6.07588E+03
   1.19149E+02  6.23814E-01  2.12919E-03  5.96482E+03  1.00000E-35  5.96544E+03
   1.21068E+02  6.04198E-01  2.13060E-03  5.88344E+03  1.00000E-35  5.88405E+03
   1.23018E+02  5.85006E-01  2.13201E-03  5.83069E+03  1.00000E-35  5.83127E+03
   1.25000E+02  5.65483E-01  2.13343E-03  5.80482E+03  1.00000E-35  5.80538E+03
   1.26783E+02  5.48566E-01  2.13469E-03  5.80479E+03  1.00000E-35  5.80534E+03
   1.28592E+02  5.32155E-01  2.13613E-03  5.82291E+03  1.00000E-35  5.82344E+03
   1.30427E+02  5.16175E-01  2.13757E-03  5.86085E+03  1.00000E-35  5.86136E+03
   1.32288E+02  5.00371E-01  2.13901E-03  5.91669E+03  1.00000E-35  5.91719E+03
   1.34175E+02  4.85021E-01  2.14045E-03  5.99065E+03  1.00000E-35  5.99114E+03
   1.36089E+02  4.70151E-01  2.14189E-03  6.08225E+03  1.00000E-35  6.08272E+03
   1.38031E+02  4.55725E-01  2.14338E-03  6.19159E+03  1.00000E-35  6.19205E+03
   1.40000E+02  4.41753E-01  2.14515E-03  6.31559E+03  1.00000E-35  6.31604E+03
   1.42436E+02  4.25554E-01  2.14732E-03  6.49115E+03  1.00000E-35  6.49158E+03
   1.44914E+02  4.10960E-01  2.14948E-03  6.68881E+03  1.00000E-35  6.68923E+03
   1.50000E+02  3.84354E-01  2.15383E-03  7.14770E+03  1.00000E-35  7.14808E+03
   1.52918E+02  3.72462E-01  2.15698E-03  7.44121E+03  1.00000E-35  7.44158E+03
   1.55893E+02  3.62502E-01  2.16014E-03  7.76405E+03  1.00000E-35  7.76441E+03
   1.62019E+02  3.49683E-01  2.16646E-03  8.46875E+03  1.00000E-35  8.46910E+03
   1.68384E+02  3.48359E-01  2.17475E-03  9.25094E+03  1.00000E-35  9.25129E+03
   1.75000E+02  3.59491E-01  2.18352E-03  1.00824E+04  1.00000E-35  1.00827E+04
   1.80941E+02  3.80374E-01  2.19289E-03  1.08216E+04  1.00000E-35  1.08220E+04
   1.87083E+02  4.12992E-01  2.20365E-03  1.15551E+04  1.00000E-35  1.15555E+04
   1.93434E+02  4.58539E-01  2.21462E-03  1.22637E+04  1.00000E-35  1.22641E+04
   2.00000E+02  5.15472E-01  2.22989E-03  1.29288E+04  1.00000E-35  1.29293E+04
   2.04823E+02  5.62941E-01  2.24085E-03  1.33670E+04  1.00000E-35  1.33676E+04
   2.09762E+02  6.15757E-01  2.25187E-03  1.37852E+04  1.00000E-35  1.37858E+04
   2.14820E+02  6.73538E-01  2.26656E-03  1.41671E+04  1.00000E-35  1.41678E+04
   2.20000E+02  7.36616E-01  2.28172E-03  1.45202E+04  1.00000E-35  1.45210E+04
   2.27144E+02  8.28598E-01  2.30220E-03  1.49424E+04  1.00000E-35  1.49433E+04
   2.34521E+02  9.28192E-01  2.32786E-03  1.53038E+04  1.00000E-35  1.53047E+04
   2.42137E+02  1.03565E+00  2.35524E-03  1.56088E+04  1.00000E-35  1.56098E+04
   2.50000E+02  1.15013E+00  2.38393E-03  1.58459E+04  1.00000E-35  1.58471E+04
   2.55763E+02  1.23507E+00  2.40917E-03  1.59749E+04  1.00000E-35  1.59761E+04
   2.61659E+02  1.32382E+00  2.43468E-03  1.60673E+04  1.00000E-35  1.60686E+04
   2.67691E+02  1.41343E+00  2.46046E-03  1.61225E+04  1.00000E-35  1.61239E+04
   2.73861E+02  1.50401E+00  2.48918E-03  1.61399E+04  1.00000E-35  1.61415E+04
   2.80174E+02  1.59685E+00  2.52110E-03  1.61203E+04  1.00000E-35  1.61219E+04
   2.86633E+02  1.68596E+00  2.55344E-03  1.60648E+04  1.00000E-35  1.60665E+04
   2.93240E+02  1.77527E+00  2.58619E-03  1.59752E+04  1.00000E-35  1.59770E+04
   3.00000E+02  1.85923E+00  2.62380E-03  1.58536E+04  1.00000E-35  1.58555E+04
   3.08869E+02  1.95861E+00  2.67432E-03  1.56571E+04  1.00000E-35  1.56591E+04
   3.18000E+02  2.16956E+00  2.72581E-03  1.54230E+04  1.00000E-35  1.54252E+04
   3.18000E+02  2.16956E+00  2.72581E-03  1.60504E+04  1.00000E-35  1.60526E+04
   3.35000E+02  2.47405E+00  2.83222E-03  1.54373E+04  1.00000E-35  1.54398E+04
   3.35000E+02  2.47405E+00  2.83222E-03  1.59215E+04  1.00000E-35  1.59240E+04
   3.42418E+02  2.57291E+00  2.87920E-03  1.55858E+04  1.00000E-35  1.55884E+04
   3.50000E+02  2.66335E+00  2.92778E-03  1.52879E+04  1.00000E-35  1.52906E+04
   3.74166E+02  2.94682E+00  3.09849E-03  1.44835E+04  1.00000E-35  1.44865E+04
   4.00000E+02  3.23021E+00  3.29542E-03  1.36812E+04  1.00000E-35  1.36845E+04
   4.24264E+02  3.47109E+00  3.49194E-03  1.29306E+04  1.00000E-35  1.29341E+04
   4.50000E+02  3.69056E+00  3.71103E-03  1.21651E+04  1.00000E-35  1.21688E+04
   4.74342E+02  3.86256E+00  3.93419E-03  1.14773E+04  1.00000E-35  1.14811E+04
   5.00000E+02  4.01933E+00  4.17613E-03  1.07845E+04  1.00000E-35  1.07885E+04
   5.22000E+02  4.28037E+00  4.39150E-03  1.02126E+04  1.00000E-35  1.02169E+04
   5.22000E+02  4.28037E+00  4.39150E-03  1.07533E+04  1.00000E-35  1.07576E+04
   5.25421E+02  4.33298E+00  4.42513E-03  1.07157E+04  1.00000E-35  1.07200E+04
   5.28863E+02  4.37365E+00  4.45900E-03  1.06561E+04  1.00000E-35  1.06605E+04
   5.35817E+02  4.44924E+00  4.52823E-03  1.05148E+04  1.00000E-35  1.05192E+04
   5.50000E+02  4.57096E+00  4.67142E-03  1.01910E+04  1.00000E-35  1.01956E+04
   5.74456E+02  4.74029E+00  4.91998E-03  9.60721E+03  1.00000E-35  9.61196E+03
   6.00000E+02  4.89279E+00  5.18062E-03  9.03383E+03  1.00000E-35  9.03873E+03
   6.12000E+02  4.98047E+00  5.30366E-03  8.77699E+03  1.00000E-35  8.78198E+03
   6.12000E+02  4.98047E+00  5.30366E-03  8.89473E+03  1.00000E-35  8.89971E+03
   6.32904E+02  5.11336E+00  5.51867E-03  8.48215E+03  1.00000E-35  8.48727E+03
   6.54523E+02  5.21936E+00  5.73939E-03  8.06905E+03  1.00000E-35  8.07427E+03
   7.00000E+02  5.38082E+00  6.20484E-03  7.27139E+03  1.00000E-35  7.27678E+03
   7.27000E+02  5.52819E+00  6.47965E-03  6.84224E+03  1.00000E-35  6.84777E+03
   7.27000E+02  5.52819E+00  6.47965E-03  7.03703E+03  1.00000E-35  7.04256E+03
   7.44600E+02  5.61383E+00  6.65959E-03  6.74237E+03  1.00000E-35  6.74799E+03
   7.62627E+02  5.68175E+00  6.84057E-03  6.48062E+03  1.00000E-35  6.48631E+03
   8.00000E+02  5.78870E+00  7.21644E-03  5.98738E+03  1.00000E-35  5.99318E+03
   8.48528E+02  5.89087E+00  7.69711E-03  5.41428E+03  1.00000E-35  5.42018E+03
   9.00000E+02  5.96994E+00  8.20084E-03  4.88482E+03  1.00000E-35  4.89080E+03
   1.00000E+03  6.06166E+00  9.14979E-03  4.03540E+03  1.00000E-35  4.04147E+03
   1.10000E+03  6.08062E+00  1.00624E-02  3.37562E+03  1.00000E-35  3.38171E+03
   1.17260E+03  6.05751E+00  1.07020E-02  2.98534E+03  1.00000E-35  2.99141E+03
   1.25000E+03  5.99734E+00  1.13653E-02  2.63485E+03  1.00000E-35  2.64086E+03
   1.40000E+03  5.79514E+00  1.25880E-02  2.10156E+03  1.00000E-35  2.10736E+03
   1.50000E+03  5.61752E+00  1.33682E-02  1.82584E+03  1.00000E-35  1.83147E+03
   1.62019E+03  5.35587E+00  1.42705E-02  1.55684E+03  1.00000E-35  1.56221E+03
   1.75000E+03  4.96457E+00  1.52071E-02  1.32434E+03  1.00000E-35  1.32932E+03
   2.00000E+03  3.69017E+00  1.69182E-02  9.95509E+02  1.00000E-35  9.99216E+02
   2.12600E+03  2.29065E+00  1.77460E-02  8.71448E+02  1.00000E-35  8.73756E+02
   2.12600E+03  2.29065E+00  1.77460E-02  9.04118E+02  1.00000E-35  9.06426E+02
   2.12827E+03  2.29442E+00  1.77607E-02  9.06702E+02  1.00000E-35  9.09014E+02
   2.13055E+03  2.33258E+00  1.77754E-02  9.15160E+02  1.00000E-35  9.17510E+02
   2.13169E+03  2.35188E+00  1.77828E-02  9.22529E+02  1.00000E-35  9.24898E+02
   2.13283E+03  2.37133E+00  1.77902E-02  9.32574E+02  1.00000E-35  9.34963E+02
   2.13397E+03  2.39093E+00  1.77976E-02  9.45805E+02  1.00000E-35  9.48213E+02
   2.13511E+03  2.41068E+00  1.78049E-02  9.62635E+02  1.00000E-35  9.65064E+02
   2.13625E+03  2.43059E+00  1.78123E-02  9.83580E+02  1.00000E-35  9.86029E+02
   2.13740E+03  2.45082E+00  1.78197E-02  1.00921E+03  1.00000E-35  1.01168E+03
   2.13854E+03  2.47104E+00  1.78271E-02  1.03954E+03  1.00000E-35  1.04203E+03
   2.13968E+03  2.49141E+00  1.78345E-02  1.07519E+03  1.00000E-35  1.07770E+03
   2.14083E+03  2.51212E+00  1.78419E-02  1.11573E+03  1.00000E-35  1.11826E+03
   2.14197E+03  2.53281E+00  1.78493E-02  1.16101E+03  1.00000E-35  1.16356E+03
   2.14426E+03  2.57484E+00  1.78641E-02  1.26332E+03  1.00000E-35  1.26591E+03
   2.14656E+03  2.61772E+00  1.78790E-02  1.37535E+03  1.00000E-35  1.37799E+03
   2.14771E+03  2.63941E+00  1.78864E-02  1.43233E+03  1.00000E-35  1.43499E+03
   2.14885E+03  2.66148E+00  1.78938E-02  1.48854E+03  1.00000E-35  1.49122E+03
   2.15000E+03  2.68398E+00  1.79012E-02  1.54270E+03  1.00000E-35  1.54540E+03
   2.15115E+03  2.70664E+00  1.79086E-02  1.59520E+03  1.00000E-35  1.59792E+03
   2.15230E+03  2.72949E+00  1.79160E-02  1.64417E+03  1.00000E-35  1.64692E+03
   2.15345E+03  2.75252E+00  1.79235E-02  1.69041E+03  1.00000E-35  1.69318E+03
   2.15461E+03  2.77594E+00  1.79309E-02  1.73295E+03  1.00000E-35  1.73574E+03
   2.15576E+03  2.79933E+00  1.79384E-02  1.77239E+03  1.00000E-35  1.77520E+03
   2.15691E+03  2.82291E+00  1.79458E-02  1.80850E+03  1.00000E-35  1.81134E+03
   2.15806E+03  2.84668E+00  1.79532E-02  1.84160E+03  1.00000E-35  1.84447E+03
   2.16037E+03  2.89499E+00  1.79681E-02  1.89980E+03  1.00000E-35  1.90271E+03
   2.16268E+03  2.94406E+00  1.79830E-02  1.94921E+03  1.00000E-35  1.95218E+03
   2.16500E+03  2.99413E+00  1.79980E-02  1.99174E+03  1.00000E-35  1.99475E+03
   2.16731E+03  3.04477E+00  1.80129E-02  2.02848E+03  1.00000E-35  2.03154E+03
   2.17195E+03  3.11319E+00  1.80428E-02  2.09117E+03  1.00000E-35  2.09430E+03
   2.17660E+03  3.17981E+00  1.80728E-02  2.14188E+03  1.00000E-35  2.14508E+03
   2.18126E+03  3.24786E+00  1.81028E-02  2.18284E+03  1.00000E-35  2.18610E+03
   2.18593E+03  3.31736E+00  1.81328E-02  2.21383E+03  1.00000E-35  2.21717E+03
   2.19061E+03  3.38267E+00  1.81629E-02  2.23838E+03  1.00000E-35  2.24178E+03
   2.19530E+03  3.44555E+00  1.81931E-02  2.25335E+03  1.00000E-35  2.25682E+03
   2.20000E+03  3.50960E+00  1.82233E-02  2.26259E+03  1.00000E-35  2.26612E+03
   2.20600E+03  3.59288E+00  1.82618E-02  2.26681E+03  1.00000E-35  2.27042E+03
   2.20600E+03  3.59288E+00  1.82618E-02  2.29517E+03  1.00000E-35  2.29879E+03
   2.21032E+03  3.65929E+00  1.82896E-02  2.30016E+03  1.00000E-35  2.30384E+03
   2.21248E+03  3.69523E+00  1.83034E-02  2.30841E+03  1.00000E-35  2.31213E+03
   2.21464E+03  3.73149E+00  1.83173E-02  2.32349E+03  1.00000E-35  2.32724E+03
   2.21681E+03  3.76825E+00  1.83312E-02  2.34652E+03  1.00000E-35  2.35031E+03
   2.21898E+03  3.80532E+00  1.83451E-02  2.38015E+03  1.00000E-35  2.38397E+03
   2.22115E+03  3.84273E+00  1.83591E-02  2.42547E+03  1.00000E-35  2.42934E+03
   2.22332E+03  3.88046E+00  1.83730E-02  2.48137E+03  1.00000E-35  2.48527E+03
   2.22767E+03  3.95711E+00  1.84008E-02  2.61148E+03  1.00000E-35  2.61546E+03
   2.22985E+03  3.99504E+00  1.84148E-02  2.67651E+03  1.00000E-35  2.68053E+03
   2.23203E+03  4.03273E+00  1.84288E-02  2.73631E+03  1.00000E-35  2.74036E+03
   2.23421E+03  4.07075E+00  1.84427E-02  2.78860E+03  1.00000E-35  2.79269E+03
   2.23639E+03  4.10908E+00  1.84567E-02  2.83287E+03  1.00000E-35  2.83700E+03
   2.23858E+03  4.14792E+00  1.84707E-02  2.87043E+03  1.00000E-35  2.87460E+03
   2.24077E+03  4.18709E+00  1.84845E-02  2.90200E+03  1.00000E-35  2.90621E+03
   2.24515E+03  4.26641E+00  1.85121E-02  2.95163E+03  1.00000E-35  2.95592E+03
   2.24955E+03  4.34508E+00  1.85398E-02  2.98881E+03  1.00000E-35  2.99317E+03
   2.25836E+03  4.46830E+00  1.85952E-02  3.04075E+03  1.00000E-35  3.04523E+03
   2.26721E+03  4.59510E+00  1.86508E-02  3.07071E+03  1.00000E-35  3.07533E+03
   2.27609E+03  4.69960E+00  1.87066E-02  3.07952E+03  1.00000E-35  3.08423E+03
   2.28500E+03  4.79521E+00  1.87625E-02  3.07372E+03  1.00000E-35  3.07853E+03
   2.29396E+03  4.88545E+00  1.88186E-02  3.05699E+03  1.00000E-35  3.06190E+03
   2.31196E+03  5.04142E+00  1.89313E-02  3.01193E+03  1.00000E-35  3.01699E+03
   2.34840E+03  5.32001E+00  1.91587E-02  2.91736E+03  1.00000E-35  2.92270E+03
   2.38542E+03  5.58841E+00  1.93889E-02  2.81644E+03  1.00000E-35  2.82205E+03
   2.42302E+03  5.86004E+00  1.96218E-02  2.71197E+03  1.00000E-35  2.71785E+03
   2.50000E+03  6.33159E+00  2.00902E-02  2.51275E+03  1.00000E-35  2.51910E+03
   2.64900E+03  6.71363E+00  2.09844E-02  2.17335E+03  1.00000E-35  2.18009E+03
   2.64900E+03  6.71363E+00  2.09844E-02  2.38094E+03  1.00000E-35  2.38768E+03
   2.65158E+03  6.73704E+00  2.09997E-02  2.42160E+03  1.00000E-35  2.42836E+03
   2.65416E+03  6.76050E+00  2.10148E-02  2.44492E+03  1.00000E-35  2.45170E+03
   2.65674E+03  6.78669E+00  2.10300E-02  2.46014E+03  1.00000E-35  2.46695E+03
   2.65932E+03  6.81353E+00  2.10451E-02  2.47044E+03  1.00000E-35  2.47727E+03
   2.66450E+03  6.86765E+00  2.10755E-02  2.48145E+03  1.00000E-35  2.48834E+03
   2.66968E+03  6.92209E+00  2.11059E-02  2.48344E+03  1.00000E-35  2.49038E+03
   2.68008E+03  7.03048E+00  2.11668E-02  2.46992E+03  1.00000E-35  2.47697E+03
   2.69052E+03  7.12049E+00  2.12279E-02  2.44560E+03  1.00000E-35  2.45274E+03
   2.71153E+03  7.28131E+00  2.13506E-02  2.39550E+03  1.00000E-35  2.40280E+03
   2.73270E+03  7.39817E+00  2.14741E-02  2.35142E+03  1.00000E-35  2.35884E+03
   2.81904E+03  7.64952E+00  2.19750E-02  2.18120E+03  1.00000E-35  2.18888E+03
   3.00000E+03  7.73836E+00  2.30026E-02  1.87709E+03  1.00000E-35  1.88485E+03
   3.03000E+03  7.79203E+00  2.31705E-02  1.83174E+03  1.00000E-35  1.83956E+03
   3.03000E+03  7.79203E+00  2.31705E-02  1.89078E+03  1.00000E-35  1.89859E+03
   3.03202E+03  7.79749E+00  2.31817E-02  1.90081E+03  1.00000E-35  1.90864E+03
   3.03404E+03  7.80296E+00  2.31930E-02  1.90703E+03  1.00000E-35  1.91486E+03
   3.03809E+03  7.81391E+00  2.32156E-02  1.91377E+03  1.00000E-35  1.92161E+03
   3.04621E+03  7.83588E+00  2.32610E-02  1.91577E+03  1.00000E-35  1.92362E+03
   3.05434E+03  7.86059E+00  2.33063E-02  1.90959E+03  1.00000E-35  1.91748E+03
   3.06250E+03  7.88611E+00  2.33518E-02  1.89896E+03  1.00000E-35  1.90687E+03
   3.09535E+03  7.98035E+00  2.35345E-02  1.84953E+03  1.00000E-35  1.85753E+03
   3.16212E+03  8.06739E+00  2.39027E-02  1.75854E+03  1.00000E-35  1.76663E+03
   3.30000E+03  8.14526E+00  2.46500E-02  1.58838E+03  1.00000E-35  1.59655E+03
   3.30000E+03  8.14526E+00  2.46500E-02  1.67229E+03  1.00000E-35  1.68046E+03
   3.31216E+03  8.17036E+00  2.47154E-02  1.64805E+03  1.00000E-35  1.65624E+03
   3.32436E+03  8.19519E+00  2.47811E-02  1.63088E+03  1.00000E-35  1.63910E+03
   3.34890E+03  8.24082E+00  2.49129E-02  1.60312E+03  1.00000E-35  1.61138E+03
   3.39853E+03  8.29950E+00  2.51786E-02  1.54940E+03  1.00000E-35  1.55772E+03
   3.50000E+03  8.34543E+00  2.57142E-02  1.44596E+03  1.00000E-35  1.45433E+03
   4.00000E+03  8.19250E+00  2.82754E-02  1.05107E+03  1.00000E-35  1.05929E+03
   4.50000E+03  7.83294E+00  3.07136E-02  7.89636E+02  1.00000E-35  7.97500E+02
   5.00000E+03  7.40206E+00  3.30443E-02  6.09459E+02  1.00000E-35  6.16894E+02
   5.50000E+03  6.96928E+00  3.52739E-02  4.81067E+02  1.00000E-35  4.88072E+02
   6.00000E+03  6.54837E+00  3.74082E-02  3.86972E+02  1.00000E-35  3.93558E+02
   7.00000E+03  5.76329E+00  4.14074E-02  2.62222E+02  1.00000E-35  2.68026E+02
   8.00000E+03  5.06856E+00  4.50557E-02  1.86567E+02  1.00000E-35  1.91681E+02
   9.00000E+03  4.43968E+00  4.83501E-02  1.37860E+02  1.00000E-35  1.42348E+02
   1.00000E+04  3.84564E+00  5.13743E-02  1.04996E+02  1.00000E-35  1.08893E+02
   1.10000E+04  3.18461E+00  5.41710E-02  8.19632E+01  1.00000E-35  8.52020E+01
   1.15670E+04  2.59509E+00  5.56605E-02  7.18332E+01  1.00000E-35  7.44840E+01
   1.15670E+04  2.59509E+00  5.56605E-02  1.33720E+02  1.00000E-35  1.36371E+02
   1.15740E+04  2.59324E+00  5.56786E-02  1.65563E+02  1.00000E-35  1.68212E+02
   1.15810E+04  2.59138E+00  5.56966E-02  1.78854E+02  1.00000E-35  1.81501E+02
   1.15880E+04  2.58976E+00  5.57146E-02  1.85239E+02  1.00000E-35  1.87885E+02
   1.15951E+04  2.59585E+00  5.57329E-02  1.87440E+02  1.00000E-35  1.90092E+02
   1.16021E+04  2.60188E+00  5.57509E-02  1.87334E+02  1.00000E-35  1.89992E+02
   1.16091E+04  2.60791E+00  5.57689E-02  1.86282E+02  1.00000E-35  1.88945E+02
   1.16232E+04  2.62009E+00  5.58052E-02  1.84068E+02  1.00000E-35  1.86744E+02
   1.16373E+04  2.63231E+00  5.58414E-02  1.82917E+02  1.00000E-35  1.85605E+02
   1.16514E+04  2.64458E+00  5.58776E-02  1.82501E+02  1.00000E-35  1.85201E+02
   1.16797E+04  2.66932E+00  5.59502E-02  1.81679E+02  1.00000E-35  1.84404E+02
   1.17935E+04  2.79642E+00  5.62414E-02  1.76869E+02  1.00000E-35  1.79722E+02
   1.20245E+04  2.94204E+00  5.68286E-02  1.67998E+02  1.00000E-35  1.70997E+02
   1.25000E+04  2.93907E+00  5.79905E-02  1.51460E+02  1.00000E-35  1.54457E+02
   1.32770E+04  2.62846E+00  5.98246E-02  1.28706E+02  1.00000E-35  1.31394E+02
   1.32770E+04  2.62846E+00  5.98246E-02  1.52476E+02  1.00000E-35  1.55164E+02
   1.32863E+04  2.62599E+00  5.98455E-02  1.70481E+02  1.00000E-35  1.73167E+02
   1.32955E+04  2.62355E+00  5.98663E-02  1.76631E+02  1.00000E-35  1.79314E+02
   1.33048E+04  2.62122E+00  5.98872E-02  1.78250E+02  1.00000E-35  1.80931E+02
   1.33141E+04  2.62309E+00  5.99082E-02  1.78014E+02  1.00000E-35  1.80697E+02
   1.33327E+04  2.62684E+00  5.99501E-02  1.76523E+02  1.00000E-35  1.79210E+02
   1.33513E+04  2.63058E+00  5.99920E-02  1.75686E+02  1.00000E-35  1.78377E+02
   1.34260E+04  2.64562E+00  6.01598E-02  1.73218E+02  1.00000E-35  1.75924E+02
   1.35766E+04  2.68998E+00  6.04967E-02  1.68232E+02  1.00000E-35  1.70983E+02
   1.38830E+04  2.73984E+00  6.11765E-02  1.58633E+02  1.00000E-35  1.61434E+02
   1.38830E+04  2.73984E+00  6.11765E-02  1.87551E+02  1.00000E-35  1.90352E+02
   1.38903E+04  2.74151E+00  6.11926E-02  1.85147E+02  1.00000E-35  1.87950E+02
   1.38976E+04  2.74317E+00  6.12087E-02  1.83722E+02  1.00000E-35  1.86526E+02
   1.39049E+04  2.74484E+00  6.12248E-02  1.82880E+02  1.00000E-35  1.85686E+02
   1.39122E+04  2.74651E+00  6.12409E-02  1.82457E+02  1.00000E-35  1.85265E+02
   1.39414E+04  2.75399E+00  6.13052E-02  1.81823E+02  1.00000E-35  1.84638E+02
   1.40000E+04  2.77228E+00  6.14341E-02  1.80039E+02  1.00000E-35  1.82873E+02
   1.50000E+04  2.84532E+00  6.35450E-02  1.51176E+02  1.00000E-35  1.54085E+02
   1.75000E+04  2.53398E+00  6.82911E-02  1.01760E+02  1.00000E-35  1.04362E+02
   2.00000E+04  2.19073E+00  7.24128E-02  7.18869E+01  1.00000E-35  7.41501E+01
   2.20000E+04  1.95124E+00  7.53406E-02  5.59752E+01  1.00000E-35  5.80018E+01
   2.50000E+04  1.65492E+00  7.91919E-02  3.99172E+01  1.00000E-35  4.16513E+01
   3.00000E+04  1.28443E+00  8.44383E-02  2.45334E+01  1.00000E-35  2.59023E+01
   3.50000E+04  1.02411E+00  8.84751E-02  1.61964E+01  1.00000E-35  1.73090E+01
   4.00000E+04  8.30085E-01  9.16111E-02  1.12765E+01  1.00000E-35  1.21981E+01
   4.50000E+04  6.81861E-01  9.39931E-02  8.18027E+00  1.00000E-35  8.95613E+00
   5.00000E+04  5.71015E-01  9.58339E-02  6.13148E+00  1.00000E-35  6.79833E+00
   5.50000E+04  4.83954E-01  9.72406E-02  4.71995E+00  1.00000E-35  5.30114E+00
   6.00000E+04  4.13665E-01  9.82975E-02  3.71475E+00  1.00000E-35  4.22672E+00
   7.00000E+04  3.06188E-01  9.96175E-02  2.42720E+00  1.00000E-35  2.83301E+00
   7.83990E+04  2.16057E-01  1.00157E-01  1.77325E+00  1.00000E-35  2.08946E+00
   7.83990E+04  2.16057E-01  1.00157E-01  9.60613E+00  1.00000E-35  9.92234E+00
   7.84485E+04  2.15760E-01  1.00158E-01  8.61082E+00  1.00000E-35  8.92673E+00
   7.84981E+04  2.15463E-01  1.00159E-01  8.67892E+00  1.00000E-35  8.99454E+00
   7.85974E+04  2.14870E-01  1.00162E-01  8.65632E+00  1.00000E-35  8.97135E+00
   7.87962E+04  2.14675E-01  1.00166E-01  8.60646E+00  1.00000E-35  8.92131E+00
   7.91955E+04  2.16607E-01  1.00176E-01  8.49363E+00  1.00000E-35  8.81042E+00
   8.00000E+04  2.22300E-01  1.00195E-01  8.27868E+00  1.00000E-35  8.60118E+00
   9.00000E+04  2.12919E-01  1.00258E-01  6.11457E+00  1.00000E-35  6.42774E+00
   1.00000E+05  1.83751E-01  9.99737E-02  4.64697E+00  1.00000E-35  4.93070E+00
   1.10000E+05  1.58193E-01  9.93875E-02  3.61745E+00  1.00000E-35  3.87503E+00
   1.25000E+05  1.27384E-01  9.81678E-02  2.57876E+00  1.00000E-35  2.80431E+00
   1.40000E+05  1.04324E-01  9.67519E-02  1.90666E+00  1.00000E-35  2.10773E+00
   1.50000E+05  9.21988E-02  9.57209E-02  1.58551E+00  1.00000E-35  1.77343E+00
   1.75000E+05  6.98239E-02  9.30950E-02  1.04917E+00  1.00000E-35  1.21209E+00
   2.00000E+05  5.47438E-02  9.04901E-02  7.33823E-01  1.00000E-35  8.79057E-01
   2.20000E+05  4.59223E-02  8.84592E-02  5.69020E-01  1.00000E-35  7.03401E-01
   2.50000E+05  3.61995E-02  8.55728E-02  4.05334E-01  1.00000E-35  5.27106E-01
   3.00000E+05  2.56255E-02  8.11966E-02  2.51336E-01  1.00000E-35  3.58158E-01
   3.50000E+05  1.90793E-02  7.73157E-02  1.69051E-01  1.00000E-35  2.65446E-01
   4.00000E+05  1.47556E-02  7.38726E-02  1.20746E-01  1.00000E-35  2.09374E-01
   4.50000E+05  1.17473E-02  7.08003E-02  9.03022E-02  1.00000E-35  1.72850E-01
   5.00000E+05  9.56949E-03  6.80433E-02  7.00214E-02  1.00000E-35  1.47634E-01
   5.50000E+05  7.94939E-03  6.55438E-02  5.58962E-02  1.00000E-35  1.29389E-01
   6.00000E+05  6.70874E-03  6.32740E-02  4.56939E-02  1.00000E-35  1.15677E-01
   7.00000E+05  4.95876E-03  5.93012E-02  3.22960E-02  1.00000E-35  9.65560E-02
   8.00000E+05  3.81494E-03  5.59103E-02  2.41631E-02  1.00000E-35  8.38884E-02
   9.00000E+05  3.02716E-03  5.29894E-02  1.88587E-02  1.00000E-35  7.48753E-02
   1.00000E+06  2.46039E-03  5.04216E-02  1.52037E-02  1.00000E-35  6.80857E-02
   1.10000E+06  2.03736E-03  4.81499E-02  1.25740E-02  1.47604E-05  6.27760E-02
   1.25000E+06  1.58186E-03  4.51842E-02  9.81697E-03  3.38004E-04  5.69210E-02
   1.40000E+06  1.26399E-03  4.26304E-02  7.93529E-03  1.03759E-03  5.28672E-02
   1.50000E+06  1.10263E-03  4.11175E-02  6.99174E-03  1.65404E-03  5.08659E-02
   1.75000E+06  8.11856E-04  3.78406E-02  5.31025E-03  3.32242E-03  4.72851E-02
   2.00000E+06  6.22220E-04  3.51281E-02  4.21927E-03  5.04408E-03  4.50137E-02
   2.20000E+06  5.14613E-04  3.32690E-02  3.59665E-03  6.41176E-03  4.37920E-02
   2.50000E+06  3.98909E-04  3.08796E-02  2.91978E-03  8.37103E-03  4.25693E-02
   3.00000E+06  2.77411E-04  2.76640E-02  2.19199E-03  1.13160E-02  4.14494E-02
   3.50000E+06  2.03999E-04  2.51353E-02  1.73614E-03  1.40077E-02  4.10831E-02
   4.00000E+06  1.56222E-04  2.30821E-02  1.42786E-03  1.64546E-02  4.11208E-02
   4.50000E+06  1.23454E-04  2.13791E-02  1.20740E-03  1.87153E-02  4.14253E-02
   5.00000E+06  1.00010E-04  1.99409E-02  1.04289E-03  2.07734E-02  4.18572E-02
   5.50000E+06  8.26633E-05  1.87022E-02  9.15966E-04  2.26657E-02  4.23665E-02
   6.00000E+06  6.94680E-05  1.76245E-02  8.15434E-04  2.44927E-02  4.30021E-02
   7.00000E+06  5.10475E-05  1.58390E-02  6.66847E-04  2.77954E-02  4.43522E-02
   8.00000E+06  3.90899E-05  1.44149E-02  5.62790E-04  3.07552E-02  4.57719E-02
   9.00000E+06  3.08905E-05  1.32486E-02  4.84559E-04  3.34502E-02  4.72143E-02
   1.00000E+07  2.50247E-05  1.22741E-02  4.24692E-04  3.59223E-02  4.86461E-02
   1.10000E+07  2.06824E-05  1.14462E-02  3.77526E-04  3.82122E-02  5.00566E-02
   1.25000E+07  1.60166E-05  1.04124E-02  3.23102E-04  4.13608E-02  5.21123E-02
   1.40000E+07  1.27685E-05  9.56452E-03  2.82022E-04  4.42195E-02  5.40788E-02
   1.50000E+07  1.11229E-05  9.07903E-03  2.59846E-04  4.59580E-02  5.53080E-02
   1.75000E+07  8.17207E-06  8.07267E-03  2.16890E-04  4.97961E-02  5.80938E-02
   2.00000E+07  6.25683E-06  7.28284E-03  1.85909E-04  5.31153E-02  6.05903E-02
   2.20000E+07  5.17100E-06  6.76283E-03  1.66752E-04  5.55006E-02  6.24354E-02
   2.50000E+07  4.00447E-06  6.11828E-03  1.44342E-04  5.86580E-02  6.49246E-02
   3.00000E+07  2.78094E-06  5.29632E-03  1.17817E-04  6.30955E-02  6.85124E-02
   3.50000E+07  2.04315E-06  4.68241E-03  9.94604E-05  6.67760E-02  7.15599E-02
   4.00000E+07  1.56429E-06  4.20494E-03  8.60196E-05  6.99184E-02  7.42109E-02
   4.50000E+07  1.23598E-06  3.82186E-03  7.57605E-05  7.26167E-02  7.65155E-02
   5.00000E+07  1.00115E-06  3.50725E-03  6.76772E-05  7.49616E-02  7.85375E-02
   5.50000E+07  8.27397E-07  3.24389E-03  6.11457E-05  7.70152E-02  8.03211E-02
   6.00000E+07  6.95244E-07  3.01989E-03  5.57598E-05  7.88971E-02  8.19734E-02
   7.00000E+07  5.10793E-07  2.65860E-03  4.74011E-05  8.20739E-02  8.47804E-02
   8.00000E+07  3.91075E-07  2.37932E-03  4.12168E-05  8.46907E-02  8.71116E-02
   9.00000E+07  3.08999E-07  2.15636E-03  3.64573E-05  8.68738E-02  8.90669E-02
   1.00000E+08  2.50289E-07  1.97403E-03  3.26819E-05  8.87449E-02  9.07518E-02
   1.10000E+08  2.06851E-07  1.82192E-03  2.96140E-05  9.03685E-02  9.22202E-02
   1.25000E+08  1.60185E-07  1.63547E-03  2.59578E-05  9.24313E-02  9.40929E-02
   1.40000E+08  1.27699E-07  1.48568E-03  2.31045E-05  9.41615E-02  9.56704E-02
   1.50000E+08  1.11240E-07  1.40106E-03  2.15268E-05  9.51638E-02  9.65865E-02
   1.75000E+08  8.17270E-08  1.22850E-03  1.83872E-05  9.72787E-02  9.85257E-02
   2.00000E+08  6.25724E-08  1.09583E-03  1.60465E-05  9.89824E-02  1.00094E-01
   2.20000E+08  5.17127E-08  1.00973E-03  1.45632E-05  1.00122E-01  1.01147E-01
   2.50000E+08  4.00463E-08  9.04494E-04  1.27897E-05  1.01555E-01  1.02472E-01
   3.00000E+08  2.78099E-08  7.72666E-04  1.06316E-05  1.03423E-01  1.04206E-01
   3.50000E+08  2.04318E-08  6.75970E-04  9.09656E-06  1.04833E-01  1.05518E-01
   4.00000E+08  1.56431E-08  6.01839E-04  7.94884E-06  1.05950E-01  1.06560E-01
   4.50000E+08  1.23600E-08  5.43078E-04  7.05824E-06  1.06863E-01  1.07413E-01
   5.00000E+08  1.00116E-08  4.95300E-04  6.34711E-06  1.07618E-01  1.08120E-01
   5.50000E+08  8.27405E-09  4.55641E-04  5.76614E-06  1.08235E-01  1.08696E-01
   6.00000E+08  6.95250E-09  4.22160E-04  5.28259E-06  1.08793E-01  1.09221E-01
   7.00000E+08  5.10797E-09  3.68657E-04  4.52386E-06  1.09677E-01  1.10050E-01
   8.00000E+08  3.91079E-09  3.27732E-04  3.95570E-06  1.10370E-01  1.10702E-01
   9.00000E+08  3.09001E-09  2.95357E-04  3.51432E-06  1.10925E-01  1.11224E-01
   1.00000E+09  2.50291E-09  2.69075E-04  3.16156E-06  1.11386E-01  1.11658E-01
