 # Material data file: Ra                  
 # 
 # PENELOPE >>>  Photon mass attenuation coefficients (mac).
 # 
 #   Energy       mac_Ra       mac_Co       mac_ph       mac_pp       mac_tot
 #    (eV)       (cm**2/g)    (cm**2/g)    (cm**2/g)    (cm**2/g)    (cm**2/g)
 #------------------------------------------------------------------------------
   5.00000E+01  9.65706E-02  1.83727E-03  5.69763E+03  1.00000E-35  5.69773E+03
   5.24404E+01  6.23173E-02  1.84065E-03  4.92977E+03  1.00000E-35  4.92984E+03
   5.50000E+01  3.08097E-02  1.84410E-03  4.27457E+03  1.00000E-35  4.27460E+03
   6.00000E+01  3.48388E-03  1.85090E-03  3.31930E+03  1.00000E-35  3.31931E+03
   6.48074E+01  2.09317E-02  1.85741E-03  2.67374E+03  1.00000E-35  2.67377E+03
   7.00000E+01  5.42245E-01  1.86444E-03  2.16917E+03  1.00000E-35  2.16971E+03
   7.30000E+01  1.09829E+01  1.86859E-03  1.94204E+03  1.00000E-35  1.95302E+03
   7.30000E+01  1.09830E+01  1.86859E-03  1.10334E+06  1.00000E-35  1.10335E+06
   7.30609E+01  1.20134E+01  1.86868E-03  8.07915E+05  1.00000E-35  8.07927E+05
   7.31218E+01  1.31350E+01  1.86876E-03  6.08686E+05  1.00000E-35  6.08699E+05
   7.31828E+01  1.43286E+01  1.86884E-03  4.77250E+05  1.00000E-35  4.77264E+05
   7.32438E+01  1.56295E+01  1.86892E-03  3.87095E+05  1.00000E-35  3.87111E+05
   7.33049E+01  1.70498E+01  1.86901E-03  3.23026E+05  1.00000E-35  3.23043E+05
   7.33660E+01  1.85977E+01  1.86909E-03  2.75506E+05  1.00000E-35  2.75524E+05
   7.34272E+01  2.02876E+01  1.86917E-03  2.39388E+05  1.00000E-35  2.39409E+05
   7.34884E+01  2.21295E+01  1.86925E-03  2.11059E+05  1.00000E-35  2.11081E+05
   7.35497E+01  2.41402E+01  1.86934E-03  1.88657E+05  1.00000E-35  1.88681E+05
   7.36110E+01  2.63317E+01  1.86942E-03  1.70607E+05  1.00000E-35  1.70633E+05
   7.36724E+01  2.87242E+01  1.86950E-03  1.55455E+05  1.00000E-35  1.55484E+05
   7.37338E+01  3.13318E+01  1.86959E-03  1.43077E+05  1.00000E-35  1.43109E+05
   7.37953E+01  3.41074E+01  1.86967E-03  1.32376E+05  1.00000E-35  1.32410E+05
   7.38569E+01  3.62491E+01  1.86975E-03  1.23405E+05  1.00000E-35  1.23441E+05
   7.39184E+01  3.85195E+01  1.86983E-03  1.15567E+05  1.00000E-35  1.15606E+05
   7.39801E+01  4.09381E+01  1.86992E-03  1.08793E+05  1.00000E-35  1.08834E+05
   7.40418E+01  4.35064E+01  1.87000E-03  1.02886E+05  1.00000E-35  1.02929E+05
   7.41035E+01  4.62335E+01  1.87008E-03  9.76686E+04  1.00000E-35  9.77148E+04
   7.41653E+01  4.91338E+01  1.87017E-03  9.30340E+04  1.00000E-35  9.30831E+04
   7.42272E+01  5.22186E+01  1.87025E-03  8.88953E+04  1.00000E-35  8.89475E+04
   7.42891E+01  5.54942E+01  1.87033E-03  8.51972E+04  1.00000E-35  8.52527E+04
   7.43510E+01  5.89723E+01  1.87041E-03  8.18615E+04  1.00000E-35  8.19205E+04
   7.44130E+01  6.26714E+01  1.87050E-03  7.88396E+04  1.00000E-35  7.89023E+04
   7.44751E+01  6.65256E+01  1.87058E-03  7.60916E+04  1.00000E-35  7.61582E+04
   7.45993E+01  6.94504E+01  1.87074E-03  7.13015E+04  1.00000E-35  7.13709E+04
   7.47238E+01  7.25061E+01  1.87091E-03  6.72675E+04  1.00000E-35  6.73400E+04
   7.48484E+01  7.56934E+01  1.87108E-03  6.38329E+04  1.00000E-35  6.39086E+04
   7.49733E+01  7.90234E+01  1.87124E-03  6.08734E+04  1.00000E-35  6.09524E+04
   7.50984E+01  8.24997E+01  1.87141E-03  5.83052E+04  1.00000E-35  5.83877E+04
   7.52237E+01  8.23988E+01  1.87157E-03  5.60624E+04  1.00000E-35  5.61448E+04
   7.53492E+01  7.85897E+01  1.87174E-03  5.40788E+04  1.00000E-35  5.41574E+04
   7.54749E+01  7.49569E+01  1.87190E-03  5.23169E+04  1.00000E-35  5.23919E+04
   7.57270E+01  6.81856E+01  1.87224E-03  4.93532E+04  1.00000E-35  4.94213E+04
   7.59799E+01  5.68438E+01  1.87257E-03  4.69252E+04  1.00000E-35  4.69820E+04
   7.62337E+01  4.31502E+01  1.87290E-03  4.49317E+04  1.00000E-35  4.49749E+04
   7.64883E+01  3.27571E+01  1.87325E-03  4.32732E+04  1.00000E-35  4.33060E+04
   7.67437E+01  2.22128E+01  1.87361E-03  4.18278E+04  1.00000E-35  4.18500E+04
   7.70000E+01  1.44146E+01  1.87397E-03  4.05966E+04  1.00000E-35  4.06111E+04
   7.70000E+01  1.44146E+01  1.87397E-03  1.74641E+05  1.00000E-35  1.74655E+05
   7.70460E+01  1.33402E+01  1.87403E-03  1.61754E+05  1.00000E-35  1.61767E+05
   7.70920E+01  1.23465E+01  1.87410E-03  1.50428E+05  1.00000E-35  1.50440E+05
   7.71381E+01  1.14254E+01  1.87416E-03  1.40916E+05  1.00000E-35  1.40928E+05
   7.71842E+01  1.05735E+01  1.87423E-03  1.32917E+05  1.00000E-35  1.32928E+05
   7.72303E+01  9.78556E+00  1.87429E-03  1.26023E+05  1.00000E-35  1.26033E+05
   7.72764E+01  9.06213E+00  1.87436E-03  1.20090E+05  1.00000E-35  1.20099E+05
   7.73226E+01  8.41384E+00  1.87442E-03  1.14938E+05  1.00000E-35  1.14947E+05
   7.73688E+01  7.81227E+00  1.87449E-03  1.10414E+05  1.00000E-35  1.10422E+05
   7.74150E+01  7.25404E+00  1.87455E-03  1.06407E+05  1.00000E-35  1.06414E+05
   7.74612E+01  6.73599E+00  1.87461E-03  1.02840E+05  1.00000E-35  1.02847E+05
   7.75075E+01  6.25421E+00  1.87468E-03  9.96455E+04  1.00000E-35  9.96517E+04
   7.75538E+01  5.80715E+00  1.87474E-03  9.67643E+04  1.00000E-35  9.67701E+04
   7.76465E+01  5.00648E+00  1.87487E-03  9.18071E+04  1.00000E-35  9.18121E+04
   7.77393E+01  4.31628E+00  1.87500E-03  8.76814E+04  1.00000E-35  8.76857E+04
   7.78322E+01  3.72129E+00  1.87513E-03  8.41861E+04  1.00000E-35  8.41898E+04
   7.79252E+01  3.20838E+00  1.87526E-03  8.11994E+04  1.00000E-35  8.12026E+04
   7.80183E+01  3.04250E+00  1.87539E-03  7.86249E+04  1.00000E-35  7.86279E+04
   7.81116E+01  3.37254E+00  1.87551E-03  7.63551E+04  1.00000E-35  7.63585E+04
   7.82049E+01  3.73793E+00  1.87564E-03  7.43684E+04  1.00000E-35  7.43721E+04
   7.82984E+01  4.14331E+00  1.87577E-03  7.26017E+04  1.00000E-35  7.26058E+04
   7.84857E+01  5.09052E+00  1.87603E-03  6.96176E+04  1.00000E-35  6.96227E+04
   7.86734E+01  6.25395E+00  1.87629E-03  6.71175E+04  1.00000E-35  6.71237E+04
   7.88615E+01  8.65126E+00  1.87654E-03  6.50558E+04  1.00000E-35  6.50645E+04
   7.90502E+01  1.22571E+01  1.87680E-03  6.33035E+04  1.00000E-35  6.33157E+04
   7.92392E+01  1.73611E+01  1.87706E-03  6.17755E+04  1.00000E-35  6.17929E+04
   7.96187E+01  3.09007E+01  1.87758E-03  5.92711E+04  1.00000E-35  5.93020E+04
   8.00000E+01  4.85246E+01  1.87809E-03  5.72837E+04  1.00000E-35  5.73323E+04
   8.02950E+01  6.27011E+01  1.87849E-03  5.59956E+04  1.00000E-35  5.60583E+04
   8.05911E+01  7.18037E+01  1.87889E-03  5.48531E+04  1.00000E-35  5.49249E+04
   8.11865E+01  7.86406E+01  1.87968E-03  5.28895E+04  1.00000E-35  5.29681E+04
   8.17864E+01  6.55861E+01  1.88048E-03  5.12270E+04  1.00000E-35  5.12926E+04
   8.23907E+01  4.31054E+01  1.88127E-03  4.97635E+04  1.00000E-35  4.98066E+04
   8.48528E+01  9.23056E+00  1.88465E-03  4.45968E+04  1.00000E-35  4.46061E+04
   8.61113E+01  7.26166E+00  1.88638E-03  4.21449E+04  1.00000E-35  4.21521E+04
   8.73885E+01  6.24036E+00  1.88810E-03  3.97118E+04  1.00000E-35  3.97181E+04
   9.00000E+01  5.11008E+00  1.89156E-03  3.49558E+04  1.00000E-35  3.49609E+04
   1.00000E+02  3.45439E+00  1.90514E-03  2.17096E+04  1.00000E-35  2.17130E+04
   1.10000E+02  2.78857E+00  1.91868E-03  1.41761E+04  1.00000E-35  1.41788E+04
   1.13572E+02  2.62892E+00  1.92349E-03  1.22712E+04  1.00000E-35  1.22738E+04
   1.17260E+02  2.48735E+00  1.92840E-03  1.05886E+04  1.00000E-35  1.05911E+04
   1.25000E+02  2.23605E+00  1.93884E-03  7.86393E+03  1.00000E-35  7.86616E+03
   1.32288E+02  2.04106E+00  1.94871E-03  6.04023E+03  1.00000E-35  6.04228E+03
   1.40000E+02  1.86478E+00  1.95900E-03  4.65215E+03  1.00000E-35  4.65402E+03
   1.50000E+02  1.65455E+00  1.97230E-03  3.40163E+03  1.00000E-35  3.40329E+03
   1.55403E+02  1.52065E+00  1.97967E-03  2.90439E+03  1.00000E-35  2.90591E+03
   1.61000E+02  1.50965E+00  1.98707E-03  2.48541E+03  1.00000E-35  2.48692E+03
   1.61000E+02  1.50965E+00  1.98707E-03  3.81894E+03  1.00000E-35  3.82045E+03
   1.61105E+02  1.50984E+00  1.98721E-03  3.76880E+03  1.00000E-35  3.77031E+03
   1.61210E+02  1.51003E+00  1.98734E-03  3.73765E+03  1.00000E-35  3.73917E+03
   1.61420E+02  1.51041E+00  1.98762E-03  3.69812E+03  1.00000E-35  3.69963E+03
   1.61841E+02  1.50892E+00  1.98816E-03  3.64331E+03  1.00000E-35  3.64482E+03
   1.62687E+02  1.50576E+00  1.98926E-03  3.55446E+03  1.00000E-35  3.55596E+03
   1.64391E+02  1.49547E+00  1.99156E-03  3.40057E+03  1.00000E-35  3.40206E+03
   1.66114E+02  1.48329E+00  1.99391E-03  3.26386E+03  1.00000E-35  3.26535E+03
   1.67854E+02  1.46945E+00  1.99627E-03  3.13965E+03  1.00000E-35  3.14112E+03
   1.71390E+02  1.43540E+00  2.00098E-03  2.91643E+03  1.00000E-35  2.91787E+03
   1.75000E+02  1.39801E+00  2.00571E-03  2.72301E+03  1.00000E-35  2.72441E+03
   1.80941E+02  1.33271E+00  2.01362E-03  2.44725E+03  1.00000E-35  2.44858E+03
   1.83986E+02  1.29863E+00  2.01771E-03  2.32282E+03  1.00000E-35  2.32412E+03
   1.87083E+02  1.26306E+00  2.02181E-03  2.21165E+03  1.00000E-35  2.21292E+03
   1.93434E+02  1.18127E+00  2.03005E-03  2.00922E+03  1.00000E-35  2.01040E+03
   1.96689E+02  1.17210E+00  2.03446E-03  1.91787E+03  1.00000E-35  1.91905E+03
   2.00000E+02  1.19948E+00  2.03888E-03  1.83718E+03  1.00000E-35  1.83838E+03
   2.01000E+02  1.19929E+00  2.04021E-03  1.81424E+03  1.00000E-35  1.81545E+03
   2.01000E+02  1.19929E+00  2.04021E-03  2.40482E+03  1.00000E-35  2.40602E+03
   2.01568E+02  1.19782E+00  2.04096E-03  2.37098E+03  1.00000E-35  2.37218E+03
   2.02138E+02  1.19377E+00  2.04171E-03  2.34417E+03  1.00000E-35  2.34537E+03
   2.03282E+02  1.18566E+00  2.04321E-03  2.29773E+03  1.00000E-35  2.29892E+03
   2.05590E+02  1.16807E+00  2.04621E-03  2.21989E+03  1.00000E-35  2.22106E+03
   2.07925E+02  1.15174E+00  2.04922E-03  2.15513E+03  1.00000E-35  2.15629E+03
   2.10286E+02  1.13568E+00  2.05224E-03  2.09724E+03  1.00000E-35  2.09838E+03
   2.15088E+02  1.10400E+00  2.05870E-03  1.98885E+03  1.00000E-35  1.98995E+03
   2.20000E+02  1.06928E+00  2.06517E-03  1.89078E+03  1.00000E-35  1.89186E+03
   2.27144E+02  1.01608E+00  2.07438E-03  1.76793E+03  1.00000E-35  1.76895E+03
   2.30803E+02  9.87869E-01  2.07917E-03  1.71253E+03  1.00000E-35  1.71352E+03
   2.34521E+02  9.58233E-01  2.08411E-03  1.66220E+03  1.00000E-35  1.66317E+03
   2.42137E+02  8.97575E-01  2.09403E-03  1.57269E+03  1.00000E-35  1.57359E+03
   2.46037E+02  8.64609E-01  2.09900E-03  1.53159E+03  1.00000E-35  1.53246E+03
   2.50000E+02  8.31496E-01  2.10408E-03  1.49474E+03  1.00000E-35  1.49558E+03
   2.53000E+02  8.09840E-01  2.10806E-03  1.46944E+03  1.00000E-35  1.47025E+03
   2.53000E+02  8.09840E-01  2.10806E-03  1.61863E+03  1.00000E-35  1.61944E+03
   2.57019E+02  7.80018E-01  2.11332E-03  1.57826E+03  1.00000E-35  1.57904E+03
   2.61102E+02  7.42102E-01  2.11860E-03  1.54413E+03  1.00000E-35  1.54487E+03
   2.69464E+02  6.45793E-01  2.12919E-03  1.48876E+03  1.00000E-35  1.48941E+03
   2.87000E+02  7.12553E-01  2.15178E-03  1.40283E+03  1.00000E-35  1.40354E+03
   2.87000E+02  7.12553E-01  2.15178E-03  1.76749E+03  1.00000E-35  1.76821E+03
   2.87277E+02  7.49181E-01  2.15213E-03  1.75391E+03  1.00000E-35  1.75466E+03
   2.87554E+02  7.87653E-01  2.15248E-03  1.74472E+03  1.00000E-35  1.74551E+03
   2.88110E+02  8.70813E-01  2.15318E-03  1.73039E+03  1.00000E-35  1.73127E+03
   2.89224E+02  9.66473E-01  2.15458E-03  1.70972E+03  1.00000E-35  1.71069E+03
   2.90342E+02  1.03632E+00  2.15598E-03  1.69525E+03  1.00000E-35  1.69629E+03
   2.91465E+02  1.07480E+00  2.15738E-03  1.68451E+03  1.00000E-35  1.68559E+03
   2.93724E+02  1.02115E+00  2.16018E-03  1.66905E+03  1.00000E-35  1.67007E+03
   2.96000E+02  9.72565E-01  2.16308E-03  1.65808E+03  1.00000E-35  1.65905E+03
   2.96000E+02  9.72565E-01  2.16308E-03  1.90227E+03  1.00000E-35  1.90324E+03
   2.96995E+02  9.59729E-01  2.16437E-03  1.88691E+03  1.00000E-35  1.88787E+03
   2.97993E+02  9.54153E-01  2.16567E-03  1.87660E+03  1.00000E-35  1.87756E+03
   3.00000E+02  9.27414E-01  2.16826E-03  1.86438E+03  1.00000E-35  1.86531E+03
   3.02904E+02  8.42906E-01  2.17199E-03  1.85892E+03  1.00000E-35  1.85977E+03
   3.05837E+02  7.41211E-01  2.17573E-03  1.86433E+03  1.00000E-35  1.86507E+03
   3.08798E+02  6.62355E-01  2.17947E-03  1.88118E+03  1.00000E-35  1.88185E+03
   3.10289E+02  6.31186E-01  2.18134E-03  1.89499E+03  1.00000E-35  1.89563E+03
   3.11787E+02  6.04943E-01  2.18322E-03  1.91300E+03  1.00000E-35  1.91361E+03
   3.13293E+02  5.80196E-01  2.18510E-03  1.93575E+03  1.00000E-35  1.93634E+03
   3.14805E+02  5.57842E-01  2.18697E-03  1.96370E+03  1.00000E-35  1.96426E+03
   3.16326E+02  5.36358E-01  2.18885E-03  1.99723E+03  1.00000E-35  1.99777E+03
   3.17853E+02  5.15719E-01  2.19073E-03  2.03675E+03  1.00000E-35  2.03727E+03
   3.19388E+02  4.95866E-01  2.19262E-03  2.08262E+03  1.00000E-35  2.08312E+03
   3.20930E+02  4.76783E-01  2.19452E-03  2.13524E+03  1.00000E-35  2.13572E+03
   3.22480E+02  4.58473E-01  2.19651E-03  2.19460E+03  1.00000E-35  2.19506E+03
   3.24037E+02  4.41006E-01  2.19851E-03  2.26052E+03  1.00000E-35  2.26096E+03
   3.27174E+02  4.08260E-01  2.20250E-03  2.41345E+03  1.00000E-35  2.41386E+03
   3.30341E+02  3.78559E-01  2.20651E-03  2.59432E+03  1.00000E-35  2.59470E+03
   3.33539E+02  3.52451E-01  2.21052E-03  2.80059E+03  1.00000E-35  2.80094E+03
   3.36768E+02  3.30660E-01  2.21454E-03  3.03231E+03  1.00000E-35  3.03264E+03
   3.43320E+02  3.00396E-01  2.22260E-03  3.56386E+03  1.00000E-35  3.56416E+03
   3.50000E+02  2.91231E-01  2.23076E-03  4.17886E+03  1.00000E-35  4.17916E+03
   3.55891E+02  3.02429E-01  2.23817E-03  4.77223E+03  1.00000E-35  4.77254E+03
   3.58874E+02  3.13625E-01  2.24189E-03  5.08470E+03  1.00000E-35  5.08502E+03
   3.61881E+02  3.29809E-01  2.24561E-03  5.40410E+03  1.00000E-35  5.40443E+03
   3.64914E+02  3.50493E-01  2.24934E-03  5.72704E+03  1.00000E-35  5.72740E+03
   3.67972E+02  3.75886E-01  2.25307E-03  6.05259E+03  1.00000E-35  6.05297E+03
   3.71056E+02  4.06489E-01  2.25681E-03  6.37732E+03  1.00000E-35  6.37773E+03
   3.74166E+02  4.41545E-01  2.26056E-03  6.69898E+03  1.00000E-35  6.69943E+03
   3.77301E+02  4.80453E-01  2.26431E-03  7.01684E+03  1.00000E-35  7.01732E+03
   3.80464E+02  5.23604E-01  2.26811E-03  7.32861E+03  1.00000E-35  7.32914E+03
   3.83652E+02  5.70593E-01  2.27207E-03  7.63413E+03  1.00000E-35  7.63470E+03
   3.86867E+02  6.20866E-01  2.27603E-03  7.93227E+03  1.00000E-35  7.93289E+03
   3.90109E+02  6.74834E-01  2.28000E-03  8.22222E+03  1.00000E-35  8.22290E+03
   3.93379E+02  7.31739E-01  2.28397E-03  8.50296E+03  1.00000E-35  8.50370E+03
   3.96676E+02  7.91624E-01  2.28796E-03  8.77342E+03  1.00000E-35  8.77421E+03
   4.00000E+02  8.54138E-01  2.29195E-03  9.03092E+03  1.00000E-35  9.03178E+03
   4.05933E+02  9.70326E-01  2.29900E-03  9.45471E+03  1.00000E-35  9.45568E+03
   4.11953E+02  1.09134E+00  2.30608E-03  9.83466E+03  1.00000E-35  9.83576E+03
   4.18063E+02  1.21667E+00  2.31344E-03  1.01662E+04  1.00000E-35  1.01674E+04
   4.24264E+02  1.34388E+00  2.32089E-03  1.04593E+04  1.00000E-35  1.04606E+04
   4.30557E+02  1.47147E+00  2.32837E-03  1.07039E+04  1.00000E-35  1.07053E+04
   4.36943E+02  1.60094E+00  2.33587E-03  1.09207E+04  1.00000E-35  1.09223E+04
   4.43423E+02  1.73015E+00  2.34340E-03  1.10943E+04  1.00000E-35  1.10960E+04
   4.50000E+02  1.85708E+00  2.35096E-03  1.12395E+04  1.00000E-35  1.12414E+04
   4.55966E+02  1.97129E+00  2.35803E-03  1.13404E+04  1.00000E-35  1.13423E+04
   4.62011E+02  2.08382E+00  2.36511E-03  1.14159E+04  1.00000E-35  1.14180E+04
   4.74342E+02  2.30377E+00  2.37934E-03  1.14958E+04  1.00000E-35  1.14981E+04
   4.87002E+02  2.51207E+00  2.39365E-03  1.14939E+04  1.00000E-35  1.14964E+04
   5.00000E+02  2.70982E+00  2.40852E-03  1.14248E+04  1.00000E-35  1.14275E+04
   5.12057E+02  2.87543E+00  2.42214E-03  1.13220E+04  1.00000E-35  1.13249E+04
   5.24404E+02  3.03221E+00  2.43583E-03  1.11754E+04  1.00000E-35  1.11784E+04
   5.37050E+02  3.17100E+00  2.44981E-03  1.09979E+04  1.00000E-35  1.10011E+04
   5.50000E+02  3.29433E+00  2.46421E-03  1.07882E+04  1.00000E-35  1.07915E+04
   5.74456E+02  3.43439E+00  2.49072E-03  1.03480E+04  1.00000E-35  1.03515E+04
   6.00000E+02  3.92098E+00  2.51852E-03  9.85659E+03  1.00000E-35  9.86051E+03
   6.09000E+02  4.29428E+00  2.52819E-03  9.67560E+03  1.00000E-35  9.67990E+03
   6.09000E+02  4.29428E+00  2.52819E-03  2.83373E+04  1.00000E-35  2.83416E+04
   6.09502E+02  4.29425E+00  2.52872E-03  1.33741E+04  1.00000E-35  1.33784E+04
   6.10005E+02  4.29422E+00  2.52926E-03  1.17013E+04  1.00000E-35  1.17056E+04
   6.10508E+02  4.29419E+00  2.52980E-03  1.11650E+04  1.00000E-35  1.11693E+04
   6.11012E+02  4.29416E+00  2.53033E-03  1.09169E+04  1.00000E-35  1.09212E+04
   6.11516E+02  4.29413E+00  2.53087E-03  1.07788E+04  1.00000E-35  1.07831E+04
   6.12020E+02  4.29410E+00  2.53141E-03  1.06926E+04  1.00000E-35  1.06969E+04
   6.13030E+02  4.29403E+00  2.53248E-03  1.05962E+04  1.00000E-35  1.06005E+04
   6.15056E+02  4.28859E+00  2.53463E-03  1.05161E+04  1.00000E-35  1.05204E+04
   6.17087E+02  4.28014E+00  2.53678E-03  1.04792E+04  1.00000E-35  1.04835E+04
   6.21171E+02  4.29648E+00  2.54109E-03  1.04097E+04  1.00000E-35  1.04140E+04
   6.25282E+02  4.36086E+00  2.54541E-03  1.03185E+04  1.00000E-35  1.03229E+04
   6.42000E+02  4.79758E+00  2.56359E-03  9.96769E+03  1.00000E-35  9.97249E+03
   6.42000E+02  4.79758E+00  2.56359E-03  1.20578E+04  1.00000E-35  1.20626E+04
   6.42434E+02  4.80162E+00  2.56407E-03  1.10850E+04  1.00000E-35  1.10898E+04
   6.42868E+02  4.80439E+00  2.56455E-03  1.07865E+04  1.00000E-35  1.07913E+04
   6.43303E+02  4.80537E+00  2.56502E-03  1.06487E+04  1.00000E-35  1.06535E+04
   6.43738E+02  4.80634E+00  2.56550E-03  1.05708E+04  1.00000E-35  1.05756E+04
   6.44608E+02  4.80828E+00  2.56646E-03  1.04854E+04  1.00000E-35  1.04903E+04
   6.45480E+02  4.81022E+00  2.56741E-03  1.04395E+04  1.00000E-35  1.04444E+04
   6.48979E+02  4.81968E+00  2.57124E-03  1.03583E+04  1.00000E-35  1.03631E+04
   6.56033E+02  4.87472E+00  2.57890E-03  1.02336E+04  1.00000E-35  1.02384E+04
   6.70373E+02  5.02942E+00  2.59431E-03  9.94542E+03  1.00000E-35  9.95045E+03
   7.00000E+02  5.30934E+00  2.62695E-03  9.39289E+03  1.00000E-35  9.39821E+03
   7.48331E+02  5.64918E+00  2.68129E-03  8.55689E+03  1.00000E-35  8.56254E+03
   8.00000E+02  5.89685E+00  2.74557E-03  7.74739E+03  1.00000E-35  7.75329E+03
   8.40952E+02  6.00346E+00  2.80219E-03  7.15804E+03  1.00000E-35  7.16405E+03
   8.84000E+02  6.36723E+00  2.86340E-03  6.59361E+03  1.00000E-35  6.59998E+03
   8.84000E+02  6.36723E+00  2.86340E-03  7.12279E+03  1.00000E-35  7.12916E+03
   8.84496E+02  6.37288E+00  2.86428E-03  7.08475E+03  1.00000E-35  7.09112E+03
   8.84992E+02  6.37854E+00  2.86515E-03  7.06639E+03  1.00000E-35  7.07277E+03
   8.85984E+02  6.38986E+00  2.86690E-03  7.03890E+03  1.00000E-35  7.04529E+03
   8.87973E+02  6.41074E+00  2.87040E-03  6.99938E+03  1.00000E-35  7.00580E+03
   8.91964E+02  6.44740E+00  2.87741E-03  6.94394E+03  1.00000E-35  6.95039E+03
   9.00000E+02  6.51334E+00  2.89149E-03  6.84573E+03  1.00000E-35  6.85225E+03
   9.48683E+02  6.76493E+00  2.97559E-03  6.26196E+03  1.00000E-35  6.26872E+03
   1.00000E+03  6.91117E+00  3.08035E-03  5.71388E+03  1.00000E-35  5.72079E+03
   1.06000E+03  7.06441E+00  3.21508E-03  5.14529E+03  1.00000E-35  5.15236E+03
   1.06000E+03  7.06441E+00  3.21508E-03  5.22405E+03  1.00000E-35  5.23111E+03
   1.10000E+03  7.16489E+00  3.32051E-03  4.87923E+03  1.00000E-35  4.88640E+03
   1.21400E+03  7.34273E+00  3.65982E-03  4.05636E+03  1.00000E-35  4.06371E+03
   1.21400E+03  7.34273E+00  3.65982E-03  4.14652E+03  1.00000E-35  4.15387E+03
   1.25000E+03  7.41361E+00  3.77955E-03  3.92019E+03  1.00000E-35  3.92760E+03
   1.40000E+03  7.48654E+00  4.36658E-03  3.14612E+03  1.00000E-35  3.15362E+03
   1.50000E+03  7.46342E+00  4.81156E-03  2.74232E+03  1.00000E-35  2.74979E+03
   1.62019E+03  7.39765E+00  5.39752E-03  2.34514E+03  1.00000E-35  2.35254E+03
   1.75000E+03  7.27462E+00  6.07768E-03  2.00071E+03  1.00000E-35  2.00799E+03
   2.00000E+03  6.94236E+00  7.47077E-03  1.51033E+03  1.00000E-35  1.51728E+03
   2.20000E+03  6.60209E+00  8.63822E-03  1.23069E+03  1.00000E-35  1.23730E+03
   2.50000E+03  5.94581E+00  1.04351E-02  9.30700E+02  1.00000E-35  9.36656E+02
   2.73861E+03  5.22865E+00  1.18775E-02  7.60029E+02  1.00000E-35  7.65270E+02
   3.00000E+03  3.81933E+00  1.34522E-02  6.19404E+02  1.00000E-35  6.23237E+02
   3.11100E+03  3.13916E+00  1.41213E-02  5.70157E+02  1.00000E-35  5.73310E+02
   3.11100E+03  3.13916E+00  1.41213E-02  2.66487E+04  1.00000E-35  2.66519E+04
   3.11319E+03  3.15933E+00  1.41346E-02  1.99026E+03  1.00000E-35  1.99343E+03
   3.11537E+03  3.17952E+00  1.41478E-02  1.64112E+03  1.00000E-35  1.64432E+03
   3.11756E+03  3.19992E+00  1.41611E-02  1.59524E+03  1.00000E-35  1.59845E+03
   3.11975E+03  3.22044E+00  1.41744E-02  1.59721E+03  1.00000E-35  1.60044E+03
   3.12194E+03  3.24108E+00  1.41877E-02  1.59956E+03  1.00000E-35  1.60282E+03
   3.12413E+03  3.26183E+00  1.42010E-02  1.59351E+03  1.00000E-35  1.59678E+03
   3.12853E+03  3.30388E+00  1.42277E-02  1.56402E+03  1.00000E-35  1.56734E+03
   3.13292E+03  3.34632E+00  1.42544E-02  1.53510E+03  1.00000E-35  1.53846E+03
   3.13733E+03  3.39099E+00  1.42812E-02  1.51510E+03  1.00000E-35  1.51850E+03
   3.14615E+03  3.48222E+00  1.43330E-02  1.49018E+03  1.00000E-35  1.49368E+03
   3.16387E+03  3.66707E+00  1.44366E-02  1.43655E+03  1.00000E-35  1.44023E+03
   3.17277E+03  3.73660E+00  1.44887E-02  1.41511E+03  1.00000E-35  1.41886E+03
   3.18170E+03  3.80748E+00  1.45410E-02  1.39914E+03  1.00000E-35  1.40296E+03
   3.21765E+03  4.10406E+00  1.47521E-02  1.34600E+03  1.00000E-35  1.35012E+03
   3.25400E+03  4.56440E+00  1.49661E-02  1.30504E+03  1.00000E-35  1.30961E+03
   3.25400E+03  4.56440E+00  1.49661E-02  4.53809E+03  1.00000E-35  4.54267E+03
   3.25585E+03  4.59155E+00  1.49770E-02  2.07833E+03  1.00000E-35  2.08293E+03
   3.25771E+03  4.61901E+00  1.49880E-02  1.93324E+03  1.00000E-35  1.93787E+03
   3.25956E+03  4.64646E+00  1.49989E-02  1.91467E+03  1.00000E-35  1.91933E+03
   3.26142E+03  4.67421E+00  1.50099E-02  1.92174E+03  1.00000E-35  1.92643E+03
   3.26328E+03  4.70210E+00  1.50209E-02  1.93071E+03  1.00000E-35  1.93542E+03
   3.26514E+03  4.73015E+00  1.50319E-02  1.93440E+03  1.00000E-35  1.93915E+03
   3.26699E+03  4.75820E+00  1.50428E-02  1.93207E+03  1.00000E-35  1.93684E+03
   3.26886E+03  4.78671E+00  1.50538E-02  1.92569E+03  1.00000E-35  1.93049E+03
   3.27631E+03  4.90180E+00  1.50978E-02  1.89202E+03  1.00000E-35  1.89694E+03
   3.28378E+03  5.01082E+00  1.51420E-02  1.87057E+03  1.00000E-35  1.87559E+03
   3.31383E+03  5.39845E+00  1.53199E-02  1.79696E+03  1.00000E-35  1.80238E+03
   3.34416E+03  5.69537E+00  1.55000E-02  1.74603E+03  1.00000E-35  1.75175E+03
   3.37476E+03  5.92227E+00  1.56821E-02  1.70160E+03  1.00000E-35  1.70754E+03
   3.50000E+03  6.40619E+00  1.64104E-02  1.55098E+03  1.00000E-35  1.55740E+03
   3.79300E+03  6.65933E+00  1.80927E-02  1.26395E+03  1.00000E-35  1.27063E+03
   3.79300E+03  6.65933E+00  1.80927E-02  1.57743E+03  1.00000E-35  1.58411E+03
   3.79615E+03  6.67610E+00  1.81103E-02  1.48111E+03  1.00000E-35  1.48780E+03
   3.79930E+03  6.69290E+00  1.81279E-02  1.47321E+03  1.00000E-35  1.47992E+03
   3.80562E+03  6.72940E+00  1.81633E-02  1.46848E+03  1.00000E-35  1.47523E+03
   3.81828E+03  6.80675E+00  1.82341E-02  1.45459E+03  1.00000E-35  1.46141E+03
   3.84372E+03  6.95507E+00  1.83767E-02  1.43167E+03  1.00000E-35  1.43864E+03
   3.89513E+03  7.16925E+00  1.86651E-02  1.38694E+03  1.00000E-35  1.39412E+03
   4.00000E+03  7.37705E+00  1.92556E-02  1.30032E+03  1.00000E-35  1.30771E+03
   4.49100E+03  7.37735E+00  2.19002E-02  9.74871E+02  1.00000E-35  9.82271E+02
   4.49100E+03  7.37735E+00  2.19002E-02  1.04690E+03  1.00000E-35  1.05429E+03
   4.49325E+03  7.37956E+00  2.19118E-02  1.03556E+03  1.00000E-35  1.04296E+03
   4.49550E+03  7.38177E+00  2.19235E-02  1.03307E+03  1.00000E-35  1.04047E+03
   4.50000E+03  7.38620E+00  2.19468E-02  1.03092E+03  1.00000E-35  1.03833E+03
   4.82700E+03  7.49537E+00  2.36336E-02  8.68816E+02  1.00000E-35  8.76335E+02
   4.82700E+03  7.49537E+00  2.36336E-02  9.09348E+02  1.00000E-35  9.16867E+02
   4.91274E+03  7.55319E+00  2.40580E-02  8.70049E+02  1.00000E-35  8.77627E+02
   5.00000E+03  7.57411E+00  2.44899E-02  8.34164E+02  1.00000E-35  8.41762E+02
   5.50000E+03  7.43094E+00  2.68986E-02  6.62158E+02  1.00000E-35  6.69616E+02
   6.00000E+03  7.15526E+00  2.91808E-02  5.35209E+02  1.00000E-35  5.42394E+02
   7.00000E+03  6.51524E+00  3.34082E-02  3.65557E+02  1.00000E-35  3.72105E+02
   8.00000E+03  5.86841E+00  3.72608E-02  2.61744E+02  1.00000E-35  2.67649E+02
   9.00000E+03  5.27823E+00  4.07690E-02  1.94445E+02  1.00000E-35  1.99764E+02
   1.00000E+04  4.74583E+00  4.39907E-02  1.48783E+02  1.00000E-35  1.53573E+02
   1.10000E+04  4.26908E+00  4.69423E-02  1.16632E+02  1.00000E-35  1.20948E+02
   1.25000E+04  3.63481E+00  5.09376E-02  8.39820E+01  1.00000E-35  8.76678E+01
   1.40000E+04  3.04285E+00  5.45353E-02  6.26646E+01  1.00000E-35  6.57620E+01
   1.50000E+04  2.55122E+00  5.67375E-02  5.23958E+01  1.00000E-35  5.50038E+01
   1.54490E+04  2.25258E+00  5.76899E-02  4.85019E+01  1.00000E-35  5.08122E+01
   1.54490E+04  2.25258E+00  5.76899E-02  1.47066E+02  1.00000E-35  1.49376E+02
   1.54641E+04  2.25565E+00  5.77217E-02  1.18337E+02  1.00000E-35  1.20651E+02
   1.54791E+04  2.25871E+00  5.77533E-02  1.16858E+02  1.00000E-35  1.19174E+02
   1.55093E+04  2.26488E+00  5.78169E-02  1.17000E+02  1.00000E-35  1.19322E+02
   1.55698E+04  2.28148E+00  5.79440E-02  1.16048E+02  1.00000E-35  1.18387E+02
   1.56916E+04  2.35854E+00  5.81928E-02  1.13831E+02  1.00000E-35  1.16247E+02
   1.59380E+04  2.47914E+00  5.86828E-02  1.09261E+02  1.00000E-35  1.11799E+02
   1.64426E+04  2.52350E+00  5.96753E-02  1.00542E+02  1.00000E-35  1.03125E+02
   1.75000E+04  2.39183E+00  6.16623E-02  8.50195E+01  1.00000E-35  8.74730E+01
   1.84880E+04  2.10696E+00  6.34175E-02  7.32483E+01  1.00000E-35  7.54187E+01
   1.84880E+04  2.10696E+00  6.34175E-02  1.05745E+02  1.00000E-35  1.07915E+02
   1.84995E+04  2.10435E+00  6.34376E-02  1.02375E+02  1.00000E-35  1.04543E+02
   1.85110E+04  2.10175E+00  6.34567E-02  1.01982E+02  1.00000E-35  1.04147E+02
   1.85224E+04  2.09917E+00  6.34757E-02  1.01635E+02  1.00000E-35  1.03798E+02
   1.85339E+04  2.09657E+00  6.34948E-02  1.01652E+02  1.00000E-35  1.03812E+02
   1.85800E+04  2.09708E+00  6.35712E-02  1.01177E+02  1.00000E-35  1.03337E+02
   1.86725E+04  2.09876E+00  6.37243E-02  1.00022E+02  1.00000E-35  1.02184E+02
   1.88588E+04  2.11601E+00  6.40315E-02  9.74789E+01  1.00000E-35  9.96589E+01
   1.92370E+04  2.14739E+00  6.46504E-02  9.25179E+01  1.00000E-35  9.47300E+01
   1.92370E+04  2.14739E+00  6.46504E-02  1.07851E+02  1.00000E-35  1.10063E+02
   1.92487E+04  2.14905E+00  6.46694E-02  1.06834E+02  1.00000E-35  1.09048E+02
   1.92604E+04  2.15071E+00  6.46885E-02  1.06749E+02  1.00000E-35  1.08964E+02
   1.92838E+04  2.15403E+00  6.47265E-02  1.06486E+02  1.00000E-35  1.08705E+02
   1.93308E+04  2.16071E+00  6.48029E-02  1.05843E+02  1.00000E-35  1.08068E+02
   1.94250E+04  2.17411E+00  6.49557E-02  1.04553E+02  1.00000E-35  1.06792E+02
   1.96148E+04  2.20001E+00  6.52624E-02  1.02038E+02  1.00000E-35  1.04303E+02
   2.00000E+04  2.22285E+00  6.58801E-02  9.71735E+01  1.00000E-35  9.94623E+01
   2.20000E+04  2.10931E+00  6.88302E-02  7.63115E+01  1.00000E-35  7.84896E+01
   2.50000E+04  1.84664E+00  7.26819E-02  5.49935E+01  1.00000E-35  5.69128E+01
   3.00000E+04  1.46888E+00  7.79615E-02  3.42617E+01  1.00000E-35  3.58085E+01
   3.50000E+04  1.18814E+00  8.20794E-02  2.28611E+01  1.00000E-35  2.41313E+01
   4.00000E+04  9.76403E-01  8.53160E-02  1.60552E+01  1.00000E-35  1.71169E+01
   4.50000E+04  8.11992E-01  8.78432E-02  1.17320E+01  1.00000E-35  1.26318E+01
   5.00000E+04  6.85098E-01  8.98483E-02  8.84887E+00  1.00000E-35  9.62381E+00
   5.50000E+04  5.84884E-01  9.14103E-02  6.84933E+00  1.00000E-35  7.52562E+00
   6.00000E+04  5.03267E-01  9.26052E-02  5.41713E+00  1.00000E-35  6.01300E+00
   7.00000E+04  3.82767E-01  9.41719E-02  3.56959E+00  1.00000E-35  4.04653E+00
   8.00000E+04  3.00078E-01  9.49808E-02  2.48400E+00  1.00000E-35  2.87906E+00
   9.00000E+04  2.38596E-01  9.52636E-02  1.80278E+00  1.00000E-35  2.13664E+00
   1.00000E+05  1.86285E-01  9.51840E-02  1.35287E+00  1.00000E-35  1.63434E+00
   1.03919E+05  1.59185E-01  9.50489E-02  1.21809E+00  1.00000E-35  1.47233E+00
   1.03919E+05  1.59185E-01  9.50489E-02  5.49911E+00  1.00000E-35  5.75334E+00
   1.04011E+05  1.59040E-01  9.50456E-02  5.40181E+00  1.00000E-35  5.65590E+00
   1.04104E+05  1.58894E-01  9.50424E-02  5.38950E+00  1.00000E-35  5.64344E+00
   1.04289E+05  1.58605E-01  9.50359E-02  5.36736E+00  1.00000E-35  5.62100E+00
   1.04660E+05  1.58027E-01  9.50230E-02  5.32042E+00  1.00000E-35  5.57347E+00
   1.05407E+05  1.59984E-01  9.49971E-02  5.22458E+00  1.00000E-35  5.47956E+00
   1.06916E+05  1.64851E-01  9.49453E-02  5.04074E+00  1.00000E-35  5.30054E+00
   1.10000E+05  1.66105E-01  9.48209E-02  4.69129E+00  1.00000E-35  4.95222E+00
   1.25000E+05  1.42696E-01  9.39186E-02  3.38367E+00  1.00000E-35  3.62029E+00
   1.40000E+05  1.19227E-01  9.27565E-02  2.52678E+00  1.00000E-35  2.73876E+00
   1.50000E+05  1.06234E-01  9.18583E-02  2.11344E+00  1.00000E-35  2.31153E+00
   1.75000E+05  8.12138E-02  8.94963E-02  1.41611E+00  1.00000E-35  1.58682E+00
   2.00000E+05  6.39425E-02  8.71116E-02  1.00074E+00  1.00000E-35  1.15179E+00
   2.20000E+05  5.37954E-02  8.52330E-02  7.81538E-01  1.00000E-35  9.20567E-01
   2.50000E+05  4.25179E-02  8.25404E-02  5.61922E-01  1.00000E-35  6.86980E-01
   3.00000E+05  3.02632E-02  7.84227E-02  3.52928E-01  1.00000E-35  4.61614E-01
   3.50000E+05  2.26174E-02  7.47536E-02  2.39867E-01  1.00000E-35  3.37238E-01
   4.00000E+05  1.75274E-02  7.14906E-02  1.72807E-01  1.00000E-35  2.61825E-01
   4.50000E+05  1.39829E-02  6.85759E-02  1.30166E-01  1.00000E-35  2.12725E-01
   5.00000E+05  1.14120E-02  6.59515E-02  1.01536E-01  1.00000E-35  1.78900E-01
   5.50000E+05  9.48641E-03  6.35630E-02  8.14578E-02  1.00000E-35  1.54507E-01
   6.00000E+05  8.01367E-03  6.13891E-02  6.68657E-02  1.00000E-35  1.36268E-01
   7.00000E+05  5.93622E-03  5.75729E-02  4.75545E-02  1.00000E-35  1.11064E-01
   8.00000E+05  4.57148E-03  5.43072E-02  3.57271E-02  1.00000E-35  9.46058E-02
   9.00000E+05  3.63063E-03  5.14911E-02  2.79585E-02  1.00000E-35  8.30802E-02
   1.00000E+06  2.95435E-03  4.90108E-02  2.25757E-02  1.00000E-35  7.45409E-02
   1.10000E+06  2.44905E-03  4.68123E-02  1.86864E-02  1.67881E-05  6.79645E-02
   1.25000E+06  1.90345E-03  4.39396E-02  1.45928E-02  4.02876E-04  6.08388E-02
   1.40000E+06  1.52233E-03  4.14642E-02  1.17900E-02  1.26691E-03  5.60434E-02
   1.50000E+06  1.32852E-03  3.99972E-02  1.03821E-02  2.03225E-03  5.37401E-02
   1.75000E+06  9.78646E-04  3.68152E-02  7.87040E-03  4.03604E-03  4.97003E-02
   2.00000E+06  7.50595E-04  3.41811E-02  6.24035E-03  6.00522E-03  4.71772E-02
   2.20000E+06  6.21106E-04  3.23744E-02  5.30957E-03  7.52967E-03  4.58347E-02
   2.50000E+06  4.81794E-04  3.00496E-02  4.29911E-03  9.66312E-03  4.44936E-02
   3.00000E+06  3.35160E-04  2.69262E-02  3.21545E-03  1.27818E-02  4.32586E-02
   3.50000E+06  2.46358E-04  2.44684E-02  2.53918E-03  1.55831E-02  4.28370E-02
   4.00000E+06  1.88694E-04  2.24694E-02  2.08337E-03  1.81158E-02  4.28573E-02
   4.50000E+06  1.49144E-04  2.08132E-02  1.75838E-03  2.04535E-02  4.31742E-02
   5.00000E+06  1.20845E-04  1.94146E-02  1.51650E-03  2.25850E-02  4.36369E-02
   5.50000E+06  9.99006E-05  1.82090E-02  1.33029E-03  2.45461E-02  4.41852E-02
   6.00000E+06  8.39664E-05  1.71598E-02  1.18307E-03  2.64361E-02  4.48630E-02
   7.00000E+06  6.17181E-05  1.54217E-02  9.65970E-04  2.98601E-02  4.63094E-02
   8.00000E+06  4.72720E-05  1.40352E-02  8.14296E-04  3.29357E-02  4.78325E-02
   9.00000E+06  3.73582E-05  1.28998E-02  7.02787E-04  3.57432E-02  4.93832E-02
   1.00000E+07  3.02610E-05  1.19510E-02  6.17566E-04  3.83335E-02  5.09323E-02
   1.10000E+07  2.50095E-05  1.11450E-02  5.50425E-04  4.07342E-02  5.24547E-02
   1.25000E+07  1.93675E-05  1.01384E-02  4.69825E-04  4.40209E-02  5.46485E-02
   1.40000E+07  1.54400E-05  9.31290E-03  4.09158E-04  4.70120E-02  5.67494E-02
   1.50000E+07  1.34500E-05  8.84020E-03  3.76480E-04  4.88394E-02  5.80695E-02
   1.75000E+07  9.88183E-06  7.86035E-03  3.13350E-04  5.28838E-02  6.10673E-02
   2.00000E+07  7.56592E-06  7.09132E-03  2.67971E-04  5.63955E-02  6.37624E-02
   2.20000E+07  6.25291E-06  6.58500E-03  2.39983E-04  5.89133E-02  6.57446E-02
   2.50000E+07  4.84234E-06  5.95742E-03  2.07324E-04  6.22708E-02  6.84404E-02
   3.00000E+07  3.36276E-06  5.15709E-03  1.68796E-04  6.69721E-02  7.23014E-02
   3.50000E+07  2.47061E-06  4.55933E-03  1.42224E-04  7.08716E-02  7.55756E-02
   4.00000E+07  1.89156E-06  4.09440E-03  1.22819E-04  7.42051E-02  7.84242E-02
   4.50000E+07  1.49457E-06  3.72140E-03  1.08040E-04  7.70675E-02  8.08984E-02
   5.00000E+07  1.21060E-06  3.41508E-03  9.64161E-05  7.95485E-02  8.30612E-02
   5.50000E+07  1.00050E-06  3.15864E-03  8.70385E-05  8.17153E-02  8.49620E-02
   6.00000E+07  8.40701E-07  2.94052E-03  7.93157E-05  8.36997E-02  8.67204E-02
   7.00000E+07  6.17659E-07  2.58873E-03  6.73495E-05  8.70559E-02  8.97126E-02
   8.00000E+07  4.72897E-07  2.31679E-03  5.85117E-05  8.98308E-02  9.22065E-02
   9.00000E+07  3.73647E-07  2.09969E-03  5.17193E-05  9.21493E-02  9.43011E-02
   1.00000E+08  3.02655E-07  1.92215E-03  4.63372E-05  9.41358E-02  9.61046E-02
   1.10000E+08  2.50128E-07  1.77404E-03  4.19680E-05  9.58577E-02  9.76740E-02
   1.25000E+08  1.93698E-07  1.59248E-03  3.67659E-05  9.80436E-02  9.96730E-02
   1.40000E+08  1.54416E-07  1.44663E-03  3.27097E-05  9.98770E-02  1.01357E-01
   1.50000E+08  1.34513E-07  1.36424E-03  3.04685E-05  1.00940E-01  1.02335E-01
   1.75000E+08  9.88259E-08  1.19622E-03  2.60116E-05  1.03185E-01  1.04407E-01
   2.00000E+08  7.56638E-08  1.06703E-03  2.26916E-05  1.04990E-01  1.06080E-01
   2.20000E+08  6.25320E-08  9.83196E-04  2.05890E-05  1.06193E-01  1.07197E-01
   2.50000E+08  4.84248E-08  8.80726E-04  1.80763E-05  1.07703E-01  1.08602E-01
   3.00000E+08  3.36282E-08  7.52360E-04  1.50206E-05  1.09685E-01  1.10453E-01
   3.50000E+08  2.47065E-08  6.58205E-04  1.28485E-05  1.11203E-01  1.11874E-01
   4.00000E+08  1.89159E-08  5.86024E-04  1.12251E-05  1.12404E-01  1.13001E-01
   4.50000E+08  1.49459E-08  5.28807E-04  9.96593E-06  1.13368E-01  1.13907E-01
   5.00000E+08  1.21062E-08  4.82286E-04  8.96072E-06  1.14170E-01  1.14661E-01
   5.50000E+08  1.00051E-08  4.43667E-04  8.13968E-06  1.14842E-01  1.15294E-01
   6.00000E+08  8.40705E-09  4.11065E-04  7.45647E-06  1.15453E-01  1.15871E-01
   7.00000E+08  6.17661E-09  3.58970E-04  6.38465E-06  1.16401E-01  1.16767E-01
   8.00000E+08  4.72897E-09  3.19117E-04  5.58221E-06  1.17138E-01  1.17463E-01
   9.00000E+08  3.73647E-09  2.87596E-04  4.95895E-06  1.17736E-01  1.18028E-01
   1.00000E+09  3.02655E-09  2.62004E-04  4.46088E-06  1.18232E-01  1.18498E-01
