 # Material data file: Ta                  
 # 
 # PENELOPE >>>  Photon mass attenuation coefficients (mac).
 # 
 #   Energy       mac_Ra       mac_Co       mac_ph       mac_pp       mac_tot
 #    (eV)       (cm**2/g)    (cm**2/g)    (cm**2/g)    (cm**2/g)    (cm**2/g)
 #------------------------------------------------------------------------------
   5.00000E+01  8.41421E-01  5.56729E-03  2.73871E+04  1.00000E-35  2.73880E+04
   5.50000E+01  6.99633E-01  5.57385E-03  2.20042E+04  1.00000E-35  2.20049E+04
   5.74456E+01  6.48180E-01  5.57707E-03  2.00011E+04  1.00000E-35  2.00018E+04
   6.00000E+01  6.02308E-01  5.58038E-03  1.83076E+04  1.00000E-35  1.83083E+04
   6.23574E+01  5.64394E-01  5.58348E-03  1.70596E+04  1.00000E-35  1.70602E+04
   6.35706E+01  5.46341E-01  5.58504E-03  1.65196E+04  1.00000E-35  1.65202E+04
   6.48074E+01  5.28896E-01  5.58664E-03  1.60378E+04  1.00000E-35  1.60384E+04
   6.60683E+01  5.12027E-01  5.58832E-03  1.56139E+04  1.00000E-35  1.56144E+04
   6.73537E+01  4.95694E-01  5.59001E-03  1.52345E+04  1.00000E-35  1.52350E+04
   6.86641E+01  4.79884E-01  5.59170E-03  1.49067E+04  1.00000E-35  1.49072E+04
   7.00000E+01  4.64578E-01  5.59339E-03  1.46286E+04  1.00000E-35  1.46291E+04
   7.19722E+01  4.42609E-01  5.59603E-03  1.43084E+04  1.00000E-35  1.43088E+04
   7.40000E+01  4.21800E-01  5.59868E-03  1.40724E+04  1.00000E-35  1.40728E+04
   7.40000E+01  4.21800E-01  5.59868E-03  1.42599E+04  1.00000E-35  1.42603E+04
   7.54564E+01  4.14735E-01  5.60054E-03  1.41383E+04  1.00000E-35  1.41388E+04
   7.69415E+01  4.04857E-01  5.60247E-03  1.40585E+04  1.00000E-35  1.40589E+04
   7.84559E+01  3.92835E-01  5.60450E-03  1.40145E+04  1.00000E-35  1.40149E+04
   8.00000E+01  3.82656E-01  5.60652E-03  1.40096E+04  1.00000E-35  1.40100E+04
   8.23907E+01  3.68552E-01  5.60958E-03  1.40667E+04  1.00000E-35  1.40670E+04
   8.48528E+01  3.57072E-01  5.61284E-03  1.41945E+04  1.00000E-35  1.41948E+04
   8.73885E+01  3.47134E-01  5.61617E-03  1.43852E+04  1.00000E-35  1.43856E+04
   9.00000E+01  3.39644E-01  5.61949E-03  1.46313E+04  1.00000E-35  1.46316E+04
   9.48683E+01  3.32830E-01  5.62592E-03  1.51842E+04  1.00000E-35  1.51846E+04
   1.00000E+02  3.35320E-01  5.63257E-03  1.58327E+04  1.00000E-35  1.58331E+04
   1.10000E+02  3.67148E-01  5.64563E-03  1.70884E+04  1.00000E-35  1.70888E+04
   1.17260E+02  4.08736E-01  5.65503E-03  1.78837E+04  1.00000E-35  1.78841E+04
   1.25000E+02  4.65296E-01  5.66514E-03  1.85903E+04  1.00000E-35  1.85908E+04
   1.32288E+02  5.28234E-01  5.67471E-03  1.91402E+04  1.00000E-35  1.91408E+04
   1.40000E+02  6.03137E-01  5.68470E-03  1.96137E+04  1.00000E-35  1.96143E+04
   1.44914E+02  6.54989E-01  5.69116E-03  1.98571E+04  1.00000E-35  1.98578E+04
   1.50000E+02  7.11295E-01  5.69762E-03  2.00628E+04  1.00000E-35  2.00635E+04
   1.55893E+02  7.79919E-01  5.70547E-03  2.02395E+04  1.00000E-35  2.02403E+04
   1.62019E+02  8.54083E-01  5.71332E-03  2.03589E+04  1.00000E-35  2.03597E+04
   1.68384E+02  9.33744E-01  5.72173E-03  2.04092E+04  1.00000E-35  2.04101E+04
   1.75000E+02  1.01829E+00  5.73028E-03  2.03900E+04  1.00000E-35  2.03910E+04
   1.80941E+02  1.09372E+00  5.73805E-03  2.03180E+04  1.00000E-35  2.03191E+04
   1.87083E+02  1.17133E+00  5.74610E-03  2.01945E+04  1.00000E-35  2.01957E+04
   1.93434E+02  1.25028E+00  5.75419E-03  2.00298E+04  1.00000E-35  2.00311E+04
   2.00000E+02  1.32810E+00  5.76294E-03  1.98233E+04  1.00000E-35  1.98246E+04
   2.09762E+02  1.43960E+00  5.77545E-03  1.94666E+04  1.00000E-35  1.94680E+04
   2.20000E+02  1.53636E+00  5.78924E-03  1.90391E+04  1.00000E-35  1.90406E+04
   2.32000E+02  1.76186E+00  5.80529E-03  1.84849E+04  1.00000E-35  1.84866E+04
   2.32000E+02  1.76186E+00  5.80529E-03  1.94444E+04  1.00000E-35  1.94462E+04
   2.38411E+02  1.89604E+00  5.81434E-03  1.90619E+04  1.00000E-35  1.90639E+04
   2.45000E+02  1.99911E+00  5.82341E-03  1.87431E+04  1.00000E-35  1.87451E+04
   2.45000E+02  1.99911E+00  5.82341E-03  1.94213E+04  1.00000E-35  1.94233E+04
   2.50000E+02  2.08265E+00  5.83039E-03  1.90737E+04  1.00000E-35  1.90758E+04
   2.61659E+02  2.25340E+00  5.84828E-03  1.83195E+04  1.00000E-35  1.83217E+04
   2.73861E+02  2.38518E+00  5.86740E-03  1.74328E+04  1.00000E-35  1.74352E+04
   3.00000E+02  2.60342E+00  5.91621E-03  1.57378E+04  1.00000E-35  1.57404E+04
   3.50000E+02  2.95880E+00  6.04432E-03  1.33882E+04  1.00000E-35  1.33912E+04
   3.74166E+02  3.09331E+00  6.13185E-03  1.24556E+04  1.00000E-35  1.24587E+04
   4.00000E+02  3.29149E+00  6.24484E-03  1.15458E+04  1.00000E-35  1.15491E+04
   4.07000E+02  3.38059E+00  6.27634E-03  1.13118E+04  1.00000E-35  1.13152E+04
   4.07000E+02  3.38059E+00  6.27634E-03  1.20321E+04  1.00000E-35  1.20355E+04
   4.17349E+02  3.49378E+00  6.32774E-03  1.17706E+04  1.00000E-35  1.17741E+04
   4.27960E+02  3.58382E+00  6.38807E-03  1.14496E+04  1.00000E-35  1.14531E+04
   4.50000E+02  3.73636E+00  6.51094E-03  1.07659E+04  1.00000E-35  1.07696E+04
   4.69000E+02  3.87056E+00  6.63929E-03  1.02164E+04  1.00000E-35  1.02203E+04
   4.69000E+02  3.87056E+00  6.63929E-03  1.03794E+04  1.00000E-35  1.03833E+04
   5.00000E+02  4.07041E+00  6.85560E-03  9.55965E+03  1.00000E-35  9.56372E+03
   5.24404E+02  4.18224E+00  7.04011E-03  8.95970E+03  1.00000E-35  8.96388E+03
   5.50000E+02  4.28680E+00  7.24725E-03  8.37975E+03  1.00000E-35  8.38404E+03
   5.70000E+02  4.41382E+00  7.41279E-03  7.95808E+03  1.00000E-35  7.96250E+03
   5.70000E+02  4.41382E+00  7.41279E-03  8.20835E+03  1.00000E-35  8.21277E+03
   5.77356E+02  4.45140E+00  7.47314E-03  8.02810E+03  1.00000E-35  8.03256E+03
   5.84808E+02  4.48874E+00  7.53869E-03  7.87165E+03  1.00000E-35  7.87615E+03
   6.00000E+02  4.55669E+00  7.67500E-03  7.58131E+03  1.00000E-35  7.58587E+03
   6.48074E+02  4.71893E+00  8.11222E-03  6.74077E+03  1.00000E-35  6.74550E+03
   7.00000E+02  4.84308E+00  8.60569E-03  5.96054E+03  1.00000E-35  5.96539E+03
   7.48331E+02  4.91741E+00  9.07746E-03  5.33776E+03  1.00000E-35  5.34268E+03
   8.00000E+02  4.96795E+00  9.59354E-03  4.76350E+03  1.00000E-35  4.76848E+03
   9.00000E+02  5.00439E+00  1.05952E-02  3.86802E+03  1.00000E-35  3.87303E+03
   1.00000E+03  4.96471E+00  1.15843E-02  3.18704E+03  1.00000E-35  3.19202E+03
   1.10000E+03  4.85725E+00  1.25460E-02  2.66120E+03  1.00000E-35  2.66607E+03
   1.25000E+03  4.57107E+00  1.39263E-02  2.07417E+03  1.00000E-35  2.07875E+03
   1.40000E+03  4.13752E+00  1.52228E-02  1.65257E+03  1.00000E-35  1.65672E+03
   1.50000E+03  3.71421E+00  1.60477E-02  1.43527E+03  1.00000E-35  1.43900E+03
   1.61416E+03  2.98164E+00  1.69535E-02  1.23271E+03  1.00000E-35  1.23571E+03
   1.73700E+03  1.51437E+00  1.78908E-02  1.05643E+03  1.00000E-35  1.05796E+03
   1.73700E+03  1.51437E+00  1.78908E-02  1.10745E+03  1.00000E-35  1.10898E+03
   1.73862E+03  1.53093E+00  1.79028E-02  1.12260E+03  1.00000E-35  1.12415E+03
   1.74024E+03  1.56331E+00  1.79148E-02  1.15240E+03  1.00000E-35  1.15398E+03
   1.74186E+03  1.59635E+00  1.79268E-02  1.20054E+03  1.00000E-35  1.20216E+03
   1.74349E+03  1.63027E+00  1.79388E-02  1.26986E+03  1.00000E-35  1.27151E+03
   1.74511E+03  1.66466E+00  1.79508E-02  1.36106E+03  1.00000E-35  1.36275E+03
   1.74674E+03  1.69997E+00  1.79628E-02  1.47171E+03  1.00000E-35  1.47342E+03
   1.74837E+03  1.73599E+00  1.79749E-02  1.59625E+03  1.00000E-35  1.59800E+03
   1.75000E+03  1.77273E+00  1.79869E-02  1.72635E+03  1.00000E-35  1.72814E+03
   1.75142E+03  1.80535E+00  1.79974E-02  1.83857E+03  1.00000E-35  1.84039E+03
   1.75284E+03  1.83854E+00  1.80079E-02  1.94538E+03  1.00000E-35  1.94724E+03
   1.75426E+03  1.87269E+00  1.80184E-02  2.04419E+03  1.00000E-35  2.04608E+03
   1.75568E+03  1.90849E+00  1.80289E-02  2.13304E+03  1.00000E-35  2.13496E+03
   1.75711E+03  1.94521E+00  1.80394E-02  2.21420E+03  1.00000E-35  2.21616E+03
   1.75853E+03  1.98234E+00  1.80499E-02  2.28581E+03  1.00000E-35  2.28781E+03
   1.75996E+03  2.02042E+00  1.80604E-02  2.35085E+03  1.00000E-35  2.35288E+03
   1.76139E+03  2.05920E+00  1.80710E-02  2.40925E+03  1.00000E-35  2.41133E+03
   1.76282E+03  2.09869E+00  1.80815E-02  2.46242E+03  1.00000E-35  2.46453E+03
   1.76425E+03  2.13890E+00  1.80921E-02  2.51165E+03  1.00000E-35  2.51380E+03
   1.76711E+03  2.22155E+00  1.81131E-02  2.59938E+03  1.00000E-35  2.60161E+03
   1.76998E+03  2.30756E+00  1.81343E-02  2.67751E+03  1.00000E-35  2.67983E+03
   1.77285E+03  2.37126E+00  1.81554E-02  2.74516E+03  1.00000E-35  2.74755E+03
   1.77573E+03  2.43560E+00  1.81766E-02  2.80504E+03  1.00000E-35  2.80750E+03
   1.77861E+03  2.50159E+00  1.81978E-02  2.85554E+03  1.00000E-35  2.85806E+03
   1.78150E+03  2.56948E+00  1.82190E-02  2.89769E+03  1.00000E-35  2.90027E+03
   1.78439E+03  2.63910E+00  1.82402E-02  2.93112E+03  1.00000E-35  2.93377E+03
   1.78728E+03  2.70882E+00  1.82615E-02  2.95612E+03  1.00000E-35  2.95885E+03
   1.79018E+03  2.77593E+00  1.82828E-02  2.97485E+03  1.00000E-35  2.97765E+03
   1.79600E+03  2.91532E+00  1.83255E-02  2.99391E+03  1.00000E-35  2.99685E+03
   1.79600E+03  2.91532E+00  1.83255E-02  3.03284E+03  1.00000E-35  3.03577E+03
   1.79751E+03  2.95254E+00  1.83365E-02  3.04395E+03  1.00000E-35  3.04692E+03
   1.79902E+03  2.99020E+00  1.83476E-02  3.06138E+03  1.00000E-35  3.06439E+03
   1.80053E+03  3.02831E+00  1.83587E-02  3.08785E+03  1.00000E-35  3.09090E+03
   1.80205E+03  3.06712E+00  1.83698E-02  3.12523E+03  1.00000E-35  3.12832E+03
   1.80356E+03  3.10652E+00  1.83809E-02  3.17360E+03  1.00000E-35  3.17672E+03
   1.80508E+03  3.14733E+00  1.83920E-02  3.23332E+03  1.00000E-35  3.23648E+03
   1.80812E+03  3.23047E+00  1.84142E-02  3.37460E+03  1.00000E-35  3.37784E+03
   1.81116E+03  3.31566E+00  1.84365E-02  3.52263E+03  1.00000E-35  3.52596E+03
   1.81268E+03  3.35904E+00  1.84476E-02  3.59092E+03  1.00000E-35  3.59430E+03
   1.81421E+03  3.40324E+00  1.84588E-02  3.65266E+03  1.00000E-35  3.65608E+03
   1.81726E+03  3.49298E+00  1.84811E-02  3.75676E+03  1.00000E-35  3.76027E+03
   1.82032E+03  3.58229E+00  1.85035E-02  3.83953E+03  1.00000E-35  3.84313E+03
   1.82338E+03  3.66187E+00  1.85258E-02  3.90582E+03  1.00000E-35  3.90950E+03
   1.82645E+03  3.74334E+00  1.85482E-02  3.96230E+03  1.00000E-35  3.96606E+03
   1.83260E+03  3.91162E+00  1.85931E-02  4.05342E+03  1.00000E-35  4.05735E+03
   1.83877E+03  4.06959E+00  1.86380E-02  4.11689E+03  1.00000E-35  4.12098E+03
   1.84496E+03  4.20124E+00  1.86831E-02  4.15227E+03  1.00000E-35  4.15649E+03
   1.85117E+03  4.33713E+00  1.87283E-02  4.16305E+03  1.00000E-35  4.16740E+03
   1.85741E+03  4.46154E+00  1.87736E-02  4.15576E+03  1.00000E-35  4.16024E+03
   1.86994E+03  4.70027E+00  1.88645E-02  4.12042E+03  1.00000E-35  4.12514E+03
   1.89526E+03  5.10265E+00  1.90471E-02  4.02693E+03  1.00000E-35  4.03205E+03
   1.92092E+03  5.45566E+00  1.92284E-02  3.91391E+03  1.00000E-35  3.91938E+03
   1.94692E+03  5.75255E+00  1.94114E-02  3.79150E+03  1.00000E-35  3.79727E+03
   2.00000E+03  6.15205E+00  1.97828E-02  3.55461E+03  1.00000E-35  3.56078E+03
   2.19700E+03  6.69880E+00  2.11178E-02  2.81650E+03  1.00000E-35  2.82322E+03
   2.19700E+03  6.69880E+00  2.11178E-02  3.17872E+03  1.00000E-35  3.18544E+03
   2.19850E+03  6.71265E+00  2.11278E-02  3.20302E+03  1.00000E-35  3.20975E+03
   2.20000E+03  6.72651E+00  2.11377E-02  3.21734E+03  1.00000E-35  3.22409E+03
   2.20401E+03  6.76367E+00  2.11644E-02  3.23608E+03  1.00000E-35  3.24287E+03
   2.20803E+03  6.80104E+00  2.11910E-02  3.24095E+03  1.00000E-35  3.24777E+03
   2.21205E+03  6.83601E+00  2.12177E-02  3.23577E+03  1.00000E-35  3.24263E+03
   2.21609E+03  6.87127E+00  2.12445E-02  3.22368E+03  1.00000E-35  3.23058E+03
   2.23229E+03  7.00837E+00  2.13517E-02  3.15616E+03  1.00000E-35  3.16319E+03
   2.26506E+03  7.21725E+00  2.15647E-02  3.04669E+03  1.00000E-35  3.05393E+03
   2.33204E+03  7.42990E+00  2.19956E-02  2.84560E+03  1.00000E-35  2.85305E+03
   2.47200E+03  7.62362E+00  2.28797E-02  2.47693E+03  1.00000E-35  2.48458E+03
   2.47200E+03  7.62362E+00  2.28797E-02  2.59034E+03  1.00000E-35  2.59798E+03
   2.47548E+03  7.63588E+00  2.29012E-02  2.60417E+03  1.00000E-35  2.61183E+03
   2.47897E+03  7.64817E+00  2.29228E-02  2.60713E+03  1.00000E-35  2.61480E+03
   2.48596E+03  7.67279E+00  2.29659E-02  2.60041E+03  1.00000E-35  2.60811E+03
   2.50000E+03  7.72231E+00  2.30525E-02  2.56588E+03  1.00000E-35  2.57363E+03
   2.71200E+03  8.03747E+00  2.43358E-02  2.11927E+03  1.00000E-35  2.12733E+03
   2.71200E+03  8.03747E+00  2.43358E-02  2.23005E+03  1.00000E-35  2.23811E+03
   2.72057E+03  8.06210E+00  2.43865E-02  2.20142E+03  1.00000E-35  2.20950E+03
   2.72916E+03  8.08679E+00  2.44373E-02  2.18309E+03  1.00000E-35  2.19120E+03
   2.74643E+03  8.13642E+00  2.45391E-02  2.15319E+03  1.00000E-35  2.16135E+03
   2.78130E+03  8.20444E+00  2.47441E-02  2.09146E+03  1.00000E-35  2.09968E+03
   2.85237E+03  8.27356E+00  2.51592E-02  1.97242E+03  1.00000E-35  1.98072E+03
   3.00000E+03  8.32490E+00  2.60042E-02  1.75284E+03  1.00000E-35  1.76119E+03
   3.50000E+03  8.15225E+00  2.87428E-02  1.21469E+03  1.00000E-35  1.22287E+03
   4.00000E+03  7.76598E+00  3.13202E-02  8.78607E+02  1.00000E-35  8.86404E+02
   4.50000E+03  7.30305E+00  3.37608E-02  6.57590E+02  1.00000E-35  6.64927E+02
   5.00000E+03  6.84102E+00  3.60803E-02  5.06026E+02  1.00000E-35  5.12903E+02
   5.50000E+03  6.38976E+00  3.82940E-02  3.98453E+02  1.00000E-35  4.04881E+02
   6.00000E+03  5.96088E+00  4.04125E-02  3.19856E+02  1.00000E-35  3.25858E+02
   7.00000E+03  5.16816E+00  4.43704E-02  2.16005E+02  1.00000E-35  2.21217E+02
   8.00000E+03  4.43846E+00  4.79910E-02  1.53256E+02  1.00000E-35  1.57742E+02
   9.00000E+03  3.70387E+00  5.13433E-02  1.12974E+02  1.00000E-35  1.16729E+02
   9.88400E+03  2.72033E+00  5.41356E-02  8.84944E+01  1.00000E-35  9.12688E+01
   9.88400E+03  2.72033E+00  5.41356E-02  2.02649E+02  1.00000E-35  2.05424E+02
   9.89121E+03  2.71956E+00  5.41578E-02  2.31464E+02  1.00000E-35  2.34238E+02
   9.89843E+03  2.71879E+00  5.41800E-02  2.39512E+02  1.00000E-35  2.42285E+02
   9.90565E+03  2.71802E+00  5.42022E-02  2.39236E+02  1.00000E-35  2.42008E+02
   9.91287E+03  2.72325E+00  5.42244E-02  2.36301E+02  1.00000E-35  2.39079E+02
   9.92010E+03  2.73202E+00  5.42467E-02  2.33837E+02  1.00000E-35  2.36624E+02
   9.92734E+03  2.74083E+00  5.42689E-02  2.32332E+02  1.00000E-35  2.35127E+02
   9.94183E+03  2.75852E+00  5.43134E-02  2.31631E+02  1.00000E-35  2.34444E+02
   1.00000E+04  2.83044E+00  5.44918E-02  2.28282E+02  1.00000E-35  2.31167E+02
   1.01199E+04  2.99149E+00  5.48581E-02  2.21844E+02  1.00000E-35  2.24890E+02
   1.02411E+04  3.08248E+00  5.52264E-02  2.15112E+02  1.00000E-35  2.18249E+02
   1.04881E+04  3.12182E+00  5.59602E-02  2.01859E+02  1.00000E-35  2.05037E+02
   1.10000E+04  2.90695E+00  5.74570E-02  1.77680E+02  1.00000E-35  1.80644E+02
   1.11390E+04  2.85037E+00  5.78581E-02  1.71742E+02  1.00000E-35  1.74651E+02
   1.11390E+04  2.85037E+00  5.78581E-02  2.18629E+02  1.00000E-35  2.21537E+02
   1.11473E+04  2.84884E+00  5.78818E-02  2.35109E+02  1.00000E-35  2.38016E+02
   1.11556E+04  2.84730E+00  5.79052E-02  2.38131E+02  1.00000E-35  2.41036E+02
   1.11723E+04  2.84629E+00  5.79522E-02  2.35384E+02  1.00000E-35  2.38288E+02
   1.11806E+04  2.84940E+00  5.79756E-02  2.34223E+02  1.00000E-35  2.37130E+02
   1.11890E+04  2.85254E+00  5.79993E-02  2.33696E+02  1.00000E-35  2.36606E+02
   1.12057E+04  2.85880E+00  5.80463E-02  2.33040E+02  1.00000E-35  2.35957E+02
   1.12728E+04  2.88407E+00  5.82348E-02  2.29534E+02  1.00000E-35  2.32476E+02
   1.14082E+04  2.94305E+00  5.86137E-02  2.22508E+02  1.00000E-35  2.25510E+02
   1.16840E+04  3.00356E+00  5.93791E-02  2.08970E+02  1.00000E-35  2.12033E+02
   1.16840E+04  3.00356E+00  5.93791E-02  2.46496E+02  1.00000E-35  2.49559E+02
   1.16902E+04  3.00537E+00  5.93962E-02  2.42737E+02  1.00000E-35  2.45802E+02
   1.16963E+04  3.00737E+00  5.94131E-02  2.41190E+02  1.00000E-35  2.44256E+02
   1.17087E+04  3.01305E+00  5.94473E-02  2.40416E+02  1.00000E-35  2.43489E+02
   1.17334E+04  3.02438E+00  5.95153E-02  2.39864E+02  1.00000E-35  2.42948E+02
   1.17830E+04  3.04718E+00  5.96519E-02  2.37213E+02  1.00000E-35  2.40320E+02
   1.18829E+04  3.09134E+00  5.99260E-02  2.32208E+02  1.00000E-35  2.35360E+02
   1.20851E+04  3.14713E+00  6.04777E-02  2.22490E+02  1.00000E-35  2.25698E+02
   1.25000E+04  3.16088E+00  6.15715E-02  2.04289E+02  1.00000E-35  2.07512E+02
   1.40000E+04  2.97493E+00  6.53191E-02  1.52789E+02  1.00000E-35  1.55830E+02
   1.50000E+04  2.80146E+00  6.76236E-02  1.27794E+02  1.00000E-35  1.30663E+02
   1.75000E+04  2.37792E+00  7.27859E-02  8.54159E+01  1.00000E-35  8.78666E+01
   2.00000E+04  2.02632E+00  7.71948E-02  6.00307E+01  1.00000E-35  6.21342E+01
   2.20000E+04  1.79591E+00  8.02523E-02  4.65810E+01  1.00000E-35  4.84572E+01
   2.50000E+04  1.51498E+00  8.41469E-02  3.30703E+01  1.00000E-35  3.46694E+01
   3.00000E+04  1.16615E+00  8.92129E-02  2.02055E+01  1.00000E-35  2.14609E+01
   3.50000E+04  9.22180E-01  9.29483E-02  1.32776E+01  1.00000E-35  1.42928E+01
   4.00000E+04  7.43919E-01  9.57609E-02  9.20930E+00  1.00000E-35  1.00490E+01
   4.50000E+04  6.08096E-01  9.78525E-02  6.65927E+00  1.00000E-35  7.36522E+00
   5.00000E+04  5.05730E-01  9.94481E-02  4.97749E+00  1.00000E-35  5.58267E+00
   5.50000E+04  4.25559E-01  1.00648E-01  3.82215E+00  1.00000E-35  4.34836E+00
   6.00000E+04  3.58024E-01  1.01529E-01  3.00145E+00  1.00000E-35  3.46100E+00
   6.74190E+04  2.49097E-01  1.02364E-01  2.16837E+00  1.00000E-35  2.51984E+00
   6.74190E+04  2.49097E-01  1.02364E-01  1.22220E+01  1.00000E-35  1.25735E+01
   6.74586E+04  2.49066E-01  1.02367E-01  1.11113E+01  1.00000E-35  1.14627E+01
   6.74982E+04  2.49034E-01  1.02370E-01  1.10988E+01  1.00000E-35  1.14502E+01
   6.75775E+04  2.48970E-01  1.02376E-01  1.10798E+01  1.00000E-35  1.14312E+01
   6.77363E+04  2.48843E-01  1.02389E-01  1.10147E+01  1.00000E-35  1.13659E+01
   6.80552E+04  2.50167E-01  1.02413E-01  1.08893E+01  1.00000E-35  1.12419E+01
   6.86974E+04  2.57300E-01  1.02461E-01  1.06367E+01  1.00000E-35  1.09965E+01
   7.00000E+04  2.67360E-01  1.02558E-01  1.01421E+01  1.00000E-35  1.05120E+01
   8.00000E+04  2.39939E-01  1.02895E-01  7.17142E+00  1.00000E-35  7.51426E+00
   9.00000E+04  2.02268E-01  1.02755E-01  5.26234E+00  1.00000E-35  5.56737E+00
   1.00000E+05  1.71181E-01  1.02280E-01  3.97881E+00  1.00000E-35  4.25227E+00
   1.10000E+05  1.45812E-01  1.01522E-01  3.08383E+00  1.00000E-35  3.33116E+00
   1.25000E+05  1.16476E-01  1.00101E-01  2.18610E+00  1.00000E-35  2.40268E+00
   1.40000E+05  9.50839E-02  9.85409E-02  1.60874E+00  1.00000E-35  1.80237E+00
   1.50000E+05  8.38721E-02  9.74332E-02  1.33410E+00  1.00000E-35  1.51541E+00
   1.75000E+05  6.33639E-02  9.46427E-02  8.77632E-01  1.00000E-35  1.03564E+00
   2.00000E+05  4.95870E-02  9.19076E-02  6.10880E-01  1.00000E-35  7.52375E-01
   2.20000E+05  4.15607E-02  8.97936E-02  4.72110E-01  1.00000E-35  6.03464E-01
   2.50000E+05  3.26976E-02  8.68054E-02  3.34840E-01  1.00000E-35  4.54343E-01
   3.00000E+05  2.31176E-02  8.22951E-02  2.06388E-01  1.00000E-35  3.11801E-01
   3.50000E+05  1.71953E-02  7.83065E-02  1.38150E-01  1.00000E-35  2.33652E-01
   4.00000E+05  1.32786E-02  7.47739E-02  9.82842E-02  1.00000E-35  1.86337E-01
   4.50000E+05  1.05680E-02  7.16299E-02  7.32631E-02  1.00000E-35  1.55461E-01
   5.00000E+05  8.60820E-03  6.88146E-02  5.66544E-02  1.00000E-35  1.34077E-01
   5.50000E+05  7.14331E-03  6.62667E-02  4.51240E-02  1.00000E-35  1.18534E-01
   6.00000E+05  6.02478E-03  6.39573E-02  3.68188E-02  1.00000E-35  1.06801E-01
   7.00000E+05  4.45513E-03  5.99197E-02  2.59502E-02  1.00000E-35  9.03249E-02
   8.00000E+05  3.42457E-03  5.64797E-02  1.93796E-02  1.00000E-35  7.92839E-02
   9.00000E+05  2.71439E-03  5.35196E-02  1.51078E-02  1.00000E-35  7.13419E-02
   1.00000E+06  2.20488E-03  5.09209E-02  1.21718E-02  1.00000E-35  6.52976E-02
   1.10000E+06  1.82686E-03  4.86240E-02  1.00635E-02  1.35409E-05  6.05279E-02
   1.25000E+06  1.41831E-03  4.56216E-02  7.85697E-03  3.04338E-04  5.52012E-02
   1.40000E+06  1.13229E-03  4.30395E-02  6.35318E-03  9.25821E-04  5.14508E-02
   1.50000E+06  9.87200E-04  4.15101E-02  5.59968E-03  1.47337E-03  4.95704E-02
   1.75000E+06  7.26697E-04  3.81970E-02  4.25760E-03  2.98294E-03  4.61642E-02
   2.00000E+06  5.57313E-04  3.54575E-02  3.38691E-03  4.57209E-03  4.39738E-02
   2.20000E+06  4.60972E-04  3.35789E-02  2.88999E-03  5.84511E-03  4.27750E-02
   2.50000E+06  3.57142E-04  3.11628E-02  2.34941E-03  7.69385E-03  4.15632E-02
   3.00000E+06  2.48144E-04  2.79166E-02  1.76738E-03  1.05192E-02  4.04513E-02
   3.50000E+06  1.82391E-04  2.53652E-02  1.40216E-03  1.31200E-02  4.00697E-02
   4.00000E+06  1.39696E-04  2.32917E-02  1.15473E-03  1.54883E-02  4.00744E-02
   4.50000E+06  1.10415E-04  2.15728E-02  9.77504E-04  1.76802E-02  4.03409E-02
   5.00000E+06  8.94627E-05  2.01210E-02  8.45067E-04  1.96756E-02  4.07311E-02
   5.50000E+06  7.39563E-05  1.88709E-02  7.42765E-04  2.15088E-02  4.11964E-02
   6.00000E+06  6.21593E-05  1.77834E-02  6.61647E-04  2.32809E-02  4.17881E-02
   7.00000E+06  4.56784E-05  1.59817E-02  5.41593E-04  2.64870E-02  4.30559E-02
   8.00000E+06  3.49739E-05  1.45447E-02  4.56355E-04  2.93563E-02  4.43924E-02
   9.00000E+06  2.76345E-05  1.33679E-02  3.93411E-04  3.19654E-02  4.57544E-02
   1.00000E+07  2.23846E-05  1.23845E-02  3.45187E-04  3.43536E-02  4.71057E-02
   1.10000E+07  1.85002E-05  1.15492E-02  3.07152E-04  3.65805E-02  4.84553E-02
   1.25000E+07  1.43270E-05  1.05060E-02  2.63205E-04  3.96247E-02  5.04083E-02
   1.40000E+07  1.14218E-05  9.65053E-03  2.29987E-04  4.23848E-02  5.22767E-02
   1.50000E+07  9.94979E-06  9.16065E-03  2.12036E-04  4.40597E-02  5.34423E-02
   1.75000E+07  7.31035E-06  8.14524E-03  1.77220E-04  4.77664E-02  5.60961E-02
   2.00000E+07  5.59716E-06  7.34830E-03  1.52069E-04  5.09683E-02  5.84742E-02
   2.20000E+07  4.62578E-06  6.82361E-03  1.36497E-04  5.32390E-02  6.02037E-02
   2.50000E+07  3.58222E-06  6.17326E-03  1.18259E-04  5.62710E-02  6.25661E-02
   3.00000E+07  2.48766E-06  5.34389E-03  9.66398E-05  6.05567E-02  6.59997E-02
   3.50000E+07  1.82768E-06  4.72447E-03  8.16545E-05  6.41023E-02  6.89103E-02
   4.00000E+07  1.39932E-06  4.24270E-03  7.06682E-05  6.71368E-02  7.14516E-02
   4.50000E+07  1.10564E-06  3.85619E-03  6.22742E-05  6.97245E-02  7.36441E-02
   5.00000E+07  8.95571E-07  3.53878E-03  5.56546E-05  7.19736E-02  7.55689E-02
   5.50000E+07  7.40145E-07  3.27304E-03  5.03024E-05  7.39569E-02  7.72810E-02
   6.00000E+07  6.21929E-07  3.04702E-03  4.58864E-05  7.57748E-02  7.88683E-02
   7.00000E+07  4.56929E-07  2.68249E-03  3.90276E-05  7.88148E-02  8.15368E-02
   8.00000E+07  3.49835E-07  2.40069E-03  3.39493E-05  8.13171E-02  8.37521E-02
   9.00000E+07  2.76413E-07  2.17573E-03  3.00383E-05  8.34322E-02  8.56382E-02
   1.00000E+08  2.23895E-07  1.99176E-03  2.69343E-05  8.52499E-02  8.72689E-02
   1.10000E+08  1.85037E-07  1.83828E-03  2.44110E-05  8.68192E-02  8.86820E-02
   1.25000E+08  1.43292E-07  1.65015E-03  2.14026E-05  8.88022E-02  9.04739E-02
   1.40000E+08  1.14232E-07  1.49902E-03  1.90538E-05  9.04652E-02  9.19834E-02
   1.50000E+08  9.95085E-08  1.41364E-03  1.77547E-05  9.14334E-02  9.28649E-02
   1.75000E+08  7.31083E-08  1.23954E-03  1.51687E-05  9.34898E-02  9.47446E-02
   2.00000E+08  5.59736E-08  1.10567E-03  1.32400E-05  9.51446E-02  9.62636E-02
   2.20000E+08  4.62593E-08  1.01880E-03  1.20174E-05  9.62414E-02  9.72723E-02
   2.50000E+08  3.58232E-08  9.12617E-04  1.05553E-05  9.76100E-02  9.85332E-02
   3.00000E+08  2.48772E-08  7.79604E-04  8.77569E-06  9.93963E-02  1.00185E-01
   3.50000E+08  1.82771E-08  6.82040E-04  7.50949E-06  1.00764E-01  1.01454E-01
   4.00000E+08  1.39934E-08  6.07241E-04  6.56259E-06  1.01850E-01  1.02464E-01
   4.50000E+08  1.10566E-08  5.47955E-04  5.82772E-06  1.02722E-01  1.03276E-01
   5.00000E+08  8.95580E-09  4.99748E-04  5.24084E-06  1.03450E-01  1.03955E-01
   5.50000E+08  7.40148E-09  4.59734E-04  4.76134E-06  1.04060E-01  1.04525E-01
   6.00000E+08  6.21929E-09  4.25949E-04  4.36223E-06  1.04614E-01  1.05044E-01
   7.00000E+08  4.56929E-09  3.71968E-04  3.73592E-06  1.05476E-01  1.05852E-01
   8.00000E+08  3.49836E-09  3.30673E-04  3.26686E-06  1.06148E-01  1.06482E-01
   9.00000E+08  2.76413E-09  2.98009E-04  2.90245E-06  1.06691E-01  1.06992E-01
   1.00000E+09  2.23895E-09  2.71492E-04  2.61117E-06  1.07142E-01  1.07416E-01
