 # Material data file: P                   
 # 
 # PENELOPE >>>  Photon mass attenuation coefficients (mac).
 # 
 #   Energy       mac_Ra       mac_Co       mac_ph       mac_pp       mac_tot
 #    (eV)       (cm**2/g)    (cm**2/g)    (cm**2/g)    (cm**2/g)    (cm**2/g)
 #------------------------------------------------------------------------------
   5.00000E+01  2.00728E-01  1.96605E-02  1.39960E+04  1.00000E-35  1.39962E+04
   5.24404E+01  1.99112E-01  1.96773E-02  1.39032E+04  1.00000E-35  1.39035E+04
   5.50000E+01  1.97507E-01  1.96943E-02  1.37171E+04  1.00000E-35  1.37173E+04
   5.74456E+01  1.95834E-01  1.97110E-02  1.34814E+04  1.00000E-35  1.34816E+04
   6.00000E+01  1.93794E-01  1.97282E-02  1.31836E+04  1.00000E-35  1.31839E+04
   6.23574E+01  1.91316E-01  1.97442E-02  1.28751E+04  1.00000E-35  1.28753E+04
   6.48074E+01  1.88488E-01  1.97605E-02  1.25173E+04  1.00000E-35  1.25175E+04
   6.73537E+01  1.85046E-01  1.97780E-02  1.21522E+04  1.00000E-35  1.21524E+04
   7.00000E+01  1.80757E-01  1.97955E-02  1.17432E+04  1.00000E-35  1.17434E+04
   7.23762E+01  1.76721E-01  1.98119E-02  1.13852E+04  1.00000E-35  1.13854E+04
   7.48331E+01  1.71700E-01  1.98285E-02  1.10036E+04  1.00000E-35  1.10038E+04
   7.73735E+01  1.66529E-01  1.98456E-02  1.06251E+04  1.00000E-35  1.06253E+04
   8.00000E+01  1.60212E-01  1.98636E-02  1.02335E+04  1.00000E-35  1.02337E+04
   8.23907E+01  1.54282E-01  1.98794E-02  9.89407E+03  1.00000E-35  9.89425E+03
   8.48528E+01  1.47286E-01  1.98963E-02  9.54284E+03  1.00000E-35  9.54301E+03
   9.00000E+01  1.31450E-01  1.99307E-02  8.86603E+03  1.00000E-35  8.86618E+03
   9.24021E+01  1.23391E-01  1.99472E-02  8.57285E+03  1.00000E-35  8.57299E+03
   9.48683E+01  1.14439E-01  1.99639E-02  8.27137E+03  1.00000E-35  8.27151E+03
   1.00000E+02  9.47747E-02  1.99982E-02  7.69621E+03  1.00000E-35  7.69632E+03
   1.10000E+02  5.21195E-02  2.00658E-02  6.70930E+03  1.00000E-35  6.70937E+03
   1.17260E+02  2.19730E-02  2.01144E-02  6.08659E+03  1.00000E-35  6.08664E+03
   1.25000E+02  6.96223E-03  2.01668E-02  5.50544E+03  1.00000E-35  5.50546E+03
   1.34000E+02  2.08532E-01  2.02277E-02  4.91016E+03  1.00000E-35  4.91039E+03
   1.34000E+02  2.08532E-01  2.02277E-02  2.75841E+04  1.00000E-35  2.75844E+04
   1.34249E+02  2.30803E-01  2.02294E-02  2.98109E+04  1.00000E-35  2.98112E+04
   1.34499E+02  2.53956E-01  2.02311E-02  3.21197E+04  1.00000E-35  3.21200E+04
   1.34749E+02  2.79176E-01  2.02327E-02  3.44588E+04  1.00000E-35  3.44591E+04
   1.35000E+02  3.06963E-01  2.02344E-02  3.67964E+04  1.00000E-35  3.67968E+04
   1.35000E+02  3.06963E-01  2.02344E-02  4.79681E+04  1.00000E-35  4.79685E+04
   1.35307E+02  3.44654E-01  2.02364E-02  5.21996E+04  1.00000E-35  5.22000E+04
   1.35615E+02  3.85608E-01  2.02384E-02  5.64188E+04  1.00000E-35  5.64192E+04
   1.35924E+02  4.28003E-01  2.02405E-02  6.05383E+04  1.00000E-35  6.05388E+04
   1.36233E+02  4.74947E-01  2.02425E-02  6.45241E+04  1.00000E-35  6.45246E+04
   1.36543E+02  5.27093E-01  2.02445E-02  6.83185E+04  1.00000E-35  6.83190E+04
   1.36854E+02  5.82349E-01  2.02465E-02  7.18784E+04  1.00000E-35  7.18790E+04
   1.37165E+02  6.34954E-01  2.02486E-02  7.51696E+04  1.00000E-35  7.51703E+04
   1.37477E+02  6.92368E-01  2.02506E-02  7.81677E+04  1.00000E-35  7.81684E+04
   1.37790E+02  7.55034E-01  2.02526E-02  8.08580E+04  1.00000E-35  8.08587E+04
   1.38104E+02  8.19672E-01  2.02548E-02  8.32043E+04  1.00000E-35  8.32051E+04
   1.38418E+02  8.74506E-01  2.02570E-02  8.53023E+04  1.00000E-35  8.53032E+04
   1.38733E+02  9.33063E-01  2.02592E-02  8.70391E+04  1.00000E-35  8.70401E+04
   1.39049E+02  9.95599E-01  2.02614E-02  8.85504E+04  1.00000E-35  8.85514E+04
   1.39365E+02  1.05848E+00  2.02636E-02  8.97385E+04  1.00000E-35  8.97396E+04
   1.39682E+02  1.10420E+00  2.02658E-02  9.07371E+04  1.00000E-35  9.07382E+04
   1.40000E+02  1.15194E+00  2.02680E-02  9.14641E+04  1.00000E-35  9.14652E+04
   1.40605E+02  1.24820E+00  2.02722E-02  9.23691E+04  1.00000E-35  9.23704E+04
   1.41213E+02  1.30343E+00  2.02763E-02  9.27185E+04  1.00000E-35  9.27198E+04
   1.41823E+02  1.36104E+00  2.02805E-02  9.26345E+04  1.00000E-35  9.26359E+04
   1.42436E+02  1.38919E+00  2.02847E-02  9.22781E+04  1.00000E-35  9.22795E+04
   1.43669E+02  1.42372E+00  2.02930E-02  9.09593E+04  1.00000E-35  9.09608E+04
   1.44914E+02  1.43363E+00  2.03014E-02  8.93357E+04  1.00000E-35  8.93371E+04
   1.47435E+02  1.44776E+00  2.03181E-02  8.60618E+04  1.00000E-35  8.60632E+04
   1.50000E+02  1.46819E+00  2.03348E-02  8.33705E+04  1.00000E-35  8.33720E+04
   1.51452E+02  1.47972E+00  2.03449E-02  8.21725E+04  1.00000E-35  8.21740E+04
   1.52918E+02  1.49151E+00  2.03550E-02  8.11764E+04  1.00000E-35  8.11779E+04
   1.55893E+02  1.51882E+00  2.03753E-02  7.96447E+04  1.00000E-35  7.96463E+04
   1.58926E+02  1.54701E+00  2.03956E-02  7.85674E+04  1.00000E-35  7.85690E+04
   1.62019E+02  1.57573E+00  2.04158E-02  7.76892E+04  1.00000E-35  7.76908E+04
   1.68384E+02  1.62873E+00  2.04592E-02  7.60134E+04  1.00000E-35  7.60151E+04
   1.71660E+02  1.64207E+00  2.04813E-02  7.49892E+04  1.00000E-35  7.49909E+04
   1.75000E+02  1.80324E+00  2.05033E-02  7.37818E+04  1.00000E-35  7.37837E+04
   1.78870E+02  2.64947E+00  2.05291E-02  7.21442E+04  1.00000E-35  7.21469E+04
   1.82825E+02  2.21053E+00  2.05563E-02  7.02604E+04  1.00000E-35  7.02626E+04
   1.86868E+02  2.19871E+00  2.05834E-02  6.81571E+04  1.00000E-35  6.81593E+04
   1.91000E+02  2.28751E+00  2.06107E-02  6.59191E+04  1.00000E-35  6.59214E+04
   1.91000E+02  2.28751E+00  2.06107E-02  7.38269E+04  1.00000E-35  7.38292E+04
   2.00000E+02  2.39995E+00  2.06716E-02  6.88092E+04  1.00000E-35  6.88116E+04
   2.09762E+02  2.49566E+00  2.07361E-02  6.38445E+04  1.00000E-35  6.38471E+04
   2.20000E+02  2.58859E+00  2.08057E-02  5.90144E+04  1.00000E-35  5.90170E+04
   2.27144E+02  2.64171E+00  2.08526E-02  5.58457E+04  1.00000E-35  5.58483E+04
   2.34521E+02  2.69116E+00  2.09027E-02  5.27294E+04  1.00000E-35  5.27321E+04
   2.42137E+02  2.73672E+00  2.09536E-02  4.96868E+04  1.00000E-35  4.96896E+04
   2.50000E+02  2.77349E+00  2.10052E-02  4.67252E+04  1.00000E-35  4.67280E+04
   2.61659E+02  2.81617E+00  2.10841E-02  4.26691E+04  1.00000E-35  4.26719E+04
   2.73861E+02  2.85071E+00  2.11648E-02  3.88303E+04  1.00000E-35  3.88332E+04
   3.00000E+02  2.88764E+00  2.13391E-02  3.19922E+04  1.00000E-35  3.19951E+04
   3.24037E+02  2.89948E+00  2.14982E-02  2.70613E+04  1.00000E-35  2.70643E+04
   3.50000E+02  2.89930E+00  2.16694E-02  2.28073E+04  1.00000E-35  2.28102E+04
   3.74166E+02  2.89153E+00  2.18295E-02  1.96057E+04  1.00000E-35  1.96086E+04
   4.00000E+02  2.87339E+00  2.20001E-02  1.68072E+04  1.00000E-35  1.68101E+04
   4.50000E+02  2.83355E+00  2.23254E-02  1.27596E+04  1.00000E-35  1.27625E+04
   5.00000E+02  2.79366E+00  2.26514E-02  9.93035E+03  1.00000E-35  9.93317E+03
   5.50000E+02  2.75275E+00  2.29737E-02  7.88641E+03  1.00000E-35  7.88919E+03
   6.00000E+02  2.71176E+00  2.32932E-02  6.37320E+03  1.00000E-35  6.37593E+03
   7.00000E+02  2.63046E+00  2.39274E-02  4.34503E+03  1.00000E-35  4.34768E+03
   8.00000E+02  2.53834E+00  2.45670E-02  3.10090E+03  1.00000E-35  3.10346E+03
   9.00000E+02  2.44819E+00  2.52353E-02  2.29486E+03  1.00000E-35  2.29734E+03
   1.00000E+03  2.37026E+00  2.59586E-02  1.74854E+03  1.00000E-35  1.75094E+03
   1.10000E+03  2.28629E+00  2.67540E-02  1.36479E+03  1.00000E-35  1.36710E+03
   1.25000E+03  2.15871E+00  2.81101E-02  9.76386E+02  1.00000E-35  9.78573E+02
   1.40000E+03  2.03337E+00  2.97197E-02  7.23833E+02  1.00000E-35  7.25896E+02
   1.50000E+03  1.94388E+00  3.09023E-02  6.02657E+02  1.00000E-35  6.04632E+02
   1.75000E+03  1.69768E+00  3.42215E-02  3.99142E+02  1.00000E-35  4.00874E+02
   2.00000E+03  1.32279E+00  3.78769E-02  2.78406E+02  1.00000E-35  2.79767E+02
   2.14800E+03  9.75152E-01  4.00990E-02  2.29321E+02  1.00000E-35  2.30336E+02
   2.14800E+03  9.75152E-01  4.00990E-02  2.35755E+03  1.00000E-35  2.35856E+03
   2.17384E+03  1.16830E+00  4.04885E-02  2.48280E+03  1.00000E-35  2.48401E+03
   2.18035E+03  1.21268E+00  4.05865E-02  2.49236E+03  1.00000E-35  2.49362E+03
   2.18688E+03  1.25875E+00  4.06848E-02  2.48525E+03  1.00000E-35  2.48655E+03
   2.19343E+03  1.29221E+00  4.07833E-02  2.47109E+03  1.00000E-35  2.47243E+03
   2.20000E+03  1.32429E+00  4.08820E-02  2.45009E+03  1.00000E-35  2.45146E+03
   2.21765E+03  1.39842E+00  4.11469E-02  2.39445E+03  1.00000E-35  2.39589E+03
   2.23544E+03  1.45654E+00  4.14136E-02  2.35434E+03  1.00000E-35  2.35584E+03
   2.25337E+03  1.50387E+00  4.16845E-02  2.32010E+03  1.00000E-35  2.32165E+03
   2.27144E+03  1.54384E+00  4.19576E-02  2.28075E+03  1.00000E-35  2.28234E+03
   2.34521E+03  1.65485E+00  4.30687E-02  2.09875E+03  1.00000E-35  2.10045E+03
   2.50000E+03  1.76076E+00  4.53727E-02  1.77992E+03  1.00000E-35  1.78172E+03
   3.00000E+03  1.77737E+00  5.24508E-02  1.11365E+03  1.00000E-35  1.11548E+03
   3.24037E+03  1.73354E+00  5.56059E-02  9.11022E+02  1.00000E-35  9.12812E+02
   3.50000E+03  1.67618E+00  5.88264E-02  7.43746E+02  1.00000E-35  7.45481E+02
   4.00000E+03  1.55685E+00  6.45189E-02  5.20590E+02  1.00000E-35  5.22212E+02
   4.50000E+03  1.44397E+00  6.96170E-02  3.78195E+02  1.00000E-35  3.79709E+02
   5.00000E+03  1.33971E+00  7.42589E-02  2.83132E+02  1.00000E-35  2.84546E+02
   5.50000E+03  1.24599E+00  7.85426E-02  2.17300E+02  1.00000E-35  2.18624E+02
   6.00000E+03  1.16134E+00  8.25279E-02  1.70288E+02  1.00000E-35  1.71532E+02
   7.00000E+03  1.01399E+00  8.97572E-02  1.10031E+02  1.00000E-35  1.11135E+02
   8.00000E+03  8.88788E-01  9.61629E-02  7.50339E+01  1.00000E-35  7.60189E+01
   9.00000E+03  7.81836E-01  1.01810E-01  5.33524E+01  1.00000E-35  5.42360E+01
   1.00000E+04  6.89966E-01  1.06838E-01  3.92223E+01  1.00000E-35  4.00191E+01
   1.10000E+04  6.11335E-01  1.11312E-01  2.96346E+01  1.00000E-35  3.03572E+01
   1.25000E+04  5.15027E-01  1.17093E-01  2.02908E+01  1.00000E-35  2.09230E+01
   1.40000E+04  4.38485E-01  1.21969E-01  1.44650E+01  1.00000E-35  1.50255E+01
   1.50000E+04  3.96291E-01  1.24790E-01  1.17579E+01  1.00000E-35  1.22790E+01
   1.75000E+04  3.14534E-01  1.30691E-01  7.37805E+00  1.00000E-35  7.82327E+00
   2.00000E+04  2.56448E-01  1.35308E-01  4.91170E+00  1.00000E-35  5.30345E+00
   2.20000E+04  2.21303E-01  1.38262E-01  3.66735E+00  1.00000E-35  4.02692E+00
   2.50000E+04  1.81389E-01  1.41712E-01  2.47306E+00  1.00000E-35  2.79616E+00
   3.00000E+04  1.36042E-01  1.45652E-01  1.40433E+00  1.00000E-35  1.68602E+00
   3.50000E+04  1.06159E-01  1.47979E-01  8.67387E-01  1.00000E-35  1.12153E+00
   4.00000E+04  8.52519E-02  1.49261E-01  5.70109E-01  1.00000E-35  8.04622E-01
   4.50000E+04  6.99331E-02  1.49765E-01  3.93100E-01  1.00000E-35  6.12798E-01
   5.00000E+04  5.84666E-02  1.49775E-01  2.81556E-01  1.00000E-35  4.89797E-01
   5.50000E+04  4.95109E-02  1.49402E-01  2.08008E-01  1.00000E-35  4.06921E-01
   6.00000E+04  4.24509E-02  1.48735E-01  1.57679E-01  1.00000E-35  3.48865E-01
   7.00000E+04  3.21485E-02  1.46811E-01  9.64025E-02  1.00000E-35  2.75362E-01
   8.00000E+04  2.51608E-02  1.44480E-01  6.28874E-02  1.00000E-35  2.32529E-01
   9.00000E+04  2.02459E-02  1.41971E-01  4.31242E-02  1.00000E-35  2.05342E-01
   1.00000E+05  1.66353E-02  1.39421E-01  3.07684E-02  1.00000E-35  1.86825E-01
   1.10000E+05  1.39272E-02  1.36859E-01  2.26737E-02  1.00000E-35  1.73460E-01
   1.25000E+05  1.09296E-02  1.33120E-01  1.50633E-02  1.00000E-35  1.59113E-01
   1.40000E+05  8.81202E-03  1.29590E-01  1.04920E-02  1.00000E-35  1.48894E-01
   1.50000E+05  7.72136E-03  1.27326E-01  8.42367E-03  1.00000E-35  1.43471E-01
   1.75000E+05  5.73656E-03  1.22080E-01  5.16945E-03  1.00000E-35  1.32986E-01
   2.00000E+05  4.42983E-03  1.17368E-01  3.39827E-03  1.00000E-35  1.25196E-01
   2.20000E+05  3.67783E-03  1.13923E-01  2.52545E-03  1.00000E-35  1.20126E-01
   2.50000E+05  2.86520E-03  1.09251E-01  1.70324E-03  1.00000E-35  1.13820E-01
   3.00000E+05  2.00099E-03  1.02547E-01  9.81517E-04  1.00000E-35  1.05530E-01
   3.50000E+05  1.47595E-03  9.68902E-02  6.23486E-04  1.00000E-35  9.89896E-02
   4.00000E+05  1.13362E-03  9.20460E-02  4.25536E-04  1.00000E-35  9.36052E-02
   4.50000E+05  8.96749E-04  8.78388E-02  3.06841E-04  1.00000E-35  8.90424E-02
   5.00000E+05  7.27127E-04  8.41373E-02  2.31036E-04  1.00000E-35  8.50955E-02
   5.50000E+05  6.01500E-04  8.08358E-02  1.80115E-04  1.00000E-35  8.16174E-02
   6.00000E+05  5.05864E-04  7.78734E-02  1.44471E-04  1.00000E-35  7.85237E-02
   7.00000E+05  3.72223E-04  7.27575E-02  9.93900E-05  1.00000E-35  7.32292E-02
   8.00000E+05  2.85236E-04  6.84450E-02  7.31645E-05  1.00000E-35  6.88034E-02
   9.00000E+05  2.25424E-04  6.47610E-02  5.66094E-05  1.00000E-35  6.50431E-02
   1.00000E+06  1.82631E-04  6.15457E-02  4.54824E-05  1.00000E-35  6.17738E-02
   1.10000E+06  1.50964E-04  5.87141E-02  3.76258E-05  1.43257E-06  5.89041E-02
   1.25000E+06  1.16935E-04  5.50419E-02  2.95228E-05  3.56367E-05  5.52240E-02
   1.40000E+06  9.32414E-05  5.18862E-02  2.40641E-05  1.18646E-04  5.21222E-02
   1.50000E+06  8.12344E-05  5.00224E-02  2.13439E-05  1.99714E-04  5.03247E-02
   1.75000E+06  5.97007E-05  4.59941E-02  1.65105E-05  4.60336E-04  4.65306E-02
   2.00000E+06  4.57205E-05  4.26708E-02  1.33683E-05  7.81920E-04  4.35119E-02
   2.20000E+06  3.77927E-05  4.03967E-02  1.15669E-05  1.06418E-03  4.15103E-02
   2.50000E+06  2.92707E-05  3.74763E-02  9.58900E-06  1.50580E-03  3.90210E-02
   3.00000E+06  2.03275E-05  3.35625E-02  7.42292E-06  2.23890E-03  3.58291E-02
   3.50000E+06  1.49350E-05  3.04851E-02  6.03171E-06  2.96004E-03  3.34661E-02
   4.00000E+06  1.14349E-05  2.79873E-02  5.06778E-06  3.64446E-03  3.16483E-02
   4.50000E+06  9.03524E-06  2.59178E-02  4.36283E-06  4.29767E-03  3.02289E-02
   5.00000E+06  7.31871E-06  2.41640E-02  3.82608E-06  4.90850E-03  2.90837E-02
   5.50000E+06  6.04864E-06  2.26606E-02  3.40441E-06  5.48254E-03  2.81526E-02
   6.00000E+06  5.08263E-06  2.13542E-02  3.06479E-06  6.04740E-03  2.74097E-02
   7.00000E+06  3.73429E-06  1.91895E-02  2.55230E-06  7.07322E-03  2.62690E-02
   8.00000E+06  2.85909E-06  1.74634E-02  2.18464E-06  7.99734E-03  2.54658E-02
   9.00000E+06  2.25904E-06  1.60500E-02  1.90845E-06  8.83560E-03  2.48897E-02
   1.00000E+07  1.82983E-06  1.48689E-02  1.69357E-06  9.59661E-03  2.44690E-02
   1.10000E+07  1.51226E-06  1.38658E-02  1.52176E-06  1.02920E-02  2.41608E-02
   1.25000E+07  1.17109E-06  1.26131E-02  1.32031E-06  1.12306E-02  2.38462E-02
   1.40000E+07  9.33594E-07  1.15858E-02  1.16562E-06  1.20746E-02  2.36625E-02
   1.50000E+07  8.13263E-07  1.09976E-02  1.08106E-06  1.25911E-02  2.35906E-02
   1.75000E+07  5.97501E-07  9.77842E-03  9.14847E-07  1.37488E-02  2.35287E-02
   2.00000E+07  4.57465E-07  8.82157E-03  7.92749E-07  1.47627E-02  2.35855E-02
   2.20000E+07  3.78071E-07  8.19162E-03  7.16194E-07  1.54840E-02  2.36767E-02
   2.50000E+07  2.92778E-07  7.41084E-03  6.25504E-07  1.64459E-02  2.38577E-02
   3.00000E+07  2.03317E-07  6.41514E-03  5.16404E-07  1.78090E-02  2.42248E-02
   3.50000E+07  1.49376E-07  5.67152E-03  4.39655E-07  1.89538E-02  2.46259E-02
   4.00000E+07  1.14366E-07  5.09314E-03  3.82739E-07  1.99370E-02  2.50307E-02
   4.50000E+07  9.03635E-08  4.62914E-03  3.38853E-07  2.07851E-02  2.54147E-02
   5.00000E+07  7.31943E-08  4.24808E-03  3.03988E-07  2.15246E-02  2.57731E-02
   5.50000E+07  6.04912E-08  3.92907E-03  2.75624E-07  2.21753E-02  2.61047E-02
   6.00000E+07  5.08294E-08  3.65773E-03  2.52096E-07  2.27736E-02  2.64317E-02
   7.00000E+07  3.73442E-08  3.22014E-03  2.15328E-07  2.37917E-02  2.70121E-02
   8.00000E+07  2.85915E-08  2.88185E-03  1.87917E-07  2.46409E-02  2.75229E-02
   9.00000E+07  2.25910E-08  2.61179E-03  1.66694E-07  2.53587E-02  2.79707E-02
   1.00000E+08  1.82986E-08  2.39096E-03  1.49777E-07  2.59786E-02  2.83697E-02
   1.10000E+08  1.51229E-08  2.20672E-03  1.35977E-07  2.65212E-02  2.87280E-02
   1.25000E+08  1.17111E-08  1.98088E-03  1.19465E-07  2.72182E-02  2.91992E-02
   1.40000E+08  9.33605E-09  1.79945E-03  1.06528E-07  2.78090E-02  2.96085E-02
   1.50000E+08  8.13271E-09  1.69696E-03  9.93550E-08  2.81542E-02  2.98513E-02
   1.75000E+08  5.97505E-09  1.48796E-03  8.50395E-08  2.88895E-02  3.03776E-02
   2.00000E+08  4.57467E-09  1.32726E-03  7.43295E-08  2.94865E-02  3.08139E-02
   2.20000E+08  3.78072E-09  1.22298E-03  6.75258E-08  2.98891E-02  3.11122E-02
   2.50000E+08  2.92778E-09  1.09552E-03  5.93737E-08  3.04005E-02  3.14961E-02
   3.00000E+08  2.03319E-09  9.35848E-04  4.94281E-08  3.10815E-02  3.20174E-02
   3.50000E+08  1.49377E-09  8.18729E-04  4.23364E-08  3.16129E-02  3.24316E-02
   4.00000E+08  1.14367E-09  7.28943E-04  3.70241E-08  3.20342E-02  3.27631E-02
   4.50000E+08  9.03637E-10  6.57773E-04  3.28964E-08  3.23670E-02  3.30248E-02
   5.00000E+08  7.31945E-10  5.99905E-04  2.95968E-08  3.26449E-02  3.32448E-02
   5.50000E+08  6.04914E-10  5.51869E-04  2.68986E-08  3.28851E-02  3.34370E-02
   6.00000E+08  5.08296E-10  5.11315E-04  2.46514E-08  3.31045E-02  3.36159E-02
   7.00000E+08  3.73442E-10  4.46514E-04  2.11220E-08  3.34501E-02  3.38967E-02
   8.00000E+08  2.85917E-10  3.96945E-04  1.84768E-08  3.37180E-02  3.41149E-02
   9.00000E+08  2.25910E-10  3.57734E-04  1.64203E-08  3.39342E-02  3.42920E-02
   1.00000E+09  1.82986E-10  3.25902E-04  1.47758E-08  3.41159E-02  3.44418E-02
