 # Material data file: Ac                  
 # 
 # PENELOPE >>>  Photon mass attenuation coefficients (mac).
 # 
 #   Energy       mac_Ra       mac_Co       mac_ph       mac_pp       mac_tot
 #    (eV)       (cm**2/g)    (cm**2/g)    (cm**2/g)    (cm**2/g)    (cm**2/g)
 #------------------------------------------------------------------------------
   5.00000E+01  1.43887E-01  2.69693E-03  7.59634E+03  1.00000E-35  7.59649E+03
   5.24404E+01  1.07847E-01  2.69983E-03  6.54735E+03  1.00000E-35  6.54746E+03
   5.50000E+01  7.21343E-02  2.70279E-03  5.65577E+03  1.00000E-35  5.65584E+03
   5.74456E+01  4.13467E-02  2.70567E-03  4.95994E+03  1.00000E-35  4.95999E+03
   6.00000E+01  3.33705E-02  2.70863E-03  4.35959E+03  1.00000E-35  4.35962E+03
   6.48074E+01  1.16317E-01  2.71423E-03  3.48867E+03  1.00000E-35  3.48879E+03
   7.00000E+01  4.40299E-01  2.72027E-03  2.81128E+03  1.00000E-35  2.81172E+03
   7.48331E+01  1.88681E+00  2.72596E-03  2.34415E+03  1.00000E-35  2.34604E+03
   8.00000E+01  5.60545E+01  2.73202E-03  1.96352E+03  1.00000E-35  2.01957E+03
   8.30000E+01  1.74769E+02  2.73544E-03  1.78488E+03  1.00000E-35  1.95965E+03
   8.30000E+01  1.74769E+02  2.73544E-03  9.30046E+03  1.00000E-35  9.47523E+03
   8.33040E+01  1.36556E+02  2.73581E-03  1.00079E+04  1.00000E-35  1.01445E+04
   8.34564E+01  1.14701E+02  2.73599E-03  1.03480E+04  1.00000E-35  1.04627E+04
   8.36091E+01  9.63416E+01  2.73618E-03  1.06763E+04  1.00000E-35  1.07727E+04
   8.39154E+01  6.79635E+01  2.73655E-03  1.13002E+04  1.00000E-35  1.13682E+04
   8.42227E+01  4.20752E+01  2.73692E-03  1.18885E+04  1.00000E-35  1.19305E+04
   8.45312E+01  2.56705E+01  2.73729E-03  1.24399E+04  1.00000E-35  1.24656E+04
   8.48408E+01  1.61703E+01  2.73766E-03  1.29679E+04  1.00000E-35  1.29840E+04
   8.51516E+01  1.07268E+01  2.73803E-03  1.34649E+04  1.00000E-35  1.34756E+04
   8.54634E+01  7.11706E+00  2.73839E-03  1.39323E+04  1.00000E-35  1.39394E+04
   8.57765E+01  9.65934E+00  2.73876E-03  1.43745E+04  1.00000E-35  1.43841E+04
   8.60906E+01  1.47061E+01  2.73913E-03  1.47924E+04  1.00000E-35  1.48071E+04
   8.64060E+01  2.27378E+01  2.73950E-03  1.51841E+04  1.00000E-35  1.52069E+04
   8.67224E+01  3.61914E+01  2.73987E-03  1.55463E+04  1.00000E-35  1.55825E+04
   8.70401E+01  5.76173E+01  2.74024E-03  1.58818E+04  1.00000E-35  1.59395E+04
   8.73589E+01  7.64515E+01  2.74061E-03  1.61915E+04  1.00000E-35  1.62680E+04
   8.80000E+01  1.16791E+02  2.74135E-03  1.67271E+04  1.00000E-35  1.68439E+04
   8.80000E+01  1.16791E+02  2.74135E-03  2.09032E+04  1.00000E-35  2.10200E+04
   8.84958E+01  1.23073E+02  2.74192E-03  2.19197E+04  1.00000E-35  2.20428E+04
   8.89944E+01  1.11320E+02  2.74249E-03  2.28354E+04  1.00000E-35  2.29467E+04
   8.94958E+01  8.92350E+01  2.74306E-03  2.36400E+04  1.00000E-35  2.37292E+04
   9.00000E+01  6.06327E+01  2.74363E-03  2.43459E+04  1.00000E-35  2.44065E+04
   9.05946E+01  3.76331E+01  2.74432E-03  2.50463E+04  1.00000E-35  2.50839E+04
   9.11931E+01  2.31016E+01  2.74504E-03  2.56163E+04  1.00000E-35  2.56394E+04
   9.17956E+01  1.63041E+01  2.74577E-03  2.60570E+04  1.00000E-35  2.60733E+04
   9.24021E+01  1.24257E+01  2.74649E-03  2.63702E+04  1.00000E-35  2.63826E+04
   9.30126E+01  1.01072E+01  2.74721E-03  2.65650E+04  1.00000E-35  2.65751E+04
   9.36271E+01  8.67602E+00  2.74794E-03  2.66422E+04  1.00000E-35  2.66509E+04
   9.42457E+01  7.68090E+00  2.74866E-03  2.66106E+04  1.00000E-35  2.66183E+04
   9.48683E+01  6.92777E+00  2.74939E-03  2.64820E+04  1.00000E-35  2.64890E+04
   9.54951E+01  6.35040E+00  2.75011E-03  2.62596E+04  1.00000E-35  2.62660E+04
   9.61260E+01  5.92827E+00  2.75084E-03  2.59605E+04  1.00000E-35  2.59664E+04
   9.67611E+01  5.58037E+00  2.75156E-03  2.55932E+04  1.00000E-35  2.55988E+04
   9.74004E+01  5.29390E+00  2.75229E-03  2.51649E+04  1.00000E-35  2.51702E+04
   9.80439E+01  5.06762E+00  2.75301E-03  2.46989E+04  1.00000E-35  2.47040E+04
   9.86916E+01  4.88007E+00  2.75377E-03  2.41856E+04  1.00000E-35  2.41905E+04
   1.00000E+02  4.57516E+00  2.75535E-03  2.31014E+04  1.00000E-35  2.31060E+04
   1.01199E+02  4.36712E+00  2.75677E-03  2.20832E+04  1.00000E-35  2.20875E+04
   1.02411E+02  4.19323E+00  2.75820E-03  2.10644E+04  1.00000E-35  2.10686E+04
   1.04881E+02  3.90559E+00  2.76105E-03  1.90956E+04  1.00000E-35  1.90995E+04
   1.10000E+02  3.44951E+00  2.76704E-03  1.56454E+04  1.00000E-35  1.56489E+04
   1.17260E+02  2.99951E+00  2.77544E-03  1.19426E+04  1.00000E-35  1.19456E+04
   1.21068E+02  2.82340E+00  2.77995E-03  1.03861E+04  1.00000E-35  1.03889E+04
   1.25000E+02  2.66978E+00  2.78447E-03  8.99931E+03  1.00000E-35  9.00198E+03
   1.40000E+02  2.21708E+00  2.80193E-03  5.33619E+03  1.00000E-35  5.33841E+03
   1.44914E+02  2.10139E+00  2.80768E-03  4.55744E+03  1.00000E-35  4.55955E+03
   1.50000E+02  1.99175E+00  2.81346E-03  3.90043E+03  1.00000E-35  3.90242E+03
   1.55670E+02  1.88021E+00  2.82018E-03  3.30707E+03  1.00000E-35  3.30895E+03
   1.61555E+02  1.76914E+00  2.82692E-03  2.81117E+03  1.00000E-35  2.81294E+03
   1.67662E+02  1.64268E+00  2.83408E-03  2.39752E+03  1.00000E-35  2.39917E+03
   1.74000E+02  1.55884E+00  2.84141E-03  2.05318E+03  1.00000E-35  2.05474E+03
   1.74000E+02  1.55884E+00  2.84141E-03  3.10418E+03  1.00000E-35  3.10574E+03
   1.75000E+02  1.56052E+00  2.84254E-03  3.03380E+03  1.00000E-35  3.03537E+03
   1.76467E+02  1.55960E+00  2.84419E-03  2.93826E+03  1.00000E-35  2.93982E+03
   1.77946E+02  1.55381E+00  2.84588E-03  2.85261E+03  1.00000E-35  2.85416E+03
   1.80941E+02  1.53415E+00  2.84945E-03  2.70072E+03  1.00000E-35  2.70226E+03
   1.83986E+02  1.51217E+00  2.85303E-03  2.56657E+03  1.00000E-35  2.56808E+03
   1.87083E+02  1.48695E+00  2.85661E-03  2.44502E+03  1.00000E-35  2.44651E+03
   1.93434E+02  1.43309E+00  2.86380E-03  2.22448E+03  1.00000E-35  2.22591E+03
   2.00000E+02  1.37366E+00  2.87156E-03  2.03136E+03  1.00000E-35  2.03273E+03
   2.04356E+02  1.33066E+00  2.87658E-03  1.92056E+03  1.00000E-35  1.92189E+03
   2.08806E+02  1.27684E+00  2.88161E-03  1.82169E+03  1.00000E-35  1.82296E+03
   2.13354E+02  1.24303E+00  2.88692E-03  1.73423E+03  1.00000E-35  1.73548E+03
   2.18000E+02  1.25848E+00  2.89236E-03  1.65704E+03  1.00000E-35  1.65830E+03
   2.18000E+02  1.25848E+00  2.89236E-03  2.09394E+03  1.00000E-35  2.09520E+03
   2.20000E+02  1.24853E+00  2.89466E-03  2.05384E+03  1.00000E-35  2.05509E+03
   2.27144E+02  1.20388E+00  2.90276E-03  1.92803E+03  1.00000E-35  1.92923E+03
   2.34521E+02  1.16083E+00  2.91136E-03  1.81438E+03  1.00000E-35  1.81554E+03
   2.42137E+02  1.11491E+00  2.92013E-03  1.71010E+03  1.00000E-35  1.71122E+03
   2.50000E+02  1.06560E+00  2.92902E-03  1.61972E+03  1.00000E-35  1.62079E+03
   2.55795E+02  1.02555E+00  2.93582E-03  1.56332E+03  1.00000E-35  1.56435E+03
   2.61725E+02  9.84564E-01  2.94265E-03  1.51294E+03  1.00000E-35  1.51393E+03
   2.67792E+02  9.39569E-01  2.94948E-03  1.46853E+03  1.00000E-35  1.46948E+03
   2.74000E+02  9.05447E-01  2.95660E-03  1.42876E+03  1.00000E-35  1.42966E+03
   2.74000E+02  9.05447E-01  2.95660E-03  1.57890E+03  1.00000E-35  1.57981E+03
   2.77123E+02  8.89715E-01  2.96025E-03  1.54932E+03  1.00000E-35  1.55021E+03
   2.80281E+02  8.70833E-01  2.96390E-03  1.52618E+03  1.00000E-35  1.52705E+03
   2.86705E+02  8.26096E-01  2.97122E-03  1.48999E+03  1.00000E-35  1.49082E+03
   3.00000E+02  7.26918E-01  2.98633E-03  1.43401E+03  1.00000E-35  1.43474E+03
   3.13000E+02  6.10157E-01  3.00116E-03  1.38662E+03  1.00000E-35  1.38723E+03
   3.13000E+02  6.10157E-01  3.00116E-03  1.64510E+03  1.00000E-35  1.64572E+03
   3.17468E+02  6.00201E-01  3.00613E-03  1.63107E+03  1.00000E-35  1.63168E+03
   3.22000E+02  5.83102E-01  3.01122E-03  1.62164E+03  1.00000E-35  1.62223E+03
   3.22000E+02  5.83102E-01  3.01122E-03  1.79844E+03  1.00000E-35  1.79902E+03
   3.25374E+02  5.73238E-01  3.01515E-03  1.80024E+03  1.00000E-35  1.80082E+03
   3.28783E+02  5.54317E-01  3.01908E-03  1.80900E+03  1.00000E-35  1.80956E+03
   3.32227E+02  5.23005E-01  3.02302E-03  1.83046E+03  1.00000E-35  1.83099E+03
   3.33963E+02  5.05728E-01  3.02500E-03  1.84643E+03  1.00000E-35  1.84694E+03
   3.35708E+02  4.88753E-01  3.02697E-03  1.86795E+03  1.00000E-35  1.86844E+03
   3.37462E+02  4.72206E-01  3.02895E-03  1.89647E+03  1.00000E-35  1.89695E+03
   3.39225E+02  4.55327E-01  3.03092E-03  1.93233E+03  1.00000E-35  1.93279E+03
   3.40998E+02  4.38624E-01  3.03290E-03  1.97756E+03  1.00000E-35  1.97800E+03
   3.42780E+02  4.21719E-01  3.03488E-03  2.03193E+03  1.00000E-35  2.03235E+03
   3.44571E+02  4.04750E-01  3.03686E-03  2.09681E+03  1.00000E-35  2.09722E+03
   3.46371E+02  3.87937E-01  3.03884E-03  2.17241E+03  1.00000E-35  2.17280E+03
   3.48181E+02  3.71390E-01  3.04082E-03  2.25905E+03  1.00000E-35  2.25942E+03
   3.50000E+02  3.55445E-01  3.04289E-03  2.35722E+03  1.00000E-35  2.35758E+03
   3.74166E+02  2.60295E-01  3.07024E-03  4.41587E+03  1.00000E-35  4.41614E+03
   3.77301E+02  2.68740E-01  3.07368E-03  4.74830E+03  1.00000E-35  4.74857E+03
   3.80464E+02  2.84057E-01  3.07717E-03  5.09141E+03  1.00000E-35  5.09169E+03
   3.83652E+02  3.03067E-01  3.08085E-03  5.44184E+03  1.00000E-35  5.44214E+03
   3.86867E+02  3.28661E-01  3.08454E-03  5.79614E+03  1.00000E-35  5.79647E+03
   3.90109E+02  3.60256E-01  3.08822E-03  6.14994E+03  1.00000E-35  6.15031E+03
   3.93379E+02  3.97591E-01  3.09192E-03  6.50120E+03  1.00000E-35  6.50160E+03
   3.96676E+02  4.40215E-01  3.09562E-03  6.84566E+03  1.00000E-35  6.84610E+03
   4.00000E+02  4.87876E-01  3.09932E-03  7.18076E+03  1.00000E-35  7.18125E+03
   4.02955E+02  5.33775E-01  3.10259E-03  7.46822E+03  1.00000E-35  7.46876E+03
   4.05933E+02  5.83042E-01  3.10586E-03  7.74846E+03  1.00000E-35  7.74905E+03
   4.08932E+02  6.35521E-01  3.10914E-03  8.01950E+03  1.00000E-35  8.02014E+03
   4.11953E+02  6.90340E-01  3.11242E-03  8.28227E+03  1.00000E-35  8.28296E+03
   4.18063E+02  8.08002E-01  3.11933E-03  8.78010E+03  1.00000E-35  8.78091E+03
   4.24264E+02  9.35209E-01  3.12635E-03  9.23611E+03  1.00000E-35  9.23705E+03
   4.30557E+02  1.06879E+00  3.13339E-03  9.64452E+03  1.00000E-35  9.64560E+03
   4.36943E+02  1.20930E+00  3.14044E-03  1.00012E+04  1.00000E-35  1.00024E+04
   4.43423E+02  1.34946E+00  3.14751E-03  1.03053E+04  1.00000E-35  1.03067E+04
   4.50000E+02  1.49226E+00  3.15461E-03  1.05592E+04  1.00000E-35  1.05607E+04
   4.55966E+02  1.61914E+00  3.16137E-03  1.07503E+04  1.00000E-35  1.07519E+04
   4.62011E+02  1.74500E+00  3.16815E-03  1.09098E+04  1.00000E-35  1.09116E+04
   4.68135E+02  1.87024E+00  3.17494E-03  1.10415E+04  1.00000E-35  1.10434E+04
   4.74342E+02  1.99607E+00  3.18174E-03  1.11465E+04  1.00000E-35  1.11485E+04
   4.80630E+02  2.11719E+00  3.18856E-03  1.12256E+04  1.00000E-35  1.12277E+04
   4.87002E+02  2.23598E+00  3.19539E-03  1.12793E+04  1.00000E-35  1.12816E+04
   4.93458E+02  2.35460E+00  3.20251E-03  1.13086E+04  1.00000E-35  1.13110E+04
   5.00000E+02  2.46822E+00  3.20980E-03  1.13149E+04  1.00000E-35  1.13174E+04
   5.12057E+02  2.66485E+00  3.22303E-03  1.12770E+04  1.00000E-35  1.12797E+04
   5.24404E+02  2.85262E+00  3.23631E-03  1.11845E+04  1.00000E-35  1.11874E+04
   5.37050E+02  3.02746E+00  3.24995E-03  1.10628E+04  1.00000E-35  1.10658E+04
   5.50000E+02  3.18456E+00  3.26416E-03  1.08990E+04  1.00000E-35  1.09022E+04
   5.62095E+02  3.31392E+00  3.27719E-03  1.07208E+04  1.00000E-35  1.07241E+04
   5.74456E+02  3.42604E+00  3.29027E-03  1.05201E+04  1.00000E-35  1.05236E+04
   6.00000E+02  3.56665E+00  3.31791E-03  1.00663E+04  1.00000E-35  1.00698E+04
   6.22093E+02  3.62558E+00  3.34134E-03  9.65760E+03  1.00000E-35  9.66123E+03
   6.45000E+02  4.87745E+00  3.36605E-03  9.22319E+03  1.00000E-35  9.22807E+03
   6.45000E+02  4.87745E+00  3.36605E-03  9.57962E+03  1.00000E-35  9.58450E+03
   6.49275E+02  4.71452E+00  3.37070E-03  9.78312E+03  1.00000E-35  9.78784E+03
   6.51422E+02  4.65051E+00  3.37303E-03  9.85416E+03  1.00000E-35  9.85881E+03
   6.53577E+02  4.58735E+00  3.37536E-03  9.89206E+03  1.00000E-35  9.89665E+03
   6.55739E+02  4.57116E+00  3.37769E-03  9.89620E+03  1.00000E-35  9.90078E+03
   6.57909E+02  4.59966E+00  3.38002E-03  9.87710E+03  1.00000E-35  9.88171E+03
   6.62269E+02  4.72589E+00  3.38470E-03  9.80699E+03  1.00000E-35  9.81172E+03
   6.80000E+02  5.47042E+00  3.40344E-03  9.49877E+03  1.00000E-35  9.50424E+03
   6.80000E+02  5.47042E+00  3.40344E-03  9.72469E+03  1.00000E-35  9.73016E+03
   6.84946E+02  5.40642E+00  3.40861E-03  9.79800E+03  1.00000E-35  9.80341E+03
   6.87432E+02  5.38395E+00  3.41133E-03  9.81509E+03  1.00000E-35  9.82047E+03
   6.89928E+02  5.36414E+00  3.41416E-03  9.80768E+03  1.00000E-35  9.81305E+03
   6.94946E+02  5.35315E+00  3.41982E-03  9.74126E+03  1.00000E-35  9.74662E+03
   7.00000E+02  5.36914E+00  3.42550E-03  9.65240E+03  1.00000E-35  9.65778E+03
   7.23762E+02  5.53008E+00  3.45175E-03  9.24842E+03  1.00000E-35  9.25395E+03
   7.48331E+02  5.70945E+00  3.47848E-03  8.82652E+03  1.00000E-35  8.83224E+03
   8.00000E+02  6.00651E+00  3.53927E-03  8.00855E+03  1.00000E-35  8.01456E+03
   8.48528E+02  6.17308E+00  3.60118E-03  7.31013E+03  1.00000E-35  7.31630E+03
   9.00000E+02  6.27812E+00  3.67149E-03  6.63913E+03  1.00000E-35  6.64541E+03
   9.28000E+02  6.69708E+00  3.71415E-03  6.30371E+03  1.00000E-35  6.31041E+03
   9.28000E+02  6.69708E+00  3.71415E-03  6.72507E+03  1.00000E-35  6.73177E+03
   9.45499E+02  6.81220E+00  3.74041E-03  6.53969E+03  1.00000E-35  6.54650E+03
   9.63328E+02  6.90701E+00  3.76748E-03  6.32698E+03  1.00000E-35  6.33389E+03
   1.00000E+03  7.04781E+00  3.83567E-03  5.93561E+03  1.00000E-35  5.94267E+03
   1.04881E+03  7.16007E+00  3.92555E-03  5.45587E+03  1.00000E-35  5.46303E+03
   1.10000E+03  7.24699E+00  4.04141E-03  5.00392E+03  1.00000E-35  5.01118E+03
   1.11600E+03  7.30035E+00  4.07718E-03  4.87140E+03  1.00000E-35  4.87871E+03
   1.11600E+03  7.30035E+00  4.07718E-03  4.93732E+03  1.00000E-35  4.94462E+03
   1.18110E+03  7.41659E+00  4.24372E-03  4.44969E+03  1.00000E-35  4.45712E+03
   1.25000E+03  7.47487E+00  4.43666E-03  3.99732E+03  1.00000E-35  4.00480E+03
   1.27400E+03  7.54093E+00  4.51516E-03  3.85276E+03  1.00000E-35  3.86030E+03
   1.27400E+03  7.54093E+00  4.51516E-03  3.94165E+03  1.00000E-35  3.94919E+03
   1.40000E+03  7.63573E+00  4.95420E-03  3.27877E+03  1.00000E-35  3.28641E+03
   1.50000E+03  7.61800E+00  5.35261E-03  2.85982E+03  1.00000E-35  2.86744E+03
   1.62019E+03  7.54843E+00  5.88636E-03  2.44763E+03  1.00000E-35  2.45518E+03
   1.75000E+03  7.41542E+00  6.51568E-03  2.08924E+03  1.00000E-35  2.09666E+03
   2.00000E+03  7.08034E+00  7.82874E-03  1.57855E+03  1.00000E-35  1.58564E+03
   2.20000E+03  6.73519E+00  8.93808E-03  1.28708E+03  1.00000E-35  1.29383E+03
   2.50000E+03  6.10365E+00  1.06585E-02  9.74042E+02  1.00000E-35  9.80156E+02
   2.73861E+03  5.46416E+00  1.20487E-02  7.95942E+02  1.00000E-35  8.01419E+02
   3.00000E+03  4.48441E+00  1.35741E-02  6.48857E+02  1.00000E-35  6.53355E+02
   3.22300E+03  3.43911E+00  1.48686E-02  5.51513E+02  1.00000E-35  5.54967E+02
   3.22300E+03  3.43911E+00  1.48686E-02  7.43100E+02  1.00000E-35  7.46554E+02
   3.22531E+03  3.45307E+00  1.48819E-02  9.48179E+02  1.00000E-35  9.51647E+02
   3.22761E+03  3.46703E+00  1.48951E-02  1.12577E+03  1.00000E-35  1.12926E+03
   3.22992E+03  3.48109E+00  1.49083E-02  1.26414E+03  1.00000E-35  1.26763E+03
   3.23224E+03  3.49526E+00  1.49216E-02  1.35228E+03  1.00000E-35  1.35579E+03
   3.23455E+03  3.50941E+00  1.49349E-02  1.39593E+03  1.00000E-35  1.39945E+03
   3.23686E+03  3.52361E+00  1.49482E-02  1.41165E+03  1.00000E-35  1.41519E+03
   3.23918E+03  3.53792E+00  1.49615E-02  1.41379E+03  1.00000E-35  1.41734E+03
   3.24150E+03  3.55228E+00  1.49748E-02  1.41174E+03  1.00000E-35  1.41530E+03
   3.26010E+03  3.65812E+00  1.50818E-02  1.40142E+03  1.00000E-35  1.40510E+03
   3.27882E+03  3.75567E+00  1.51896E-02  1.36025E+03  1.00000E-35  1.36402E+03
   3.28821E+03  3.81142E+00  1.52437E-02  1.34411E+03  1.00000E-35  1.34794E+03
   3.29764E+03  3.86989E+00  1.52981E-02  1.33169E+03  1.00000E-35  1.33558E+03
   3.33560E+03  4.20212E+00  1.55175E-02  1.28290E+03  1.00000E-35  1.28712E+03
   3.37400E+03  4.68271E+00  1.57400E-02  1.24454E+03  1.00000E-35  1.24924E+03
   3.37400E+03  4.68271E+00  1.57400E-02  1.34968E+03  1.00000E-35  1.35438E+03
   3.37593E+03  4.70355E+00  1.57512E-02  1.45452E+03  1.00000E-35  1.45924E+03
   3.37787E+03  4.72458E+00  1.57624E-02  1.55318E+03  1.00000E-35  1.55792E+03
   3.37980E+03  4.74558E+00  1.57736E-02  1.63833E+03  1.00000E-35  1.64309E+03
   3.38174E+03  4.76677E+00  1.57849E-02  1.70160E+03  1.00000E-35  1.70638E+03
   3.38368E+03  4.78804E+00  1.57962E-02  1.74169E+03  1.00000E-35  1.74649E+03
   3.38562E+03  4.80939E+00  1.58074E-02  1.76232E+03  1.00000E-35  1.76715E+03
   3.38756E+03  4.83083E+00  1.58187E-02  1.77102E+03  1.00000E-35  1.77587E+03
   3.38950E+03  4.85235E+00  1.58300E-02  1.77248E+03  1.00000E-35  1.77735E+03
   3.40507E+03  5.02492E+00  1.59205E-02  1.76210E+03  1.00000E-35  1.76714E+03
   3.41288E+03  5.08949E+00  1.59659E-02  1.75189E+03  1.00000E-35  1.75700E+03
   3.42071E+03  5.15489E+00  1.60103E-02  1.73580E+03  1.00000E-35  1.74097E+03
   3.43642E+03  5.28737E+00  1.60985E-02  1.70609E+03  1.00000E-35  1.71139E+03
   3.50000E+03  5.75091E+00  1.64563E-02  1.61911E+03  1.00000E-35  1.62488E+03
   3.92100E+03  6.51984E+00  1.88099E-02  1.21187E+03  1.00000E-35  1.21841E+03
   3.92100E+03  6.51984E+00  1.88099E-02  1.40605E+03  1.00000E-35  1.41259E+03
   3.93079E+03  6.57491E+00  1.88640E-02  1.41170E+03  1.00000E-35  1.41830E+03
   3.93569E+03  6.60260E+00  1.88911E-02  1.40942E+03  1.00000E-35  1.41604E+03
   3.94060E+03  6.63042E+00  1.89183E-02  1.40364E+03  1.00000E-35  1.41029E+03
   3.95044E+03  6.68587E+00  1.89727E-02  1.39197E+03  1.00000E-35  1.39867E+03
   3.96030E+03  6.74139E+00  1.90273E-02  1.38372E+03  1.00000E-35  1.39048E+03
   4.00000E+03  6.93768E+00  1.92472E-02  1.35199E+03  1.00000E-35  1.35895E+03
   4.24264E+03  7.35553E+00  2.05496E-02  1.17028E+03  1.00000E-35  1.17765E+03
   4.50000E+03  7.34985E+00  2.19041E-02  1.01069E+03  1.00000E-35  1.01807E+03
   4.66100E+03  7.26691E+00  2.27300E-02  9.24985E+02  1.00000E-35  9.32274E+02
   4.66100E+03  7.26691E+00  2.27300E-02  9.75662E+02  1.00000E-35  9.82952E+02
   4.66612E+03  7.27211E+00  2.27563E-02  9.78254E+02  1.00000E-35  9.85549E+02
   4.67124E+03  7.27730E+00  2.27826E-02  9.78185E+02  1.00000E-35  9.85485E+02
   4.68150E+03  7.28771E+00  2.28353E-02  9.72739E+02  1.00000E-35  9.80050E+02
   4.70208E+03  7.30861E+00  2.29410E-02  9.61914E+02  1.00000E-35  9.69246E+02
   4.74353E+03  7.35081E+00  2.31540E-02  9.41903E+02  1.00000E-35  9.49277E+02
   4.82753E+03  7.38050E+00  2.35768E-02  9.02573E+02  1.00000E-35  9.09977E+02
   5.00000E+03  7.37478E+00  2.44240E-02  8.28505E+02  1.00000E-35  8.35905E+02
   5.00500E+03  7.37766E+00  2.44485E-02  8.26468E+02  1.00000E-35  8.33870E+02
   5.00500E+03  7.37766E+00  2.44485E-02  8.66453E+02  1.00000E-35  8.73855E+02
   5.01238E+03  7.38202E+00  2.44848E-02  8.60095E+02  1.00000E-35  8.67501E+02
   5.01977E+03  7.38787E+00  2.45211E-02  8.56538E+02  1.00000E-35  8.63950E+02
   5.03459E+03  7.39959E+00  2.45939E-02  8.51092E+02  1.00000E-35  8.58516E+02
   5.06435E+03  7.42183E+00  2.47401E-02  8.38872E+02  1.00000E-35  8.46318E+02
   5.12441E+03  7.45095E+00  2.50352E-02  8.15314E+02  1.00000E-35  8.22790E+02
   5.24667E+03  7.46437E+00  2.56280E-02  7.70090E+02  1.00000E-35  7.77580E+02
   5.50000E+03  7.39675E+00  2.68167E-02  6.87338E+02  1.00000E-35  6.94762E+02
   6.00000E+03  7.16049E+00  2.90889E-02  5.55855E+02  1.00000E-35  5.63045E+02
   7.00000E+03  6.55043E+00  3.33096E-02  3.79987E+02  1.00000E-35  3.86570E+02
   8.00000E+03  5.92506E+00  3.71651E-02  2.72268E+02  1.00000E-35  2.78231E+02
   9.00000E+03  5.34573E+00  4.06810E-02  2.02383E+02  1.00000E-35  2.07769E+02
   1.00000E+04  4.81604E+00  4.39182E-02  1.54935E+02  1.00000E-35  1.59795E+02
   1.10000E+04  4.34850E+00  4.68865E-02  1.21509E+02  1.00000E-35  1.25905E+02
   1.25000E+04  3.72351E+00  5.09020E-02  8.75472E+01  1.00000E-35  9.13216E+01
   1.40000E+04  3.15675E+00  5.45169E-02  6.53595E+01  1.00000E-35  6.85707E+01
   1.50000E+04  2.75532E+00  5.67314E-02  5.46669E+01  1.00000E-35  5.74790E+01
   1.58740E+04  2.23240E+00  5.85616E-02  4.71559E+01  1.00000E-35  4.94469E+01
   1.58740E+04  2.23240E+00  5.85616E-02  1.09918E+02  1.00000E-35  1.12209E+02
   1.58861E+04  2.23510E+00  5.85858E-02  1.15173E+02  1.00000E-35  1.17466E+02
   1.58982E+04  2.23780E+00  5.86100E-02  1.13760E+02  1.00000E-35  1.16057E+02
   1.59103E+04  2.24050E+00  5.86342E-02  1.13051E+02  1.00000E-35  1.15350E+02
   1.59224E+04  2.24321E+00  5.86583E-02  1.13325E+02  1.00000E-35  1.15627E+02
   1.59710E+04  2.25407E+00  5.87553E-02  1.12661E+02  1.00000E-35  1.14974E+02
   1.60687E+04  2.30330E+00  5.89499E-02  1.11074E+02  1.00000E-35  1.13436E+02
   1.62658E+04  2.41442E+00  5.93408E-02  1.07612E+02  1.00000E-35  1.10086E+02
   1.66672E+04  2.49791E+00  6.01301E-02  1.00866E+02  1.00000E-35  1.03424E+02
   1.75000E+04  2.44506E+00  6.16924E-02  8.85037E+01  1.00000E-35  9.10105E+01
   1.90860E+04  2.07055E+00  6.44574E-02  6.99710E+01  1.00000E-35  7.21060E+01
   1.90860E+04  2.07055E+00  6.44574E-02  9.45293E+01  1.00000E-35  9.66643E+01
   1.90977E+04  2.06946E+00  6.44767E-02  9.82673E+01  1.00000E-35  1.00401E+02
   1.91094E+04  2.06837E+00  6.44960E-02  9.76352E+01  1.00000E-35  9.97681E+01
   1.91211E+04  2.06727E+00  6.45153E-02  9.72821E+01  1.00000E-35  9.94139E+01
   1.91329E+04  2.06617E+00  6.45347E-02  9.73179E+01  1.00000E-35  9.94487E+01
   1.91799E+04  2.06180E+00  6.46121E-02  9.68288E+01  1.00000E-35  9.89552E+01
   1.92742E+04  2.06090E+00  6.47670E-02  9.56909E+01  1.00000E-35  9.78165E+01
   1.94643E+04  2.07802E+00  6.50780E-02  9.33043E+01  1.00000E-35  9.54474E+01
   1.98500E+04  2.11090E+00  6.57044E-02  8.86400E+01  1.00000E-35  9.08167E+01
   1.98500E+04  2.11090E+00  6.57044E-02  1.03680E+02  1.00000E-35  1.05857E+02
   1.98687E+04  2.11298E+00  6.57346E-02  1.02208E+02  1.00000E-35  1.04386E+02
   1.98874E+04  2.11506E+00  6.57648E-02  1.02186E+02  1.00000E-35  1.04367E+02
   1.99249E+04  2.11923E+00  6.58253E-02  1.01668E+02  1.00000E-35  1.03853E+02
   2.00000E+04  2.12869E+00  6.59463E-02  1.00724E+02  1.00000E-35  1.02918E+02
   2.20000E+04  2.11911E+00  6.89218E-02  7.91682E+01  1.00000E-35  8.13563E+01
   2.50000E+04  1.87367E+00  7.28043E-02  5.71264E+01  1.00000E-35  5.90729E+01
   3.00000E+04  1.49585E+00  7.81249E-02  3.56458E+01  1.00000E-35  3.72198E+01
   3.50000E+04  1.21292E+00  8.22842E-02  2.38130E+01  1.00000E-35  2.51082E+01
   4.00000E+04  9.97371E-01  8.55544E-02  1.67399E+01  1.00000E-35  1.78229E+01
   4.50000E+04  8.30803E-01  8.81101E-02  1.22422E+01  1.00000E-35  1.31612E+01
   5.00000E+04  7.02086E-01  9.01430E-02  9.24017E+00  1.00000E-35  1.00324E+01
   5.50000E+04  5.99457E-01  9.17319E-02  7.15654E+00  1.00000E-35  7.84773E+00
   6.00000E+04  5.15966E-01  9.29505E-02  5.66312E+00  1.00000E-35  6.27203E+00
   7.00000E+04  3.92799E-01  9.45524E-02  3.73514E+00  1.00000E-35  4.22250E+00
   8.00000E+04  3.08445E-01  9.53878E-02  2.60120E+00  1.00000E-35  3.00504E+00
   9.00000E+04  2.46376E-01  9.56929E-02  1.88910E+00  1.00000E-35  2.23116E+00
   1.00000E+05  1.96266E-01  9.56310E-02  1.41847E+00  1.00000E-35  1.71037E+00
   1.06759E+05  1.55725E-01  9.54070E-02  1.18709E+00  1.00000E-35  1.43822E+00
   1.06759E+05  1.55725E-01  9.54070E-02  5.48452E+00  1.00000E-35  5.73565E+00
   1.06859E+05  1.55601E-01  9.54037E-02  5.20929E+00  1.00000E-35  5.46029E+00
   1.06959E+05  1.55477E-01  9.54004E-02  5.19557E+00  1.00000E-35  5.44645E+00
   1.07159E+05  1.55230E-01  9.53939E-02  5.17295E+00  1.00000E-35  5.42357E+00
   1.07560E+05  1.54738E-01  9.53808E-02  5.12517E+00  1.00000E-35  5.37529E+00
   1.08367E+05  1.56645E-01  9.53547E-02  5.02843E+00  1.00000E-35  5.28043E+00
   1.10000E+05  1.61353E-01  9.52813E-02  4.84270E+00  1.00000E-35  5.09933E+00
   1.25000E+05  1.44743E-01  9.43965E-02  3.49814E+00  1.00000E-35  3.73728E+00
   1.40000E+05  1.21470E-01  9.32503E-02  2.61502E+00  1.00000E-35  2.82974E+00
   1.50000E+05  1.08357E-01  9.23589E-02  2.18858E+00  1.00000E-35  2.38929E+00
   1.75000E+05  8.30038E-02  9.00011E-02  1.46837E+00  1.00000E-35  1.64138E+00
   2.00000E+05  6.54243E-02  8.76140E-02  1.03880E+00  1.00000E-35  1.19184E+00
   2.20000E+05  5.50481E-02  8.57319E-02  8.11879E-01  1.00000E-35  9.52659E-01
   2.50000E+05  4.35497E-02  8.30324E-02  5.84312E-01  1.00000E-35  7.10894E-01
   3.00000E+05  3.10117E-02  7.89006E-02  3.67493E-01  1.00000E-35  4.77405E-01
   3.50000E+05  2.31763E-02  7.52163E-02  2.50044E-01  1.00000E-35  3.48437E-01
   4.00000E+05  1.79778E-02  7.19390E-02  1.80306E-01  1.00000E-35  2.70223E-01
   4.50000E+05  1.43375E-02  6.90112E-02  1.35920E-01  1.00000E-35  2.19269E-01
   5.00000E+05  1.17007E-02  6.63750E-02  1.06093E-01  1.00000E-35  1.84169E-01
   5.50000E+05  9.73573E-03  6.39750E-02  8.51593E-02  1.00000E-35  1.58870E-01
   6.00000E+05  8.22481E-03  6.17900E-02  6.99354E-02  1.00000E-35  1.39950E-01
   7.00000E+05  6.09067E-03  5.79530E-02  4.97713E-02  1.00000E-35  1.13815E-01
   8.00000E+05  4.69508E-03  5.46687E-02  3.74098E-02  1.00000E-35  9.67736E-02
   9.00000E+05  3.72840E-03  5.18356E-02  2.92839E-02  1.00000E-35  8.48479E-02
   1.00000E+06  3.03173E-03  4.93382E-02  2.36503E-02  1.00000E-35  7.60203E-02
   1.10000E+06  2.51433E-03  4.71281E-02  1.95778E-02  1.71314E-05  6.92373E-02
   1.25000E+06  1.95587E-03  4.42371E-02  1.52897E-02  4.13081E-04  6.18958E-02
   1.40000E+06  1.56371E-03  4.17460E-02  1.23526E-02  1.30227E-03  5.69646E-02
   1.50000E+06  1.36399E-03  4.02693E-02  1.08771E-02  2.09051E-03  5.46008E-02
   1.75000E+06  1.00513E-03  3.70663E-02  8.24426E-03  4.14904E-03  5.04647E-02
   2.00000E+06  7.71564E-04  3.44144E-02  6.53555E-03  6.16108E-03  4.78826E-02
   2.20000E+06  6.38526E-04  3.25962E-02  5.55977E-03  7.71343E-03  4.65080E-02
   2.50000E+06  4.94971E-04  3.02557E-02  4.50057E-03  9.88280E-03  4.51341E-02
   3.00000E+06  3.44160E-04  2.71113E-02  3.36498E-03  1.30489E-02  4.38693E-02
   3.50000E+06  2.53121E-04  2.46368E-02  2.65653E-03  1.58858E-02  4.34322E-02
   4.00000E+06  1.93974E-04  2.26241E-02  2.17920E-03  1.84476E-02  4.34448E-02
   4.50000E+06  1.53381E-04  2.09566E-02  1.83895E-03  2.08120E-02  4.37609E-02
   5.00000E+06  1.24284E-04  1.95485E-02  1.58578E-03  2.29688E-02  4.42273E-02
   5.50000E+06  1.02724E-04  1.83346E-02  1.39092E-03  2.49518E-02  4.47800E-02
   6.00000E+06  8.63237E-05  1.72782E-02  1.23688E-03  2.68611E-02  4.54625E-02
   7.00000E+06  6.34309E-05  1.55281E-02  1.00976E-03  3.03148E-02  4.69161E-02
   8.00000E+06  4.85705E-05  1.41321E-02  8.51132E-04  3.34293E-02  4.84611E-02
   9.00000E+06  3.83810E-05  1.29889E-02  7.34522E-04  3.62785E-02  5.00403E-02
   1.00000E+07  3.10919E-05  1.20335E-02  6.45409E-04  3.89052E-02  5.16152E-02
   1.10000E+07  2.56981E-05  1.12219E-02  5.75214E-04  4.13388E-02  5.31617E-02
   1.25000E+07  1.99029E-05  1.02084E-02  4.90846E-04  4.46841E-02  5.54033E-02
   1.40000E+07  1.58681E-05  9.37721E-03  4.27364E-04  4.77028E-02  5.75233E-02
   1.50000E+07  1.38231E-05  8.90125E-03  3.93178E-04  4.95592E-02  5.88675E-02
   1.75000E+07  1.01558E-05  7.91464E-03  3.27147E-04  5.36700E-02  6.19220E-02
   2.00000E+07  7.77564E-06  7.14030E-03  2.79701E-04  5.72373E-02  6.46651E-02
   2.20000E+07  6.42618E-06  6.63048E-03  2.50447E-04  5.97764E-02  6.66638E-02
   2.50000E+07  4.97647E-06  5.99856E-03  2.16319E-04  6.31957E-02  6.94155E-02
   3.00000E+07  3.45590E-06  5.19270E-03  1.76071E-04  6.79811E-02  7.33533E-02
   3.50000E+07  2.53905E-06  4.59082E-03  1.48322E-04  7.19407E-02  7.66823E-02
   4.00000E+07  1.94397E-06  4.12268E-03  1.28064E-04  7.52934E-02  7.95461E-02
   4.50000E+07  1.53598E-06  3.74711E-03  1.12639E-04  7.81938E-02  8.20550E-02
   5.00000E+07  1.24414E-06  3.43868E-03  1.00510E-04  8.07179E-02  8.42583E-02
   5.50000E+07  1.02822E-06  3.18045E-03  9.07260E-05  8.29185E-02  8.61908E-02
   6.00000E+07  8.63991E-07  2.96083E-03  8.26696E-05  8.49324E-02  8.79767E-02
   7.00000E+07  6.34770E-07  2.60661E-03  7.01887E-05  8.83331E-02  9.10105E-02
   8.00000E+07  4.85996E-07  2.33279E-03  6.09724E-05  9.11439E-02  9.35381E-02
   9.00000E+07  3.83997E-07  2.11419E-03  5.38905E-05  9.34949E-02  9.56634E-02
   1.00000E+08  3.11038E-07  1.93543E-03  4.82795E-05  9.55101E-02  9.74942E-02
   1.10000E+08  2.57057E-07  1.78630E-03  4.37248E-05  9.72571E-02  9.90874E-02
   1.25000E+08  1.99064E-07  1.60349E-03  3.83024E-05  9.94757E-02  1.01118E-01
   1.40000E+08  1.58693E-07  1.45663E-03  3.40752E-05  1.01338E-01  1.02829E-01
   1.50000E+08  1.38239E-07  1.37366E-03  3.17397E-05  1.02418E-01  1.03824E-01
   1.75000E+08  1.01563E-07  1.20448E-03  2.70953E-05  1.04699E-01  1.05930E-01
   2.00000E+08  7.77598E-08  1.07440E-03  2.36359E-05  1.06531E-01  1.07630E-01
   2.20000E+08  6.42644E-08  9.89989E-04  2.14452E-05  1.07755E-01  1.08767E-01
   2.50000E+08  4.97663E-08  8.86809E-04  1.88274E-05  1.09294E-01  1.10199E-01
   3.00000E+08  3.45598E-08  7.57558E-04  1.56442E-05  1.11313E-01  1.12086E-01
   3.50000E+08  2.53910E-08  6.62754E-04  1.33815E-05  1.12855E-01  1.13532E-01
   4.00000E+08  1.94400E-08  5.90071E-04  1.16905E-05  1.14073E-01  1.14675E-01
   4.50000E+08  1.53600E-08  5.32460E-04  1.03789E-05  1.15047E-01  1.15590E-01
   5.00000E+08  1.24416E-08  4.85618E-04  9.33192E-06  1.15858E-01  1.16353E-01
   5.50000E+08  1.02823E-08  4.46732E-04  8.47678E-06  1.16542E-01  1.16997E-01
   6.00000E+08  8.63995E-09  4.13904E-04  7.76520E-06  1.17162E-01  1.17584E-01
   7.00000E+08  6.34772E-09  3.61450E-04  6.64889E-06  1.18123E-01  1.18491E-01
   8.00000E+08  4.85996E-09  3.21324E-04  5.81320E-06  1.18868E-01  1.19195E-01
   9.00000E+08  3.83997E-09  2.89581E-04  5.16409E-06  1.19476E-01  1.19770E-01
   1.00000E+09  3.11038E-09  2.63815E-04  4.64540E-06  1.19983E-01  1.20251E-01
