 # Material data file: Te                  
 # 
 # PENELOPE >>>  Photon mass attenuation coefficients (mac).
 # 
 #   Energy       mac_Ra       mac_Co       mac_ph       mac_pp       mac_tot
 #    (eV)       (cm**2/g)    (cm**2/g)    (cm**2/g)    (cm**2/g)    (cm**2/g)
 #------------------------------------------------------------------------------
   5.00000E+01  8.61021E-02  6.36917E-03  1.68453E+04  1.00000E-35  1.68454E+04
   5.02987E+01  9.90051E-02  6.36988E-03  1.78323E+04  1.00000E-35  1.78324E+04
   5.05993E+01  1.13475E-01  6.37058E-03  1.89166E+04  1.00000E-35  1.89167E+04
   5.07502E+01  1.21409E-01  6.37094E-03  1.94874E+04  1.00000E-35  1.94875E+04
   5.09016E+01  1.29900E-01  6.37129E-03  2.01473E+04  1.00000E-35  2.01474E+04
   5.12057E+01  1.48701E-01  6.37200E-03  2.15688E+04  1.00000E-35  2.15690E+04
   5.15116E+01  1.70220E-01  6.37271E-03  2.31524E+04  1.00000E-35  2.31526E+04
   5.18194E+01  1.94482E-01  6.37341E-03  2.49379E+04  1.00000E-35  2.49381E+04
   5.21290E+01  2.21932E-01  6.37412E-03  2.69249E+04  1.00000E-35  2.69251E+04
   5.24404E+01  2.52854E-01  6.37483E-03  2.91678E+04  1.00000E-35  2.91681E+04
   5.30689E+01  3.26572E-01  6.37624E-03  3.43780E+04  1.00000E-35  3.43783E+04
   5.37050E+01  4.19914E-01  6.37766E-03  4.07897E+04  1.00000E-35  4.07901E+04
   5.50000E+01  6.86284E-01  6.38060E-03  5.80344E+04  1.00000E-35  5.80351E+04
   5.56015E+01  8.53701E-01  6.38201E-03  6.82904E+04  1.00000E-35  6.82913E+04
   5.62095E+01  1.05926E+00  6.38342E-03  8.01648E+04  1.00000E-35  8.01659E+04
   5.68242E+01  1.30916E+00  6.38483E-03  9.37080E+04  1.00000E-35  9.37093E+04
   5.74456E+01  1.61326E+00  6.38624E-03  1.08875E+05  1.00000E-35  1.08877E+05
   5.80738E+01  1.97919E+00  6.38764E-03  1.25417E+05  1.00000E-35  1.25419E+05
   5.83905E+01  2.18561E+00  6.38835E-03  1.34038E+05  1.00000E-35  1.34041E+05
   5.87089E+01  2.41136E+00  6.38905E-03  1.42891E+05  1.00000E-35  1.42893E+05
   5.90291E+01  2.65497E+00  6.38976E-03  1.51787E+05  1.00000E-35  1.51790E+05
   5.93510E+01  2.91800E+00  6.39049E-03  1.60765E+05  1.00000E-35  1.60768E+05
   5.96746E+01  3.20333E+00  6.39126E-03  1.69604E+05  1.00000E-35  1.69608E+05
   6.00000E+01  3.50196E+00  6.39203E-03  1.78239E+05  1.00000E-35  1.78242E+05
   6.02897E+01  3.78644E+00  6.39271E-03  1.85641E+05  1.00000E-35  1.85644E+05
   6.05809E+01  4.07918E+00  6.39339E-03  1.92730E+05  1.00000E-35  1.92734E+05
   6.08734E+01  4.39037E+00  6.39407E-03  1.99461E+05  1.00000E-35  1.99465E+05
   6.11673E+01  4.70835E+00  6.39475E-03  2.05715E+05  1.00000E-35  2.05720E+05
   6.14627E+01  5.04125E+00  6.39543E-03  2.11432E+05  1.00000E-35  2.11437E+05
   6.17595E+01  5.37642E+00  6.39611E-03  2.16583E+05  1.00000E-35  2.16589E+05
   6.20577E+01  5.72136E+00  6.39679E-03  2.21196E+05  1.00000E-35  2.21201E+05
   6.23574E+01  6.06694E+00  6.39747E-03  2.25115E+05  1.00000E-35  2.25121E+05
   6.26585E+01  6.41352E+00  6.39815E-03  2.28307E+05  1.00000E-35  2.28314E+05
   6.29611E+01  6.75623E+00  6.39883E-03  2.30923E+05  1.00000E-35  2.30930E+05
   6.32651E+01  7.09196E+00  6.39952E-03  2.32764E+05  1.00000E-35  2.32771E+05
   6.35706E+01  7.42339E+00  6.40020E-03  2.33981E+05  1.00000E-35  2.33988E+05
   6.38776E+01  7.73255E+00  6.40088E-03  2.34545E+05  1.00000E-35  2.34553E+05
   6.41860E+01  8.03287E+00  6.40156E-03  2.34481E+05  1.00000E-35  2.34489E+05
   6.44960E+01  8.30591E+00  6.40225E-03  2.33823E+05  1.00000E-35  2.33831E+05
   6.48074E+01  8.57345E+00  6.40299E-03  2.32615E+05  1.00000E-35  2.32623E+05
   6.51204E+01  8.80175E+00  6.40373E-03  2.30900E+05  1.00000E-35  2.30909E+05
   6.54348E+01  9.02534E+00  6.40447E-03  2.28726E+05  1.00000E-35  2.28735E+05
   6.60683E+01  9.37591E+00  6.40595E-03  2.23193E+05  1.00000E-35  2.23203E+05
   6.67079E+01  9.62143E+00  6.40742E-03  2.16383E+05  1.00000E-35  2.16392E+05
   6.73537E+01  9.75938E+00  6.40890E-03  2.08663E+05  1.00000E-35  2.08673E+05
   6.80057E+01  9.81915E+00  6.41038E-03  2.00322E+05  1.00000E-35  2.00332E+05
   6.86641E+01  9.79329E+00  6.41186E-03  1.91624E+05  1.00000E-35  1.91634E+05
   6.93288E+01  9.70508E+00  6.41334E-03  1.82743E+05  1.00000E-35  1.82753E+05
   7.00000E+01  9.56973E+00  6.41482E-03  1.73869E+05  1.00000E-35  1.73879E+05
   7.11782E+01  9.25714E+00  6.41758E-03  1.58731E+05  1.00000E-35  1.58740E+05
   7.23762E+01  8.87977E+00  6.42036E-03  1.44303E+05  1.00000E-35  1.44312E+05
   7.35944E+01  8.47319E+00  6.42314E-03  1.30698E+05  1.00000E-35  1.30706E+05
   7.48331E+01  8.06748E+00  6.42593E-03  1.17974E+05  1.00000E-35  1.17982E+05
   7.73735E+01  7.27142E+00  6.43170E-03  9.53735E+04  1.00000E-35  9.53808E+04
   8.00000E+01  6.53739E+00  6.43776E-03  7.63014E+04  1.00000E-35  7.63079E+04
   8.23907E+01  5.94184E+00  6.44310E-03  6.21824E+04  1.00000E-35  6.21883E+04
   8.48528E+01  5.40014E+00  6.44880E-03  5.03174E+04  1.00000E-35  5.03229E+04
   8.73885E+01  4.90457E+00  6.45461E-03  4.05982E+04  1.00000E-35  4.06031E+04
   9.00000E+01  4.45443E+00  6.46043E-03  3.25278E+04  1.00000E-35  3.25322E+04
   9.24021E+01  4.08690E+00  6.46602E-03  2.66738E+04  1.00000E-35  2.66779E+04
   9.48683E+01  3.75515E+00  6.47168E-03  2.17728E+04  1.00000E-35  2.17766E+04
   9.74004E+01  3.45562E+00  6.47734E-03  1.77795E+04  1.00000E-35  1.77829E+04
   1.00000E+02  3.18588E+00  6.48332E-03  1.44550E+04  1.00000E-35  1.44582E+04
   1.10000E+02  2.39744E+00  6.50616E-03  6.86826E+03  1.00000E-35  6.87067E+03
   1.13446E+02  2.17562E+00  6.51400E-03  5.41379E+03  1.00000E-35  5.41597E+03
   1.15209E+02  2.05381E+00  6.51792E-03  4.81856E+03  1.00000E-35  4.82062E+03
   1.17000E+02  1.96026E+00  6.52196E-03  4.29848E+03  1.00000E-35  4.30044E+03
   1.17000E+02  1.96026E+00  6.52196E-03  6.09298E+03  1.00000E-35  6.09495E+03
   1.18951E+02  1.94472E+00  6.52652E-03  5.62145E+03  1.00000E-35  5.62340E+03
   1.20934E+02  1.89457E+00  6.53109E-03  5.20755E+03  1.00000E-35  5.20945E+03
   1.21938E+02  1.86062E+00  6.53338E-03  5.01542E+03  1.00000E-35  5.01728E+03
   1.22950E+02  1.82495E+00  6.53566E-03  4.84466E+03  1.00000E-35  4.84649E+03
   1.25000E+02  1.75209E+00  6.54024E-03  4.53291E+03  1.00000E-35  4.53467E+03
   1.25996E+02  1.71902E+00  6.54243E-03  4.39611E+03  1.00000E-35  4.39783E+03
   1.27000E+02  1.69360E+00  6.54470E-03  4.27874E+03  1.00000E-35  4.28044E+03
   1.27000E+02  1.69360E+00  6.54470E-03  5.01452E+03  1.00000E-35  5.01622E+03
   1.30132E+02  1.64673E+00  6.55201E-03  4.70099E+03  1.00000E-35  4.70264E+03
   1.33342E+02  1.58766E+00  6.55934E-03  4.43628E+03  1.00000E-35  4.43788E+03
   1.36630E+02  1.52955E+00  6.56667E-03  4.23655E+03  1.00000E-35  4.23808E+03
   1.38305E+02  1.50134E+00  6.57043E-03  4.16062E+03  1.00000E-35  4.16213E+03
   1.40000E+02  1.47367E+00  6.57441E-03  4.09479E+03  1.00000E-35  4.09627E+03
   1.42436E+02  1.43535E+00  6.58004E-03  4.01775E+03  1.00000E-35  4.01920E+03
   1.44914E+02  1.39864E+00  6.58568E-03  3.97048E+03  1.00000E-35  3.97189E+03
   1.47435E+02  1.36379E+00  6.59133E-03  3.93658E+03  1.00000E-35  3.93795E+03
   1.50000E+02  1.32979E+00  6.59699E-03  3.93117E+03  1.00000E-35  3.93250E+03
   1.52809E+02  1.29419E+00  6.60357E-03  3.93756E+03  1.00000E-35  3.93886E+03
   1.55670E+02  1.25916E+00  6.61016E-03  3.95763E+03  1.00000E-35  3.95890E+03
   1.58585E+02  1.22110E+00  6.61676E-03  3.98415E+03  1.00000E-35  3.98538E+03
   1.61555E+02  1.17297E+00  6.62336E-03  4.02823E+03  1.00000E-35  4.02941E+03
   1.67662E+02  1.21253E+00  6.63738E-03  4.14556E+03  1.00000E-35  4.14677E+03
   1.74000E+02  1.13813E+00  6.65172E-03  4.28512E+03  1.00000E-35  4.28626E+03
   1.74000E+02  1.13813E+00  6.65172E-03  4.90956E+03  1.00000E-35  4.91070E+03
   1.75000E+02  1.13610E+00  6.65394E-03  4.93830E+03  1.00000E-35  4.93944E+03
   1.80941E+02  1.11937E+00  6.66747E-03  5.10225E+03  1.00000E-35  5.10338E+03
   1.83986E+02  1.11180E+00  6.67446E-03  5.18711E+03  1.00000E-35  5.18823E+03
   1.87083E+02  1.10429E+00  6.68147E-03  5.25753E+03  1.00000E-35  5.25864E+03
   1.93434E+02  1.09107E+00  6.69555E-03  5.39562E+03  1.00000E-35  5.39672E+03
   1.96689E+02  1.08672E+00  6.70315E-03  5.46472E+03  1.00000E-35  5.46581E+03
   2.00000E+02  1.08258E+00  6.71076E-03  5.51380E+03  1.00000E-35  5.51489E+03
   2.09762E+02  1.07688E+00  6.73252E-03  5.63688E+03  1.00000E-35  5.63797E+03
   2.14820E+02  1.07569E+00  6.74423E-03  5.69267E+03  1.00000E-35  5.69375E+03
   2.17395E+02  1.07543E+00  6.75013E-03  5.71934E+03  1.00000E-35  5.72042E+03
   2.20000E+02  1.07521E+00  6.75604E-03  5.73175E+03  1.00000E-35  5.73283E+03
   2.27144E+02  1.07711E+00  6.77191E-03  5.76625E+03  1.00000E-35  5.76733E+03
   2.30803E+02  1.07821E+00  6.78022E-03  5.78451E+03  1.00000E-35  5.78560E+03
   2.34521E+02  1.07931E+00  6.78881E-03  5.78928E+03  1.00000E-35  5.79037E+03
   2.42137E+02  1.08362E+00  6.80603E-03  5.79126E+03  1.00000E-35  5.79235E+03
   2.46037E+02  1.08634E+00  6.81465E-03  5.79282E+03  1.00000E-35  5.79391E+03
   2.50000E+02  1.08908E+00  6.82347E-03  5.78097E+03  1.00000E-35  5.78207E+03
   2.61659E+02  1.09691E+00  6.85009E-03  5.73175E+03  1.00000E-35  5.73285E+03
   2.73861E+02  1.10479E+00  6.87732E-03  5.66921E+03  1.00000E-35  5.67033E+03
   2.86633E+02  1.11265E+00  6.90624E-03  5.56576E+03  1.00000E-35  5.56688E+03
   3.00000E+02  1.12055E+00  6.93615E-03  5.44286E+03  1.00000E-35  5.44399E+03
   3.24037E+02  1.12664E+00  6.98993E-03  5.17366E+03  1.00000E-35  5.17480E+03
   3.50000E+02  1.11983E+00  7.04798E-03  4.88346E+03  1.00000E-35  4.88458E+03
   3.74166E+02  1.09928E+00  7.10273E-03  4.59096E+03  1.00000E-35  4.59206E+03
   4.00000E+02  1.05870E+00  7.16206E-03  4.29612E+03  1.00000E-35  4.29718E+03
   4.50000E+02  9.22078E-01  7.27945E-03  3.75270E+03  1.00000E-35  3.75362E+03
   5.00000E+02  6.83261E-01  7.40986E-03  3.27322E+03  1.00000E-35  3.27391E+03
   5.50000E+02  3.00512E-01  7.55542E-03  2.86032E+03  1.00000E-35  2.86063E+03
   5.78000E+02  1.54824E-01  7.64183E-03  2.65388E+03  1.00000E-35  2.65404E+03
   5.78000E+02  1.54824E-01  7.64183E-03  2.84187E+03  1.00000E-35  2.84203E+03
   5.79364E+02  1.71930E-01  7.64597E-03  2.85835E+03  1.00000E-35  2.85853E+03
   5.80047E+02  1.81177E-01  7.64846E-03  2.87609E+03  1.00000E-35  2.87628E+03
   5.80731E+02  1.90924E-01  7.65095E-03  2.90291E+03  1.00000E-35  2.90311E+03
   5.81415E+02  2.11387E-01  7.65344E-03  2.94233E+03  1.00000E-35  2.94254E+03
   5.82101E+02  2.34675E-01  7.65594E-03  2.99858E+03  1.00000E-35  2.99882E+03
   5.82444E+02  2.47253E-01  7.65719E-03  3.03369E+03  1.00000E-35  3.03394E+03
   5.82787E+02  2.60496E-01  7.65843E-03  3.07548E+03  1.00000E-35  3.07575E+03
   5.83474E+02  2.89167E-01  7.66093E-03  3.18102E+03  1.00000E-35  3.18132E+03
   5.83818E+02  3.04674E-01  7.66218E-03  3.24705E+03  1.00000E-35  3.24737E+03
   5.84162E+02  3.21002E-01  7.66343E-03  3.32365E+03  1.00000E-35  3.32398E+03
   5.84506E+02  3.38196E-01  7.66467E-03  3.41134E+03  1.00000E-35  3.41168E+03
   5.84851E+02  3.56353E-01  7.66593E-03  3.51278E+03  1.00000E-35  3.51315E+03
   5.85195E+02  3.75417E-01  7.66717E-03  3.62852E+03  1.00000E-35  3.62890E+03
   5.85540E+02  3.95548E-01  7.66842E-03  3.76106E+03  1.00000E-35  3.76146E+03
   5.85885E+02  4.16746E-01  7.66967E-03  3.91177E+03  1.00000E-35  3.91219E+03
   5.86231E+02  4.38928E-01  7.67092E-03  4.08288E+03  1.00000E-35  4.08332E+03
   5.86576E+02  4.61623E-01  7.67217E-03  4.27691E+03  1.00000E-35  4.27738E+03
   5.86922E+02  4.85548E-01  7.67342E-03  4.49530E+03  1.00000E-35  4.49579E+03
   5.87268E+02  5.10698E-01  7.67467E-03  4.74097E+03  1.00000E-35  4.74149E+03
   5.87614E+02  5.37135E-01  7.67592E-03  5.01362E+03  1.00000E-35  5.01417E+03
   5.87960E+02  5.64924E-01  7.67717E-03  5.31780E+03  1.00000E-35  5.31837E+03
   5.88306E+02  5.94132E-01  7.67842E-03  5.65388E+03  1.00000E-35  5.65448E+03
   5.89000E+02  6.57291E-01  7.68093E-03  6.42547E+03  1.00000E-35  6.42614E+03
   5.89000E+02  6.57291E-01  7.68093E-03  6.55290E+03  1.00000E-35  6.55357E+03
   5.90364E+02  8.01380E-01  7.68584E-03  8.45370E+03  1.00000E-35  8.45451E+03
   5.91047E+02  8.84846E-01  7.68830E-03  9.55378E+03  1.00000E-35  9.55467E+03
   5.91389E+02  9.29811E-01  7.68953E-03  1.01287E+04  1.00000E-35  1.01297E+04
   5.91731E+02  9.70555E-01  7.69076E-03  1.07115E+04  1.00000E-35  1.07125E+04
   5.92073E+02  1.00618E+00  7.69199E-03  1.12930E+04  1.00000E-35  1.12940E+04
   5.92416E+02  1.04321E+00  7.69322E-03  1.18714E+04  1.00000E-35  1.18725E+04
   5.92758E+02  1.08146E+00  7.69445E-03  1.24411E+04  1.00000E-35  1.24422E+04
   5.93101E+02  1.12121E+00  7.69568E-03  1.29968E+04  1.00000E-35  1.29979E+04
   5.93444E+02  1.16239E+00  7.69691E-03  1.35259E+04  1.00000E-35  1.35271E+04
   5.93787E+02  1.20506E+00  7.69814E-03  1.40327E+04  1.00000E-35  1.40339E+04
   5.94131E+02  1.24941E+00  7.69937E-03  1.45140E+04  1.00000E-35  1.45153E+04
   5.94475E+02  1.29536E+00  7.70061E-03  1.49681E+04  1.00000E-35  1.49694E+04
   5.94818E+02  1.34283E+00  7.70184E-03  1.53888E+04  1.00000E-35  1.53902E+04
   5.95162E+02  1.39215E+00  7.70307E-03  1.57800E+04  1.00000E-35  1.57814E+04
   5.95507E+02  1.44341E+00  7.70430E-03  1.61449E+04  1.00000E-35  1.61463E+04
   5.95851E+02  1.49637E+00  7.70553E-03  1.64824E+04  1.00000E-35  1.64839E+04
   5.96541E+02  1.60842E+00  7.70800E-03  1.70924E+04  1.00000E-35  1.70940E+04
   5.97231E+02  1.71603E+00  7.71046E-03  1.76352E+04  1.00000E-35  1.76370E+04
   6.00000E+02  2.06422E+00  7.72033E-03  1.97018E+04  1.00000E-35  1.97039E+04
   6.01447E+02  2.27267E+00  7.72548E-03  2.10095E+04  1.00000E-35  2.10118E+04
   6.02897E+02  2.48002E+00  7.73062E-03  2.24510E+04  1.00000E-35  2.24535E+04
   6.03624E+02  2.55310E+00  7.73320E-03  2.31487E+04  1.00000E-35  2.31512E+04
   6.04351E+02  2.62824E+00  7.73578E-03  2.37914E+04  1.00000E-35  2.37940E+04
   6.05079E+02  2.70560E+00  7.73835E-03  2.43307E+04  1.00000E-35  2.43334E+04
   6.05809E+02  2.78537E+00  7.74093E-03  2.47681E+04  1.00000E-35  2.47709E+04
   6.06539E+02  2.86739E+00  7.74351E-03  2.50826E+04  1.00000E-35  2.50855E+04
   6.07269E+02  2.95172E+00  7.74609E-03  2.52928E+04  1.00000E-35  2.52957E+04
   6.08001E+02  3.03866E+00  7.74867E-03  2.54026E+04  1.00000E-35  2.54057E+04
   6.08734E+02  3.09970E+00  7.75125E-03  2.54367E+04  1.00000E-35  2.54398E+04
   6.10202E+02  3.21225E+00  7.75642E-03  2.53171E+04  1.00000E-35  2.53203E+04
   6.11673E+02  3.32885E+00  7.76158E-03  2.50315E+04  1.00000E-35  2.50348E+04
   6.13148E+02  3.44971E+00  7.76675E-03  2.46673E+04  1.00000E-35  2.46707E+04
   6.14627E+02  3.55046E+00  7.77193E-03  2.42455E+04  1.00000E-35  2.42491E+04
   6.17595E+02  3.72418E+00  7.78229E-03  2.33438E+04  1.00000E-35  2.33475E+04
   6.23574E+02  4.02723E+00  7.80306E-03  2.15182E+04  1.00000E-35  2.15222E+04
   6.26585E+02  4.15560E+00  7.81346E-03  2.06698E+04  1.00000E-35  2.06740E+04
   6.29611E+02  4.26934E+00  7.82387E-03  1.98998E+04  1.00000E-35  1.99041E+04
   6.32651E+02  4.36847E+00  7.83585E-03  1.92171E+04  1.00000E-35  1.92215E+04
   6.35706E+02  4.45553E+00  7.84841E-03  1.86138E+04  1.00000E-35  1.86182E+04
   6.38776E+02  4.52412E+00  7.86098E-03  1.80858E+04  1.00000E-35  1.80903E+04
   6.41860E+02  4.58246E+00  7.87358E-03  1.76343E+04  1.00000E-35  1.76389E+04
   6.44960E+02  4.62116E+00  7.88619E-03  1.72386E+04  1.00000E-35  1.72432E+04
   6.48074E+02  4.65267E+00  7.89883E-03  1.68911E+04  1.00000E-35  1.68957E+04
   6.54348E+02  4.68880E+00  7.92416E-03  1.63043E+04  1.00000E-35  1.63090E+04
   6.60683E+02  4.70075E+00  7.94957E-03  1.58088E+04  1.00000E-35  1.58135E+04
   6.73537E+02  4.69890E+00  8.00064E-03  1.49497E+04  1.00000E-35  1.49544E+04
   6.86641E+02  4.69145E+00  8.05252E-03  1.41895E+04  1.00000E-35  1.41942E+04
   7.00000E+02  4.68483E+00  8.11393E-03  1.35388E+04  1.00000E-35  1.35435E+04
   8.00000E+02  4.55776E+00  8.58871E-03  1.02011E+04  1.00000E-35  1.02056E+04
   8.25000E+02  4.98653E+00  8.71760E-03  9.55670E+03  1.00000E-35  9.56170E+03
   8.25000E+02  4.98653E+00  8.71760E-03  1.05007E+04  1.00000E-35  1.05057E+04
   8.25774E+02  5.00279E+00  8.72179E-03  1.06294E+04  1.00000E-35  1.06344E+04
   8.26548E+02  5.01910E+00  8.72597E-03  1.07263E+04  1.00000E-35  1.07313E+04
   8.27323E+02  5.03546E+00  8.73016E-03  1.07918E+04  1.00000E-35  1.07968E+04
   8.28099E+02  5.05188E+00  8.73436E-03  1.08313E+04  1.00000E-35  1.08363E+04
   8.29652E+02  5.08486E+00  8.74274E-03  1.08522E+04  1.00000E-35  1.08573E+04
   8.31209E+02  5.11808E+00  8.75115E-03  1.08285E+04  1.00000E-35  1.08337E+04
   8.37465E+02  5.19907E+00  8.78482E-03  1.06232E+04  1.00000E-35  1.06284E+04
   8.43767E+02  5.25065E+00  8.81862E-03  1.04367E+04  1.00000E-35  1.04419E+04
   8.50118E+02  5.28975E+00  8.85256E-03  1.02741E+04  1.00000E-35  1.02794E+04
   8.76000E+02  5.57249E+00  8.98962E-03  9.71047E+03  1.00000E-35  9.71605E+03
   8.76000E+02  5.57249E+00  8.98962E-03  1.00950E+04  1.00000E-35  1.01006E+04
   8.77481E+02  5.59444E+00  8.99740E-03  1.01658E+04  1.00000E-35  1.01714E+04
   8.78965E+02  5.61648E+00  9.00519E-03  1.01887E+04  1.00000E-35  1.01943E+04
   8.81939E+02  5.65601E+00  9.02079E-03  1.01512E+04  1.00000E-35  1.01568E+04
   8.87919E+02  5.73326E+00  9.05438E-03  9.99619E+03  1.00000E-35  1.00019E+04
   9.00000E+02  5.84193E+00  9.12416E-03  9.71306E+03  1.00000E-35  9.71891E+03
   9.48683E+02  6.06097E+00  9.40132E-03  8.76151E+03  1.00000E-35  8.76758E+03
   1.00000E+03  6.27719E+00  9.70738E-03  7.85762E+03  1.00000E-35  7.86391E+03
   1.01200E+03  6.36026E+00  9.77969E-03  7.66204E+03  1.00000E-35  7.66841E+03
   1.01200E+03  6.36026E+00  9.77969E-03  7.99038E+03  1.00000E-35  7.99675E+03
   1.03332E+03  6.47366E+00  9.90738E-03  7.69583E+03  1.00000E-35  7.70232E+03
   1.05508E+03  6.54783E+00  1.00408E-02  7.37042E+03  1.00000E-35  7.37698E+03
   1.10000E+03  6.66462E+00  1.03266E-02  6.74994E+03  1.00000E-35  6.75662E+03
   1.17260E+03  6.75262E+00  1.07950E-02  5.88315E+03  1.00000E-35  5.88991E+03
   1.25000E+03  6.79164E+00  1.13070E-02  5.11684E+03  1.00000E-35  5.12364E+03
   1.40000E+03  6.77971E+00  1.23419E-02  3.97137E+03  1.00000E-35  3.97816E+03
   1.50000E+03  6.71835E+00  1.30485E-02  3.39388E+03  1.00000E-35  3.40061E+03
   1.75000E+03  6.49176E+00  1.48620E-02  2.37155E+03  1.00000E-35  2.37806E+03
   2.00000E+03  6.20353E+00  1.67132E-02  1.72735E+03  1.00000E-35  1.73357E+03
   2.20000E+03  5.95536E+00  1.81947E-02  1.37320E+03  1.00000E-35  1.37918E+03
   2.50000E+03  5.58180E+00  2.03924E-02  1.00554E+03  1.00000E-35  1.01114E+03
   3.00000E+03  4.95477E+00  2.39296E-02  6.40230E+02  1.00000E-35  6.45209E+02
   3.50000E+03  4.30334E+00  2.72585E-02  4.34578E+02  1.00000E-35  4.38908E+02
   4.00000E+03  3.49865E+00  3.03566E-02  3.09453E+02  1.00000E-35  3.12982E+02
   4.34700E+03  2.41665E+00  3.23925E-02  2.49850E+02  1.00000E-35  2.52299E+02
   4.34700E+03  2.41665E+00  3.23925E-02  5.98066E+02  1.00000E-35  6.00515E+02
   4.34935E+03  2.42132E+00  3.24061E-02  7.45542E+02  1.00000E-35  7.47996E+02
   4.35170E+03  2.42600E+00  3.24197E-02  7.93771E+02  1.00000E-35  7.96230E+02
   4.35405E+03  2.43069E+00  3.24333E-02  7.96579E+02  1.00000E-35  7.99042E+02
   4.35641E+03  2.43540E+00  3.24470E-02  7.86602E+02  1.00000E-35  7.89070E+02
   4.35876E+03  2.44010E+00  3.24606E-02  7.74865E+02  1.00000E-35  7.77337E+02
   4.36112E+03  2.44483E+00  3.24743E-02  7.65020E+02  1.00000E-35  7.67497E+02
   4.36348E+03  2.44956E+00  3.24880E-02  7.57709E+02  1.00000E-35  7.60191E+02
   4.36584E+03  2.45631E+00  3.25016E-02  7.52787E+02  1.00000E-35  7.55275E+02
   4.36820E+03  2.46806E+00  3.25153E-02  7.49884E+02  1.00000E-35  7.52385E+02
   4.37056E+03  2.47986E+00  3.25290E-02  7.48605E+02  1.00000E-35  7.51117E+02
   4.37529E+03  2.50366E+00  3.25563E-02  7.49403E+02  1.00000E-35  7.51939E+02
   4.38476E+03  2.55193E+00  3.26111E-02  7.56180E+02  1.00000E-35  7.58764E+02
   4.39425E+03  2.60112E+00  3.26660E-02  7.60961E+02  1.00000E-35  7.63595E+02
   4.40376E+03  2.65126E+00  3.27206E-02  7.60843E+02  1.00000E-35  7.63527E+02
   4.42284E+03  2.73588E+00  3.28288E-02  7.52640E+02  1.00000E-35  7.55409E+02
   4.46125E+03  2.87227E+00  3.30463E-02  7.39039E+02  1.00000E-35  7.41944E+02
   4.50000E+03  2.93221E+00  3.32653E-02  7.23549E+02  1.00000E-35  7.26514E+02
   4.61800E+03  2.99107E+00  3.39294E-02  6.76089E+02  1.00000E-35  6.79114E+02
   4.61800E+03  2.99107E+00  3.39294E-02  8.42500E+02  1.00000E-35  8.45525E+02
   4.62047E+03  2.99877E+00  3.39433E-02  9.12675E+02  1.00000E-35  9.15708E+02
   4.62294E+03  3.00649E+00  3.39571E-02  9.31049E+02  1.00000E-35  9.34089E+02
   4.62541E+03  3.01422E+00  3.39710E-02  9.28849E+02  1.00000E-35  9.31897E+02
   4.62788E+03  3.02197E+00  3.39848E-02  9.21930E+02  1.00000E-35  9.24986E+02
   4.63283E+03  3.03755E+00  3.40126E-02  9.09622E+02  1.00000E-35  9.12693E+02
   4.63779E+03  3.05322E+00  3.40404E-02  9.02991E+02  1.00000E-35  9.06078E+02
   4.64275E+03  3.06896E+00  3.40682E-02  9.00381E+02  1.00000E-35  9.03484E+02
   4.64771E+03  3.08476E+00  3.40960E-02  8.99909E+02  1.00000E-35  9.03028E+02
   4.65766E+03  3.11761E+00  3.41517E-02  9.00603E+02  1.00000E-35  9.03755E+02
   4.66763E+03  3.15517E+00  3.42075E-02  8.99503E+02  1.00000E-35  9.02692E+02
   4.67762E+03  3.19318E+00  3.42634E-02  8.95935E+02  1.00000E-35  8.99163E+02
   4.69766E+03  3.27056E+00  3.43755E-02  8.86284E+02  1.00000E-35  8.89589E+02
   4.77870E+03  3.45560E+00  3.48274E-02  8.49627E+02  1.00000E-35  8.53117E+02
   4.94500E+03  3.64503E+00  3.57361E-02  7.77508E+02  1.00000E-35  7.81188E+02
   4.94500E+03  3.64503E+00  3.57361E-02  8.84462E+02  1.00000E-35  8.88143E+02
   4.95184E+03  3.65998E+00  3.57733E-02  8.88129E+02  1.00000E-35  8.91825E+02
   4.95869E+03  3.67499E+00  3.58105E-02  8.89734E+02  1.00000E-35  8.93444E+02
   4.97242E+03  3.70554E+00  3.58850E-02  8.88157E+02  1.00000E-35  8.91899E+02
   5.00000E+03  3.76814E+00  3.60347E-02  8.74872E+02  1.00000E-35  8.78676E+02
   5.50000E+03  4.10525E+00  3.86929E-02  6.88941E+02  1.00000E-35  6.93084E+02
   6.00000E+03  4.06672E+00  4.12508E-02  5.51540E+02  1.00000E-35  5.55648E+02
   7.00000E+03  3.75792E+00  4.60679E-02  3.70148E+02  1.00000E-35  3.73952E+02
   8.00000E+03  3.39256E+00  5.05074E-02  2.60921E+02  1.00000E-35  2.64364E+02
   9.00000E+03  3.05493E+00  5.45729E-02  1.91028E+02  1.00000E-35  1.94137E+02
   1.00000E+04  2.75505E+00  5.83225E-02  1.44178E+02  1.00000E-35  1.46992E+02
   1.10000E+04  2.49711E+00  6.17818E-02  1.11575E+02  1.00000E-35  1.14134E+02
   1.25000E+04  2.17241E+00  6.64781E-02  7.89155E+01  1.00000E-35  8.11544E+01
   1.40000E+04  1.90765E+00  7.06744E-02  5.79287E+01  1.00000E-35  5.99070E+01
   1.50000E+04  1.75574E+00  7.32072E-02  4.79473E+01  1.00000E-35  4.97762E+01
   1.75000E+04  1.44135E+00  7.87490E-02  3.13503E+01  1.00000E-35  3.28704E+01
   2.00000E+04  1.19519E+00  8.33692E-02  2.16454E+01  1.00000E-35  2.29240E+01
   2.20000E+04  1.03495E+00  8.65212E-02  1.65956E+01  1.00000E-35  1.77171E+01
   2.50000E+04  8.40039E-01  9.05050E-02  1.16030E+01  1.00000E-35  1.25335E+01
   3.00000E+04  5.80300E-01  9.57033E-02  6.94481E+00  1.00000E-35  7.62082E+00
   3.18200E+04  4.54367E-01  9.72348E-02  5.87522E+00  1.00000E-35  6.42682E+00
   3.18200E+04  4.54367E-01  9.72348E-02  3.25186E+01  1.00000E-35  3.30702E+01
   3.18437E+04  4.54136E-01  9.72537E-02  3.61953E+01  1.00000E-35  3.67467E+01
   3.18674E+04  4.53905E-01  9.72725E-02  3.60552E+01  1.00000E-35  3.66064E+01
   3.18911E+04  4.53674E-01  9.72912E-02  3.58183E+01  1.00000E-35  3.63693E+01
   3.19149E+04  4.53443E-01  9.73101E-02  3.59325E+01  1.00000E-35  3.64832E+01
   3.19624E+04  4.56138E-01  9.73477E-02  3.57533E+01  1.00000E-35  3.63067E+01
   3.20100E+04  4.58884E-01  9.73854E-02  3.56704E+01  1.00000E-35  3.62267E+01
   3.22011E+04  4.70036E-01  9.75361E-02  3.51723E+01  1.00000E-35  3.57399E+01
   3.25868E+04  4.94744E-01  9.78383E-02  3.41579E+01  1.00000E-35  3.47505E+01
   3.33721E+04  5.15265E-01  9.84454E-02  3.21064E+01  1.00000E-35  3.27201E+01
   3.50000E+04  5.11936E-01  9.95589E-02  2.83469E+01  1.00000E-35  2.89584E+01
   4.00000E+04  4.49902E-01  1.02468E-01  1.99448E+01  1.00000E-35  2.04972E+01
   4.50000E+04  3.85737E-01  1.04602E-01  1.45607E+01  1.00000E-35  1.50511E+01
   5.00000E+04  3.31253E-01  1.06180E-01  1.09537E+01  1.00000E-35  1.13911E+01
   5.50000E+04  2.86034E-01  1.07299E-01  8.44620E+00  1.00000E-35  8.83953E+00
   6.00000E+04  2.48668E-01  1.08036E-01  6.64894E+00  1.00000E-35  7.00565E+00
   7.00000E+04  1.91606E-01  1.08636E-01  4.33379E+00  1.00000E-35  4.63403E+00
   8.00000E+04  1.51750E-01  1.08506E-01  2.97993E+00  1.00000E-35  3.24019E+00
   9.00000E+04  1.23163E-01  1.07935E-01  2.13627E+00  1.00000E-35  2.36737E+00
   1.00000E+05  1.02025E-01  1.07100E-01  1.58358E+00  1.00000E-35  1.79270E+00
   1.10000E+05  8.60211E-02  1.06055E-01  1.20658E+00  1.00000E-35  1.39865E+00
   1.25000E+05  6.81428E-02  1.04280E-01  8.36865E-01  1.00000E-35  1.00929E+00
   1.40000E+05  5.53542E-02  1.02413E-01  6.04616E-01  1.00000E-35  7.62384E-01
   1.50000E+05  4.87072E-02  1.01122E-01  4.96001E-01  1.00000E-35  6.45830E-01
   1.75000E+05  3.65933E-02  9.79403E-02  3.18795E-01  1.00000E-35  4.53328E-01
   2.00000E+05  2.84665E-02  9.48886E-02  2.17668E-01  1.00000E-35  3.41023E-01
   2.20000E+05  2.37649E-02  9.25534E-02  1.65999E-01  1.00000E-35  2.82317E-01
   2.50000E+05  1.86050E-02  8.92708E-02  1.15715E-01  1.00000E-35  2.23591E-01
   3.00000E+05  1.30967E-02  8.43528E-02  6.96619E-02  1.00000E-35  1.67111E-01
   3.50000E+05  9.70456E-03  8.00552E-02  4.57609E-02  1.00000E-35  1.35521E-01
   4.00000E+05  7.48426E-03  7.62949E-02  3.20623E-02  1.00000E-35  1.15842E-01
   4.50000E+05  5.94440E-03  7.29805E-02  2.36029E-02  1.00000E-35  1.02528E-01
   5.00000E+05  4.83349E-03  7.00326E-02  1.80658E-02  1.00000E-35  9.29318E-02
   5.50000E+05  4.00853E-03  6.73796E-02  1.42682E-02  1.00000E-35  8.56563E-02
   6.00000E+05  3.37898E-03  6.49852E-02  1.15621E-02  1.00000E-35  7.99262E-02
   7.00000E+05  2.49260E-03  6.08149E-02  8.06693E-03  1.00000E-35  7.13745E-02
   8.00000E+05  1.91375E-03  5.72786E-02  5.98561E-03  1.00000E-35  6.51780E-02
   9.00000E+05  1.51584E-03  5.42461E-02  4.64835E-03  1.00000E-35  6.04103E-02
   1.00000E+06  1.23027E-03  5.15891E-02  3.73766E-03  1.00000E-35  5.65570E-02
   1.10000E+06  1.01757E-03  4.92406E-02  3.08835E-03  7.92709E-06  5.33544E-02
   1.25000E+06  7.88850E-04  4.61817E-02  2.41309E-03  1.71481E-04  4.95551E-02
   1.40000E+06  6.29468E-04  4.35543E-02  1.95530E-03  5.15263E-04  4.66544E-02
   1.50000E+06  5.48654E-04  4.19999E-02  1.72654E-03  8.22726E-04  4.50978E-02
   1.75000E+06  4.03616E-04  3.86349E-02  1.31976E-03  1.73389E-03  4.20921E-02
   2.00000E+06  3.09340E-04  3.58545E-02  1.05587E-03  2.77802E-03  3.99977E-02
   2.20000E+06  2.55748E-04  3.39514E-02  9.05072E-04  3.65113E-03  3.87633E-02
   2.50000E+06  1.98091E-04  3.15041E-02  7.40549E-04  4.96972E-03  3.74125E-02
   3.00000E+06  1.37603E-04  2.82175E-02  5.62419E-04  7.07120E-03  3.59888E-02
   3.50000E+06  1.01120E-04  2.56378E-02  4.49750E-04  9.05415E-03  3.52429E-02
   4.00000E+06  7.74365E-05  2.35396E-02  3.73553E-04  1.08893E-02  3.48799E-02
   4.50000E+06  6.11961E-05  2.18007E-02  3.18368E-04  1.26153E-02  3.47956E-02
   5.00000E+06  4.95770E-05  2.03293E-02  2.76736E-04  1.41961E-02  3.48517E-02
   5.50000E+06  4.09789E-05  1.90653E-02  2.44311E-04  1.56457E-02  3.49963E-02
   6.00000E+06  3.44379E-05  1.79665E-02  2.18406E-04  1.70538E-02  3.52731E-02
   7.00000E+06  2.53033E-05  1.61458E-02  1.79731E-04  1.96154E-02  3.59662E-02
   8.00000E+06  1.93733E-05  1.46938E-02  1.52346E-04  2.19122E-02  3.67777E-02
   9.00000E+06  1.53076E-05  1.35048E-02  1.32005E-04  2.39992E-02  3.76513E-02
   1.00000E+07  1.23994E-05  1.25112E-02  1.16337E-04  2.59115E-02  3.85514E-02
   1.10000E+07  1.02476E-05  1.16672E-02  1.03917E-04  2.76769E-02  3.94583E-02
   1.25000E+07  7.93591E-06  1.06133E-02  8.94911E-05  3.00792E-02  4.07899E-02
   1.40000E+07  6.32661E-06  9.74898E-03  7.85224E-05  3.22252E-02  4.20590E-02
   1.50000E+07  5.51123E-06  9.25408E-03  7.25687E-05  3.35215E-02  4.28537E-02
   1.75000E+07  4.04917E-06  8.22826E-03  6.09629E-05  3.63938E-02  4.46871E-02
   2.00000E+07  3.10019E-06  7.42315E-03  5.25238E-05  3.89017E-02  4.63804E-02
   2.20000E+07  2.56215E-06  6.89308E-03  4.72729E-05  4.06903E-02  4.76332E-02
   2.50000E+07  1.98414E-06  6.23610E-03  4.10947E-05  4.30674E-02  4.93466E-02
   3.00000E+07  1.37787E-06  5.39828E-03  3.37274E-05  4.64005E-02  5.18339E-02
   3.50000E+07  1.01232E-06  4.77253E-03  2.85898E-05  4.91603E-02  5.39625E-02
   4.00000E+07  7.75061E-07  4.28586E-03  2.48053E-05  5.15060E-02  5.58174E-02
   4.50000E+07  6.12394E-07  3.89541E-03  2.19028E-05  5.35215E-02  5.74395E-02
   5.00000E+07  4.96040E-07  3.57474E-03  1.96067E-05  5.52694E-02  5.88642E-02
   5.50000E+07  4.09952E-07  3.30631E-03  1.77454E-05  5.67904E-02  6.01149E-02
   6.00000E+07  3.44474E-07  3.07799E-03  1.62062E-05  5.81848E-02  6.12793E-02
   7.00000E+07  2.53083E-07  2.70974E-03  1.38093E-05  6.05707E-02  6.32945E-02
   8.00000E+07  1.93767E-07  2.42508E-03  1.20293E-05  6.25504E-02  6.49877E-02
   9.00000E+07  1.53100E-07  2.19783E-03  1.06554E-05  6.41951E-02  6.64038E-02
   1.00000E+08  1.24011E-07  2.01200E-03  9.56293E-06  6.56046E-02  6.76263E-02
   1.10000E+08  1.02489E-07  1.85696E-03  8.67354E-06  6.68329E-02  6.86987E-02
   1.25000E+08  7.93670E-08  1.66692E-03  7.61145E-06  6.84042E-02  7.00788E-02
   1.40000E+08  6.32711E-08  1.51425E-03  6.78104E-06  6.97318E-02  7.12529E-02
   1.50000E+08  5.51160E-08  1.42800E-03  6.32122E-06  7.05070E-02  7.19414E-02
   1.75000E+08  4.04934E-08  1.25213E-03  5.40487E-06  7.21537E-02  7.34112E-02
   2.00000E+08  3.10028E-08  1.11690E-03  4.72049E-06  7.34760E-02  7.45976E-02
   2.20000E+08  2.56222E-08  1.02915E-03  4.28630E-06  7.43528E-02  7.53862E-02
   2.50000E+08  1.98419E-08  9.21886E-04  3.76658E-06  7.54482E-02  7.63739E-02
   3.00000E+08  1.37790E-08  7.87522E-04  3.13335E-06  7.68827E-02  7.76734E-02
   3.50000E+08  1.01234E-08  6.88967E-04  2.68237E-06  7.79925E-02  7.86842E-02
   4.00000E+08  7.75070E-09  6.13409E-04  2.34487E-06  7.88813E-02  7.94971E-02
   4.50000E+08  6.12401E-09  5.53519E-04  2.08281E-06  7.96017E-02  8.01573E-02
   5.00000E+08  4.96044E-09  5.04826E-04  1.87343E-06  8.01960E-02  8.07027E-02
   5.50000E+08  4.09954E-09  4.64402E-04  1.70230E-06  8.06851E-02  8.11512E-02
   6.00000E+08  3.44475E-09  4.30276E-04  1.55981E-06  8.11282E-02  8.15600E-02
   7.00000E+08  2.53084E-09  3.75745E-04  1.33614E-06  8.18080E-02  8.21851E-02
   8.00000E+08  1.93767E-09  3.34032E-04  1.16857E-06  8.23508E-02  8.26860E-02
   9.00000E+08  1.53100E-09  3.01035E-04  1.03835E-06  8.28047E-02  8.31068E-02
   1.00000E+09  1.24011E-09  2.74249E-04  9.34239E-07  8.31834E-02  8.34586E-02
