 # Material data file: Cm                  
 # 
 # PENELOPE >>>  Photon mass attenuation coefficients (mac).
 # 
 #   Energy       mac_Ra       mac_Co       mac_ph       mac_pp       mac_tot
 #    (eV)       (cm**2/g)    (cm**2/g)    (cm**2/g)    (cm**2/g)    (cm**2/g)
 #------------------------------------------------------------------------------
   5.00000E+01  5.12847E-01  2.47194E-03  4.01877E+04  1.00000E-35  4.01883E+04
   5.50000E+01  5.68392E-01  2.47679E-03  3.94222E+04  1.00000E-35  3.94227E+04
   6.00000E+01  6.77912E-01  2.48162E-03  3.87991E+04  1.00000E-35  3.87998E+04
   6.00361E+01  6.78668E-01  2.48165E-03  3.96247E+04  1.00000E-35  3.96254E+04
   6.00723E+01  6.79426E-01  2.48169E-03  3.96176E+04  1.00000E-35  3.96183E+04
   6.01447E+01  6.80943E-01  2.48176E-03  3.96035E+04  1.00000E-35  3.96042E+04
   6.02897E+01  6.84024E-01  2.48190E-03  3.95755E+04  1.00000E-35  3.95762E+04
   6.05809E+01  6.90482E-01  2.48219E-03  3.95172E+04  1.00000E-35  3.95179E+04
   6.11673E+01  7.03045E-01  2.48277E-03  3.93902E+04  1.00000E-35  3.93909E+04
   6.23574E+01  7.25928E-01  2.48392E-03  3.91233E+04  1.00000E-35  3.91241E+04
   6.48074E+01  7.72305E-01  2.48625E-03  3.84971E+04  1.00000E-35  3.84979E+04
   6.73537E+01  8.19341E-01  2.48876E-03  3.77157E+04  1.00000E-35  3.77165E+04
   7.00000E+01  8.64386E-01  2.49127E-03  3.67590E+04  1.00000E-35  3.67599E+04
   7.23762E+01  8.99844E-01  2.49364E-03  3.57675E+04  1.00000E-35  3.57684E+04
   7.48331E+01  9.29944E-01  2.49603E-03  3.46555E+04  1.00000E-35  3.46565E+04
   7.73735E+01  9.52555E-01  2.49853E-03  3.34024E+04  1.00000E-35  3.34034E+04
   8.00000E+01  9.66047E-01  2.50119E-03  3.20212E+04  1.00000E-35  3.20221E+04
   8.23907E+01  9.67336E-01  2.50354E-03  3.07274E+04  1.00000E-35  3.07283E+04
   8.48528E+01  9.57733E-01  2.50616E-03  2.93419E+04  1.00000E-35  2.93429E+04
   8.73885E+01  9.33106E-01  2.50888E-03  2.79109E+04  1.00000E-35  2.79119E+04
   9.00000E+01  8.92016E-01  2.51160E-03  2.64178E+04  1.00000E-35  2.64187E+04
   9.24021E+01  8.76517E-01  2.51449E-03  2.50379E+04  1.00000E-35  2.50388E+04
   9.48683E+01  9.69237E-01  2.51745E-03  2.36346E+04  1.00000E-35  2.36356E+04
   9.74004E+01  1.12208E+00  2.52042E-03  2.22106E+04  1.00000E-35  2.22117E+04
   1.00000E+02  1.36418E+00  2.52395E-03  2.07792E+04  1.00000E-35  2.07805E+04
   1.02411E+02  1.73645E+00  2.52741E-03  1.94800E+04  1.00000E-35  1.94817E+04
   1.04881E+02  2.45084E+00  2.53088E-03  1.81870E+04  1.00000E-35  1.81895E+04
   1.07410E+02  4.32279E+00  2.53458E-03  1.69099E+04  1.00000E-35  1.69142E+04
   1.10000E+02  1.64472E+01  2.53930E-03  1.56485E+04  1.00000E-35  1.56650E+04
   1.12184E+02  6.33649E+01  2.54321E-03  1.46477E+04  1.00000E-35  1.47111E+04
   1.14412E+02  6.16279E+01  2.54712E-03  1.36638E+04  1.00000E-35  1.37254E+04
   1.16683E+02  1.29992E+01  2.55124E-03  1.27101E+04  1.00000E-35  1.27231E+04
   1.19000E+02  3.08129E+00  2.55665E-03  1.17893E+04  1.00000E-35  1.17924E+04
   1.19000E+02  3.08129E+00  2.55665E-03  1.37934E+04  1.00000E-35  1.37965E+04
   1.19734E+02  4.59006E+00  2.55835E-03  1.36975E+04  1.00000E-35  1.37021E+04
   1.20472E+02  8.25149E+00  2.56004E-03  1.36344E+04  1.00000E-35  1.36426E+04
   1.21963E+02  2.66548E+01  2.56344E-03  1.35892E+04  1.00000E-35  1.36159E+04
   1.25000E+02  3.43806E+01  2.57025E-03  1.36394E+04  1.00000E-35  1.36738E+04
   1.26000E+02  2.25404E+01  2.57246E-03  1.36380E+04  1.00000E-35  1.36605E+04
   1.26000E+02  2.25404E+01  2.57246E-03  1.49189E+04  1.00000E-35  1.49414E+04
   1.29363E+02  7.26042E+00  2.58192E-03  1.51777E+04  1.00000E-35  1.51850E+04
   1.31078E+02  5.81391E+00  2.58692E-03  1.52289E+04  1.00000E-35  1.52347E+04
   1.32816E+02  5.05626E+00  2.59193E-03  1.51664E+04  1.00000E-35  1.51714E+04
   1.33693E+02  4.82727E+00  2.59443E-03  1.50889E+04  1.00000E-35  1.50937E+04
   1.34576E+02  4.63363E+00  2.59694E-03  1.49757E+04  1.00000E-35  1.49804E+04
   1.35466E+02  4.45966E+00  2.59946E-03  1.48243E+04  1.00000E-35  1.48288E+04
   1.36361E+02  4.30494E+00  2.60197E-03  1.46388E+04  1.00000E-35  1.46431E+04
   1.38168E+02  4.04197E+00  2.60735E-03  1.41877E+04  1.00000E-35  1.41918E+04
   1.40000E+02  3.85542E+00  2.61409E-03  1.36300E+04  1.00000E-35  1.36339E+04
   1.42436E+02  3.67803E+00  2.62294E-03  1.28273E+04  1.00000E-35  1.28310E+04
   1.44914E+02  3.56199E+00  2.63182E-03  1.19823E+04  1.00000E-35  1.19858E+04
   1.47435E+02  3.48452E+00  2.64073E-03  1.11471E+04  1.00000E-35  1.11506E+04
   1.50000E+02  3.41760E+00  2.64973E-03  1.03376E+04  1.00000E-35  1.03410E+04
   1.52918E+02  3.34881E+00  2.66269E-03  9.47653E+03  1.00000E-35  9.47988E+03
   1.55893E+02  3.27482E+00  2.67572E-03  8.66341E+03  1.00000E-35  8.66668E+03
   1.58926E+02  3.20113E+00  2.68881E-03  7.90561E+03  1.00000E-35  7.90882E+03
   1.62019E+02  3.12710E+00  2.70197E-03  7.19934E+03  1.00000E-35  7.20247E+03
   1.65171E+02  3.05111E+00  2.71711E-03  6.53990E+03  1.00000E-35  6.54295E+03
   1.68384E+02  2.97698E+00  2.73343E-03  5.92876E+03  1.00000E-35  5.93174E+03
   1.75000E+02  2.83064E+00  2.76639E-03  4.84964E+03  1.00000E-35  4.85248E+03
   1.87083E+02  2.58287E+00  2.83261E-03  3.41488E+03  1.00000E-35  3.41746E+03
   1.93434E+02  2.46599E+00  2.86765E-03  2.87818E+03  1.00000E-35  2.88065E+03
   2.00000E+02  2.34997E+00  2.90789E-03  2.43976E+03  1.00000E-35  2.44212E+03
   2.04823E+02  2.27051E+00  2.93697E-03  2.17970E+03  1.00000E-35  2.18197E+03
   2.09762E+02  2.19374E+00  2.96633E-03  1.95765E+03  1.00000E-35  1.95985E+03
   2.14820E+02  2.11952E+00  2.99899E-03  1.76875E+03  1.00000E-35  1.77088E+03
   2.17395E+02  2.08044E+00  3.01561E-03  1.68498E+03  1.00000E-35  1.68706E+03
   2.20000E+02  2.04183E+00  3.03232E-03  1.60865E+03  1.00000E-35  1.61070E+03
   2.24603E+02  1.97534E+00  3.06158E-03  1.49087E+03  1.00000E-35  1.49285E+03
   2.29303E+02  1.90341E+00  3.09143E-03  1.39082E+03  1.00000E-35  1.39273E+03
   2.34101E+02  1.81771E+00  3.12389E-03  1.30641E+03  1.00000E-35  1.30823E+03
   2.36538E+02  1.79019E+00  3.14025E-03  1.26906E+03  1.00000E-35  1.27085E+03
   2.39000E+02  1.78602E+00  3.15670E-03  1.23570E+03  1.00000E-35  1.23749E+03
   2.39000E+02  1.78602E+00  3.15670E-03  2.01999E+03  1.00000E-35  2.02177E+03
   2.40348E+02  1.78919E+00  3.16567E-03  1.98495E+03  1.00000E-35  1.98674E+03
   2.41704E+02  1.79328E+00  3.17466E-03  1.95490E+03  1.00000E-35  1.95670E+03
   2.44438E+02  1.79267E+00  3.19273E-03  1.90415E+03  1.00000E-35  1.90594E+03
   2.47203E+02  1.78492E+00  3.21089E-03  1.86410E+03  1.00000E-35  1.86589E+03
   2.50000E+02  1.77525E+00  3.22965E-03  1.83014E+03  1.00000E-35  1.83192E+03
   2.55763E+02  1.74935E+00  3.26957E-03  1.77354E+03  1.00000E-35  1.77530E+03
   2.61659E+02  1.71892E+00  3.30999E-03  1.72565E+03  1.00000E-35  1.72737E+03
   2.67691E+02  1.68881E+00  3.35090E-03  1.68317E+03  1.00000E-35  1.68487E+03
   2.73861E+02  1.65766E+00  3.39330E-03  1.64692E+03  1.00000E-35  1.64858E+03
   2.80174E+02  1.62326E+00  3.43732E-03  1.61722E+03  1.00000E-35  1.61885E+03
   2.86633E+02  1.58770E+00  3.48190E-03  1.59526E+03  1.00000E-35  1.59685E+03
   2.93240E+02  1.55005E+00  3.52706E-03  1.57880E+03  1.00000E-35  1.58035E+03
   3.00000E+02  1.50629E+00  3.57394E-03  1.56711E+03  1.00000E-35  1.56862E+03
   3.14000E+02  1.47040E+00  3.67030E-03  1.55400E+03  1.00000E-35  1.55547E+03
   3.14000E+02  1.47040E+00  3.67030E-03  1.83380E+03  1.00000E-35  1.83527E+03
   3.18289E+02  1.46719E+00  3.69946E-03  1.81793E+03  1.00000E-35  1.81940E+03
   3.22637E+02  1.45267E+00  3.72908E-03  1.80681E+03  1.00000E-35  1.80826E+03
   3.31512E+02  1.41977E+00  3.78961E-03  1.78408E+03  1.00000E-35  1.78550E+03
   3.50000E+02  1.35023E+00  3.91368E-03  1.73968E+03  1.00000E-35  1.74103E+03
   3.66606E+02  1.27976E+00  4.02341E-03  1.70826E+03  1.00000E-35  1.70955E+03
   3.84000E+02  1.20580E+00  4.13608E-03  1.68156E+03  1.00000E-35  1.68277E+03
   3.84000E+02  1.20580E+00  4.13608E-03  1.80047E+03  1.00000E-35  1.80168E+03
   3.87939E+02  1.19266E+00  4.16122E-03  1.78329E+03  1.00000E-35  1.78449E+03
   3.91918E+02  1.17989E+00  4.18651E-03  1.77203E+03  1.00000E-35  1.77321E+03
   4.00000E+02  1.15125E+00  4.23756E-03  1.75646E+03  1.00000E-35  1.75762E+03
   4.24264E+02  1.04914E+00  4.38747E-03  1.71704E+03  1.00000E-35  1.71809E+03
   4.50000E+02  9.13318E-01  4.54151E-03  1.67156E+03  1.00000E-35  1.67248E+03
   4.79000E+02  7.23797E-01  4.70745E-03  1.61916E+03  1.00000E-35  1.61989E+03
   4.79000E+02  7.23797E-01  4.70745E-03  1.79278E+03  1.00000E-35  1.79350E+03
   4.82707E+02  6.96693E-01  4.72835E-03  1.77470E+03  1.00000E-35  1.77540E+03
   4.86442E+02  6.68010E-01  4.74934E-03  1.76572E+03  1.00000E-35  1.76639E+03
   4.94000E+02  6.13501E-01  4.79096E-03  1.75433E+03  1.00000E-35  1.75495E+03
   4.94000E+02  6.13501E-01  4.79096E-03  1.86785E+03  1.00000E-35  1.86847E+03
   5.00000E+02  5.68760E-01  4.82349E-03  1.86830E+03  1.00000E-35  1.86887E+03
   5.02987E+02  5.44278E-01  4.83962E-03  1.87392E+03  1.00000E-35  1.87447E+03
   5.05993E+02  5.19541E-01  4.85581E-03  1.88519E+03  1.00000E-35  1.88571E+03
   5.09016E+02  4.93939E-01  4.87205E-03  1.90334E+03  1.00000E-35  1.90384E+03
   5.12057E+02  4.68270E-01  4.88834E-03  1.93128E+03  1.00000E-35  1.93175E+03
   5.15116E+02  4.42728E-01  4.90469E-03  1.97194E+03  1.00000E-35  1.97239E+03
   5.18194E+02  4.15865E-01  4.92110E-03  2.02836E+03  1.00000E-35  2.02878E+03
   5.19740E+02  4.03000E-01  4.92932E-03  2.06342E+03  1.00000E-35  2.06383E+03
   5.21290E+02  3.89436E-01  4.93756E-03  2.10356E+03  1.00000E-35  2.10395E+03
   5.24404E+02  3.63254E-01  4.95407E-03  2.19990E+03  1.00000E-35  2.20027E+03
   5.27538E+02  3.38729E-01  4.97064E-03  2.31986E+03  1.00000E-35  2.32021E+03
   5.30689E+02  3.16666E-01  4.98726E-03  2.46558E+03  1.00000E-35  2.46590E+03
   5.33860E+02  2.97603E-01  5.00372E-03  2.63732E+03  1.00000E-35  2.63762E+03
   5.37050E+02  2.84478E-01  5.01998E-03  2.83553E+03  1.00000E-35  2.83582E+03
   5.40258E+02  2.75564E-01  5.03629E-03  3.05984E+03  1.00000E-35  3.06012E+03
   5.43486E+02  2.74468E-01  5.05266E-03  3.30873E+03  1.00000E-35  3.30901E+03
   5.50000E+02  2.95368E-01  5.08554E-03  3.87584E+03  1.00000E-35  3.87614E+03
   5.52999E+02  3.18599E-01  5.10063E-03  4.16214E+03  1.00000E-35  4.16247E+03
   5.56015E+02  3.48162E-01  5.11576E-03  4.46066E+03  1.00000E-35  4.46101E+03
   5.62095E+02  4.33709E-01  5.14614E-03  5.08700E+03  1.00000E-35  5.08744E+03
   5.65160E+02  4.88817E-01  5.16140E-03  5.40806E+03  1.00000E-35  5.40855E+03
   5.68242E+02  5.53044E-01  5.17671E-03  5.73192E+03  1.00000E-35  5.73248E+03
   5.71341E+02  6.25190E-01  5.19207E-03  6.05110E+03  1.00000E-35  6.05173E+03
   5.74456E+02  7.05751E-01  5.20746E-03  6.36921E+03  1.00000E-35  6.36992E+03
   5.77589E+02  7.92388E-01  5.22291E-03  6.67615E+03  1.00000E-35  6.67695E+03
   5.80738E+02  8.87401E-01  5.23818E-03  6.97464E+03  1.00000E-35  6.97553E+03
   5.83905E+02  9.84495E-01  5.25323E-03  7.25748E+03  1.00000E-35  7.25847E+03
   5.87089E+02  1.08885E+00  5.26831E-03  7.52825E+03  1.00000E-35  7.52934E+03
   5.90291E+02  1.19582E+00  5.28345E-03  7.78262E+03  1.00000E-35  7.78382E+03
   5.93510E+02  1.30522E+00  5.29862E-03  8.02034E+03  1.00000E-35  8.02165E+03
   5.96746E+02  1.41887E+00  5.31384E-03  8.24202E+03  1.00000E-35  8.24345E+03
   6.00000E+02  1.52912E+00  5.32910E-03  8.44589E+03  1.00000E-35  8.44743E+03
   6.05809E+02  1.72939E+00  5.35624E-03  8.76946E+03  1.00000E-35  8.77119E+03
   6.11673E+02  1.92777E+00  5.38352E-03  9.04401E+03  1.00000E-35  9.04594E+03
   6.17595E+02  2.12193E+00  5.41095E-03  9.27615E+03  1.00000E-35  9.27828E+03
   6.23574E+02  2.31175E+00  5.43851E-03  9.46400E+03  1.00000E-35  9.46632E+03
   6.29611E+02  2.49869E+00  5.46621E-03  9.61027E+03  1.00000E-35  9.61278E+03
   6.35706E+02  2.67617E+00  5.49325E-03  9.72230E+03  1.00000E-35  9.72498E+03
   6.41860E+02  2.84357E+00  5.52030E-03  9.80068E+03  1.00000E-35  9.80353E+03
   6.48074E+02  3.00006E+00  5.54748E-03  9.85007E+03  1.00000E-35  9.85307E+03
   6.60683E+02  3.29814E+00  5.60225E-03  9.88217E+03  1.00000E-35  9.88547E+03
   6.73537E+02  3.56165E+00  5.65756E-03  9.84607E+03  1.00000E-35  9.84964E+03
   6.86641E+02  3.80415E+00  5.71332E-03  9.76727E+03  1.00000E-35  9.77108E+03
   7.00000E+02  4.02299E+00  5.76784E-03  9.64284E+03  1.00000E-35  9.64686E+03
   7.11782E+02  4.19707E+00  5.81549E-03  9.50746E+03  1.00000E-35  9.51166E+03
   7.23762E+02  4.35593E+00  5.86352E-03  9.35468E+03  1.00000E-35  9.35905E+03
   7.48331E+02  4.63064E+00  5.96057E-03  9.01223E+03  1.00000E-35  9.01686E+03
   7.73735E+02  4.84934E+00  6.05644E-03  8.64647E+03  1.00000E-35  8.65132E+03
   8.00000E+02  5.00792E+00  6.15384E-03  8.25453E+03  1.00000E-35  8.25954E+03
   8.31384E+02  5.22370E+00  6.26644E-03  7.78925E+03  1.00000E-35  7.79448E+03
   8.64000E+02  5.89822E+00  6.38003E-03  7.32611E+03  1.00000E-35  7.33202E+03
   8.64000E+02  5.89822E+00  6.38003E-03  7.49047E+03  1.00000E-35  7.49637E+03
   8.66207E+02  5.82030E+00  6.38764E-03  7.52313E+03  1.00000E-35  7.52896E+03
   8.68420E+02  5.74339E+00  6.39525E-03  7.58073E+03  1.00000E-35  7.58648E+03
   8.72863E+02  5.65873E+00  6.41050E-03  7.72088E+03  1.00000E-35  7.72654E+03
   8.75093E+02  5.66136E+00  6.41814E-03  7.77377E+03  1.00000E-35  7.77944E+03
   8.77328E+02  5.66399E+00  6.42579E-03  7.80546E+03  1.00000E-35  7.81113E+03
   8.81816E+02  5.74034E+00  6.44112E-03  7.81721E+03  1.00000E-35  7.82295E+03
   8.90862E+02  6.03865E+00  6.47164E-03  7.75554E+03  1.00000E-35  7.76158E+03
   9.00000E+02  6.40309E+00  6.50224E-03  7.66689E+03  1.00000E-35  7.67330E+03
   9.19000E+02  6.43806E+00  6.56533E-03  7.43848E+03  1.00000E-35  7.44492E+03
   9.19000E+02  6.43806E+00  6.56533E-03  7.56154E+03  1.00000E-35  7.56799E+03
   9.21429E+02  6.40773E+00  6.57334E-03  7.55701E+03  1.00000E-35  7.56343E+03
   9.23865E+02  6.39608E+00  6.58137E-03  7.57283E+03  1.00000E-35  7.57923E+03
   9.28755E+02  6.37286E+00  6.59744E-03  7.62319E+03  1.00000E-35  7.62957E+03
   9.33671E+02  6.42263E+00  6.61356E-03  7.63572E+03  1.00000E-35  7.64214E+03
   9.38613E+02  6.47945E+00  6.62972E-03  7.60871E+03  1.00000E-35  7.61520E+03
   9.58645E+02  6.72995E+00  6.69474E-03  7.41164E+03  1.00000E-35  7.41838E+03
   1.00000E+03  7.09302E+00  6.82779E-03  6.93483E+03  1.00000E-35  6.94193E+03
   1.04881E+03  7.36967E+00  6.98144E-03  6.40472E+03  1.00000E-35  6.41210E+03
   1.10000E+03  7.56341E+00  7.14360E-03  5.89766E+03  1.00000E-35  5.90523E+03
   1.19400E+03  7.78239E+00  7.44166E-03  5.08147E+03  1.00000E-35  5.08926E+03
   1.19400E+03  7.78239E+00  7.44166E-03  5.43275E+03  1.00000E-35  5.44054E+03
   1.25000E+03  8.19858E+00  7.62067E-03  4.98509E+03  1.00000E-35  4.99330E+03
   1.32288E+03  8.43442E+00  7.86298E-03  4.48262E+03  1.00000E-35  4.49106E+03
   1.40000E+03  8.56640E+00  8.12859E-03  4.01936E+03  1.00000E-35  4.02793E+03
   1.49300E+03  8.62868E+00  8.45908E-03  3.54002E+03  1.00000E-35  3.54865E+03
   1.49300E+03  8.62868E+00  8.45908E-03  3.58294E+03  1.00000E-35  3.59158E+03
   1.50000E+03  8.63455E+00  8.48535E-03  3.55035E+03  1.00000E-35  3.55899E+03
   1.66400E+03  8.70099E+00  9.11323E-03  2.88035E+03  1.00000E-35  2.88906E+03
   1.66400E+03  8.70099E+00  9.11323E-03  2.93978E+03  1.00000E-35  2.94849E+03
   1.75000E+03  8.78230E+00  9.45706E-03  2.64872E+03  1.00000E-35  2.65752E+03
   2.00000E+03  8.67663E+00  1.05438E-02  2.00619E+03  1.00000E-35  2.01488E+03
   2.20000E+03  8.48522E+00  1.14721E-02  1.63777E+03  1.00000E-35  1.64626E+03
   2.50000E+03  8.08921E+00  1.29222E-02  1.24093E+03  1.00000E-35  1.24903E+03
   2.73861E+03  7.71398E+00  1.40893E-02  1.01474E+03  1.00000E-35  1.02247E+03
   3.00000E+03  7.25123E+00  1.53676E-02  8.27861E+02  1.00000E-35  8.35128E+02
   3.50000E+03  6.11880E+00  1.77957E-02  5.83687E+02  1.00000E-35  5.89824E+02
   4.00000E+03  3.98222E+00  2.01781E-02  4.29118E+02  1.00000E-35  4.33121E+02
   4.01400E+03  3.99993E+00  2.02442E-02  4.25613E+02  1.00000E-35  4.29633E+02
   4.01400E+03  3.99993E+00  2.02442E-02  4.56349E+02  1.00000E-35  4.60369E+02
   4.01738E+03  4.00421E+00  2.02602E-02  5.44533E+02  1.00000E-35  5.48557E+02
   4.02076E+03  4.01842E+00  2.02761E-02  6.70355E+02  1.00000E-35  6.74393E+02
   4.02414E+03  4.03451E+00  2.02921E-02  7.88894E+02  1.00000E-35  7.92949E+02
   4.02753E+03  4.05071E+00  2.03081E-02  8.69931E+02  1.00000E-35  8.74002E+02
   4.03092E+03  4.06696E+00  2.03241E-02  9.15355E+02  1.00000E-35  9.19442E+02
   4.03431E+03  4.08326E+00  2.03401E-02  9.39741E+02  1.00000E-35  9.43845E+02
   4.03770E+03  4.09961E+00  2.03561E-02  9.54819E+02  1.00000E-35  9.58939E+02
   4.04110E+03  4.11606E+00  2.03722E-02  9.65432E+02  1.00000E-35  9.69568E+02
   4.04790E+03  4.14912E+00  2.04040E-02  9.81650E+02  1.00000E-35  9.85820E+02
   4.05472E+03  4.18248E+00  2.04357E-02  9.91027E+02  1.00000E-35  9.95230E+02
   4.06155E+03  4.22116E+00  2.04675E-02  9.93123E+02  1.00000E-35  9.97365E+02
   4.06838E+03  4.26042E+00  2.04993E-02  9.89526E+02  1.00000E-35  9.93806E+02
   4.12351E+03  4.55451E+00  2.07556E-02  9.51526E+02  1.00000E-35  9.56101E+02
   4.23600E+03  5.15652E+00  2.12779E-02  8.84568E+02  1.00000E-35  8.89745E+02
   4.23600E+03  5.15652E+00  2.12779E-02  9.05330E+02  1.00000E-35  9.10507E+02
   4.24000E+03  5.18387E+00  2.12964E-02  9.66414E+02  1.00000E-35  9.71619E+02
   4.24401E+03  5.21141E+00  2.13150E-02  1.05770E+03  1.00000E-35  1.06293E+03
   4.24802E+03  5.23974E+00  2.13336E-02  1.13280E+03  1.00000E-35  1.13806E+03
   4.25204E+03  5.26911E+00  2.13522E-02  1.17429E+03  1.00000E-35  1.17958E+03
   4.25606E+03  5.29861E+00  2.13709E-02  1.19417E+03  1.00000E-35  1.19949E+03
   4.26008E+03  5.32825E+00  2.13895E-02  1.20483E+03  1.00000E-35  1.21018E+03
   4.26813E+03  5.38801E+00  2.14268E-02  1.21747E+03  1.00000E-35  1.22288E+03
   4.27621E+03  5.44856E+00  2.14643E-02  1.22331E+03  1.00000E-35  1.22878E+03
   4.28429E+03  5.50967E+00  2.15017E-02  1.22227E+03  1.00000E-35  1.22780E+03
   4.30051E+03  5.63009E+00  2.15769E-02  1.20998E+03  1.00000E-35  1.21563E+03
   4.36601E+03  6.07997E+00  2.18801E-02  1.16182E+03  1.00000E-35  1.16792E+03
   4.50000E+03  6.52405E+00  2.24910E-02  1.07392E+03  1.00000E-35  1.08047E+03
   4.82800E+03  6.63025E+00  2.39681E-02  8.94858E+02  1.00000E-35  9.01513E+02
   4.82800E+03  6.63025E+00  2.39681E-02  1.05352E+03  1.00000E-35  1.06017E+03
   4.87044E+03  6.79238E+00  2.41546E-02  1.02509E+03  1.00000E-35  1.03190E+03
   4.91325E+03  6.97660E+00  2.43425E-02  1.00408E+03  1.00000E-35  1.01108E+03
   5.00000E+03  7.23248E+00  2.47227E-02  9.62063E+02  1.00000E-35  9.69320E+02
   5.50000E+03  7.46835E+00  2.68639E-02  7.58085E+02  1.00000E-35  7.65580E+02
   5.94600E+03  7.19755E+00  2.86950E-02  6.21692E+02  1.00000E-35  6.28918E+02
   5.94600E+03  7.19755E+00  2.86950E-02  6.56642E+02  1.00000E-35  6.63868E+02
   5.95945E+03  7.19639E+00  2.87492E-02  6.56834E+02  1.00000E-35  6.64060E+02
   5.97294E+03  7.19619E+00  2.88036E-02  6.52900E+02  1.00000E-35  6.60125E+02
   6.00000E+03  7.20403E+00  2.89127E-02  6.45417E+02  1.00000E-35  6.52650E+02
   6.31300E+03  7.16227E+00  3.01516E-02  5.69097E+02  1.00000E-35  5.76289E+02
   6.31300E+03  7.16227E+00  3.01516E-02  5.95867E+02  1.00000E-35  6.03060E+02
   6.32320E+03  7.16423E+00  3.01912E-02  5.91117E+02  1.00000E-35  5.98311E+02
   6.33341E+03  7.16619E+00  3.02307E-02  5.88645E+02  1.00000E-35  5.95841E+02
   6.35389E+03  7.17011E+00  3.03101E-02  5.84467E+02  1.00000E-35  5.91668E+02
   6.39504E+03  7.17795E+00  3.04694E-02  5.75290E+02  1.00000E-35  5.82499E+02
   6.47816E+03  7.19366E+00  3.07905E-02  5.57648E+02  1.00000E-35  5.64873E+02
   6.64763E+03  7.16714E+00  3.14429E-02  5.23468E+02  1.00000E-35  5.30667E+02
   7.00000E+03  7.02944E+00  3.27573E-02  4.61550E+02  1.00000E-35  4.68613E+02
   8.00000E+03  6.49530E+00  3.63124E-02  3.32123E+02  1.00000E-35  3.38655E+02
   9.00000E+03  5.93194E+00  3.95941E-02  2.47781E+02  1.00000E-35  2.53753E+02
   1.00000E+04  5.39565E+00  4.26525E-02  1.90296E+02  1.00000E-35  1.95735E+02
   1.10000E+04  4.91377E+00  4.54990E-02  1.49668E+02  1.00000E-35  1.54628E+02
   1.25000E+04  4.27552E+00  4.93842E-02  1.08252E+02  1.00000E-35  1.12577E+02
   1.40000E+04  3.73065E+00  5.28743E-02  8.10984E+01  1.00000E-35  8.48820E+01
   1.50000E+04  3.40599E+00  5.50126E-02  6.79758E+01  1.00000E-35  7.14368E+01
   1.75000E+04  2.65630E+00  5.98309E-02  4.57421E+01  1.00000E-35  4.84583E+01
   1.89740E+04  2.05317E+00  6.23545E-02  3.70898E+01  1.00000E-35  3.92053E+01
   1.89740E+04  2.05317E+00  6.23545E-02  8.91193E+01  1.00000E-35  9.12348E+01
   1.89896E+04  2.05220E+00  6.23797E-02  8.83013E+01  1.00000E-35  9.04158E+01
   1.90053E+04  2.05124E+00  6.24052E-02  8.70333E+01  1.00000E-35  8.91470E+01
   1.90209E+04  2.05028E+00  6.24304E-02  8.64493E+01  1.00000E-35  8.85620E+01
   1.90366E+04  2.04931E+00  6.24558E-02  8.65375E+01  1.00000E-35  8.86493E+01
   1.90993E+04  2.06373E+00  6.25572E-02  8.58958E+01  1.00000E-35  8.80221E+01
   1.92255E+04  2.10800E+00  6.27608E-02  8.45364E+01  1.00000E-35  8.67072E+01
   1.94802E+04  2.20442E+00  6.31695E-02  8.17017E+01  1.00000E-35  8.39693E+01
   2.00000E+04  2.26627E+00  6.39953E-02  7.62165E+01  1.00000E-35  7.85468E+01
   2.20000E+04  2.09080E+00  6.69099E-02  5.89988E+01  1.00000E-35  6.11565E+01
   2.36540E+04  1.77224E+00  6.90805E-02  4.84562E+01  1.00000E-35  5.02975E+01
   2.36540E+04  1.77224E+00  6.90805E-02  6.71764E+01  1.00000E-35  6.90177E+01
   2.36673E+04  1.77026E+00  6.90977E-02  6.90266E+01  1.00000E-35  7.08660E+01
   2.36807E+04  1.76825E+00  6.91149E-02  6.86517E+01  1.00000E-35  7.04891E+01
   2.36940E+04  1.76627E+00  6.91320E-02  6.82554E+01  1.00000E-35  7.00908E+01
   2.37074E+04  1.76428E+00  6.91492E-02  6.82320E+01  1.00000E-35  7.00654E+01
   2.37609E+04  1.75635E+00  6.92179E-02  6.78939E+01  1.00000E-35  6.97195E+01
   2.38683E+04  1.75547E+00  6.93531E-02  6.71788E+01  1.00000E-35  6.90036E+01
   2.40846E+04  1.76064E+00  6.96130E-02  6.56547E+01  1.00000E-35  6.74849E+01
   2.45230E+04  1.78388E+00  7.01357E-02  6.26586E+01  1.00000E-35  6.45126E+01
   2.45230E+04  1.78388E+00  7.01357E-02  7.31517E+01  1.00000E-35  7.50057E+01
   2.45378E+04  1.78480E+00  7.01533E-02  7.21772E+01  1.00000E-35  7.40322E+01
   2.45525E+04  1.78570E+00  7.01707E-02  7.21528E+01  1.00000E-35  7.40087E+01
   2.45821E+04  1.78753E+00  7.02058E-02  7.19915E+01  1.00000E-35  7.38492E+01
   2.46414E+04  1.79118E+00  7.02760E-02  7.15574E+01  1.00000E-35  7.34188E+01
   2.47604E+04  1.80043E+00  7.04165E-02  7.07023E+01  1.00000E-35  7.25732E+01
   2.50000E+04  1.81863E+00  7.06983E-02  6.90378E+01  1.00000E-35  7.09271E+01
   3.00000E+04  1.59976E+00  7.58653E-02  4.36126E+01  1.00000E-35  4.52882E+01
   3.50000E+04  1.32089E+00  7.99285E-02  2.94060E+01  1.00000E-35  3.08069E+01
   4.00000E+04  1.10053E+00  8.31498E-02  2.08261E+01  1.00000E-35  2.20097E+01
   4.50000E+04  9.24239E-01  8.56671E-02  1.53253E+01  1.00000E-35  1.63352E+01
   5.00000E+04  7.85932E-01  8.76837E-02  1.16286E+01  1.00000E-35  1.25022E+01
   5.50000E+04  6.74049E-01  8.92869E-02  9.04789E+00  1.00000E-35  9.81122E+00
   6.00000E+04  5.82268E-01  9.05404E-02  7.18894E+00  1.00000E-35  7.86174E+00
   7.00000E+04  4.45796E-01  9.22186E-02  4.77455E+00  1.00000E-35  5.31256E+00
   8.00000E+04  3.52043E-01  9.31266E-02  3.34434E+00  1.00000E-35  3.78951E+00
   9.00000E+04  2.84432E-01  9.35102E-02  2.44086E+00  1.00000E-35  2.81880E+00
   1.00000E+05  2.33788E-01  9.35327E-02  1.84077E+00  1.00000E-35  2.16809E+00
   1.10000E+05  1.93876E-01  9.32518E-02  1.42579E+00  1.00000E-35  1.71292E+00
   1.25000E+05  1.42102E-01  9.24854E-02  1.01218E+00  1.00000E-35  1.24676E+00
   1.28261E+05  1.27377E-01  9.22988E-02  9.44623E-01  1.00000E-35  1.16430E+00
   1.28261E+05  1.27377E-01  9.22988E-02  4.00907E+00  1.00000E-35  4.22875E+00
   1.28349E+05  1.27292E-01  9.22938E-02  3.83290E+00  1.00000E-35  4.05248E+00
   1.28437E+05  1.27206E-01  9.22889E-02  3.82944E+00  1.00000E-35  4.04893E+00
   1.28612E+05  1.27038E-01  9.22790E-02  3.81864E+00  1.00000E-35  4.03795E+00
   1.28965E+05  1.26698E-01  9.22592E-02  3.79456E+00  1.00000E-35  4.01351E+00
   1.29673E+05  1.26675E-01  9.22104E-02  3.74298E+00  1.00000E-35  3.96187E+00
   1.31100E+05  1.29114E-01  9.21076E-02  3.64141E+00  1.00000E-35  3.86263E+00
   1.34002E+05  1.31668E-01  9.19022E-02  3.44822E+00  1.00000E-35  3.67179E+00
   1.40000E+05  1.27333E-01  9.14929E-02  3.08978E+00  1.00000E-35  3.30860E+00
   1.50000E+05  1.16298E-01  9.06962E-02  2.59717E+00  1.00000E-35  2.80417E+00
   1.75000E+05  9.08490E-02  8.84953E-02  1.75912E+00  1.00000E-35  1.93847E+00
   2.00000E+05  7.21379E-02  8.62129E-02  1.25436E+00  1.00000E-35  1.41271E+00
   2.20000E+05  6.09373E-02  8.44020E-02  9.85757E-01  1.00000E-35  1.13110E+00
   2.50000E+05  4.83671E-02  8.17957E-02  7.14611E-01  1.00000E-35  8.44774E-01
   3.00000E+05  3.45925E-02  7.77864E-02  4.53994E-01  1.00000E-35  5.66373E-01
   3.50000E+05  2.59497E-02  7.41941E-02  3.11466E-01  1.00000E-35  4.11610E-01
   4.00000E+05  2.01732E-02  7.09982E-02  2.26151E-01  1.00000E-35  3.17323E-01
   4.50000E+05  1.61223E-02  6.81391E-02  1.71465E-01  1.00000E-35  2.55727E-01
   5.00000E+05  1.31790E-02  6.55648E-02  1.34487E-01  1.00000E-35  2.13231E-01
   5.50000E+05  1.09769E-02  6.32198E-02  1.08387E-01  1.00000E-35  1.82584E-01
   6.00000E+05  9.28045E-03  6.10812E-02  8.93111E-02  1.00000E-35  1.59673E-01
   7.00000E+05  6.88582E-03  5.73167E-02  6.38853E-02  1.00000E-35  1.28088E-01
   8.00000E+05  5.31632E-03  5.40873E-02  4.81835E-02  1.00000E-35  1.07587E-01
   9.00000E+05  4.22634E-03  5.12964E-02  3.78025E-02  1.00000E-35  9.33252E-02
   1.00000E+06  3.44050E-03  4.88375E-02  3.05728E-02  1.00000E-35  8.28509E-02
   1.10000E+06  2.85628E-03  4.66564E-02  2.53285E-02  1.82817E-05  7.48595E-02
   1.25000E+06  2.22414E-03  4.38042E-02  1.97896E-02  4.58228E-04  6.62761E-02
   1.40000E+06  1.77933E-03  4.13423E-02  1.59861E-02  1.47521E-03  6.05829E-02
   1.50000E+06  1.55310E-03  3.98828E-02  1.40727E-02  2.38335E-03  5.78919E-02
   1.75000E+06  1.14613E-03  3.67167E-02  1.06556E-02  4.70881E-03  5.32272E-02
   2.00000E+06  8.79938E-04  3.40929E-02  8.43721E-03  6.90004E-03  5.03101E-02
   2.20000E+06  7.28146E-04  3.22928E-02  7.17190E-03  8.55823E-03  4.87510E-02
   2.50000E+06  5.64839E-04  2.99767E-02  5.79973E-03  1.08497E-02  4.71910E-02
   3.00000E+06  3.93203E-04  2.68628E-02  4.32650E-03  1.41441E-02  4.57266E-02
   3.50000E+06  2.89353E-04  2.44122E-02  3.40964E-03  1.70457E-02  4.51568E-02
   4.00000E+06  2.21646E-04  2.24201E-02  2.79319E-03  1.96529E-02  4.50878E-02
   4.50000E+06  1.75191E-04  2.07675E-02  2.35460E-03  2.20670E-02  4.53643E-02
   5.00000E+06  1.41950E-04  1.93739E-02  2.02875E-03  2.42551E-02  4.57997E-02
   5.50000E+06  1.17348E-04  1.81713E-02  1.77827E-03  2.62437E-02  4.63106E-02
   6.00000E+06  9.86316E-05  1.71244E-02  1.58044E-03  2.81575E-02  4.69610E-02
   7.00000E+06  7.24983E-05  1.53900E-02  1.28913E-03  3.16911E-02  4.84427E-02
   8.00000E+06  5.55291E-05  1.40066E-02  1.08591E-03  3.48769E-02  5.00249E-02
   9.00000E+06  4.38906E-05  1.28736E-02  9.36643E-04  3.78098E-02  5.16639E-02
   1.00000E+07  3.55630E-05  1.19267E-02  8.22660E-04  4.05039E-02  5.32889E-02
   1.10000E+07  2.93930E-05  1.11224E-02  7.32921E-04  4.30216E-02  5.49063E-02
   1.25000E+07  2.27621E-05  1.01179E-02  6.29352E-04  4.64723E-02  5.72424E-02
   1.40000E+07  1.81460E-05  9.29413E-03  5.51067E-04  4.96097E-02  5.94731E-02
   1.50000E+07  1.58072E-05  8.82240E-03  5.06460E-04  5.15381E-02  6.08827E-02
   1.75000E+07  1.16136E-05  7.84456E-03  4.20465E-04  5.58104E-02  6.40870E-02
   2.00000E+07  8.89176E-06  7.07710E-03  3.58833E-04  5.95296E-02  6.69744E-02
   2.20000E+07  7.34861E-06  6.57179E-03  3.20909E-04  6.21819E-02  6.90820E-02
   2.50000E+07  5.69082E-06  5.94548E-03  2.76747E-04  6.57553E-02  7.19832E-02
   3.00000E+07  3.95199E-06  5.14677E-03  2.24799E-04  7.07535E-02  7.61291E-02
   3.50000E+07  2.90351E-06  4.55022E-03  1.89077E-04  7.49040E-02  7.96462E-02
   4.00000E+07  2.22300E-06  4.08624E-03  1.63054E-04  7.84296E-02  8.26811E-02
   4.50000E+07  1.75645E-06  3.71399E-03  1.43274E-04  8.14612E-02  8.53202E-02
   5.00000E+07  1.42272E-06  3.40826E-03  1.27742E-04  8.41020E-02  8.76394E-02
   5.50000E+07  1.17580E-06  3.15233E-03  1.15229E-04  8.64171E-02  8.96858E-02
   6.00000E+07  9.87999E-07  2.93465E-03  1.04936E-04  8.85381E-02  9.15786E-02
   7.00000E+07  7.25878E-07  2.58357E-03  8.90101E-05  9.21110E-02  9.47843E-02
   8.00000E+07  5.55750E-07  2.31217E-03  7.72670E-05  9.50583E-02  9.74483E-02
   9.00000E+07  4.39111E-07  2.09550E-03  6.82535E-05  9.75243E-02  9.96885E-02
   1.00000E+08  3.55679E-07  1.91832E-03  6.11186E-05  9.96343E-02  1.01614E-01
   1.10000E+08  2.93952E-07  1.77050E-03  5.53317E-05  1.01459E-01  1.03285E-01
   1.25000E+08  2.27634E-07  1.58931E-03  4.84472E-05  1.03772E-01  1.05410E-01
   1.40000E+08  1.81469E-07  1.44375E-03  4.30844E-05  1.05714E-01  1.07201E-01
   1.50000E+08  1.58079E-07  1.36152E-03  4.01227E-05  1.06843E-01  1.08245E-01
   1.75000E+08  1.16140E-07  1.19383E-03  3.42373E-05  1.09235E-01  1.10463E-01
   2.00000E+08  8.89199E-08  1.06491E-03  2.98567E-05  1.11163E-01  1.12258E-01
   2.20000E+08  7.34876E-08  9.81238E-04  2.70839E-05  1.12449E-01  1.13457E-01
   2.50000E+08  5.69087E-08  8.78971E-04  2.37718E-05  1.14061E-01  1.14964E-01
   3.00000E+08  3.95199E-08  7.50863E-04  1.97465E-05  1.16170E-01  1.16941E-01
   3.50000E+08  2.90350E-08  6.56894E-04  1.68868E-05  1.17777E-01  1.18451E-01
   4.00000E+08  2.22299E-08  5.84855E-04  1.47505E-05  1.19051E-01  1.19650E-01
   4.50000E+08  1.75644E-08  5.27755E-04  1.30939E-05  1.20080E-01  1.20621E-01
   5.00000E+08  1.42272E-08  4.81326E-04  1.17717E-05  1.20935E-01  1.21428E-01
   5.50000E+08  1.17580E-08  4.42785E-04  1.06921E-05  1.21642E-01  1.22095E-01
   6.00000E+08  9.87999E-09  4.10247E-04  9.79386E-06  1.22282E-01  1.22702E-01
   7.00000E+08  7.25878E-09  3.58254E-04  8.38498E-06  1.23283E-01  1.23650E-01
   8.00000E+08  5.55750E-09  3.18482E-04  7.33045E-06  1.24070E-01  1.24396E-01
   9.00000E+08  4.39111E-09  2.87023E-04  6.51150E-06  1.24712E-01  1.25006E-01
   1.00000E+09  3.55681E-09  2.61482E-04  5.85718E-06  1.25243E-01  1.25510E-01
