 # Material data file: F                   
 # 
 # PENELOPE >>>  Photon mass attenuation coefficients (mac).
 # 
 #   Energy       mac_Ra       mac_Co       mac_ph       mac_pp       mac_tot
 #    (eV)       (cm**2/g)    (cm**2/g)    (cm**2/g)    (cm**2/g)    (cm**2/g)
 #------------------------------------------------------------------------------
   5.00000E+01  8.20492E-01  3.16988E-13  1.99373E+05  1.00000E-35  1.99374E+05
   5.24404E+01  8.67179E-01  3.16988E-13  1.91118E+05  1.00000E-35  1.91119E+05
   5.50000E+01  9.12784E-01  3.16988E-13  1.82445E+05  1.00000E-35  1.82446E+05
   5.74456E+01  9.53191E-01  3.16988E-13  1.74197E+05  1.00000E-35  1.74198E+05
   6.00000E+01  9.92416E-01  3.16989E-13  1.65754E+05  1.00000E-35  1.65755E+05
   6.23574E+01  1.02539E+00  3.16993E-13  1.58112E+05  1.00000E-35  1.58113E+05
   6.48074E+01  1.05707E+00  3.16996E-13  1.50442E+05  1.00000E-35  1.50443E+05
   6.73537E+01  1.08746E+00  3.16992E-13  1.42727E+05  1.00000E-35  1.42728E+05
   7.00000E+01  1.11496E+00  3.16988E-13  1.35043E+05  1.00000E-35  1.35044E+05
   7.48331E+01  1.15895E+00  3.16988E-13  1.21954E+05  1.00000E-35  1.21955E+05
   8.00000E+01  1.19651E+00  3.17010E-13  1.09333E+05  1.00000E-35  1.09334E+05
   8.48528E+01  1.22431E+00  3.17030E-13  9.87317E+04  1.00000E-35  9.87329E+04
   9.00000E+01  1.24747E+00  3.16988E-13  8.87611E+04  1.00000E-35  8.87624E+04
   9.48683E+01  1.26436E+00  3.16988E-13  8.03952E+04  1.00000E-35  8.03964E+04
   1.00000E+02  1.27681E+00  3.17210E-13  7.26245E+04  1.00000E-35  7.26258E+04
   1.10000E+02  1.29409E+00  3.19443E-13  6.00138E+04  1.00000E-35  6.00151E+04
   1.17260E+02  1.30063E+00  3.20036E-13  5.26080E+04  1.00000E-35  5.26093E+04
   1.25000E+02  1.30414E+00  3.16988E-13  4.59963E+04  1.00000E-35  4.59976E+04
   1.40000E+02  1.30385E+00  3.16988E-13  3.60590E+04  1.00000E-35  3.60603E+04
   1.50000E+02  1.30031E+00  3.16997E-13  3.10063E+04  1.00000E-35  3.10076E+04
   1.62019E+02  1.29490E+00  3.45914E-13  2.61364E+04  1.00000E-35  2.61377E+04
   1.75000E+02  1.28820E+00  3.16988E-13  2.19785E+04  1.00000E-35  2.19798E+04
   2.00000E+02  1.27177E+00  4.08580E-13  1.61994E+04  1.00000E-35  1.62007E+04
   2.20000E+02  1.25652E+00  4.02163E-12  1.29781E+04  1.00000E-35  1.29794E+04
   2.50000E+02  1.23287E+00  4.37109E-10  9.59498E+03  1.00000E-35  9.59621E+03
   2.73861E+02  1.21350E+00  6.78175E-09  7.71245E+03  1.00000E-35  7.71366E+03
   3.00000E+02  1.19241E+00  5.77232E-08  6.18631E+03  1.00000E-35  6.18750E+03
   3.50000E+02  1.14834E+00  1.20687E-06  4.24460E+03  1.00000E-35  4.24575E+03
   4.00000E+02  1.09987E+00  9.10828E-06  3.05283E+03  1.00000E-35  3.05393E+03
   4.50000E+02  1.04345E+00  3.94906E-05  2.27807E+03  1.00000E-35  2.27911E+03
   5.00000E+02  9.74437E-01  1.14795E-04  1.75029E+03  1.00000E-35  1.75127E+03
   5.50000E+02  8.81652E-01  2.62549E-04  1.37664E+03  1.00000E-35  1.37752E+03
   6.00000E+02  7.36523E-01  5.05971E-04  1.10357E+03  1.00000E-35  1.10430E+03
   6.94000E+02  7.16537E-01  1.27477E-03  7.58543E+02  1.00000E-35  7.59261E+02
   6.94000E+02  7.16537E-01  1.27477E-03  1.18090E+04  1.00000E-35  1.18097E+04
   6.95495E+02  7.44498E-01  1.28966E-03  1.19799E+04  1.00000E-35  1.19807E+04
   6.96994E+02  7.73565E-01  1.30475E-03  1.20938E+04  1.00000E-35  1.20946E+04
   6.98495E+02  8.02427E-01  1.31999E-03  1.21680E+04  1.00000E-35  1.21688E+04
   7.00000E+02  8.25980E-01  1.33542E-03  1.22129E+04  1.00000E-35  1.22137E+04
   7.02927E+02  8.73630E-01  1.36585E-03  1.22510E+04  1.00000E-35  1.22519E+04
   7.05866E+02  9.17636E-01  1.39698E-03  1.22483E+04  1.00000E-35  1.22492E+04
   7.11782E+02  9.89431E-01  1.46138E-03  1.21897E+04  1.00000E-35  1.21907E+04
   7.23762E+02  1.09524E+00  1.59921E-03  1.19875E+04  1.00000E-35  1.19886E+04
   7.35944E+02  1.18113E+00  1.75005E-03  1.17406E+04  1.00000E-35  1.17418E+04
   7.48331E+02  1.25452E+00  1.91203E-03  1.14256E+04  1.00000E-35  1.14268E+04
   7.60927E+02  1.31814E+00  2.07011E-03  1.10537E+04  1.00000E-35  1.10550E+04
   7.73735E+02  1.37221E+00  2.24125E-03  1.06372E+04  1.00000E-35  1.06386E+04
   7.86758E+02  1.41778E+00  2.42654E-03  1.02065E+04  1.00000E-35  1.02080E+04
   8.00000E+02  1.45531E+00  2.62714E-03  9.77366E+03  1.00000E-35  9.77512E+03
   8.48528E+02  1.54982E+00  3.39247E-03  8.37993E+03  1.00000E-35  8.38148E+03
   8.73885E+02  1.58348E+00  3.83862E-03  7.78694E+03  1.00000E-35  7.78853E+03
   9.00000E+02  1.61454E+00  4.30752E-03  7.25079E+03  1.00000E-35  7.25241E+03
   9.48683E+02  1.66011E+00  5.24480E-03  6.38620E+03  1.00000E-35  6.38787E+03
   1.00000E+03  1.69569E+00  6.29167E-03  5.60540E+03  1.00000E-35  5.60710E+03
   1.10000E+03  1.73242E+00  8.52112E-03  4.39434E+03  1.00000E-35  4.39608E+03
   1.25000E+03  1.74233E+00  1.21827E-02  3.16253E+03  1.00000E-35  3.16429E+03
   1.40000E+03  1.71437E+00  1.60094E-02  2.34466E+03  1.00000E-35  2.34639E+03
   1.50000E+03  1.69272E+00  1.86323E-02  1.94977E+03  1.00000E-35  1.95148E+03
   1.62019E+03  1.66646E+00  2.17920E-02  1.58470E+03  1.00000E-35  1.58639E+03
   1.75000E+03  1.62574E+00  2.51831E-02  1.28486E+03  1.00000E-35  1.28651E+03
   2.00000E+03  1.54967E+00  3.15109E-02  8.89136E+02  1.00000E-35  8.90717E+02
   2.20000E+03  1.48674E+00  3.63976E-02  6.81826E+02  1.00000E-35  6.83349E+02
   2.50000E+03  1.38909E+00  4.33085E-02  4.75508E+02  1.00000E-35  4.76940E+02
   3.00000E+03  1.23738E+00  5.37585E-02  2.82527E+02  1.00000E-35  2.83818E+02
   3.50000E+03  1.09857E+00  6.29654E-02  1.80796E+02  1.00000E-35  1.81957E+02
   4.00000E+03  9.73826E-01  7.10816E-02  1.22283E+02  1.00000E-35  1.23328E+02
   4.50000E+03  8.65424E-01  7.82321E-02  8.63406E+01  1.00000E-35  8.72843E+01
   5.00000E+03  7.71427E-01  8.45972E-02  6.30895E+01  1.00000E-35  6.39455E+01
   5.50000E+03  6.90170E-01  9.03063E-02  4.74069E+01  1.00000E-35  4.81873E+01
   6.00000E+03  6.20451E-01  9.54372E-02  3.64733E+01  1.00000E-35  3.71892E+01
   7.00000E+03  5.08822E-01  1.04218E-01  2.28416E+01  1.00000E-35  2.34547E+01
   8.00000E+03  4.25140E-01  1.11436E-01  1.51797E+01  1.00000E-35  1.57163E+01
   9.00000E+03  3.61437E-01  1.17336E-01  1.05612E+01  1.00000E-35  1.10399E+01
   1.00000E+04  3.11940E-01  1.22297E-01  7.62040E+00  1.00000E-35  8.05463E+00
   1.10000E+04  2.72878E-01  1.26493E-01  5.66426E+00  1.00000E-35  6.06363E+00
   1.25000E+04  2.27493E-01  1.31653E-01  3.79720E+00  1.00000E-35  4.15635E+00
   1.40000E+04  1.93613E-01  1.35831E-01  2.65846E+00  1.00000E-35  2.98790E+00
   1.50000E+04  1.75507E-01  1.38183E-01  2.13800E+00  1.00000E-35  2.45169E+00
   1.75000E+04  1.40405E-01  1.42945E-01  1.31094E+00  1.00000E-35  1.59429E+00
   2.00000E+04  1.15376E-01  1.46504E-01  8.56084E-01  1.00000E-35  1.11796E+00
   2.20000E+04  1.00017E-01  1.48681E-01  6.30759E-01  1.00000E-35  8.79457E-01
   2.50000E+04  8.20796E-02  1.51075E-01  4.18063E-01  1.00000E-35  6.51217E-01
   3.00000E+04  6.10621E-02  1.53466E-01  2.31870E-01  1.00000E-35  4.46398E-01
   3.50000E+04  4.73026E-02  1.54411E-01  1.40534E-01  1.00000E-35  3.42247E-01
   4.00000E+04  3.76335E-02  1.54443E-01  9.09363E-02  1.00000E-35  2.83013E-01
   4.50000E+04  3.05833E-02  1.53842E-01  6.18802E-02  1.00000E-35  2.46306E-01
   5.00000E+04  2.53665E-02  1.52895E-01  4.38230E-02  1.00000E-35  2.22084E-01
   5.50000E+04  2.13932E-02  1.51710E-01  3.20583E-02  1.00000E-35  2.05162E-01
   6.00000E+04  1.82495E-02  1.50370E-01  2.40917E-02  1.00000E-35  1.92711E-01
   7.00000E+04  1.37457E-02  1.47442E-01  1.45157E-02  1.00000E-35  1.75703E-01
   8.00000E+04  1.07255E-02  1.44416E-01  9.35724E-03  1.00000E-35  1.64499E-01
   9.00000E+04  8.59373E-03  1.41415E-01  6.35327E-03  1.00000E-35  1.56362E-01
   1.00000E+05  7.04183E-03  1.38504E-01  4.49489E-03  1.00000E-35  1.50041E-01
   1.10000E+05  5.87199E-03  1.35680E-01  3.28831E-03  1.00000E-35  1.44840E-01
   1.25000E+05  4.59210E-03  1.31664E-01  2.16446E-03  1.00000E-35  1.38420E-01
   1.40000E+05  3.68921E-03  1.27946E-01  1.49597E-03  1.00000E-35  1.33131E-01
   1.50000E+05  3.22462E-03  1.25594E-01  1.19567E-03  1.00000E-35  1.30014E-01
   1.75000E+05  2.38699E-03  1.20203E-01  7.26822E-04  1.00000E-35  1.23317E-01
   2.00000E+05  1.83596E-03  1.15416E-01  4.74170E-04  1.00000E-35  1.17726E-01
   2.20000E+05  1.52120E-03  1.11946E-01  3.50595E-04  1.00000E-35  1.13817E-01
   2.50000E+05  1.18206E-03  1.07267E-01  2.34948E-04  1.00000E-35  1.08684E-01
   3.00000E+05  8.23539E-04  1.00592E-01  1.34288E-04  1.00000E-35  1.01550E-01
   3.50000E+05  6.06048E-04  9.49858E-02  8.47880E-05  1.00000E-35  9.56767E-02
   4.00000E+05  4.64670E-04  9.02020E-02  5.76044E-05  1.00000E-35  9.07243E-02
   4.50000E+05  3.67610E-04  8.60670E-02  4.13920E-05  1.00000E-35  8.64760E-02
   5.00000E+05  2.98030E-04  8.24207E-02  3.10828E-05  1.00000E-35  8.27498E-02
   5.50000E+05  2.46397E-04  7.91713E-02  2.41830E-05  1.00000E-35  7.94419E-02
   6.00000E+05  2.07082E-04  7.62581E-02  1.93676E-05  1.00000E-35  7.64846E-02
   7.00000E+05  1.52194E-04  7.12273E-02  1.32979E-05  1.00000E-35  7.13928E-02
   8.00000E+05  1.16559E-04  6.69963E-02  9.78007E-06  1.00000E-35  6.71226E-02
   9.00000E+05  9.21199E-05  6.33839E-02  7.56511E-06  1.00000E-35  6.34836E-02
   1.00000E+06  7.46346E-05  6.02323E-02  6.07926E-06  1.00000E-35  6.03130E-02
   1.10000E+06  6.16947E-05  5.74578E-02  5.03152E-06  7.79448E-07  5.75253E-02
   1.25000E+06  4.77898E-05  5.38538E-02  3.95192E-06  1.98609E-05  5.39254E-02
   1.40000E+06  3.81076E-05  5.07645E-02  3.22513E-06  6.71945E-05  5.08730E-02
   1.50000E+06  3.32003E-05  4.89399E-02  2.86298E-06  1.13943E-04  4.90899E-02
   1.75000E+06  2.43949E-05  4.50038E-02  2.21950E-06  2.65126E-04  4.52956E-02
   2.00000E+06  1.86780E-05  4.17511E-02  1.80082E-06  4.52017E-04  4.22236E-02
   2.20000E+06  1.54367E-05  3.95243E-02  1.56034E-06  6.16487E-04  4.01578E-02
   2.50000E+06  1.19546E-05  3.66656E-02  1.29603E-06  8.75383E-04  3.75543E-02
   3.00000E+06  8.30210E-06  3.28319E-02  1.00607E-06  1.30975E-03  3.41510E-02
   3.50000E+06  6.09974E-06  2.98214E-02  8.19421E-07  1.74077E-03  3.15691E-02
   4.00000E+06  4.67024E-06  2.73780E-02  6.89820E-07  2.15273E-03  2.95361E-02
   4.50000E+06  3.69017E-06  2.53536E-02  5.94857E-07  2.54826E-03  2.79062E-02
   5.00000E+06  2.98907E-06  2.36385E-02  5.22422E-07  2.91928E-03  2.65613E-02
   5.50000E+06  2.47032E-06  2.21677E-02  4.65424E-07  3.26839E-03  2.54390E-02
   6.00000E+06  2.07576E-06  2.08896E-02  4.19455E-07  3.61328E-03  2.45054E-02
   7.00000E+06  1.52505E-06  1.87720E-02  3.49952E-07  4.24365E-03  2.30175E-02
   8.00000E+06  1.16762E-06  1.70834E-02  2.99983E-07  4.80906E-03  2.18939E-02
   9.00000E+06  9.22567E-07  1.57007E-02  2.62373E-07  5.32444E-03  2.10264E-02
   1.00000E+07  7.47281E-07  1.45454E-02  2.33066E-07  5.79590E-03  2.03422E-02
   1.10000E+07  6.17588E-07  1.35640E-02  2.09600E-07  6.22803E-03  1.97929E-02
   1.25000E+07  4.78259E-07  1.23386E-02  1.82046E-07  6.80975E-03  1.91490E-02
   1.40000E+07  3.81269E-07  1.13337E-02  1.60858E-07  7.33459E-03  1.86688E-02
   1.50000E+07  3.32126E-07  1.07582E-02  1.49261E-07  7.65680E-03  1.84155E-02
   1.75000E+07  2.44011E-07  9.56558E-03  1.26441E-07  8.38104E-03  1.79470E-02
   2.00000E+07  1.86822E-07  8.62957E-03  1.09653E-07  9.01697E-03  1.76468E-02
   2.20000E+07  1.54398E-07  8.01330E-03  9.91146E-08  9.47056E-03  1.74841E-02
   2.50000E+07  1.19566E-07  7.24951E-03  8.66186E-08  1.00753E-02  1.73250E-02
   3.00000E+07  8.30320E-08  6.27550E-03  7.15674E-08  1.09390E-02  1.72147E-02
   3.50000E+07  6.10031E-08  5.54806E-03  6.09660E-08  1.16587E-02  1.72069E-02
   4.00000E+07  4.67055E-08  4.98229E-03  5.30971E-08  1.22744E-02  1.72568E-02
   4.50000E+07  3.69032E-08  4.52837E-03  4.70255E-08  1.28138E-02  1.73422E-02
   5.00000E+07  2.98915E-08  4.15560E-03  4.21991E-08  1.32897E-02  1.74454E-02
   5.50000E+07  2.47038E-08  3.84353E-03  3.82703E-08  1.37109E-02  1.75544E-02
   6.00000E+07  2.07580E-08  3.57810E-03  3.50107E-08  1.40989E-02  1.76771E-02
   7.00000E+07  1.52508E-08  3.15003E-03  2.99138E-08  1.47616E-02  1.79117E-02
   8.00000E+07  1.16764E-08  2.81911E-03  2.61119E-08  1.53194E-02  1.81385E-02
   9.00000E+07  9.22577E-09  2.55494E-03  2.31672E-08  1.57980E-02  1.83530E-02
   1.00000E+08  7.47287E-09  2.33890E-03  2.08192E-08  1.62160E-02  1.85549E-02
   1.10000E+08  6.17594E-09  2.15867E-03  1.89033E-08  1.65831E-02  1.87418E-02
   1.25000E+08  4.78262E-09  1.93775E-03  1.66102E-08  1.70559E-02  1.89936E-02
   1.40000E+08  3.81270E-09  1.76028E-03  1.48133E-08  1.74583E-02  1.92186E-02
   1.50000E+08  3.32127E-09  1.66002E-03  1.38168E-08  1.76944E-02  1.93544E-02
   1.75000E+08  2.44012E-09  1.45557E-03  1.18276E-08  1.81988E-02  1.96543E-02
   2.00000E+08  1.86822E-09  1.29837E-03  1.03390E-08  1.86097E-02  1.99081E-02
   2.20000E+08  1.54399E-09  1.19636E-03  9.39322E-09  1.88865E-02  2.00828E-02
   2.50000E+08  1.19567E-09  1.07167E-03  8.25986E-09  1.92366E-02  2.03082E-02
   3.00000E+08  8.30323E-10  9.15472E-04  6.87690E-09  1.96988E-02  2.06142E-02
   3.50000E+08  6.10034E-10  8.00905E-04  5.89062E-09  2.00543E-02  2.08553E-02
   4.00000E+08  4.67058E-10  7.13072E-04  5.15176E-09  2.03382E-02  2.10513E-02
   4.50000E+08  3.69032E-10  6.43454E-04  4.57756E-09  2.05690E-02  2.12124E-02
   5.00000E+08  2.98916E-10  5.86844E-04  4.11856E-09  2.07618E-02  2.13486E-02
   5.50000E+08  2.47038E-10  5.39854E-04  3.74319E-09  2.09234E-02  2.14633E-02
   6.00000E+08  2.07581E-10  5.00184E-04  3.43054E-09  2.10706E-02  2.15708E-02
   7.00000E+08  1.52508E-10  4.36793E-04  2.93949E-09  2.13034E-02  2.17402E-02
   8.00000E+08  1.16764E-10  3.88303E-04  2.57142E-09  2.14859E-02  2.18742E-02
   9.00000E+08  9.22580E-11  3.49945E-04  2.28527E-09  2.16333E-02  2.19832E-02
   1.00000E+09  7.47287E-11  3.18808E-04  2.05643E-09  2.17555E-02  2.20743E-02
