 # Material data file: Re                  
 # 
 # PENELOPE >>>  Photon mass attenuation coefficients (mac).
 # 
 #   Energy       mac_Ra       mac_Co       mac_ph       mac_pp       mac_tot
 #    (eV)       (cm**2/g)    (cm**2/g)    (cm**2/g)    (cm**2/g)    (cm**2/g)
 #------------------------------------------------------------------------------
   5.00000E+01  9.20805E-01  4.32876E-03  2.97712E+04  1.00000E-35  2.97721E+04
   5.12057E+01  9.71315E+00  4.33003E-03  2.80419E+04  1.00000E-35  2.80516E+04
   5.24404E+01  8.18290E+00  4.33130E-03  2.63597E+04  1.00000E-35  2.63679E+04
   5.50000E+01  1.42551E+00  4.33389E-03  2.31603E+04  1.00000E-35  2.31617E+04
   5.60000E+01  1.19717E+00  4.33494E-03  2.20187E+04  1.00000E-35  2.20199E+04
   5.60000E+01  1.19717E+00  4.33494E-03  2.69980E+04  1.00000E-35  2.69992E+04
   5.69743E+01  1.05095E+00  4.33595E-03  2.61135E+04  1.00000E-35  2.61146E+04
   5.79655E+01  9.41294E-01  4.33696E-03  2.51594E+04  1.00000E-35  2.51604E+04
   6.00000E+01  8.79117E-01  4.33903E-03  2.31637E+04  1.00000E-35  2.31645E+04
   6.23574E+01  8.52746E-01  4.34147E-03  2.09511E+04  1.00000E-35  2.09520E+04
   6.48074E+01  8.17382E-01  4.34394E-03  1.88694E+04  1.00000E-35  1.88703E+04
   7.00000E+01  7.47560E-01  4.34923E-03  1.52831E+04  1.00000E-35  1.52839E+04
   7.23762E+01  7.16232E-01  4.35173E-03  1.40048E+04  1.00000E-35  1.40055E+04
   7.48331E+01  6.83301E-01  4.35423E-03  1.29130E+04  1.00000E-35  1.29137E+04
   7.60927E+01  6.66487E-01  4.35548E-03  1.24301E+04  1.00000E-35  1.24308E+04
   7.73735E+01  6.49565E-01  4.35683E-03  1.19926E+04  1.00000E-35  1.19932E+04
   7.86758E+01  6.32406E-01  4.35819E-03  1.15971E+04  1.00000E-35  1.15977E+04
   8.00000E+01  6.14656E-01  4.35955E-03  1.12428E+04  1.00000E-35  1.12434E+04
   8.14596E+01  5.95631E-01  4.36102E-03  1.09024E+04  1.00000E-35  1.09030E+04
   8.29458E+01  5.77075E-01  4.36249E-03  1.06074E+04  1.00000E-35  1.06080E+04
   8.44591E+01  5.57416E-01  4.36409E-03  1.03587E+04  1.00000E-35  1.03593E+04
   8.60000E+01  5.37036E-01  4.36569E-03  1.01500E+04  1.00000E-35  1.01505E+04
   8.60000E+01  5.37036E-01  4.36569E-03  1.03483E+04  1.00000E-35  1.03488E+04
   8.79773E+01  5.22055E-01  4.36770E-03  1.01288E+04  1.00000E-35  1.01294E+04
   9.00000E+01  5.04139E-01  4.36971E-03  9.97419E+03  1.00000E-35  9.97470E+03
   9.24021E+01  4.79652E-01  4.37223E-03  9.86753E+03  1.00000E-35  9.86802E+03
   9.48683E+01  4.57421E-01  4.37477E-03  9.83351E+03  1.00000E-35  9.83397E+03
   9.74004E+01  4.36295E-01  4.37732E-03  9.86624E+03  1.00000E-35  9.86668E+03
   1.00000E+02  4.16861E-01  4.38001E-03  9.96291E+03  1.00000E-35  9.96333E+03
   1.02411E+02  4.00026E-01  4.38251E-03  1.01017E+04  1.00000E-35  1.01021E+04
   1.04881E+02  3.85038E-01  4.38501E-03  1.02846E+04  1.00000E-35  1.02850E+04
   1.07410E+02  3.71684E-01  4.38756E-03  1.05132E+04  1.00000E-35  1.05135E+04
   1.10000E+02  3.60352E-01  4.39027E-03  1.07839E+04  1.00000E-35  1.07843E+04
   1.13572E+02  3.47670E-01  4.39392E-03  1.11989E+04  1.00000E-35  1.11993E+04
   1.17260E+02  3.39655E-01  4.39765E-03  1.16693E+04  1.00000E-35  1.16697E+04
   1.25000E+02  3.37334E-01  4.40559E-03  1.27256E+04  1.00000E-35  1.27259E+04
   1.32288E+02  3.53608E-01  4.41314E-03  1.37158E+04  1.00000E-35  1.37161E+04
   1.40000E+02  3.89746E-01  4.42107E-03  1.46837E+04  1.00000E-35  1.46841E+04
   1.44914E+02  4.20887E-01  4.42625E-03  1.52400E+04  1.00000E-35  1.52404E+04
   1.50000E+02  4.58926E-01  4.43144E-03  1.57611E+04  1.00000E-35  1.57616E+04
   1.55893E+02  5.09097E-01  4.43791E-03  1.63030E+04  1.00000E-35  1.63035E+04
   1.62019E+02  5.67894E-01  4.44438E-03  1.67977E+04  1.00000E-35  1.67983E+04
   1.68384E+02  6.35240E-01  4.45163E-03  1.72411E+04  1.00000E-35  1.72417E+04
   1.75000E+02  7.10582E-01  4.45907E-03  1.76352E+04  1.00000E-35  1.76359E+04
   1.80941E+02  7.83030E-01  4.46615E-03  1.79210E+04  1.00000E-35  1.79218E+04
   1.87083E+02  8.61854E-01  4.47373E-03  1.81624E+04  1.00000E-35  1.81633E+04
   1.93434E+02  9.47040E-01  4.48139E-03  1.83405E+04  1.00000E-35  1.83415E+04
   2.00000E+02  1.03760E+00  4.49055E-03  1.84551E+04  1.00000E-35  1.84561E+04
   2.09762E+02  1.17302E+00  4.50367E-03  1.85074E+04  1.00000E-35  1.85086E+04
   2.20000E+02  1.31309E+00  4.51967E-03  1.84345E+04  1.00000E-35  1.84358E+04
   2.27144E+02  1.40805E+00  4.53053E-03  1.83184E+04  1.00000E-35  1.83198E+04
   2.34521E+02  1.50421E+00  4.54343E-03  1.81557E+04  1.00000E-35  1.81572E+04
   2.42137E+02  1.59669E+00  4.55694E-03  1.79522E+04  1.00000E-35  1.79538E+04
   2.50000E+02  1.68112E+00  4.57091E-03  1.77093E+04  1.00000E-35  1.77110E+04
   2.64000E+02  1.93288E+00  4.59946E-03  1.72156E+04  1.00000E-35  1.72176E+04
   2.64000E+02  1.93288E+00  4.59946E-03  1.80431E+04  1.00000E-35  1.80451E+04
   2.78000E+02  2.18854E+00  4.62958E-03  1.73178E+04  1.00000E-35  1.73200E+04
   2.78000E+02  2.18854E+00  4.62958E-03  1.79079E+04  1.00000E-35  1.79101E+04
   3.00000E+02  2.47560E+00  4.68068E-03  1.66480E+04  1.00000E-35  1.66504E+04
   3.50000E+02  2.95943E+00  4.81208E-03  1.43290E+04  1.00000E-35  1.43320E+04
   3.74166E+02  3.15833E+00  4.88269E-03  1.34131E+04  1.00000E-35  1.34163E+04
   4.00000E+02  3.34641E+00  4.96184E-03  1.25136E+04  1.00000E-35  1.25169E+04
   4.24264E+02  3.50166E+00  5.03897E-03  1.17139E+04  1.00000E-35  1.17174E+04
   4.50000E+02  3.72746E+00  5.12286E-03  1.09214E+04  1.00000E-35  1.09251E+04
   4.50000E+02  3.72746E+00  5.12286E-03  1.09214E+04  1.00000E-35  1.09251E+04
   4.50371E+02  3.73351E+00  5.12421E-03  1.15311E+04  1.00000E-35  1.15349E+04
   4.50741E+02  3.73954E+00  5.12555E-03  1.15281E+04  1.00000E-35  1.15318E+04
   4.51484E+02  3.75168E+00  5.12824E-03  1.15202E+04  1.00000E-35  1.15239E+04
   4.52973E+02  3.77576E+00  5.13362E-03  1.14978E+04  1.00000E-35  1.15015E+04
   4.55966E+02  3.81309E+00  5.14439E-03  1.14399E+04  1.00000E-35  1.14437E+04
   4.62011E+02  3.88392E+00  5.16601E-03  1.12996E+04  1.00000E-35  1.13035E+04
   4.74342E+02  3.98994E+00  5.20953E-03  1.09661E+04  1.00000E-35  1.09701E+04
   5.00000E+02  4.17061E+00  5.30315E-03  1.02483E+04  1.00000E-35  1.02525E+04
   5.22000E+02  4.32298E+00  5.38747E-03  9.67698E+03  1.00000E-35  9.68131E+03
   5.22000E+02  4.32298E+00  5.38747E-03  9.81521E+03  1.00000E-35  9.81954E+03
   5.50000E+02  4.50829E+00  5.50232E-03  9.15740E+03  1.00000E-35  9.16191E+03
   6.00000E+02  4.72311E+00  5.72502E-03  8.07797E+03  1.00000E-35  8.08270E+03
   6.29000E+02  4.87725E+00  5.86168E-03  7.52194E+03  1.00000E-35  7.52682E+03
   6.29000E+02  4.87725E+00  5.86168E-03  7.75278E+03  1.00000E-35  7.75767E+03
   6.37465E+02  4.92324E+00  5.90651E-03  7.56628E+03  1.00000E-35  7.57120E+03
   6.46045E+02  4.96293E+00  5.95282E-03  7.40570E+03  1.00000E-35  7.41067E+03
   6.63551E+02  5.03952E+00  6.04653E-03  7.10743E+03  1.00000E-35  7.11247E+03
   7.00000E+02  5.16073E+00  6.25006E-03  6.53267E+03  1.00000E-35  6.53784E+03
   7.48331E+02  5.27186E+00  6.54027E-03  5.85695E+03  1.00000E-35  5.86222E+03
   8.00000E+02  5.35244E+00  6.88236E-03  5.23196E+03  1.00000E-35  5.23732E+03
   8.48528E+02  5.40603E+00  7.22228E-03  4.72399E+03  1.00000E-35  4.72940E+03
   9.00000E+02  5.44305E+00  7.59564E-03  4.25486E+03  1.00000E-35  4.26031E+03
   1.00000E+03  5.45172E+00  8.36362E-03  3.50853E+03  1.00000E-35  3.51399E+03
   1.10000E+03  5.40185E+00  9.16700E-03  2.93102E+03  1.00000E-35  2.93643E+03
   1.25000E+03  5.19194E+00  1.04120E-02  2.28582E+03  1.00000E-35  2.29102E+03
   1.40000E+03  4.88442E+00  1.16767E-02  1.82170E+03  1.00000E-35  1.82660E+03
   1.50000E+03  4.60413E+00  1.25187E-02  1.58247E+03  1.00000E-35  1.58709E+03
   1.62019E+03  4.13787E+00  1.35232E-02  1.34881E+03  1.00000E-35  1.35296E+03
   1.75000E+03  3.37741E+00  1.45943E-02  1.14725E+03  1.00000E-35  1.15064E+03
   1.88700E+03  1.78484E+00  1.57054E-02  9.76789E+02  1.00000E-35  9.78590E+02
   1.88700E+03  1.78484E+00  1.57054E-02  1.01996E+03  1.00000E-35  1.02176E+03
   1.88801E+03  1.78522E+00  1.57136E-02  1.02288E+03  1.00000E-35  1.02468E+03
   1.88903E+03  1.80596E+00  1.57219E-02  1.02865E+03  1.00000E-35  1.03047E+03
   1.89004E+03  1.82672E+00  1.57301E-02  1.03790E+03  1.00000E-35  1.03974E+03
   1.89106E+03  1.84793E+00  1.57382E-02  1.05126E+03  1.00000E-35  1.05313E+03
   1.89207E+03  1.86915E+00  1.57463E-02  1.06956E+03  1.00000E-35  1.07145E+03
   1.89309E+03  1.89082E+00  1.57544E-02  1.09345E+03  1.00000E-35  1.09535E+03
   1.89411E+03  1.91273E+00  1.57624E-02  1.12350E+03  1.00000E-35  1.12542E+03
   1.89513E+03  1.93488E+00  1.57705E-02  1.16034E+03  1.00000E-35  1.16230E+03
   1.89614E+03  1.95706E+00  1.57786E-02  1.20410E+03  1.00000E-35  1.20607E+03
   1.89716E+03  1.97970E+00  1.57866E-02  1.25453E+03  1.00000E-35  1.25653E+03
   1.89920E+03  2.02573E+00  1.58028E-02  1.37291E+03  1.00000E-35  1.37495E+03
   1.90124E+03  2.07278E+00  1.58190E-02  1.50628E+03  1.00000E-35  1.50837E+03
   1.90227E+03  2.09693E+00  1.58272E-02  1.57567E+03  1.00000E-35  1.57778E+03
   1.90329E+03  2.12111E+00  1.58353E-02  1.64332E+03  1.00000E-35  1.64546E+03
   1.90431E+03  2.14556E+00  1.58434E-02  1.71006E+03  1.00000E-35  1.71222E+03
   1.90533E+03  2.17027E+00  1.58515E-02  1.77319E+03  1.00000E-35  1.77538E+03
   1.90636E+03  2.19702E+00  1.58596E-02  1.83241E+03  1.00000E-35  1.83463E+03
   1.90738E+03  2.22404E+00  1.58677E-02  1.88868E+03  1.00000E-35  1.89092E+03
   1.90841E+03  2.25165E+00  1.58759E-02  1.94041E+03  1.00000E-35  1.94267E+03
   1.90943E+03  2.27931E+00  1.58840E-02  1.98815E+03  1.00000E-35  1.99045E+03
   1.91148E+03  2.33589E+00  1.59003E-02  2.07298E+03  1.00000E-35  2.07534E+03
   1.91354E+03  2.39410E+00  1.59166E-02  2.14609E+03  1.00000E-35  2.14850E+03
   1.91560E+03  2.45369E+00  1.59329E-02  2.20897E+03  1.00000E-35  2.21144E+03
   1.91766E+03  2.51470E+00  1.59493E-02  2.26585E+03  1.00000E-35  2.26838E+03
   1.91972E+03  2.57716E+00  1.59656E-02  2.31616E+03  1.00000E-35  2.31876E+03
   1.92178E+03  2.64110E+00  1.59820E-02  2.36273E+03  1.00000E-35  2.36538E+03
   1.92385E+03  2.69844E+00  1.59984E-02  2.40480E+03  1.00000E-35  2.40752E+03
   1.92798E+03  2.78633E+00  1.60311E-02  2.47888E+03  1.00000E-35  2.48168E+03
   1.93006E+03  2.83161E+00  1.60476E-02  2.51103E+03  1.00000E-35  2.51388E+03
   1.93213E+03  2.87734E+00  1.60640E-02  2.53842E+03  1.00000E-35  2.54131E+03
   1.93629E+03  2.97135E+00  1.60970E-02  2.58638E+03  1.00000E-35  2.58937E+03
   1.94045E+03  3.06821E+00  1.61300E-02  2.62062E+03  1.00000E-35  2.62371E+03
   1.94463E+03  3.15199E+00  1.61631E-02  2.64265E+03  1.00000E-35  2.64582E+03
   1.94881E+03  3.23588E+00  1.61962E-02  2.65584E+03  1.00000E-35  2.65910E+03
   1.95300E+03  3.32202E+00  1.62295E-02  2.66217E+03  1.00000E-35  2.66551E+03
   1.95300E+03  3.32202E+00  1.62295E-02  2.69615E+03  1.00000E-35  2.69949E+03
   1.95590E+03  3.38287E+00  1.62524E-02  2.70737E+03  1.00000E-35  2.71077E+03
   1.95736E+03  3.41389E+00  1.62640E-02  2.71982E+03  1.00000E-35  2.72325E+03
   1.95881E+03  3.44495E+00  1.62755E-02  2.73884E+03  1.00000E-35  2.74230E+03
   1.96027E+03  3.47711E+00  1.62871E-02  2.76568E+03  1.00000E-35  2.76917E+03
   1.96173E+03  3.50956E+00  1.62986E-02  2.80037E+03  1.00000E-35  2.80389E+03
   1.96319E+03  3.54228E+00  1.63102E-02  2.84369E+03  1.00000E-35  2.84724E+03
   1.96465E+03  3.57529E+00  1.63218E-02  2.89483E+03  1.00000E-35  2.89842E+03
   1.97049E+03  3.71016E+00  1.63680E-02  3.13285E+03  1.00000E-35  3.13658E+03
   1.97343E+03  3.77982E+00  1.63913E-02  3.23813E+03  1.00000E-35  3.24193E+03
   1.97636E+03  3.85043E+00  1.64145E-02  3.32319E+03  1.00000E-35  3.32706E+03
   1.97930E+03  3.91613E+00  1.64378E-02  3.39101E+03  1.00000E-35  3.39494E+03
   1.98224E+03  3.98115E+00  1.64611E-02  3.44602E+03  1.00000E-35  3.45002E+03
   1.98815E+03  4.11484E+00  1.65079E-02  3.53230E+03  1.00000E-35  3.53644E+03
   1.99406E+03  4.25261E+00  1.65547E-02  3.59637E+03  1.00000E-35  3.60064E+03
   2.00000E+03  4.36172E+00  1.66017E-02  3.64058E+03  1.00000E-35  3.64496E+03
   2.00597E+03  4.46517E+00  1.66490E-02  3.66674E+03  1.00000E-35  3.67123E+03
   2.01195E+03  4.57093E+00  1.66963E-02  3.67557E+03  1.00000E-35  3.68016E+03
   2.01795E+03  4.65733E+00  1.67438E-02  3.67208E+03  1.00000E-35  3.67675E+03
   2.02397E+03  4.73607E+00  1.67914E-02  3.66121E+03  1.00000E-35  3.66597E+03
   2.04823E+03  5.01536E+00  1.69833E-02  3.59317E+03  1.00000E-35  3.59820E+03
   2.07278E+03  5.25008E+00  1.71744E-02  3.51516E+03  1.00000E-35  3.52043E+03
   2.09762E+03  5.45811E+00  1.73659E-02  3.42419E+03  1.00000E-35  3.42966E+03
   2.20000E+03  6.04908E+00  1.81536E-02  3.05494E+03  1.00000E-35  3.06100E+03
   2.37100E+03  6.64932E+00  1.94344E-02  2.53576E+03  1.00000E-35  2.54243E+03
   2.37100E+03  6.64932E+00  1.94344E-02  2.80439E+03  1.00000E-35  2.81105E+03
   2.37296E+03  6.66668E+00  1.94489E-02  2.84429E+03  1.00000E-35  2.85097E+03
   2.37493E+03  6.68416E+00  1.94635E-02  2.86919E+03  1.00000E-35  2.87589E+03
   2.37886E+03  6.72060E+00  1.94927E-02  2.89731E+03  1.00000E-35  2.90405E+03
   2.38281E+03  6.75879E+00  1.95220E-02  2.90882E+03  1.00000E-35  2.91559E+03
   2.38675E+03  6.79703E+00  1.95512E-02  2.91000E+03  1.00000E-35  2.91681E+03
   2.39467E+03  6.87436E+00  1.96098E-02  2.89325E+03  1.00000E-35  2.90014E+03
   2.40261E+03  6.94615E+00  1.96687E-02  2.86635E+03  1.00000E-35  2.87332E+03
   2.41858E+03  7.07778E+00  1.97869E-02  2.81537E+03  1.00000E-35  2.82247E+03
   2.43465E+03  7.18135E+00  1.99058E-02  2.77180E+03  1.00000E-35  2.77900E+03
   2.50000E+03  7.43360E+00  2.03730E-02  2.60350E+03  1.00000E-35  2.61096E+03
   2.68600E+03  7.67039E+00  2.16852E-02  2.19192E+03  1.00000E-35  2.19961E+03
   2.68600E+03  7.67039E+00  2.16852E-02  2.27399E+03  1.00000E-35  2.28169E+03
   2.68788E+03  7.67669E+00  2.16980E-02  2.28605E+03  1.00000E-35  2.29375E+03
   2.68975E+03  7.68296E+00  2.17108E-02  2.29332E+03  1.00000E-35  2.30102E+03
   2.69351E+03  7.69556E+00  2.17364E-02  2.30047E+03  1.00000E-35  2.30818E+03
   2.70104E+03  7.72080E+00  2.17878E-02  2.29900E+03  1.00000E-35  2.30674E+03
   2.71616E+03  7.77153E+00  2.18909E-02  2.27113E+03  1.00000E-35  2.27892E+03
   2.74666E+03  7.86036E+00  2.20987E-02  2.21089E+03  1.00000E-35  2.21877E+03
   2.80870E+03  7.94854E+00  2.25201E-02  2.09768E+03  1.00000E-35  2.10565E+03
   2.93700E+03  8.06533E+00  2.33755E-02  1.88785E+03  1.00000E-35  1.89594E+03
   2.93700E+03  8.06533E+00  2.33755E-02  1.98934E+03  1.00000E-35  1.99743E+03
   2.94480E+03  8.08583E+00  2.34263E-02  1.96447E+03  1.00000E-35  1.97258E+03
   2.95262E+03  8.10643E+00  2.34771E-02  1.94885E+03  1.00000E-35  1.95698E+03
   2.96833E+03  8.14607E+00  2.35793E-02  1.92526E+03  1.00000E-35  1.93343E+03
   3.00000E+03  8.20836E+00  2.37849E-02  1.87986E+03  1.00000E-35  1.88810E+03
   3.24037E+03  8.33650E+00  2.53121E-02  1.56865E+03  1.00000E-35  1.57701E+03
   3.50000E+03  8.26347E+00  2.68894E-02  1.30629E+03  1.00000E-35  1.31458E+03
   4.00000E+03  7.94407E+00  2.97410E-02  9.46842E+02  1.00000E-35  9.54816E+02
   4.50000E+03  7.52471E+00  3.23796E-02  7.09785E+02  1.00000E-35  7.17343E+02
   5.00000E+03  7.07144E+00  3.48465E-02  5.46899E+02  1.00000E-35  5.54005E+02
   5.50000E+03  6.63516E+00  3.71736E-02  4.31074E+02  1.00000E-35  4.37747E+02
   6.00000E+03  6.21205E+00  3.93843E-02  3.46348E+02  1.00000E-35  3.52600E+02
   7.00000E+03  5.42711E+00  4.35090E-02  2.34243E+02  1.00000E-35  2.39714E+02
   8.00000E+03  4.71790E+00  4.72773E-02  1.66398E+02  1.00000E-35  1.71163E+02
   9.00000E+03  4.05065E+00  5.07461E-02  1.22789E+02  1.00000E-35  1.26891E+02
   1.00000E+04  3.31174E+00  5.39910E-02  9.34054E+01  1.00000E-35  9.67712E+01
   1.05400E+04  2.67975E+00  5.56584E-02  8.13984E+01  1.00000E-35  8.41338E+01
   1.05400E+04  2.67975E+00  5.56584E-02  1.63858E+02  1.00000E-35  1.66594E+02
   1.05470E+04  2.67902E+00  5.56796E-02  2.01662E+02  1.00000E-35  2.04396E+02
   1.05541E+04  2.67827E+00  5.57011E-02  2.14374E+02  1.00000E-35  2.17108E+02
   1.05611E+04  2.67753E+00  5.57223E-02  2.17173E+02  1.00000E-35  2.19906E+02
   1.05682E+04  2.67678E+00  5.57438E-02  2.15859E+02  1.00000E-35  2.18591E+02
   1.05752E+04  2.68437E+00  5.57649E-02  2.13775E+02  1.00000E-35  2.16515E+02
   1.05823E+04  2.69209E+00  5.57864E-02  2.12179E+02  1.00000E-35  2.14926E+02
   1.05894E+04  2.69983E+00  5.58079E-02  2.11293E+02  1.00000E-35  2.14048E+02
   1.05964E+04  2.70747E+00  5.58290E-02  2.10928E+02  1.00000E-35  2.13692E+02
   1.06532E+04  2.77010E+00  5.60004E-02  2.08153E+02  1.00000E-35  2.10980E+02
   1.07102E+04  2.84163E+00  5.61721E-02  2.05635E+02  1.00000E-35  2.08533E+02
   1.07675E+04  2.91599E+00  5.63442E-02  2.02691E+02  1.00000E-35  2.05663E+02
   1.10000E+04  3.05240E+00  5.70387E-02  1.91799E+02  1.00000E-35  1.94909E+02
   1.19630E+04  2.77208E+00  5.97935E-02  1.53035E+02  1.00000E-35  1.55867E+02
   1.19630E+04  2.77208E+00  5.97935E-02  1.86531E+02  1.00000E-35  1.89363E+02
   1.19712E+04  2.77138E+00  5.98164E-02  2.06416E+02  1.00000E-35  2.09248E+02
   1.19794E+04  2.77067E+00  5.98393E-02  2.11617E+02  1.00000E-35  2.14448E+02
   1.19876E+04  2.76997E+00  5.98623E-02  2.11734E+02  1.00000E-35  2.14564E+02
   1.19959E+04  2.76926E+00  5.98855E-02  2.10584E+02  1.00000E-35  2.13413E+02
   1.20123E+04  2.76786E+00  5.99313E-02  2.08955E+02  1.00000E-35  2.11782E+02
   1.20288E+04  2.76918E+00  5.99774E-02  2.08334E+02  1.00000E-35  2.11163E+02
   1.20950E+04  2.79266E+00  6.01620E-02  2.05316E+02  1.00000E-35  2.08169E+02
   1.22286E+04  2.84124E+00  6.05247E-02  1.99681E+02  1.00000E-35  2.02583E+02
   1.25000E+04  2.89144E+00  6.12508E-02  1.88508E+02  1.00000E-35  1.91461E+02
   1.25320E+04  2.90178E+00  6.13359E-02  1.87224E+02  1.00000E-35  1.90187E+02
   1.25320E+04  2.90178E+00  6.13359E-02  2.21904E+02  1.00000E-35  2.24867E+02
   1.25429E+04  2.90531E+00  6.13649E-02  2.16634E+02  1.00000E-35  2.19601E+02
   1.25537E+04  2.90880E+00  6.13936E-02  2.15453E+02  1.00000E-35  2.18423E+02
   1.25755E+04  2.91586E+00  6.14515E-02  2.15107E+02  1.00000E-35  2.18085E+02
   1.26191E+04  2.93240E+00  6.15672E-02  2.13238E+02  1.00000E-35  2.16232E+02
   1.27067E+04  2.96792E+00  6.17990E-02  2.09585E+02  1.00000E-35  2.12615E+02
   1.28839E+04  3.01917E+00  6.22657E-02  2.02369E+02  1.00000E-35  2.05450E+02
   1.32457E+04  3.04685E+00  6.32050E-02  1.88631E+02  1.00000E-35  1.91741E+02
   1.40000E+04  2.99276E+00  6.50669E-02  1.63873E+02  1.00000E-35  1.66931E+02
   1.50000E+04  2.85161E+00  6.74012E-02  1.37260E+02  1.00000E-35  1.40179E+02
   1.75000E+04  2.45225E+00  7.25932E-02  9.19825E+01  1.00000E-35  9.45073E+01
   2.00000E+04  2.09803E+00  7.69870E-02  6.47766E+01  1.00000E-35  6.69516E+01
   2.20000E+04  1.86267E+00  8.00203E-02  5.03333E+01  1.00000E-35  5.22760E+01
   2.50000E+04  1.57497E+00  8.38764E-02  3.57975E+01  1.00000E-35  3.74563E+01
   3.00000E+04  1.21658E+00  8.88859E-02  2.19227E+01  1.00000E-35  2.32282E+01
   3.50000E+04  9.65028E-01  9.25736E-02  1.44324E+01  1.00000E-35  1.54900E+01
   4.00000E+04  7.80172E-01  9.53521E-02  1.00253E+01  1.00000E-35  1.09008E+01
   4.50000E+04  6.38844E-01  9.74174E-02  7.25859E+00  1.00000E-35  7.99485E+00
   5.00000E+04  5.32800E-01  9.89911E-02  5.43147E+00  1.00000E-35  6.06326E+00
   5.50000E+04  4.50185E-01  1.00174E-01  4.17488E+00  1.00000E-35  4.72524E+00
   6.00000E+04  3.82511E-01  1.01042E-01  3.28134E+00  1.00000E-35  3.76489E+00
   7.00000E+04  2.61992E-01  1.02060E-01  2.13902E+00  1.00000E-35  2.50307E+00
   7.16810E+04  2.35356E-01  1.02176E-01  2.00192E+00  1.00000E-35  2.33945E+00
   7.16810E+04  2.35356E-01  1.02176E-01  1.13572E+01  1.00000E-35  1.16948E+01
   7.17425E+04  2.34714E-01  1.02178E-01  1.00994E+01  1.00000E-35  1.04362E+01
   7.18041E+04  2.34417E-01  1.02180E-01  1.00607E+01  1.00000E-35  1.03973E+01
   7.19274E+04  2.34851E-01  1.02185E-01  1.00236E+01  1.00000E-35  1.03606E+01
   7.21746E+04  2.35722E-01  1.02194E-01  9.93403E+00  1.00000E-35  1.02719E+01
   7.26716E+04  2.39007E-01  1.02213E-01  9.76531E+00  1.00000E-35  1.01065E+01
   7.36759E+04  2.48396E-01  1.02250E-01  9.43310E+00  1.00000E-35  9.78375E+00
   7.57263E+04  2.52731E-01  1.02324E-01  8.79263E+00  1.00000E-35  9.14769E+00
   8.00000E+04  2.42455E-01  1.02403E-01  7.62856E+00  1.00000E-35  7.97342E+00
   9.00000E+04  2.07921E-01  1.02278E-01  5.61132E+00  1.00000E-35  5.92152E+00
   1.00000E+05  1.76943E-01  1.01830E-01  4.25117E+00  1.00000E-35  4.52994E+00
   1.10000E+05  1.51310E-01  1.01099E-01  3.30068E+00  1.00000E-35  3.55309E+00
   1.25000E+05  1.21139E-01  9.97059E-02  2.34502E+00  1.00000E-35  2.56587E+00
   1.40000E+05  9.90059E-02  9.81646E-02  1.72892E+00  1.00000E-35  1.92609E+00
   1.50000E+05  8.73864E-02  9.70681E-02  1.43532E+00  1.00000E-35  1.61978E+00
   1.75000E+05  6.60760E-02  9.43057E-02  9.46425E-01  1.00000E-35  1.10681E+00
   2.00000E+05  5.17395E-02  9.15950E-02  6.60029E-01  1.00000E-35  8.03364E-01
   2.20000E+05  4.33822E-02  8.94974E-02  5.10768E-01  1.00000E-35  6.43647E-01
   2.50000E+05  3.41497E-02  8.65303E-02  3.62884E-01  1.00000E-35  4.83564E-01
   3.00000E+05  2.41563E-02  8.20503E-02  2.24204E-01  1.00000E-35  3.30411E-01
   3.50000E+05  1.79810E-02  7.80888E-02  1.50363E-01  1.00000E-35  2.46432E-01
   4.00000E+05  1.38897E-02  7.45788E-02  1.07140E-01  1.00000E-35  1.95609E-01
   4.50000E+05  1.10541E-02  7.14530E-02  7.99683E-02  1.00000E-35  1.62475E-01
   5.00000E+05  9.00765E-03  6.86524E-02  6.19060E-02  1.00000E-35  1.39566E-01
   5.50000E+05  7.47747E-03  6.61165E-02  4.93504E-02  1.00000E-35  1.22944E-01
   6.00000E+05  6.30631E-03  6.38167E-02  4.02970E-02  1.00000E-35  1.10420E-01
   7.00000E+05  4.66334E-03  5.97943E-02  2.84331E-02  1.00000E-35  9.28907E-02
   8.00000E+05  3.58692E-03  5.63659E-02  2.12491E-02  1.00000E-35  8.12019E-02
   9.00000E+05  2.84304E-03  5.34150E-02  1.65727E-02  1.00000E-35  7.28307E-02
   1.00000E+06  2.30935E-03  5.08254E-02  1.33553E-02  1.00000E-35  6.64900E-02
   1.10000E+06  1.91342E-03  4.85317E-02  1.10433E-02  1.40636E-05  6.15025E-02
   1.25000E+06  1.48618E-03  4.55381E-02  8.62184E-03  3.18328E-04  5.59644E-02
   1.40000E+06  1.18666E-03  4.29612E-02  6.97066E-03  9.71593E-04  5.20901E-02
   1.50000E+06  1.03459E-03  4.14349E-02  6.14303E-03  1.54728E-03  5.01598E-02
   1.75000E+06  7.61562E-04  3.81298E-02  4.66866E-03  3.12465E-03  4.66847E-02
   2.00000E+06  5.84037E-04  3.53960E-02  3.71212E-03  4.76833E-03  4.44605E-02
   2.20000E+06  4.83183E-04  3.35206E-02  3.16620E-03  6.07665E-03  4.32467E-02
   2.50000E+06  3.74420E-04  3.11098E-02  2.57249E-03  7.97050E-03  4.20272E-02
   3.00000E+06  2.60145E-04  2.78696E-02  1.93361E-03  1.08556E-02  4.09190E-02
   3.50000E+06  1.91210E-04  2.53228E-02  1.53300E-03  1.35021E-02  4.05491E-02
   4.00000E+06  1.46450E-04  2.32530E-02  1.26179E-03  1.59084E-02  4.05697E-02
   4.50000E+06  1.15752E-04  2.15371E-02  1.06766E-03  1.81353E-02  4.08558E-02
   5.00000E+06  9.37870E-05  2.00879E-02  9.22671E-04  2.01626E-02  4.12669E-02
   5.50000E+06  7.75308E-05  1.88399E-02  8.10730E-04  2.20241E-02  4.17523E-02
   6.00000E+06  6.51634E-05  1.77543E-02  7.22007E-04  2.38223E-02  4.23637E-02
   7.00000E+06  4.78915E-05  1.59555E-02  5.90769E-04  2.70754E-02  4.36696E-02
   8.00000E+06  3.66682E-05  1.45209E-02  4.98789E-04  2.99877E-02  4.50441E-02
   9.00000E+06  2.89733E-05  1.33461E-02  4.29781E-04  3.26405E-02  4.64454E-02
   1.00000E+07  2.34690E-05  1.23643E-02  3.76933E-04  3.50708E-02  4.78355E-02
   1.10000E+07  1.93964E-05  1.15304E-02  3.35268E-04  3.73360E-02  4.92210E-02
   1.25000E+07  1.50210E-05  1.04889E-02  2.87156E-04  4.04233E-02  5.12144E-02
   1.40000E+07  1.19750E-05  9.63479E-03  2.50809E-04  4.32120E-02  5.31096E-02
   1.50000E+07  1.04317E-05  9.14573E-03  2.31175E-04  4.49214E-02  5.43088E-02
   1.75000E+07  7.66443E-06  8.13197E-03  1.93115E-04  4.86948E-02  5.70275E-02
   2.00000E+07  5.86826E-06  7.33635E-03  1.65638E-04  5.19652E-02  5.94730E-02
   2.20000E+07  4.84985E-06  6.81251E-03  1.48634E-04  5.42733E-02  6.12393E-02
   2.50000E+07  3.75574E-06  6.16323E-03  1.28729E-04  5.73648E-02  6.36605E-02
   3.00000E+07  2.60816E-06  5.33520E-03  1.05147E-04  6.17380E-02  6.71809E-02
   3.50000E+07  1.91621E-06  4.71681E-03  8.88124E-05  6.53444E-02  7.01520E-02
   4.00000E+07  1.46710E-06  4.23582E-03  7.68422E-05  6.83994E-02  7.27136E-02
   4.50000E+07  1.15920E-06  3.84994E-03  6.77005E-05  7.10466E-02  7.49654E-02
   5.00000E+07  9.38950E-07  3.53303E-03  6.04934E-05  7.33553E-02  7.69497E-02
   5.50000E+07  7.75993E-07  3.26773E-03  5.46679E-05  7.53719E-02  7.86950E-02
   6.00000E+07  6.52052E-07  3.04206E-03  4.98621E-05  7.72165E-02  8.03091E-02
   7.00000E+07  4.79058E-07  2.67812E-03  4.24008E-05  8.03114E-02  8.30324E-02
   8.00000E+07  3.66780E-07  2.39679E-03  3.68777E-05  8.28632E-02  8.52972E-02
   9.00000E+07  2.89801E-07  2.17219E-03  3.26255E-05  8.50070E-02  8.72121E-02
   1.00000E+08  2.34739E-07  1.98853E-03  2.92512E-05  8.68490E-02  8.88671E-02
   1.10000E+08  1.93999E-07  1.83530E-03  2.65087E-05  8.84453E-02  9.03073E-02
   1.25000E+08  1.50232E-07  1.64747E-03  2.32395E-05  9.04697E-02  9.21406E-02
   1.40000E+08  1.19765E-07  1.49659E-03  2.06875E-05  9.21667E-02  9.36841E-02
   1.50000E+08  1.04328E-07  1.41135E-03  1.92762E-05  9.31494E-02  9.45801E-02
   1.75000E+08  7.66490E-08  1.23752E-03  1.64671E-05  9.52213E-02  9.64754E-02
   2.00000E+08  5.86846E-08  1.10387E-03  1.43723E-05  9.68885E-02  9.80068E-02
   2.20000E+08  4.84996E-08  1.01714E-03  1.30446E-05  9.80053E-02  9.90356E-02
   2.50000E+08  3.75584E-08  9.11135E-04  1.14570E-05  9.94112E-02  1.00334E-01
   3.00000E+08  2.60820E-08  7.78337E-04  9.52472E-06  1.01247E-01  1.02035E-01
   3.50000E+08  1.91623E-08  6.80930E-04  8.15009E-06  1.02636E-01  1.03325E-01
   4.00000E+08  1.46712E-08  6.06255E-04  7.12214E-06  1.03731E-01  1.04344E-01
   4.50000E+08  1.15921E-08  5.47065E-04  6.32446E-06  1.04617E-01  1.05170E-01
   5.00000E+08  9.38956E-09  4.98936E-04  5.68742E-06  1.05351E-01  1.05855E-01
   5.50000E+08  7.75998E-09  4.58986E-04  5.16699E-06  1.05961E-01  1.06425E-01
   6.00000E+08  6.52053E-09  4.25258E-04  4.73379E-06  1.06515E-01  1.06945E-01
   7.00000E+08  4.79059E-09  3.71363E-04  4.05402E-06  1.07388E-01  1.07764E-01
   8.00000E+08  3.66781E-09  3.30136E-04  3.54498E-06  1.08069E-01  1.08403E-01
   9.00000E+08  2.89802E-09  2.97525E-04  3.14949E-06  1.08615E-01  1.08916E-01
   1.00000E+09  2.34739E-09  2.71050E-04  2.83340E-06  1.09069E-01  1.09343E-01
