 # Material data file: Gd                  
 # 
 # PENELOPE >>>  Photon mass attenuation coefficients (mac).
 # 
 #   Energy       mac_Ra       mac_Co       mac_ph       mac_pp       mac_tot
 #    (eV)       (cm**2/g)    (cm**2/g)    (cm**2/g)    (cm**2/g)    (cm**2/g)
 #------------------------------------------------------------------------------
   5.00000E+01  4.26834E-01  3.92640E-03  2.21692E+04  1.00000E-35  2.21696E+04
   5.12057E+01  4.14400E-01  3.93716E-03  2.17765E+04  1.00000E-35  2.17769E+04
   5.24404E+01  4.05392E-01  3.94795E-03  2.14414E+04  1.00000E-35  2.14418E+04
   5.50000E+01  3.82393E-01  3.97161E-03  2.09126E+04  1.00000E-35  2.09130E+04
   5.74456E+01  3.65653E-01  3.99950E-03  2.05683E+04  1.00000E-35  2.05687E+04
   6.00000E+01  3.51955E-01  4.03073E-03  2.03218E+04  1.00000E-35  2.03222E+04
   6.23574E+01  3.42317E-01  4.06493E-03  2.01582E+04  1.00000E-35  2.01586E+04
   6.48074E+01  3.35070E-01  4.10080E-03  2.00363E+04  1.00000E-35  2.00366E+04
   7.00000E+01  3.27164E-01  4.18901E-03  1.98410E+04  1.00000E-35  1.98413E+04
   8.00000E+01  3.29192E-01  4.38763E-03  1.94886E+04  1.00000E-35  1.94889E+04
   9.00000E+01  3.35006E-01  4.60396E-03  1.90711E+04  1.00000E-35  1.90714E+04
   9.48683E+01  3.34869E-01  4.71684E-03  1.88401E+04  1.00000E-35  1.88404E+04
   1.00000E+02  3.30073E-01  4.83603E-03  1.85722E+04  1.00000E-35  1.85725E+04
   1.04881E+02  3.19720E-01  4.95184E-03  1.82894E+04  1.00000E-35  1.82897E+04
   1.10000E+02  3.01311E-01  5.07421E-03  1.79649E+04  1.00000E-35  1.79652E+04
   1.17260E+02  2.85141E-01  5.24747E-03  1.74519E+04  1.00000E-35  1.74522E+04
   1.25000E+02  5.47279E-01  5.43232E-03  1.68565E+04  1.00000E-35  1.68570E+04
   1.32288E+02  2.15310E+00  5.60426E-03  1.62659E+04  1.00000E-35  1.62681E+04
   1.40000E+02  6.82459E+01  5.78276E-03  1.56374E+04  1.00000E-35  1.57056E+04
   1.43000E+02  2.65156E+01  5.85133E-03  1.53900E+04  1.00000E-35  1.54165E+04
   1.43000E+02  2.65155E+01  5.85133E-03  1.69977E+04  1.00000E-35  1.70242E+04
   1.44719E+02  3.47266E+01  5.89033E-03  1.69341E+04  1.00000E-35  1.69688E+04
   1.46458E+02  4.09929E+01  5.92958E-03  1.69261E+04  1.00000E-35  1.69671E+04
   1.50000E+02  1.25272E+01  6.00889E-03  1.69912E+04  1.00000E-35  1.70038E+04
   1.50090E+02  1.21815E+01  6.01088E-03  1.81034E+04  1.00000E-35  1.81156E+04
   1.50181E+02  1.18420E+01  6.01289E-03  1.81049E+04  1.00000E-35  1.81168E+04
   1.50362E+02  1.11950E+01  6.01690E-03  1.81081E+04  1.00000E-35  1.81193E+04
   1.50724E+02  1.00071E+01  6.02491E-03  1.81151E+04  1.00000E-35  1.81251E+04
   1.51452E+02  8.08211E+00  6.04099E-03  1.81307E+04  1.00000E-35  1.81388E+04
   1.52918E+02  6.16666E+00  6.07326E-03  1.81530E+04  1.00000E-35  1.81591E+04
   1.55893E+02  4.45432E+00  6.13832E-03  1.81385E+04  1.00000E-35  1.81430E+04
   1.57403E+02  3.96814E+00  6.17114E-03  1.80840E+04  1.00000E-35  1.80879E+04
   1.58926E+02  3.64430E+00  6.20409E-03  1.79857E+04  1.00000E-35  1.79894E+04
   1.60465E+02  3.41683E+00  6.23724E-03  1.78403E+04  1.00000E-35  1.78437E+04
   1.62019E+02  3.23395E+00  6.27058E-03  1.76543E+04  1.00000E-35  1.76575E+04
   1.65171E+02  2.96259E+00  6.33714E-03  1.71846E+04  1.00000E-35  1.71876E+04
   1.68384E+02  2.79716E+00  6.40406E-03  1.66442E+04  1.00000E-35  1.66470E+04
   1.75000E+02  2.62544E+00  6.54003E-03  1.55332E+04  1.00000E-35  1.55359E+04
   1.80941E+02  2.52663E+00  6.65863E-03  1.46247E+04  1.00000E-35  1.46273E+04
   1.87083E+02  2.43903E+00  6.77818E-03  1.38016E+04  1.00000E-35  1.38041E+04
   1.93434E+02  2.36042E+00  6.89976E-03  1.30774E+04  1.00000E-35  1.30798E+04
   2.00000E+02  2.29023E+00  7.02007E-03  1.24462E+04  1.00000E-35  1.24485E+04
   2.04823E+02  2.24489E+00  7.10724E-03  1.20474E+04  1.00000E-35  1.20496E+04
   2.09762E+02  2.20452E+00  7.19548E-03  1.16867E+04  1.00000E-35  1.16889E+04
   2.20000E+02  2.13506E+00  7.36946E-03  1.10583E+04  1.00000E-35  1.10605E+04
   2.34521E+02  2.06793E+00  7.60554E-03  1.03598E+04  1.00000E-35  1.03618E+04
   2.50000E+02  2.01150E+00  7.84282E-03  9.75966E+03  1.00000E-35  9.76168E+03
   2.73000E+02  2.01220E+00  8.16730E-03  9.01682E+03  1.00000E-35  9.01884E+03
   2.73000E+02  2.01220E+00  8.16730E-03  1.00953E+04  1.00000E-35  1.00973E+04
   2.86182E+02  2.05463E+00  8.33955E-03  9.73461E+03  1.00000E-35  9.73668E+03
   3.00000E+02  2.15304E+00  8.51248E-03  9.35008E+03  1.00000E-35  9.35224E+03
   3.00181E+02  2.15410E+00  8.51465E-03  9.64090E+03  1.00000E-35  9.64307E+03
   3.00362E+02  2.15517E+00  8.51682E-03  9.63589E+03  1.00000E-35  9.63805E+03
   3.00723E+02  2.15729E+00  8.52115E-03  9.62593E+03  1.00000E-35  9.62809E+03
   3.01449E+02  2.16157E+00  8.52985E-03  9.60586E+03  1.00000E-35  9.60803E+03
   3.02904E+02  2.16904E+00  8.54724E-03  9.56515E+03  1.00000E-35  9.56733E+03
   3.05837E+02  2.18274E+00  8.58215E-03  9.48481E+03  1.00000E-35  9.48700E+03
   3.11787E+02  2.21230E+00  8.65238E-03  9.32748E+03  1.00000E-35  9.32970E+03
   3.24037E+02  2.29370E+00  8.79284E-03  9.01713E+03  1.00000E-35  9.01943E+03
   3.50000E+02  2.41855E+00  9.07036E-03  8.40113E+03  1.00000E-35  8.40355E+03
   3.80000E+02  2.52446E+00  9.36235E-03  7.74614E+03  1.00000E-35  7.74867E+03
   3.80000E+02  2.52446E+00  9.36235E-03  8.14776E+03  1.00000E-35  8.15029E+03
   3.89872E+02  2.59242E+00  9.45111E-03  7.90476E+03  1.00000E-35  7.90737E+03
   4.00000E+02  2.65256E+00  9.54071E-03  7.69528E+03  1.00000E-35  7.69794E+03
   4.24264E+02  2.76317E+00  9.74546E-03  7.22891E+03  1.00000E-35  7.23168E+03
   4.50000E+02  2.85973E+00  9.94917E-03  6.75973E+03  1.00000E-35  6.76260E+03
   4.74342E+02  2.93174E+00  1.01269E-02  6.35031E+03  1.00000E-35  6.35325E+03
   5.00000E+02  3.00058E+00  1.03047E-02  5.94804E+03  1.00000E-35  5.95105E+03
   5.50000E+02  3.10359E+00  1.06215E-02  5.25073E+03  1.00000E-35  5.25385E+03
   6.00000E+02  3.17082E+00  1.09068E-02  4.65338E+03  1.00000E-35  4.65656E+03
   6.48074E+02  3.20626E+00  1.11574E-02  4.15928E+03  1.00000E-35  4.16250E+03
   7.00000E+02  3.21124E+00  1.14072E-02  3.69995E+03  1.00000E-35  3.70318E+03
   7.48331E+02  3.18739E+00  1.16246E-02  3.33161E+03  1.00000E-35  3.33480E+03
   8.00000E+02  3.12406E+00  1.18449E-02  2.98942E+03  1.00000E-35  2.99256E+03
   8.48528E+02  3.03482E+00  1.20451E-02  2.70999E+03  1.00000E-35  2.71303E+03
   9.00000E+02  2.91215E+00  1.22523E-02  2.45084E+03  1.00000E-35  2.45376E+03
   1.00000E+03  2.55199E+00  1.26548E-02  2.03582E+03  1.00000E-35  2.03839E+03
   1.10000E+03  1.91363E+00  1.30689E-02  1.71076E+03  1.00000E-35  1.71269E+03
   1.18900E+03  9.17748E+00  1.34570E-02  1.47796E+03  1.00000E-35  1.48715E+03
   1.18900E+03  9.17748E+00  1.34570E-02  1.60469E+03  1.00000E-35  1.61388E+03
   1.18996E+03  9.21916E+00  1.34613E-02  1.66456E+03  1.00000E-35  1.67379E+03
   1.19091E+03  9.26056E+00  1.34655E-02  1.74893E+03  1.00000E-35  1.75821E+03
   1.19187E+03  9.21898E+00  1.34698E-02  1.85878E+03  1.00000E-35  1.86801E+03
   1.19283E+03  9.13436E+00  1.34741E-02  1.99397E+03  1.00000E-35  2.00312E+03
   1.19668E+03  8.80338E+00  1.34912E-02  2.73086E+03  1.00000E-35  2.73968E+03
   1.19764E+03  8.72289E+00  1.34955E-02  2.93590E+03  1.00000E-35  2.94464E+03
   1.19860E+03  8.64321E+00  1.34998E-02  3.13455E+03  1.00000E-35  3.14321E+03
   1.19957E+03  8.56350E+00  1.35041E-02  3.32359E+03  1.00000E-35  3.33217E+03
   1.20053E+03  8.48539E+00  1.35083E-02  3.49697E+03  1.00000E-35  3.50547E+03
   1.20150E+03  8.40726E+00  1.35126E-02  3.65479E+03  1.00000E-35  3.66321E+03
   1.20246E+03  8.34462E+00  1.35169E-02  3.79451E+03  1.00000E-35  3.80287E+03
   1.20343E+03  8.33504E+00  1.35212E-02  3.91950E+03  1.00000E-35  3.92785E+03
   1.20440E+03  8.32549E+00  1.35255E-02  4.02781E+03  1.00000E-35  4.03615E+03
   1.20537E+03  8.31596E+00  1.35298E-02  4.12516E+03  1.00000E-35  4.13349E+03
   1.20634E+03  8.30644E+00  1.35341E-02  4.21014E+03  1.00000E-35  4.21846E+03
   1.20731E+03  8.29694E+00  1.35384E-02  4.28508E+03  1.00000E-35  4.29339E+03
   1.20828E+03  8.28746E+00  1.35427E-02  4.35249E+03  1.00000E-35  4.36079E+03
   1.21023E+03  8.26846E+00  1.35513E-02  4.46718E+03  1.00000E-35  4.47547E+03
   1.21218E+03  8.24954E+00  1.35599E-02  4.56564E+03  1.00000E-35  4.57391E+03
   1.21413E+03  8.13105E+00  1.35685E-02  4.64840E+03  1.00000E-35  4.65655E+03
   1.21608E+03  7.85654E+00  1.35771E-02  4.71914E+03  1.00000E-35  4.72701E+03
   1.21804E+03  7.59038E+00  1.35857E-02  4.77923E+03  1.00000E-35  4.78683E+03
   1.22000E+03  7.33364E+00  1.35943E-02  4.82966E+03  1.00000E-35  4.83701E+03
   1.22000E+03  7.33364E+00  1.35943E-02  4.91679E+03  1.00000E-35  4.92413E+03
   1.22093E+03  7.21502E+00  1.35984E-02  4.97308E+03  1.00000E-35  4.98031E+03
   1.22185E+03  7.09965E+00  1.36025E-02  5.04094E+03  1.00000E-35  5.04806E+03
   1.22278E+03  6.98498E+00  1.36065E-02  5.12186E+03  1.00000E-35  5.12886E+03
   1.22371E+03  6.87226E+00  1.36106E-02  5.21669E+03  1.00000E-35  5.22357E+03
   1.22557E+03  6.52866E+00  1.36188E-02  5.44156E+03  1.00000E-35  5.44811E+03
   1.22743E+03  6.09219E+00  1.36269E-02  5.69739E+03  1.00000E-35  5.70349E+03
   1.22930E+03  5.68338E+00  1.36351E-02  5.95505E+03  1.00000E-35  5.96074E+03
   1.23023E+03  5.49062E+00  1.36392E-02  6.07809E+03  1.00000E-35  6.08360E+03
   1.23116E+03  5.30453E+00  1.36432E-02  6.19061E+03  1.00000E-35  6.19593E+03
   1.23210E+03  5.12299E+00  1.36474E-02  6.29263E+03  1.00000E-35  6.29777E+03
   1.23304E+03  4.94779E+00  1.36515E-02  6.38313E+03  1.00000E-35  6.38809E+03
   1.23491E+03  4.61723E+00  1.36596E-02  6.53152E+03  1.00000E-35  6.53616E+03
   1.23679E+03  4.35625E+00  1.36678E-02  6.64588E+03  1.00000E-35  6.65025E+03
   1.23866E+03  4.16884E+00  1.36760E-02  6.73132E+03  1.00000E-35  6.73550E+03
   1.24055E+03  3.98788E+00  1.36849E-02  6.79761E+03  1.00000E-35  6.80161E+03
   1.24243E+03  3.81593E+00  1.36941E-02  6.85031E+03  1.00000E-35  6.85414E+03
   1.24621E+03  3.49302E+00  1.37126E-02  6.92828E+03  1.00000E-35  6.93178E+03
   1.25000E+03  3.39683E+00  1.37311E-02  6.97990E+03  1.00000E-35  6.98331E+03
   1.25443E+03  3.39335E+00  1.37526E-02  7.01058E+03  1.00000E-35  7.01398E+03
   1.25889E+03  3.38985E+00  1.37743E-02  7.01153E+03  1.00000E-35  7.01494E+03
   1.26335E+03  3.47530E+00  1.37959E-02  6.98948E+03  1.00000E-35  6.99296E+03
   1.26783E+03  3.56382E+00  1.38176E-02  6.95091E+03  1.00000E-35  6.95449E+03
   1.28592E+03  3.90387E+00  1.39047E-02  6.74300E+03  1.00000E-35  6.74692E+03
   1.32288E+03  4.50123E+00  1.40805E-02  6.31323E+03  1.00000E-35  6.31775E+03
   1.40000E+03  5.31599E+00  1.44669E-02  5.52551E+03  1.00000E-35  5.53084E+03
   1.50000E+03  5.53546E+00  1.49870E-02  4.69762E+03  1.00000E-35  4.70317E+03
   1.54700E+03  5.87697E+00  1.52423E-02  4.36562E+03  1.00000E-35  4.37151E+03
   1.54700E+03  5.87697E+00  1.52423E-02  5.00131E+03  1.00000E-35  5.00720E+03
   1.54917E+03  5.89970E+00  1.52540E-02  5.01571E+03  1.00000E-35  5.02162E+03
   1.55134E+03  5.92248E+00  1.52657E-02  5.01900E+03  1.00000E-35  5.02494E+03
   1.55569E+03  5.96833E+00  1.52891E-02  5.01161E+03  1.00000E-35  5.01759E+03
   1.56005E+03  6.01103E+00  1.53126E-02  4.98852E+03  1.00000E-35  4.99454E+03
   1.56442E+03  6.05378E+00  1.53360E-02  4.95527E+03  1.00000E-35  4.96134E+03
   1.58204E+03  6.21298E+00  1.54304E-02  4.81499E+03  1.00000E-35  4.82122E+03
   1.61788E+03  6.41251E+00  1.56307E-02  4.58276E+03  1.00000E-35  4.58919E+03
   1.69200E+03  6.70979E+00  1.60533E-02  4.13933E+03  1.00000E-35  4.14605E+03
   1.69200E+03  6.70979E+00  1.60533E-02  4.36409E+03  1.00000E-35  4.37082E+03
   1.69557E+03  6.73066E+00  1.60735E-02  4.36558E+03  1.00000E-35  4.37233E+03
   1.69914E+03  6.75155E+00  1.60936E-02  4.35628E+03  1.00000E-35  4.36305E+03
   1.70632E+03  6.79357E+00  1.61341E-02  4.32284E+03  1.00000E-35  4.32965E+03
   1.72076E+03  6.87537E+00  1.62153E-02  4.23763E+03  1.00000E-35  4.24453E+03
   1.75000E+03  7.00030E+00  1.63837E-02  4.08311E+03  1.00000E-35  4.09012E+03
   1.88400E+03  7.27530E+00  1.71722E-02  3.45739E+03  1.00000E-35  3.46469E+03
   1.88400E+03  7.27530E+00  1.71722E-02  3.63529E+03  1.00000E-35  3.64258E+03
   1.89105E+03  7.30816E+00  1.72133E-02  3.59254E+03  1.00000E-35  3.59987E+03
   1.89812E+03  7.34175E+00  1.72566E-02  3.55974E+03  1.00000E-35  3.56710E+03
   1.91235E+03  7.40065E+00  1.73435E-02  3.50313E+03  1.00000E-35  3.51055E+03
   1.94113E+03  7.48437E+00  1.75187E-02  3.38841E+03  1.00000E-35  3.39591E+03
   2.00000E+03  7.57552E+00  1.78745E-02  3.16887E+03  1.00000E-35  3.17646E+03
   2.20000E+03  7.68563E+00  1.90963E-02  2.54860E+03  1.00000E-35  2.55631E+03
   2.50000E+03  7.59412E+00  2.09508E-02  1.89108E+03  1.00000E-35  1.89869E+03
   2.73861E+03  7.43698E+00  2.24200E-02  1.52291E+03  1.00000E-35  1.53037E+03
   3.00000E+03  7.20554E+00  2.40090E-02  1.22319E+03  1.00000E-35  1.23042E+03
   3.50000E+03  6.70618E+00  2.69607E-02  8.39779E+02  1.00000E-35  8.46513E+02
   4.00000E+03  6.19356E+00  2.97776E-02  6.03401E+02  1.00000E-35  6.09625E+02
   4.50000E+03  5.68981E+00  3.24607E-02  4.49330E+02  1.00000E-35  4.55053E+02
   5.00000E+03  5.20735E+00  3.50191E-02  3.44334E+02  1.00000E-35  3.49576E+02
   5.50000E+03  4.74685E+00  3.74448E-02  2.70163E+02  1.00000E-35  2.74947E+02
   6.00000E+03  4.29123E+00  3.97396E-02  2.16184E+02  1.00000E-35  2.20515E+02
   7.00000E+03  3.13578E+00  4.40000E-02  1.45194E+02  1.00000E-35  1.48374E+02
   7.24700E+03  2.64722E+00  4.49993E-02  1.32585E+02  1.00000E-35  1.35277E+02
   7.24700E+03  2.64722E+00  4.49993E-02  3.46716E+02  1.00000E-35  3.49408E+02
   7.25214E+03  2.65513E+00  4.50199E-02  3.66967E+02  1.00000E-35  3.69667E+02
   7.25728E+03  2.66306E+00  4.50406E-02  3.74679E+02  1.00000E-35  3.77388E+02
   7.26242E+03  2.67101E+00  4.50613E-02  3.74769E+02  1.00000E-35  3.77485E+02
   7.26757E+03  2.67900E+00  4.50819E-02  3.71472E+02  1.00000E-35  3.74196E+02
   7.27272E+03  2.68700E+00  4.51026E-02  3.68106E+02  1.00000E-35  3.70838E+02
   7.27788E+03  2.69503E+00  4.51234E-02  3.65506E+02  1.00000E-35  3.68246E+02
   7.28820E+03  2.71116E+00  4.51648E-02  3.64070E+02  1.00000E-35  3.66826E+02
   7.30888E+03  2.74369E+00  4.52474E-02  3.63347E+02  1.00000E-35  3.66136E+02
   7.32963E+03  2.79037E+00  4.53288E-02  3.60635E+02  1.00000E-35  3.63471E+02
   7.41320E+03  2.96985E+00  4.56561E-02  3.51380E+02  1.00000E-35  3.54396E+02
   7.58320E+03  3.12118E+00  4.63177E-02  3.31560E+02  1.00000E-35  3.34728E+02
   7.93500E+03  2.98377E+00  4.76699E-02  2.94007E+02  1.00000E-35  2.97038E+02
   7.93500E+03  2.98377E+00  4.76699E-02  3.87087E+02  1.00000E-35  3.90118E+02
   7.93905E+03  2.98362E+00  4.76853E-02  3.97657E+02  1.00000E-35  4.00688E+02
   7.94310E+03  2.98347E+00  4.77007E-02  4.02015E+02  1.00000E-35  4.05046E+02
   7.94715E+03  2.98696E+00  4.77162E-02  4.03256E+02  1.00000E-35  4.06290E+02
   7.95120E+03  2.99063E+00  4.77314E-02  4.02566E+02  1.00000E-35  4.05605E+02
   7.96743E+03  3.00534E+00  4.77919E-02  3.97235E+02  1.00000E-35  4.00289E+02
   8.00000E+03  3.03500E+00  4.79133E-02  3.94084E+02  1.00000E-35  3.97166E+02
   8.38000E+03  3.27509E+00  4.93158E-02  3.49469E+02  1.00000E-35  3.52794E+02
   8.38000E+03  3.27509E+00  4.93158E-02  4.08954E+02  1.00000E-35  4.12279E+02
   8.38467E+03  3.27843E+00  4.93329E-02  4.05274E+02  1.00000E-35  4.08602E+02
   8.38935E+03  3.28179E+00  4.93500E-02  4.03282E+02  1.00000E-35  4.06614E+02
   8.39871E+03  3.28929E+00  4.93842E-02  4.01927E+02  1.00000E-35  4.05265E+02
   8.41747E+03  3.30636E+00  4.94527E-02  4.00851E+02  1.00000E-35  4.04206E+02
   8.45510E+03  3.34075E+00  4.95901E-02  3.96140E+02  1.00000E-35  3.99530E+02
   8.53088E+03  3.40640E+00  4.98659E-02  3.87401E+02  1.00000E-35  3.90857E+02
   8.68447E+03  3.48617E+00  5.04192E-02  3.70320E+02  1.00000E-35  3.73857E+02
   9.00000E+03  3.53127E+00  5.15234E-02  3.38392E+02  1.00000E-35  3.41975E+02
   1.00000E+04  3.42261E+00  5.48724E-02  2.58318E+02  1.00000E-35  2.61795E+02
   1.10000E+04  3.20412E+00  5.79809E-02  2.01753E+02  1.00000E-35  2.05015E+02
   1.25000E+04  2.85094E+00  6.22372E-02  1.44380E+02  1.00000E-35  1.47293E+02
   1.40000E+04  2.53081E+00  6.60858E-02  1.07029E+02  1.00000E-35  1.09626E+02
   1.50000E+04  2.34223E+00  6.84492E-02  8.90894E+01  1.00000E-35  9.15001E+01
   1.75000E+04  1.95058E+00  7.37644E-02  5.89450E+01  1.00000E-35  6.09693E+01
   2.00000E+04  1.64948E+00  7.83416E-02  4.10854E+01  1.00000E-35  4.28132E+01
   2.20000E+04  1.45490E+00  8.15094E-02  3.17031E+01  1.00000E-35  3.32395E+01
   2.50000E+04  1.21803E+00  8.55527E-02  2.23492E+01  1.00000E-35  2.36528E+01
   3.00000E+04  9.23053E-01  9.08828E-02  1.35273E+01  1.00000E-35  1.45413E+01
   3.50000E+04  7.19349E-01  9.48450E-02  8.82296E+00  1.00000E-35  9.63716E+00
   4.00000E+04  5.71795E-01  9.78427E-02  6.08162E+00  1.00000E-35  6.75125E+00
   4.50000E+04  4.54253E-01  1.00087E-01  4.37420E+00  1.00000E-35  4.92854E+00
   5.00000E+04  3.20882E-01  1.01804E-01  3.25427E+00  1.00000E-35  3.67696E+00
   5.02430E+04  3.17680E-01  1.01879E-01  3.21007E+00  1.00000E-35  3.62963E+00
   5.02430E+04  3.17680E-01  1.01879E-01  1.87511E+01  1.00000E-35  1.91707E+01
   5.02785E+04  3.17727E-01  1.01890E-01  1.78069E+01  1.00000E-35  1.82265E+01
   5.03141E+04  3.17775E-01  1.01901E-01  1.77062E+01  1.00000E-35  1.81259E+01
   5.03852E+04  3.17869E-01  1.01923E-01  1.76648E+01  1.00000E-35  1.80846E+01
   5.05279E+04  3.18057E-01  1.01967E-01  1.75656E+01  1.00000E-35  1.79856E+01
   5.08144E+04  3.23441E-01  1.02054E-01  1.73163E+01  1.00000E-35  1.77418E+01
   5.13922E+04  3.36984E-01  1.02209E-01  1.68358E+01  1.00000E-35  1.72750E+01
   5.25677E+04  3.49640E-01  1.02502E-01  1.58870E+01  1.00000E-35  1.63391E+01
   5.50000E+04  3.45079E-01  1.03091E-01  1.41208E+01  1.00000E-35  1.45690E+01
   6.00000E+04  3.16177E-01  1.04020E-01  1.12453E+01  1.00000E-35  1.16655E+01
   7.00000E+04  2.55070E-01  1.05065E-01  7.47255E+00  1.00000E-35  7.83268E+00
   8.00000E+04  2.06517E-01  1.05343E-01  5.21933E+00  1.00000E-35  5.53119E+00
   9.00000E+04  1.69421E-01  1.05076E-01  3.79079E+00  1.00000E-35  4.06528E+00
   1.00000E+05  1.41402E-01  1.04469E-01  2.84129E+00  1.00000E-35  3.08716E+00
   1.10000E+05  1.19515E-01  1.03617E-01  2.18563E+00  1.00000E-35  2.40877E+00
   1.25000E+05  9.49402E-02  1.02092E-01  1.53457E+00  1.00000E-35  1.73160E+00
   1.40000E+05  7.71875E-02  1.00440E-01  1.12022E+00  1.00000E-35  1.29785E+00
   1.50000E+05  6.80015E-02  9.92716E-02  9.24610E-01  1.00000E-35  1.09188E+00
   1.75000E+05  5.12332E-02  9.63394E-02  6.02134E-01  1.00000E-35  7.49706E-01
   2.00000E+05  4.00109E-02  9.34875E-02  4.15633E-01  1.00000E-35  5.49131E-01
   2.20000E+05  3.34792E-02  9.12921E-02  3.19368E-01  1.00000E-35  4.44139E-01
   2.50000E+05  2.62865E-02  8.81947E-02  2.24814E-01  1.00000E-35  3.39295E-01
   3.00000E+05  1.85324E-02  8.35246E-02  1.37151E-01  1.00000E-35  2.39208E-01
   3.50000E+05  1.37660E-02  7.93952E-02  9.10498E-02  1.00000E-35  1.84211E-01
   4.00000E+05  1.06179E-02  7.57544E-02  6.43402E-02  1.00000E-35  1.50712E-01
   4.50000E+05  8.43803E-03  7.25256E-02  4.76950E-02  1.00000E-35  1.28659E-01
   5.00000E+05  6.87021E-03  6.96423E-02  3.67140E-02  1.00000E-35  1.13226E-01
   5.50000E+05  5.70206E-03  6.70391E-02  2.91313E-02  1.00000E-35  1.01873E-01
   6.00000E+05  4.80620E-03  6.46828E-02  2.36958E-02  1.00000E-35  9.31849E-02
   7.00000E+05  3.54794E-03  6.05716E-02  1.66243E-02  1.00000E-35  8.07438E-02
   8.00000E+05  2.72761E-03  5.70755E-02  1.23779E-02  1.00000E-35  7.21810E-02
   9.00000E+05  2.16188E-03  5.40714E-02  9.63190E-03  1.00000E-35  6.58651E-02
   1.00000E+06  1.75425E-03  5.14341E-02  7.75238E-03  1.00000E-35  6.09408E-02
   1.10000E+06  1.45200E-03  4.91032E-02  6.40710E-03  1.11360E-05  5.69734E-02
   1.25000E+06  1.12670E-03  4.60656E-02  5.00318E-03  2.44523E-04  5.24400E-02
   1.40000E+06  8.99825E-04  4.34539E-02  4.04872E-03  7.36528E-04  4.91389E-02
   1.50000E+06  7.84617E-04  4.19074E-02  3.57106E-03  1.17143E-03  4.74345E-02
   1.75000E+06  5.77116E-04  3.85573E-02  2.72096E-03  2.40675E-03  4.42621E-02
   2.00000E+06  4.42116E-04  3.57879E-02  2.16952E-03  3.75623E-03  4.21558E-02
   2.20000E+06  3.65539E-04  3.38893E-02  1.85470E-03  4.85918E-03  4.09687E-02
   2.50000E+06  2.83234E-04  3.14485E-02  1.51180E-03  6.49281E-03  3.97364E-02
   3.00000E+06  1.96848E-04  2.81723E-02  1.14173E-03  9.04145E-03  3.85524E-02
   3.50000E+06  1.44722E-04  2.55951E-02  9.08729E-04  1.14053E-02  3.80538E-02
   4.00000E+06  1.10867E-04  2.35020E-02  7.50365E-04  1.35696E-02  3.79328E-02
   4.50000E+06  8.76112E-05  2.17696E-02  6.36585E-04  1.55908E-02  3.80846E-02
   5.00000E+06  7.09692E-05  2.03010E-02  5.51337E-04  1.74393E-02  3.83627E-02
   5.50000E+06  5.86553E-05  1.90390E-02  4.85329E-04  1.91360E-02  3.87190E-02
   6.00000E+06  4.92892E-05  1.79418E-02  4.32878E-04  2.07789E-02  3.92029E-02
   7.00000E+06  3.62157E-05  1.61239E-02  3.54804E-04  2.37513E-02  4.02662E-02
   8.00000E+06  2.77297E-05  1.46740E-02  2.99732E-04  2.64115E-02  4.14129E-02
   9.00000E+06  2.19114E-05  1.34866E-02  2.58967E-04  2.88315E-02  4.25990E-02
   1.00000E+07  1.77493E-05  1.24945E-02  2.27663E-04  3.10494E-02  4.37893E-02
   1.10000E+07  1.46696E-05  1.16517E-02  2.02921E-04  3.31029E-02  4.49722E-02
   1.25000E+07  1.13607E-05  1.05992E-02  1.74269E-04  3.59097E-02  4.66946E-02
   1.40000E+07  9.05689E-06  9.73609E-03  1.52556E-04  3.84440E-02  4.83417E-02
   1.50000E+07  7.88956E-06  9.24187E-03  1.40800E-04  3.99814E-02  4.93720E-02
   1.75000E+07  5.79648E-06  8.21744E-03  1.17949E-04  4.33482E-02  5.16894E-02
   2.00000E+07  4.43797E-06  7.41340E-03  1.01394E-04  4.62852E-02  5.38044E-02
   2.20000E+07  3.66777E-06  6.88404E-03  9.11222E-05  4.83867E-02  5.53655E-02
   2.50000E+07  2.84035E-06  6.22793E-03  7.90672E-05  5.11560E-02  5.74658E-02
   3.00000E+07  1.97249E-06  5.39121E-03  6.47389E-05  5.50681E-02  6.05260E-02
   3.50000E+07  1.44919E-06  4.76631E-03  5.47806E-05  5.83269E-02  6.31494E-02
   4.00000E+07  1.10954E-06  4.28028E-03  4.74644E-05  6.10583E-02  6.53872E-02
   4.50000E+07  8.76675E-07  3.89033E-03  4.18647E-05  6.34071E-02  6.73402E-02
   5.00000E+07  7.10107E-07  3.57009E-03  3.74427E-05  6.54662E-02  6.90745E-02
   5.50000E+07  5.86865E-07  3.30200E-03  3.38629E-05  6.72841E-02  7.06206E-02
   6.00000E+07  4.93129E-07  3.07398E-03  3.09063E-05  6.89511E-02  7.20565E-02
   7.00000E+07  3.62300E-07  2.70622E-03  2.63090E-05  7.17476E-02  7.44805E-02
   8.00000E+07  2.77386E-07  2.42193E-03  2.29003E-05  7.40496E-02  7.64947E-02
   9.00000E+07  2.19169E-07  2.19498E-03  2.02726E-05  7.59833E-02  7.81987E-02
   1.00000E+08  1.77527E-07  2.00938E-03  1.81853E-05  7.76498E-02  7.96775E-02
   1.10000E+08  1.46717E-07  1.85455E-03  1.64872E-05  7.91011E-02  8.09723E-02
   1.25000E+08  1.13617E-07  1.66475E-03  1.44613E-05  8.09513E-02  8.26306E-02
   1.40000E+08  9.05756E-08  1.51228E-03  1.28786E-05  8.25070E-02  8.40323E-02
   1.50000E+08  7.89011E-08  1.42615E-03  1.20027E-05  8.34089E-02  8.48471E-02
   1.75000E+08  5.79681E-08  1.25050E-03  1.02583E-05  8.53086E-02  8.65694E-02
   2.00000E+08  4.43821E-08  1.11545E-03  8.95643E-06  8.68293E-02  8.79538E-02
   2.20000E+08  3.66795E-08  1.02781E-03  8.13087E-06  8.78420E-02  8.88779E-02
   2.50000E+08  2.84046E-08  9.20692E-04  7.14320E-06  8.91155E-02  9.00434E-02
   3.00000E+08  1.97253E-08  7.86502E-04  5.94042E-06  9.07953E-02  9.15878E-02
   3.50000E+08  1.44921E-08  6.88072E-04  5.08430E-06  9.20907E-02  9.27838E-02
   4.00000E+08  1.10955E-08  6.12614E-04  4.44382E-06  9.31153E-02  9.37324E-02
   4.50000E+08  8.76681E-09  5.52803E-04  3.94666E-06  9.39333E-02  9.44901E-02
   5.00000E+08  7.10109E-09  5.04170E-04  3.54954E-06  9.46094E-02  9.51171E-02
   5.50000E+08  5.86868E-09  4.63801E-04  3.22503E-06  9.51695E-02  9.56365E-02
   6.00000E+08  4.93133E-09  4.29718E-04  2.95487E-06  9.56775E-02  9.61102E-02
   7.00000E+08  3.62300E-09  3.75258E-04  2.53087E-06  9.64694E-02  9.68472E-02
   8.00000E+08  2.77386E-09  3.33599E-04  2.21327E-06  9.70961E-02  9.74319E-02
   9.00000E+08  2.19169E-09  3.00645E-04  1.96650E-06  9.76128E-02  9.79154E-02
   1.00000E+09  1.77527E-09  2.73893E-04  1.76923E-06  9.80451E-02  9.83207E-02
