 # Material data file: Nd                  
 # 
 # PENELOPE >>>  Photon mass attenuation coefficients (mac).
 # 
 #   Energy       mac_Ra       mac_Co       mac_ph       mac_pp       mac_tot
 #    (eV)       (cm**2/g)    (cm**2/g)    (cm**2/g)    (cm**2/g)    (cm**2/g)
 #------------------------------------------------------------------------------
   5.00000E+01  3.66811E-01  4.24827E-03  1.67364E+04  1.00000E-35  1.67367E+04
   5.24404E+01  3.50079E-01  4.25694E-03  1.59988E+04  1.00000E-35  1.59992E+04
   5.50000E+01  3.34110E-01  4.26633E-03  1.53881E+04  1.00000E-35  1.53884E+04
   5.74456E+01  3.20168E-01  4.27712E-03  1.49068E+04  1.00000E-35  1.49071E+04
   6.00000E+01  3.06808E-01  4.28913E-03  1.44817E+04  1.00000E-35  1.44821E+04
   6.48074E+01  2.83822E-01  4.31586E-03  1.38070E+04  1.00000E-35  1.38073E+04
   7.00000E+01  2.59934E-01  4.35036E-03  1.32065E+04  1.00000E-35  1.32068E+04
   8.00000E+01  1.97249E-01  4.43309E-03  1.22346E+04  1.00000E-35  1.22348E+04
   9.00000E+01  1.18468E-01  4.52657E-03  1.14060E+04  1.00000E-35  1.14061E+04
   9.48683E+01  1.67087E-01  4.57669E-03  1.10226E+04  1.00000E-35  1.10228E+04
   1.00000E+02  3.67907E-01  4.62978E-03  1.06247E+04  1.00000E-35  1.06250E+04
   1.04881E+02  9.80670E-01  4.68207E-03  1.02501E+04  1.00000E-35  1.02511E+04
   1.10000E+02  4.15677E+00  4.73801E-03  9.85984E+03  1.00000E-35  9.86400E+03
   1.15845E+02  1.46172E+02  4.80189E-03  9.42630E+03  1.00000E-35  9.57247E+03
   1.22000E+02  7.84836E+01  4.87130E-03  8.98457E+03  1.00000E-35  9.06306E+03
   1.22000E+02  7.84835E+01  4.87130E-03  1.10993E+04  1.00000E-35  1.11778E+04
   1.22743E+02  5.97821E+01  4.87956E-03  1.11225E+04  1.00000E-35  1.11823E+04
   1.23491E+02  4.05879E+01  4.88784E-03  1.11729E+04  1.00000E-35  1.12135E+04
   1.25000E+02  1.91852E+01  4.90443E-03  1.13377E+04  1.00000E-35  1.13569E+04
   1.26000E+02  1.34765E+01  4.91535E-03  1.14775E+04  1.00000E-35  1.14910E+04
   1.26000E+02  1.34765E+01  4.91535E-03  1.29203E+04  1.00000E-35  1.29338E+04
   1.29363E+02  7.20770E+00  4.95346E-03  1.36355E+04  1.00000E-35  1.36427E+04
   1.30218E+02  6.52949E+00  4.96314E-03  1.37939E+04  1.00000E-35  1.38005E+04
   1.31078E+02  5.98333E+00  4.97284E-03  1.39205E+04  1.00000E-35  1.39265E+04
   1.31944E+02  5.54088E+00  4.98256E-03  1.40059E+04  1.00000E-35  1.40115E+04
   1.32816E+02  5.19726E+00  4.99230E-03  1.40495E+04  1.00000E-35  1.40547E+04
   1.33693E+02  4.91848E+00  5.00205E-03  1.40457E+04  1.00000E-35  1.40506E+04
   1.34576E+02  4.68446E+00  5.01183E-03  1.39956E+04  1.00000E-35  1.40003E+04
   1.35466E+02  4.48982E+00  5.02163E-03  1.39062E+04  1.00000E-35  1.39107E+04
   1.36361E+02  4.32864E+00  5.03145E-03  1.37784E+04  1.00000E-35  1.37828E+04
   1.38168E+02  4.06214E+00  5.05132E-03  1.34408E+04  1.00000E-35  1.34449E+04
   1.40000E+02  3.85409E+00  5.07202E-03  1.30325E+04  1.00000E-35  1.30364E+04
   1.42436E+02  3.63175E+00  5.09926E-03  1.24510E+04  1.00000E-35  1.24546E+04
   1.44914E+02  3.44388E+00  5.12664E-03  1.18629E+04  1.00000E-35  1.18664E+04
   1.50000E+02  3.13444E+00  5.18187E-03  1.07584E+04  1.00000E-35  1.07615E+04
   1.55893E+02  2.85355E+00  5.24636E-03  9.68398E+03  1.00000E-35  9.68684E+03
   1.58926E+02  2.73357E+00  5.27891E-03  9.21800E+03  1.00000E-35  9.22074E+03
   1.62019E+02  2.62444E+00  5.31167E-03  8.79866E+03  1.00000E-35  8.80129E+03
   1.65171E+02  2.52483E+00  5.34509E-03  8.42778E+03  1.00000E-35  8.43031E+03
   1.68384E+02  2.43437E+00  5.37899E-03  8.10100E+03  1.00000E-35  8.10344E+03
   1.71660E+02  2.35162E+00  5.41311E-03  7.81555E+03  1.00000E-35  7.81791E+03
   1.75000E+02  2.27166E+00  5.44744E-03  7.56588E+03  1.00000E-35  7.56816E+03
   1.77946E+02  2.20976E+00  5.47741E-03  7.37779E+03  1.00000E-35  7.38001E+03
   1.80941E+02  2.15189E+00  5.50787E-03  7.21083E+03  1.00000E-35  7.21299E+03
   1.83986E+02  2.09789E+00  5.53849E-03  7.06483E+03  1.00000E-35  7.06693E+03
   1.87083E+02  2.04831E+00  5.56928E-03  6.93632E+03  1.00000E-35  6.93837E+03
   1.93434E+02  1.95678E+00  5.63140E-03  6.72564E+03  1.00000E-35  6.72761E+03
   2.00000E+02  1.87428E+00  5.69445E-03  6.56390E+03  1.00000E-35  6.56578E+03
   2.04823E+02  1.81864E+00  5.73990E-03  6.46963E+03  1.00000E-35  6.47145E+03
   2.09762E+02  1.76429E+00  5.78570E-03  6.39109E+03  1.00000E-35  6.39286E+03
   2.20000E+02  1.62916E+00  5.87822E-03  6.26137E+03  1.00000E-35  6.26301E+03
   2.30000E+02  1.67932E+00  5.96576E-03  6.16113E+03  1.00000E-35  6.16282E+03
   2.30000E+02  1.67932E+00  5.96576E-03  7.41320E+03  1.00000E-35  7.41488E+03
   2.39792E+02  1.67093E+00  6.04852E-03  7.35500E+03  1.00000E-35  7.35667E+03
   2.50000E+02  1.67213E+00  6.13231E-03  7.26511E+03  1.00000E-35  7.26678E+03
   2.50000E+02  1.67213E+00  6.13231E-03  7.26511E+03  1.00000E-35  7.26678E+03
   2.50178E+02  1.67245E+00  6.13373E-03  7.64249E+03  1.00000E-35  7.64417E+03
   2.50356E+02  1.67278E+00  6.13516E-03  7.64074E+03  1.00000E-35  7.64242E+03
   2.50713E+02  1.67342E+00  6.13801E-03  7.63723E+03  1.00000E-35  7.63891E+03
   2.51428E+02  1.67514E+00  6.14372E-03  7.63034E+03  1.00000E-35  7.63202E+03
   2.52865E+02  1.68033E+00  6.15516E-03  7.61506E+03  1.00000E-35  7.61675E+03
   2.55763E+02  1.69444E+00  6.17810E-03  7.58392E+03  1.00000E-35  7.58562E+03
   2.61659E+02  1.72737E+00  6.22423E-03  7.52158E+03  1.00000E-35  7.52331E+03
   2.73861E+02  1.77793E+00  6.31717E-03  7.39370E+03  1.00000E-35  7.39548E+03
   2.86633E+02  1.81708E+00  6.41042E-03  7.25663E+03  1.00000E-35  7.25845E+03
   3.00000E+02  1.85342E+00  6.50439E-03  7.10553E+03  1.00000E-35  7.10739E+03
   3.21000E+02  1.93603E+00  6.64484E-03  6.85528E+03  1.00000E-35  6.85722E+03
   3.21000E+02  1.93603E+00  6.64484E-03  7.37257E+03  1.00000E-35  7.37452E+03
   3.28017E+02  1.97785E+00  6.68951E-03  7.23989E+03  1.00000E-35  7.24187E+03
   3.35187E+02  2.01502E+00  6.73448E-03  7.13593E+03  1.00000E-35  7.13795E+03
   3.50000E+02  2.07747E+00  6.82520E-03  6.94028E+03  1.00000E-35  6.94237E+03
   3.61881E+02  2.12498E+00  6.89475E-03  6.77570E+03  1.00000E-35  6.77783E+03
   3.74166E+02  2.16812E+00  6.96501E-03  6.60085E+03  1.00000E-35  6.60303E+03
   4.00000E+02  2.24947E+00  7.10544E-03  6.24342E+03  1.00000E-35  6.24568E+03
   4.24264E+02  2.31276E+00  7.22998E-03  5.91250E+03  1.00000E-35  5.91482E+03
   4.50000E+02  2.36989E+00  7.35527E-03  5.57219E+03  1.00000E-35  5.57457E+03
   4.74342E+02  2.41569E+00  7.46709E-03  5.26582E+03  1.00000E-35  5.26825E+03
   5.00000E+02  2.44825E+00  7.57979E-03  4.95904E+03  1.00000E-35  4.96150E+03
   5.24404E+02  2.47773E+00  7.68215E-03  4.68390E+03  1.00000E-35  4.68639E+03
   5.50000E+02  2.49162E+00  7.78487E-03  4.41277E+03  1.00000E-35  4.41527E+03
   6.00000E+02  2.49574E+00  7.97429E-03  3.93300E+03  1.00000E-35  3.93550E+03
   6.48074E+02  2.46198E+00  8.14483E-03  3.52886E+03  1.00000E-35  3.53133E+03
   7.00000E+02  2.38360E+00  8.31962E-03  3.14746E+03  1.00000E-35  3.14985E+03
   7.48331E+02  2.25314E+00  8.47595E-03  2.83928E+03  1.00000E-35  2.84154E+03
   8.00000E+02  2.05918E+00  8.64139E-03  2.55073E+03  1.00000E-35  2.55280E+03
   8.48528E+02  1.80759E+00  8.79805E-03  2.31357E+03  1.00000E-35  2.31539E+03
   9.00000E+02  1.41889E+00  8.96587E-03  2.09341E+03  1.00000E-35  2.09484E+03
   9.83000E+02  1.56433E+01  9.25213E-03  1.79281E+03  1.00000E-35  1.80846E+03
   9.83000E+02  1.56433E+01  9.25213E-03  2.00422E+03  1.00000E-35  2.01988E+03
   9.83527E+02  1.55811E+01  9.25408E-03  2.06763E+03  1.00000E-35  2.08322E+03
   9.84054E+02  1.55193E+01  9.25603E-03  2.14595E+03  1.00000E-35  2.16148E+03
   9.84581E+02  1.54577E+01  9.25798E-03  2.23940E+03  1.00000E-35  2.25487E+03
   9.85109E+02  1.53962E+01  9.25993E-03  2.34776E+03  1.00000E-35  2.36317E+03
   9.85637E+02  1.53351E+01  9.26188E-03  2.47138E+03  1.00000E-35  2.48672E+03
   9.86165E+02  1.52742E+01  9.26383E-03  2.60965E+03  1.00000E-35  2.62494E+03
   9.87223E+02  1.51530E+01  9.26774E-03  2.92497E+03  1.00000E-35  2.94013E+03
   9.88281E+02  1.50329E+01  9.27164E-03  3.28041E+03  1.00000E-35  3.29546E+03
   9.88811E+02  1.49732E+01  9.27359E-03  3.46738E+03  1.00000E-35  3.48236E+03
   9.89341E+02  1.49137E+01  9.27555E-03  3.65655E+03  1.00000E-35  3.67147E+03
   9.89871E+02  1.48545E+01  9.27750E-03  3.84498E+03  1.00000E-35  3.85984E+03
   9.90402E+02  1.47954E+01  9.27946E-03  4.02963E+03  1.00000E-35  4.04443E+03
   9.90932E+02  1.47229E+01  9.28141E-03  4.21070E+03  1.00000E-35  4.22543E+03
   9.91464E+02  1.45914E+01  9.28337E-03  4.38300E+03  1.00000E-35  4.39760E+03
   9.91995E+02  1.44613E+01  9.28532E-03  4.54571E+03  1.00000E-35  4.56018E+03
   9.92527E+02  1.43322E+01  9.28728E-03  4.69889E+03  1.00000E-35  4.71323E+03
   9.93059E+02  1.42043E+01  9.28923E-03  4.84101E+03  1.00000E-35  4.85522E+03
   9.93591E+02  1.40777E+01  9.29119E-03  4.97298E+03  1.00000E-35  4.98707E+03
   9.94123E+02  1.39522E+01  9.29314E-03  5.09268E+03  1.00000E-35  5.10665E+03
   9.94656E+02  1.38277E+01  9.29510E-03  5.20312E+03  1.00000E-35  5.21695E+03
   9.95189E+02  1.37044E+01  9.29706E-03  5.30244E+03  1.00000E-35  5.31615E+03
   9.95723E+02  1.35820E+01  9.29902E-03  5.39112E+03  1.00000E-35  5.40471E+03
   9.96256E+02  1.34610E+01  9.30098E-03  5.47508E+03  1.00000E-35  5.48855E+03
   9.96790E+02  1.33409E+01  9.30294E-03  5.54915E+03  1.00000E-35  5.56250E+03
   9.97859E+02  1.31038E+01  9.30686E-03  5.67749E+03  1.00000E-35  5.69060E+03
   9.98929E+02  1.28711E+01  9.31078E-03  5.78316E+03  1.00000E-35  5.79604E+03
   1.00000E+03  1.26424E+01  9.31470E-03  5.87338E+03  1.00000E-35  5.88604E+03
   1.00250E+03  1.14272E+01  9.32385E-03  6.03596E+03  1.00000E-35  6.04740E+03
   1.00500E+03  1.03314E+01  9.33298E-03  6.15779E+03  1.00000E-35  6.16813E+03
   1.00500E+03  1.03314E+01  9.33298E-03  6.29970E+03  1.00000E-35  6.31004E+03
   1.00571E+03  1.00403E+01  9.33557E-03  6.38441E+03  1.00000E-35  6.39446E+03
   1.00642E+03  9.75758E+00  9.33816E-03  6.48507E+03  1.00000E-35  6.49484E+03
   1.00713E+03  9.48301E+00  9.34075E-03  6.60110E+03  1.00000E-35  6.61059E+03
   1.00784E+03  9.21634E+00  9.34334E-03  6.73312E+03  1.00000E-35  6.74234E+03
   1.00926E+03  8.70425E+00  9.34851E-03  7.03911E+03  1.00000E-35  7.04782E+03
   1.01069E+03  8.01041E+00  9.35371E-03  7.38547E+03  1.00000E-35  7.39349E+03
   1.01212E+03  7.37275E+00  9.35891E-03  7.73894E+03  1.00000E-35  7.74632E+03
   1.01355E+03  6.78664E+00  9.36411E-03  8.06835E+03  1.00000E-35  8.07515E+03
   1.01426E+03  6.51346E+00  9.36669E-03  8.21611E+03  1.00000E-35  8.22263E+03
   1.01498E+03  6.24785E+00  9.36930E-03  8.34867E+03  1.00000E-35  8.35492E+03
   1.01641E+03  5.75251E+00  9.37449E-03  8.57320E+03  1.00000E-35  8.57896E+03
   1.01785E+03  5.29400E+00  9.37970E-03  8.74313E+03  1.00000E-35  8.74843E+03
   1.01928E+03  4.95373E+00  9.38488E-03  8.86825E+03  1.00000E-35  8.87322E+03
   1.02072E+03  4.71399E+00  9.39009E-03  8.96395E+03  1.00000E-35  8.96867E+03
   1.02217E+03  4.48463E+00  9.39533E-03  9.03125E+03  1.00000E-35  9.03574E+03
   1.02505E+03  4.06247E+00  9.40573E-03  9.11947E+03  1.00000E-35  9.12354E+03
   1.02795E+03  3.67856E+00  9.41618E-03  9.16894E+03  1.00000E-35  9.17263E+03
   1.03086E+03  3.63466E+00  9.42665E-03  9.19212E+03  1.00000E-35  9.19576E+03
   1.03377E+03  3.59912E+00  9.43710E-03  9.19533E+03  1.00000E-35  9.19894E+03
   1.03669E+03  3.56392E+00  9.44757E-03  9.18256E+03  1.00000E-35  9.18613E+03
   1.03962E+03  3.58644E+00  9.45805E-03  9.15103E+03  1.00000E-35  9.15463E+03
   1.04551E+03  3.67950E+00  9.47908E-03  9.05901E+03  1.00000E-35  9.06270E+03
   1.05143E+03  3.77808E+00  9.50288E-03  8.94424E+03  1.00000E-35  8.94803E+03
   1.10000E+03  4.45204E+00  9.70009E-03  8.04196E+03  1.00000E-35  8.04643E+03
   1.25000E+03  5.28575E+00  1.03569E-02  6.01755E+03  1.00000E-35  6.02285E+03
   1.30300E+03  5.78613E+00  1.06208E-02  5.46802E+03  1.00000E-35  5.47382E+03
   1.30300E+03  5.78613E+00  1.06208E-02  6.21161E+03  1.00000E-35  6.21740E+03
   1.30446E+03  5.80227E+00  1.06280E-02  6.24000E+03  1.00000E-35  6.24581E+03
   1.30593E+03  5.81854E+00  1.06353E-02  6.25378E+03  1.00000E-35  6.25960E+03
   1.30886E+03  5.84696E+00  1.06497E-02  6.26238E+03  1.00000E-35  6.26823E+03
   1.31180E+03  5.87519E+00  1.06642E-02  6.25365E+03  1.00000E-35  6.25954E+03
   1.31475E+03  5.90359E+00  1.06787E-02  6.23215E+03  1.00000E-35  6.23806E+03
   1.32660E+03  5.99985E+00  1.07369E-02  6.09804E+03  1.00000E-35  6.10406E+03
   1.35063E+03  6.12832E+00  1.08557E-02  5.86274E+03  1.00000E-35  5.86888E+03
   1.40000E+03  6.43023E+00  1.11249E-02  5.41934E+03  1.00000E-35  5.42578E+03
   1.40800E+03  6.48769E+00  1.11682E-02  5.35112E+03  1.00000E-35  5.35762E+03
   1.40800E+03  6.48769E+00  1.11682E-02  5.62680E+03  1.00000E-35  5.63330E+03
   1.41079E+03  6.50777E+00  1.11833E-02  5.63378E+03  1.00000E-35  5.64029E+03
   1.41358E+03  6.52787E+00  1.11984E-02  5.62630E+03  1.00000E-35  5.63284E+03
   1.41918E+03  6.56811E+00  1.12286E-02  5.59186E+03  1.00000E-35  5.59844E+03
   1.43046E+03  6.63457E+00  1.12894E-02  5.49307E+03  1.00000E-35  5.49972E+03
   1.45327E+03  6.73623E+00  1.14119E-02  5.30753E+03  1.00000E-35  5.31428E+03
   1.50000E+03  6.84711E+00  1.16786E-02  4.95491E+03  1.00000E-35  4.96177E+03
   1.58000E+03  7.10999E+00  1.21434E-02  4.41540E+03  1.00000E-35  4.42252E+03
   1.58000E+03  7.10999E+00  1.21434E-02  4.64649E+03  1.00000E-35  4.65362E+03
   1.59012E+03  7.16351E+00  1.22017E-02  4.56278E+03  1.00000E-35  4.56996E+03
   1.60031E+03  7.20906E+00  1.22621E-02  4.50037E+03  1.00000E-35  4.50759E+03
   1.62089E+03  7.27184E+00  1.23898E-02  4.37874E+03  1.00000E-35  4.38603E+03
   1.66283E+03  7.35195E+00  1.26490E-02  4.13583E+03  1.00000E-35  4.14320E+03
   1.75000E+03  7.45209E+00  1.31886E-02  3.69082E+03  1.00000E-35  3.69828E+03
   2.00000E+03  7.50103E+00  1.48240E-02  2.72137E+03  1.00000E-35  2.72889E+03
   2.20000E+03  7.39112E+00  1.61753E-02  2.17940E+03  1.00000E-35  2.18681E+03
   2.50000E+03  7.14072E+00  1.82355E-02  1.60952E+03  1.00000E-35  1.61667E+03
   2.73861E+03  6.89806E+00  1.98740E-02  1.29249E+03  1.00000E-35  1.29941E+03
   3.00000E+03  6.61673E+00  2.16507E-02  1.03554E+03  1.00000E-35  1.04218E+03
   3.50000E+03  6.05661E+00  2.49612E-02  7.08432E+02  1.00000E-35  7.14514E+02
   4.00000E+03  5.51429E+00  2.81332E-02  5.07628E+02  1.00000E-35  5.13170E+02
   4.50000E+03  4.99032E+00  3.11545E-02  3.77145E+02  1.00000E-35  3.82166E+02
   5.00000E+03  4.47018E+00  3.40100E-02  2.88453E+02  1.00000E-35  2.92957E+02
   5.50000E+03  3.91863E+00  3.67063E-02  2.25936E+02  1.00000E-35  2.29891E+02
   6.00000E+03  3.11973E+00  3.92601E-02  1.80515E+02  1.00000E-35  1.83674E+02
   6.21300E+03  2.64838E+00  4.03150E-02  1.64848E+02  1.00000E-35  1.67537E+02
   6.21300E+03  2.64838E+00  4.03150E-02  4.23191E+02  1.00000E-35  4.25879E+02
   6.21686E+03  2.65521E+00  4.03336E-02  4.56942E+02  1.00000E-35  4.59638E+02
   6.22072E+03  2.66205E+00  4.03522E-02  4.71317E+02  1.00000E-35  4.74019E+02
   6.22459E+03  2.66892E+00  4.03709E-02  4.76068E+02  1.00000E-35  4.78777E+02
   6.22845E+03  2.67579E+00  4.03894E-02  4.74845E+02  1.00000E-35  4.77561E+02
   6.23619E+03  2.68960E+00  4.04267E-02  4.68252E+02  1.00000E-35  4.70982E+02
   6.24007E+03  2.69654E+00  4.04454E-02  4.65864E+02  1.00000E-35  4.68601E+02
   6.24394E+03  2.70348E+00  4.04640E-02  4.64524E+02  1.00000E-35  4.67268E+02
   6.25947E+03  2.74025E+00  4.05387E-02  4.64353E+02  1.00000E-35  4.67134E+02
   6.27504E+03  2.78655E+00  4.06136E-02  4.62441E+02  1.00000E-35  4.65268E+02
   6.33770E+03  2.95930E+00  4.09143E-02  4.51823E+02  1.00000E-35  4.54824E+02
   6.40098E+03  3.07521E+00  4.12172E-02  4.41444E+02  1.00000E-35  4.44561E+02
   6.46489E+03  3.12453E+00  4.15224E-02  4.30330E+02  1.00000E-35  4.33496E+02
   6.72700E+03  3.05821E+00  4.27640E-02  3.87520E+02  1.00000E-35  3.90621E+02
   6.72700E+03  3.05821E+00  4.27640E-02  5.02413E+02  1.00000E-35  5.05514E+02
   6.73118E+03  3.06104E+00  4.27832E-02  5.20783E+02  1.00000E-35  5.23887E+02
   6.73537E+03  3.06708E+00  4.28024E-02  5.27497E+02  1.00000E-35  5.30607E+02
   6.73956E+03  3.07313E+00  4.28217E-02  5.28666E+02  1.00000E-35  5.31782E+02
   6.74375E+03  3.07919E+00  4.28409E-02  5.27184E+02  1.00000E-35  5.30306E+02
   6.75213E+03  3.09133E+00  4.28793E-02  5.23109E+02  1.00000E-35  5.26243E+02
   6.76053E+03  3.10353E+00  4.29178E-02  5.21017E+02  1.00000E-35  5.24164E+02
   6.77736E+03  3.12807E+00  4.29949E-02  5.19213E+02  1.00000E-35  5.22385E+02
   6.79424E+03  3.15320E+00  4.30722E-02  5.16061E+02  1.00000E-35  5.19258E+02
   6.86214E+03  3.26159E+00  4.33824E-02  5.03565E+02  1.00000E-35  5.06870E+02
   7.00000E+03  3.35404E+00  4.40098E-02  4.78577E+02  1.00000E-35  4.81975E+02
   7.13200E+03  3.44517E+00  4.46073E-02  4.55447E+02  1.00000E-35  4.58937E+02
   7.13200E+03  3.44517E+00  4.46073E-02  5.32803E+02  1.00000E-35  5.36293E+02
   7.13840E+03  3.45299E+00  4.46362E-02  5.26357E+02  1.00000E-35  5.29855E+02
   7.14481E+03  3.46083E+00  4.46651E-02  5.23890E+02  1.00000E-35  5.27395E+02
   7.15764E+03  3.47656E+00  4.47230E-02  5.22725E+02  1.00000E-35  5.26246E+02
   7.18338E+03  3.50846E+00  4.48391E-02  5.18337E+02  1.00000E-35  5.21890E+02
   7.23513E+03  3.57476E+00  4.50720E-02  5.09143E+02  1.00000E-35  5.12763E+02
   7.33975E+03  3.66254E+00  4.55370E-02  4.91111E+02  1.00000E-35  4.94819E+02
   7.55354E+03  3.73895E+00  4.64630E-02  4.56779E+02  1.00000E-35  4.60565E+02
   8.00000E+03  3.75527E+00  4.83651E-02  3.94801E+02  1.00000E-35  3.98604E+02
   9.00000E+03  3.57046E+00  5.23449E-02  2.91449E+02  1.00000E-35  2.95072E+02
   1.00000E+04  3.30374E+00  5.60132E-02  2.21512E+02  1.00000E-35  2.24872E+02
   1.10000E+04  3.03384E+00  5.93998E-02  1.72479E+02  1.00000E-35  1.75573E+02
   1.25000E+04  2.66609E+00  6.40057E-02  1.22951E+02  1.00000E-35  1.25681E+02
   1.40000E+04  2.35336E+00  6.81440E-02  9.08340E+01  1.00000E-35  9.32555E+01
   1.50000E+04  2.17327E+00  7.06745E-02  7.54584E+01  1.00000E-35  7.77023E+01
   1.75000E+04  1.80612E+00  7.63226E-02  4.97177E+01  1.00000E-35  5.16002E+01
   2.00000E+04  1.52312E+00  8.11039E-02  3.45393E+01  1.00000E-35  3.61435E+01
   2.20000E+04  1.33872E+00  8.43874E-02  2.65925E+01  1.00000E-35  2.80156E+01
   2.50000E+04  1.11361E+00  8.85623E-02  1.86931E+01  1.00000E-35  1.98953E+01
   3.00000E+04  8.34633E-01  9.40372E-02  1.12708E+01  1.00000E-35  1.21995E+01
   3.50000E+04  6.42317E-01  9.80920E-02  7.32840E+00  1.00000E-35  8.06881E+00
   4.00000E+04  4.93885E-01  1.01162E-01  5.03832E+00  1.00000E-35  5.63337E+00
   4.35750E+04  3.62666E-01  1.02879E-01  3.95783E+00  1.00000E-35  4.42337E+00
   4.35750E+04  3.62666E-01  1.02879E-01  2.39397E+01  1.00000E-35  2.44053E+01
   4.35969E+04  3.62261E-01  1.02888E-01  2.24499E+01  1.00000E-35  2.29150E+01
   4.36188E+04  3.61856E-01  1.02897E-01  2.26772E+01  1.00000E-35  2.31419E+01
   4.36408E+04  3.61450E-01  1.02906E-01  2.25640E+01  1.00000E-35  2.30283E+01
   4.36627E+04  3.61509E-01  1.02915E-01  2.25938E+01  1.00000E-35  2.30582E+01
   4.37067E+04  3.62534E-01  1.02933E-01  2.25192E+01  1.00000E-35  2.29847E+01
   4.37506E+04  3.63558E-01  1.02951E-01  2.24932E+01  1.00000E-35  2.29597E+01
   4.39270E+04  3.67692E-01  1.03023E-01  2.22694E+01  1.00000E-35  2.27401E+01
   4.42818E+04  3.78796E-01  1.03168E-01  2.18254E+01  1.00000E-35  2.23073E+01
   4.50000E+04  3.97717E-01  1.03459E-01  2.09585E+01  1.00000E-35  2.14596E+01
   5.00000E+04  3.83684E-01  1.05207E-01  1.59181E+01  1.00000E-35  1.64070E+01
   5.50000E+04  3.42908E-01  1.06500E-01  1.23814E+01  1.00000E-35  1.28308E+01
   6.00000E+04  3.04177E-01  1.07421E-01  9.82084E+00  1.00000E-35  1.02324E+01
   7.00000E+04  2.39928E-01  1.08409E-01  6.48361E+00  1.00000E-35  6.83195E+00
   8.00000E+04  1.92195E-01  1.08576E-01  4.50467E+00  1.00000E-35  4.80544E+00
   9.00000E+04  1.56824E-01  1.08207E-01  3.25724E+00  1.00000E-35  3.52227E+00
   1.00000E+05  1.30489E-01  1.07519E-01  2.43222E+00  1.00000E-35  2.67023E+00
   1.10000E+05  1.10070E-01  1.06597E-01  1.86493E+00  1.00000E-35  2.08160E+00
   1.25000E+05  8.73333E-02  1.04974E-01  1.30402E+00  1.00000E-35  1.49633E+00
   1.40000E+05  7.09657E-02  1.03224E-01  9.48629E-01  1.00000E-35  1.12282E+00
   1.50000E+05  6.25417E-02  1.01994E-01  7.81384E-01  1.00000E-35  9.45919E-01
   1.75000E+05  4.70428E-02  9.89254E-02  5.06630E-01  1.00000E-35  6.52598E-01
   2.00000E+05  3.67006E-02  9.59543E-02  3.48441E-01  1.00000E-35  4.81096E-01
   2.20000E+05  3.06783E-02  9.36719E-02  2.67064E-01  1.00000E-35  3.91414E-01
   2.50000E+05  2.40799E-02  9.04547E-02  1.87381E-01  1.00000E-35  3.01915E-01
   3.00000E+05  1.69601E-02  8.56073E-02  1.13806E-01  1.00000E-35  2.16374E-01
   3.50000E+05  1.25828E-02  8.13328E-02  7.52839E-02  1.00000E-35  1.69199E-01
   4.00000E+05  9.70359E-03  7.75742E-02  5.30461E-02  1.00000E-35  1.40324E-01
   4.50000E+05  7.71480E-03  7.42472E-02  3.92301E-02  1.00000E-35  1.21192E-01
   5.00000E+05  6.27766E-03  7.12800E-02  3.01396E-02  1.00000E-35  1.07697E-01
   5.50000E+05  5.20608E-03  6.86038E-02  2.38768E-02  1.00000E-35  9.76867E-02
   6.00000E+05  4.38836E-03  6.61836E-02  1.93964E-02  1.00000E-35  8.99683E-02
   7.00000E+05  3.24163E-03  6.19634E-02  1.35818E-02  1.00000E-35  7.87869E-02
   8.00000E+05  2.48910E-03  5.83793E-02  1.01003E-02  1.00000E-35  7.09687E-02
   9.00000E+05  1.97146E-03  5.52990E-02  7.85388E-03  1.00000E-35  6.51244E-02
   1.00000E+06  1.60034E-03  5.25975E-02  6.31895E-03  1.00000E-35  6.05168E-02
   1.10000E+06  1.32517E-03  5.02115E-02  5.22182E-03  1.02346E-05  5.67688E-02
   1.25000E+06  1.02809E-03  4.71017E-02  4.07826E-03  2.23399E-04  5.24315E-02
   1.40000E+06  8.20314E-04  4.44271E-02  3.30159E-03  6.71907E-04  4.92210E-02
   1.50000E+06  7.14967E-04  4.28450E-02  2.91311E-03  1.06955E-03  4.75426E-02
   1.75000E+06  5.25911E-04  3.94183E-02  2.22193E-03  2.21379E-03  4.43799E-02
   2.00000E+06  4.03071E-04  3.65843E-02  1.77358E-03  3.48550E-03  4.22464E-02
   2.20000E+06  3.33365E-04  3.46425E-02  1.51755E-03  4.53492E-03  4.10284E-02
   2.50000E+06  2.58377E-04  3.21467E-02  1.23852E-03  6.09981E-03  3.97434E-02
   3.00000E+06  1.79477E-04  2.87966E-02  9.37056E-04  8.55479E-03  3.84680E-02
   3.50000E+06  1.31889E-04  2.61619E-02  7.46960E-04  1.08392E-02  3.78799E-02
   4.00000E+06  1.00996E-04  2.40249E-02  6.17566E-04  1.29390E-02  3.76824E-02
   4.50000E+06  7.98126E-05  2.22508E-02  5.24474E-04  1.49106E-02  3.77658E-02
   5.00000E+06  6.46576E-05  2.07494E-02  4.55051E-04  1.67158E-02  3.79849E-02
   5.50000E+06  5.34432E-05  1.94595E-02  4.01059E-04  1.83691E-02  3.82831E-02
   6.00000E+06  4.49127E-05  1.83381E-02  3.57988E-04  1.99714E-02  3.87123E-02
   7.00000E+06  3.30039E-05  1.64799E-02  2.93813E-04  2.28806E-02  3.96873E-02
   8.00000E+06  2.52710E-05  1.49979E-02  2.48489E-04  2.54817E-02  4.07534E-02
   9.00000E+06  1.99676E-05  1.37844E-02  2.14902E-04  2.78428E-02  4.18620E-02
   1.00000E+07  1.61740E-05  1.27703E-02  1.89083E-04  3.00112E-02  4.29867E-02
   1.10000E+07  1.33672E-05  1.19089E-02  1.68657E-04  3.20181E-02  4.41089E-02
   1.25000E+07  1.03517E-05  1.08331E-02  1.44979E-04  3.47527E-02  4.57412E-02
   1.40000E+07  8.25246E-06  9.95095E-03  1.27016E-04  3.72121E-02  4.72983E-02
   1.50000E+07  7.18887E-06  9.44581E-03  1.17282E-04  3.87035E-02  4.82738E-02
   1.75000E+07  5.28176E-06  8.39876E-03  9.83429E-05  4.19960E-02  5.04984E-02
   2.00000E+07  4.04392E-06  7.57699E-03  8.46052E-05  4.48593E-02  5.25250E-02
   2.20000E+07  3.34214E-06  7.03594E-03  7.60725E-05  4.68783E-02  5.39936E-02
   2.50000E+07  2.58817E-06  6.36534E-03  6.60507E-05  4.95969E-02  5.60309E-02
   3.00000E+07  1.79734E-06  5.51016E-03  5.41254E-05  5.33952E-02  5.89613E-02
   3.50000E+07  1.32050E-06  4.87145E-03  4.58278E-05  5.65203E-02  6.14389E-02
   4.00000E+07  1.01101E-06  4.37472E-03  3.97258E-05  5.92034E-02  6.36188E-02
   4.50000E+07  7.98827E-07  3.97616E-03  3.50525E-05  6.15019E-02  6.55139E-02
   5.00000E+07  6.47050E-07  3.64885E-03  3.13597E-05  6.35038E-02  6.71847E-02
   5.50000E+07  5.34754E-07  3.37485E-03  2.83689E-05  6.52659E-02  6.86697E-02
   6.00000E+07  4.49343E-07  3.14180E-03  2.58976E-05  6.68821E-02  7.00502E-02
   7.00000E+07  3.30130E-07  2.76592E-03  2.20530E-05  6.96042E-02  7.23925E-02
   8.00000E+07  2.52756E-07  2.47536E-03  1.92009E-05  7.18473E-02  7.43421E-02
   9.00000E+07  1.99708E-07  2.24340E-03  1.70012E-05  7.37285E-02  7.59891E-02
   1.00000E+08  1.61764E-07  2.05371E-03  1.52533E-05  7.53508E-02  7.74199E-02
   1.10000E+08  1.33689E-07  1.89546E-03  1.38310E-05  7.67632E-02  7.86726E-02
   1.25000E+08  1.03528E-07  1.70148E-03  1.21335E-05  7.85625E-02  8.02762E-02
   1.40000E+08  8.25325E-08  1.54564E-03  1.08070E-05  8.00764E-02  8.16330E-02
   1.50000E+08  7.18949E-08  1.45761E-03  1.00728E-05  8.09552E-02  8.24230E-02
   1.75000E+08  5.28208E-08  1.27809E-03  8.61015E-06  8.28113E-02  8.40980E-02
   2.00000E+08  4.04411E-08  1.14006E-03  7.51832E-06  8.43037E-02  8.54513E-02
   2.20000E+08  3.34224E-08  1.05049E-03  6.82585E-06  8.52989E-02  8.63563E-02
   2.50000E+08  2.58823E-08  9.41002E-04  5.99722E-06  8.65515E-02  8.74985E-02
   3.00000E+08  1.79737E-08  8.03852E-04  4.98793E-06  8.82050E-02  8.90139E-02
   3.50000E+08  1.32052E-08  7.03252E-04  4.26944E-06  8.94783E-02  9.01858E-02
   4.00000E+08  1.01102E-08  6.26128E-04  3.73183E-06  9.04814E-02  9.11113E-02
   4.50000E+08  7.98834E-09  5.64997E-04  3.31447E-06  9.12773E-02  9.18457E-02
   5.00000E+08  6.47055E-09  5.15292E-04  2.98107E-06  9.19432E-02  9.24615E-02
   5.50000E+08  5.34756E-09  4.74033E-04  2.70861E-06  9.25077E-02  9.29844E-02
   6.00000E+08  4.49344E-09  4.39197E-04  2.48178E-06  9.30213E-02  9.34630E-02
   7.00000E+08  3.30131E-09  3.83535E-04  2.12574E-06  9.38210E-02  9.42066E-02
   8.00000E+08  2.52756E-09  3.40958E-04  1.85904E-06  9.44405E-02  9.47833E-02
   9.00000E+08  1.99709E-09  3.07277E-04  1.65180E-06  9.49373E-02  9.52462E-02
   1.00000E+09  1.61764E-09  2.79935E-04  1.48613E-06  9.53493E-02  9.56307E-02
