 # Material data file: Ru                  
 # 
 # PENELOPE >>>  Photon mass attenuation coefficients (mac).
 # 
 #   Energy       mac_Ra       mac_Co       mac_ph       mac_pp       mac_tot
 #    (eV)       (cm**2/g)    (cm**2/g)    (cm**2/g)    (cm**2/g)    (cm**2/g)
 #------------------------------------------------------------------------------
   5.00000E+01  2.16829E+00  5.99253E-03  5.80299E+04  1.00000E-35  5.80321E+04
   5.07337E+01  2.03285E+00  5.99373E-03  5.50166E+04  1.00000E-35  5.50187E+04
   5.14782E+01  1.93776E+00  5.99492E-03  5.20445E+04  1.00000E-35  5.20465E+04
   5.30000E+01  1.92235E+00  5.99732E-03  4.62985E+04  1.00000E-35  4.63004E+04
   5.30000E+01  1.92235E+00  5.99732E-03  5.28462E+04  1.00000E-35  5.28481E+04
   5.39907E+01  1.89201E+00  5.99884E-03  4.92860E+04  1.00000E-35  4.92879E+04
   5.50000E+01  1.85892E+00  6.00043E-03  4.57682E+04  1.00000E-35  4.57701E+04
   5.62095E+01  1.81492E+00  6.00236E-03  4.17930E+04  1.00000E-35  4.17948E+04
   5.74456E+01  1.77059E+00  6.00428E-03  3.80076E+04  1.00000E-35  3.80094E+04
   5.87089E+01  1.72362E+00  6.00621E-03  3.44463E+04  1.00000E-35  3.44480E+04
   6.00000E+01  1.67759E+00  6.00825E-03  3.11152E+04  1.00000E-35  3.11169E+04
   6.23574E+01  1.59505E+00  6.01199E-03  2.58174E+04  1.00000E-35  2.58190E+04
   6.48074E+01  1.51222E+00  6.01578E-03  2.12504E+04  1.00000E-35  2.12519E+04
   6.73537E+01  1.43156E+00  6.01986E-03  1.73782E+04  1.00000E-35  1.73797E+04
   7.00000E+01  1.35075E+00  6.02394E-03  1.41404E+04  1.00000E-35  1.41418E+04
   7.48331E+01  1.21657E+00  6.03158E-03  9.87376E+03  1.00000E-35  9.87498E+03
   7.73735E+01  1.14168E+00  6.03555E-03  8.27590E+03  1.00000E-35  8.27705E+03
   7.86758E+01  1.12069E+00  6.03763E-03  7.59206E+03  1.00000E-35  7.59318E+03
   8.00000E+01  1.11061E+00  6.03971E-03  6.98025E+03  1.00000E-35  6.98137E+03
   8.10000E+01  1.09083E+00  6.04125E-03  6.56483E+03  1.00000E-35  6.56593E+03
   8.10000E+01  1.09083E+00  6.04125E-03  7.47301E+03  1.00000E-35  7.47411E+03
   8.20738E+01  1.07061E+00  6.04290E-03  7.08297E+03  1.00000E-35  7.08405E+03
   8.31619E+01  1.05255E+00  6.04456E-03  6.72833E+03  1.00000E-35  6.72939E+03
   8.42644E+01  1.03479E+00  6.04635E-03  6.40395E+03  1.00000E-35  6.40500E+03
   8.53815E+01  1.01734E+00  6.04813E-03  6.11140E+03  1.00000E-35  6.11242E+03
   8.65134E+01  1.00018E+00  6.04992E-03  5.84407E+03  1.00000E-35  5.84508E+03
   8.76603E+01  9.83304E-01  6.05171E-03  5.60575E+03  1.00000E-35  5.60674E+03
   8.88225E+01  9.66715E-01  6.05350E-03  5.38923E+03  1.00000E-35  5.39020E+03
   9.00000E+01  9.50787E-01  6.05529E-03  5.19472E+03  1.00000E-35  5.19568E+03
   9.11931E+01  9.35892E-01  6.05720E-03  5.02279E+03  1.00000E-35  5.02374E+03
   9.24021E+01  9.21319E-01  6.05915E-03  4.87300E+03  1.00000E-35  4.87393E+03
   9.36271E+01  9.06972E-01  6.06110E-03  4.73754E+03  1.00000E-35  4.73845E+03
   9.48683E+01  8.93011E-01  6.06305E-03  4.61858E+03  1.00000E-35  4.61948E+03
   9.61260E+01  8.81112E-01  6.06501E-03  4.51655E+03  1.00000E-35  4.51743E+03
   9.74004E+01  8.72438E-01  6.06696E-03  4.42851E+03  1.00000E-35  4.42938E+03
   9.86916E+01  8.66265E-01  6.06897E-03  4.35260E+03  1.00000E-35  4.35347E+03
   1.00000E+02  8.61523E-01  6.07110E-03  4.29003E+03  1.00000E-35  4.29090E+03
   1.02411E+02  8.53719E-01  6.07496E-03  4.20078E+03  1.00000E-35  4.20164E+03
   1.03639E+02  8.49844E-01  6.07689E-03  4.16771E+03  1.00000E-35  4.16856E+03
   1.04881E+02  8.45990E-01  6.07882E-03  4.14333E+03  1.00000E-35  4.14418E+03
   1.07410E+02  8.38415E-01  6.08276E-03  4.11082E+03  1.00000E-35  4.11166E+03
   1.10000E+02  8.31382E-01  6.08707E-03  4.09643E+03  1.00000E-35  4.09727E+03
   1.13572E+02  8.22082E-01  6.09287E-03  4.10481E+03  1.00000E-35  4.10564E+03
   1.17260E+02  8.12890E-01  6.09886E-03  4.13444E+03  1.00000E-35  4.13525E+03
   1.21068E+02  8.03793E-01  6.10551E-03  4.17857E+03  1.00000E-35  4.17938E+03
   1.25000E+02  7.94804E-01  6.11217E-03  4.23312E+03  1.00000E-35  4.23392E+03
   1.32288E+02  7.79105E-01  6.12570E-03  4.33668E+03  1.00000E-35  4.33747E+03
   1.40000E+02  7.63723E-01  6.14082E-03  4.43138E+03  1.00000E-35  4.43215E+03
   1.50000E+02  7.44009E-01  6.16260E-03  4.51519E+03  1.00000E-35  4.51594E+03
   1.55893E+02  7.31441E-01  6.17852E-03  4.53908E+03  1.00000E-35  4.53982E+03
   1.62019E+02  7.17697E-01  6.19449E-03  4.55321E+03  1.00000E-35  4.55394E+03
   1.68384E+02  7.02598E-01  6.21489E-03  4.54575E+03  1.00000E-35  4.54646E+03
   1.75000E+02  6.85990E-01  6.23633E-03  4.52780E+03  1.00000E-35  4.52849E+03
   1.87083E+02  6.51368E-01  6.28349E-03  4.45864E+03  1.00000E-35  4.45929E+03
   2.00000E+02  6.08609E-01  6.34213E-03  4.35127E+03  1.00000E-35  4.35189E+03
   2.09762E+02  5.72175E-01  6.38991E-03  4.25049E+03  1.00000E-35  4.25107E+03
   2.20000E+02  5.30137E-01  6.45071E-03  4.14008E+03  1.00000E-35  4.14062E+03
   2.34521E+02  4.60980E-01  6.54140E-03  3.96606E+03  1.00000E-35  3.96652E+03
   2.50000E+02  3.76208E-01  6.64651E-03  3.77070E+03  1.00000E-35  3.77108E+03
   2.67395E+02  2.61746E-01  6.77893E-03  3.54545E+03  1.00000E-35  3.54572E+03
   2.76541E+02  1.92033E-01  6.85260E-03  3.43177E+03  1.00000E-35  3.43197E+03
   2.86000E+02  1.20557E-01  6.93113E-03  3.31462E+03  1.00000E-35  3.31475E+03
   2.86000E+02  1.20557E-01  6.93113E-03  3.94087E+03  1.00000E-35  3.94099E+03
   2.87993E+02  1.11597E-01  6.94746E-03  3.92231E+03  1.00000E-35  3.92243E+03
   2.90000E+02  1.03581E-01  6.96383E-03  3.91737E+03  1.00000E-35  3.91748E+03
   2.90000E+02  1.03581E-01  6.96383E-03  4.35714E+03  1.00000E-35  4.35725E+03
   2.91232E+02  9.89166E-02  6.97384E-03  4.36517E+03  1.00000E-35  4.36527E+03
   2.92468E+02  9.38409E-02  6.98385E-03  4.38953E+03  1.00000E-35  4.38963E+03
   2.93710E+02  8.90228E-02  6.99388E-03  4.43608E+03  1.00000E-35  4.43618E+03
   2.94958E+02  8.40002E-02  7.00417E-03  4.51132E+03  1.00000E-35  4.51141E+03
   2.95583E+02  8.15899E-02  7.00983E-03  4.56206E+03  1.00000E-35  4.56215E+03
   2.96210E+02  7.92463E-02  7.01550E-03  4.62334E+03  1.00000E-35  4.62343E+03
   2.96839E+02  7.74270E-02  7.02119E-03  4.69557E+03  1.00000E-35  4.69565E+03
   2.97468E+02  7.59990E-02  7.02686E-03  4.78058E+03  1.00000E-35  4.78066E+03
   2.98099E+02  7.45958E-02  7.03255E-03  4.87970E+03  1.00000E-35  4.87979E+03
   2.98731E+02  7.32192E-02  7.03824E-03  4.99349E+03  1.00000E-35  4.99357E+03
   2.99365E+02  7.23618E-02  7.04393E-03  5.12341E+03  1.00000E-35  5.12349E+03
   3.00000E+02  7.32857E-02  7.04963E-03  5.26976E+03  1.00000E-35  5.26984E+03
   3.00723E+02  7.43495E-02  7.05611E-03  5.45933E+03  1.00000E-35  5.45941E+03
   3.01449E+02  7.54307E-02  7.06261E-03  5.67455E+03  1.00000E-35  5.67464E+03
   3.02176E+02  7.74688E-02  7.06911E-03  5.91580E+03  1.00000E-35  5.91589E+03
   3.02904E+02  8.25521E-02  7.07561E-03  6.18528E+03  1.00000E-35  6.18537E+03
   3.03635E+02  8.79785E-02  7.08212E-03  6.48487E+03  1.00000E-35  6.48496E+03
   3.04367E+02  9.37554E-02  7.08863E-03  6.81282E+03  1.00000E-35  6.81292E+03
   3.05837E+02  1.11992E-01  7.10168E-03  7.55500E+03  1.00000E-35  7.55512E+03
   3.08798E+02  1.69370E-01  7.12785E-03  9.34954E+03  1.00000E-35  9.34972E+03
   3.10289E+02  2.11025E-01  7.14097E-03  1.03666E+04  1.00000E-35  1.03669E+04
   3.11787E+02  2.60155E-01  7.15411E-03  1.14294E+04  1.00000E-35  1.14296E+04
   3.13293E+02  3.20332E-01  7.16728E-03  1.25135E+04  1.00000E-35  1.25138E+04
   3.14805E+02  3.84324E-01  7.18046E-03  1.35938E+04  1.00000E-35  1.35942E+04
   3.16326E+02  4.60062E-01  7.19369E-03  1.46498E+04  1.00000E-35  1.46503E+04
   3.17853E+02  5.36192E-01  7.20692E-03  1.56663E+04  1.00000E-35  1.56669E+04
   3.19388E+02  6.22480E-01  7.22019E-03  1.66329E+04  1.00000E-35  1.66335E+04
   3.20930E+02  7.06801E-01  7.23367E-03  1.75441E+04  1.00000E-35  1.75448E+04
   3.22480E+02  7.98202E-01  7.24834E-03  1.83978E+04  1.00000E-35  1.83986E+04
   3.24037E+02  8.85929E-01  7.26303E-03  1.91876E+04  1.00000E-35  1.91885E+04
   3.25602E+02  9.77746E-01  7.27776E-03  1.99329E+04  1.00000E-35  1.99339E+04
   3.27174E+02  1.06656E+00  7.29251E-03  2.06179E+04  1.00000E-35  2.06190E+04
   3.28754E+02  1.15712E+00  7.30730E-03  2.12442E+04  1.00000E-35  2.12454E+04
   3.30341E+02  1.24572E+00  7.32211E-03  2.18324E+04  1.00000E-35  2.18336E+04
   3.31937E+02  1.33287E+00  7.33697E-03  2.23613E+04  1.00000E-35  2.23627E+04
   3.33539E+02  1.41732E+00  7.35184E-03  2.28442E+04  1.00000E-35  2.28456E+04
   3.35150E+02  1.50000E+00  7.36675E-03  2.32836E+04  1.00000E-35  2.32852E+04
   3.36768E+02  1.58224E+00  7.38168E-03  2.36734E+04  1.00000E-35  2.36750E+04
   3.40029E+02  1.73695E+00  7.41166E-03  2.43233E+04  1.00000E-35  2.43251E+04
   3.43320E+02  1.87958E+00  7.44174E-03  2.48057E+04  1.00000E-35  2.48075E+04
   3.46644E+02  2.01305E+00  7.47195E-03  2.51374E+04  1.00000E-35  2.51394E+04
   3.50000E+02  2.13054E+00  7.50302E-03  2.53277E+04  1.00000E-35  2.53298E+04
   3.52933E+02  2.22258E+00  7.53151E-03  2.54157E+04  1.00000E-35  2.54180E+04
   3.55891E+02  2.30723E+00  7.56011E-03  2.54222E+04  1.00000E-35  2.54245E+04
   3.61881E+02  2.45423E+00  7.61763E-03  2.52981E+04  1.00000E-35  2.53005E+04
   3.67972E+02  2.57479E+00  7.67560E-03  2.50405E+04  1.00000E-35  2.50431E+04
   3.74166E+02  2.68060E+00  7.73401E-03  2.47278E+04  1.00000E-35  2.47305E+04
   3.86867E+02  2.86872E+00  7.85615E-03  2.40079E+04  1.00000E-35  2.40108E+04
   4.00000E+02  3.03469E+00  7.98346E-03  2.32034E+04  1.00000E-35  2.32064E+04
   4.11953E+02  3.16394E+00  8.09746E-03  2.24233E+04  1.00000E-35  2.24265E+04
   4.24264E+02  3.26149E+00  8.21761E-03  2.15507E+04  1.00000E-35  2.15540E+04
   4.36943E+02  3.35488E+00  8.34008E-03  2.06428E+04  1.00000E-35  2.06462E+04
   4.50000E+02  3.92366E+00  8.46447E-03  1.97111E+04  1.00000E-35  1.97151E+04
   4.66000E+02  3.84518E+00  8.61872E-03  1.86251E+04  1.00000E-35  1.86290E+04
   4.66000E+02  3.84518E+00  8.61872E-03  2.01988E+04  1.00000E-35  2.02026E+04
   4.67345E+02  3.90658E+00  8.63157E-03  2.02732E+04  1.00000E-35  2.02771E+04
   4.68695E+02  3.96901E+00  8.64445E-03  2.03047E+04  1.00000E-35  2.03087E+04
   4.71405E+02  4.06663E+00  8.67025E-03  2.02991E+04  1.00000E-35  2.03032E+04
   4.76873E+02  4.14130E+00  8.72210E-03  2.01535E+04  1.00000E-35  2.01576E+04
   4.82404E+02  4.13265E+00  8.77424E-03  1.99196E+04  1.00000E-35  1.99237E+04
   4.88000E+02  4.20003E+00  8.82671E-03  1.96187E+04  1.00000E-35  1.96229E+04
   4.88000E+02  4.20003E+00  8.82671E-03  2.02506E+04  1.00000E-35  2.02548E+04
   4.90973E+02  4.25394E+00  8.85474E-03  2.02048E+04  1.00000E-35  2.02090E+04
   4.93964E+02  4.31058E+00  8.88306E-03  2.01006E+04  1.00000E-35  2.01049E+04
   5.00000E+02  4.41558E+00  8.93996E-03  1.98118E+04  1.00000E-35  1.98162E+04
   5.12057E+02  4.57463E+00  9.05266E-03  1.91149E+04  1.00000E-35  1.91194E+04
   5.24404E+02  4.69244E+00  9.16677E-03  1.83604E+04  1.00000E-35  1.83651E+04
   5.50000E+02  4.84475E+00  9.40054E-03  1.68982E+04  1.00000E-35  1.69031E+04
   5.70614E+02  4.98197E+00  9.58554E-03  1.58260E+04  1.00000E-35  1.58310E+04
   5.92000E+02  5.24103E+00  9.77414E-03  1.47892E+04  1.00000E-35  1.47944E+04
   5.92000E+02  5.24103E+00  9.77414E-03  1.55799E+04  1.00000E-35  1.55851E+04
   6.00000E+02  5.30398E+00  9.84385E-03  1.51796E+04  1.00000E-35  1.51849E+04
   6.48074E+02  5.55248E+00  1.02531E-02  1.31099E+04  1.00000E-35  1.31155E+04
   6.73537E+02  5.63988E+00  1.04634E-02  1.21692E+04  1.00000E-35  1.21749E+04
   7.00000E+02  5.71311E+00  1.06772E-02  1.12724E+04  1.00000E-35  1.12782E+04
   7.48331E+02  5.80620E+00  1.10564E-02  9.84951E+03  1.00000E-35  9.85533E+03
   8.00000E+02  5.85877E+00  1.14465E-02  8.58091E+03  1.00000E-35  8.58678E+03
   9.00000E+02  5.88866E+00  1.21671E-02  6.67327E+03  1.00000E-35  6.67917E+03
   1.00000E+03  5.87014E+00  1.28556E-02  5.29827E+03  1.00000E-35  5.30416E+03
   1.10000E+03  5.81853E+00  1.35260E-02  4.28040E+03  1.00000E-35  4.28624E+03
   1.25000E+03  5.66607E+00  1.45190E-02  3.19797E+03  1.00000E-35  3.20365E+03
   1.40000E+03  5.50013E+00  1.55241E-02  2.45788E+03  1.00000E-35  2.46339E+03
   1.50000E+03  5.37015E+00  1.62033E-02  2.08939E+03  1.00000E-35  2.09477E+03
   1.75000E+03  5.02950E+00  1.79600E-02  1.44645E+03  1.00000E-35  1.45150E+03
   2.00000E+03  4.64568E+00  1.98096E-02  1.04643E+03  1.00000E-35  1.05110E+03
   2.20000E+03  4.30565E+00  2.13179E-02  8.28222E+02  1.00000E-35  8.32549E+02
   2.50000E+03  3.66687E+00  2.36074E-02  6.03263E+02  1.00000E-35  6.06953E+02
   2.84400E+03  2.18614E+00  2.62441E-02  4.36436E+02  1.00000E-35  4.38648E+02
   2.84400E+03  2.18614E+00  2.62441E-02  1.07595E+03  1.00000E-35  1.07816E+03
   2.84597E+03  2.19541E+00  2.62592E-02  1.20508E+03  1.00000E-35  1.20730E+03
   2.84795E+03  2.20476E+00  2.62743E-02  1.29077E+03  1.00000E-35  1.29300E+03
   2.84992E+03  2.21410E+00  2.62893E-02  1.35422E+03  1.00000E-35  1.35646E+03
   2.85190E+03  2.22352E+00  2.63044E-02  1.40368E+03  1.00000E-35  1.40593E+03
   2.85387E+03  2.23292E+00  2.63195E-02  1.44306E+03  1.00000E-35  1.44532E+03
   2.85585E+03  2.24241E+00  2.63346E-02  1.47422E+03  1.00000E-35  1.47649E+03
   2.85783E+03  2.25267E+00  2.63497E-02  1.49917E+03  1.00000E-35  1.50144E+03
   2.85981E+03  2.26838E+00  2.63648E-02  1.51751E+03  1.00000E-35  1.51981E+03
   2.86180E+03  2.28428E+00  2.63800E-02  1.53244E+03  1.00000E-35  1.53475E+03
   2.86378E+03  2.30020E+00  2.63951E-02  1.54246E+03  1.00000E-35  1.54479E+03
   2.86775E+03  2.33241E+00  2.64253E-02  1.55162E+03  1.00000E-35  1.55398E+03
   2.87173E+03  2.36511E+00  2.64557E-02  1.55152E+03  1.00000E-35  1.55391E+03
   2.87572E+03  2.39831E+00  2.64861E-02  1.54416E+03  1.00000E-35  1.54658E+03
   2.89171E+03  2.51898E+00  2.66087E-02  1.50470E+03  1.00000E-35  1.50725E+03
   2.89973E+03  2.57233E+00  2.66705E-02  1.48906E+03  1.00000E-35  1.49166E+03
   2.90778E+03  2.62685E+00  2.67326E-02  1.47677E+03  1.00000E-35  1.47942E+03
   2.94021E+03  2.77924E+00  2.69824E-02  1.44036E+03  1.00000E-35  1.44316E+03
   2.97300E+03  2.95738E+00  2.72345E-02  1.39862E+03  1.00000E-35  1.40161E+03
   2.97300E+03  2.95738E+00  2.72345E-02  1.68926E+03  1.00000E-35  1.69225E+03
   2.97468E+03  2.96924E+00  2.72474E-02  1.74256E+03  1.00000E-35  1.74556E+03
   2.97636E+03  2.98114E+00  2.72603E-02  1.77961E+03  1.00000E-35  1.78262E+03
   2.97804E+03  2.99307E+00  2.72732E-02  1.80758E+03  1.00000E-35  1.81060E+03
   2.97973E+03  3.00512E+00  2.72862E-02  1.82957E+03  1.00000E-35  1.83260E+03
   2.98310E+03  3.02927E+00  2.73120E-02  1.86155E+03  1.00000E-35  1.86461E+03
   2.98647E+03  3.05359E+00  2.73379E-02  1.88194E+03  1.00000E-35  1.88502E+03
   2.98985E+03  3.07815E+00  2.73639E-02  1.89400E+03  1.00000E-35  1.89711E+03
   2.99323E+03  3.10322E+00  2.73898E-02  1.89949E+03  1.00000E-35  1.90262E+03
   3.00000E+03  3.15569E+00  2.74417E-02  1.89704E+03  1.00000E-35  1.90022E+03
   3.02783E+03  3.36566E+00  2.76550E-02  1.84249E+03  1.00000E-35  1.84588E+03
   3.05592E+03  3.53356E+00  2.78700E-02  1.80142E+03  1.00000E-35  1.80498E+03
   3.11288E+03  3.71405E+00  2.83050E-02  1.71952E+03  1.00000E-35  1.72327E+03
   3.23000E+03  3.99234E+00  2.92017E-02  1.56643E+03  1.00000E-35  1.57045E+03
   3.23000E+03  3.99234E+00  2.92017E-02  1.82224E+03  1.00000E-35  1.82626E+03
   3.24625E+03  4.06985E+00  2.93259E-02  1.78562E+03  1.00000E-35  1.78972E+03
   3.26258E+03  4.14178E+00  2.94507E-02  1.75912E+03  1.00000E-35  1.76330E+03
   3.29548E+03  4.26633E+00  2.97018E-02  1.72036E+03  1.00000E-35  1.72466E+03
   3.36229E+03  4.42218E+00  3.02105E-02  1.63788E+03  1.00000E-35  1.64233E+03
   3.50000E+03  4.59470E+00  3.12564E-02  1.48354E+03  1.00000E-35  1.48816E+03
   4.00000E+03  4.69283E+00  3.50031E-02  1.05871E+03  1.00000E-35  1.06344E+03
   4.50000E+03  4.52837E+00  3.86266E-02  7.83522E+02  1.00000E-35  7.88089E+02
   5.00000E+03  4.29288E+00  4.20863E-02  5.96756E+02  1.00000E-35  6.01091E+02
   5.50000E+03  4.04003E+00  4.53679E-02  4.65233E+02  1.00000E-35  4.69319E+02
   6.00000E+03  3.79370E+00  4.84666E-02  3.69926E+02  1.00000E-35  3.73769E+02
   7.00000E+03  3.34625E+00  5.41426E-02  2.45439E+02  1.00000E-35  2.48839E+02
   8.00000E+03  2.96810E+00  5.92172E-02  1.71367E+02  1.00000E-35  1.74395E+02
   9.00000E+03  2.64824E+00  6.37496E-02  1.24504E+02  1.00000E-35  1.27216E+02
   1.00000E+04  2.37712E+00  6.78643E-02  9.33834E+01  1.00000E-35  9.58284E+01
   1.10000E+04  2.14076E+00  7.15968E-02  7.18897E+01  1.00000E-35  7.41021E+01
   1.25000E+04  1.84059E+00  7.65550E-02  5.05154E+01  1.00000E-35  5.24326E+01
   1.40000E+04  1.59039E+00  8.08989E-02  3.68809E+01  1.00000E-35  3.85522E+01
   1.50000E+04  1.44567E+00  8.35041E-02  3.04298E+01  1.00000E-35  3.19590E+01
   1.75000E+04  1.14308E+00  8.92129E-02  1.97631E+01  1.00000E-35  2.09954E+01
   2.00000E+04  8.93909E-01  9.39841E-02  1.35699E+01  1.00000E-35  1.45578E+01
   2.20000E+04  6.27891E-01  9.72482E-02  1.03642E+01  1.00000E-35  1.10893E+01
   2.21230E+04  6.24512E-01  9.74301E-02  1.02011E+01  1.00000E-35  1.09230E+01
   2.21230E+04  6.24512E-01  9.74301E-02  7.11026E+01  1.00000E-35  7.18246E+01
   2.21441E+04  6.26357E-01  9.74612E-02  6.67071E+01  1.00000E-35  6.74309E+01
   2.21653E+04  6.28215E-01  9.74925E-02  6.63657E+01  1.00000E-35  6.70914E+01
   2.21865E+04  6.30076E-01  9.75237E-02  6.70313E+01  1.00000E-35  6.77589E+01
   2.22077E+04  6.31942E-01  9.75550E-02  6.70646E+01  1.00000E-35  6.77941E+01
   2.22927E+04  6.40071E-01  9.76799E-02  6.65433E+01  1.00000E-35  6.72810E+01
   2.24637E+04  6.68412E-01  9.79304E-02  6.53438E+01  1.00000E-35  6.61102E+01
   2.28096E+04  7.09571E-01  9.84331E-02  6.27960E+01  1.00000E-35  6.36040E+01
   2.35175E+04  7.32381E-01  9.94465E-02  5.79366E+01  1.00000E-35  5.87684E+01
   2.50000E+04  7.17301E-01  1.01397E-01  4.94118E+01  1.00000E-35  5.02305E+01
   2.73861E+04  6.59520E-01  1.04200E-01  3.88568E+01  1.00000E-35  3.96206E+01
   3.00000E+04  5.94045E-01  1.06837E-01  3.04864E+01  1.00000E-35  3.11873E+01
   3.50000E+04  4.84780E-01  1.10822E-01  2.01144E+01  1.00000E-35  2.07100E+01
   4.00000E+04  3.99069E-01  1.13735E-01  1.39577E+01  1.00000E-35  1.44705E+01
   4.50000E+04  3.32505E-01  1.15772E-01  1.00739E+01  1.00000E-35  1.05222E+01
   5.00000E+04  2.80876E-01  1.17178E-01  7.50423E+00  1.00000E-35  7.90229E+00
   5.50000E+04  2.39849E-01  1.18081E-01  5.73727E+00  1.00000E-35  6.09520E+00
   6.00000E+04  2.06695E-01  1.18599E-01  4.48292E+00  1.00000E-35  4.80821E+00
   7.00000E+04  1.57668E-01  1.18838E-01  2.88575E+00  1.00000E-35  3.16226E+00
   8.00000E+04  1.24392E-01  1.18414E-01  1.96426E+00  1.00000E-35  2.20707E+00
   9.00000E+04  1.00820E-01  1.17574E-01  1.39626E+00  1.00000E-35  1.61465E+00
   1.00000E+05  8.35270E-02  1.16474E-01  1.02753E+00  1.00000E-35  1.22753E+00
   1.10000E+05  7.03129E-02  1.15179E-01  7.77963E-01  1.00000E-35  9.63455E-01
   1.25000E+05  5.57246E-02  1.13061E-01  5.35192E-01  1.00000E-35  7.03977E-01
   1.40000E+05  4.52350E-02  1.10887E-01  3.83980E-01  1.00000E-35  5.40102E-01
   1.50000E+05  3.97958E-02  1.09404E-01  3.13707E-01  1.00000E-35  4.62906E-01
   1.75000E+05  2.98164E-02  1.05781E-01  1.99841E-01  1.00000E-35  3.35438E-01
   2.00000E+05  2.31436E-02  1.02330E-01  1.35444E-01  1.00000E-35  2.60918E-01
   2.20000E+05  1.92961E-02  9.97052E-02  1.02770E-01  1.00000E-35  2.21771E-01
   2.50000E+05  1.50895E-02  9.60410E-02  7.11694E-02  1.00000E-35  1.82300E-01
   3.00000E+05  1.06141E-02  9.06105E-02  4.24677E-02  1.00000E-35  1.43692E-01
   3.50000E+05  7.86000E-03  8.59048E-02  2.77039E-02  1.00000E-35  1.21469E-01
   4.00000E+05  6.05832E-03  8.18087E-02  1.93034E-02  1.00000E-35  1.07170E-01
   4.50000E+05  4.81078E-03  7.82120E-02  1.41471E-02  1.00000E-35  9.71698E-02
   5.00000E+05  3.90987E-03  7.50201E-02  1.07891E-02  1.00000E-35  8.97191E-02
   5.50000E+05  3.24116E-03  7.21546E-02  8.49630E-03  1.00000E-35  8.38920E-02
   6.00000E+05  2.73106E-03  6.95720E-02  6.86877E-03  1.00000E-35  7.91719E-02
   7.00000E+05  2.01373E-03  6.50797E-02  4.77630E-03  1.00000E-35  7.18697E-02
   8.00000E+05  1.54496E-03  6.12769E-02  3.53679E-03  1.00000E-35  6.63587E-02
   9.00000E+05  1.22295E-03  5.80171E-02  2.74363E-03  1.00000E-35  6.19837E-02
   1.00000E+06  9.92208E-04  5.51639E-02  2.20513E-03  1.00000E-35  5.83613E-02
   1.10000E+06  8.21202E-04  5.26470E-02  1.82210E-03  6.33707E-06  5.52967E-02
   1.25000E+06  6.36461E-04  4.93701E-02  1.42458E-03  1.38514E-04  5.15697E-02
   1.40000E+06  5.07623E-04  4.65555E-02  1.15554E-03  4.20740E-04  4.86394E-02
   1.50000E+06  4.42321E-04  4.48907E-02  1.02121E-03  6.77005E-04  4.70312E-02
   1.75000E+06  3.25179E-04  4.12924E-02  7.82432E-04  1.45672E-03  4.38567E-02
   2.00000E+06  2.49104E-04  3.83177E-02  6.27508E-04  2.37191E-03  4.15663E-02
   2.20000E+06  2.05953E-04  3.62805E-02  5.38900E-04  3.14661E-03  4.01720E-02
   2.50000E+06  1.59575E-04  3.36657E-02  4.42117E-04  4.33323E-03  3.86006E-02
   3.00000E+06  1.10899E-04  3.01528E-02  3.38102E-04  6.25270E-03  3.68545E-02
   3.50000E+06  8.14920E-05  2.73911E-02  2.71847E-04  8.07367E-03  3.58181E-02
   4.00000E+06  6.23968E-05  2.51488E-02  2.26322E-04  9.76340E-03  3.52009E-02
   4.50000E+06  4.93044E-05  2.32908E-02  1.93294E-04  1.13605E-02  3.48939E-02
   5.00000E+06  3.99388E-05  2.17184E-02  1.68335E-04  1.28292E-02  3.47558E-02
   5.50000E+06  3.30090E-05  2.03679E-02  1.48864E-04  1.41792E-02  3.47290E-02
   6.00000E+06  2.77380E-05  1.91938E-02  1.33283E-04  1.54946E-02  3.48495E-02
   7.00000E+06  2.03807E-05  1.72486E-02  1.09972E-04  1.78989E-02  3.52778E-02
   8.00000E+06  1.56051E-05  1.56974E-02  9.34215E-05  2.00523E-02  3.58587E-02
   9.00000E+06  1.23307E-05  1.44270E-02  8.10990E-05  2.20070E-02  3.65275E-02
   1.00000E+07  9.98810E-06  1.33655E-02  7.15870E-05  2.38002E-02  3.72473E-02
   1.10000E+07  8.25469E-06  1.24639E-02  6.40330E-05  2.54503E-02  3.79865E-02
   1.25000E+07  6.39247E-06  1.13380E-02  5.52399E-05  2.76787E-02  3.90783E-02
   1.40000E+07  5.09609E-06  1.04147E-02  4.85398E-05  2.96564E-02  4.01246E-02
   1.50000E+07  4.43927E-06  9.88593E-03  4.48971E-05  3.08549E-02  4.07901E-02
   1.75000E+07  3.26153E-06  8.79005E-03  3.77829E-05  3.35311E-02  4.23622E-02
   2.00000E+07  2.49714E-06  7.92997E-03  3.25977E-05  3.58699E-02  4.38350E-02
   2.20000E+07  2.06377E-06  7.36369E-03  2.93656E-05  3.75413E-02  4.49364E-02
   2.50000E+07  1.59819E-06  6.66184E-03  2.55568E-05  3.97659E-02  4.64549E-02
   3.00000E+07  1.10986E-06  5.76680E-03  2.10053E-05  4.28863E-02  4.86752E-02
   3.50000E+07  8.15410E-07  5.09835E-03  1.78247E-05  4.54629E-02  5.05799E-02
   4.00000E+07  6.24297E-07  4.57844E-03  1.54780E-05  4.76451E-02  5.22396E-02
   4.50000E+07  4.93274E-07  4.16133E-03  1.36759E-05  4.95218E-02  5.36973E-02
   5.00000E+07  3.99551E-07  3.81878E-03  1.22488E-05  5.11577E-02  5.49891E-02
   5.50000E+07  3.30208E-07  3.53201E-03  1.10909E-05  5.25947E-02  5.61382E-02
   6.00000E+07  2.77467E-07  3.28810E-03  1.01327E-05  5.39124E-02  5.72110E-02
   7.00000E+07  2.03854E-07  2.89473E-03  8.63930E-06  5.61349E-02  5.90385E-02
   8.00000E+07  1.56076E-07  2.59063E-03  7.52920E-06  5.79754E-02  6.05738E-02
   9.00000E+07  1.23319E-07  2.34786E-03  6.67167E-06  5.95270E-02  6.18817E-02
   1.00000E+08  9.98882E-08  2.14934E-03  5.98937E-06  6.08631E-02  6.30185E-02
   1.10000E+08  8.25528E-08  1.98372E-03  5.43361E-06  6.20224E-02  6.40116E-02
   1.25000E+08  6.39285E-08  1.78071E-03  4.76966E-06  6.34977E-02  6.52833E-02
   1.40000E+08  5.09636E-08  1.61762E-03  4.25025E-06  6.47428E-02  6.63647E-02
   1.50000E+08  4.43948E-08  1.52548E-03  3.96255E-06  6.54692E-02  6.69987E-02
   1.75000E+08  3.26166E-08  1.33760E-03  3.38900E-06  6.70104E-02  6.83514E-02
   2.00000E+08  2.49722E-08  1.19314E-03  2.96047E-06  6.82486E-02  6.94447E-02
   2.20000E+08  2.06382E-08  1.09940E-03  2.68849E-06  6.90721E-02  7.01742E-02
   2.50000E+08  1.59822E-08  9.84820E-04  2.36286E-06  7.01044E-02  7.10916E-02
   3.00000E+08  1.10987E-08  8.41283E-04  1.96599E-06  7.14602E-02  7.23035E-02
   3.50000E+08  8.15418E-09  7.35998E-04  1.68325E-06  7.25036E-02  7.32413E-02
   4.00000E+08  6.24303E-09  6.55286E-04  1.47161E-06  7.33168E-02  7.39736E-02
   4.50000E+08  4.93276E-09  5.91306E-04  1.30724E-06  7.39523E-02  7.45449E-02
   5.00000E+08  3.99553E-09  5.39285E-04  1.17590E-06  7.44981E-02  7.50386E-02
   5.50000E+08  3.30209E-09  4.96103E-04  1.06854E-06  7.49839E-02  7.54811E-02
   6.00000E+08  2.77468E-09  4.59647E-04  9.79148E-07  7.54266E-02  7.58872E-02
   7.00000E+08  2.03854E-09  4.01394E-04  8.38798E-07  7.60600E-02  7.64622E-02
   8.00000E+08  1.56075E-09  3.56834E-04  7.33638E-07  7.65488E-02  7.69064E-02
   9.00000E+08  1.23319E-09  3.21585E-04  6.51907E-07  7.69812E-02  7.73034E-02
   1.00000E+09  9.98882E-10  2.92970E-04  5.86563E-07  7.73548E-02  7.76483E-02
