 # Material data file: Hf                  
 # 
 # PENELOPE >>>  Photon mass attenuation coefficients (mac).
 # 
 #   Energy       mac_Ra       mac_Co       mac_ph       mac_pp       mac_tot
 #    (eV)       (cm**2/g)    (cm**2/g)    (cm**2/g)    (cm**2/g)    (cm**2/g)
 #------------------------------------------------------------------------------
   5.00000E+01  6.76901E-01  4.53343E-03  2.56467E+04  1.00000E-35  2.56473E+04
   5.24404E+01  6.12514E-01  4.53672E-03  2.33358E+04  1.00000E-35  2.33365E+04
   5.37050E+01  5.85191E-01  4.53836E-03  2.23325E+04  1.00000E-35  2.23331E+04
   5.50000E+01  5.60222E-01  4.54007E-03  2.14252E+04  1.00000E-35  2.14257E+04
   5.62095E+01  5.39241E-01  4.54169E-03  2.06789E+04  1.00000E-35  2.06794E+04
   5.74456E+01  5.19527E-01  4.54332E-03  2.00064E+04  1.00000E-35  2.00070E+04
   5.87089E+01  5.00561E-01  4.54494E-03  1.94072E+04  1.00000E-35  1.94077E+04
   6.00000E+01  4.83104E-01  4.54666E-03  1.88821E+04  1.00000E-35  1.88826E+04
   6.19071E+01  4.59398E-01  4.54921E-03  1.82432E+04  1.00000E-35  1.82437E+04
   6.38749E+01  4.37097E-01  4.55176E-03  1.77312E+04  1.00000E-35  1.77316E+04
   6.59052E+01  4.15956E-01  4.55447E-03  1.73447E+04  1.00000E-35  1.73451E+04
   6.80000E+01  3.96126E-01  4.55724E-03  1.70683E+04  1.00000E-35  1.70687E+04
   6.80000E+01  3.96126E-01  4.55724E-03  1.72495E+04  1.00000E-35  1.72499E+04
   7.00000E+01  3.88282E-01  4.55981E-03  1.70765E+04  1.00000E-35  1.70769E+04
   7.23762E+01  3.72760E-01  4.56301E-03  1.69835E+04  1.00000E-35  1.69838E+04
   7.48331E+01  3.60471E-01  4.56623E-03  1.69893E+04  1.00000E-35  1.69896E+04
   7.73735E+01  3.50613E-01  4.56956E-03  1.70824E+04  1.00000E-35  1.70827E+04
   8.00000E+01  3.43767E-01  4.57306E-03  1.72486E+04  1.00000E-35  1.72489E+04
   8.48528E+01  3.39884E-01  4.57944E-03  1.76802E+04  1.00000E-35  1.76806E+04
   9.00000E+01  3.45655E-01  4.58618E-03  1.82234E+04  1.00000E-35  1.82237E+04
   1.00000E+02  3.82665E-01  4.59939E-03  1.92664E+04  1.00000E-35  1.92668E+04
   1.04881E+02  4.11232E-01  4.60582E-03  1.97065E+04  1.00000E-35  1.97069E+04
   1.10000E+02  4.47075E-01  4.61258E-03  2.01100E+04  1.00000E-35  2.01104E+04
   1.17260E+02  5.04671E-01  4.62207E-03  2.05784E+04  1.00000E-35  2.05789E+04
   1.25000E+02  5.75004E-01  4.63229E-03  2.09715E+04  1.00000E-35  2.09721E+04
   1.32288E+02  6.48173E-01  4.64196E-03  2.12436E+04  1.00000E-35  2.12443E+04
   1.40000E+02  7.31658E-01  4.65206E-03  2.14314E+04  1.00000E-35  2.14322E+04
   1.44914E+02  7.87673E-01  4.65858E-03  2.14924E+04  1.00000E-35  2.14931E+04
   1.50000E+02  8.47021E-01  4.66511E-03  2.15083E+04  1.00000E-35  2.15092E+04
   1.55893E+02  9.18044E-01  4.67303E-03  2.14680E+04  1.00000E-35  2.14690E+04
   1.62019E+02  9.91291E-01  4.68097E-03  2.13720E+04  1.00000E-35  2.13730E+04
   1.68384E+02  1.06778E+00  4.68954E-03  2.12156E+04  1.00000E-35  2.12167E+04
   1.75000E+02  1.14725E+00  4.69828E-03  2.10056E+04  1.00000E-35  2.10067E+04
   1.87083E+02  1.28548E+00  4.71479E-03  2.05310E+04  1.00000E-35  2.05322E+04
   2.00000E+02  1.41610E+00  4.73297E-03  1.99374E+04  1.00000E-35  1.99388E+04
   2.08327E+02  1.49285E+00  4.74482E-03  1.95162E+04  1.00000E-35  1.95177E+04
   2.17000E+02  1.67560E+00  4.75890E-03  1.90488E+04  1.00000E-35  1.90505E+04
   2.17000E+02  1.67560E+00  4.75890E-03  2.00831E+04  1.00000E-35  2.00847E+04
   2.20000E+02  1.74199E+00  4.76387E-03  1.98946E+04  1.00000E-35  1.98964E+04
   2.29000E+02  1.91231E+00  4.77853E-03  1.95046E+04  1.00000E-35  1.95065E+04
   2.29000E+02  1.91231E+00  4.77853E-03  2.02336E+04  1.00000E-35  2.02356E+04
   2.39270E+02  2.09593E+00  4.79985E-03  1.95905E+04  1.00000E-35  1.95926E+04
   2.44576E+02  2.17400E+00  4.81054E-03  1.92171E+04  1.00000E-35  1.92193E+04
   2.50000E+02  2.23867E+00  4.82206E-03  1.87672E+04  1.00000E-35  1.87694E+04
   2.73861E+02  2.44331E+00  4.88674E-03  1.67669E+04  1.00000E-35  1.67693E+04
   2.86633E+02  2.53122E+00  4.93053E-03  1.58846E+04  1.00000E-35  1.58871E+04
   3.00000E+02  2.61849E+00  4.98145E-03  1.50849E+04  1.00000E-35  1.50876E+04
   3.50000E+02  2.90990E+00  5.23949E-03  1.27776E+04  1.00000E-35  1.27805E+04
   3.86000E+02  3.20380E+00  5.49797E-03  1.14523E+04  1.00000E-35  1.14555E+04
   3.86000E+02  3.20380E+00  5.49797E-03  1.22426E+04  1.00000E-35  1.22458E+04
   4.00000E+02  3.34324E+00  5.61278E-03  1.18071E+04  1.00000E-35  1.18104E+04
   4.21426E+02  3.50051E+00  5.79612E-03  1.11084E+04  1.00000E-35  1.11119E+04
   4.44000E+02  3.65934E+00  6.00401E-03  1.04194E+04  1.00000E-35  1.04230E+04
   4.44000E+02  3.65934E+00  6.00401E-03  1.05975E+04  1.00000E-35  1.06011E+04
   4.50000E+02  3.70466E+00  6.05906E-03  1.04241E+04  1.00000E-35  1.04278E+04
   4.74342E+02  3.84922E+00  6.30485E-03  9.75335E+03  1.00000E-35  9.75720E+03
   5.00000E+02  3.96760E+00  6.57020E-03  9.09624E+03  1.00000E-35  9.10021E+03
   5.42000E+02  4.18686E+00  7.02737E-03  8.13440E+03  1.00000E-35  8.13859E+03
   5.42000E+02  4.18686E+00  7.02737E-03  8.39351E+03  1.00000E-35  8.39771E+03
   5.50000E+02  4.22920E+00  7.11809E-03  8.19438E+03  1.00000E-35  8.19862E+03
   6.00000E+02  4.43631E+00  7.69139E-03  7.21739E+03  1.00000E-35  7.22184E+03
   6.48074E+02  4.57439E+00  8.25642E-03  6.41055E+03  1.00000E-35  6.41513E+03
   7.00000E+02  4.68127E+00  8.87316E-03  5.66629E+03  1.00000E-35  5.67098E+03
   7.48331E+02  4.74708E+00  9.44710E-03  5.07258E+03  1.00000E-35  5.07734E+03
   8.00000E+02  4.77943E+00  1.00539E-02  4.52553E+03  1.00000E-35  4.53032E+03
   8.48528E+02  4.78821E+00  1.06137E-02  4.08243E+03  1.00000E-35  4.08723E+03
   9.00000E+02  4.78116E+00  1.11970E-02  3.67472E+03  1.00000E-35  3.67952E+03
   1.00000E+03  4.71913E+00  1.22863E-02  3.02779E+03  1.00000E-35  3.03252E+03
   1.10000E+03  4.58868E+00  1.33184E-02  2.52819E+03  1.00000E-35  2.53279E+03
   1.25000E+03  4.25275E+00  1.47646E-02  1.97084E+03  1.00000E-35  1.97511E+03
   1.40000E+03  3.73676E+00  1.60924E-02  1.57039E+03  1.00000E-35  1.57414E+03
   1.50000E+03  3.20331E+00  1.69275E-02  1.36390E+03  1.00000E-35  1.36712E+03
   1.66500E+03  1.46131E+00  1.82267E-02  1.09731E+03  1.00000E-35  1.09879E+03
   1.66500E+03  1.46131E+00  1.82267E-02  1.15463E+03  1.00000E-35  1.15611E+03
   1.66585E+03  1.47388E+00  1.82332E-02  1.16531E+03  1.00000E-35  1.16680E+03
   1.66669E+03  1.48639E+00  1.82396E-02  1.18097E+03  1.00000E-35  1.18247E+03
   1.66754E+03  1.49916E+00  1.82461E-02  1.20203E+03  1.00000E-35  1.20355E+03
   1.66839E+03  1.51203E+00  1.82526E-02  1.22915E+03  1.00000E-35  1.23068E+03
   1.66923E+03  1.52485E+00  1.82590E-02  1.26276E+03  1.00000E-35  1.26431E+03
   1.67008E+03  1.53792E+00  1.82654E-02  1.30316E+03  1.00000E-35  1.30472E+03
   1.67093E+03  1.55111E+00  1.82719E-02  1.35049E+03  1.00000E-35  1.35206E+03
   1.67178E+03  1.56439E+00  1.82784E-02  1.40434E+03  1.00000E-35  1.40592E+03
   1.67348E+03  1.59129E+00  1.82913E-02  1.53011E+03  1.00000E-35  1.53172E+03
   1.67518E+03  1.62059E+00  1.83043E-02  1.67353E+03  1.00000E-35  1.67517E+03
   1.67688E+03  1.66259E+00  1.83172E-02  1.82516E+03  1.00000E-35  1.82684E+03
   1.67858E+03  1.70564E+00  1.83301E-02  1.97459E+03  1.00000E-35  1.97631E+03
   1.67944E+03  1.72782E+00  1.83367E-02  2.04612E+03  1.00000E-35  2.04787E+03
   1.68029E+03  1.75002E+00  1.83431E-02  2.11410E+03  1.00000E-35  2.11586E+03
   1.68114E+03  1.77249E+00  1.83496E-02  2.17910E+03  1.00000E-35  2.18090E+03
   1.68200E+03  1.79551E+00  1.83561E-02  2.24041E+03  1.00000E-35  2.24222E+03
   1.68285E+03  1.81854E+00  1.83626E-02  2.29750E+03  1.00000E-35  2.29934E+03
   1.68370E+03  1.84185E+00  1.83691E-02  2.35133E+03  1.00000E-35  2.35319E+03
   1.68456E+03  1.86573E+00  1.83756E-02  2.40146E+03  1.00000E-35  2.40335E+03
   1.68542E+03  1.88991E+00  1.83821E-02  2.44755E+03  1.00000E-35  2.44946E+03
   1.68713E+03  1.93889E+00  1.83951E-02  2.53326E+03  1.00000E-35  2.53521E+03
   1.68884E+03  1.98908E+00  1.84081E-02  2.60852E+03  1.00000E-35  2.61053E+03
   1.69056E+03  2.03995E+00  1.84212E-02  2.67536E+03  1.00000E-35  2.67742E+03
   1.69228E+03  2.08017E+00  1.84342E-02  2.73653E+03  1.00000E-35  2.73863E+03
   1.69400E+03  2.12115E+00  1.84473E-02  2.79281E+03  1.00000E-35  2.79495E+03
   1.69572E+03  2.16289E+00  1.84603E-02  2.84407E+03  1.00000E-35  2.84625E+03
   1.69917E+03  2.24897E+00  1.84864E-02  2.93573E+03  1.00000E-35  2.93800E+03
   1.70262E+03  2.33830E+00  1.85126E-02  3.01229E+03  1.00000E-35  3.01465E+03
   1.70608E+03  2.43125E+00  1.85388E-02  3.07458E+03  1.00000E-35  3.07703E+03
   1.70955E+03  2.51365E+00  1.85650E-02  3.12166E+03  1.00000E-35  3.12419E+03
   1.71303E+03  2.59891E+00  1.85913E-02  3.15673E+03  1.00000E-35  3.15935E+03
   1.71651E+03  2.68688E+00  1.86176E-02  3.17849E+03  1.00000E-35  3.18119E+03
   1.72000E+03  2.77791E+00  1.86440E-02  3.19124E+03  1.00000E-35  3.19403E+03
   1.72000E+03  2.77791E+00  1.86440E-02  3.23394E+03  1.00000E-35  3.23674E+03
   1.72186E+03  2.82759E+00  1.86580E-02  3.25560E+03  1.00000E-35  3.25845E+03
   1.72372E+03  2.87882E+00  1.86721E-02  3.29236E+03  1.00000E-35  3.29525E+03
   1.72559E+03  2.93120E+00  1.86862E-02  3.34694E+03  1.00000E-35  3.34989E+03
   1.72745E+03  2.98418E+00  1.87002E-02  3.41976E+03  1.00000E-35  3.42276E+03
   1.73494E+03  3.20681E+00  1.87566E-02  3.80826E+03  1.00000E-35  3.81149E+03
   1.73681E+03  3.26478E+00  1.87707E-02  3.89595E+03  1.00000E-35  3.89924E+03
   1.73869E+03  3.32059E+00  1.87846E-02  3.97136E+03  1.00000E-35  3.97470E+03
   1.74057E+03  3.37340E+00  1.87984E-02  4.03661E+03  1.00000E-35  4.04001E+03
   1.74245E+03  3.42698E+00  1.88122E-02  4.09306E+03  1.00000E-35  4.09650E+03
   1.74622E+03  3.53683E+00  1.88399E-02  4.18591E+03  1.00000E-35  4.18947E+03
   1.75000E+03  3.65026E+00  1.88676E-02  4.25977E+03  1.00000E-35  4.26343E+03
   1.75366E+03  3.76331E+00  1.88945E-02  4.31857E+03  1.00000E-35  4.32236E+03
   1.75732E+03  3.85002E+00  1.89213E-02  4.36679E+03  1.00000E-35  4.37066E+03
   1.76099E+03  3.93686E+00  1.89482E-02  4.40441E+03  1.00000E-35  4.40836E+03
   1.76467E+03  4.02572E+00  1.89751E-02  4.42819E+03  1.00000E-35  4.43224E+03
   1.76835E+03  4.11639E+00  1.90020E-02  4.44432E+03  1.00000E-35  4.44845E+03
   1.77205E+03  4.19666E+00  1.90290E-02  4.44864E+03  1.00000E-35  4.45285E+03
   1.77946E+03  4.33769E+00  1.90831E-02  4.43919E+03  1.00000E-35  4.44355E+03
   1.79437E+03  4.60288E+00  1.91917E-02  4.38426E+03  1.00000E-35  4.38889E+03
   1.80941E+03  4.84341E+00  1.93010E-02  4.31942E+03  1.00000E-35  4.32428E+03
   1.83986E+03  5.27256E+00  1.95213E-02  4.16789E+03  1.00000E-35  4.17318E+03
   1.87083E+03  5.63042E+00  1.97442E-02  4.00692E+03  1.00000E-35  4.01257E+03
   2.00000E+03  6.28998E+00  2.06436E-02  3.40174E+03  1.00000E-35  3.40805E+03
   2.11300E+03  6.64515E+00  2.14037E-02  2.96659E+03  1.00000E-35  2.97325E+03
   2.11300E+03  6.64515E+00  2.14037E-02  3.39992E+03  1.00000E-35  3.40658E+03
   2.11567E+03  6.67108E+00  2.14213E-02  3.41534E+03  1.00000E-35  3.42203E+03
   2.11834E+03  6.69708E+00  2.14389E-02  3.42026E+03  1.00000E-35  3.42698E+03
   2.12368E+03  6.74928E+00  2.14740E-02  3.41915E+03  1.00000E-35  3.42592E+03
   2.12905E+03  6.80089E+00  2.15093E-02  3.40484E+03  1.00000E-35  3.41167E+03
   2.13442E+03  6.84702E+00  2.15446E-02  3.38183E+03  1.00000E-35  3.38870E+03
   2.15606E+03  7.01789E+00  2.16864E-02  3.28699E+03  1.00000E-35  3.29403E+03
   2.20000E+03  7.23830E+00  2.19730E-02  3.13739E+03  1.00000E-35  3.14465E+03
   2.36900E+03  7.55885E+00  2.30416E-02  2.63381E+03  1.00000E-35  2.64139E+03
   2.36900E+03  7.55885E+00  2.30416E-02  2.77091E+03  1.00000E-35  2.77849E+03
   2.37299E+03  7.57429E+00  2.30664E-02  2.77754E+03  1.00000E-35  2.78514E+03
   2.37698E+03  7.58974E+00  2.30911E-02  2.77512E+03  1.00000E-35  2.78273E+03
   2.38499E+03  7.62078E+00  2.31408E-02  2.75923E+03  1.00000E-35  2.76687E+03
   2.40109E+03  7.68210E+00  2.32405E-02  2.71210E+03  1.00000E-35  2.71981E+03
   2.43362E+03  7.77867E+00  2.34412E-02  2.62810E+03  1.00000E-35  2.63590E+03
   2.50000E+03  7.86344E+00  2.38422E-02  2.46968E+03  1.00000E-35  2.47756E+03
   2.60400E+03  8.00181E+00  2.44623E-02  2.24415E+03  1.00000E-35  2.25218E+03
   2.60400E+03  8.00181E+00  2.44623E-02  2.35923E+03  1.00000E-35  2.36726E+03
   2.60977E+03  8.02042E+00  2.44964E-02  2.33795E+03  1.00000E-35  2.34600E+03
   2.61555E+03  8.03907E+00  2.45306E-02  2.32269E+03  1.00000E-35  2.33076E+03
   2.62714E+03  8.07645E+00  2.45990E-02  2.29897E+03  1.00000E-35  2.30708E+03
   2.65049E+03  8.13415E+00  2.47365E-02  2.25476E+03  1.00000E-35  2.26292E+03
   2.69781E+03  8.20544E+00  2.50110E-02  2.16429E+03  1.00000E-35  2.17252E+03
   2.79500E+03  8.28055E+00  2.55690E-02  1.99360E+03  1.00000E-35  2.00191E+03
   3.00000E+03  8.29528E+00  2.67184E-02  1.68874E+03  1.00000E-35  1.69706E+03
   3.50000E+03  8.05859E+00  2.93861E-02  1.16866E+03  1.00000E-35  1.17675E+03
   4.00000E+03  7.64584E+00  3.18995E-02  8.44493E+02  1.00000E-35  8.52171E+02
   4.50000E+03  7.18086E+00  3.42846E-02  6.31578E+02  1.00000E-35  6.38793E+02
   5.00000E+03  6.70844E+00  3.65575E-02  4.85719E+02  1.00000E-35  4.92464E+02
   5.50000E+03  6.25030E+00  3.87347E-02  3.82271E+02  1.00000E-35  3.88560E+02
   6.00000E+03  5.81725E+00  4.08247E-02  3.06736E+02  1.00000E-35  3.12595E+02
   7.00000E+03  5.02036E+00  4.47377E-02  2.06993E+02  1.00000E-35  2.12059E+02
   8.00000E+03  4.27428E+00  4.83380E-02  1.46774E+02  1.00000E-35  1.51097E+02
   9.00000E+03  3.46578E+00  5.16919E-02  1.08140E+02  1.00000E-35  1.11657E+02
   9.56400E+03  2.72860E+00  5.34975E-02  9.22424E+01  1.00000E-35  9.50245E+01
   9.56400E+03  2.72860E+00  5.34975E-02  2.30789E+02  1.00000E-35  2.33572E+02
   9.57066E+03  2.73423E+00  5.35184E-02  2.46856E+02  1.00000E-35  2.49644E+02
   9.57733E+03  2.73986E+00  5.35393E-02  2.52144E+02  1.00000E-35  2.54938E+02
   9.58401E+03  2.74552E+00  5.35602E-02  2.51248E+02  1.00000E-35  2.54047E+02
   9.59068E+03  2.75117E+00  5.35811E-02  2.48044E+02  1.00000E-35  2.50849E+02
   9.59737E+03  2.75685E+00  5.36021E-02  2.45241E+02  1.00000E-35  2.48052E+02
   9.60405E+03  2.76253E+00  5.36230E-02  2.43552E+02  1.00000E-35  2.46368E+02
   9.61075E+03  2.76823E+00  5.36440E-02  2.42872E+02  1.00000E-35  2.45694E+02
   9.61744E+03  2.77394E+00  5.36649E-02  2.42683E+02  1.00000E-35  2.45511E+02
   9.64428E+03  2.80083E+00  5.37488E-02  2.41496E+02  1.00000E-35  2.44350E+02
   9.67118E+03  2.84185E+00  5.38328E-02  2.39521E+02  1.00000E-35  2.42417E+02
   9.77957E+03  2.99669E+00  5.41703E-02  2.33431E+02  1.00000E-35  2.36481E+02
   1.00000E+04  3.13892E+00  5.48516E-02  2.20338E+02  1.00000E-35  2.23531E+02
   1.07420E+04  2.88419E+00  5.70763E-02  1.81869E+02  1.00000E-35  1.84810E+02
   1.07420E+04  2.88419E+00  5.70763E-02  2.38987E+02  1.00000E-35  2.41929E+02
   1.07500E+04  2.88255E+00  5.70998E-02  2.50391E+02  1.00000E-35  2.53331E+02
   1.07579E+04  2.88094E+00  5.71230E-02  2.52226E+02  1.00000E-35  2.55164E+02
   1.07739E+04  2.88318E+00  5.71699E-02  2.48926E+02  1.00000E-35  2.51866E+02
   1.07819E+04  2.88634E+00  5.71934E-02  2.47712E+02  1.00000E-35  2.50656E+02
   1.07899E+04  2.88949E+00  5.72169E-02  2.47204E+02  1.00000E-35  2.50151E+02
   1.08059E+04  2.89580E+00  5.72638E-02  2.46491E+02  1.00000E-35  2.49444E+02
   1.08702E+04  2.92198E+00  5.74519E-02  2.42767E+02  1.00000E-35  2.45746E+02
   1.10000E+04  2.98242E+00  5.78301E-02  2.35654E+02  1.00000E-35  2.38694E+02
   1.12750E+04  3.04780E+00  5.86175E-02  2.20704E+02  1.00000E-35  2.23811E+02
   1.12750E+04  3.04780E+00  5.86175E-02  2.59533E+02  1.00000E-35  2.62639E+02
   1.12841E+04  3.05229E+00  5.86431E-02  2.55206E+02  1.00000E-35  2.58317E+02
   1.12932E+04  3.05678E+00  5.86688E-02  2.54102E+02  1.00000E-35  2.57217E+02
   1.13114E+04  3.06577E+00  5.87200E-02  2.53813E+02  1.00000E-35  2.56937E+02
   1.13479E+04  3.08384E+00  5.88226E-02  2.51754E+02  1.00000E-35  2.54896E+02
   1.14213E+04  3.12032E+00  5.90285E-02  2.47695E+02  1.00000E-35  2.50875E+02
   1.15695E+04  3.18016E+00  5.94424E-02  2.39759E+02  1.00000E-35  2.42998E+02
   1.18717E+04  3.21627E+00  6.02790E-02  2.24591E+02  1.00000E-35  2.27868E+02
   1.25000E+04  3.18145E+00  6.19618E-02  1.97065E+02  1.00000E-35  2.00309E+02
   1.40000E+04  2.94715E+00  6.57217E-02  1.47195E+02  1.00000E-35  1.50208E+02
   1.50000E+04  2.76311E+00  6.80306E-02  1.23037E+02  1.00000E-35  1.25868E+02
   1.75000E+04  2.33413E+00  7.31922E-02  8.21365E+01  1.00000E-35  8.45438E+01
   2.00000E+04  1.98543E+00  7.75907E-02  5.76694E+01  1.00000E-35  5.97324E+01
   2.20000E+04  1.75838E+00  8.06349E-02  4.47185E+01  1.00000E-35  4.65575E+01
   2.50000E+04  1.48188E+00  8.45060E-02  3.17208E+01  1.00000E-35  3.32872E+01
   3.00000E+04  1.13850E+00  8.95362E-02  1.93591E+01  1.00000E-35  2.05872E+01
   3.50000E+04  8.99455E-01  9.32457E-02  1.27101E+01  1.00000E-35  1.37028E+01
   4.00000E+04  7.24576E-01  9.60388E-02  8.80925E+00  1.00000E-35  9.62987E+00
   4.50000E+04  5.91443E-01  9.81170E-02  6.36601E+00  1.00000E-35  7.05557E+00
   5.00000E+04  4.91454E-01  9.97030E-02  4.75570E+00  1.00000E-35  5.34686E+00
   5.50000E+04  4.11830E-01  1.00895E-01  3.65006E+00  1.00000E-35  4.16279E+00
   6.00000E+04  3.43624E-01  1.01769E-01  2.86507E+00  1.00000E-35  3.31046E+00
   6.53500E+04  2.55916E-01  1.02423E-01  2.25642E+00  1.00000E-35  2.61476E+00
   6.53500E+04  2.55916E-01  1.02423E-01  1.26225E+01  1.00000E-35  1.29808E+01
   6.53851E+04  2.55526E-01  1.02427E-01  1.16585E+01  1.00000E-35  1.20164E+01
   6.54202E+04  2.55137E-01  1.02431E-01  1.16660E+01  1.00000E-35  1.20235E+01
   6.54905E+04  2.54808E-01  1.02439E-01  1.16413E+01  1.00000E-35  1.19985E+01
   6.56314E+04  2.55599E-01  1.02455E-01  1.15750E+01  1.00000E-35  1.19331E+01
   6.59139E+04  2.57189E-01  1.02479E-01  1.14564E+01  1.00000E-35  1.18161E+01
   6.64827E+04  2.63500E-01  1.02522E-01  1.12140E+01  1.00000E-35  1.15800E+01
   6.76351E+04  2.74269E-01  1.02609E-01  1.07375E+01  1.00000E-35  1.11144E+01
   7.00000E+04  2.74840E-01  1.02782E-01  9.82693E+00  1.00000E-35  1.02046E+01
   8.00000E+04  2.37183E-01  1.03102E-01  6.93864E+00  1.00000E-35  7.27892E+00
   9.00000E+04  1.99058E-01  1.02944E-01  5.08544E+00  1.00000E-35  5.38744E+00
   1.00000E+05  1.67898E-01  1.02446E-01  3.84123E+00  1.00000E-35  4.11157E+00
   1.10000E+05  1.42927E-01  1.01671E-01  2.97465E+00  1.00000E-35  3.21924E+00
   1.25000E+05  1.14043E-01  1.00232E-01  2.10639E+00  1.00000E-35  2.32066E+00
   1.40000E+05  9.30158E-02  9.86593E-02  1.54865E+00  1.00000E-35  1.74033E+00
   1.50000E+05  8.20294E-02  9.75443E-02  1.28358E+00  1.00000E-35  1.46315E+00
   1.75000E+05  6.19453E-02  9.47376E-02  8.43420E-01  1.00000E-35  1.00010E+00
   2.00000E+05  4.84820E-02  9.19905E-02  5.86512E-01  1.00000E-35  7.26984E-01
   2.20000E+05  4.06267E-02  8.98683E-02  4.52978E-01  1.00000E-35  5.83473E-01
   2.50000E+05  3.19501E-02  8.68696E-02  3.20999E-01  1.00000E-35  4.39818E-01
   3.00000E+05  2.25805E-02  8.23460E-02  1.97625E-01  1.00000E-35  3.02551E-01
   3.50000E+05  1.67944E-02  7.83463E-02  1.32160E-01  1.00000E-35  2.27300E-01
   4.00000E+05  1.29665E-02  7.48046E-02  9.39497E-02  1.00000E-35  1.81721E-01
   4.50000E+05  1.03136E-02  7.16537E-02  6.99873E-02  1.00000E-35  1.51955E-01
   5.00000E+05  8.40291E-03  6.88336E-02  5.40927E-02  1.00000E-35  1.31329E-01
   5.50000E+05  6.97520E-03  6.62820E-02  4.30646E-02  1.00000E-35  1.16322E-01
   6.00000E+05  5.88064E-03  6.39694E-02  3.51257E-02  1.00000E-35  1.04976E-01
   7.00000E+05  4.34602E-03  5.99280E-02  2.47436E-02  1.00000E-35  8.90176E-02
   8.00000E+05  3.34331E-03  5.64851E-02  1.84720E-02  1.00000E-35  7.83005E-02
   9.00000E+05  2.64971E-03  5.35231E-02  1.43972E-02  1.00000E-35  7.05701E-02
   1.00000E+06  2.15150E-03  5.09257E-02  1.15979E-02  1.00000E-35  6.46751E-02
   1.10000E+06  1.78202E-03  4.86242E-02  9.58849E-03  1.32674E-05  6.00080E-02
   1.25000E+06  1.38390E-03  4.56215E-02  7.48616E-03  2.97168E-04  5.47887E-02
   1.40000E+06  1.10508E-03  4.30387E-02  6.05382E-03  9.02524E-04  5.11001E-02
   1.50000E+06  9.63317E-04  4.15090E-02  5.33622E-03  1.43611E-03  4.92447E-02
   1.75000E+06  7.08854E-04  3.81953E-02  4.05817E-03  2.91434E-03  4.58766E-02
   2.00000E+06  5.43453E-04  3.54549E-02  3.22907E-03  4.47352E-03  4.37010E-02
   2.20000E+06  4.49572E-04  3.35768E-02  2.75587E-03  5.72121E-03  4.25035E-02
   2.50000E+06  3.48537E-04  3.11606E-02  2.24102E-03  7.54163E-03  4.12918E-02
   3.00000E+06  2.42136E-04  2.79144E-02  1.68655E-03  1.03401E-02  4.01832E-02
   3.50000E+06  1.77953E-04  2.53631E-02  1.33850E-03  1.29155E-02  3.97951E-02
   4.00000E+06  1.36283E-04  2.32897E-02  1.10261E-03  1.52597E-02  3.97883E-02
   4.50000E+06  1.07707E-04  2.15709E-02  9.33592E-04  1.74328E-02  4.00450E-02
   5.00000E+06  8.72613E-05  2.01190E-02  8.07258E-04  1.94126E-02  4.04262E-02
   5.50000E+06  7.21312E-05  1.88691E-02  7.09647E-04  2.12298E-02  4.08807E-02
   6.00000E+06  6.06212E-05  1.77816E-02  6.32225E-04  2.29863E-02  4.14608E-02
   7.00000E+06  4.45521E-05  1.59801E-02  5.17616E-04  2.61652E-02  4.27075E-02
   8.00000E+06  3.41149E-05  1.45432E-02  4.36274E-04  2.90122E-02  4.40258E-02
   9.00000E+06  2.69555E-05  1.33666E-02  3.76197E-04  3.16009E-02  4.53706E-02
   1.00000E+07  2.18344E-05  1.23833E-02  3.30156E-04  3.39750E-02  4.67102E-02
   1.10000E+07  1.80454E-05  1.15480E-02  2.93831E-04  3.61748E-02  4.80347E-02
   1.25000E+07  1.39746E-05  1.05049E-02  2.51853E-04  3.92021E-02  4.99729E-02
   1.40000E+07  1.11408E-05  9.64954E-03  2.20114E-04  4.19266E-02  5.18074E-02
   1.50000E+07  9.70495E-06  9.15971E-03  2.02959E-04  4.35792E-02  5.29516E-02
   1.75000E+07  7.13040E-06  8.14441E-03  1.69678E-04  4.72310E-02  5.55522E-02
   2.00000E+07  5.45936E-06  7.34754E-03  1.45627E-04  5.04148E-02  5.79134E-02
   2.20000E+07  4.51194E-06  6.82289E-03  1.30733E-04  5.26791E-02  5.96372E-02
   2.50000E+07  3.49409E-06  6.17262E-03  1.13285E-04  5.56679E-02  6.19573E-02
   3.00000E+07  2.42645E-06  5.34335E-03  9.25960E-05  5.99255E-02  6.53639E-02
   3.50000E+07  1.78270E-06  4.72399E-03  7.82511E-05  6.34460E-02  6.82500E-02
   4.00000E+07  1.36489E-06  4.24226E-03  6.77318E-05  6.63991E-02  7.07104E-02
   4.50000E+07  1.07844E-06  3.85579E-03  5.96927E-05  6.89575E-02  7.28740E-02
   5.00000E+07  8.73533E-07  3.53840E-03  5.33524E-05  7.11966E-02  7.47892E-02
   5.50000E+07  7.21930E-07  3.27269E-03  4.82250E-05  7.31570E-02  7.64787E-02
   6.00000E+07  6.06624E-07  3.04670E-03  4.39941E-05  7.49516E-02  7.80429E-02
   7.00000E+07  4.45684E-07  2.68220E-03  3.74220E-05  7.79717E-02  8.06918E-02
   8.00000E+07  3.41228E-07  2.40044E-03  3.25549E-05  8.04662E-02  8.28996E-02
   9.00000E+07  2.69612E-07  2.17550E-03  2.88063E-05  8.25570E-02  8.47615E-02
   1.00000E+08  2.18386E-07  1.99155E-03  2.58308E-05  8.43522E-02  8.63698E-02
   1.10000E+08  1.80485E-07  1.83809E-03  2.34119E-05  8.59062E-02  8.77679E-02
   1.25000E+08  1.39767E-07  1.64998E-03  2.05276E-05  8.78746E-02  8.95452E-02
   1.40000E+08  1.11422E-07  1.49886E-03  1.82755E-05  8.95252E-02  9.10424E-02
   1.50000E+08  9.70602E-08  1.41349E-03  1.70298E-05  9.04835E-02  9.19141E-02
   1.75000E+08  7.13095E-08  1.23941E-03  1.45500E-05  9.25112E-02  9.37653E-02
   2.00000E+08  5.45967E-08  1.10555E-03  1.27004E-05  9.41443E-02  9.52626E-02
   2.20000E+08  4.51212E-08  1.01869E-03  1.15279E-05  9.52346E-02  9.62649E-02
   2.50000E+08  3.49419E-08  9.12523E-04  1.01256E-05  9.66027E-02  9.75253E-02
   3.00000E+08  2.42651E-08  7.79521E-04  8.41872E-06  9.83857E-02  9.91737E-02
   3.50000E+08  1.78274E-08  6.81967E-04  7.20417E-06  9.97360E-02  1.00425E-01
   4.00000E+08  1.36491E-08  6.07179E-04  6.29587E-06  1.00806E-01  1.01420E-01
   4.50000E+08  1.07845E-08  5.47899E-04  5.59095E-06  1.01673E-01  1.02226E-01
   5.00000E+08  8.73542E-09  4.99696E-04  5.02798E-06  1.02394E-01  1.02899E-01
   5.50000E+08  7.21935E-09  4.59684E-04  4.56797E-06  1.02995E-01  1.03459E-01
   6.00000E+08  6.06626E-09  4.25905E-04  4.18510E-06  1.03540E-01  1.03970E-01
   7.00000E+08  4.45684E-09  3.71929E-04  3.58427E-06  1.04397E-01  1.04772E-01
   8.00000E+08  3.41228E-09  3.30639E-04  3.13428E-06  1.05060E-01  1.05394E-01
   9.00000E+08  2.69612E-09  2.97977E-04  2.78467E-06  1.05592E-01  1.05892E-01
   1.00000E+09  2.18386E-09  2.71463E-04  2.50523E-06  1.06034E-01  1.06308E-01
