 # Material data file: K                   
 # 
 # PENELOPE >>>  Photon mass attenuation coefficients (mac).
 # 
 #   Energy       mac_Ra       mac_Co       mac_ph       mac_pp       mac_tot
 #    (eV)       (cm**2/g)    (cm**2/g)    (cm**2/g)    (cm**2/g)    (cm**2/g)
 #------------------------------------------------------------------------------
   5.00000E+01  5.77737E-01  5.39573E-03  1.79732E+04  1.00000E-35  1.79738E+04
   5.24404E+01  5.47476E-01  5.40956E-03  1.87565E+04  1.00000E-35  1.87570E+04
   5.50000E+01  5.24631E-01  5.42368E-03  1.94821E+04  1.00000E-35  1.94826E+04
   5.74456E+01  5.09471E-01  5.43739E-03  2.00569E+04  1.00000E-35  2.00574E+04
   6.00000E+01  4.98556E-01  5.45148E-03  2.05369E+04  1.00000E-35  2.05374E+04
   6.23574E+01  4.92410E-01  5.46470E-03  2.08579E+04  1.00000E-35  2.08584E+04
   6.48074E+01  4.89038E-01  5.47812E-03  2.10837E+04  1.00000E-35  2.10842E+04
   6.73537E+01  4.87240E-01  5.49247E-03  2.12249E+04  1.00000E-35  2.12254E+04
   7.00000E+01  4.88022E-01  5.50685E-03  2.12745E+04  1.00000E-35  2.12750E+04
   7.23762E+01  4.90037E-01  5.52030E-03  2.12451E+04  1.00000E-35  2.12456E+04
   7.48331E+01  4.93036E-01  5.53383E-03  2.11567E+04  1.00000E-35  2.11572E+04
   8.00000E+01  5.01168E-01  5.56254E-03  2.08235E+04  1.00000E-35  2.08240E+04
   8.48528E+01  5.10235E-01  5.58929E-03  2.03748E+04  1.00000E-35  2.03753E+04
   9.00000E+01  5.20170E-01  5.61747E-03  1.98146E+04  1.00000E-35  1.98152E+04
   9.48683E+01  5.29531E-01  5.64462E-03  1.92253E+04  1.00000E-35  1.92259E+04
   1.00000E+02  5.39060E-01  5.67272E-03  1.85746E+04  1.00000E-35  1.85751E+04
   1.04881E+02  5.47829E-01  5.69955E-03  1.79337E+04  1.00000E-35  1.79342E+04
   1.10000E+02  5.56361E-01  5.72771E-03  1.72442E+04  1.00000E-35  1.72448E+04
   1.13572E+02  5.60928E-01  5.74724E-03  1.67772E+04  1.00000E-35  1.67778E+04
   1.17260E+02  5.65532E-01  5.76717E-03  1.62834E+04  1.00000E-35  1.62840E+04
   1.21068E+02  5.70174E-01  5.78829E-03  1.57948E+04  1.00000E-35  1.57954E+04
   1.25000E+02  5.73053E-01  5.80949E-03  1.52836E+04  1.00000E-35  1.52842E+04
   1.32288E+02  5.77630E-01  5.84938E-03  1.43720E+04  1.00000E-35  1.43726E+04
   1.36089E+02  5.79154E-01  5.86974E-03  1.39172E+04  1.00000E-35  1.39178E+04
   1.40000E+02  5.78952E-01  5.89099E-03  1.34498E+04  1.00000E-35  1.34504E+04
   1.44914E+02  5.78707E-01  5.91775E-03  1.29011E+04  1.00000E-35  1.29017E+04
   1.50000E+02  5.76387E-01  5.94465E-03  1.23396E+04  1.00000E-35  1.23402E+04
   1.55893E+02  5.71675E-01  5.97691E-03  1.17368E+04  1.00000E-35  1.17374E+04
   1.62019E+02  5.65584E-01  6.00935E-03  1.11374E+04  1.00000E-35  1.11379E+04
   1.75000E+02  5.44049E-01  6.07877E-03  9.99500E+03  1.00000E-35  9.99555E+03
   1.87083E+02  5.16433E-01  6.14306E-03  9.06235E+03  1.00000E-35  9.06288E+03
   2.00000E+02  4.75984E-01  6.21105E-03  8.18683E+03  1.00000E-35  8.18732E+03
   2.20000E+02  3.92653E-01  6.31523E-03  7.03927E+03  1.00000E-35  7.03967E+03
   2.34521E+02  3.12294E-01  6.38986E-03  6.33061E+03  1.00000E-35  6.33093E+03
   2.50000E+02  2.07967E-01  6.46825E-03  5.67085E+03  1.00000E-35  5.67107E+03
   2.72029E+02  4.53215E-02  6.57887E-03  4.87972E+03  1.00000E-35  4.87978E+03
   2.96000E+02  3.42592E+00  6.69703E-03  4.17668E+03  1.00000E-35  4.18012E+03
   2.96000E+02  3.42592E+00  6.69703E-03  1.22036E+05  1.00000E-35  1.22040E+05
   2.96373E+02  3.88111E+00  6.69889E-03  1.05960E+05  1.00000E-35  1.05964E+05
   2.96560E+02  4.06545E+00  6.69982E-03  9.91241E+04  1.00000E-35  9.91282E+04
   2.96747E+02  4.16174E+00  6.70074E-03  9.30607E+04  1.00000E-35  9.30649E+04
   2.96934E+02  4.26025E+00  6.70167E-03  8.76893E+04  1.00000E-35  8.76936E+04
   2.97121E+02  4.36103E+00  6.70260E-03  8.29324E+04  1.00000E-35  8.29367E+04
   2.97309E+02  4.46469E+00  6.70353E-03  7.87328E+04  1.00000E-35  7.87373E+04
   2.97496E+02  4.57017E+00  6.70446E-03  7.49556E+04  1.00000E-35  7.49602E+04
   2.97684E+02  4.67865E+00  6.70539E-03  7.16119E+04  1.00000E-35  7.16165E+04
   2.97871E+02  4.78905E+00  6.70632E-03  6.85911E+04  1.00000E-35  6.85959E+04
   2.98059E+02  4.90258E+00  6.70725E-03  6.58945E+04  1.00000E-35  6.58994E+04
   2.98247E+02  5.01874E+00  6.70818E-03  6.34478E+04  1.00000E-35  6.34528E+04
   2.98435E+02  5.13757E+00  6.70911E-03  6.12440E+04  1.00000E-35  6.12491E+04
   2.98623E+02  5.25914E+00  6.71004E-03  5.92361E+04  1.00000E-35  5.92414E+04
   2.99000E+02  5.51141E+00  6.71190E-03  5.57443E+04  1.00000E-35  5.57498E+04
   2.99000E+02  5.51141E+00  6.71190E-03  1.13501E+05  1.00000E-35  1.13507E+05
   2.99250E+02  5.66348E+00  6.71314E-03  1.06051E+05  1.00000E-35  1.06057E+05
   2.99500E+02  5.61409E+00  6.71437E-03  9.95070E+04  1.00000E-35  9.95127E+04
   2.99750E+02  5.56517E+00  6.71560E-03  9.38523E+04  1.00000E-35  9.38578E+04
   3.00000E+02  5.51671E+00  6.71683E-03  8.89747E+04  1.00000E-35  8.89802E+04
   3.00181E+02  5.48192E+00  6.71773E-03  8.58729E+04  1.00000E-35  8.58784E+04
   3.00362E+02  5.44737E+00  6.71862E-03  8.30528E+04  1.00000E-35  8.30583E+04
   3.00723E+02  5.37916E+00  6.72039E-03  7.81857E+04  1.00000E-35  7.81911E+04
   3.01086E+02  5.31152E+00  6.72217E-03  7.41473E+04  1.00000E-35  7.41526E+04
   3.01449E+02  5.24481E+00  6.72396E-03  7.07348E+04  1.00000E-35  7.07401E+04
   3.01812E+02  5.17902E+00  6.72574E-03  6.78437E+04  1.00000E-35  6.78489E+04
   3.02176E+02  5.04778E+00  6.72752E-03  6.53590E+04  1.00000E-35  6.53640E+04
   3.02540E+02  4.85571E+00  6.72930E-03  6.32091E+04  1.00000E-35  6.32139E+04
   3.02904E+02  4.67116E+00  6.73108E-03  6.13355E+04  1.00000E-35  6.13402E+04
   3.03269E+02  4.49336E+00  6.73287E-03  5.96874E+04  1.00000E-35  5.96919E+04
   3.03635E+02  4.32207E+00  6.73465E-03  5.82357E+04  1.00000E-35  5.82400E+04
   3.04001E+02  4.15750E+00  6.73644E-03  5.69431E+04  1.00000E-35  5.69473E+04
   3.04367E+02  3.99938E+00  6.73822E-03  5.57947E+04  1.00000E-35  5.57987E+04
   3.05101E+02  3.72159E+00  6.74179E-03  5.38382E+04  1.00000E-35  5.38420E+04
   3.05837E+02  3.48951E+00  6.74537E-03  5.22604E+04  1.00000E-35  5.22639E+04
   3.06574E+02  3.27212E+00  6.74894E-03  5.09411E+04  1.00000E-35  5.09444E+04
   3.07314E+02  3.06796E+00  6.75252E-03  4.98653E+04  1.00000E-35  4.98683E+04
   3.08055E+02  2.94384E+00  6.75610E-03  4.89611E+04  1.00000E-35  4.89641E+04
   3.08798E+02  2.86844E+00  6.75968E-03  4.81919E+04  1.00000E-35  4.81948E+04
   3.10289E+02  2.72342E+00  6.76684E-03  4.69927E+04  1.00000E-35  4.69954E+04
   3.11787E+02  2.68149E+00  6.77402E-03  4.61169E+04  1.00000E-35  4.61196E+04
   3.13293E+02  2.65228E+00  6.78120E-03  4.54458E+04  1.00000E-35  4.54484E+04
   3.14805E+02  2.64768E+00  6.78839E-03  4.49327E+04  1.00000E-35  4.49354E+04
   3.17853E+02  2.64591E+00  6.80279E-03  4.41674E+04  1.00000E-35  4.41700E+04
   3.24037E+02  2.65801E+00  6.83233E-03  4.29662E+04  1.00000E-35  4.29689E+04
   3.30341E+02  2.67144E+00  6.86256E-03  4.16624E+04  1.00000E-35  4.16651E+04
   3.36768E+02  2.67641E+00  6.89292E-03  4.01106E+04  1.00000E-35  4.01133E+04
   3.50000E+02  2.65448E+00  6.95422E-03  3.68100E+04  1.00000E-35  3.68126E+04
   3.57505E+02  2.61237E+00  6.98938E-03  3.51052E+04  1.00000E-35  3.51078E+04
   3.65171E+02  2.63193E+00  7.02471E-03  3.35481E+04  1.00000E-35  3.35508E+04
   3.81000E+02  3.06781E+00  7.09611E-03  3.08148E+04  1.00000E-35  3.08178E+04
   3.81000E+02  3.06781E+00  7.09611E-03  3.43087E+04  1.00000E-35  3.43118E+04
   3.85664E+02  3.12574E+00  7.11737E-03  3.40073E+04  1.00000E-35  3.40104E+04
   3.90384E+02  3.17290E+00  7.13869E-03  3.35045E+04  1.00000E-35  3.35077E+04
   3.95163E+02  3.21669E+00  7.16008E-03  3.28800E+04  1.00000E-35  3.28832E+04
   4.00000E+02  3.25644E+00  7.18153E-03  3.21693E+04  1.00000E-35  3.21725E+04
   4.11953E+02  3.34382E+00  7.23371E-03  3.03277E+04  1.00000E-35  3.03311E+04
   4.24264E+02  3.41525E+00  7.28799E-03  2.84984E+04  1.00000E-35  2.85018E+04
   4.50000E+02  3.51335E+00  7.39824E-03  2.51444E+04  1.00000E-35  2.51479E+04
   4.74342E+02  3.57733E+00  7.50287E-03  2.24836E+04  1.00000E-35  2.24872E+04
   5.00000E+02  3.62200E+00  7.61204E-03  2.00484E+04  1.00000E-35  2.00521E+04
   5.24404E+02  3.65012E+00  7.71619E-03  1.80187E+04  1.00000E-35  1.80223E+04
   5.50000E+02  3.66775E+00  7.82955E-03  1.61586E+04  1.00000E-35  1.61623E+04
   6.00000E+02  3.67867E+00  8.06125E-03  1.32079E+04  1.00000E-35  1.32116E+04
   6.48074E+02  3.67279E+00  8.30658E-03  1.10110E+04  1.00000E-35  1.10147E+04
   7.00000E+02  3.64047E+00  8.60516E-03  9.14878E+03  1.00000E-35  9.15243E+03
   8.00000E+02  3.56034E+00  9.30380E-03  6.60473E+03  1.00000E-35  6.60830E+03
   9.00000E+02  3.47470E+00  1.01783E-02  4.92907E+03  1.00000E-35  4.93256E+03
   1.00000E+03  3.37644E+00  1.12123E-02  3.78188E+03  1.00000E-35  3.78527E+03
   1.10000E+03  3.28926E+00  1.23757E-02  2.96788E+03  1.00000E-35  2.97118E+03
   1.25000E+03  3.15050E+00  1.43120E-02  2.13689E+03  1.00000E-35  2.14006E+03
   1.40000E+03  3.02054E+00  1.64253E-02  1.59159E+03  1.00000E-35  1.59463E+03
   1.50000E+03  2.93736E+00  1.78918E-02  1.32849E+03  1.00000E-35  1.33144E+03
   1.75000E+03  2.74017E+00  2.16745E-02  8.83995E+02  1.00000E-35  8.86757E+02
   2.00000E+03  2.55630E+00  2.55137E-02  6.18941E+02  1.00000E-35  6.21523E+02
   2.20000E+03  2.41248E+00  2.85840E-02  4.79047E+02  1.00000E-35  4.81488E+02
   2.50000E+03  2.20237E+00  3.31286E-02  3.38998E+02  1.00000E-35  3.41233E+02
   3.00000E+03  1.83757E+00  4.04191E-02  2.06200E+02  1.00000E-35  2.08078E+02
   3.50000E+03  1.19633E+00  4.72057E-02  1.34973E+02  1.00000E-35  1.36217E+02
   3.61000E+03  1.08361E+00  4.86248E-02  1.23858E+02  1.00000E-35  1.24990E+02
   3.61000E+03  1.08361E+00  4.86248E-02  9.58076E+02  1.00000E-35  9.59208E+02
   3.61289E+03  1.09484E+00  4.86621E-02  1.03892E+03  1.00000E-35  1.04006E+03
   3.61579E+03  1.10622E+00  4.86994E-02  1.09540E+03  1.00000E-35  1.09655E+03
   3.61869E+03  1.11771E+00  4.87368E-02  1.13355E+03  1.00000E-35  1.13471E+03
   3.62159E+03  1.12931E+00  4.87742E-02  1.15818E+03  1.00000E-35  1.15936E+03
   3.62450E+03  1.14106E+00  4.88117E-02  1.17222E+03  1.00000E-35  1.17341E+03
   3.62740E+03  1.15288E+00  4.88491E-02  1.18040E+03  1.00000E-35  1.18161E+03
   3.63031E+03  1.16485E+00  4.88866E-02  1.18241E+03  1.00000E-35  1.18362E+03
   3.63322E+03  1.17659E+00  4.89241E-02  1.18148E+03  1.00000E-35  1.18271E+03
   3.65659E+03  1.27431E+00  4.92253E-02  1.14472E+03  1.00000E-35  1.14604E+03
   3.66833E+03  1.31991E+00  4.93765E-02  1.13247E+03  1.00000E-35  1.13384E+03
   3.68011E+03  1.35443E+00  4.95283E-02  1.12611E+03  1.00000E-35  1.12751E+03
   3.70378E+03  1.41996E+00  4.98332E-02  1.11448E+03  1.00000E-35  1.11595E+03
   3.80000E+03  1.55969E+00  5.10227E-02  1.04936E+03  1.00000E-35  1.05097E+03
   4.00000E+03  1.67169E+00  5.34724E-02  9.23220E+02  1.00000E-35  9.24945E+02
   4.50000E+03  1.69701E+00  5.92252E-02  6.80032E+02  1.00000E-35  6.81788E+02
   5.00000E+03  1.62435E+00  6.45204E-02  5.16503E+02  1.00000E-35  5.18192E+02
   5.50000E+03  1.53146E+00  6.94034E-02  4.01750E+02  1.00000E-35  4.03351E+02
   6.00000E+03  1.43660E+00  7.39014E-02  3.18494E+02  1.00000E-35  3.20004E+02
   7.00000E+03  1.26297E+00  8.18873E-02  2.09794E+02  1.00000E-35  2.11139E+02
   8.00000E+03  1.11897E+00  8.87789E-02  1.45296E+02  1.00000E-35  1.46503E+02
   9.00000E+03  9.98186E-01  9.47206E-02  1.04645E+02  1.00000E-35  1.05738E+02
   1.00000E+04  8.96036E-01  9.99551E-02  7.77792E+01  1.00000E-35  7.87752E+01
   1.10000E+04  8.07535E-01  1.04580E-01  5.93290E+01  1.00000E-35  6.02411E+01
   1.25000E+04  6.96098E-01  1.10548E-01  4.11244E+01  1.00000E-35  4.19310E+01
   1.40000E+04  6.03586E-01  1.15611E-01  2.96271E+01  1.00000E-35  3.03463E+01
   1.50000E+04  5.50570E-01  1.18555E-01  2.42329E+01  1.00000E-35  2.49020E+01
   1.75000E+04  4.42930E-01  1.24726E-01  1.54112E+01  1.00000E-35  1.59788E+01
   2.00000E+04  3.62672E-01  1.29553E-01  1.03740E+01  1.00000E-35  1.08662E+01
   2.20000E+04  3.13135E-01  1.32665E-01  7.80513E+00  1.00000E-35  8.25093E+00
   2.50000E+04  2.56301E-01  1.36373E-01  5.31560E+00  1.00000E-35  5.70828E+00
   3.00000E+04  1.91677E-01  1.40791E-01  3.05885E+00  1.00000E-35  3.39132E+00
   3.50000E+04  1.49461E-01  1.43580E-01  1.90950E+00  1.00000E-35  2.20254E+00
   4.00000E+04  1.20375E-01  1.45285E-01  1.26612E+00  1.00000E-35  1.53178E+00
   4.50000E+04  9.89983E-02  1.46172E-01  8.79515E-01  1.00000E-35  1.12469E+00
   5.00000E+04  8.29906E-02  1.46532E-01  6.34011E-01  1.00000E-35  8.63534E-01
   5.50000E+04  7.05978E-02  1.46485E-01  4.71050E-01  1.00000E-35  6.88133E-01
   6.00000E+04  6.06805E-02  1.46128E-01  3.58867E-01  1.00000E-35  5.65676E-01
   7.00000E+04  4.62297E-02  1.44767E-01  2.21287E-01  1.00000E-35  4.12284E-01
   8.00000E+04  3.63328E-02  1.42883E-01  1.45377E-01  1.00000E-35  3.24593E-01
   9.00000E+04  2.92916E-02  1.40714E-01  1.00286E-01  1.00000E-35  2.70292E-01
   1.00000E+05  2.41409E-02  1.38425E-01  7.19196E-02  1.00000E-35  2.34486E-01
   1.10000E+05  2.02152E-02  1.36066E-01  5.32348E-02  1.00000E-35  2.09516E-01
   1.25000E+05  1.59014E-02  1.32554E-01  3.55690E-02  1.00000E-35  1.84025E-01
   1.40000E+05  1.28263E-02  1.29192E-01  2.48938E-02  1.00000E-35  1.66912E-01
   1.50000E+05  1.12532E-02  1.27013E-01  2.00424E-02  1.00000E-35  1.58309E-01
   1.75000E+05  8.37544E-03  1.21923E-01  1.23732E-02  1.00000E-35  1.42671E-01
   2.00000E+05  6.47966E-03  1.17313E-01  8.17296E-03  1.00000E-35  1.31965E-01
   2.20000E+05  5.38799E-03  1.13928E-01  6.09346E-03  1.00000E-35  1.25409E-01
   2.50000E+05  4.20089E-03  1.09324E-01  4.12633E-03  1.00000E-35  1.17651E-01
   3.00000E+05  2.94072E-03  1.02685E-01  2.39039E-03  1.00000E-35  1.08016E-01
   3.50000E+05  2.17098E-03  9.70646E-02  1.52441E-03  1.00000E-35  1.00760E-01
   4.00000E+05  1.66898E-03  9.22485E-02  1.04355E-03  1.00000E-35  9.49610E-02
   4.50000E+05  1.32138E-03  8.80515E-02  7.54202E-04  1.00000E-35  9.01271E-02
   5.00000E+05  1.07189E-03  8.43543E-02  5.68883E-04  1.00000E-35  8.59951E-02
   5.50000E+05  8.87033E-04  8.10541E-02  4.44112E-04  1.00000E-35  8.23852E-02
   6.00000E+05  7.46258E-04  7.80909E-02  3.56597E-04  1.00000E-35  7.91937E-02
   7.00000E+05  5.49387E-04  7.29660E-02  2.45654E-04  1.00000E-35  7.37610E-02
   8.00000E+05  4.20841E-04  6.86484E-02  1.80958E-04  1.00000E-35  6.92502E-02
   9.00000E+05  3.32644E-04  6.49591E-02  1.40045E-04  1.00000E-35  6.54317E-02
   1.00000E+06  2.69533E-04  6.17413E-02  1.12510E-04  1.00000E-35  6.21234E-02
   1.10000E+06  2.22825E-04  5.89034E-02  9.30504E-05  1.93931E-06  5.92212E-02
   1.25000E+06  1.72627E-04  5.52146E-02  7.29656E-05  4.72575E-05  5.55074E-02
   1.40000E+06  1.37668E-04  5.20517E-02  5.94286E-05  1.55220E-04  5.24040E-02
   1.50000E+06  1.19951E-04  5.01829E-02  5.26818E-05  2.59706E-04  5.06153E-02
   1.75000E+06  8.81714E-05  4.61499E-02  4.06945E-05  5.94456E-04  4.68732E-02
   2.00000E+06  6.75358E-05  4.28163E-02  3.29043E-05  1.00744E-03  4.39242E-02
   2.20000E+06  5.58257E-05  4.05347E-02  2.84449E-05  1.36913E-03  4.19881E-02
   2.50000E+06  4.32345E-05  3.76046E-02  2.35516E-05  1.93150E-03  3.96029E-02
   3.00000E+06  3.00258E-05  3.36741E-02  1.81984E-05  2.85767E-03  3.65800E-02
   3.50000E+06  2.20611E-05  3.05873E-02  1.47650E-05  3.76641E-03  3.43905E-02
   4.00000E+06  1.68913E-05  2.80843E-02  1.23893E-05  4.62810E-03  3.27417E-02
   4.50000E+06  1.33468E-05  2.60079E-02  1.06541E-05  5.44871E-03  3.14806E-02
   5.00000E+06  1.08113E-05  2.42475E-02  9.33433E-06  6.21379E-03  3.04815E-02
   5.50000E+06  8.93524E-06  2.27388E-02  8.29863E-06  6.93154E-03  2.96876E-02
   6.00000E+06  7.50831E-06  2.14279E-02  7.46527E-06  7.63709E-03  2.90799E-02
   7.00000E+06  5.51648E-06  1.92559E-02  6.20927E-06  8.91898E-03  2.81866E-02
   8.00000E+06  4.22358E-06  1.75239E-02  5.30954E-06  1.00696E-02  2.76030E-02
   9.00000E+06  3.33716E-06  1.61056E-02  4.63447E-06  1.11130E-02  2.72266E-02
   1.00000E+07  2.70311E-06  1.49204E-02  4.10982E-06  1.20605E-02  2.69877E-02
   1.10000E+07  2.23399E-06  1.39138E-02  3.69073E-06  1.29258E-02  2.68455E-02
   1.25000E+07  1.73001E-06  1.26568E-02  3.19980E-06  1.40922E-02  2.67539E-02
   1.40000E+07  1.37916E-06  1.16260E-02  2.82324E-06  1.51385E-02  2.67687E-02
   1.50000E+07  1.20140E-06  1.10357E-02  2.61752E-06  1.57791E-02  2.68187E-02
   1.75000E+07  8.82667E-07  9.81234E-03  2.21354E-06  1.72117E-02  2.70272E-02
   2.00000E+07  6.75797E-07  8.85218E-03  1.91706E-06  1.84700E-02  2.73248E-02
   2.20000E+07  5.58511E-07  8.22004E-03  1.73131E-06  1.93587E-02  2.75810E-02
   2.50000E+07  4.32511E-07  7.43654E-03  1.51142E-06  2.05500E-02  2.79885E-02
   3.00000E+07  3.00354E-07  6.43740E-03  1.24712E-06  2.22228E-02  2.86617E-02
   3.50000E+07  2.20668E-07  5.69119E-03  1.06133E-06  2.36209E-02  2.93133E-02
   4.00000E+07  1.68950E-07  5.11082E-03  9.23651E-07  2.48328E-02  2.99447E-02
   4.50000E+07  1.33491E-07  4.64521E-03  8.17547E-07  2.58760E-02  3.05222E-02
   5.00000E+07  1.08128E-07  4.26281E-03  7.33282E-07  2.67822E-02  3.10459E-02
   5.50000E+07  8.93619E-08  3.94270E-03  6.64751E-07  2.75745E-02  3.15179E-02
   6.00000E+07  7.50889E-08  3.67043E-03  6.07924E-07  2.83012E-02  3.19723E-02
   7.00000E+07  5.51673E-08  3.23131E-03  5.19147E-07  2.95347E-02  3.27666E-02
   8.00000E+07  4.22375E-08  2.89186E-03  4.52984E-07  3.05663E-02  3.34586E-02
   9.00000E+07  3.33729E-08  2.62087E-03  4.01771E-07  3.14424E-02  3.40637E-02
   1.00000E+08  2.70320E-08  2.39926E-03  3.60960E-07  3.22026E-02  3.46023E-02
   1.10000E+08  2.23405E-08  2.21437E-03  3.27674E-07  3.28663E-02  3.50811E-02
   1.25000E+08  1.73004E-08  1.98775E-03  2.87853E-07  3.37154E-02  3.57035E-02
   1.40000E+08  1.37919E-08  1.80570E-03  2.56660E-07  3.44350E-02  3.62409E-02
   1.50000E+08  1.20142E-08  1.70285E-03  2.39367E-07  3.48562E-02  3.65593E-02
   1.75000E+08  8.82675E-09  1.49312E-03  2.04859E-07  3.57563E-02  3.72496E-02
   2.00000E+08  6.75800E-09  1.33187E-03  1.79047E-07  3.64899E-02  3.78219E-02
   2.20000E+08  5.58513E-09  1.22723E-03  1.62651E-07  3.69824E-02  3.82098E-02
   2.50000E+08  4.32512E-09  1.09932E-03  1.43007E-07  3.76048E-02  3.87043E-02
   3.00000E+08  3.00355E-09  9.39097E-04  1.19044E-07  3.84294E-02  3.93687E-02
   3.50000E+08  2.20669E-09  8.21571E-04  1.01959E-07  3.90663E-02  3.98879E-02
   4.00000E+08  1.68950E-09  7.31472E-04  8.91626E-08  3.95697E-02  4.03012E-02
   4.50000E+08  1.33491E-09  6.60057E-04  7.92199E-08  3.99734E-02  4.06335E-02
   5.00000E+08  1.08128E-09  6.01988E-04  7.12722E-08  4.03133E-02  4.09154E-02
   5.50000E+08  8.93618E-10  5.53784E-04  6.47738E-08  4.06049E-02  4.11588E-02
   6.00000E+08  7.50887E-10  5.13090E-04  5.93613E-08  4.08706E-02  4.13837E-02
   7.00000E+08  5.51673E-10  4.48063E-04  5.08614E-08  4.12817E-02  4.17298E-02
   8.00000E+08  4.22375E-10  3.98323E-04  4.44908E-08  4.15999E-02  4.19983E-02
   9.00000E+08  3.33728E-10  3.58976E-04  3.95384E-08  4.18599E-02  4.22189E-02
   1.00000E+09  2.70320E-10  3.27033E-04  3.55782E-08  4.20771E-02  4.24041E-02
