 # Material data file: Kr                  
 # 
 # PENELOPE >>>  Photon mass attenuation coefficients (mac).
 # 
 #   Energy       mac_Ra       mac_Co       mac_ph       mac_pp       mac_tot
 #    (eV)       (cm**2/g)    (cm**2/g)    (cm**2/g)    (cm**2/g)    (cm**2/g)
 #------------------------------------------------------------------------------
   5.00000E+01  3.20001E-01  7.18633E-14  5.76649E+03  1.00000E-35  5.76681E+03
   5.12057E+01  3.11226E-01  7.18633E-14  5.36481E+03  1.00000E-35  5.36512E+03
   5.24404E+01  3.02693E-01  7.18633E-14  5.01636E+03  1.00000E-35  5.01667E+03
   5.37050E+01  2.94393E-01  7.18633E-14  4.69827E+03  1.00000E-35  4.69856E+03
   5.50000E+01  2.86321E-01  7.18633E-14  4.42405E+03  1.00000E-35  4.42434E+03
   5.62095E+01  2.79105E-01  7.18633E-14  4.19232E+03  1.00000E-35  4.19260E+03
   5.74456E+01  2.71665E-01  7.18633E-14  3.99189E+03  1.00000E-35  3.99216E+03
   5.87089E+01  2.64352E-01  7.18633E-14  3.80492E+03  1.00000E-35  3.80518E+03
   6.00000E+01  2.57235E-01  7.18633E-14  3.64419E+03  1.00000E-35  3.64444E+03
   6.11673E+01  2.50756E-01  7.18634E-14  3.50844E+03  1.00000E-35  3.50869E+03
   6.23574E+01  2.44324E-01  7.18636E-14  3.39200E+03  1.00000E-35  3.39224E+03
   6.35706E+01  2.37781E-01  7.18637E-14  3.28051E+03  1.00000E-35  3.28075E+03
   6.48074E+01  2.31329E-01  7.18637E-14  3.18400E+03  1.00000E-35  3.18423E+03
   6.60683E+01  2.24726E-01  7.18636E-14  3.09047E+03  1.00000E-35  3.09070E+03
   6.73537E+01  2.18142E-01  7.18635E-14  3.01124E+03  1.00000E-35  3.01145E+03
   6.86641E+01  2.11427E-01  7.18634E-14  2.93314E+03  1.00000E-35  2.93335E+03
   7.00000E+01  2.04614E-01  7.18633E-14  2.86708E+03  1.00000E-35  2.86728E+03
   7.11782E+01  1.98703E-01  7.18633E-14  2.80977E+03  1.00000E-35  2.80997E+03
   7.23762E+01  1.92431E-01  7.18633E-14  2.76044E+03  1.00000E-35  2.76063E+03
   7.35944E+01  1.86334E-01  7.18633E-14  2.71119E+03  1.00000E-35  2.71138E+03
   7.48331E+01  1.79863E-01  7.18633E-14  2.66849E+03  1.00000E-35  2.66867E+03
   7.73735E+01  1.66519E-01  7.18633E-14  2.58800E+03  1.00000E-35  2.58817E+03
   8.00000E+01  1.52080E-01  7.18646E-14  2.51674E+03  1.00000E-35  2.51690E+03
   8.48528E+01  1.23865E-01  7.18658E-14  2.40883E+03  1.00000E-35  2.40895E+03
   9.00000E+01  8.22252E-02  7.18633E-14  2.31426E+03  1.00000E-35  2.31434E+03
   9.38000E+01  8.13719E-02  7.18633E-14  2.25419E+03  1.00000E-35  2.25427E+03
   9.38000E+01  8.13719E-02  7.18633E-14  4.39131E+03  1.00000E-35  4.39139E+03
   9.50000E+01  7.87621E-02  7.18633E-14  4.40304E+03  1.00000E-35  4.40312E+03
   9.50000E+01  7.87621E-02  7.18633E-14  5.80089E+03  1.00000E-35  5.80097E+03
   9.62261E+01  7.48525E-02  7.18633E-14  5.84050E+03  1.00000E-35  5.84057E+03
   9.74679E+01  7.05191E-02  7.18633E-14  5.89514E+03  1.00000E-35  5.89521E+03
   9.87259E+01  6.59180E-02  7.18633E-14  5.97597E+03  1.00000E-35  5.97604E+03
   1.00000E+02  6.11521E-02  7.18767E-14  6.09182E+03  1.00000E-35  6.09188E+03
   1.01199E+02  5.65321E-02  7.18950E-14  6.24068E+03  1.00000E-35  6.24074E+03
   1.02411E+02  5.19996E-02  7.19134E-14  6.43858E+03  1.00000E-35  6.43863E+03
   1.03639E+02  4.77382E-02  7.19317E-14  6.69319E+03  1.00000E-35  6.69323E+03
   1.04258E+02  4.57526E-02  7.19409E-14  6.84439E+03  1.00000E-35  6.84444E+03
   1.04881E+02  4.38825E-02  7.19501E-14  7.01363E+03  1.00000E-35  7.01368E+03
   1.06138E+02  4.06543E-02  7.19684E-14  7.40572E+03  1.00000E-35  7.40577E+03
   1.07410E+02  3.82303E-02  7.19849E-14  7.87974E+03  1.00000E-35  7.87977E+03
   1.08697E+02  3.68957E-02  7.19980E-14  8.44314E+03  1.00000E-35  8.44318E+03
   1.10000E+02  3.69691E-02  7.20111E-14  9.09789E+03  1.00000E-35  9.09793E+03
   1.11772E+02  3.94254E-02  7.20286E-14  1.01275E+04  1.00000E-35  1.01276E+04
   1.13572E+02  4.52942E-02  7.20462E-14  1.13284E+04  1.00000E-35  1.13284E+04
   1.17260E+02  6.88137E-02  7.20466E-14  1.41922E+04  1.00000E-35  1.41923E+04
   1.19149E+02  8.69590E-02  7.19912E-14  1.57959E+04  1.00000E-35  1.57960E+04
   1.21068E+02  1.09149E-01  7.19358E-14  1.74626E+04  1.00000E-35  1.74627E+04
   1.22040E+02  1.21775E-01  7.19081E-14  1.83059E+04  1.00000E-35  1.83061E+04
   1.23018E+02  1.35326E-01  7.18805E-14  1.91488E+04  1.00000E-35  1.91490E+04
   1.24005E+02  1.49789E-01  7.18633E-14  1.99860E+04  1.00000E-35  1.99862E+04
   1.25000E+02  1.65052E-01  7.18633E-14  2.08138E+04  1.00000E-35  2.08139E+04
   1.26783E+02  1.93766E-01  7.18633E-14  2.22420E+04  1.00000E-35  2.22422E+04
   1.28592E+02  2.24389E-01  7.18633E-14  2.36066E+04  1.00000E-35  2.36068E+04
   1.30427E+02  2.56726E-01  7.18633E-14  2.48963E+04  1.00000E-35  2.48966E+04
   1.32288E+02  2.90164E-01  7.18633E-14  2.61050E+04  1.00000E-35  2.61053E+04
   1.34175E+02  3.24889E-01  7.18633E-14  2.72275E+04  1.00000E-35  2.72278E+04
   1.36089E+02  3.60288E-01  7.18633E-14  2.82771E+04  1.00000E-35  2.82775E+04
   1.38031E+02  3.97224E-01  7.18633E-14  2.92458E+04  1.00000E-35  2.92462E+04
   1.40000E+02  4.34205E-01  7.18633E-14  3.01508E+04  1.00000E-35  3.01512E+04
   1.42436E+02  4.80972E-01  7.18633E-14  3.11664E+04  1.00000E-35  3.11669E+04
   1.44914E+02  5.29151E-01  7.18633E-14  3.20991E+04  1.00000E-35  3.20996E+04
   1.47435E+02  5.79390E-01  7.18633E-14  3.29653E+04  1.00000E-35  3.29659E+04
   1.50000E+02  6.31563E-01  7.18638E-14  3.37647E+04  1.00000E-35  3.37654E+04
   1.52918E+02  6.90399E-01  7.22826E-14  3.45891E+04  1.00000E-35  3.45898E+04
   1.55893E+02  7.52941E-01  7.27039E-14  3.53383E+04  1.00000E-35  3.53391E+04
   1.58926E+02  8.17195E-01  7.31276E-14  3.60174E+04  1.00000E-35  3.60183E+04
   1.62019E+02  8.83148E-01  7.35540E-14  3.66176E+04  1.00000E-35  3.66185E+04
   1.65171E+02  9.51244E-01  7.32684E-14  3.71318E+04  1.00000E-35  3.71328E+04
   1.68384E+02  1.01905E+00  7.25810E-14  3.75595E+04  1.00000E-35  3.75605E+04
   1.71660E+02  1.08872E+00  7.18999E-14  3.78903E+04  1.00000E-35  3.78914E+04
   1.75000E+02  1.15698E+00  7.18633E-14  3.81202E+04  1.00000E-35  3.81213E+04
   1.77946E+02  1.21622E+00  7.18633E-14  3.82365E+04  1.00000E-35  3.82377E+04
   1.80941E+02  1.27424E+00  7.18633E-14  3.82753E+04  1.00000E-35  3.82766E+04
   1.87083E+02  1.38454E+00  7.18633E-14  3.81286E+04  1.00000E-35  3.81299E+04
   1.93434E+02  1.48110E+00  7.18633E-14  3.77061E+04  1.00000E-35  3.77076E+04
   2.00000E+02  1.57328E+00  7.73835E-14  3.70502E+04  1.00000E-35  3.70518E+04
   2.07075E+02  1.76775E+00  8.95343E-14  3.61635E+04  1.00000E-35  3.61653E+04
   2.14400E+02  1.98089E+00  1.21846E-13  3.51488E+04  1.00000E-35  3.51507E+04
   2.14400E+02  1.98089E+00  1.21846E-13  3.68253E+04  1.00000E-35  3.68272E+04
   2.17182E+02  2.04939E+00  1.43037E-13  3.71968E+04  1.00000E-35  3.71988E+04
   2.18586E+02  2.08144E+00  1.54972E-13  3.72778E+04  1.00000E-35  3.72799E+04
   2.20000E+02  2.11086E+00  1.67911E-13  3.72508E+04  1.00000E-35  3.72529E+04
   2.22200E+02  2.15379E+00  1.90031E-13  3.70261E+04  1.00000E-35  3.70283E+04
   2.22200E+02  2.15379E+00  1.90031E-13  3.77376E+04  1.00000E-35  3.77398E+04
   2.25498E+02  2.21211E+00  2.28247E-13  3.76127E+04  1.00000E-35  3.76149E+04
   2.28846E+02  2.26829E+00  2.75294E-13  3.72339E+04  1.00000E-35  3.72362E+04
   2.35690E+02  2.37531E+00  5.30334E-13  3.61399E+04  1.00000E-35  3.61423E+04
   2.50000E+02  2.57348E+00  2.05393E-12  3.39890E+04  1.00000E-35  3.39916E+04
   2.60075E+02  2.69294E+00  7.27668E-12  3.25679E+04  1.00000E-35  3.25705E+04
   2.70555E+02  2.79223E+00  2.57768E-11  3.11072E+04  1.00000E-35  3.11100E+04
   2.81458E+02  3.02192E+00  1.00100E-10  2.95910E+04  1.00000E-35  2.95940E+04
   2.92800E+02  3.19283E+00  3.89743E-10  2.80270E+04  1.00000E-35  2.80302E+04
   2.92800E+02  3.19283E+00  3.89743E-10  2.91590E+04  1.00000E-35  2.91621E+04
   3.00000E+02  3.27793E+00  8.08454E-10  2.83028E+04  1.00000E-35  2.83060E+04
   3.11787E+02  3.39538E+00  2.41650E-09  2.68377E+04  1.00000E-35  2.68411E+04
   3.24037E+02  3.49667E+00  6.80355E-09  2.53478E+04  1.00000E-35  2.53513E+04
   3.36768E+02  3.58702E+00  1.62623E-08  2.38717E+04  1.00000E-35  2.38753E+04
   3.50000E+02  3.66627E+00  3.86025E-08  2.24348E+04  1.00000E-35  2.24384E+04
   3.74166E+02  3.79543E+00  1.48819E-07  2.00702E+04  1.00000E-35  2.00740E+04
   4.00000E+02  3.90707E+00  5.09405E-07  1.78606E+04  1.00000E-35  1.78645E+04
   4.24264E+02  3.98273E+00  1.37069E-06  1.60387E+04  1.00000E-35  1.60426E+04
   4.50000E+02  4.03879E+00  3.39594E-06  1.43571E+04  1.00000E-35  1.43611E+04
   5.00000E+02  4.11184E+00  1.35132E-05  1.17054E+04  1.00000E-35  1.17095E+04
   5.50000E+02  4.15110E+00  3.93442E-05  9.67315E+03  1.00000E-35  9.67731E+03
   6.00000E+02  4.16656E+00  9.14072E-05  8.08059E+03  1.00000E-35  8.08476E+03
   6.48074E+02  4.16342E+00  1.76100E-04  6.86779E+03  1.00000E-35  6.87195E+03
   7.00000E+02  4.14422E+00  3.14727E-04  5.82416E+03  1.00000E-35  5.82830E+03
   7.48331E+02  4.11254E+00  4.95319E-04  5.03588E+03  1.00000E-35  5.04000E+03
   8.00000E+02  4.06340E+00  7.39051E-04  4.34551E+03  1.00000E-35  4.34957E+03
   9.00000E+02  3.95830E+00  1.37388E-03  3.33752E+03  1.00000E-35  3.34148E+03
   1.00000E+03  3.83524E+00  2.18878E-03  2.62446E+03  1.00000E-35  2.62830E+03
   1.10000E+03  3.68746E+00  3.15081E-03  2.10485E+03  1.00000E-35  2.10854E+03
   1.25000E+03  3.39435E+00  4.80093E-03  1.55947E+03  1.00000E-35  1.56287E+03
   1.40000E+03  3.00373E+00  6.60341E-03  1.19067E+03  1.00000E-35  1.19368E+03
   1.50000E+03  2.64261E+00  7.87795E-03  1.00865E+03  1.00000E-35  1.01130E+03
   1.67840E+03  1.30628E+00  1.02047E-02  7.67392E+02  1.00000E-35  7.68708E+02
   1.67840E+03  1.30628E+00  1.02047E-02  1.84220E+03  1.00000E-35  1.84352E+03
   1.68002E+03  1.32534E+00  1.02263E-02  2.53816E+03  1.00000E-35  2.53950E+03
   1.68163E+03  1.34453E+00  1.02477E-02  3.12635E+03  1.00000E-35  3.12771E+03
   1.68325E+03  1.36411E+00  1.02693E-02  3.47971E+03  1.00000E-35  3.48108E+03
   1.68487E+03  1.38395E+00  1.02909E-02  3.62439E+03  1.00000E-35  3.62579E+03
   1.68650E+03  1.40419E+00  1.03127E-02  3.63701E+03  1.00000E-35  3.63843E+03
   1.68812E+03  1.42457E+00  1.03344E-02  3.58688E+03  1.00000E-35  3.58831E+03
   1.69137E+03  1.46783E+00  1.03779E-02  3.43601E+03  1.00000E-35  3.43748E+03
   1.69300E+03  1.49192E+00  1.03998E-02  3.36290E+03  1.00000E-35  3.36440E+03
   1.69463E+03  1.51638E+00  1.04217E-02  3.29863E+03  1.00000E-35  3.30016E+03
   1.69626E+03  1.54122E+00  1.04436E-02  3.24371E+03  1.00000E-35  3.24527E+03
   1.69790E+03  1.56660E+00  1.04657E-02  3.19786E+03  1.00000E-35  3.19943E+03
   1.69953E+03  1.59222E+00  1.04877E-02  3.15941E+03  1.00000E-35  3.16101E+03
   1.70117E+03  1.61839E+00  1.05098E-02  3.12958E+03  1.00000E-35  3.13121E+03
   1.70445E+03  1.67194E+00  1.05542E-02  3.08320E+03  1.00000E-35  3.08488E+03
   1.70773E+03  1.72416E+00  1.05987E-02  3.05585E+03  1.00000E-35  3.05758E+03
   1.71102E+03  1.77500E+00  1.06433E-02  3.03943E+03  1.00000E-35  3.04121E+03
   1.71762E+03  1.88126E+00  1.07333E-02  3.02801E+03  1.00000E-35  3.02990E+03
   1.73090E+03  2.11730E+00  1.09156E-02  3.02316E+03  1.00000E-35  3.02529E+03
   1.73090E+03  2.11730E+00  1.09156E-02  3.54318E+03  1.00000E-35  3.54530E+03
   1.73209E+03  2.13992E+00  1.09320E-02  3.79395E+03  1.00000E-35  3.79610E+03
   1.73328E+03  2.16277E+00  1.09484E-02  4.02819E+03  1.00000E-35  4.03036E+03
   1.73447E+03  2.18584E+00  1.09648E-02  4.20905E+03  1.00000E-35  4.21125E+03
   1.73566E+03  2.20915E+00  1.09813E-02  4.32556E+03  1.00000E-35  4.32778E+03
   1.73685E+03  2.23268E+00  1.09978E-02  4.38351E+03  1.00000E-35  4.38575E+03
   1.73804E+03  2.25618E+00  1.10134E-02  4.39999E+03  1.00000E-35  4.40225E+03
   1.73923E+03  2.27879E+00  1.10286E-02  4.39227E+03  1.00000E-35  4.39456E+03
   1.74042E+03  2.30162E+00  1.10437E-02  4.37077E+03  1.00000E-35  4.37308E+03
   1.74521E+03  2.39568E+00  1.11046E-02  4.25245E+03  1.00000E-35  4.25486E+03
   1.74760E+03  2.44394E+00  1.11351E-02  4.19910E+03  1.00000E-35  4.20155E+03
   1.75000E+03  2.49331E+00  1.11658E-02  4.15650E+03  1.00000E-35  4.15900E+03
   1.75260E+03  2.54784E+00  1.11990E-02  4.11965E+03  1.00000E-35  4.12221E+03
   1.75521E+03  2.59635E+00  1.12324E-02  4.09136E+03  1.00000E-35  4.09396E+03
   1.76043E+03  2.68134E+00  1.12994E-02  4.04866E+03  1.00000E-35  4.05135E+03
   1.77093E+03  2.85529E+00  1.14348E-02  3.99926E+03  1.00000E-35  4.00212E+03
   1.79211E+03  3.09296E+00  1.17103E-02  3.92148E+03  1.00000E-35  3.92459E+03
   1.81354E+03  3.25862E+00  1.19925E-02  3.82663E+03  1.00000E-35  3.82990E+03
   1.83522E+03  3.37387E+00  1.22813E-02  3.72474E+03  1.00000E-35  3.72813E+03
   1.87938E+03  3.50221E+00  1.28803E-02  3.52010E+03  1.00000E-35  3.52361E+03
   1.92460E+03  3.81966E+00  1.34696E-02  3.31562E+03  1.00000E-35  3.31945E+03
   1.92460E+03  3.81966E+00  1.34696E-02  3.71049E+03  1.00000E-35  3.71432E+03
   1.92923E+03  3.86056E+00  1.35293E-02  3.72475E+03  1.00000E-35  3.72863E+03
   1.93387E+03  3.90188E+00  1.35893E-02  3.72438E+03  1.00000E-35  3.72829E+03
   1.94318E+03  3.98016E+00  1.37100E-02  3.70831E+03  1.00000E-35  3.71230E+03
   1.95254E+03  4.04234E+00  1.38318E-02  3.68011E+03  1.00000E-35  3.68417E+03
   1.96194E+03  4.10037E+00  1.39547E-02  3.64310E+03  1.00000E-35  3.64722E+03
   2.00000E+03  4.26718E+00  1.44572E-02  3.47237E+03  1.00000E-35  3.47665E+03
   2.20000E+03  4.66276E+00  1.70655E-02  2.74932E+03  1.00000E-35  2.75400E+03
   2.50000E+03  4.78286E+00  2.08385E-02  2.00168E+03  1.00000E-35  2.00648E+03
   2.73861E+03  4.73703E+00  2.37068E-02  1.59176E+03  1.00000E-35  1.59652E+03
   3.00000E+03  4.62385E+00  2.66997E-02  1.26221E+03  1.00000E-35  1.26686E+03
   3.50000E+03  4.33431E+00  3.19867E-02  8.47663E+02  1.00000E-35  8.52029E+02
   4.00000E+03  4.02779E+00  3.67396E-02  5.97268E+02  1.00000E-35  6.01332E+02
   4.50000E+03  3.73632E+00  4.10053E-02  4.37075E+02  1.00000E-35  4.40853E+02
   5.00000E+03  3.46654E+00  4.48725E-02  3.29755E+02  1.00000E-35  3.33267E+02
   5.50000E+03  3.21908E+00  4.84089E-02  2.55105E+02  1.00000E-35  2.58373E+02
   6.00000E+03  2.99873E+00  5.16629E-02  2.01542E+02  1.00000E-35  2.04592E+02
   7.00000E+03  2.61033E+00  5.75055E-02  1.32355E+02  1.00000E-35  1.35023E+02
   8.00000E+03  2.27733E+00  6.26751E-02  9.16803E+01  1.00000E-35  9.40203E+01
   9.00000E+03  1.99340E+00  6.72545E-02  6.61813E+01  1.00000E-35  6.82419E+01
   1.00000E+04  1.74737E+00  7.13972E-02  4.93714E+01  1.00000E-35  5.11901E+01
   1.10000E+04  1.52994E+00  7.51692E-02  3.78303E+01  1.00000E-35  3.94354E+01
   1.25000E+04  1.24158E+00  8.02245E-02  2.64250E+01  1.00000E-35  2.77468E+01
   1.40000E+04  8.80225E-01  8.46933E-02  1.91963E+01  1.00000E-35  2.01612E+01
   1.43270E+04  8.00850E-01  8.56127E-02  1.79806E+01  1.00000E-35  1.88671E+01
   1.43270E+04  8.00850E-01  8.56127E-02  1.07512E+02  1.00000E-35  1.08398E+02
   1.43373E+04  8.04064E-01  8.56415E-02  1.20906E+02  1.00000E-35  1.21796E+02
   1.43476E+04  8.07288E-01  8.56702E-02  1.27018E+02  1.00000E-35  1.27911E+02
   1.43579E+04  8.10522E-01  8.56990E-02  1.29779E+02  1.00000E-35  1.30675E+02
   1.43682E+04  8.13767E-01  8.57264E-02  1.30380E+02  1.00000E-35  1.31280E+02
   1.43888E+04  8.20290E-01  8.57810E-02  1.28969E+02  1.00000E-35  1.29875E+02
   1.44094E+04  8.26855E-01  8.58356E-02  1.27948E+02  1.00000E-35  1.28861E+02
   1.44301E+04  8.33495E-01  8.58905E-02  1.27670E+02  1.00000E-35  1.28590E+02
   1.44508E+04  8.40179E-01  8.59453E-02  1.27695E+02  1.00000E-35  1.28621E+02
   1.44924E+04  8.55744E-01  8.60552E-02  1.26876E+02  1.00000E-35  1.27818E+02
   1.46596E+04  9.12476E-01  8.64955E-02  1.22993E+02  1.00000E-35  1.23992E+02
   1.50000E+04  9.63687E-01  8.73832E-02  1.15852E+02  1.00000E-35  1.16903E+02
   1.62019E+04  9.64758E-01  9.03556E-02  9.48839E+01  1.00000E-35  9.59391E+01
   1.75000E+04  9.11191E-01  9.32788E-02  7.75096E+01  1.00000E-35  7.85140E+01
   2.00000E+04  7.92699E-01  9.81991E-02  5.43400E+01  1.00000E-35  5.52309E+01
   2.20000E+04  7.07167E-01  1.01543E-01  4.20442E+01  1.00000E-35  4.28530E+01
   2.50000E+04  5.98517E-01  1.05715E-01  2.96837E+01  1.00000E-35  3.03879E+01
   3.00000E+04  4.62304E-01  1.10965E-01  1.79292E+01  1.00000E-35  1.85024E+01
   3.50000E+04  3.66449E-01  1.14574E-01  1.16312E+01  1.00000E-35  1.21122E+01
   4.00000E+04  2.96084E-01  1.17032E-01  7.96022E+00  1.00000E-35  8.37334E+00
   4.50000E+04  2.43178E-01  1.18614E-01  5.67940E+00  1.00000E-35  6.04119E+00
   5.00000E+04  2.03475E-01  1.19632E-01  4.18944E+00  1.00000E-35  4.51255E+00
   5.50000E+04  1.72945E-01  1.20228E-01  3.17593E+00  1.00000E-35  3.46910E+00
   6.00000E+04  1.48697E-01  1.20502E-01  2.46313E+00  1.00000E-35  2.73233E+00
   7.00000E+04  1.13297E-01  1.20359E-01  1.56571E+00  1.00000E-35  1.79936E+00
   8.00000E+04  8.94827E-02  1.19615E-01  1.05475E+00  1.00000E-35  1.26385E+00
   9.00000E+04  7.26151E-02  1.18504E-01  7.43210E-01  1.00000E-35  9.34329E-01
   1.00000E+05  6.01009E-02  1.17186E-01  5.42828E-01  1.00000E-35  7.20114E-01
   1.10000E+05  5.06028E-02  1.15709E-01  4.08276E-01  1.00000E-35  5.74588E-01
   1.25000E+05  4.00320E-02  1.13365E-01  2.78475E-01  1.00000E-35  4.31872E-01
   1.40000E+05  3.24193E-02  1.11003E-01  1.98342E-01  1.00000E-35  3.41764E-01
   1.50000E+05  2.84941E-02  1.09408E-01  1.61345E-01  1.00000E-35  2.99248E-01
   1.75000E+05  2.12912E-02  1.05544E-01  1.01830E-01  1.00000E-35  2.28666E-01
   2.00000E+05  1.65129E-02  1.01915E-01  6.84889E-02  1.00000E-35  1.86917E-01
   2.20000E+05  1.37544E-02  9.91887E-02  5.16937E-02  1.00000E-35  1.64637E-01
   2.50000E+05  1.07486E-02  9.54207E-02  3.55573E-02  1.00000E-35  1.41727E-01
   3.00000E+05  7.55307E-03  8.98949E-02  2.10265E-02  1.00000E-35  1.18475E-01
   3.50000E+05  5.59223E-03  8.51388E-02  1.36210E-02  1.00000E-35  1.04352E-01
   4.00000E+05  4.30971E-03  8.10195E-02  9.43831E-03  1.00000E-35  9.47675E-02
   4.50000E+05  3.41780E-03  7.74134E-02  6.88662E-03  1.00000E-35  8.77178E-02
   5.00000E+05  2.77729E-03  7.42225E-02  5.23351E-03  1.00000E-35  8.22333E-02
   5.50000E+05  2.30194E-03  7.13624E-02  4.10972E-03  1.00000E-35  7.77740E-02
   6.00000E+05  1.93855E-03  6.87874E-02  3.31502E-03  1.00000E-35  7.40410E-02
   7.00000E+05  1.42782E-03  6.43204E-02  2.29790E-03  1.00000E-35  6.80461E-02
   8.00000E+05  1.09530E-03  6.05472E-02  1.69843E-03  1.00000E-35  6.33409E-02
   9.00000E+05  8.66900E-04  5.73146E-02  1.31631E-03  1.00000E-35  5.94978E-02
   1.00000E+06  7.03265E-04  5.44873E-02  1.05765E-03  1.00000E-35  5.62482E-02
   1.10000E+06  5.81455E-04  5.19941E-02  8.74080E-04  4.42391E-06  5.34540E-02
   1.25000E+06  4.50491E-04  4.87535E-02  6.83923E-04  9.95180E-05  4.99875E-02
   1.40000E+06  3.59282E-04  4.59691E-02  5.55418E-04  3.08882E-04  4.71927E-02
   1.50000E+06  3.13054E-04  4.43228E-02  4.91303E-04  5.02819E-04  4.56299E-02
   1.75000E+06  2.30132E-04  4.07668E-02  3.77367E-04  1.10539E-03  4.24797E-02
   2.00000E+06  1.76283E-04  3.78312E-02  3.03414E-04  1.82392E-03  4.01349E-02
   2.20000E+06  1.45740E-04  3.58160E-02  2.61400E-04  2.43723E-03  3.86604E-02
   2.50000E+06  1.12915E-04  3.32292E-02  2.15384E-04  3.38681E-03  3.69443E-02
   3.00000E+06  7.84608E-05  2.97586E-02  1.65222E-04  4.94211E-03  3.49444E-02
   3.50000E+06  5.76493E-05  2.70325E-02  1.33212E-04  6.42962E-03  3.36530E-02
   4.00000E+06  4.41404E-05  2.48217E-02  1.11175E-04  7.81739E-03  3.27944E-02
   4.50000E+06  3.48781E-05  2.29873E-02  9.51563E-05  9.13663E-03  3.22539E-02
   5.00000E+06  2.82525E-05  2.14331E-02  8.30279E-05  1.03571E-02  3.19015E-02
   5.50000E+06  2.33502E-05  2.00999E-02  7.35499E-05  1.14840E-02  3.16808E-02
   6.00000E+06  1.96214E-05  1.89413E-02  6.59525E-05  1.25847E-02  3.16116E-02
   7.00000E+06  1.44167E-05  1.70215E-02  5.45601E-05  1.45940E-02  3.16845E-02
   8.00000E+06  1.10384E-05  1.54905E-02  4.64492E-05  1.63922E-02  3.19402E-02
   9.00000E+06  8.72207E-06  1.42369E-02  4.03954E-05  1.80338E-02  3.23198E-02
   1.00000E+07  7.06496E-06  1.31894E-02  3.57123E-05  1.95241E-02  3.27563E-02
   1.10000E+07  5.83885E-06  1.22996E-02  3.19861E-05  2.08914E-02  3.32289E-02
   1.25000E+07  4.52162E-06  1.11885E-02  2.76400E-05  2.27255E-02  3.39461E-02
   1.40000E+07  3.60464E-06  1.02773E-02  2.43210E-05  2.43562E-02  3.46614E-02
   1.50000E+07  3.14004E-06  9.75555E-03  2.25138E-05  2.53511E-02  3.51323E-02
   1.75000E+07  2.30699E-06  8.67408E-03  1.89778E-05  2.75817E-02  3.62771E-02
   2.00000E+07  1.76630E-06  7.82535E-03  1.63947E-05  2.95289E-02  3.73724E-02
   2.20000E+07  1.45976E-06  7.26653E-03  1.47818E-05  3.09191E-02  3.82018E-02
   2.50000E+07  1.13045E-06  6.57393E-03  1.28782E-05  3.27728E-02  3.93608E-02
   3.00000E+07  7.85038E-07  5.69071E-03  1.05989E-05  3.53732E-02  4.10753E-02
   3.50000E+07  5.76761E-07  5.03106E-03  9.00303E-06  3.75309E-02  4.25715E-02
   4.00000E+07  4.41583E-07  4.51801E-03  7.82368E-06  3.93586E-02  4.38849E-02
   4.50000E+07  3.48906E-07  4.10641E-03  6.91701E-06  4.09362E-02  4.50498E-02
   5.00000E+07  2.82614E-07  3.76837E-03  6.19830E-06  4.23127E-02  4.60876E-02
   5.50000E+07  2.33565E-07  3.48539E-03  5.61468E-06  4.35199E-02  4.70111E-02
   6.00000E+07  1.96260E-07  3.24470E-03  5.13136E-06  4.46270E-02  4.78770E-02
   7.00000E+07  1.44191E-07  2.85651E-03  4.37749E-06  4.64982E-02  4.93593E-02
   8.00000E+07  1.10396E-07  2.55643E-03  3.81659E-06  4.80483E-02  5.06087E-02
   9.00000E+07  8.72269E-08  2.31687E-03  3.38302E-06  4.93514E-02  5.16717E-02
   1.00000E+08  7.06537E-08  2.12097E-03  3.03787E-06  5.04732E-02  5.25973E-02
   1.10000E+08  5.83916E-08  1.95753E-03  2.75659E-06  5.14491E-02  5.34094E-02
   1.25000E+08  4.52182E-08  1.75720E-03  2.42040E-06  5.26923E-02  5.44520E-02
   1.40000E+08  3.60479E-08  1.59626E-03  2.15727E-06  5.37382E-02  5.53366E-02
   1.50000E+08  3.14016E-08  1.50534E-03  2.01148E-06  5.43458E-02  5.58532E-02
   1.75000E+08  2.30705E-08  1.31994E-03  1.72074E-06  5.56309E-02  5.69526E-02
   2.00000E+08  1.76635E-08  1.17740E-03  1.50342E-06  5.66655E-02  5.78444E-02
   2.20000E+08  1.45979E-08  1.08489E-03  1.36546E-06  5.73574E-02  5.84437E-02
   2.50000E+08  1.13046E-08  9.71818E-04  1.20025E-06  5.82279E-02  5.92009E-02
   3.00000E+08  7.85038E-09  8.30175E-04  9.98813E-07  5.93677E-02  6.01989E-02
   3.50000E+08  5.76764E-09  7.26281E-04  8.55273E-07  6.02366E-02  6.09637E-02
   4.00000E+08  4.41585E-09  6.46632E-04  7.47809E-07  6.09261E-02  6.15735E-02
   4.50000E+08  3.48907E-09  5.83499E-04  6.64330E-07  6.14842E-02  6.20683E-02
   5.00000E+08  2.82614E-09  5.32165E-04  5.97618E-07  6.19501E-02  6.24828E-02
   5.50000E+08  2.33566E-09  4.89554E-04  5.43081E-07  6.23390E-02  6.28291E-02
   6.00000E+08  1.96260E-09  4.53579E-04  4.97666E-07  6.26922E-02  6.31463E-02
   7.00000E+08  1.44191E-09  3.96094E-04  4.26358E-07  6.32435E-02  6.36400E-02
   8.00000E+08  1.10396E-09  3.52122E-04  3.72922E-07  6.36732E-02  6.40257E-02
   9.00000E+08  8.72269E-10  3.17339E-04  3.31390E-07  6.40217E-02  6.43394E-02
   1.00000E+09  7.06538E-10  2.89102E-04  2.98181E-07  6.43112E-02  6.46006E-02
