 # Material data file: Nb                  
 # 
 # PENELOPE >>>  Photon mass attenuation coefficients (mac).
 # 
 #   Energy       mac_Ra       mac_Co       mac_ph       mac_pp       mac_tot
 #    (eV)       (cm**2/g)    (cm**2/g)    (cm**2/g)    (cm**2/g)    (cm**2/g)
 #------------------------------------------------------------------------------
   5.00000E+01  1.21986E+00  6.53700E-03  2.10160E+04  1.00000E-35  2.10173E+04
   5.24404E+01  1.13289E+00  6.54190E-03  1.70358E+04  1.00000E-35  1.70369E+04
   5.50000E+01  1.05388E+00  6.54691E-03  1.37637E+04  1.00000E-35  1.37648E+04
   5.74456E+01  9.85368E-01  6.55180E-03  1.13318E+04  1.00000E-35  1.13328E+04
   6.00000E+01  9.20351E-01  6.55682E-03  9.35926E+03  1.00000E-35  9.36018E+03
   6.20000E+01  8.93640E-01  6.56083E-03  8.13475E+03  1.00000E-35  8.13565E+03
   6.20000E+01  8.93640E-01  6.56083E-03  9.23098E+03  1.00000E-35  9.23188E+03
   6.39099E+01  8.58989E-01  6.56453E-03  8.28020E+03  1.00000E-35  8.28107E+03
   6.58787E+01  8.27752E-01  6.56846E-03  7.47365E+03  1.00000E-35  7.47448E+03
   6.68857E+01  8.12915E-01  6.57047E-03  7.12071E+03  1.00000E-35  7.12153E+03
   6.79081E+01  8.01106E-01  6.57247E-03  6.79868E+03  1.00000E-35  6.79949E+03
   6.89461E+01  7.90413E-01  6.57448E-03  6.50511E+03  1.00000E-35  6.50591E+03
   7.00000E+01  7.79860E-01  6.57649E-03  6.23909E+03  1.00000E-35  6.23988E+03
   7.11782E+01  7.68413E-01  6.57887E-03  5.97105E+03  1.00000E-35  5.97183E+03
   7.23762E+01  7.57129E-01  6.58128E-03  5.73168E+03  1.00000E-35  5.73244E+03
   7.35944E+01  7.46016E-01  6.58369E-03  5.51559E+03  1.00000E-35  5.51635E+03
   7.48331E+01  7.35065E-01  6.58609E-03  5.32353E+03  1.00000E-35  5.32428E+03
   7.60927E+01  7.24274E-01  6.58850E-03  5.15045E+03  1.00000E-35  5.15118E+03
   7.73735E+01  7.13645E-01  6.59108E-03  4.99744E+03  1.00000E-35  4.99816E+03
   7.86758E+01  7.03166E-01  6.59370E-03  4.86118E+03  1.00000E-35  4.86189E+03
   8.00000E+01  6.92846E-01  6.59632E-03  4.74121E+03  1.00000E-35  4.74191E+03
   8.11865E+01  6.83918E-01  6.59863E-03  4.64625E+03  1.00000E-35  4.64694E+03
   8.23907E+01  6.75815E-01  6.60094E-03  4.56236E+03  1.00000E-35  4.56304E+03
   8.48528E+01  6.60555E-01  6.60586E-03  4.42150E+03  1.00000E-35  4.42216E+03
   8.73885E+01  6.45639E-01  6.61089E-03  4.31065E+03  1.00000E-35  4.31131E+03
   9.00000E+01  6.31061E-01  6.61592E-03  4.22726E+03  1.00000E-35  4.22790E+03
   9.24021E+01  6.18300E-01  6.62077E-03  4.16909E+03  1.00000E-35  4.16971E+03
   9.48683E+01  6.05796E-01  6.62567E-03  4.12191E+03  1.00000E-35  4.12252E+03
   1.00000E+02  5.81067E-01  6.63577E-03  4.05803E+03  1.00000E-35  4.05861E+03
   1.10000E+02  5.35657E-01  6.65565E-03  3.98994E+03  1.00000E-35  3.99048E+03
   1.17260E+02  5.04069E-01  6.67004E-03  3.95231E+03  1.00000E-35  3.95282E+03
   1.25000E+02  4.72139E-01  6.68578E-03  3.90545E+03  1.00000E-35  3.90593E+03
   1.32288E+02  4.41717E-01  6.70107E-03  3.85434E+03  1.00000E-35  3.85478E+03
   1.40000E+02  4.15566E-01  6.71745E-03  3.79145E+03  1.00000E-35  3.79188E+03
   1.50000E+02  3.82281E-01  6.73958E-03  3.69660E+03  1.00000E-35  3.69699E+03
   1.62019E+02  3.36503E-01  6.76876E-03  3.56722E+03  1.00000E-35  3.56757E+03
   1.75000E+02  2.78758E-01  6.80343E-03  3.41002E+03  1.00000E-35  3.41031E+03
   1.87083E+02  2.15314E-01  6.83923E-03  3.25636E+03  1.00000E-35  3.25658E+03
   2.00000E+02  1.35484E-01  6.88096E-03  3.09077E+03  1.00000E-35  3.09091E+03
   2.09000E+02  7.92170E-02  6.91126E-03  2.97548E+03  1.00000E-35  2.97556E+03
   2.09000E+02  7.92170E-02  6.91126E-03  3.97775E+03  1.00000E-35  3.97784E+03
   2.09746E+02  7.49766E-02  6.91372E-03  3.95916E+03  1.00000E-35  3.95924E+03
   2.10495E+02  7.09615E-02  6.91637E-03  3.94887E+03  1.00000E-35  3.94895E+03
   2.11246E+02  6.70456E-02  6.91934E-03  3.94988E+03  1.00000E-35  3.94995E+03
   2.12000E+02  6.32362E-02  6.92231E-03  3.96386E+03  1.00000E-35  3.96393E+03
   2.12000E+02  6.32362E-02  6.92231E-03  4.64630E+03  1.00000E-35  4.64637E+03
   2.12491E+02  6.08795E-02  6.92424E-03  4.65695E+03  1.00000E-35  4.65702E+03
   2.12984E+02  5.86541E-02  6.92618E-03  4.67760E+03  1.00000E-35  4.67766E+03
   2.13478E+02  5.65976E-02  6.92811E-03  4.70925E+03  1.00000E-35  4.70931E+03
   2.13972E+02  5.46178E-02  6.93004E-03  4.75274E+03  1.00000E-35  4.75281E+03
   2.14468E+02  5.27040E-02  6.93198E-03  4.80994E+03  1.00000E-35  4.81000E+03
   2.14965E+02  5.09752E-02  6.93391E-03  4.88205E+03  1.00000E-35  4.88211E+03
   2.15464E+02  4.94980E-02  6.93585E-03  4.97003E+03  1.00000E-35  4.97009E+03
   2.15963E+02  4.80669E-02  6.93778E-03  5.07518E+03  1.00000E-35  5.07523E+03
   2.16464E+02  4.66749E-02  6.93972E-03  5.19885E+03  1.00000E-35  5.19890E+03
   2.16965E+02  4.55730E-02  6.94166E-03  5.34225E+03  1.00000E-35  5.34230E+03
   2.17468E+02  4.48770E-02  6.94359E-03  5.50648E+03  1.00000E-35  5.50653E+03
   2.17972E+02  4.41919E-02  6.94553E-03  5.69480E+03  1.00000E-35  5.69485E+03
   2.18477E+02  4.35174E-02  6.94747E-03  5.90441E+03  1.00000E-35  5.90446E+03
   2.18984E+02  4.33053E-02  6.94941E-03  6.13591E+03  1.00000E-35  6.13596E+03
   2.20000E+02  4.42008E-02  6.95329E-03  6.66846E+03  1.00000E-35  6.66851E+03
   2.20881E+02  4.52336E-02  6.95664E-03  7.20160E+03  1.00000E-35  7.20165E+03
   2.21765E+02  4.88402E-02  6.95999E-03  7.79859E+03  1.00000E-35  7.79865E+03
   2.23544E+02  5.93224E-02  6.96669E-03  9.14632E+03  1.00000E-35  9.14639E+03
   2.24438E+02  6.74771E-02  6.97005E-03  9.87243E+03  1.00000E-35  9.87251E+03
   2.25337E+02  7.76207E-02  6.97341E-03  1.06345E+04  1.00000E-35  1.06346E+04
   2.26239E+02  9.03541E-02  6.97677E-03  1.13998E+04  1.00000E-35  1.13999E+04
   2.27144E+02  1.05153E-01  6.98012E-03  1.21810E+04  1.00000E-35  1.21811E+04
   2.28054E+02  1.22334E-01  6.98349E-03  1.29497E+04  1.00000E-35  1.29499E+04
   2.28966E+02  1.42284E-01  6.98700E-03  1.37213E+04  1.00000E-35  1.37214E+04
   2.29883E+02  1.63714E-01  6.99099E-03  1.44687E+04  1.00000E-35  1.44689E+04
   2.30803E+02  1.88037E-01  6.99498E-03  1.52179E+04  1.00000E-35  1.52181E+04
   2.31727E+02  2.13825E-01  6.99898E-03  1.59376E+04  1.00000E-35  1.59378E+04
   2.32655E+02  2.41273E-01  7.00298E-03  1.66512E+04  1.00000E-35  1.66514E+04
   2.33586E+02  2.71119E-01  7.00698E-03  1.73431E+04  1.00000E-35  1.73434E+04
   2.34521E+02  3.01125E-01  7.01098E-03  1.80232E+04  1.00000E-35  1.80235E+04
   2.35460E+02  3.34462E-01  7.01499E-03  1.86825E+04  1.00000E-35  1.86828E+04
   2.36402E+02  3.65739E-01  7.01899E-03  1.93265E+04  1.00000E-35  1.93269E+04
   2.38298E+02  4.33545E-01  7.02701E-03  2.05604E+04  1.00000E-35  2.05609E+04
   2.40210E+02  5.04507E-01  7.03505E-03  2.17158E+04  1.00000E-35  2.17163E+04
   2.42137E+02  5.77260E-01  7.04309E-03  2.27837E+04  1.00000E-35  2.27843E+04
   2.44079E+02  6.50564E-01  7.05114E-03  2.37551E+04  1.00000E-35  2.37558E+04
   2.46037E+02  7.24920E-01  7.05919E-03  2.46152E+04  1.00000E-35  2.46159E+04
   2.48011E+02  8.00410E-01  7.06726E-03  2.53803E+04  1.00000E-35  2.53811E+04
   2.50000E+02  8.76619E-01  7.07607E-03  2.60336E+04  1.00000E-35  2.60345E+04
   2.51428E+02  9.31651E-01  7.08280E-03  2.64380E+04  1.00000E-35  2.64390E+04
   2.52865E+02  9.84717E-01  7.08954E-03  2.67938E+04  1.00000E-35  2.67947E+04
   2.55763E+02  1.09122E+00  7.10303E-03  2.73739E+04  1.00000E-35  2.73750E+04
   2.58694E+02  1.19320E+00  7.11655E-03  2.78062E+04  1.00000E-35  2.78074E+04
   2.61659E+02  1.29038E+00  7.13009E-03  2.81239E+04  1.00000E-35  2.81252E+04
   2.64657E+02  1.38284E+00  7.14365E-03  2.83569E+04  1.00000E-35  2.83583E+04
   2.67691E+02  1.46987E+00  7.15725E-03  2.85298E+04  1.00000E-35  2.85313E+04
   2.73861E+02  1.62835E+00  7.18643E-03  2.87531E+04  1.00000E-35  2.87548E+04
   2.80174E+02  1.77201E+00  7.21777E-03  2.88516E+04  1.00000E-35  2.88534E+04
   2.86633E+02  1.90582E+00  7.24926E-03  2.88347E+04  1.00000E-35  2.88366E+04
   2.93240E+02  2.03592E+00  7.28087E-03  2.86812E+04  1.00000E-35  2.86833E+04
   3.00000E+02  2.16101E+00  7.31573E-03  2.83915E+04  1.00000E-35  2.83937E+04
   3.05837E+02  2.26195E+00  7.34610E-03  2.80463E+04  1.00000E-35  2.80486E+04
   3.11787E+02  2.35865E+00  7.37658E-03  2.76315E+04  1.00000E-35  2.76339E+04
   3.24037E+02  2.52531E+00  7.43970E-03  2.66668E+04  1.00000E-35  2.66694E+04
   3.36768E+02  2.64800E+00  7.50825E-03  2.56041E+04  1.00000E-35  2.56067E+04
   3.50000E+02  3.25223E+00  7.57791E-03  2.44571E+04  1.00000E-35  2.44604E+04
   3.58399E+02  3.32102E+00  7.62473E-03  2.37269E+04  1.00000E-35  2.37302E+04
   3.67000E+02  3.45385E+00  7.67184E-03  2.29592E+04  1.00000E-35  2.29627E+04
   3.67000E+02  3.45385E+00  7.67184E-03  2.49701E+04  1.00000E-35  2.49736E+04
   3.68842E+02  3.53465E+00  7.68182E-03  2.50648E+04  1.00000E-35  2.50684E+04
   3.70694E+02  3.57537E+00  7.69182E-03  2.50686E+04  1.00000E-35  2.50722E+04
   3.74425E+02  3.55247E+00  7.71185E-03  2.49456E+04  1.00000E-35  2.49492E+04
   3.78193E+02  3.53921E+00  7.73193E-03  2.47150E+04  1.00000E-35  2.47186E+04
   3.82000E+02  3.58734E+00  7.75298E-03  2.44133E+04  1.00000E-35  2.44169E+04
   3.82000E+02  3.58734E+00  7.75298E-03  2.52431E+04  1.00000E-35  2.52467E+04
   3.84205E+02  3.62609E+00  7.76546E-03  2.51764E+04  1.00000E-35  2.51801E+04
   3.86423E+02  3.66955E+00  7.77797E-03  2.50543E+04  1.00000E-35  2.50579E+04
   3.90896E+02  3.74633E+00  7.80303E-03  2.47344E+04  1.00000E-35  2.47381E+04
   4.00000E+02  3.87664E+00  7.85340E-03  2.39502E+04  1.00000E-35  2.39541E+04
   4.24264E+02  4.10821E+00  7.98742E-03  2.19255E+04  1.00000E-35  2.19296E+04
   4.36943E+02  4.18990E+00  8.05757E-03  2.09434E+04  1.00000E-35  2.09476E+04
   4.50000E+02  4.29073E+00  8.12844E-03  1.99616E+04  1.00000E-35  1.99659E+04
   4.72000E+02  4.60162E+00  8.25042E-03  1.83989E+04  1.00000E-35  1.84036E+04
   4.72000E+02  4.60162E+00  8.25042E-03  1.94583E+04  1.00000E-35  1.94629E+04
   4.78849E+02  4.66667E+00  8.28759E-03  1.88774E+04  1.00000E-35  1.88821E+04
   4.85798E+02  4.72072E+00  8.32493E-03  1.83872E+04  1.00000E-35  1.83919E+04
   5.00000E+02  4.81806E+00  8.40250E-03  1.74962E+04  1.00000E-35  1.75010E+04
   5.24404E+02  4.94337E+00  8.53369E-03  1.60738E+04  1.00000E-35  1.60788E+04
   5.50000E+02  5.04668E+00  8.67010E-03  1.47168E+04  1.00000E-35  1.47219E+04
   5.74456E+02  5.13007E+00  8.79790E-03  1.35539E+04  1.00000E-35  1.35590E+04
   6.00000E+02  5.19355E+00  8.93085E-03  1.24569E+04  1.00000E-35  1.24621E+04
   6.48074E+02  5.28538E+00  9.17570E-03  1.06896E+04  1.00000E-35  1.06949E+04
   7.00000E+02  5.32624E+00  9.43521E-03  9.13446E+03  1.00000E-35  9.13980E+03
   7.48331E+02  5.34198E+00  9.67288E-03  7.94398E+03  1.00000E-35  7.94933E+03
   8.00000E+02  5.34091E+00  9.92816E-03  6.89474E+03  1.00000E-35  6.90010E+03
   9.00000E+02  5.30823E+00  1.04277E-02  5.33888E+03  1.00000E-35  5.34420E+03
   1.00000E+03  5.22827E+00  1.09499E-02  4.22590E+03  1.00000E-35  4.23114E+03
   1.10000E+03  5.11525E+00  1.15035E-02  3.40693E+03  1.00000E-35  3.41206E+03
   1.25000E+03  4.94044E+00  1.24025E-02  2.53919E+03  1.00000E-35  2.54414E+03
   1.40000E+03  4.72437E+00  1.34048E-02  1.94825E+03  1.00000E-35  1.95299E+03
   1.50000E+03  4.57361E+00  1.41168E-02  1.65493E+03  1.00000E-35  1.65952E+03
   1.75000E+03  4.14957E+00  1.60374E-02  1.14372E+03  1.00000E-35  1.14788E+03
   2.00000E+03  3.61404E+00  1.80800E-02  8.26426E+02  1.00000E-35  8.30058E+02
   2.20000E+03  2.95787E+00  1.97609E-02  6.53623E+02  1.00000E-35  6.56600E+02
   2.37500E+03  1.97603E+00  2.12581E-02  5.40326E+02  1.00000E-35  5.42324E+02
   2.37500E+03  1.97603E+00  2.12581E-02  1.52070E+03  1.00000E-35  1.52270E+03
   2.37644E+03  1.98081E+00  2.12705E-02  1.66659E+03  1.00000E-35  1.66860E+03
   2.37788E+03  1.99037E+00  2.12828E-02  1.77071E+03  1.00000E-35  1.77272E+03
   2.37933E+03  2.00190E+00  2.12953E-02  1.84757E+03  1.00000E-35  1.84959E+03
   2.38077E+03  2.01340E+00  2.13076E-02  1.90798E+03  1.00000E-35  1.91002E+03
   2.38221E+03  2.02497E+00  2.13200E-02  1.95218E+03  1.00000E-35  1.95423E+03
   2.38366E+03  2.03668E+00  2.13324E-02  1.98565E+03  1.00000E-35  1.98771E+03
   2.38510E+03  2.04836E+00  2.13447E-02  2.00870E+03  1.00000E-35  2.01077E+03
   2.38655E+03  2.06019E+00  2.13572E-02  2.02423E+03  1.00000E-35  2.02631E+03
   2.38800E+03  2.07208E+00  2.13696E-02  2.03299E+03  1.00000E-35  2.03509E+03
   2.38945E+03  2.08403E+00  2.13821E-02  2.03614E+03  1.00000E-35  2.03825E+03
   2.39235E+03  2.10812E+00  2.14069E-02  2.03358E+03  1.00000E-35  2.03571E+03
   2.39816E+03  2.15712E+00  2.14567E-02  2.00755E+03  1.00000E-35  2.00973E+03
   2.40398E+03  2.20650E+00  2.15066E-02  1.97997E+03  1.00000E-35  1.98220E+03
   2.40982E+03  2.25695E+00  2.15567E-02  1.95971E+03  1.00000E-35  1.96199E+03
   2.42154E+03  2.36083E+00  2.16572E-02  1.94010E+03  1.00000E-35  1.94248E+03
   2.43332E+03  2.45812E+00  2.17581E-02  1.92439E+03  1.00000E-35  1.92687E+03
   2.44516E+03  2.55969E+00  2.18606E-02  1.90434E+03  1.00000E-35  1.90692E+03
   2.46900E+03  2.77937E+00  2.20673E-02  1.85531E+03  1.00000E-35  1.85811E+03
   2.46900E+03  2.77937E+00  2.20673E-02  2.31209E+03  1.00000E-35  2.31489E+03
   2.47093E+03  2.79832E+00  2.20841E-02  2.39869E+03  1.00000E-35  2.40151E+03
   2.47285E+03  2.81729E+00  2.21007E-02  2.45474E+03  1.00000E-35  2.45758E+03
   2.47478E+03  2.83647E+00  2.21175E-02  2.49244E+03  1.00000E-35  2.49530E+03
   2.47671E+03  2.85577E+00  2.21342E-02  2.51755E+03  1.00000E-35  2.52043E+03
   2.47865E+03  2.87529E+00  2.21510E-02  2.53299E+03  1.00000E-35  2.53589E+03
   2.48058E+03  2.89482E+00  2.21677E-02  2.54102E+03  1.00000E-35  2.54393E+03
   2.48445E+03  2.93434E+00  2.22013E-02  2.54174E+03  1.00000E-35  2.54470E+03
   2.50000E+03  3.08547E+00  2.23361E-02  2.49095E+03  1.00000E-35  2.49406E+03
   2.59904E+03  3.63659E+00  2.31941E-02  2.26936E+03  1.00000E-35  2.27302E+03
   2.70200E+03  3.96671E+00  2.40876E-02  2.05894E+03  1.00000E-35  2.06293E+03
   2.70200E+03  3.96671E+00  2.40876E-02  2.41083E+03  1.00000E-35  2.41482E+03
   2.70421E+03  3.98002E+00  2.41068E-02  2.39012E+03  1.00000E-35  2.39412E+03
   2.70642E+03  3.99299E+00  2.41260E-02  2.37455E+03  1.00000E-35  2.37856E+03
   2.71085E+03  4.01910E+00  2.41646E-02  2.35287E+03  1.00000E-35  2.35691E+03
   2.71973E+03  4.07182E+00  2.42418E-02  2.32878E+03  1.00000E-35  2.33287E+03
   2.73757E+03  4.16661E+00  2.43969E-02  2.29921E+03  1.00000E-35  2.30340E+03
   2.77360E+03  4.30999E+00  2.47102E-02  2.22699E+03  1.00000E-35  2.23132E+03
   2.84710E+03  4.48651E+00  2.53489E-02  2.08874E+03  1.00000E-35  2.09325E+03
   3.00000E+03  4.68089E+00  2.66758E-02  1.83532E+03  1.00000E-35  1.84003E+03
   3.50000E+03  4.75656E+00  3.09691E-02  1.24534E+03  1.00000E-35  1.25012E+03
   4.00000E+03  4.56630E+00  3.51252E-02  8.85729E+02  1.00000E-35  8.90331E+02
   4.50000E+03  4.31261E+00  3.90629E-02  6.52903E+02  1.00000E-35  6.57255E+02
   5.00000E+03  4.04258E+00  4.27664E-02  4.95452E+02  1.00000E-35  4.99537E+02
   5.50000E+03  3.78176E+00  4.62397E-02  3.85129E+02  1.00000E-35  3.88957E+02
   6.00000E+03  3.53981E+00  4.94900E-02  3.05473E+02  1.00000E-35  3.09062E+02
   7.00000E+03  3.10893E+00  5.53915E-02  2.01875E+02  1.00000E-35  2.05040E+02
   8.00000E+03  2.75177E+00  6.06410E-02  1.40534E+02  1.00000E-35  1.43346E+02
   9.00000E+03  2.44816E+00  6.53280E-02  1.01867E+02  1.00000E-35  1.04380E+02
   1.00000E+04  2.18581E+00  6.95704E-02  7.62546E+01  1.00000E-35  7.85100E+01
   1.10000E+04  1.95669E+00  7.34085E-02  5.86018E+01  1.00000E-35  6.06319E+01
   1.25000E+04  1.66542E+00  7.85151E-02  4.10897E+01  1.00000E-35  4.28337E+01
   1.40000E+04  1.42050E+00  8.30144E-02  2.99455E+01  1.00000E-35  3.14490E+01
   1.50000E+04  1.27674E+00  8.57214E-02  2.46812E+01  1.00000E-35  2.60437E+01
   1.75000E+04  9.57324E-01  9.16590E-02  1.59926E+01  1.00000E-35  1.70416E+01
   1.89900E+04  6.99251E-01  9.47150E-02  1.26854E+01  1.00000E-35  1.34794E+01
   1.89900E+04  6.99251E-01  9.47150E-02  9.53420E+01  1.00000E-35  9.61360E+01
   1.90054E+04  6.99948E-01  9.47446E-02  8.46098E+01  1.00000E-35  8.54045E+01
   1.90208E+04  7.00644E-01  9.47742E-02  8.56658E+01  1.00000E-35  8.64612E+01
   1.90362E+04  7.01340E-01  9.48038E-02  8.63263E+01  1.00000E-35  8.71224E+01
   1.90516E+04  7.02037E-01  9.48334E-02  8.59730E+01  1.00000E-35  8.67699E+01
   1.91134E+04  7.14591E-01  9.49518E-02  8.54810E+01  1.00000E-35  8.62906E+01
   1.92376E+04  7.41348E-01  9.51892E-02  8.41775E+01  1.00000E-35  8.50140E+01
   1.94885E+04  7.88410E-01  9.56658E-02  8.14110E+01  1.00000E-35  8.22951E+01
   2.00000E+04  8.23770E-01  9.66259E-02  7.60446E+01  1.00000E-35  7.69650E+01
   2.20000E+04  7.99340E-01  1.00027E-01  5.93262E+01  1.00000E-35  6.02256E+01
   2.50000E+04  7.03858E-01  1.04340E-01  4.22974E+01  1.00000E-35  4.31056E+01
   3.00000E+04  5.58874E-01  1.09946E-01  2.58922E+01  1.00000E-35  2.65610E+01
   3.50000E+04  4.49863E-01  1.13975E-01  1.69775E+01  1.00000E-35  1.75414E+01
   4.00000E+04  3.67625E-01  1.16859E-01  1.17203E+01  1.00000E-35  1.22048E+01
   4.50000E+04  3.04144E-01  1.18812E-01  8.42268E+00  1.00000E-35  8.84563E+00
   5.00000E+04  2.55973E-01  1.20124E-01  6.25135E+00  1.00000E-35  6.62745E+00
   5.50000E+04  2.17994E-01  1.20944E-01  4.76437E+00  1.00000E-35  5.10330E+00
   6.00000E+04  1.87618E-01  1.21393E-01  3.71243E+00  1.00000E-35  4.02144E+00
   7.00000E+04  1.42851E-01  1.21520E-01  2.37864E+00  1.00000E-35  2.64302E+00
   8.00000E+04  1.12806E-01  1.20995E-01  1.61292E+00  1.00000E-35  1.84672E+00
   9.00000E+04  9.14379E-02  1.20053E-01  1.14283E+00  1.00000E-35  1.35432E+00
   1.00000E+05  7.57075E-02  1.18860E-01  8.38709E-01  1.00000E-35  1.03328E+00
   1.10000E+05  6.37945E-02  1.17483E-01  6.33462E-01  1.00000E-35  8.14740E-01
   1.25000E+05  5.05028E-02  1.15253E-01  4.34415E-01  1.00000E-35  6.00171E-01
   1.40000E+05  4.09706E-02  1.12978E-01  3.10841E-01  1.00000E-35  4.64790E-01
   1.50000E+05  3.60224E-02  1.11432E-01  2.53550E-01  1.00000E-35  4.01005E-01
   1.75000E+05  2.69713E-02  1.07664E-01  1.60968E-01  1.00000E-35  2.95603E-01
   2.00000E+05  2.09315E-02  1.04084E-01  1.08790E-01  1.00000E-35  2.33806E-01
   2.20000E+05  1.74428E-02  1.01372E-01  8.23852E-02  1.00000E-35  2.01200E-01
   2.50000E+05  1.36371E-02  9.76008E-02  5.69104E-02  1.00000E-35  1.68148E-01
   3.00000E+05  9.58474E-03  9.20320E-02  3.38452E-02  1.00000E-35  1.35462E-01
   3.50000E+05  7.09934E-03  8.72200E-02  2.20214E-02  1.00000E-35  1.16341E-01
   4.00000E+05  5.47329E-03  8.30405E-02  1.53123E-02  1.00000E-35  1.03826E-01
   4.50000E+05  4.34269E-03  7.93728E-02  1.12034E-02  1.00000E-35  9.49189E-02
   5.00000E+05  3.52979E-03  7.61216E-02  8.53287E-03  1.00000E-35  8.81842E-02
   5.50000E+05  2.92635E-03  7.32064E-02  6.71241E-03  1.00000E-35  8.28451E-02
   6.00000E+05  2.46527E-03  7.05766E-02  5.42198E-03  1.00000E-35  7.84639E-02
   7.00000E+05  1.81670E-03  6.60096E-02  3.76571E-03  1.00000E-35  7.15920E-02
   8.00000E+05  1.39401E-03  6.21459E-02  2.78646E-03  1.00000E-35  6.63264E-02
   9.00000E+05  1.10360E-03  5.88356E-02  2.16076E-03  1.00000E-35  6.21000E-02
   1.00000E+06  8.95400E-04  5.59407E-02  1.73646E-03  1.00000E-35  5.85726E-02
   1.10000E+06  7.40366E-04  5.33851E-02  1.43490E-03  5.67122E-06  5.55661E-02
   1.25000E+06  5.73713E-04  5.00588E-02  1.12217E-03  1.25255E-04  5.18800E-02
   1.40000E+06  4.57629E-04  4.72044E-02  9.10639E-04  3.83448E-04  4.89561E-02
   1.50000E+06  3.98786E-04  4.55165E-02  8.05048E-04  6.19675E-04  4.73400E-02
   1.75000E+06  2.93218E-04  4.18642E-02  6.17387E-04  1.34459E-03  4.41194E-02
   2.00000E+06  2.24649E-04  3.88472E-02  4.95606E-04  2.19976E-03  4.17672E-02
   2.20000E+06  1.85752E-04  3.67834E-02  4.26614E-04  2.92489E-03  4.03207E-02
   2.50000E+06  1.43926E-04  3.41313E-02  3.51071E-04  4.04120E-03  3.86675E-02
   3.00000E+06  9.99638E-05  3.05675E-02  2.68781E-04  5.85731E-03  3.67935E-02
   3.50000E+06  7.34515E-05  2.77675E-02  2.16331E-04  7.58309E-03  3.56404E-02
   4.00000E+06  5.62421E-05  2.54946E-02  1.80266E-04  9.18711E-03  3.49183E-02
   4.50000E+06  4.44423E-05  2.36132E-02  1.54084E-04  1.07079E-02  3.45197E-02
   5.00000E+06  3.60011E-05  2.20167E-02  1.34284E-04  1.21111E-02  3.42981E-02
   5.50000E+06  2.97552E-05  2.06472E-02  1.18828E-04  1.34034E-02  3.41992E-02
   6.00000E+06  2.50043E-05  1.94571E-02  1.06451E-04  1.46635E-02  3.42520E-02
   7.00000E+06  1.83726E-05  1.74852E-02  8.79202E-05  1.69642E-02  3.45556E-02
   8.00000E+06  1.40673E-05  1.59126E-02  7.47495E-05  1.90305E-02  3.50319E-02
   9.00000E+06  1.11150E-05  1.46248E-02  6.49345E-05  2.09016E-02  3.56025E-02
   1.00000E+07  9.00320E-06  1.35488E-02  5.73514E-05  2.26156E-02  3.62307E-02
   1.10000E+07  7.44077E-06  1.26348E-02  5.13252E-05  2.41888E-02  3.68823E-02
   1.25000E+07  5.76215E-06  1.14934E-02  4.43054E-05  2.63123E-02  3.78557E-02
   1.40000E+07  4.59361E-06  1.05574E-02  3.89521E-05  2.81943E-02  3.87953E-02
   1.50000E+07  4.00156E-06  1.00214E-02  3.60399E-05  2.93388E-02  3.94003E-02
   1.75000E+07  2.93995E-06  8.91051E-03  3.03483E-05  3.18970E-02  4.08408E-02
   2.00000E+07  2.25093E-06  8.03861E-03  2.61965E-05  3.41350E-02  4.22020E-02
   2.20000E+07  1.86029E-06  7.46461E-03  2.36068E-05  3.57319E-02  4.32220E-02
   2.50000E+07  1.44062E-06  6.75310E-03  2.05532E-05  3.78578E-02  4.46329E-02
   3.00000E+07  1.00042E-06  5.84583E-03  1.69016E-05  4.08419E-02  4.67056E-02
   3.50000E+07  7.35008E-07  5.16821E-03  1.43478E-05  4.33067E-02  4.84900E-02
   4.00000E+07  5.62742E-07  4.64117E-03  1.24626E-05  4.53937E-02  5.00479E-02
   4.50000E+07  4.44637E-07  4.21835E-03  1.10142E-05  4.71901E-02  5.14199E-02
   5.00000E+07  3.60156E-07  3.87110E-03  9.86673E-06  4.87554E-02  5.26367E-02
   5.50000E+07  2.97650E-07  3.58040E-03  8.93540E-06  5.01297E-02  5.37193E-02
   6.00000E+07  2.50109E-07  3.33316E-03  8.16450E-06  5.13904E-02  5.47320E-02
   7.00000E+07  1.83754E-07  2.93439E-03  6.96268E-06  5.35226E-02  5.64642E-02
   8.00000E+07  1.40687E-07  2.62613E-03  6.06894E-06  5.52886E-02  5.79209E-02
   9.00000E+07  1.11160E-07  2.38003E-03  5.37842E-06  5.67723E-02  5.91578E-02
   1.00000E+08  9.00398E-08  2.17879E-03  4.82888E-06  5.80489E-02  6.02326E-02
   1.10000E+08  7.44129E-08  2.01090E-03  4.38118E-06  5.91588E-02  6.11742E-02
   1.25000E+08  5.76252E-08  1.80511E-03  3.84623E-06  6.05733E-02  6.23823E-02
   1.40000E+08  4.59387E-08  1.63978E-03  3.42765E-06  6.17657E-02  6.34089E-02
   1.50000E+08  4.00176E-08  1.54638E-03  3.19578E-06  6.24598E-02  6.40094E-02
   1.75000E+08  2.94007E-08  1.35593E-03  2.73347E-06  6.39295E-02  6.52882E-02
   2.00000E+08  2.25100E-08  1.20949E-03  2.38798E-06  6.51083E-02  6.63202E-02
   2.20000E+08  1.86033E-08  1.11446E-03  2.16870E-06  6.58881E-02  6.70047E-02
   2.50000E+08  1.44064E-08  9.98310E-04  1.90613E-06  6.68650E-02  6.78652E-02
   3.00000E+08  1.00044E-08  8.52809E-04  1.58607E-06  6.81615E-02  6.90159E-02
   3.50000E+08  7.35015E-09  7.46082E-04  1.35804E-06  6.91781E-02  6.99255E-02
   4.00000E+08  5.62747E-09  6.64261E-04  1.18733E-06  6.99821E-02  7.06475E-02
   4.50000E+08  4.44640E-09  5.99407E-04  1.05474E-06  7.06066E-02  7.12071E-02
   5.00000E+08  3.60158E-09  5.46674E-04  9.48792E-07  7.11344E-02  7.16820E-02
   5.50000E+08  2.97651E-09  5.02900E-04  8.62180E-07  7.15948E-02  7.20986E-02
   6.00000E+08  2.50110E-09  4.65945E-04  7.90062E-07  7.20137E-02  7.24804E-02
   7.00000E+08  1.83754E-09  4.06893E-04  6.76835E-07  7.26301E-02  7.30377E-02
   8.00000E+08  1.40687E-09  3.61722E-04  5.91989E-07  7.31018E-02  7.34641E-02
   9.00000E+08  1.11160E-09  3.25990E-04  5.26047E-07  7.35068E-02  7.38333E-02
   1.00000E+09  9.00391E-10  2.96983E-04  4.73323E-07  7.38478E-02  7.41453E-02
