 # Material data file: Ni                  
 # 
 # PENELOPE >>>  Photon mass attenuation coefficients (mac).
 # 
 #   Energy       mac_Ra       mac_Co       mac_ph       mac_pp       mac_tot
 #    (eV)       (cm**2/g)    (cm**2/g)    (cm**2/g)    (cm**2/g)    (cm**2/g)
 #------------------------------------------------------------------------------
   5.00000E+01  3.08170E-01  6.89249E-03  7.84909E+04  1.00000E-35  7.84912E+04
   5.24404E+01  3.41310E-01  6.89744E-03  7.80364E+04  1.00000E-35  7.80368E+04
   5.50000E+01  3.73864E-01  6.90249E-03  7.72588E+04  1.00000E-35  7.72592E+04
   5.74456E+01  4.10741E-01  6.90739E-03  7.62938E+04  1.00000E-35  7.62943E+04
   6.00000E+01  5.46134E-01  6.91243E-03  7.51114E+04  1.00000E-35  7.51119E+04
   6.23574E+01  4.42024E+00  6.91716E-03  7.39035E+04  1.00000E-35  7.39080E+04
   6.48074E+01  5.02710E+00  6.92197E-03  7.25658E+04  1.00000E-35  7.25709E+04
   7.00000E+01  1.05524E+00  6.93231E-03  6.95674E+04  1.00000E-35  6.95684E+04
   7.30000E+01  9.00850E-01  6.93850E-03  6.77773E+04  1.00000E-35  6.77782E+04
   7.30000E+01  9.00850E-01  6.93850E-03  7.39682E+04  1.00000E-35  7.39691E+04
   7.50000E+01  9.01566E-01  6.94250E-03  7.24124E+04  1.00000E-35  7.24133E+04
   7.50000E+01  9.01566E-01  6.94250E-03  7.53196E+04  1.00000E-35  7.53205E+04
   7.74597E+01  1.00636E+00  6.94759E-03  7.30911E+04  1.00000E-35  7.30921E+04
   8.00000E+01  1.07287E+00  6.95302E-03  7.07308E+04  1.00000E-35  7.07318E+04
   8.48528E+01  1.12751E+00  6.96374E-03  6.65139E+04  1.00000E-35  6.65151E+04
   9.00000E+01  1.17027E+00  6.97580E-03  6.26899E+04  1.00000E-35  6.26911E+04
   1.00000E+02  1.24945E+00  7.00621E-03  5.67292E+04  1.00000E-35  5.67305E+04
   1.10000E+02  1.31324E+00  7.04903E-03  5.17838E+04  1.00000E-35  5.17852E+04
   1.17000E+02  1.49644E+00  7.08744E-03  4.86573E+04  1.00000E-35  4.86588E+04
   1.17000E+02  1.49644E+00  7.08744E-03  5.17644E+04  1.00000E-35  5.17659E+04
   1.25000E+02  1.57413E+00  7.14762E-03  4.81904E+04  1.00000E-35  4.81919E+04
   1.40000E+02  1.73175E+00  7.30347E-03  4.25082E+04  1.00000E-35  4.25099E+04
   1.50000E+02  1.82324E+00  7.43669E-03  3.92390E+04  1.00000E-35  3.92409E+04
   1.62019E+02  1.92370E+00  7.64006E-03  3.57291E+04  1.00000E-35  3.57310E+04
   1.75000E+02  2.02084E+00  7.89874E-03  3.23447E+04  1.00000E-35  3.23467E+04
   1.87083E+02  2.10112E+00  8.17116E-03  2.95140E+04  1.00000E-35  2.95161E+04
   2.00000E+02  2.17593E+00  8.48573E-03  2.67918E+04  1.00000E-35  2.67940E+04
   2.09762E+02  2.22377E+00  8.73281E-03  2.49474E+04  1.00000E-35  2.49496E+04
   2.20000E+02  2.26702E+00  9.01346E-03  2.31748E+04  1.00000E-35  2.31771E+04
   2.34521E+02  2.31992E+00  9.41833E-03  2.09303E+04  1.00000E-35  2.09326E+04
   2.50000E+02  2.36554E+00  9.86358E-03  1.88523E+04  1.00000E-35  1.88547E+04
   2.73861E+02  2.41793E+00  1.05756E-02  1.61613E+04  1.00000E-35  1.61637E+04
   3.00000E+02  2.45655E+00  1.13668E-02  1.37720E+04  1.00000E-35  1.37745E+04
   3.24037E+02  2.47700E+00  1.20919E-02  1.19806E+04  1.00000E-35  1.19831E+04
   3.50000E+02  2.48651E+00  1.28645E-02  1.03832E+04  1.00000E-35  1.03857E+04
   3.74166E+02  2.48520E+00  1.35664E-02  9.15328E+03  1.00000E-35  9.15577E+03
   4.00000E+02  2.47551E+00  1.42945E-02  8.05008E+03  1.00000E-35  8.05257E+03
   4.50000E+02  2.43291E+00  1.56394E-02  6.38461E+03  1.00000E-35  6.38706E+03
   5.00000E+02  2.35996E+00  1.68820E-02  5.16021E+03  1.00000E-35  5.16259E+03
   5.50000E+02  2.26606E+00  1.80340E-02  4.23995E+03  1.00000E-35  4.24223E+03
   6.00000E+02  2.13840E+00  1.91007E-02  3.53196E+03  1.00000E-35  3.53411E+03
   6.48074E+02  1.98460E+00  2.00536E-02  2.99622E+03  1.00000E-35  2.99823E+03
   7.00000E+02  1.75915E+00  2.10109E-02  2.53605E+03  1.00000E-35  2.53783E+03
   8.00000E+02  9.41389E-01  2.26741E-02  1.89010E+03  1.00000E-35  1.89107E+03
   8.60000E+02  1.84475E+00  2.35772E-02  1.60663E+03  1.00000E-35  1.60849E+03
   8.60000E+02  1.84475E+00  2.35772E-02  4.22905E+03  1.00000E-35  4.23092E+03
   8.60526E+02  1.84433E+00  2.35849E-02  4.51213E+03  1.00000E-35  4.51400E+03
   8.61053E+02  1.84391E+00  2.35926E-02  4.78047E+03  1.00000E-35  4.78233E+03
   8.61580E+02  1.84348E+00  2.36004E-02  5.03317E+03  1.00000E-35  5.03504E+03
   8.62107E+02  1.84306E+00  2.36081E-02  5.27361E+03  1.00000E-35  5.27547E+03
   8.62634E+02  1.84264E+00  2.36158E-02  5.49944E+03  1.00000E-35  5.50131E+03
   8.63162E+02  1.84356E+00  2.36235E-02  5.71527E+03  1.00000E-35  5.71713E+03
   8.63690E+02  1.84702E+00  2.36313E-02  5.91756E+03  1.00000E-35  5.91943E+03
   8.64219E+02  1.85050E+00  2.36390E-02  6.11023E+03  1.00000E-35  6.11211E+03
   8.64748E+02  1.85398E+00  2.36468E-02  6.29271E+03  1.00000E-35  6.29459E+03
   8.65277E+02  1.85746E+00  2.36545E-02  6.46545E+03  1.00000E-35  6.46734E+03
   8.66336E+02  1.86445E+00  2.36700E-02  6.78338E+03  1.00000E-35  6.78527E+03
   8.67397E+02  1.87147E+00  2.36855E-02  7.06430E+03  1.00000E-35  7.06620E+03
   8.68458E+02  1.87850E+00  2.37010E-02  7.31878E+03  1.00000E-35  7.32069E+03
   8.69522E+02  1.88558E+00  2.37166E-02  7.53845E+03  1.00000E-35  7.54036E+03
   8.70586E+02  1.89267E+00  2.37321E-02  7.73621E+03  1.00000E-35  7.73813E+03
   8.71652E+02  1.90290E+00  2.37476E-02  7.90340E+03  1.00000E-35  7.90533E+03
   8.72719E+02  1.91489E+00  2.37632E-02  8.05003E+03  1.00000E-35  8.05197E+03
   8.73787E+02  1.92696E+00  2.37788E-02  8.17534E+03  1.00000E-35  8.17729E+03
   8.74857E+02  1.93911E+00  2.37943E-02  8.28119E+03  1.00000E-35  8.28315E+03
   8.77000E+02  1.96362E+00  2.38255E-02  8.44166E+03  1.00000E-35  8.44365E+03
   8.77000E+02  1.96362E+00  2.38255E-02  9.68653E+03  1.00000E-35  9.68851E+03
   8.77710E+02  1.97180E+00  2.38358E-02  9.91045E+03  1.00000E-35  9.91245E+03
   8.78420E+02  1.98001E+00  2.38462E-02  1.01167E+04  1.00000E-35  1.01187E+04
   8.79843E+02  1.99629E+00  2.38668E-02  1.04714E+04  1.00000E-35  1.04734E+04
   8.81267E+02  2.01250E+00  2.38875E-02  1.07752E+04  1.00000E-35  1.07772E+04
   8.82694E+02  2.02886E+00  2.39082E-02  1.10249E+04  1.00000E-35  1.10269E+04
   8.84124E+02  2.04535E+00  2.39288E-02  1.12267E+04  1.00000E-35  1.12288E+04
   8.85555E+02  2.06197E+00  2.39488E-02  1.13942E+04  1.00000E-35  1.13962E+04
   8.86989E+02  2.07872E+00  2.39689E-02  1.15284E+04  1.00000E-35  1.15305E+04
   8.88426E+02  2.11195E+00  2.39889E-02  1.16296E+04  1.00000E-35  1.16318E+04
   8.91305E+02  2.18441E+00  2.40291E-02  1.17570E+04  1.00000E-35  1.17592E+04
   8.94194E+02  2.25937E+00  2.40693E-02  1.18096E+04  1.00000E-35  1.18119E+04
   8.97092E+02  2.34641E+00  2.41096E-02  1.18065E+04  1.00000E-35  1.18089E+04
   9.00000E+02  2.44356E+00  2.41500E-02  1.17673E+04  1.00000E-35  1.17698E+04
   9.48683E+02  3.26760E+00  2.48168E-02  1.04621E+04  1.00000E-35  1.04654E+04
   1.00000E+03  3.54404E+00  2.54890E-02  9.15360E+03  1.00000E-35  9.15717E+03
   1.01500E+03  3.83509E+00  2.56809E-02  8.82080E+03  1.00000E-35  8.82466E+03
   1.01500E+03  3.83509E+00  2.56809E-02  1.02691E+04  1.00000E-35  1.02730E+04
   1.02011E+03  3.92301E+00  2.57460E-02  1.00552E+04  1.00000E-35  1.00591E+04
   1.02525E+03  3.98998E+00  2.58113E-02  9.88712E+03  1.00000E-35  9.89113E+03
   1.03561E+03  4.09427E+00  2.59424E-02  9.62048E+03  1.00000E-35  9.62460E+03
   1.05665E+03  4.23949E+00  2.62047E-02  9.19265E+03  1.00000E-35  9.19691E+03
   1.10000E+03  4.43636E+00  2.67327E-02  8.39321E+03  1.00000E-35  8.39767E+03
   1.25000E+03  4.77723E+00  2.84756E-02  6.22003E+03  1.00000E-35  6.22484E+03
   1.40000E+03  4.89869E+00  3.01217E-02  4.74079E+03  1.00000E-35  4.74572E+03
   1.50000E+03  4.91012E+00  3.11778E-02  4.00552E+03  1.00000E-35  4.01046E+03
   1.62019E+03  4.87581E+00  3.24116E-02  3.31080E+03  1.00000E-35  3.31571E+03
   1.75000E+03  4.81588E+00  3.37077E-02  2.73004E+03  1.00000E-35  2.73489E+03
   2.00000E+03  4.65729E+00  3.61213E-02  1.94535E+03  1.00000E-35  1.95004E+03
   2.20000E+03  4.50425E+00  3.79811E-02  1.52241E+03  1.00000E-35  1.52696E+03
   2.50000E+03  4.27660E+00  4.06729E-02  1.09184E+03  1.00000E-35  1.09615E+03
   3.00000E+03  3.89734E+00  4.49364E-02  6.75179E+02  1.00000E-35  6.79121E+02
   3.50000E+03  3.54455E+00  4.89807E-02  4.47386E+02  1.00000E-35  4.50979E+02
   4.00000E+03  3.22363E+00  5.28681E-02  3.12113E+02  1.00000E-35  3.15389E+02
   4.50000E+03  2.92662E+00  5.66423E-02  2.26612E+02  1.00000E-35  2.29595E+02
   5.00000E+03  2.65919E+00  6.03063E-02  1.69875E+02  1.00000E-35  1.72594E+02
   5.50000E+03  2.41435E+00  6.38361E-02  1.30711E+02  1.00000E-35  1.33189E+02
   6.00000E+03  2.18913E+00  6.72181E-02  1.02781E+02  1.00000E-35  1.05037E+02
   7.00000E+03  1.77813E+00  7.35432E-02  6.69727E+01  1.00000E-35  6.88244E+01
   8.00000E+03  1.30749E+00  7.93218E-02  4.61068E+01  1.00000E-35  4.74936E+01
   8.33800E+03  1.06795E+00  8.11452E-02  4.10314E+01  1.00000E-35  4.21805E+01
   8.33800E+03  1.06795E+00  8.11452E-02  3.62998E+02  1.00000E-35  3.64147E+02
   8.34298E+03  1.07219E+00  8.11719E-02  3.41407E+02  1.00000E-35  3.42560E+02
   8.34796E+03  1.07644E+00  8.11985E-02  3.29151E+02  1.00000E-35  3.30309E+02
   8.35294E+03  1.08071E+00  8.12251E-02  3.22260E+02  1.00000E-35  3.23422E+02
   8.35793E+03  1.08500E+00  8.12517E-02  3.18834E+02  1.00000E-35  3.20000E+02
   8.36292E+03  1.08931E+00  8.12783E-02  3.17261E+02  1.00000E-35  3.18431E+02
   8.36791E+03  1.09363E+00  8.13050E-02  3.17180E+02  1.00000E-35  3.18355E+02
   8.37791E+03  1.10233E+00  8.13583E-02  3.18681E+02  1.00000E-35  3.19865E+02
   8.38792E+03  1.11110E+00  8.14117E-02  3.20418E+02  1.00000E-35  3.21611E+02
   8.39794E+03  1.12068E+00  8.14651E-02  3.21433E+02  1.00000E-35  3.22635E+02
   8.40797E+03  1.13183E+00  8.15185E-02  3.21482E+02  1.00000E-35  3.22696E+02
   8.41801E+03  1.14310E+00  8.15720E-02  3.20774E+02  1.00000E-35  3.21999E+02
   8.45830E+03  1.18929E+00  8.17862E-02  3.16449E+02  1.00000E-35  3.17720E+02
   8.49879E+03  1.22827E+00  8.20010E-02  3.13337E+02  1.00000E-35  3.14647E+02
   8.66268E+03  1.32557E+00  8.28636E-02  2.98746E+02  1.00000E-35  3.00154E+02
   9.00000E+03  1.38438E+00  8.45665E-02  2.71252E+02  1.00000E-35  2.72721E+02
   1.00000E+04  1.35318E+00  8.93441E-02  2.06401E+02  1.00000E-35  2.07843E+02
   1.10000E+04  1.25975E+00  9.36871E-02  1.60568E+02  1.00000E-35  1.61922E+02
   1.25000E+04  1.11216E+00  9.94604E-02  1.14216E+02  1.00000E-35  1.15428E+02
   1.40000E+04  9.82444E-01  1.04491E-01  8.41137E+01  1.00000E-35  8.52006E+01
   1.50000E+04  9.06389E-01  1.07469E-01  6.96902E+01  1.00000E-35  7.07041E+01
   1.75000E+04  7.50471E-01  1.13826E-01  4.55521E+01  1.00000E-35  4.64164E+01
   2.00000E+04  6.29745E-01  1.18908E-01  3.13579E+01  1.00000E-35  3.21066E+01
   2.20000E+04  5.52310E-01  1.22227E-01  2.39564E+01  1.00000E-35  2.46309E+01
   2.50000E+04  4.58642E-01  1.26200E-01  1.66395E+01  1.00000E-35  1.72244E+01
   3.00000E+04  3.44779E-01  1.30937E-01  9.83430E+00  1.00000E-35  1.03100E+01
   3.50000E+04  2.69065E-01  1.34005E-01  6.27175E+00  1.00000E-35  6.67482E+00
   4.00000E+04  2.16193E-01  1.36020E-01  4.23277E+00  1.00000E-35  4.58498E+00
   4.50000E+04  1.77105E-01  1.37262E-01  2.98465E+00  1.00000E-35  3.29902E+00
   5.00000E+04  1.48076E-01  1.37986E-01  2.17946E+00  1.00000E-35  2.46553E+00
   5.50000E+04  1.25938E-01  1.38295E-01  1.63764E+00  1.00000E-35  1.90188E+00
   6.00000E+04  1.08544E-01  1.38279E-01  1.26016E+00  1.00000E-35  1.50698E+00
   7.00000E+04  8.30203E-02  1.37566E-01  7.90375E-01  1.00000E-35  1.01096E+00
   8.00000E+04  6.56572E-02  1.36292E-01  5.26575E-01  1.00000E-35  7.28524E-01
   9.00000E+04  5.32677E-02  1.34686E-01  3.67576E-01  1.00000E-35  5.55531E-01
   1.00000E+05  4.40337E-02  1.32902E-01  2.66307E-01  1.00000E-35  4.43243E-01
   1.10000E+05  3.70224E-02  1.30976E-01  1.98885E-01  1.00000E-35  3.66883E-01
   1.25000E+05  2.92179E-02  1.27994E-01  1.34419E-01  1.00000E-35  2.91632E-01
   1.40000E+05  2.36053E-02  1.25047E-01  9.49965E-02  1.00000E-35  2.43649E-01
   1.50000E+05  2.07247E-02  1.23094E-01  7.69226E-02  1.00000E-35  2.20741E-01
   1.75000E+05  1.54691E-02  1.18454E-01  4.80727E-02  1.00000E-35  1.81996E-01
   2.00000E+05  1.19845E-02  1.14180E-01  3.20723E-02  1.00000E-35  1.58237E-01
   2.20000E+05  9.98096E-03  1.11006E-01  2.40742E-02  1.00000E-35  1.45061E-01
   2.50000E+05  7.79649E-03  1.06654E-01  1.64429E-02  1.00000E-35  1.30893E-01
   3.00000E+05  5.47479E-03  1.00325E-01  9.63303E-03  1.00000E-35  1.15433E-01
   3.50000E+05  4.04922E-03  9.49256E-02  6.19572E-03  1.00000E-35  1.05171E-01
   4.00000E+05  3.11770E-03  9.02703E-02  4.26922E-03  1.00000E-35  9.76572E-02
   4.50000E+05  2.47141E-03  8.62078E-02  3.10127E-03  1.00000E-35  9.17805E-02
   5.00000E+05  2.00668E-03  8.26215E-02  2.34859E-03  1.00000E-35  8.69767E-02
   5.50000E+05  1.66204E-03  7.94161E-02  1.83919E-03  1.00000E-35  8.29174E-02
   6.00000E+05  1.39937E-03  7.65318E-02  1.48032E-03  1.00000E-35  7.94115E-02
   7.00000E+05  1.03049E-03  7.15349E-02  1.02307E-03  1.00000E-35  7.35884E-02
   8.00000E+05  7.89858E-04  6.73197E-02  7.54914E-04  1.00000E-35  6.88645E-02
   9.00000E+05  6.24706E-04  6.37200E-02  5.84626E-04  1.00000E-35  6.49294E-02
   1.00000E+06  5.06463E-04  6.05675E-02  4.69678E-04  1.00000E-35  6.15436E-02
   1.10000E+06  4.18903E-04  5.77889E-02  3.88268E-04  3.32061E-06  5.85994E-02
   1.25000E+06  3.24725E-04  5.41761E-02  3.04087E-04  7.68930E-05  5.48818E-02
   1.40000E+06  2.58987E-04  5.10772E-02  2.47272E-04  2.43926E-04  5.18274E-02
   1.50000E+06  2.25631E-04  4.92453E-02  2.18942E-04  4.01680E-04  5.00916E-02
   1.75000E+06  1.65813E-04  4.52881E-02  1.68605E-04  9.01143E-04  4.65237E-02
   2.00000E+06  1.26979E-04  4.20197E-02  1.35916E-04  1.50916E-03  4.37918E-02
   2.20000E+06  1.04958E-04  3.97822E-02  1.17274E-04  2.03493E-03  4.20394E-02
   2.50000E+06  8.12965E-05  3.69084E-02  9.68412E-05  2.85159E-03  3.99381E-02
   3.00000E+06  5.64727E-05  3.30562E-02  7.45342E-05  4.19448E-03  3.73817E-02
   3.50000E+06  4.15008E-05  3.00267E-02  6.02684E-05  5.49422E-03  3.56226E-02
   4.00000E+06  3.17797E-05  2.75672E-02  5.04252E-05  6.71456E-03  3.43640E-02
   4.50000E+06  2.51104E-05  2.55294E-02  4.32547E-05  7.87421E-03  3.34720E-02
   5.00000E+06  2.03398E-05  2.38034E-02  3.78144E-05  8.95259E-03  3.28142E-02
   5.50000E+06  1.68100E-05  2.23227E-02  3.35548E-05  9.95935E-03  3.23324E-02
   6.00000E+06  1.41253E-05  2.10359E-02  3.01344E-05  1.09463E-02  3.20265E-02
   7.00000E+06  1.03781E-05  1.89037E-02  2.49935E-05  1.27405E-02  3.16796E-02
   8.00000E+06  7.94591E-06  1.72033E-02  2.13227E-05  1.43491E-02  3.15817E-02
   9.00000E+06  6.27838E-06  1.58111E-02  1.85763E-05  1.58091E-02  3.16450E-02
   1.00000E+07  5.08557E-06  1.46476E-02  1.64471E-05  1.71267E-02  3.17958E-02
   1.10000E+07  4.20304E-06  1.36595E-02  1.47498E-05  1.83348E-02  3.20133E-02
   1.25000E+07  3.25486E-06  1.24255E-02  1.27660E-05  1.99536E-02  3.23951E-02
   1.40000E+07  2.59477E-06  1.14135E-02  1.12479E-05  2.14089E-02  3.28363E-02
   1.50000E+07  2.26033E-06  1.08341E-02  1.04200E-05  2.23004E-02  3.31471E-02
   1.75000E+07  1.66066E-06  9.63304E-03  8.79714E-06  2.42903E-02  3.39338E-02
   2.00000E+07  1.27145E-06  8.69043E-03  7.60907E-06  2.60225E-02  3.47218E-02
   2.20000E+07  1.05079E-06  8.06985E-03  6.86602E-06  2.72618E-02  3.53396E-02
   2.50000E+07  8.13733E-07  7.30068E-03  5.98774E-06  2.89074E-02  3.62149E-02
   3.00000E+07  5.65092E-07  6.31980E-03  4.93417E-06  3.12217E-02  3.75470E-02
   3.50000E+07  4.15172E-07  5.58723E-03  4.19510E-06  3.31440E-02  3.87358E-02
   4.00000E+07  3.17866E-07  5.01746E-03  3.64818E-06  3.47855E-02  3.98069E-02
   4.50000E+07  2.51153E-07  4.56035E-03  3.22721E-06  3.62017E-02  4.07655E-02
   5.00000E+07  2.03434E-07  4.18495E-03  2.89321E-06  3.74406E-02  4.16287E-02
   5.50000E+07  1.68127E-07  3.87068E-03  2.62178E-06  3.85339E-02  4.24073E-02
   6.00000E+07  1.41273E-07  3.60339E-03  2.39687E-06  3.95385E-02  4.31444E-02
   7.00000E+07  1.03793E-07  3.17229E-03  2.04577E-06  4.12392E-02  4.44136E-02
   8.00000E+07  7.94663E-08  2.83903E-03  1.78434E-06  4.26517E-02  4.54926E-02
   9.00000E+07  6.27880E-08  2.57299E-03  1.58211E-06  4.38466E-02  4.64212E-02
   1.00000E+08  5.08583E-08  2.35543E-03  1.42105E-06  4.48784E-02  4.72353E-02
   1.10000E+08  4.20317E-08  2.17393E-03  1.28973E-06  4.57772E-02  4.79525E-02
   1.25000E+08  3.25493E-08  1.95145E-03  1.13271E-06  4.69234E-02  4.88760E-02
   1.40000E+08  2.59482E-08  1.77272E-03  1.00977E-06  4.78885E-02  4.96623E-02
   1.50000E+08  2.26037E-08  1.67175E-03  9.41627E-07  4.84494E-02  5.01221E-02
   1.75000E+08  1.66069E-08  1.46585E-03  8.05700E-07  4.96366E-02  5.11033E-02
   2.00000E+08  1.27147E-08  1.30755E-03  7.04061E-07  5.05959E-02  5.19041E-02
   2.20000E+08  1.05080E-08  1.20482E-03  6.39519E-07  5.12392E-02  5.24446E-02
   2.50000E+08  8.13742E-09  1.07925E-03  5.62210E-07  5.20498E-02  5.31296E-02
   3.00000E+08  5.65098E-09  9.21945E-04  4.67929E-07  5.31119E-02  5.40344E-02
   3.50000E+08  4.15174E-09  8.06566E-04  4.00728E-07  5.39193E-02  5.47262E-02
   4.00000E+08  3.17867E-09  7.18113E-04  3.50404E-07  5.45601E-02  5.52786E-02
   4.50000E+08  2.51154E-09  6.48001E-04  3.11310E-07  5.50828E-02  5.57311E-02
   5.00000E+08  2.03435E-09  5.90993E-04  2.80062E-07  5.55187E-02  5.61100E-02
   5.50000E+08  1.68128E-09  5.43670E-04  2.54515E-07  5.58810E-02  5.64249E-02
   6.00000E+08  1.41274E-09  5.03719E-04  2.33240E-07  5.62098E-02  5.67138E-02
   7.00000E+08  1.03794E-09  4.39880E-04  1.99831E-07  5.67183E-02  5.71584E-02
   8.00000E+08  7.94668E-10  3.91047E-04  1.74794E-07  5.71181E-02  5.75093E-02
   9.00000E+08  6.27886E-10  3.52419E-04  1.55332E-07  5.74472E-02  5.77998E-02
   1.00000E+09  5.08587E-10  3.21060E-04  1.39769E-07  5.77229E-02  5.80441E-02
