 # Material data file: Bk                  
 # 
 # PENELOPE >>>  Photon mass attenuation coefficients (mac).
 # 
 #   Energy       mac_Ra       mac_Co       mac_ph       mac_pp       mac_tot
 #    (eV)       (cm**2/g)    (cm**2/g)    (cm**2/g)    (cm**2/g)    (cm**2/g)
 #------------------------------------------------------------------------------
   5.00000E+01  5.11246E-01  2.47091E-03  4.16599E+04  1.00000E-35  4.16605E+04
   5.24404E+01  5.39318E-01  2.47328E-03  4.14277E+04  1.00000E-35  4.14282E+04
   5.50000E+01  5.74043E-01  2.47569E-03  4.13433E+04  1.00000E-35  4.13439E+04
   6.00000E+01  6.96674E-01  2.48042E-03  4.13704E+04  1.00000E-35  4.13711E+04
   6.30000E+01  7.64583E-01  2.48328E-03  4.13233E+04  1.00000E-35  4.13241E+04
   6.30000E+01  7.64583E-01  2.48328E-03  4.21901E+04  1.00000E-35  4.21909E+04
   6.64078E+01  8.69524E-01  2.48654E-03  4.17728E+04  1.00000E-35  4.17737E+04
   6.81803E+01  9.18543E-01  2.48822E-03  4.14593E+04  1.00000E-35  4.14603E+04
   7.00000E+01  9.67430E-01  2.48990E-03  4.10499E+04  1.00000E-35  4.10508E+04
   7.23762E+01  1.02953E+00  2.49222E-03  4.03825E+04  1.00000E-35  4.03835E+04
   7.48331E+01  1.08936E+00  2.49455E-03  3.95613E+04  1.00000E-35  3.95624E+04
   7.73735E+01  1.14545E+00  2.49698E-03  3.85574E+04  1.00000E-35  3.85585E+04
   8.00000E+01  1.19492E+00  2.49954E-03  3.73764E+04  1.00000E-35  3.73776E+04
   8.23907E+01  1.23058E+00  2.50180E-03  3.62104E+04  1.00000E-35  3.62116E+04
   8.48528E+01  1.25799E+00  2.50428E-03  3.49093E+04  1.00000E-35  3.49105E+04
   8.73885E+01  1.27381E+00  2.50684E-03  3.35190E+04  1.00000E-35  3.35202E+04
   9.00000E+01  1.27609E+00  2.50940E-03  3.20231E+04  1.00000E-35  3.20244E+04
   9.24021E+01  1.26143E+00  2.51206E-03  3.06048E+04  1.00000E-35  3.06060E+04
   9.48683E+01  1.22855E+00  2.51477E-03  2.91355E+04  1.00000E-35  2.91367E+04
   9.74004E+01  1.17271E+00  2.51749E-03  2.76016E+04  1.00000E-35  2.76028E+04
   1.00000E+02  1.15624E+00  2.52065E-03  2.60331E+04  1.00000E-35  2.60343E+04
   1.02411E+02  1.28923E+00  2.52372E-03  2.45834E+04  1.00000E-35  2.45847E+04
   1.04881E+02  1.52923E+00  2.52680E-03  2.31156E+04  1.00000E-35  2.31172E+04
   1.07410E+02  1.96969E+00  2.53007E-03  2.16412E+04  1.00000E-35  2.16432E+04
   1.10000E+02  3.03582E+00  2.53422E-03  2.01756E+04  1.00000E-35  2.01786E+04
   1.13344E+02  1.37095E+01  2.53943E-03  1.83498E+04  1.00000E-35  1.83636E+04
   1.16790E+02  5.07790E+01  2.54491E-03  1.65663E+04  1.00000E-35  1.66170E+04
   1.18553E+02  2.56889E+01  2.54855E-03  1.56986E+04  1.00000E-35  1.57243E+04
   1.20341E+02  7.60629E+00  2.55219E-03  1.48424E+04  1.00000E-35  1.48500E+04
   1.24000E+02  5.12829E+00  2.55949E-03  1.32136E+04  1.00000E-35  1.32187E+04
   1.24000E+02  5.12830E+00  2.55949E-03  1.50904E+04  1.00000E-35  1.50955E+04
   1.25000E+02  1.11939E+01  2.56146E-03  1.48775E+04  1.00000E-35  1.48887E+04
   1.25889E+02  1.99925E+01  2.56319E-03  1.47322E+04  1.00000E-35  1.47522E+04
   1.26783E+02  2.67227E+01  2.56503E-03  1.46224E+04  1.00000E-35  1.46491E+04
   1.28592E+02  2.55188E+01  2.56983E-03  1.44602E+04  1.00000E-35  1.44857E+04
   1.30427E+02  1.28737E+01  2.57464E-03  1.43363E+04  1.00000E-35  1.43492E+04
   1.32288E+02  7.28633E+00  2.57946E-03  1.41552E+04  1.00000E-35  1.41625E+04
   1.33228E+02  6.21703E+00  2.58187E-03  1.40299E+04  1.00000E-35  1.40361E+04
   1.34175E+02  5.64237E+00  2.58429E-03  1.38767E+04  1.00000E-35  1.38823E+04
   1.35129E+02  5.26075E+00  2.58670E-03  1.36834E+04  1.00000E-35  1.36887E+04
   1.36089E+02  4.94947E+00  2.58912E-03  1.34612E+04  1.00000E-35  1.34661E+04
   1.37057E+02  4.68046E+00  2.59154E-03  1.32108E+04  1.00000E-35  1.32155E+04
   1.38031E+02  4.43928E+00  2.59418E-03  1.29385E+04  1.00000E-35  1.29430E+04
   1.40000E+02  4.05116E+00  2.60081E-03  1.23227E+04  1.00000E-35  1.23267E+04
   1.42000E+02  3.77354E+00  2.60747E-03  1.16672E+04  1.00000E-35  1.16709E+04
   1.42000E+02  3.77354E+00  2.60747E-03  1.28767E+04  1.00000E-35  1.28805E+04
   1.43959E+02  3.62592E+00  2.61392E-03  1.24302E+04  1.00000E-35  1.24339E+04
   1.44949E+02  3.57790E+00  2.61715E-03  1.22544E+04  1.00000E-35  1.22580E+04
   1.45945E+02  3.53832E+00  2.62039E-03  1.21058E+04  1.00000E-35  1.21093E+04
   1.50000E+02  3.41476E+00  2.63342E-03  1.16214E+04  1.00000E-35  1.16248E+04
   1.51452E+02  3.38661E+00  2.63950E-03  1.14196E+04  1.00000E-35  1.14230E+04
   1.52918E+02  3.36409E+00  2.64559E-03  1.11783E+04  1.00000E-35  1.11817E+04
   1.54399E+02  3.34396E+00  2.65170E-03  1.08902E+04  1.00000E-35  1.08935E+04
   1.55893E+02  3.32397E+00  2.65781E-03  1.05623E+04  1.00000E-35  1.05656E+04
   1.57403E+02  3.30378E+00  2.66395E-03  1.02042E+04  1.00000E-35  1.02075E+04
   1.58926E+02  3.28219E+00  2.67009E-03  9.82993E+03  1.00000E-35  9.83322E+03
   1.60465E+02  3.25912E+00  2.67626E-03  9.44599E+03  1.00000E-35  9.44925E+03
   1.62019E+02  3.23467E+00  2.68243E-03  9.05581E+03  1.00000E-35  9.05904E+03
   1.65171E+02  3.17791E+00  2.69695E-03  8.28748E+03  1.00000E-35  8.29066E+03
   1.68384E+02  3.11733E+00  2.71276E-03  7.55453E+03  1.00000E-35  7.55765E+03
   1.71660E+02  3.05295E+00  2.72867E-03  6.86785E+03  1.00000E-35  6.87091E+03
   1.75000E+02  2.98840E+00  2.74468E-03  6.22827E+03  1.00000E-35  6.23127E+03
   1.80941E+02  2.87092E+00  2.77606E-03  5.23866E+03  1.00000E-35  5.24153E+03
   1.87083E+02  2.75405E+00  2.81043E-03  4.38878E+03  1.00000E-35  4.39153E+03
   2.00000E+02  2.52189E+00  2.88632E-03  3.07722E+03  1.00000E-35  3.07975E+03
   2.04823E+02  2.43973E+00  2.91586E-03  2.72165E+03  1.00000E-35  2.72409E+03
   2.09762E+02  2.36025E+00  2.94571E-03  2.41633E+03  1.00000E-35  2.41869E+03
   2.14820E+02  2.28333E+00  2.97924E-03  2.15645E+03  1.00000E-35  2.15874E+03
   2.20000E+02  2.20513E+00  3.01349E-03  1.93644E+03  1.00000E-35  1.93865E+03
   2.23319E+02  2.15726E+00  3.03522E-03  1.81687E+03  1.00000E-35  1.81903E+03
   2.26689E+02  2.10822E+00  3.05712E-03  1.70949E+03  1.00000E-35  1.71160E+03
   2.30109E+02  2.05819E+00  3.08002E-03  1.61411E+03  1.00000E-35  1.61617E+03
   2.33581E+02  2.00675E+00  3.10443E-03  1.52896E+03  1.00000E-35  1.53097E+03
   2.37105E+02  1.95671E+00  3.12902E-03  1.45384E+03  1.00000E-35  1.45580E+03
   2.40682E+02  1.94067E+00  3.15382E-03  1.38771E+03  1.00000E-35  1.38965E+03
   2.44314E+02  1.92864E+00  3.17881E-03  1.32961E+03  1.00000E-35  1.33155E+03
   2.48000E+02  1.87265E+00  3.20400E-03  1.27960E+03  1.00000E-35  1.28148E+03
   2.48000E+02  1.87265E+00  3.20400E-03  2.04713E+03  1.00000E-35  2.04900E+03
   2.50000E+02  1.85627E+00  3.21817E-03  1.99874E+03  1.00000E-35  2.00060E+03
   2.52865E+02  1.85299E+00  3.23908E-03  1.94500E+03  1.00000E-35  1.94685E+03
   2.55763E+02  1.85268E+00  3.26013E-03  1.90273E+03  1.00000E-35  1.90459E+03
   2.58694E+02  1.84758E+00  3.28131E-03  1.86820E+03  1.00000E-35  1.87005E+03
   2.61659E+02  1.84154E+00  3.30263E-03  1.83826E+03  1.00000E-35  1.84011E+03
   2.67691E+02  1.82033E+00  3.34569E-03  1.78777E+03  1.00000E-35  1.78960E+03
   2.73861E+02  1.79358E+00  3.39052E-03  1.74448E+03  1.00000E-35  1.74628E+03
   2.80174E+02  1.76404E+00  3.43727E-03  1.70714E+03  1.00000E-35  1.70891E+03
   2.86633E+02  1.73259E+00  3.48466E-03  1.67729E+03  1.00000E-35  1.67902E+03
   2.93240E+02  1.69890E+00  3.53270E-03  1.65416E+03  1.00000E-35  1.65586E+03
   3.00000E+02  1.66372E+00  3.58285E-03  1.63744E+03  1.00000E-35  1.63911E+03
   3.07001E+02  1.62481E+00  3.63476E-03  1.62685E+03  1.00000E-35  1.62848E+03
   3.14166E+02  1.58065E+00  3.68743E-03  1.62015E+03  1.00000E-35  1.62174E+03
   3.29000E+02  1.50052E+00  3.79639E-03  1.61495E+03  1.00000E-35  1.61645E+03
   3.29000E+02  1.50052E+00  3.79639E-03  1.88672E+03  1.00000E-35  1.88823E+03
   3.34129E+02  1.49535E+00  3.83400E-03  1.87127E+03  1.00000E-35  1.87277E+03
   3.39338E+02  1.49253E+00  3.87199E-03  1.86011E+03  1.00000E-35  1.86160E+03
   3.50000E+02  1.47399E+00  3.94915E-03  1.83895E+03  1.00000E-35  1.84042E+03
   3.74166E+02  1.40202E+00  4.12231E-03  1.79312E+03  1.00000E-35  1.79453E+03
   4.00000E+02  1.30124E+00  4.30268E-03  1.75639E+03  1.00000E-35  1.75769E+03
   4.01000E+02  1.29734E+00  4.30957E-03  1.75484E+03  1.00000E-35  1.75614E+03
   4.01000E+02  1.29734E+00  4.30957E-03  1.87145E+03  1.00000E-35  1.87276E+03
   4.03900E+02  1.28797E+00  4.32953E-03  1.85820E+03  1.00000E-35  1.85949E+03
   4.06821E+02  1.27934E+00  4.34957E-03  1.84882E+03  1.00000E-35  1.85011E+03
   4.12726E+02  1.25976E+00  4.38994E-03  1.83586E+03  1.00000E-35  1.83712E+03
   4.24794E+02  1.21688E+00  4.47086E-03  1.81755E+03  1.00000E-35  1.81877E+03
   4.50000E+02  1.10118E+00  4.63708E-03  1.77602E+03  1.00000E-35  1.77713E+03
   4.74342E+02  9.67980E-01  4.79136E-03  1.73262E+03  1.00000E-35  1.73359E+03
   5.00000E+02  8.02658E-01  4.94912E-03  1.68588E+03  1.00000E-35  1.68669E+03
   5.04000E+02  7.71402E-01  4.97307E-03  1.67793E+03  1.00000E-35  1.67871E+03
   5.04000E+02  7.71402E-01  4.97307E-03  1.84783E+03  1.00000E-35  1.84861E+03
   5.05973E+02  7.55589E-01  4.98486E-03  1.83448E+03  1.00000E-35  1.83524E+03
   5.07953E+02  7.39183E-01  4.99667E-03  1.82597E+03  1.00000E-35  1.82671E+03
   5.11937E+02  7.07828E-01  5.02038E-03  1.81552E+03  1.00000E-35  1.81623E+03
   5.20000E+02  6.49431E-01  5.06814E-03  1.80212E+03  1.00000E-35  1.80277E+03
   5.20000E+02  6.49431E-01  5.06814E-03  1.91231E+03  1.00000E-35  1.91296E+03
   5.23659E+02  6.18640E-01  5.08972E-03  1.91006E+03  1.00000E-35  1.91068E+03
   5.27343E+02  5.87464E-01  5.11139E-03  1.91187E+03  1.00000E-35  1.91247E+03
   5.31053E+02  5.56409E-01  5.13315E-03  1.92043E+03  1.00000E-35  1.92099E+03
   5.34790E+02  5.25781E-01  5.15460E-03  1.93822E+03  1.00000E-35  1.93875E+03
   5.38552E+02  4.94310E-01  5.17592E-03  1.96891E+03  1.00000E-35  1.96941E+03
   5.40444E+02  4.78032E-01  5.18661E-03  1.99062E+03  1.00000E-35  1.99110E+03
   5.42342E+02  4.61056E-01  5.19733E-03  2.01786E+03  1.00000E-35  2.01832E+03
   5.44246E+02  4.44689E-01  5.20806E-03  2.05038E+03  1.00000E-35  2.05083E+03
   5.46157E+02  4.27252E-01  5.21881E-03  2.08950E+03  1.00000E-35  2.08993E+03
   5.48075E+02  4.10250E-01  5.22959E-03  2.13603E+03  1.00000E-35  2.13645E+03
   5.50000E+02  3.93803E-01  5.24040E-03  2.18962E+03  1.00000E-35  2.19002E+03
   5.52999E+02  3.69033E-01  5.25720E-03  2.28909E+03  1.00000E-35  2.28947E+03
   5.56015E+02  3.46532E-01  5.27405E-03  2.41038E+03  1.00000E-35  2.41074E+03
   5.59047E+02  3.26198E-01  5.29096E-03  2.55374E+03  1.00000E-35  2.55407E+03
   5.62095E+02  3.10979E-01  5.30792E-03  2.72143E+03  1.00000E-35  2.72175E+03
   5.65160E+02  2.98325E-01  5.32494E-03  2.91233E+03  1.00000E-35  2.91263E+03
   5.68242E+02  2.95009E-01  5.34201E-03  3.12660E+03  1.00000E-35  3.12690E+03
   5.74456E+02  3.05278E-01  5.37632E-03  3.62267E+03  1.00000E-35  3.62298E+03
   5.80738E+02  3.48251E-01  5.41061E-03  4.19846E+03  1.00000E-35  4.19882E+03
   5.87089E+02  4.32816E-01  5.44430E-03  4.83482E+03  1.00000E-35  4.83526E+03
   5.90291E+02  4.90188E-01  5.46122E-03  5.16775E+03  1.00000E-35  5.16825E+03
   5.93510E+02  5.56854E-01  5.47819E-03  5.50485E+03  1.00000E-35  5.50541E+03
   5.96746E+02  6.33838E-01  5.49521E-03  5.84475E+03  1.00000E-35  5.84539E+03
   6.00000E+02  7.19430E-01  5.51229E-03  6.18104E+03  1.00000E-35  6.18176E+03
   6.02897E+02  8.04019E-01  5.52746E-03  6.47048E+03  1.00000E-35  6.47129E+03
   6.05809E+02  8.93235E-01  5.54267E-03  6.75766E+03  1.00000E-35  6.75856E+03
   6.08734E+02  9.90306E-01  5.55793E-03  7.03141E+03  1.00000E-35  7.03240E+03
   6.11673E+02  1.08931E+00  5.57322E-03  7.29443E+03  1.00000E-35  7.29552E+03
   6.14627E+02  1.19480E+00  5.58856E-03  7.54675E+03  1.00000E-35  7.54795E+03
   6.17595E+02  1.30144E+00  5.60394E-03  7.78440E+03  1.00000E-35  7.78571E+03
   6.20577E+02  1.41262E+00  5.61937E-03  8.00672E+03  1.00000E-35  8.00813E+03
   6.23574E+02  1.52457E+00  5.63483E-03  8.21616E+03  1.00000E-35  8.21769E+03
   6.26585E+02  1.63792E+00  5.65034E-03  8.41011E+03  1.00000E-35  8.41175E+03
   6.29611E+02  1.75067E+00  5.66589E-03  8.58892E+03  1.00000E-35  8.59068E+03
   6.35706E+02  1.97677E+00  5.69631E-03  8.90600E+03  1.00000E-35  8.90799E+03
   6.41860E+02  2.19840E+00  5.72677E-03  9.16998E+03  1.00000E-35  9.17218E+03
   6.48074E+02  2.41246E+00  5.75739E-03  9.38320E+03  1.00000E-35  9.38562E+03
   6.54348E+02  2.62194E+00  5.78817E-03  9.55097E+03  1.00000E-35  9.55360E+03
   6.60683E+02  2.82348E+00  5.81913E-03  9.67528E+03  1.00000E-35  9.67811E+03
   6.67079E+02  3.00927E+00  5.85024E-03  9.76193E+03  1.00000E-35  9.76494E+03
   6.73537E+02  3.18462E+00  5.88152E-03  9.81621E+03  1.00000E-35  9.81940E+03
   6.80057E+02  3.35083E+00  5.91297E-03  9.84246E+03  1.00000E-35  9.84582E+03
   6.86641E+02  3.50708E+00  5.94450E-03  9.84653E+03  1.00000E-35  9.85004E+03
   7.00000E+02  3.79402E+00  6.00651E-03  9.80295E+03  1.00000E-35  9.80675E+03
   7.11782E+02  4.01848E+00  6.06075E-03  9.71947E+03  1.00000E-35  9.72349E+03
   7.23762E+02  4.22107E+00  6.11548E-03  9.61037E+03  1.00000E-35  9.61460E+03
   7.35944E+02  4.40767E+00  6.17070E-03  9.47239E+03  1.00000E-35  9.47680E+03
   7.48331E+02  4.57554E+00  6.22624E-03  9.31332E+03  1.00000E-35  9.31790E+03
   7.73735E+02  4.85987E+00  6.33676E-03  8.96138E+03  1.00000E-35  8.96625E+03
   8.00000E+02  5.09353E+00  6.44923E-03  8.58053E+03  1.00000E-35  8.58563E+03
   8.23449E+02  5.24859E+00  6.54753E-03  8.23722E+03  1.00000E-35  8.24248E+03
   8.47585E+02  5.36869E+00  6.64659E-03  7.88380E+03  1.00000E-35  7.88917E+03
   8.98000E+02  5.81727E+00  6.84897E-03  7.17994E+03  1.00000E-35  7.18577E+03
   8.98000E+02  5.81727E+00  6.84897E-03  7.33489E+03  1.00000E-35  7.34071E+03
   9.00000E+02  5.75590E+00  6.85686E-03  7.35692E+03  1.00000E-35  7.36269E+03
   9.03343E+02  5.65505E+00  6.87002E-03  7.43726E+03  1.00000E-35  7.44292E+03
   9.06698E+02  5.66580E+00  6.88321E-03  7.53927E+03  1.00000E-35  7.54494E+03
   9.10066E+02  5.68775E+00  6.89643E-03  7.61651E+03  1.00000E-35  7.62220E+03
   9.13446E+02  5.74227E+00  6.90967E-03  7.65122E+03  1.00000E-35  7.65697E+03
   9.16838E+02  5.84213E+00  6.92293E-03  7.65361E+03  1.00000E-35  7.65946E+03
   9.20244E+02  5.94378E+00  6.93622E-03  7.63672E+03  1.00000E-35  7.64267E+03
   9.27092E+02  6.23048E+00  6.96288E-03  7.58377E+03  1.00000E-35  7.59001E+03
   9.40943E+02  6.63940E+00  7.01651E-03  7.45101E+03  1.00000E-35  7.45765E+03
   9.55000E+02  6.57362E+00  7.07054E-03  7.28222E+03  1.00000E-35  7.28880E+03
   9.55000E+02  6.57362E+00  7.07054E-03  7.39958E+03  1.00000E-35  7.40616E+03
   9.57752E+02  6.57756E+00  7.08108E-03  7.39334E+03  1.00000E-35  7.39992E+03
   9.60512E+02  6.58151E+00  7.09162E-03  7.41084E+03  1.00000E-35  7.41743E+03
   9.66057E+02  6.61609E+00  7.11283E-03  7.46229E+03  1.00000E-35  7.46892E+03
   9.71633E+02  6.69110E+00  7.13412E-03  7.46475E+03  1.00000E-35  7.47145E+03
   9.77241E+02  6.77149E+00  7.15547E-03  7.42922E+03  1.00000E-35  7.43600E+03
   9.88555E+02  6.91945E+00  7.19836E-03  7.32999E+03  1.00000E-35  7.33692E+03
   1.00000E+03  7.04055E+00  7.24151E-03  7.21424E+03  1.00000E-35  7.22128E+03
   1.04881E+03  7.40736E+00  7.42301E-03  6.67600E+03  1.00000E-35  6.68342E+03
   1.10000E+03  7.65936E+00  7.61113E-03  6.15352E+03  1.00000E-35  6.16119E+03
   1.16602E+03  7.85234E+00  7.84964E-03  5.54782E+03  1.00000E-35  5.55568E+03
   1.23600E+03  8.00679E+00  8.09852E-03  4.98112E+03  1.00000E-35  4.98913E+03
   1.23600E+03  8.00679E+00  8.09852E-03  5.33082E+03  1.00000E-35  5.33883E+03
   1.23949E+03  8.03580E+00  8.11079E-03  5.28797E+03  1.00000E-35  5.29601E+03
   1.24298E+03  8.06484E+00  8.12336E-03  5.25950E+03  1.00000E-35  5.26757E+03
   1.25000E+03  8.12813E+00  8.14859E-03  5.20992E+03  1.00000E-35  5.21806E+03
   1.40000E+03  8.75054E+00  8.68076E-03  4.20197E+03  1.00000E-35  4.21073E+03
   1.50000E+03  8.84769E+00  9.03721E-03  3.66944E+03  1.00000E-35  3.67830E+03
   1.55400E+03  8.87017E+00  9.23244E-03  3.41763E+03  1.00000E-35  3.42651E+03
   1.55400E+03  8.87017E+00  9.23244E-03  3.45848E+03  1.00000E-35  3.46736E+03
   1.72900E+03  8.92993E+00  9.87799E-03  2.78573E+03  1.00000E-35  2.79467E+03
   1.72900E+03  8.92993E+00  9.87799E-03  2.84255E+03  1.00000E-35  2.85149E+03
   1.73947E+03  8.93912E+00  9.91698E-03  2.80179E+03  1.00000E-35  2.81074E+03
   1.75000E+03  8.95208E+00  9.95831E-03  2.76735E+03  1.00000E-35  2.77631E+03
   1.87083E+03  8.98658E+00  1.04272E-02  2.41178E+03  1.00000E-35  2.42078E+03
   2.00000E+03  8.92311E+00  1.09487E-02  2.09728E+03  1.00000E-35  2.10622E+03
   2.20000E+03  8.74675E+00  1.17838E-02  1.71238E+03  1.00000E-35  1.72114E+03
   2.50000E+03  8.37505E+00  1.30830E-02  1.29766E+03  1.00000E-35  1.30605E+03
   2.73861E+03  8.02353E+00  1.41307E-02  1.06117E+03  1.00000E-35  1.06920E+03
   3.00000E+03  7.57491E+00  1.52854E-02  8.65743E+02  1.00000E-35  8.73334E+02
   3.50000E+03  6.52642E+00  1.75103E-02  6.10406E+02  1.00000E-35  6.16950E+02
   4.00000E+03  4.63493E+00  1.97450E-02  4.48773E+02  1.00000E-35  4.53428E+02
   4.13300E+03  3.99958E+00  2.03389E-02  4.15693E+02  1.00000E-35  4.19713E+02
   4.13300E+03  3.99958E+00  2.03389E-02  4.42492E+02  1.00000E-35  4.46512E+02
   4.13654E+03  4.01694E+00  2.03547E-02  5.22693E+02  1.00000E-35  5.26731E+02
   4.14009E+03  4.03441E+00  2.03705E-02  6.42042E+02  1.00000E-35  6.46096E+02
   4.14364E+03  4.05194E+00  2.03864E-02  7.56206E+02  1.00000E-35  7.60278E+02
   4.14719E+03  4.06953E+00  2.04022E-02  8.34839E+02  1.00000E-35  8.38929E+02
   4.15075E+03  4.08723E+00  2.04181E-02  8.79466E+02  1.00000E-35  8.83574E+02
   4.15430E+03  4.10494E+00  2.04339E-02  9.04065E+02  1.00000E-35  9.08190E+02
   4.15787E+03  4.12282E+00  2.04499E-02  9.19774E+02  1.00000E-35  9.23917E+02
   4.16143E+03  4.14071E+00  2.04658E-02  9.31247E+02  1.00000E-35  9.35408E+02
   4.16857E+03  4.17677E+00  2.04976E-02  9.48501E+02  1.00000E-35  9.52699E+02
   4.17214E+03  4.20087E+00  2.05135E-02  9.54256E+02  1.00000E-35  9.58477E+02
   4.17572E+03  4.22537E+00  2.05295E-02  9.57944E+02  1.00000E-35  9.62190E+02
   4.18288E+03  4.27473E+00  2.05615E-02  9.59935E+02  1.00000E-35  9.64231E+02
   4.19006E+03  4.32473E+00  2.05935E-02  9.56540E+02  1.00000E-35  9.60885E+02
   4.24790E+03  4.66175E+00  2.08512E-02  9.20585E+02  1.00000E-35  9.25268E+02
   4.36600E+03  5.15749E+00  2.13766E-02  8.55723E+02  1.00000E-35  8.60902E+02
   4.36600E+03  5.15749E+00  2.13766E-02  8.74289E+02  1.00000E-35  8.79468E+02
   4.37013E+03  5.18863E+00  2.13949E-02  9.28336E+02  1.00000E-35  9.33547E+02
   4.37426E+03  5.21992E+00  2.14132E-02  1.01336E+03  1.00000E-35  1.01860E+03
   4.37839E+03  5.25138E+00  2.14316E-02  1.08585E+03  1.00000E-35  1.09113E+03
   4.38253E+03  5.28307E+00  2.14500E-02  1.12721E+03  1.00000E-35  1.13251E+03
   4.38667E+03  5.31492E+00  2.14684E-02  1.14776E+03  1.00000E-35  1.15309E+03
   4.39082E+03  5.34701E+00  2.14868E-02  1.15920E+03  1.00000E-35  1.16457E+03
   4.39912E+03  5.41169E+00  2.15236E-02  1.17294E+03  1.00000E-35  1.17837E+03
   4.40744E+03  5.47776E+00  2.15605E-02  1.17943E+03  1.00000E-35  1.18493E+03
   4.41578E+03  5.54669E+00  2.15975E-02  1.17897E+03  1.00000E-35  1.18454E+03
   4.43249E+03  5.68701E+00  2.16716E-02  1.16789E+03  1.00000E-35  1.17360E+03
   4.46612E+03  5.94482E+00  2.18207E-02  1.14616E+03  1.00000E-35  1.15213E+03
   4.50000E+03  6.16103E+00  2.19708E-02  1.12238E+03  1.00000E-35  1.12856E+03
   4.96800E+03  6.68976E+00  2.40270E-02  8.67898E+02  1.00000E-35  8.74612E+02
   4.96800E+03  6.68976E+00  2.40270E-02  1.02594E+03  1.00000E-35  1.03265E+03
   4.97199E+03  6.70504E+00  2.40444E-02  1.01543E+03  1.00000E-35  1.02216E+03
   4.97598E+03  6.72034E+00  2.40618E-02  1.01372E+03  1.00000E-35  1.02046E+03
   4.98397E+03  6.75105E+00  2.40965E-02  1.01247E+03  1.00000E-35  1.01925E+03
   5.00000E+03  6.81293E+00  2.41663E-02  1.00154E+03  1.00000E-35  1.00838E+03
   5.50000E+03  7.54473E+00  2.63125E-02  7.89886E+02  1.00000E-35  7.97457E+02
   6.00000E+03  7.33947E+00  2.83982E-02  6.33557E+02  1.00000E-35  6.40925E+02
   6.14900E+03  7.23164E+00  2.90115E-02  5.94804E+02  1.00000E-35  6.02065E+02
   6.14900E+03  7.23164E+00  2.90115E-02  6.28643E+02  1.00000E-35  6.35904E+02
   6.16036E+03  7.23302E+00  2.90582E-02  6.28543E+02  1.00000E-35  6.35805E+02
   6.17173E+03  7.23440E+00  2.91047E-02  6.25986E+02  1.00000E-35  6.33250E+02
   6.19455E+03  7.23718E+00  2.91965E-02  6.19591E+02  1.00000E-35  6.26857E+02
   6.24044E+03  7.24814E+00  2.93809E-02  6.08551E+02  1.00000E-35  6.15829E+02
   6.33324E+03  7.25112E+00  2.97532E-02  5.86863E+02  1.00000E-35  5.94144E+02
   6.52300E+03  7.19337E+00  3.05121E-02  5.45607E+02  1.00000E-35  5.52831E+02
   6.52300E+03  7.19337E+00  3.05121E-02  5.71196E+02  1.00000E-35  5.78419E+02
   6.53020E+03  7.19299E+00  3.05409E-02  5.67659E+02  1.00000E-35  5.74882E+02
   6.53740E+03  7.19260E+00  3.05696E-02  5.65602E+02  1.00000E-35  5.72825E+02
   6.55184E+03  7.19285E+00  3.06272E-02  5.62789E+02  1.00000E-35  5.70012E+02
   6.58080E+03  7.19663E+00  3.07426E-02  5.56851E+02  1.00000E-35  5.64079E+02
   6.63911E+03  7.20422E+00  3.09749E-02  5.44974E+02  1.00000E-35  5.52209E+02
   6.75729E+03  7.20792E+00  3.14406E-02  5.22001E+02  1.00000E-35  5.29240E+02
   7.00000E+03  7.13603E+00  3.23794E-02  4.79095E+02  1.00000E-35  4.86263E+02
   8.00000E+03  6.63005E+00  3.61179E-02  3.44944E+02  1.00000E-35  3.51610E+02
   9.00000E+03  6.06413E+00  3.95990E-02  2.57467E+02  1.00000E-35  2.63571E+02
   1.00000E+04  5.52639E+00  4.28542E-02  1.97820E+02  1.00000E-35  2.03389E+02
   1.10000E+04  5.04084E+00  4.58857E-02  1.55645E+02  1.00000E-35  1.60732E+02
   1.25000E+04  4.39066E+00  5.00080E-02  1.12633E+02  1.00000E-35  1.17073E+02
   1.40000E+04  3.84104E+00  5.36803E-02  8.44192E+01  1.00000E-35  8.83139E+01
   1.50000E+04  3.51476E+00  5.59081E-02  7.07798E+01  1.00000E-35  7.43505E+01
   1.75000E+04  2.77815E+00  6.08637E-02  4.76606E+01  1.00000E-35  5.04997E+01
   1.94400E+04  2.04409E+00  6.41822E-02  3.63225E+01  1.00000E-35  3.84307E+01
   1.94400E+04  2.04409E+00  6.41822E-02  8.82949E+01  1.00000E-35  9.04032E+01
   1.94573E+04  2.04613E+00  6.42102E-02  8.61873E+01  1.00000E-35  8.82976E+01
   1.94745E+04  2.04816E+00  6.42379E-02  8.47143E+01  1.00000E-35  8.68267E+01
   1.94918E+04  2.05021E+00  6.42659E-02  8.43336E+01  1.00000E-35  8.64481E+01
   1.95091E+04  2.05225E+00  6.42938E-02  8.43804E+01  1.00000E-35  8.64970E+01
   1.95438E+04  2.05635E+00  6.43497E-02  8.39385E+01  1.00000E-35  8.60592E+01
   1.95785E+04  2.06046E+00  6.44056E-02  8.36923E+01  1.00000E-35  8.58172E+01
   1.97180E+04  2.11328E+00  6.46297E-02  8.22221E+01  1.00000E-35  8.44000E+01
   2.00000E+04  2.21039E+00  6.50802E-02  7.92596E+01  1.00000E-35  8.15351E+01
   2.20000E+04  2.15215E+00  6.80008E-02  6.14292E+01  1.00000E-35  6.36493E+01
   2.43720E+04  1.75041E+00  7.10332E-02  4.65633E+01  1.00000E-35  4.83848E+01
   2.43720E+04  1.75041E+00  7.10332E-02  6.50005E+01  1.00000E-35  6.68219E+01
   2.43914E+04  1.74678E+00  7.10561E-02  6.64658E+01  1.00000E-35  6.82837E+01
   2.44108E+04  1.74316E+00  7.10790E-02  6.57375E+01  1.00000E-35  6.75518E+01
   2.44496E+04  1.73818E+00  7.11248E-02  6.55840E+01  1.00000E-35  6.73933E+01
   2.45275E+04  1.73507E+00  7.12166E-02  6.50746E+01  1.00000E-35  6.68809E+01
   2.46840E+04  1.73094E+00  7.14004E-02  6.40643E+01  1.00000E-35  6.58666E+01
   2.50000E+04  1.74619E+00  7.17696E-02  6.20151E+01  1.00000E-35  6.38331E+01
   2.52600E+04  1.75927E+00  7.20712E-02  6.03613E+01  1.00000E-35  6.21927E+01
   2.52600E+04  1.75927E+00  7.20712E-02  7.04501E+01  1.00000E-35  7.22814E+01
   2.52770E+04  1.76015E+00  7.20909E-02  6.94892E+01  1.00000E-35  7.13215E+01
   2.52940E+04  1.76104E+00  7.21105E-02  6.94980E+01  1.00000E-35  7.13312E+01
   2.53280E+04  1.76281E+00  7.21498E-02  6.92567E+01  1.00000E-35  7.10917E+01
   2.53961E+04  1.76740E+00  7.22284E-02  6.88007E+01  1.00000E-35  7.06403E+01
   2.55330E+04  1.77775E+00  7.23859E-02  6.78900E+01  1.00000E-35  6.97402E+01
   2.58089E+04  1.79862E+00  7.27020E-02  6.60954E+01  1.00000E-35  6.79667E+01
   2.63697E+04  1.80599E+00  7.33080E-02  6.26357E+01  1.00000E-35  6.45150E+01
   2.75282E+04  1.76626E+00  7.45169E-02  5.62409E+01  1.00000E-35  5.80816E+01
   3.00000E+04  1.62706E+00  7.68845E-02  4.52985E+01  1.00000E-35  4.70025E+01
   3.50000E+04  1.34977E+00  8.09011E-02  3.05892E+01  1.00000E-35  3.20198E+01
   4.00000E+04  1.12691E+00  8.40936E-02  2.16892E+01  1.00000E-35  2.29002E+01
   4.50000E+04  9.48270E-01  8.65902E-02  1.59760E+01  1.00000E-35  1.70108E+01
   5.00000E+04  8.07036E-01  8.85904E-02  1.21323E+01  1.00000E-35  1.30279E+01
   5.50000E+04  6.92431E-01  9.01826E-02  9.44665E+00  1.00000E-35  1.02293E+01
   6.00000E+04  5.98637E-01  9.14299E-02  7.51051E+00  1.00000E-35  8.20057E+00
   7.00000E+04  4.58673E-01  9.31018E-02  4.99348E+00  1.00000E-35  5.54525E+00
   8.00000E+04  3.62456E-01  9.40040E-02  3.50080E+00  1.00000E-35  3.95726E+00
   9.00000E+04  2.93102E-01  9.43824E-02  2.55700E+00  1.00000E-35  2.94449E+00
   1.00000E+05  2.41319E-01  9.44010E-02  1.92963E+00  1.00000E-35  2.26535E+00
   1.10000E+05  2.00717E-01  9.41170E-02  1.49550E+00  1.00000E-35  1.79033E+00
   1.25000E+05  1.51298E-01  9.33465E-02  1.06248E+00  1.00000E-35  1.30713E+00
   1.31586E+05  1.25529E-01  9.29320E-02  9.26145E-01  1.00000E-35  1.14461E+00
   1.31586E+05  1.25529E-01  9.29320E-02  3.88040E+00  1.00000E-35  4.09886E+00
   1.31713E+05  1.25107E-01  9.29229E-02  3.71688E+00  1.00000E-35  3.93491E+00
   1.31841E+05  1.24729E-01  9.29138E-02  3.70659E+00  1.00000E-35  3.92423E+00
   1.32097E+05  1.24663E-01  9.28955E-02  3.69123E+00  1.00000E-35  3.90879E+00
   1.32609E+05  1.24532E-01  9.28591E-02  3.65682E+00  1.00000E-35  3.87421E+00
   1.33641E+05  1.25417E-01  9.27861E-02  3.58633E+00  1.00000E-35  3.80453E+00
   1.35728E+05  1.28591E-01  9.26404E-02  3.45051E+00  1.00000E-35  3.67174E+00
   1.40000E+05  1.28089E-01  9.23496E-02  3.19405E+00  1.00000E-35  3.41449E+00
   1.50000E+05  1.18312E-01  9.15503E-02  2.68650E+00  1.00000E-35  2.89637E+00
   1.75000E+05  9.29654E-02  8.93402E-02  1.82218E+00  1.00000E-35  2.00448E+00
   2.00000E+05  7.39184E-02  8.70410E-02  1.30085E+00  1.00000E-35  1.46181E+00
   2.20000E+05  6.24493E-02  8.52156E-02  1.02314E+00  1.00000E-35  1.17080E+00
   2.50000E+05  4.96348E-02  8.25883E-02  7.42517E-01  1.00000E-35  8.74740E-01
   3.00000E+05  3.55390E-02  7.85457E-02  4.72446E-01  1.00000E-35  5.86530E-01
   3.50000E+05  2.66518E-02  7.49231E-02  3.24536E-01  1.00000E-35  4.26111E-01
   4.00000E+05  2.07283E-02  7.16968E-02  2.35888E-01  1.00000E-35  3.28314E-01
   4.50000E+05  1.65688E-02  6.88139E-02  1.79007E-01  1.00000E-35  2.64389E-01
   5.00000E+05  1.35528E-02  6.62173E-02  1.40506E-01  1.00000E-35  2.20276E-01
   5.50000E+05  1.12859E-02  6.38521E-02  1.13309E-01  1.00000E-35  1.88447E-01
   6.00000E+05  9.54422E-03  6.16946E-02  9.34152E-02  1.00000E-35  1.64654E-01
   7.00000E+05  7.09060E-03  5.78964E-02  6.68736E-02  1.00000E-35  1.31861E-01
   8.00000E+05  5.46855E-03  5.46373E-02  5.04644E-02  1.00000E-35  1.10570E-01
   9.00000E+05  4.34858E-03  5.18218E-02  3.96059E-02  1.00000E-35  9.57763E-02
   1.00000E+06  3.54260E-03  4.93367E-02  3.20387E-02  1.00000E-35  8.49180E-02
   1.10000E+06  2.94284E-03  4.71368E-02  2.65465E-02  1.86213E-05  7.66447E-02
   1.25000E+06  2.28985E-03  4.42542E-02  2.07429E-02  4.69692E-04  6.77567E-02
   1.40000E+06  1.83253E-03  4.17682E-02  1.67561E-02  1.51745E-03  6.18743E-02
   1.50000E+06  1.60009E-03  4.02937E-02  1.47501E-02  2.45408E-03  5.90980E-02
   1.75000E+06  1.18115E-03  3.70960E-02  1.11672E-02  4.84328E-03  5.42876E-02
   2.00000E+06  9.06407E-04  3.44458E-02  8.84102E-03  7.08733E-03  5.12806E-02
   2.20000E+06  7.50329E-04  3.26270E-02  7.51416E-03  8.78542E-03  4.96770E-02
   2.50000E+06  5.82337E-04  3.02874E-02  6.07547E-03  1.11223E-02  4.80675E-02
   3.00000E+06  4.05363E-04  2.71405E-02  4.53214E-03  1.44636E-02  4.65416E-02
   3.50000E+06  2.98076E-04  2.46657E-02  3.57085E-03  1.74049E-02  4.59395E-02
   4.00000E+06  2.28381E-04  2.26531E-02  2.92474E-03  2.00478E-02  4.58540E-02
   4.50000E+06  1.80566E-04  2.09834E-02  2.46516E-03  2.24907E-02  4.61198E-02
   5.00000E+06  1.46343E-04  1.95754E-02  2.12377E-03  2.47020E-02  4.65475E-02
   5.50000E+06  1.21008E-04  1.83603E-02  1.86139E-03  2.67120E-02  4.70548E-02
   6.00000E+06  1.01729E-04  1.73026E-02  1.65419E-03  2.86469E-02  4.77054E-02
   7.00000E+06  7.47899E-05  1.55502E-02  1.34912E-03  3.22289E-02  4.92030E-02
   8.00000E+06  5.72653E-05  1.41524E-02  1.13634E-03  3.54639E-02  5.08098E-02
   9.00000E+06  4.52496E-05  1.30076E-02  9.80068E-04  3.84462E-02  5.24791E-02
   1.00000E+07  3.66542E-05  1.20509E-02  8.60747E-04  4.11856E-02  5.41339E-02
   1.10000E+07  3.02945E-05  1.12382E-02  7.66813E-04  4.37356E-02  5.57709E-02
   1.25000E+07  2.34616E-05  1.02233E-02  6.58402E-04  4.72534E-02  5.81585E-02
   1.40000E+07  1.87046E-05  9.39091E-03  5.76473E-04  5.04243E-02  6.04104E-02
   1.50000E+07  1.62944E-05  8.91427E-03  5.29725E-04  5.23782E-02  6.18385E-02
   1.75000E+07  1.19724E-05  7.92626E-03  4.39633E-04  5.67374E-02  6.51152E-02
   2.00000E+07  9.16699E-06  7.15080E-03  3.75088E-04  6.05140E-02  6.80491E-02
   2.20000E+07  7.57617E-06  6.64023E-03  3.35382E-04  6.32310E-02  7.02142E-02
   2.50000E+07  5.86698E-06  6.00741E-03  2.89159E-04  6.68582E-02  7.31607E-02
   3.00000E+07  4.07428E-06  5.20037E-03  2.34808E-04  7.19548E-02  7.73940E-02
   3.50000E+07  2.99334E-06  4.59760E-03  1.97449E-04  7.61623E-02  8.09603E-02
   4.00000E+07  2.29178E-06  4.12879E-03  1.70242E-04  7.97539E-02  8.40552E-02
   4.50000E+07  1.81079E-06  3.75267E-03  1.49567E-04  8.28531E-02  8.67572E-02
   5.00000E+07  1.46673E-06  3.44377E-03  1.33336E-04  8.55474E-02  8.91260E-02
   5.50000E+07  1.21218E-06  3.18516E-03  1.20262E-04  8.79021E-02  9.12088E-02
   6.00000E+07  1.01857E-06  2.96522E-03  1.09510E-04  9.00584E-02  9.31342E-02
   7.00000E+07  7.48335E-07  2.61048E-03  9.28765E-05  9.36954E-02  9.63995E-02
   8.00000E+07  5.72943E-07  2.33625E-03  8.06144E-05  9.67013E-02  9.91187E-02
   9.00000E+07  4.52695E-07  2.11733E-03  7.12040E-05  9.92189E-02  1.01408E-01
   1.00000E+08  3.66684E-07  1.93830E-03  6.37562E-05  1.01375E-01  1.03378E-01
   1.10000E+08  3.03043E-07  1.78895E-03  5.77157E-05  1.03241E-01  1.05088E-01
   1.25000E+08  2.34676E-07  1.60587E-03  5.05312E-05  1.05604E-01  1.07261E-01
   1.40000E+08  1.87083E-07  1.45879E-03  4.49351E-05  1.07584E-01  1.09088E-01
   1.50000E+08  1.62969E-07  1.37570E-03  4.18450E-05  1.08731E-01  1.10148E-01
   1.75000E+08  1.19733E-07  1.20627E-03  3.57046E-05  1.11151E-01  1.12393E-01
   2.00000E+08  9.16705E-08  1.07600E-03  3.11344E-05  1.13101E-01  1.14208E-01
   2.20000E+08  7.57609E-08  9.91460E-04  2.82422E-05  1.14410E-01  1.15429E-01
   2.50000E+08  5.86693E-08  8.88128E-04  2.47874E-05  1.16058E-01  1.16971E-01
   3.00000E+08  4.07425E-08  7.58684E-04  2.05893E-05  1.18205E-01  1.18985E-01
   3.50000E+08  2.99332E-08  6.63737E-04  1.76069E-05  1.19825E-01  1.20507E-01
   4.00000E+08  2.29177E-08  5.90948E-04  1.53790E-05  1.21112E-01  1.21719E-01
   4.50000E+08  1.81078E-08  5.33252E-04  1.36515E-05  1.22166E-01  1.22713E-01
   5.00000E+08  1.46673E-08  4.86339E-04  1.22729E-05  1.23044E-01  1.23543E-01
   5.50000E+08  1.21218E-08  4.47397E-04  1.11472E-05  1.23764E-01  1.24223E-01
   6.00000E+08  1.01856E-08  4.14519E-04  1.02106E-05  1.24417E-01  1.24841E-01
   7.00000E+08  7.48335E-09  3.61986E-04  8.74160E-06  1.25432E-01  1.25803E-01
   8.00000E+08  5.72943E-09  3.21800E-04  7.64213E-06  1.26229E-01  1.26559E-01
   9.00000E+08  4.52695E-09  2.90011E-04  6.78830E-06  1.26883E-01  1.27180E-01
   1.00000E+09  3.66684E-09  2.64207E-04  6.10609E-06  1.27426E-01  1.27696E-01
