 # Material data file: La                  
 # 
 # PENELOPE >>>  Photon mass attenuation coefficients (mac).
 # 
 #   Energy       mac_Ra       mac_Co       mac_ph       mac_pp       mac_tot
 #    (eV)       (cm**2/g)    (cm**2/g)    (cm**2/g)    (cm**2/g)    (cm**2/g)
 #------------------------------------------------------------------------------
   5.00000E+01  3.24889E-01  4.40781E-03  5.34618E+03  1.00000E-35  5.34651E+03
   5.24404E+01  2.89873E-01  4.41258E-03  4.75229E+03  1.00000E-35  4.75259E+03
   5.50000E+01  2.54230E-01  4.41744E-03  4.25019E+03  1.00000E-35  4.25045E+03
   5.74456E+01  2.21060E-01  4.42215E-03  3.85417E+03  1.00000E-35  3.85440E+03
   6.00000E+01  1.86719E-01  4.42698E-03  3.51369E+03  1.00000E-35  3.51388E+03
   6.23574E+01  1.55221E-01  4.43152E-03  3.24894E+03  1.00000E-35  3.24910E+03
   6.48074E+01  1.23024E-01  4.43613E-03  3.01670E+03  1.00000E-35  3.01683E+03
   6.73537E+01  9.05038E-02  4.44107E-03  2.81167E+03  1.00000E-35  2.81176E+03
   7.00000E+01  5.89739E-02  4.44601E-03  2.63044E+03  1.00000E-35  2.63050E+03
   7.23762E+01  3.42931E-02  4.45066E-03  2.48936E+03  1.00000E-35  2.48940E+03
   7.48331E+01  3.81825E-02  4.45533E-03  2.36155E+03  1.00000E-35  2.36159E+03
   7.73735E+01  7.55030E-02  4.46018E-03  2.24574E+03  1.00000E-35  2.24582E+03
   8.00000E+01  1.42477E-01  4.46525E-03  2.14027E+03  1.00000E-35  2.14042E+03
   8.48528E+01  4.23411E-01  4.47449E-03  1.97646E+03  1.00000E-35  1.97688E+03
   9.00000E+01  1.38785E+00  4.48422E-03  1.83407E+03  1.00000E-35  1.83546E+03
   9.48683E+01  5.57891E+00  4.49364E-03  1.72289E+03  1.00000E-35  1.72848E+03
   1.00000E+02  1.41527E+02  4.50338E-03  1.62362E+03  1.00000E-35  1.76515E+03
   1.03000E+02  2.52291E+02  4.50916E-03  1.57232E+03  1.00000E-35  1.82462E+03
   1.03000E+02  2.52291E+02  4.50916E-03  4.27377E+03  1.00000E-35  4.52606E+03
   1.03995E+02  1.90536E+02  4.51104E-03  4.58829E+03  1.00000E-35  4.77883E+03
   1.05000E+02  1.93982E+02  4.51292E-03  4.94383E+03  1.00000E-35  5.13781E+03
   1.05000E+02  1.93982E+02  4.51292E-03  6.76595E+03  1.00000E-35  6.95993E+03
   1.05612E+02  1.97984E+02  4.51406E-03  7.10705E+03  1.00000E-35  7.30503E+03
   1.06228E+02  1.66126E+02  4.51519E-03  7.49748E+03  1.00000E-35  7.66361E+03
   1.06848E+02  1.28828E+02  4.51633E-03  7.91805E+03  1.00000E-35  8.04688E+03
   1.07471E+02  8.83482E+01  4.51755E-03  8.34516E+03  1.00000E-35  8.43351E+03
   1.08098E+02  5.97260E+01  4.51878E-03  8.76429E+03  1.00000E-35  8.82403E+03
   1.08728E+02  4.07245E+01  4.52002E-03  9.15829E+03  1.00000E-35  9.19901E+03
   1.09362E+02  3.03187E+01  4.52125E-03  9.51343E+03  1.00000E-35  9.54375E+03
   1.10000E+02  2.37278E+01  4.52249E-03  9.81833E+03  1.00000E-35  9.84206E+03
   1.10440E+02  2.06237E+01  4.52333E-03  9.98945E+03  1.00000E-35  1.00101E+04
   1.10882E+02  1.82314E+01  4.52418E-03  1.01307E+04  1.00000E-35  1.01490E+04
   1.11326E+02  1.63950E+01  4.52503E-03  1.02400E+04  1.00000E-35  1.02564E+04
   1.11772E+02  1.47931E+01  4.52588E-03  1.03167E+04  1.00000E-35  1.03315E+04
   1.12219E+02  1.35418E+01  4.52673E-03  1.03639E+04  1.00000E-35  1.03775E+04
   1.12668E+02  1.23958E+01  4.52758E-03  1.03791E+04  1.00000E-35  1.03915E+04
   1.13119E+02  1.14882E+01  4.52843E-03  1.03664E+04  1.00000E-35  1.03779E+04
   1.13572E+02  1.06639E+01  4.52928E-03  1.03279E+04  1.00000E-35  1.03386E+04
   1.14483E+02  9.35696E+00  4.53098E-03  1.01845E+04  1.00000E-35  1.01939E+04
   1.15402E+02  8.31667E+00  4.53268E-03  9.96955E+03  1.00000E-35  9.97787E+03
   1.16327E+02  7.46610E+00  4.53438E-03  9.70254E+03  1.00000E-35  9.71001E+03
   1.17260E+02  6.76651E+00  4.53621E-03  9.40219E+03  1.00000E-35  9.40896E+03
   1.18201E+02  6.19719E+00  4.53806E-03  9.07990E+03  1.00000E-35  9.08610E+03
   1.19149E+02  5.73904E+00  4.53990E-03  8.74981E+03  1.00000E-35  8.75556E+03
   1.21068E+02  5.06599E+00  4.54359E-03  8.08621E+03  1.00000E-35  8.09128E+03
   1.25000E+02  4.25856E+00  4.55098E-03  6.84550E+03  1.00000E-35  6.84976E+03
   1.32288E+02  3.44197E+00  4.56495E-03  5.06695E+03  1.00000E-35  5.07040E+03
   1.34175E+02  3.28281E+00  4.56850E-03  4.70968E+03  1.00000E-35  4.71297E+03
   1.36089E+02  3.13667E+00  4.57207E-03  4.38835E+03  1.00000E-35  4.39149E+03
   1.38031E+02  3.00256E+00  4.57567E-03  4.09912E+03  1.00000E-35  4.10213E+03
   1.40000E+02  2.87670E+00  4.57953E-03  3.84546E+03  1.00000E-35  3.84834E+03
   1.41213E+02  2.80574E+00  4.58188E-03  3.70474E+03  1.00000E-35  3.70755E+03
   1.42436E+02  2.73718E+00  4.58424E-03  3.57631E+03  1.00000E-35  3.57906E+03
   1.43669E+02  2.67032E+00  4.58659E-03  3.45900E+03  1.00000E-35  3.46168E+03
   1.44914E+02  2.60638E+00  4.58895E-03  3.35244E+03  1.00000E-35  3.35505E+03
   1.46169E+02  2.54717E+00  4.59131E-03  3.25566E+03  1.00000E-35  3.25821E+03
   1.47435E+02  2.48932E+00  4.59367E-03  3.16813E+03  1.00000E-35  3.17063E+03
   1.48712E+02  2.43280E+00  4.59603E-03  3.08938E+03  1.00000E-35  3.09182E+03
   1.50000E+02  2.37760E+00  4.59840E-03  3.01953E+03  1.00000E-35  3.02192E+03
   1.51452E+02  2.32154E+00  4.60125E-03  2.95104E+03  1.00000E-35  2.95337E+03
   1.52918E+02  2.26691E+00  4.60411E-03  2.89221E+03  1.00000E-35  2.89449E+03
   1.54399E+02  2.21352E+00  4.60697E-03  2.84236E+03  1.00000E-35  2.84458E+03
   1.55893E+02  2.16146E+00  4.60982E-03  2.80064E+03  1.00000E-35  2.80281E+03
   1.57403E+02  2.11145E+00  4.61269E-03  2.76670E+03  1.00000E-35  2.76882E+03
   1.58926E+02  2.06520E+00  4.61555E-03  2.73997E+03  1.00000E-35  2.74204E+03
   1.60465E+02  2.01994E+00  4.61841E-03  2.71996E+03  1.00000E-35  2.72198E+03
   1.62019E+02  1.97566E+00  4.62128E-03  2.70620E+03  1.00000E-35  2.70818E+03
   1.63587E+02  1.93341E+00  4.62421E-03  2.69819E+03  1.00000E-35  2.70013E+03
   1.65171E+02  1.89390E+00  4.62732E-03  2.69617E+03  1.00000E-35  2.69807E+03
   1.68384E+02  1.81823E+00  4.63352E-03  2.70500E+03  1.00000E-35  2.70682E+03
   1.71660E+02  1.74578E+00  4.63974E-03  2.73124E+03  1.00000E-35  2.73299E+03
   1.75000E+02  1.68043E+00  4.64597E-03  2.77073E+03  1.00000E-35  2.77241E+03
   1.80029E+02  1.58977E+00  4.65550E-03  2.84856E+03  1.00000E-35  2.85016E+03
   1.85203E+02  1.50399E+00  4.66542E-03  2.94128E+03  1.00000E-35  2.94279E+03
   1.96000E+02  1.32194E+00  4.68573E-03  3.15641E+03  1.00000E-35  3.15774E+03
   1.96000E+02  1.32194E+00  4.68573E-03  4.52630E+03  1.00000E-35  4.52762E+03
   2.00000E+02  1.25121E+00  4.69341E-03  4.61643E+03  1.00000E-35  4.61768E+03
   2.04939E+02  1.19372E+00  4.70271E-03  4.72520E+03  1.00000E-35  4.72640E+03
   2.10000E+02  1.19152E+00  4.71202E-03  4.82309E+03  1.00000E-35  4.82429E+03
   2.10000E+02  1.19152E+00  4.71202E-03  5.26694E+03  1.00000E-35  5.26813E+03
   2.20000E+02  1.23509E+00  4.73120E-03  5.41633E+03  1.00000E-35  5.41757E+03
   2.34521E+02  1.27996E+00  4.75851E-03  5.58593E+03  1.00000E-35  5.58721E+03
   2.42137E+02  1.30332E+00  4.77286E-03  5.65221E+03  1.00000E-35  5.65352E+03
   2.50000E+02  1.32393E+00  4.78739E-03  5.70601E+03  1.00000E-35  5.70734E+03
   2.61247E+02  1.34753E+00  4.80879E-03  5.75643E+03  1.00000E-35  5.75778E+03
   2.73000E+02  1.36357E+00  4.83056E-03  5.77815E+03  1.00000E-35  5.77952E+03
   2.73000E+02  1.36357E+00  4.83056E-03  6.38401E+03  1.00000E-35  6.38538E+03
   2.79513E+02  1.37715E+00  4.84298E-03  6.33081E+03  1.00000E-35  6.33220E+03
   2.86182E+02  1.41826E+00  4.85543E-03  6.30840E+03  1.00000E-35  6.30982E+03
   3.00000E+02  1.48907E+00  4.88111E-03  6.26470E+03  1.00000E-35  6.26619E+03
   3.11787E+02  1.53806E+00  4.90315E-03  6.19746E+03  1.00000E-35  6.19900E+03
   3.24037E+02  1.58343E+00  4.92571E-03  6.10573E+03  1.00000E-35  6.10731E+03
   3.36768E+02  1.62694E+00  4.94955E-03  5.99838E+03  1.00000E-35  6.00002E+03
   3.50000E+02  1.66972E+00  4.97363E-03  5.87669E+03  1.00000E-35  5.87837E+03
   3.61881E+02  1.70471E+00  4.99594E-03  5.76029E+03  1.00000E-35  5.76200E+03
   3.74166E+02  1.73866E+00  5.01836E-03  5.63283E+03  1.00000E-35  5.63458E+03
   3.86867E+02  1.77140E+00  5.04173E-03  5.49597E+03  1.00000E-35  5.49774E+03
   4.00000E+02  1.80208E+00  5.06591E-03  5.35052E+03  1.00000E-35  5.35233E+03
   4.24264E+02  1.84640E+00  5.11013E-03  5.08425E+03  1.00000E-35  5.08610E+03
   4.50000E+02  1.88131E+00  5.15641E-03  4.80458E+03  1.00000E-35  4.80646E+03
   4.74342E+02  1.90428E+00  5.20095E-03  4.54463E+03  1.00000E-35  4.54654E+03
   5.00000E+02  1.91684E+00  5.24722E-03  4.28385E+03  1.00000E-35  4.28577E+03
   5.24404E+02  1.91910E+00  5.29117E-03  4.04754E+03  1.00000E-35  4.04947E+03
   5.50000E+02  1.90530E+00  5.33798E-03  3.81386E+03  1.00000E-35  3.81577E+03
   5.74456E+02  1.88356E+00  5.38214E-03  3.60318E+03  1.00000E-35  3.60507E+03
   6.00000E+02  1.84603E+00  5.43032E-03  3.39597E+03  1.00000E-35  3.39782E+03
   6.48074E+02  1.72964E+00  5.52263E-03  3.04432E+03  1.00000E-35  3.04605E+03
   7.00000E+02  1.52900E+00  5.62893E-03  2.71164E+03  1.00000E-35  2.71318E+03
   7.48331E+02  1.23497E+00  5.73485E-03  2.44171E+03  1.00000E-35  2.44295E+03
   8.00000E+02  7.52038E-01  5.86425E-03  2.19025E+03  1.00000E-35  2.19101E+03
   8.34000E+02  2.31520E+01  5.95839E-03  2.04278E+03  1.00000E-35  2.06593E+03
   8.34000E+02  2.31520E+01  5.95839E-03  2.39107E+03  1.00000E-35  2.41423E+03
   8.34526E+02  2.35396E+01  5.95993E-03  2.51437E+03  1.00000E-35  2.53792E+03
   8.35052E+02  2.39334E+01  5.96147E-03  2.66416E+03  1.00000E-35  2.68810E+03
   8.35579E+02  2.43344E+01  5.96302E-03  2.83945E+03  1.00000E-35  2.86379E+03
   8.36106E+02  2.47417E+01  5.96456E-03  3.03927E+03  1.00000E-35  3.06402E+03
   8.38218E+02  2.64411E+01  5.97074E-03  4.04100E+03  1.00000E-35  4.06744E+03
   8.38747E+02  2.68841E+01  5.97229E-03  4.32160E+03  1.00000E-35  4.34849E+03
   8.39276E+02  2.73341E+01  5.97383E-03  4.60502E+03  1.00000E-35  4.63236E+03
   8.39805E+02  2.73593E+01  5.97538E-03  4.88500E+03  1.00000E-35  4.91236E+03
   8.40335E+02  2.71562E+01  5.97693E-03  5.15495E+03  1.00000E-35  5.18212E+03
   8.40865E+02  2.69548E+01  5.97847E-03  5.41607E+03  1.00000E-35  5.44303E+03
   8.41395E+02  2.67550E+01  5.98002E-03  5.65893E+03  1.00000E-35  5.68569E+03
   8.41926E+02  2.65564E+01  5.98157E-03  5.88229E+03  1.00000E-35  5.90885E+03
   8.42457E+02  2.63594E+01  5.98312E-03  6.08951E+03  1.00000E-35  6.11588E+03
   8.42989E+02  2.61636E+01  5.98467E-03  6.27441E+03  1.00000E-35  6.30058E+03
   8.43520E+02  2.59698E+01  5.98621E-03  6.43859E+03  1.00000E-35  6.46456E+03
   8.44052E+02  2.57771E+01  5.98776E-03  6.58629E+03  1.00000E-35  6.61207E+03
   8.44585E+02  2.55857E+01  5.98932E-03  6.71522E+03  1.00000E-35  6.74081E+03
   8.45118E+02  2.53958E+01  5.99087E-03  6.82807E+03  1.00000E-35  6.85347E+03
   8.45651E+02  2.52074E+01  5.99242E-03  6.92757E+03  1.00000E-35  6.95278E+03
   8.46718E+02  2.48348E+01  5.99552E-03  7.08754E+03  1.00000E-35  7.11238E+03
   8.47786E+02  2.41297E+01  5.99862E-03  7.21400E+03  1.00000E-35  7.23813E+03
   8.48856E+02  2.31486E+01  6.00173E-03  7.30955E+03  1.00000E-35  7.33270E+03
   8.51000E+02  2.13046E+01  6.00795E-03  7.45109E+03  1.00000E-35  7.47240E+03
   8.51000E+02  2.13046E+01  6.00795E-03  7.68052E+03  1.00000E-35  7.70183E+03
   8.51745E+02  2.06998E+01  6.01011E-03  7.83420E+03  1.00000E-35  7.85491E+03
   8.52490E+02  2.01127E+01  6.01226E-03  8.01620E+03  1.00000E-35  8.03632E+03
   8.53236E+02  1.95420E+01  6.01442E-03  8.22980E+03  1.00000E-35  8.24935E+03
   8.53983E+02  1.89872E+01  6.01658E-03  8.46919E+03  1.00000E-35  8.48819E+03
   8.56976E+02  1.59262E+01  6.02523E-03  9.56125E+03  1.00000E-35  9.57718E+03
   8.57726E+02  1.51103E+01  6.02739E-03  9.82076E+03  1.00000E-35  9.83588E+03
   8.58477E+02  1.43359E+01  6.02956E-03  1.00605E+04  1.00000E-35  1.00748E+04
   8.59228E+02  1.36018E+01  6.03173E-03  1.02720E+04  1.00000E-35  1.02856E+04
   8.59980E+02  1.29050E+01  6.03389E-03  1.04562E+04  1.00000E-35  1.04691E+04
   8.60732E+02  1.22444E+01  6.03606E-03  1.06143E+04  1.00000E-35  1.06265E+04
   8.61486E+02  1.16166E+01  6.03823E-03  1.07457E+04  1.00000E-35  1.07573E+04
   8.62994E+02  1.04544E+01  6.04256E-03  1.09408E+04  1.00000E-35  1.09512E+04
   8.64505E+02  9.15390E+00  6.04690E-03  1.10678E+04  1.00000E-35  1.10770E+04
   8.66019E+02  8.01491E+00  6.05125E-03  1.11473E+04  1.00000E-35  1.11553E+04
   8.69054E+02  6.14497E+00  6.05994E-03  1.12248E+04  1.00000E-35  1.12310E+04
   8.72100E+02  4.94104E+00  6.06865E-03  1.12388E+04  1.00000E-35  1.12438E+04
   8.75157E+02  4.30487E+00  6.07738E-03  1.12212E+04  1.00000E-35  1.12255E+04
   8.78225E+02  3.75057E+00  6.08611E-03  1.11750E+04  1.00000E-35  1.11787E+04
   8.81303E+02  3.61377E+00  6.09486E-03  1.11050E+04  1.00000E-35  1.11087E+04
   8.87492E+02  3.60985E+00  6.11478E-03  1.09220E+04  1.00000E-35  1.09256E+04
   9.00000E+02  3.93254E+00  6.15819E-03  1.05284E+04  1.00000E-35  1.05323E+04
   9.24021E+02  4.36350E+00  6.24073E-03  9.88020E+03  1.00000E-35  9.88457E+03
   9.48683E+02  4.61145E+00  6.32437E-03  9.30534E+03  1.00000E-35  9.30996E+03
   1.00000E+03  4.88868E+00  6.52313E-03  8.30185E+03  1.00000E-35  8.30675E+03
   1.04881E+03  4.99146E+00  6.71919E-03  7.48803E+03  1.00000E-35  7.49303E+03
   1.10000E+03  5.02353E+00  6.95756E-03  6.73963E+03  1.00000E-35  6.74466E+03
   1.12400E+03  5.29506E+00  7.06829E-03  6.42016E+03  1.00000E-35  6.42547E+03
   1.12400E+03  5.29506E+00  7.06829E-03  7.25583E+03  1.00000E-35  7.26114E+03
   1.12525E+03  5.30799E+00  7.07404E-03  7.28956E+03  1.00000E-35  7.29488E+03
   1.12651E+03  5.32104E+00  7.07984E-03  7.30833E+03  1.00000E-35  7.31366E+03
   1.12902E+03  5.34469E+00  7.09137E-03  7.32247E+03  1.00000E-35  7.32782E+03
   1.13153E+03  5.36749E+00  7.10290E-03  7.31687E+03  1.00000E-35  7.32225E+03
   1.13405E+03  5.39043E+00  7.11447E-03  7.29615E+03  1.00000E-35  7.30155E+03
   1.14420E+03  5.48332E+00  7.16477E-03  7.15257E+03  1.00000E-35  7.15806E+03
   1.16476E+03  5.64910E+00  7.27313E-03  6.88573E+03  1.00000E-35  6.89139E+03
   1.20700E+03  5.97035E+00  7.49480E-03  6.38201E+03  1.00000E-35  6.38799E+03
   1.20700E+03  5.97035E+00  7.49480E-03  6.70148E+03  1.00000E-35  6.70746E+03
   1.20964E+03  5.98959E+00  7.50862E-03  6.70980E+03  1.00000E-35  6.71580E+03
   1.21229E+03  6.00891E+00  7.52248E-03  6.70031E+03  1.00000E-35  6.70633E+03
   1.21761E+03  6.04616E+00  7.55029E-03  6.65570E+03  1.00000E-35  6.66175E+03
   1.22831E+03  6.11951E+00  7.60617E-03  6.53002E+03  1.00000E-35  6.53615E+03
   1.25000E+03  6.24925E+00  7.72622E-03  6.29297E+03  1.00000E-35  6.29922E+03
   1.36500E+03  6.58787E+00  8.40649E-03  5.20559E+03  1.00000E-35  5.21219E+03
   1.36500E+03  6.58787E+00  8.40649E-03  5.48075E+03  1.00000E-35  5.48735E+03
   1.37367E+03  6.64259E+00  8.46155E-03  5.38407E+03  1.00000E-35  5.39073E+03
   1.38239E+03  6.69292E+00  8.51693E-03  5.31163E+03  1.00000E-35  5.31833E+03
   1.40000E+03  6.76297E+00  8.62882E-03  5.17247E+03  1.00000E-35  5.17924E+03
   1.50000E+03  6.94724E+00  9.27716E-03  4.44726E+03  1.00000E-35  4.45422E+03
   1.62019E+03  7.02473E+00  1.00966E-02  3.74443E+03  1.00000E-35  3.75147E+03
   1.75000E+03  7.02249E+00  1.10178E-02  3.14398E+03  1.00000E-35  3.15102E+03
   2.00000E+03  6.88371E+00  1.28584E-02  2.30845E+03  1.00000E-35  2.31535E+03
   2.20000E+03  6.69877E+00  1.43568E-02  1.84420E+03  1.00000E-35  1.85092E+03
   2.50000E+03  6.39001E+00  1.66045E-02  1.35831E+03  1.00000E-35  1.36472E+03
   2.73861E+03  6.11938E+00  1.83706E-02  1.08907E+03  1.00000E-35  1.09520E+03
   3.00000E+03  5.82564E+00  2.02688E-02  8.71336E+02  1.00000E-35  8.77181E+02
   3.50000E+03  5.26256E+00  2.37753E-02  5.94788E+02  1.00000E-35  6.00074E+02
   4.00000E+03  4.71959E+00  2.71132E-02  4.25441E+02  1.00000E-35  4.30188E+02
   4.50000E+03  4.17127E+00  3.02532E-02  3.15626E+02  1.00000E-35  3.19827E+02
   5.00000E+03  3.54931E+00  3.32038E-02  2.41095E+02  1.00000E-35  2.44678E+02
   5.48600E+03  2.47870E+00  3.59154E-02  1.89866E+02  1.00000E-35  1.92381E+02
   5.48600E+03  2.47870E+00  3.59154E-02  4.89042E+02  1.00000E-35  4.91556E+02
   5.48950E+03  2.47827E+00  3.59345E-02  5.33032E+02  1.00000E-35  5.35546E+02
   5.49300E+03  2.47785E+00  3.59535E-02  5.52228E+02  1.00000E-35  5.54742E+02
   5.49650E+03  2.48057E+00  3.59726E-02  5.58814E+02  1.00000E-35  5.61330E+02
   5.50000E+03  2.49029E+00  3.59917E-02  5.58172E+02  1.00000E-35  5.60698E+02
   5.50595E+03  2.50688E+00  3.60241E-02  5.52116E+02  1.00000E-35  5.54659E+02
   5.51190E+03  2.52357E+00  3.60565E-02  5.47793E+02  1.00000E-35  5.50353E+02
   5.51787E+03  2.54041E+00  3.60891E-02  5.46436E+02  1.00000E-35  5.49013E+02
   5.52383E+03  2.55731E+00  3.61215E-02  5.46844E+02  1.00000E-35  5.49437E+02
   5.53579E+03  2.59151E+00  3.61866E-02  5.46592E+02  1.00000E-35  5.49220E+02
   5.54777E+03  2.62668E+00  3.62518E-02  5.43814E+02  1.00000E-35  5.46476E+02
   5.59596E+03  2.78785E+00  3.65139E-02  5.33166E+02  1.00000E-35  5.35990E+02
   5.69359E+03  2.95404E+00  3.70393E-02  5.11741E+02  1.00000E-35  5.14732E+02
   5.89400E+03  2.94870E+00  3.80857E-02  4.67599E+02  1.00000E-35  4.70586E+02
   5.89400E+03  2.94870E+00  3.80857E-02  6.02578E+02  1.00000E-35  6.05565E+02
   5.89728E+03  2.95185E+00  3.81028E-02  6.23565E+02  1.00000E-35  6.26555E+02
   5.90057E+03  2.95501E+00  3.81199E-02  6.32774E+02  1.00000E-35  6.35767E+02
   5.90386E+03  2.95817E+00  3.81370E-02  6.35873E+02  1.00000E-35  6.38870E+02
   5.90715E+03  2.96133E+00  3.81541E-02  6.35509E+02  1.00000E-35  6.38509E+02
   5.92032E+03  2.97870E+00  3.82226E-02  6.28629E+02  1.00000E-35  6.31646E+02
   5.94676E+03  3.03098E+00  3.83600E-02  6.23908E+02  1.00000E-35  6.26977E+02
   6.00000E+03  3.13890E+00  3.86363E-02  6.10607E+02  1.00000E-35  6.13785E+02
   6.26900E+03  3.39089E+00  4.00088E-02  5.44988E+02  1.00000E-35  5.48419E+02
   6.26900E+03  3.39089E+00  4.00088E-02  6.37282E+02  1.00000E-35  6.40713E+02
   6.27440E+03  3.39895E+00  4.00357E-02  6.29865E+02  1.00000E-35  6.33304E+02
   6.27981E+03  3.40705E+00  4.00626E-02  6.26730E+02  1.00000E-35  6.30177E+02
   6.29064E+03  3.42328E+00  4.01164E-02  6.25109E+02  1.00000E-35  6.28572E+02
   6.31236E+03  3.45613E+00  4.02244E-02  6.20574E+02  1.00000E-35  6.24070E+02
   6.35603E+03  3.52460E+00  4.04412E-02  6.10048E+02  1.00000E-35  6.13613E+02
   6.44426E+03  3.62534E+00  4.08782E-02  5.89416E+02  1.00000E-35  5.93083E+02
   6.62442E+03  3.72081E+00  4.17664E-02  5.49749E+02  1.00000E-35  5.53511E+02
   7.00000E+03  3.76969E+00  4.35548E-02  4.78143E+02  1.00000E-35  4.81956E+02
   8.00000E+03  3.60845E+00  4.80466E-02  3.39110E+02  1.00000E-35  3.42767E+02
   9.00000E+03  3.33136E+00  5.21245E-02  2.49555E+02  1.00000E-35  2.52938E+02
   1.00000E+04  3.04683E+00  5.58687E-02  1.89220E+02  1.00000E-35  1.92323E+02
   1.10000E+04  2.78115E+00  5.93123E-02  1.47013E+02  1.00000E-35  1.49854E+02
   1.25000E+04  2.43177E+00  6.39794E-02  1.04494E+02  1.00000E-35  1.06990E+02
   1.40000E+04  2.14417E+00  6.81608E-02  7.70124E+01  1.00000E-35  7.92247E+01
   1.50000E+04  1.97965E+00  7.07058E-02  6.38878E+01  1.00000E-35  6.59381E+01
   1.75000E+04  1.64168E+00  7.63425E-02  4.19735E+01  1.00000E-35  4.36915E+01
   2.00000E+04  1.38035E+00  8.10777E-02  2.90924E+01  1.00000E-35  3.05538E+01
   2.20000E+04  1.20923E+00  8.43211E-02  2.23638E+01  1.00000E-35  2.36573E+01
   2.50000E+04  9.99527E-01  8.84362E-02  1.56890E+01  1.00000E-35  1.67769E+01
   3.00000E+04  7.41630E-01  9.38184E-02  9.43358E+00  1.00000E-35  1.02690E+01
   3.50000E+04  5.55538E-01  9.78060E-02  6.12029E+00  1.00000E-35  6.77364E+00
   3.89280E+04  3.89858E-01  1.00246E-01  4.53306E+00  1.00000E-35  5.02316E+00
   3.89280E+04  3.89858E-01  1.00246E-01  2.81432E+01  1.00000E-35  2.86333E+01
   3.89611E+04  3.89619E-01  1.00264E-01  2.66567E+01  1.00000E-35  2.71466E+01
   3.89942E+04  3.89379E-01  1.00283E-01  2.65018E+01  1.00000E-35  2.69915E+01
   3.90604E+04  3.88902E-01  1.00321E-01  2.64493E+01  1.00000E-35  2.69385E+01
   3.91933E+04  3.92935E-01  1.00397E-01  2.62419E+01  1.00000E-35  2.67352E+01
   3.94604E+04  4.03439E-01  1.00549E-01  2.58026E+01  1.00000E-35  2.63066E+01
   4.00000E+04  4.24822E-01  1.00826E-01  2.49436E+01  1.00000E-35  2.54693E+01
   4.50000E+04  4.14495E-01  1.03079E-01  1.83364E+01  1.00000E-35  1.88540E+01
   5.00000E+04  3.65876E-01  1.04778E-01  1.38804E+01  1.00000E-35  1.43511E+01
   5.50000E+04  3.20830E-01  1.06023E-01  1.07606E+01  1.00000E-35  1.11874E+01
   6.00000E+04  2.81756E-01  1.06895E-01  8.51107E+00  1.00000E-35  8.89972E+00
   7.00000E+04  2.19925E-01  1.07768E-01  5.59208E+00  1.00000E-35  5.91977E+00
   8.00000E+04  1.75285E-01  1.07832E-01  3.87005E+00  1.00000E-35  4.15317E+00
   9.00000E+04  1.42709E-01  1.07396E-01  2.78927E+00  1.00000E-35  3.03938E+00
   1.00000E+05  1.18464E-01  1.06665E-01  2.07708E+00  1.00000E-35  2.30221E+00
   1.10000E+05  9.99278E-02  1.05713E-01  1.58885E+00  1.00000E-35  1.79449E+00
   1.25000E+05  7.92940E-02  1.04054E-01  1.10760E+00  1.00000E-35  1.29095E+00
   1.40000E+05  6.43647E-02  1.02277E-01  8.03675E-01  1.00000E-35  9.70316E-01
   1.50000E+05  5.66815E-02  1.01033E-01  6.60983E-01  1.00000E-35  8.18698E-01
   1.75000E+05  4.26582E-02  9.79477E-02  4.27169E-01  1.00000E-35  5.67775E-01
   2.00000E+05  3.32382E-02  9.49696E-02  2.92993E-01  1.00000E-35  4.21201E-01
   2.20000E+05  2.77668E-02  9.26859E-02  2.24146E-01  1.00000E-35  3.44599E-01
   2.50000E+05  2.17743E-02  8.94686E-02  1.56886E-01  1.00000E-35  2.68129E-01
   3.00000E+05  1.53209E-02  8.46263E-02  9.49700E-02  1.00000E-35  1.94917E-01
   3.50000E+05  1.13706E-02  8.03721E-02  6.26591E-02  1.00000E-35  1.54402E-01
   4.00000E+05  8.76532E-03  7.66340E-02  4.40569E-02  1.00000E-35  1.29456E-01
   4.50000E+05  6.96462E-03  7.33313E-02  3.25255E-02  1.00000E-35  1.12821E-01
   5.00000E+05  5.66900E-03  7.03890E-02  2.49530E-02  1.00000E-35  1.01011E-01
   5.50000E+05  4.70182E-03  6.77378E-02  1.97450E-02  1.00000E-35  9.21846E-02
   6.00000E+05  3.96102E-03  6.53410E-02  1.60247E-02  1.00000E-35  8.53267E-02
   7.00000E+05  2.92345E-03  6.11650E-02  1.12054E-02  1.00000E-35  7.52938E-02
   8.00000E+05  2.24696E-03  5.76204E-02  8.32574E-03  1.00000E-35  6.81931E-02
   9.00000E+05  1.77934E-03  5.45756E-02  6.47076E-03  1.00000E-35  6.28257E-02
   1.00000E+06  1.44345E-03  5.19053E-02  5.20490E-03  1.00000E-35  5.85536E-02
   1.10000E+06  1.19457E-03  4.95502E-02  4.30096E-03  9.28721E-06  5.50550E-02
   1.25000E+06  9.26776E-04  4.64792E-02  3.35957E-03  2.01826E-04  5.09673E-02
   1.40000E+06  7.40027E-04  4.38369E-02  2.72065E-03  6.06400E-04  4.79040E-02
   1.50000E+06  6.45112E-04  4.22735E-02  2.40120E-03  9.66060E-04  4.62859E-02
   1.75000E+06  4.74311E-04  3.88907E-02  1.83294E-03  2.01193E-03  4.32099E-02
   2.00000E+06  3.63315E-04  3.60936E-02  1.46432E-03  3.18876E-03  4.11100E-02
   2.20000E+06  3.00360E-04  3.41774E-02  1.25376E-03  4.16588E-03  3.98974E-02
   2.50000E+06  2.32702E-04  3.17157E-02  1.02420E-03  5.62971E-03  3.86024E-02
   3.00000E+06  1.61700E-04  2.84087E-02  7.75981E-04  7.93841E-03  3.72848E-02
   3.50000E+06  1.18864E-04  2.58089E-02  6.19286E-04  1.00970E-02  3.66441E-02
   4.00000E+06  9.10472E-05  2.37003E-02  5.12504E-04  1.20859E-02  3.63897E-02
   4.50000E+06  7.19628E-05  2.19501E-02  4.36234E-04  1.39551E-02  3.64134E-02
   5.00000E+06  5.82949E-05  2.04688E-02  3.78750E-04  1.56679E-02  3.65737E-02
   5.50000E+06  4.81795E-05  1.91963E-02  3.34022E-04  1.72376E-02  3.68161E-02
   6.00000E+06  4.04855E-05  1.80899E-02  2.98320E-04  1.87599E-02  3.71886E-02
   7.00000E+06  2.97464E-05  1.62568E-02  2.45086E-04  2.15221E-02  3.80538E-02
   8.00000E+06  2.27758E-05  1.47949E-02  2.07454E-04  2.39955E-02  3.90206E-02
   9.00000E+06  1.79965E-05  1.35977E-02  1.79543E-04  2.62449E-02  4.00401E-02
   1.00000E+07  1.45778E-05  1.25973E-02  1.58070E-04  2.83045E-02  4.10745E-02
   1.10000E+07  1.20483E-05  1.17476E-02  1.41071E-04  3.02104E-02  4.21112E-02
   1.25000E+07  9.33062E-06  1.06864E-02  1.21350E-04  3.28130E-02  4.36302E-02
   1.40000E+07  7.43857E-06  9.81619E-03  1.06376E-04  3.51457E-02  4.50757E-02
   1.50000E+07  6.47982E-06  9.31788E-03  9.82566E-05  3.65554E-02  4.59780E-02
   1.75000E+07  4.76074E-06  8.28499E-03  8.24484E-05  3.96625E-02  4.80347E-02
   2.00000E+07  3.64496E-06  7.47436E-03  7.09707E-05  4.23675E-02  4.99165E-02
   2.20000E+07  3.01238E-06  6.94063E-03  6.38370E-05  4.43062E-02  5.13137E-02
   2.50000E+07  2.33280E-06  6.27914E-03  5.54526E-05  4.68879E-02  5.32248E-02
   3.00000E+07  1.62000E-06  5.43552E-03  4.54680E-05  5.04646E-02  5.59472E-02
   3.50000E+07  1.19021E-06  4.80546E-03  3.85144E-05  5.34285E-02  5.82737E-02
   4.00000E+07  9.11265E-07  4.31544E-03  3.33978E-05  5.59692E-02  6.03189E-02
   4.50000E+07  7.20012E-07  3.92229E-03  2.94769E-05  5.81457E-02  6.20982E-02
   5.00000E+07  5.83209E-07  3.59942E-03  2.63774E-05  6.00413E-02  6.36677E-02
   5.50000E+07  4.81992E-07  3.32913E-03  2.38662E-05  6.17107E-02  6.50642E-02
   6.00000E+07  4.05007E-07  3.09923E-03  2.17906E-05  6.32417E-02  6.63631E-02
   7.00000E+07  2.97555E-07  2.72845E-03  1.85603E-05  6.58230E-02  6.85703E-02
   8.00000E+07  2.27815E-07  2.44183E-03  1.61631E-05  6.79583E-02  7.04166E-02
   9.00000E+07  1.80002E-07  2.21301E-03  1.43135E-05  6.97495E-02  7.19770E-02
   1.00000E+08  1.45802E-07  2.02589E-03  1.28435E-05  7.12891E-02  7.33280E-02
   1.10000E+08  1.20497E-07  1.86978E-03  1.16471E-05  7.26231E-02  7.45047E-02
   1.25000E+08  9.33126E-08  1.67843E-03  1.02190E-05  7.43186E-02  7.60074E-02
   1.40000E+08  7.43887E-08  1.52470E-03  9.10262E-06  7.57493E-02  7.72832E-02
   1.50000E+08  6.48006E-08  1.43786E-03  8.48463E-06  7.65847E-02  7.80311E-02
   1.75000E+08  4.76086E-08  1.26077E-03  7.25341E-06  7.83619E-02  7.96300E-02
   2.00000E+08  3.64506E-08  1.12462E-03  6.33415E-06  7.97969E-02  8.09279E-02
   2.20000E+08  3.01245E-08  1.03626E-03  5.75106E-06  8.07507E-02  8.17927E-02
   2.50000E+08  2.33285E-08  9.28254E-04  5.05321E-06  8.19424E-02  8.28757E-02
   3.00000E+08  1.62003E-08  7.92961E-04  4.20314E-06  8.34978E-02  8.42950E-02
   3.50000E+08  1.19023E-08  6.93725E-04  3.59788E-06  8.46897E-02  8.53870E-02
   4.00000E+08  9.11269E-09  6.17647E-04  3.14497E-06  8.56437E-02  8.62645E-02
   4.50000E+08  7.20015E-09  5.57344E-04  2.79334E-06  8.64248E-02  8.69849E-02
   5.00000E+08  5.83209E-09  5.08312E-04  2.51243E-06  8.70706E-02  8.75814E-02
   5.50000E+08  4.81992E-09  4.67610E-04  2.28285E-06  8.75909E-02  8.80608E-02
   6.00000E+08  4.05007E-09  4.33247E-04  2.09171E-06  8.80620E-02  8.84973E-02
   7.00000E+08  2.97555E-09  3.78339E-04  1.79169E-06  8.88098E-02  8.91899E-02
   8.00000E+08  2.27816E-09  3.36338E-04  1.56693E-06  8.94050E-02  8.97429E-02
   9.00000E+08  1.80002E-09  3.03114E-04  1.39228E-06  8.98940E-02  9.01985E-02
   1.00000E+09  1.45802E-09  2.76143E-04  1.25265E-06  9.03039E-02  9.05813E-02
