 ***  Photoelectric cross sections,  IZ = 87,  NSHELL = 16,  NDATA = 450
              0           1           2           3           4           5           6           7           8           9          10          11          12          13          14          15          16
 5.00000E+01 1.60802E-18 0.00000E+00 0.00000E+00 0.00000E+00 0.00000E+00 0.00000E+00 0.00000E+00 0.00000E+00 0.00000E+00 0.00000E+00 0.00000E+00 0.00000E+00 0.00000E+00 0.00000E+00 0.00000E+00 0.00000E+00 0.00000E+00
 5.50000E+01 1.21981E-18 0.00000E+00 0.00000E+00 0.00000E+00 0.00000E+00 0.00000E+00 0.00000E+00 0.00000E+00 0.00000E+00 0.00000E+00 0.00000E+00 0.00000E+00 0.00000E+00 0.00000E+00 0.00000E+00 0.00000E+00 0.00000E+00
 6.00000E+01 9.53559E-19 0.00000E+00 0.00000E+00 0.00000E+00 0.00000E+00 0.00000E+00 0.00000E+00 0.00000E+00 0.00000E+00 0.00000E+00 0.00000E+00 0.00000E+00 0.00000E+00 0.00000E+00 0.00000E+00 0.00000E+00 0.00000E+00
 6.10000E+01 9.10988E-19 0.00000E+00 0.00000E+00 0.00000E+00 0.00000E+00 0.00000E+00 0.00000E+00 0.00000E+00 0.00000E+00 0.00000E+00 0.00000E+00 0.00000E+00 0.00000E+00 0.00000E+00 0.00000E+00 0.00000E+00 0.00000E+00
 6.10000E+01 2.95766E-18 0.00000E+00 0.00000E+00 0.00000E+00 0.00000E+00 0.00000E+00 0.00000E+00 0.00000E+00 0.00000E+00 0.00000E+00 0.00000E+00 0.00000E+00 0.00000E+00 0.00000E+00 0.00000E+00 0.00000E+00 0.00000E+00
 6.12426E+01 3.35703E-18 0.00000E+00 0.00000E+00 0.00000E+00 0.00000E+00 0.00000E+00 0.00000E+00 0.00000E+00 0.00000E+00 0.00000E+00 0.00000E+00 0.00000E+00 0.00000E+00 0.00000E+00 0.00000E+00 0.00000E+00 0.00000E+00
 6.13643E+01 3.58649E-18 0.00000E+00 0.00000E+00 0.00000E+00 0.00000E+00 0.00000E+00 0.00000E+00 0.00000E+00 0.00000E+00 0.00000E+00 0.00000E+00 0.00000E+00 0.00000E+00 0.00000E+00 0.00000E+00 0.00000E+00 0.00000E+00
 6.14862E+01 3.85770E-18 0.00000E+00 0.00000E+00 0.00000E+00 0.00000E+00 0.00000E+00 0.00000E+00 0.00000E+00 0.00000E+00 0.00000E+00 0.00000E+00 0.00000E+00 0.00000E+00 0.00000E+00 0.00000E+00 0.00000E+00 0.00000E+00
 6.16084E+01 4.16644E-18 0.00000E+00 0.00000E+00 0.00000E+00 0.00000E+00 0.00000E+00 0.00000E+00 0.00000E+00 0.00000E+00 0.00000E+00 0.00000E+00 0.00000E+00 0.00000E+00 0.00000E+00 0.00000E+00 0.00000E+00 0.00000E+00
 6.17308E+01 4.52310E-18 0.00000E+00 0.00000E+00 0.00000E+00 0.00000E+00 0.00000E+00 0.00000E+00 0.00000E+00 0.00000E+00 0.00000E+00 0.00000E+00 0.00000E+00 0.00000E+00 0.00000E+00 0.00000E+00 0.00000E+00 0.00000E+00
 6.18534E+01 4.93333E-18 0.00000E+00 0.00000E+00 0.00000E+00 0.00000E+00 0.00000E+00 0.00000E+00 0.00000E+00 0.00000E+00 0.00000E+00 0.00000E+00 0.00000E+00 0.00000E+00 0.00000E+00 0.00000E+00 0.00000E+00 0.00000E+00
 6.19763E+01 5.40430E-18 0.00000E+00 0.00000E+00 0.00000E+00 0.00000E+00 0.00000E+00 0.00000E+00 0.00000E+00 0.00000E+00 0.00000E+00 0.00000E+00 0.00000E+00 0.00000E+00 0.00000E+00 0.00000E+00 0.00000E+00 0.00000E+00
 6.22228E+01 6.53045E-18 0.00000E+00 0.00000E+00 0.00000E+00 0.00000E+00 0.00000E+00 0.00000E+00 0.00000E+00 0.00000E+00 0.00000E+00 0.00000E+00 0.00000E+00 0.00000E+00 0.00000E+00 0.00000E+00 0.00000E+00 0.00000E+00
 6.23464E+01 7.22711E-18 0.00000E+00 0.00000E+00 0.00000E+00 0.00000E+00 0.00000E+00 0.00000E+00 0.00000E+00 0.00000E+00 0.00000E+00 0.00000E+00 0.00000E+00 0.00000E+00 0.00000E+00 0.00000E+00 0.00000E+00 0.00000E+00
 6.24703E+01 8.02846E-18 0.00000E+00 0.00000E+00 0.00000E+00 0.00000E+00 0.00000E+00 0.00000E+00 0.00000E+00 0.00000E+00 0.00000E+00 0.00000E+00 0.00000E+00 0.00000E+00 0.00000E+00 0.00000E+00 0.00000E+00 0.00000E+00
 6.25944E+01 8.94293E-18 0.00000E+00 0.00000E+00 0.00000E+00 0.00000E+00 0.00000E+00 0.00000E+00 0.00000E+00 0.00000E+00 0.00000E+00 0.00000E+00 0.00000E+00 0.00000E+00 0.00000E+00 0.00000E+00 0.00000E+00 0.00000E+00
 6.27188E+01 1.00033E-17 0.00000E+00 0.00000E+00 0.00000E+00 0.00000E+00 0.00000E+00 0.00000E+00 0.00000E+00 0.00000E+00 0.00000E+00 0.00000E+00 0.00000E+00 0.00000E+00 0.00000E+00 0.00000E+00 0.00000E+00 0.00000E+00
 6.29682E+01 1.26192E-17 0.00000E+00 0.00000E+00 0.00000E+00 0.00000E+00 0.00000E+00 0.00000E+00 0.00000E+00 0.00000E+00 0.00000E+00 0.00000E+00 0.00000E+00 0.00000E+00 0.00000E+00 0.00000E+00 0.00000E+00 0.00000E+00
 6.32187E+01 1.61107E-17 0.00000E+00 0.00000E+00 0.00000E+00 0.00000E+00 0.00000E+00 0.00000E+00 0.00000E+00 0.00000E+00 0.00000E+00 0.00000E+00 0.00000E+00 0.00000E+00 0.00000E+00 0.00000E+00 0.00000E+00 0.00000E+00
 6.34702E+01 2.07682E-17 0.00000E+00 0.00000E+00 0.00000E+00 0.00000E+00 0.00000E+00 0.00000E+00 0.00000E+00 0.00000E+00 0.00000E+00 0.00000E+00 0.00000E+00 0.00000E+00 0.00000E+00 0.00000E+00 0.00000E+00 0.00000E+00
 6.37226E+01 2.69845E-17 0.00000E+00 0.00000E+00 0.00000E+00 0.00000E+00 0.00000E+00 0.00000E+00 0.00000E+00 0.00000E+00 0.00000E+00 0.00000E+00 0.00000E+00 0.00000E+00 0.00000E+00 0.00000E+00 0.00000E+00 0.00000E+00
 6.39761E+01 3.52048E-17 0.00000E+00 0.00000E+00 0.00000E+00 0.00000E+00 0.00000E+00 0.00000E+00 0.00000E+00 0.00000E+00 0.00000E+00 0.00000E+00 0.00000E+00 0.00000E+00 0.00000E+00 0.00000E+00 0.00000E+00 0.00000E+00
 6.42305E+01 4.58401E-17 0.00000E+00 0.00000E+00 0.00000E+00 0.00000E+00 0.00000E+00 0.00000E+00 0.00000E+00 0.00000E+00 0.00000E+00 0.00000E+00 0.00000E+00 0.00000E+00 0.00000E+00 0.00000E+00 0.00000E+00 0.00000E+00
 6.43581E+01 5.21214E-17 0.00000E+00 0.00000E+00 0.00000E+00 0.00000E+00 0.00000E+00 0.00000E+00 0.00000E+00 0.00000E+00 0.00000E+00 0.00000E+00 0.00000E+00 0.00000E+00 0.00000E+00 0.00000E+00 0.00000E+00 0.00000E+00
 6.44860E+01 5.90178E-17 0.00000E+00 0.00000E+00 0.00000E+00 0.00000E+00 0.00000E+00 0.00000E+00 0.00000E+00 0.00000E+00 0.00000E+00 0.00000E+00 0.00000E+00 0.00000E+00 0.00000E+00 0.00000E+00 0.00000E+00 0.00000E+00
 6.46141E+01 6.64397E-17 0.00000E+00 0.00000E+00 0.00000E+00 0.00000E+00 0.00000E+00 0.00000E+00 0.00000E+00 0.00000E+00 0.00000E+00 0.00000E+00 0.00000E+00 0.00000E+00 0.00000E+00 0.00000E+00 0.00000E+00 0.00000E+00
 6.47425E+01 7.41105E-17 0.00000E+00 0.00000E+00 0.00000E+00 0.00000E+00 0.00000E+00 0.00000E+00 0.00000E+00 0.00000E+00 0.00000E+00 0.00000E+00 0.00000E+00 0.00000E+00 0.00000E+00 0.00000E+00 0.00000E+00 0.00000E+00
 6.48711E+01 8.18358E-17 0.00000E+00 0.00000E+00 0.00000E+00 0.00000E+00 0.00000E+00 0.00000E+00 0.00000E+00 0.00000E+00 0.00000E+00 0.00000E+00 0.00000E+00 0.00000E+00 0.00000E+00 0.00000E+00 0.00000E+00 0.00000E+00
 6.49355E+01 8.56684E-17 0.00000E+00 0.00000E+00 0.00000E+00 0.00000E+00 0.00000E+00 0.00000E+00 0.00000E+00 0.00000E+00 0.00000E+00 0.00000E+00 0.00000E+00 0.00000E+00 0.00000E+00 0.00000E+00 0.00000E+00 0.00000E+00
 6.50000E+01 8.92873E-17 0.00000E+00 0.00000E+00 0.00000E+00 0.00000E+00 0.00000E+00 0.00000E+00 0.00000E+00 0.00000E+00 0.00000E+00 0.00000E+00 0.00000E+00 0.00000E+00 0.00000E+00 0.00000E+00 0.00000E+00 0.00000E+00
 6.50000E+01 9.06521E-17 0.00000E+00 0.00000E+00 0.00000E+00 0.00000E+00 0.00000E+00 0.00000E+00 0.00000E+00 0.00000E+00 0.00000E+00 0.00000E+00 0.00000E+00 0.00000E+00 0.00000E+00 0.00000E+00 0.00000E+00 0.00000E+00
 6.50753E+01 9.47414E-17 0.00000E+00 0.00000E+00 0.00000E+00 0.00000E+00 0.00000E+00 0.00000E+00 0.00000E+00 0.00000E+00 0.00000E+00 0.00000E+00 0.00000E+00 0.00000E+00 0.00000E+00 0.00000E+00 0.00000E+00 0.00000E+00
 6.51507E+01 9.85839E-17 0.00000E+00 0.00000E+00 0.00000E+00 0.00000E+00 0.00000E+00 0.00000E+00 0.00000E+00 0.00000E+00 0.00000E+00 0.00000E+00 0.00000E+00 0.00000E+00 0.00000E+00 0.00000E+00 0.00000E+00 0.00000E+00
 6.52262E+01 1.02026E-16 0.00000E+00 0.00000E+00 0.00000E+00 0.00000E+00 0.00000E+00 0.00000E+00 0.00000E+00 0.00000E+00 0.00000E+00 0.00000E+00 0.00000E+00 0.00000E+00 0.00000E+00 0.00000E+00 0.00000E+00 0.00000E+00
 6.53018E+01 1.04884E-16 0.00000E+00 0.00000E+00 0.00000E+00 0.00000E+00 0.00000E+00 0.00000E+00 0.00000E+00 0.00000E+00 0.00000E+00 0.00000E+00 0.00000E+00 0.00000E+00 0.00000E+00 0.00000E+00 0.00000E+00 0.00000E+00
 6.53396E+01 1.06297E-16 0.00000E+00 0.00000E+00 0.00000E+00 0.00000E+00 0.00000E+00 0.00000E+00 0.00000E+00 0.00000E+00 0.00000E+00 0.00000E+00 0.00000E+00 0.00000E+00 0.00000E+00 0.00000E+00 0.00000E+00 0.00000E+00
 6.53774E+01 1.07318E-16 0.00000E+00 0.00000E+00 0.00000E+00 0.00000E+00 0.00000E+00 0.00000E+00 0.00000E+00 0.00000E+00 0.00000E+00 0.00000E+00 0.00000E+00 0.00000E+00 0.00000E+00 0.00000E+00 0.00000E+00 0.00000E+00
 6.54532E+01 1.09291E-16 0.00000E+00 0.00000E+00 0.00000E+00 0.00000E+00 0.00000E+00 0.00000E+00 0.00000E+00 0.00000E+00 0.00000E+00 0.00000E+00 0.00000E+00 0.00000E+00 0.00000E+00 0.00000E+00 0.00000E+00 0.00000E+00
 6.55290E+01 1.10572E-16 0.00000E+00 0.00000E+00 0.00000E+00 0.00000E+00 0.00000E+00 0.00000E+00 0.00000E+00 0.00000E+00 0.00000E+00 0.00000E+00 0.00000E+00 0.00000E+00 0.00000E+00 0.00000E+00 0.00000E+00 0.00000E+00
 6.56049E+01 1.11275E-16 0.00000E+00 0.00000E+00 0.00000E+00 0.00000E+00 0.00000E+00 0.00000E+00 0.00000E+00 0.00000E+00 0.00000E+00 0.00000E+00 0.00000E+00 0.00000E+00 0.00000E+00 0.00000E+00 0.00000E+00 0.00000E+00
 6.56809E+01 1.11523E-16 0.00000E+00 0.00000E+00 0.00000E+00 0.00000E+00 0.00000E+00 0.00000E+00 0.00000E+00 0.00000E+00 0.00000E+00 0.00000E+00 0.00000E+00 0.00000E+00 0.00000E+00 0.00000E+00 0.00000E+00 0.00000E+00
 6.57570E+01 1.11321E-16 0.00000E+00 0.00000E+00 0.00000E+00 0.00000E+00 0.00000E+00 0.00000E+00 0.00000E+00 0.00000E+00 0.00000E+00 0.00000E+00 0.00000E+00 0.00000E+00 0.00000E+00 0.00000E+00 0.00000E+00 0.00000E+00
 6.58332E+01 1.10482E-16 0.00000E+00 0.00000E+00 0.00000E+00 0.00000E+00 0.00000E+00 0.00000E+00 0.00000E+00 0.00000E+00 0.00000E+00 0.00000E+00 0.00000E+00 0.00000E+00 0.00000E+00 0.00000E+00 0.00000E+00 0.00000E+00
 6.59095E+01 1.09166E-16 0.00000E+00 0.00000E+00 0.00000E+00 0.00000E+00 0.00000E+00 0.00000E+00 0.00000E+00 0.00000E+00 0.00000E+00 0.00000E+00 0.00000E+00 0.00000E+00 0.00000E+00 0.00000E+00 0.00000E+00 0.00000E+00
 6.60623E+01 1.06067E-16 0.00000E+00 0.00000E+00 0.00000E+00 0.00000E+00 0.00000E+00 0.00000E+00 0.00000E+00 0.00000E+00 0.00000E+00 0.00000E+00 0.00000E+00 0.00000E+00 0.00000E+00 0.00000E+00 0.00000E+00 0.00000E+00
 6.62155E+01 1.01935E-16 0.00000E+00 0.00000E+00 0.00000E+00 0.00000E+00 0.00000E+00 0.00000E+00 0.00000E+00 0.00000E+00 0.00000E+00 0.00000E+00 0.00000E+00 0.00000E+00 0.00000E+00 0.00000E+00 0.00000E+00 0.00000E+00
 6.68317E+01 8.44460E-17 0.00000E+00 0.00000E+00 0.00000E+00 0.00000E+00 0.00000E+00 0.00000E+00 0.00000E+00 0.00000E+00 0.00000E+00 0.00000E+00 0.00000E+00 0.00000E+00 0.00000E+00 0.00000E+00 0.00000E+00 0.00000E+00
 6.69867E+01 8.10554E-17 0.00000E+00 0.00000E+00 0.00000E+00 0.00000E+00 0.00000E+00 0.00000E+00 0.00000E+00 0.00000E+00 0.00000E+00 0.00000E+00 0.00000E+00 0.00000E+00 0.00000E+00 0.00000E+00 0.00000E+00 0.00000E+00
 6.71420E+01 7.82486E-17 0.00000E+00 0.00000E+00 0.00000E+00 0.00000E+00 0.00000E+00 0.00000E+00 0.00000E+00 0.00000E+00 0.00000E+00 0.00000E+00 0.00000E+00 0.00000E+00 0.00000E+00 0.00000E+00 0.00000E+00 0.00000E+00
 6.72977E+01 7.62208E-17 0.00000E+00 0.00000E+00 0.00000E+00 0.00000E+00 0.00000E+00 0.00000E+00 0.00000E+00 0.00000E+00 0.00000E+00 0.00000E+00 0.00000E+00 0.00000E+00 0.00000E+00 0.00000E+00 0.00000E+00 0.00000E+00
 6.74537E+01 7.49897E-17 0.00000E+00 0.00000E+00 0.00000E+00 0.00000E+00 0.00000E+00 0.00000E+00 0.00000E+00 0.00000E+00 0.00000E+00 0.00000E+00 0.00000E+00 0.00000E+00 0.00000E+00 0.00000E+00 0.00000E+00 0.00000E+00
 6.76101E+01 7.46211E-17 0.00000E+00 0.00000E+00 0.00000E+00 0.00000E+00 0.00000E+00 0.00000E+00 0.00000E+00 0.00000E+00 0.00000E+00 0.00000E+00 0.00000E+00 0.00000E+00 0.00000E+00 0.00000E+00 0.00000E+00 0.00000E+00
 6.77668E+01 7.52146E-17 0.00000E+00 0.00000E+00 0.00000E+00 0.00000E+00 0.00000E+00 0.00000E+00 0.00000E+00 0.00000E+00 0.00000E+00 0.00000E+00 0.00000E+00 0.00000E+00 0.00000E+00 0.00000E+00 0.00000E+00 0.00000E+00
 6.78454E+01 7.58467E-17 0.00000E+00 0.00000E+00 0.00000E+00 0.00000E+00 0.00000E+00 0.00000E+00 0.00000E+00 0.00000E+00 0.00000E+00 0.00000E+00 0.00000E+00 0.00000E+00 0.00000E+00 0.00000E+00 0.00000E+00 0.00000E+00
 6.79240E+01 7.67840E-17 0.00000E+00 0.00000E+00 0.00000E+00 0.00000E+00 0.00000E+00 0.00000E+00 0.00000E+00 0.00000E+00 0.00000E+00 0.00000E+00 0.00000E+00 0.00000E+00 0.00000E+00 0.00000E+00 0.00000E+00 0.00000E+00
 6.80814E+01 7.94517E-17 0.00000E+00 0.00000E+00 0.00000E+00 0.00000E+00 0.00000E+00 0.00000E+00 0.00000E+00 0.00000E+00 0.00000E+00 0.00000E+00 0.00000E+00 0.00000E+00 0.00000E+00 0.00000E+00 0.00000E+00 0.00000E+00
 6.82393E+01 8.32162E-17 0.00000E+00 0.00000E+00 0.00000E+00 0.00000E+00 0.00000E+00 0.00000E+00 0.00000E+00 0.00000E+00 0.00000E+00 0.00000E+00 0.00000E+00 0.00000E+00 0.00000E+00 0.00000E+00 0.00000E+00 0.00000E+00
 6.83975E+01 8.79123E-17 0.00000E+00 0.00000E+00 0.00000E+00 0.00000E+00 0.00000E+00 0.00000E+00 0.00000E+00 0.00000E+00 0.00000E+00 0.00000E+00 0.00000E+00 0.00000E+00 0.00000E+00 0.00000E+00 0.00000E+00 0.00000E+00
 6.87151E+01 9.89742E-17 0.00000E+00 0.00000E+00 0.00000E+00 0.00000E+00 0.00000E+00 0.00000E+00 0.00000E+00 0.00000E+00 0.00000E+00 0.00000E+00 0.00000E+00 0.00000E+00 0.00000E+00 0.00000E+00 0.00000E+00 0.00000E+00
 6.88744E+01 1.04180E-16 0.00000E+00 0.00000E+00 0.00000E+00 0.00000E+00 0.00000E+00 0.00000E+00 0.00000E+00 0.00000E+00 0.00000E+00 0.00000E+00 0.00000E+00 0.00000E+00 0.00000E+00 0.00000E+00 0.00000E+00 0.00000E+00
 6.89542E+01 1.06394E-16 0.00000E+00 0.00000E+00 0.00000E+00 0.00000E+00 0.00000E+00 0.00000E+00 0.00000E+00 0.00000E+00 0.00000E+00 0.00000E+00 0.00000E+00 0.00000E+00 0.00000E+00 0.00000E+00 0.00000E+00 0.00000E+00
 6.90341E+01 1.08218E-16 0.00000E+00 0.00000E+00 0.00000E+00 0.00000E+00 0.00000E+00 0.00000E+00 0.00000E+00 0.00000E+00 0.00000E+00 0.00000E+00 0.00000E+00 0.00000E+00 0.00000E+00 0.00000E+00 0.00000E+00 0.00000E+00
 6.91140E+01 1.09601E-16 0.00000E+00 0.00000E+00 0.00000E+00 0.00000E+00 0.00000E+00 0.00000E+00 0.00000E+00 0.00000E+00 0.00000E+00 0.00000E+00 0.00000E+00 0.00000E+00 0.00000E+00 0.00000E+00 0.00000E+00 0.00000E+00
 6.91941E+01 1.10469E-16 0.00000E+00 0.00000E+00 0.00000E+00 0.00000E+00 0.00000E+00 0.00000E+00 0.00000E+00 0.00000E+00 0.00000E+00 0.00000E+00 0.00000E+00 0.00000E+00 0.00000E+00 0.00000E+00 0.00000E+00 0.00000E+00
 6.92743E+01 1.10815E-16 0.00000E+00 0.00000E+00 0.00000E+00 0.00000E+00 0.00000E+00 0.00000E+00 0.00000E+00 0.00000E+00 0.00000E+00 0.00000E+00 0.00000E+00 0.00000E+00 0.00000E+00 0.00000E+00 0.00000E+00 0.00000E+00
 6.93545E+01 1.10619E-16 0.00000E+00 0.00000E+00 0.00000E+00 0.00000E+00 0.00000E+00 0.00000E+00 0.00000E+00 0.00000E+00 0.00000E+00 0.00000E+00 0.00000E+00 0.00000E+00 0.00000E+00 0.00000E+00 0.00000E+00 0.00000E+00
 6.95154E+01 1.08642E-16 0.00000E+00 0.00000E+00 0.00000E+00 0.00000E+00 0.00000E+00 0.00000E+00 0.00000E+00 0.00000E+00 0.00000E+00 0.00000E+00 0.00000E+00 0.00000E+00 0.00000E+00 0.00000E+00 0.00000E+00 0.00000E+00
 6.95959E+01 1.07149E-16 0.00000E+00 0.00000E+00 0.00000E+00 0.00000E+00 0.00000E+00 0.00000E+00 0.00000E+00 0.00000E+00 0.00000E+00 0.00000E+00 0.00000E+00 0.00000E+00 0.00000E+00 0.00000E+00 0.00000E+00 0.00000E+00
 6.96765E+01 1.05210E-16 0.00000E+00 0.00000E+00 0.00000E+00 0.00000E+00 0.00000E+00 0.00000E+00 0.00000E+00 0.00000E+00 0.00000E+00 0.00000E+00 0.00000E+00 0.00000E+00 0.00000E+00 0.00000E+00 0.00000E+00 0.00000E+00
 6.98381E+01 1.00537E-16 0.00000E+00 0.00000E+00 0.00000E+00 0.00000E+00 0.00000E+00 0.00000E+00 0.00000E+00 0.00000E+00 0.00000E+00 0.00000E+00 0.00000E+00 0.00000E+00 0.00000E+00 0.00000E+00 0.00000E+00 0.00000E+00
 7.00000E+01 9.53220E-17 0.00000E+00 0.00000E+00 0.00000E+00 0.00000E+00 0.00000E+00 0.00000E+00 0.00000E+00 0.00000E+00 0.00000E+00 0.00000E+00 0.00000E+00 0.00000E+00 0.00000E+00 0.00000E+00 0.00000E+00 0.00000E+00
 7.05866E+01 7.67102E-17 0.00000E+00 0.00000E+00 0.00000E+00 0.00000E+00 0.00000E+00 0.00000E+00 0.00000E+00 0.00000E+00 0.00000E+00 0.00000E+00 0.00000E+00 0.00000E+00 0.00000E+00 0.00000E+00 0.00000E+00 0.00000E+00
 7.08818E+01 6.90252E-17 0.00000E+00 0.00000E+00 0.00000E+00 0.00000E+00 0.00000E+00 0.00000E+00 0.00000E+00 0.00000E+00 0.00000E+00 0.00000E+00 0.00000E+00 0.00000E+00 0.00000E+00 0.00000E+00 0.00000E+00 0.00000E+00
 7.11782E+01 6.26120E-17 0.00000E+00 0.00000E+00 0.00000E+00 0.00000E+00 0.00000E+00 0.00000E+00 0.00000E+00 0.00000E+00 0.00000E+00 0.00000E+00 0.00000E+00 0.00000E+00 0.00000E+00 0.00000E+00 0.00000E+00 0.00000E+00
 7.14758E+01 5.72825E-17 0.00000E+00 0.00000E+00 0.00000E+00 0.00000E+00 0.00000E+00 0.00000E+00 0.00000E+00 0.00000E+00 0.00000E+00 0.00000E+00 0.00000E+00 0.00000E+00 0.00000E+00 0.00000E+00 0.00000E+00 0.00000E+00
 7.17747E+01 5.28370E-17 0.00000E+00 0.00000E+00 0.00000E+00 0.00000E+00 0.00000E+00 0.00000E+00 0.00000E+00 0.00000E+00 0.00000E+00 0.00000E+00 0.00000E+00 0.00000E+00 0.00000E+00 0.00000E+00 0.00000E+00 0.00000E+00
 7.20749E+01 4.91169E-17 0.00000E+00 0.00000E+00 0.00000E+00 0.00000E+00 0.00000E+00 0.00000E+00 0.00000E+00 0.00000E+00 0.00000E+00 0.00000E+00 0.00000E+00 0.00000E+00 0.00000E+00 0.00000E+00 0.00000E+00 0.00000E+00
 7.23762E+01 4.59666E-17 0.00000E+00 0.00000E+00 0.00000E+00 0.00000E+00 0.00000E+00 0.00000E+00 0.00000E+00 0.00000E+00 0.00000E+00 0.00000E+00 0.00000E+00 0.00000E+00 0.00000E+00 0.00000E+00 0.00000E+00 0.00000E+00
 7.26789E+01 4.32739E-17 0.00000E+00 0.00000E+00 0.00000E+00 0.00000E+00 0.00000E+00 0.00000E+00 0.00000E+00 0.00000E+00 0.00000E+00 0.00000E+00 0.00000E+00 0.00000E+00 0.00000E+00 0.00000E+00 0.00000E+00 0.00000E+00
 7.29828E+01 4.09493E-17 0.00000E+00 0.00000E+00 0.00000E+00 0.00000E+00 0.00000E+00 0.00000E+00 0.00000E+00 0.00000E+00 0.00000E+00 0.00000E+00 0.00000E+00 0.00000E+00 0.00000E+00 0.00000E+00 0.00000E+00 0.00000E+00
 7.32880E+01 3.89231E-17 0.00000E+00 0.00000E+00 0.00000E+00 0.00000E+00 0.00000E+00 0.00000E+00 0.00000E+00 0.00000E+00 0.00000E+00 0.00000E+00 0.00000E+00 0.00000E+00 0.00000E+00 0.00000E+00 0.00000E+00 0.00000E+00
 7.35944E+01 3.71401E-17 0.00000E+00 0.00000E+00 0.00000E+00 0.00000E+00 0.00000E+00 0.00000E+00 0.00000E+00 0.00000E+00 0.00000E+00 0.00000E+00 0.00000E+00 0.00000E+00 0.00000E+00 0.00000E+00 0.00000E+00 0.00000E+00
 7.42112E+01 3.41459E-17 0.00000E+00 0.00000E+00 0.00000E+00 0.00000E+00 0.00000E+00 0.00000E+00 0.00000E+00 0.00000E+00 0.00000E+00 0.00000E+00 0.00000E+00 0.00000E+00 0.00000E+00 0.00000E+00 0.00000E+00 0.00000E+00
 7.48331E+01 3.17188E-17 0.00000E+00 0.00000E+00 0.00000E+00 0.00000E+00 0.00000E+00 0.00000E+00 0.00000E+00 0.00000E+00 0.00000E+00 0.00000E+00 0.00000E+00 0.00000E+00 0.00000E+00 0.00000E+00 0.00000E+00 0.00000E+00
 7.54603E+01 2.96993E-17 0.00000E+00 0.00000E+00 0.00000E+00 0.00000E+00 0.00000E+00 0.00000E+00 0.00000E+00 0.00000E+00 0.00000E+00 0.00000E+00 0.00000E+00 0.00000E+00 0.00000E+00 0.00000E+00 0.00000E+00 0.00000E+00
 7.60927E+01 2.79781E-17 0.00000E+00 0.00000E+00 0.00000E+00 0.00000E+00 0.00000E+00 0.00000E+00 0.00000E+00 0.00000E+00 0.00000E+00 0.00000E+00 0.00000E+00 0.00000E+00 0.00000E+00 0.00000E+00 0.00000E+00 0.00000E+00
 7.73735E+01 2.51659E-17 0.00000E+00 0.00000E+00 0.00000E+00 0.00000E+00 0.00000E+00 0.00000E+00 0.00000E+00 0.00000E+00 0.00000E+00 0.00000E+00 0.00000E+00 0.00000E+00 0.00000E+00 0.00000E+00 0.00000E+00 0.00000E+00
 7.86758E+01 2.28981E-17 0.00000E+00 0.00000E+00 0.00000E+00 0.00000E+00 0.00000E+00 0.00000E+00 0.00000E+00 0.00000E+00 0.00000E+00 0.00000E+00 0.00000E+00 0.00000E+00 0.00000E+00 0.00000E+00 0.00000E+00 0.00000E+00
 8.00000E+01 2.09863E-17 0.00000E+00 0.00000E+00 0.00000E+00 0.00000E+00 0.00000E+00 0.00000E+00 0.00000E+00 0.00000E+00 0.00000E+00 0.00000E+00 0.00000E+00 0.00000E+00 0.00000E+00 0.00000E+00 0.00000E+00 0.00000E+00
 9.00000E+01 1.17982E-17 0.00000E+00 0.00000E+00 0.00000E+00 0.00000E+00 0.00000E+00 0.00000E+00 0.00000E+00 0.00000E+00 0.00000E+00 0.00000E+00 0.00000E+00 0.00000E+00 0.00000E+00 0.00000E+00 0.00000E+00 0.00000E+00
 9.48683E+01 9.12424E-18 0.00000E+00 0.00000E+00 0.00000E+00 0.00000E+00 0.00000E+00 0.00000E+00 0.00000E+00 0.00000E+00 0.00000E+00 0.00000E+00 0.00000E+00 0.00000E+00 0.00000E+00 0.00000E+00 0.00000E+00 0.00000E+00
 1.00000E+02 7.09129E-18 0.00000E+00 0.00000E+00 0.00000E+00 0.00000E+00 0.00000E+00 0.00000E+00 0.00000E+00 0.00000E+00 0.00000E+00 0.00000E+00 0.00000E+00 0.00000E+00 0.00000E+00 0.00000E+00 0.00000E+00 0.00000E+00
 1.04881E+02 5.66347E-18 0.00000E+00 0.00000E+00 0.00000E+00 0.00000E+00 0.00000E+00 0.00000E+00 0.00000E+00 0.00000E+00 0.00000E+00 0.00000E+00 0.00000E+00 0.00000E+00 0.00000E+00 0.00000E+00 0.00000E+00 0.00000E+00
 1.10000E+02 4.54124E-18 0.00000E+00 0.00000E+00 0.00000E+00 0.00000E+00 0.00000E+00 0.00000E+00 0.00000E+00 0.00000E+00 0.00000E+00 0.00000E+00 0.00000E+00 0.00000E+00 0.00000E+00 0.00000E+00 0.00000E+00 0.00000E+00
 1.25000E+02 2.52771E-18 0.00000E+00 0.00000E+00 0.00000E+00 0.00000E+00 0.00000E+00 0.00000E+00 0.00000E+00 0.00000E+00 0.00000E+00 0.00000E+00 0.00000E+00 0.00000E+00 0.00000E+00 0.00000E+00 0.00000E+00 0.00000E+00
 1.40000E+02 1.49767E-18 0.00000E+00 0.00000E+00 0.00000E+00 0.00000E+00 0.00000E+00 0.00000E+00 0.00000E+00 0.00000E+00 0.00000E+00 0.00000E+00 0.00000E+00 0.00000E+00 0.00000E+00 0.00000E+00 0.00000E+00 0.00000E+00
 1.47000E+02 1.19642E-18 0.00000E+00 0.00000E+00 0.00000E+00 0.00000E+00 0.00000E+00 0.00000E+00 0.00000E+00 0.00000E+00 0.00000E+00 0.00000E+00 0.00000E+00 0.00000E+00 0.00000E+00 0.00000E+00 0.00000E+00 0.00000E+00
 1.47000E+02 1.81092E-18 0.00000E+00 0.00000E+00 0.00000E+00 0.00000E+00 0.00000E+00 0.00000E+00 0.00000E+00 0.00000E+00 0.00000E+00 0.00000E+00 0.00000E+00 0.00000E+00 0.00000E+00 0.00000E+00 0.00000E+00 0.00000E+00
 1.48492E+02 1.71700E-18 0.00000E+00 0.00000E+00 0.00000E+00 0.00000E+00 0.00000E+00 0.00000E+00 0.00000E+00 0.00000E+00 0.00000E+00 0.00000E+00 0.00000E+00 0.00000E+00 0.00000E+00 0.00000E+00 0.00000E+00 0.00000E+00
 1.50000E+02 1.63724E-18 0.00000E+00 0.00000E+00 0.00000E+00 0.00000E+00 0.00000E+00 0.00000E+00 0.00000E+00 0.00000E+00 0.00000E+00 0.00000E+00 0.00000E+00 0.00000E+00 0.00000E+00 0.00000E+00 0.00000E+00 0.00000E+00
 1.55893E+02 1.38257E-18 0.00000E+00 0.00000E+00 0.00000E+00 0.00000E+00 0.00000E+00 0.00000E+00 0.00000E+00 0.00000E+00 0.00000E+00 0.00000E+00 0.00000E+00 0.00000E+00 0.00000E+00 0.00000E+00 0.00000E+00 0.00000E+00
 1.58926E+02 1.27718E-18 0.00000E+00 0.00000E+00 0.00000E+00 0.00000E+00 0.00000E+00 0.00000E+00 0.00000E+00 0.00000E+00 0.00000E+00 0.00000E+00 0.00000E+00 0.00000E+00 0.00000E+00 0.00000E+00 0.00000E+00 0.00000E+00
 1.62019E+02 1.18504E-18 0.00000E+00 0.00000E+00 0.00000E+00 0.00000E+00 0.00000E+00 0.00000E+00 0.00000E+00 0.00000E+00 0.00000E+00 0.00000E+00 0.00000E+00 0.00000E+00 0.00000E+00 0.00000E+00 0.00000E+00 0.00000E+00
 1.68384E+02 1.02891E-18 0.00000E+00 0.00000E+00 0.00000E+00 0.00000E+00 0.00000E+00 0.00000E+00 0.00000E+00 0.00000E+00 0.00000E+00 0.00000E+00 0.00000E+00 0.00000E+00 0.00000E+00 0.00000E+00 0.00000E+00 0.00000E+00
 1.71660E+02 9.62034E-19 0.00000E+00 0.00000E+00 0.00000E+00 0.00000E+00 0.00000E+00 0.00000E+00 0.00000E+00 0.00000E+00 0.00000E+00 0.00000E+00 0.00000E+00 0.00000E+00 0.00000E+00 0.00000E+00 0.00000E+00 0.00000E+00
 1.75000E+02 9.03580E-19 0.00000E+00 0.00000E+00 0.00000E+00 0.00000E+00 0.00000E+00 0.00000E+00 0.00000E+00 0.00000E+00 0.00000E+00 0.00000E+00 0.00000E+00 0.00000E+00 0.00000E+00 0.00000E+00 0.00000E+00 0.00000E+00
 1.83000E+02 7.87124E-19 0.00000E+00 0.00000E+00 0.00000E+00 0.00000E+00 0.00000E+00 0.00000E+00 0.00000E+00 0.00000E+00 0.00000E+00 0.00000E+00 0.00000E+00 0.00000E+00 0.00000E+00 0.00000E+00 0.00000E+00 0.00000E+00
 1.83000E+02 1.16534E-18 0.00000E+00 0.00000E+00 0.00000E+00 0.00000E+00 0.00000E+00 0.00000E+00 0.00000E+00 0.00000E+00 0.00000E+00 0.00000E+00 0.00000E+00 0.00000E+00 0.00000E+00 0.00000E+00 0.00000E+00 0.00000E+00
 1.83509E+02 1.13299E-18 0.00000E+00 0.00000E+00 0.00000E+00 0.00000E+00 0.00000E+00 0.00000E+00 0.00000E+00 0.00000E+00 0.00000E+00 0.00000E+00 0.00000E+00 0.00000E+00 0.00000E+00 0.00000E+00 0.00000E+00 0.00000E+00
 1.84019E+02 1.10602E-18 0.00000E+00 0.00000E+00 0.00000E+00 0.00000E+00 0.00000E+00 0.00000E+00 0.00000E+00 0.00000E+00 0.00000E+00 0.00000E+00 0.00000E+00 0.00000E+00 0.00000E+00 0.00000E+00 0.00000E+00 0.00000E+00
 1.85043E+02 1.06381E-18 0.00000E+00 0.00000E+00 0.00000E+00 0.00000E+00 0.00000E+00 0.00000E+00 0.00000E+00 0.00000E+00 0.00000E+00 0.00000E+00 0.00000E+00 0.00000E+00 0.00000E+00 0.00000E+00 0.00000E+00 0.00000E+00
 1.86074E+02 1.03202E-18 0.00000E+00 0.00000E+00 0.00000E+00 0.00000E+00 0.00000E+00 0.00000E+00 0.00000E+00 0.00000E+00 0.00000E+00 0.00000E+00 0.00000E+00 0.00000E+00 0.00000E+00 0.00000E+00 0.00000E+00 0.00000E+00
 1.87109E+02 1.00695E-18 0.00000E+00 0.00000E+00 0.00000E+00 0.00000E+00 0.00000E+00 0.00000E+00 0.00000E+00 0.00000E+00 0.00000E+00 0.00000E+00 0.00000E+00 0.00000E+00 0.00000E+00 0.00000E+00 0.00000E+00 0.00000E+00
 1.89199E+02 9.59270E-19 0.00000E+00 0.00000E+00 0.00000E+00 0.00000E+00 0.00000E+00 0.00000E+00 0.00000E+00 0.00000E+00 0.00000E+00 0.00000E+00 0.00000E+00 0.00000E+00 0.00000E+00 0.00000E+00 0.00000E+00 0.00000E+00
 1.91311E+02 9.20272E-19 0.00000E+00 0.00000E+00 0.00000E+00 0.00000E+00 0.00000E+00 0.00000E+00 0.00000E+00 0.00000E+00 0.00000E+00 0.00000E+00 0.00000E+00 0.00000E+00 0.00000E+00 0.00000E+00 0.00000E+00 0.00000E+00
 1.95607E+02 8.56492E-19 0.00000E+00 0.00000E+00 0.00000E+00 0.00000E+00 0.00000E+00 0.00000E+00 0.00000E+00 0.00000E+00 0.00000E+00 0.00000E+00 0.00000E+00 0.00000E+00 0.00000E+00 0.00000E+00 0.00000E+00 0.00000E+00
 2.00000E+02 8.04724E-19 0.00000E+00 0.00000E+00 0.00000E+00 0.00000E+00 0.00000E+00 0.00000E+00 0.00000E+00 0.00000E+00 0.00000E+00 0.00000E+00 0.00000E+00 0.00000E+00 0.00000E+00 0.00000E+00 0.00000E+00 0.00000E+00
 2.04823E+02 7.56472E-19 0.00000E+00 0.00000E+00 0.00000E+00 0.00000E+00 0.00000E+00 0.00000E+00 0.00000E+00 0.00000E+00 0.00000E+00 0.00000E+00 0.00000E+00 0.00000E+00 0.00000E+00 0.00000E+00 0.00000E+00 0.00000E+00
 2.09762E+02 7.13939E-19 0.00000E+00 0.00000E+00 0.00000E+00 0.00000E+00 0.00000E+00 0.00000E+00 0.00000E+00 0.00000E+00 0.00000E+00 0.00000E+00 0.00000E+00 0.00000E+00 0.00000E+00 0.00000E+00 0.00000E+00 0.00000E+00
 2.14820E+02 6.75659E-19 0.00000E+00 0.00000E+00 0.00000E+00 0.00000E+00 0.00000E+00 0.00000E+00 0.00000E+00 0.00000E+00 0.00000E+00 0.00000E+00 0.00000E+00 0.00000E+00 0.00000E+00 0.00000E+00 0.00000E+00 0.00000E+00
 2.20000E+02 6.42189E-19 0.00000E+00 0.00000E+00 0.00000E+00 0.00000E+00 0.00000E+00 0.00000E+00 0.00000E+00 0.00000E+00 0.00000E+00 0.00000E+00 0.00000E+00 0.00000E+00 0.00000E+00 0.00000E+00 0.00000E+00 0.00000E+00
 2.31000E+02 5.83480E-19 0.00000E+00 0.00000E+00 0.00000E+00 0.00000E+00 0.00000E+00 0.00000E+00 0.00000E+00 0.00000E+00 0.00000E+00 0.00000E+00 0.00000E+00 0.00000E+00 0.00000E+00 0.00000E+00 0.00000E+00 0.00000E+00
 2.31000E+02 6.31345E-19 0.00000E+00 0.00000E+00 0.00000E+00 0.00000E+00 0.00000E+00 0.00000E+00 0.00000E+00 0.00000E+00 0.00000E+00 0.00000E+00 0.00000E+00 0.00000E+00 0.00000E+00 0.00000E+00 0.00000E+00 0.00000E+00
 2.35610E+02 6.17095E-19 0.00000E+00 0.00000E+00 0.00000E+00 0.00000E+00 0.00000E+00 0.00000E+00 0.00000E+00 0.00000E+00 0.00000E+00 0.00000E+00 0.00000E+00 0.00000E+00 0.00000E+00 0.00000E+00 0.00000E+00 0.00000E+00
 2.40312E+02 6.00411E-19 0.00000E+00 0.00000E+00 0.00000E+00 0.00000E+00 0.00000E+00 0.00000E+00 0.00000E+00 0.00000E+00 0.00000E+00 0.00000E+00 0.00000E+00 0.00000E+00 0.00000E+00 0.00000E+00 0.00000E+00 0.00000E+00
 2.50000E+02 5.67379E-19 0.00000E+00 0.00000E+00 0.00000E+00 0.00000E+00 0.00000E+00 0.00000E+00 0.00000E+00 0.00000E+00 0.00000E+00 0.00000E+00 0.00000E+00 0.00000E+00 0.00000E+00 0.00000E+00 0.00000E+00 0.00000E+00
 2.60000E+02 5.40752E-19 0.00000E+00 0.00000E+00 0.00000E+00 0.00000E+00 0.00000E+00 0.00000E+00 0.00000E+00 0.00000E+00 0.00000E+00 0.00000E+00 0.00000E+00 0.00000E+00 0.00000E+00 0.00000E+00 0.00000E+00 0.00000E+00
 2.60000E+02 7.78886E-19 0.00000E+00 0.00000E+00 0.00000E+00 0.00000E+00 0.00000E+00 0.00000E+00 0.00000E+00 0.00000E+00 0.00000E+00 0.00000E+00 0.00000E+00 0.00000E+00 0.00000E+00 0.00000E+00 0.00000E+00 2.38134E-19
 2.60987E+02 7.41980E-19 0.00000E+00 0.00000E+00 0.00000E+00 0.00000E+00 0.00000E+00 0.00000E+00 0.00000E+00 0.00000E+00 0.00000E+00 0.00000E+00 0.00000E+00 0.00000E+00 0.00000E+00 0.00000E+00 0.00000E+00 2.03531E-19
 2.61977E+02 7.16129E-19 0.00000E+00 0.00000E+00 0.00000E+00 0.00000E+00 0.00000E+00 0.00000E+00 0.00000E+00 0.00000E+00 0.00000E+00 0.00000E+00 0.00000E+00 0.00000E+00 0.00000E+00 0.00000E+00 0.00000E+00 1.79960E-19
 2.62972E+02 6.97352E-19 0.00000E+00 0.00000E+00 0.00000E+00 0.00000E+00 0.00000E+00 0.00000E+00 0.00000E+00 0.00000E+00 0.00000E+00 0.00000E+00 0.00000E+00 0.00000E+00 0.00000E+00 0.00000E+00 0.00000E+00 1.63447E-19
 2.63970E+02 6.83402E-19 0.00000E+00 0.00000E+00 0.00000E+00 0.00000E+00 0.00000E+00 0.00000E+00 0.00000E+00 0.00000E+00 0.00000E+00 0.00000E+00 0.00000E+00 0.00000E+00 0.00000E+00 0.00000E+00 0.00000E+00 1.51727E-19
 2.65977E+02 6.63663E-19 0.00000E+00 0.00000E+00 0.00000E+00 0.00000E+00 0.00000E+00 0.00000E+00 0.00000E+00 0.00000E+00 0.00000E+00 0.00000E+00 0.00000E+00 0.00000E+00 0.00000E+00 0.00000E+00 0.00000E+00 1.36343E-19
 2.68000E+02 6.50328E-19 0.00000E+00 0.00000E+00 0.00000E+00 0.00000E+00 0.00000E+00 0.00000E+00 0.00000E+00 0.00000E+00 0.00000E+00 0.00000E+00 0.00000E+00 0.00000E+00 0.00000E+00 0.00000E+00 0.00000E+00 1.27244E-19
 2.68000E+02 8.24893E-19 0.00000E+00 0.00000E+00 0.00000E+00 0.00000E+00 0.00000E+00 0.00000E+00 0.00000E+00 0.00000E+00 0.00000E+00 0.00000E+00 0.00000E+00 0.00000E+00 0.00000E+00 0.00000E+00 1.74565E-19 1.27244E-19
 2.68946E+02 7.92890E-19 0.00000E+00 0.00000E+00 0.00000E+00 0.00000E+00 0.00000E+00 0.00000E+00 0.00000E+00 0.00000E+00 0.00000E+00 0.00000E+00 0.00000E+00 0.00000E+00 0.00000E+00 0.00000E+00 1.47308E-19 1.24449E-19
 2.69896E+02 7.71349E-19 0.00000E+00 0.00000E+00 0.00000E+00 0.00000E+00 0.00000E+00 0.00000E+00 0.00000E+00 0.00000E+00 0.00000E+00 0.00000E+00 0.00000E+00 0.00000E+00 0.00000E+00 0.00000E+00 1.29832E-19 1.22312E-19
 2.70849E+02 7.56088E-19 0.00000E+00 0.00000E+00 0.00000E+00 0.00000E+00 0.00000E+00 0.00000E+00 0.00000E+00 0.00000E+00 0.00000E+00 0.00000E+00 0.00000E+00 0.00000E+00 0.00000E+00 0.00000E+00 1.18021E-19 1.20681E-19
 2.71805E+02 7.45009E-19 0.00000E+00 0.00000E+00 0.00000E+00 0.00000E+00 0.00000E+00 0.00000E+00 0.00000E+00 0.00000E+00 0.00000E+00 0.00000E+00 0.00000E+00 0.00000E+00 0.00000E+00 0.00000E+00 1.09859E-19 1.19491E-19
 2.73728E+02 7.29680E-19 0.00000E+00 0.00000E+00 0.00000E+00 0.00000E+00 0.00000E+00 0.00000E+00 0.00000E+00 0.00000E+00 0.00000E+00 0.00000E+00 0.00000E+00 0.00000E+00 0.00000E+00 0.00000E+00 9.90132E-20 1.18262E-19
 2.75665E+02 7.20497E-19 0.00000E+00 0.00000E+00 0.00000E+00 0.00000E+00 0.00000E+00 0.00000E+00 0.00000E+00 0.00000E+00 0.00000E+00 0.00000E+00 0.00000E+00 0.00000E+00 0.00000E+00 0.00000E+00 9.26483E-20 1.18654E-19
 2.77615E+02 7.15302E-19 0.00000E+00 0.00000E+00 0.00000E+00 0.00000E+00 0.00000E+00 0.00000E+00 0.00000E+00 0.00000E+00 0.00000E+00 0.00000E+00 0.00000E+00 0.00000E+00 0.00000E+00 0.00000E+00 8.90493E-20 1.20149E-19
 2.79579E+02 7.13125E-19 0.00000E+00 0.00000E+00 0.00000E+00 0.00000E+00 0.00000E+00 0.00000E+00 0.00000E+00 0.00000E+00 0.00000E+00 0.00000E+00 0.00000E+00 0.00000E+00 0.00000E+00 0.00000E+00 8.69550E-20 1.23093E-19
 2.83549E+02 7.16998E-19 0.00000E+00 0.00000E+00 0.00000E+00 0.00000E+00 0.00000E+00 0.00000E+00 0.00000E+00 0.00000E+00 0.00000E+00 0.00000E+00 0.00000E+00 0.00000E+00 0.00000E+00 0.00000E+00 8.63885E-20 1.33474E-19
 2.87575E+02 7.31212E-19 0.00000E+00 0.00000E+00 0.00000E+00 0.00000E+00 0.00000E+00 0.00000E+00 0.00000E+00 0.00000E+00 0.00000E+00 0.00000E+00 0.00000E+00 0.00000E+00 0.00000E+00 0.00000E+00 8.97446E-20 1.50170E-19
 2.91659E+02 7.56234E-19 0.00000E+00 0.00000E+00 0.00000E+00 0.00000E+00 0.00000E+00 0.00000E+00 0.00000E+00 0.00000E+00 0.00000E+00 0.00000E+00 0.00000E+00 0.00000E+00 0.00000E+00 0.00000E+00 9.72622E-20 1.73314E-19
 2.95800E+02 7.93033E-19 0.00000E+00 0.00000E+00 0.00000E+00 0.00000E+00 0.00000E+00 0.00000E+00 0.00000E+00 0.00000E+00 0.00000E+00 0.00000E+00 0.00000E+00 0.00000E+00 0.00000E+00 0.00000E+00 1.09329E-19 2.03582E-19
 3.00000E+02 8.43912E-19 0.00000E+00 0.00000E+00 0.00000E+00 0.00000E+00 0.00000E+00 0.00000E+00 0.00000E+00 0.00000E+00 0.00000E+00 0.00000E+00 0.00000E+00 0.00000E+00 0.00000E+00 0.00000E+00 1.26268E-19 2.42525E-19
 3.02904E+02 8.87197E-19 0.00000E+00 0.00000E+00 0.00000E+00 0.00000E+00 0.00000E+00 0.00000E+00 0.00000E+00 0.00000E+00 0.00000E+00 0.00000E+00 0.00000E+00 0.00000E+00 0.00000E+00 0.00000E+00 1.40741E-19 2.74626E-19
 3.05837E+02 9.38622E-19 0.00000E+00 0.00000E+00 0.00000E+00 0.00000E+00 0.00000E+00 0.00000E+00 0.00000E+00 0.00000E+00 0.00000E+00 0.00000E+00 0.00000E+00 0.00000E+00 0.00000E+00 0.00000E+00 1.58263E-19 3.11680E-19
 3.08798E+02 9.98397E-19 0.00000E+00 0.00000E+00 0.00000E+00 0.00000E+00 0.00000E+00 0.00000E+00 0.00000E+00 0.00000E+00 0.00000E+00 0.00000E+00 0.00000E+00 0.00000E+00 0.00000E+00 0.00000E+00 1.78864E-19 3.53951E-19
 3.11787E+02 1.06704E-18 0.00000E+00 0.00000E+00 0.00000E+00 0.00000E+00 0.00000E+00 0.00000E+00 0.00000E+00 0.00000E+00 0.00000E+00 0.00000E+00 0.00000E+00 0.00000E+00 0.00000E+00 0.00000E+00 2.03079E-19 4.01436E-19
 3.17853E+02 1.23030E-18 0.00000E+00 0.00000E+00 0.00000E+00 0.00000E+00 0.00000E+00 0.00000E+00 0.00000E+00 0.00000E+00 0.00000E+00 0.00000E+00 0.00000E+00 0.00000E+00 0.00000E+00 0.00000E+00 2.62745E-19 5.10921E-19
 3.24037E+02 1.42578E-18 0.00000E+00 0.00000E+00 0.00000E+00 0.00000E+00 0.00000E+00 0.00000E+00 0.00000E+00 0.00000E+00 0.00000E+00 0.00000E+00 0.00000E+00 0.00000E+00 0.00000E+00 0.00000E+00 3.37811E-19 6.37008E-19
 3.30341E+02 1.64616E-18 0.00000E+00 0.00000E+00 0.00000E+00 0.00000E+00 0.00000E+00 0.00000E+00 0.00000E+00 0.00000E+00 0.00000E+00 0.00000E+00 0.00000E+00 0.00000E+00 0.00000E+00 0.00000E+00 4.26052E-19 7.74547E-19
 3.36768E+02 1.88452E-18 0.00000E+00 0.00000E+00 0.00000E+00 0.00000E+00 0.00000E+00 0.00000E+00 0.00000E+00 0.00000E+00 0.00000E+00 0.00000E+00 0.00000E+00 0.00000E+00 0.00000E+00 0.00000E+00 5.24211E-19 9.19958E-19
 3.43320E+02 2.13665E-18 0.00000E+00 0.00000E+00 0.00000E+00 0.00000E+00 0.00000E+00 0.00000E+00 0.00000E+00 0.00000E+00 0.00000E+00 0.00000E+00 0.00000E+00 0.00000E+00 0.00000E+00 0.00000E+00 6.29507E-19 1.07177E-18
 3.50000E+02 2.39716E-18 0.00000E+00 0.00000E+00 0.00000E+00 0.00000E+00 0.00000E+00 0.00000E+00 0.00000E+00 0.00000E+00 0.00000E+00 0.00000E+00 0.00000E+00 0.00000E+00 0.00000E+00 0.00000E+00 7.40052E-19 1.22666E-18
 3.55891E+02 2.62414E-18 0.00000E+00 0.00000E+00 0.00000E+00 0.00000E+00 0.00000E+00 0.00000E+00 0.00000E+00 0.00000E+00 0.00000E+00 0.00000E+00 0.00000E+00 0.00000E+00 0.00000E+00 0.00000E+00 8.38239E-19 1.35979E-18
 3.61881E+02 2.84732E-18 0.00000E+00 0.00000E+00 0.00000E+00 0.00000E+00 0.00000E+00 0.00000E+00 0.00000E+00 0.00000E+00 0.00000E+00 0.00000E+00 0.00000E+00 0.00000E+00 0.00000E+00 0.00000E+00 9.36765E-19 1.48869E-18
 3.67972E+02 3.06128E-18 0.00000E+00 0.00000E+00 0.00000E+00 0.00000E+00 0.00000E+00 0.00000E+00 0.00000E+00 0.00000E+00 0.00000E+00 0.00000E+00 0.00000E+00 0.00000E+00 0.00000E+00 0.00000E+00 1.03321E-18 1.61031E-18
 3.74166E+02 3.26140E-18 0.00000E+00 0.00000E+00 0.00000E+00 0.00000E+00 0.00000E+00 0.00000E+00 0.00000E+00 0.00000E+00 0.00000E+00 0.00000E+00 0.00000E+00 0.00000E+00 0.00000E+00 0.00000E+00 1.12513E-18 1.72252E-18
 3.80464E+02 3.44482E-18 0.00000E+00 0.00000E+00 0.00000E+00 0.00000E+00 0.00000E+00 0.00000E+00 0.00000E+00 0.00000E+00 0.00000E+00 0.00000E+00 0.00000E+00 0.00000E+00 0.00000E+00 0.00000E+00 1.21063E-18 1.82436E-18
 3.86867E+02 3.61054E-18 0.00000E+00 0.00000E+00 0.00000E+00 0.00000E+00 0.00000E+00 0.00000E+00 0.00000E+00 0.00000E+00 0.00000E+00 0.00000E+00 0.00000E+00 0.00000E+00 0.00000E+00 0.00000E+00 1.28870E-18 1.91585E-18
 3.93379E+02 3.75890E-18 0.00000E+00 0.00000E+00 0.00000E+00 0.00000E+00 0.00000E+00 0.00000E+00 0.00000E+00 0.00000E+00 0.00000E+00 0.00000E+00 0.00000E+00 0.00000E+00 0.00000E+00 0.00000E+00 1.35914E-18 1.99749E-18
 4.00000E+02 3.88943E-18 0.00000E+00 0.00000E+00 0.00000E+00 0.00000E+00 0.00000E+00 0.00000E+00 0.00000E+00 0.00000E+00 0.00000E+00 0.00000E+00 0.00000E+00 0.00000E+00 0.00000E+00 0.00000E+00 1.42183E-18 2.06925E-18
 4.05933E+02 3.99304E-18 0.00000E+00 0.00000E+00 0.00000E+00 0.00000E+00 0.00000E+00 0.00000E+00 0.00000E+00 0.00000E+00 0.00000E+00 0.00000E+00 0.00000E+00 0.00000E+00 0.00000E+00 0.00000E+00 1.47228E-18 2.12611E-18
 4.11953E+02 4.08211E-18 0.00000E+00 0.00000E+00 0.00000E+00 0.00000E+00 0.00000E+00 0.00000E+00 0.00000E+00 0.00000E+00 0.00000E+00 0.00000E+00 0.00000E+00 0.00000E+00 0.00000E+00 0.00000E+00 1.51652E-18 2.17462E-18
 4.24264E+02 4.22493E-18 0.00000E+00 0.00000E+00 0.00000E+00 0.00000E+00 0.00000E+00 0.00000E+00 0.00000E+00 0.00000E+00 0.00000E+00 0.00000E+00 0.00000E+00 0.00000E+00 0.00000E+00 0.00000E+00 1.59008E-18 2.25105E-18
 4.36943E+02 4.31786E-18 0.00000E+00 0.00000E+00 0.00000E+00 0.00000E+00 0.00000E+00 0.00000E+00 0.00000E+00 0.00000E+00 0.00000E+00 0.00000E+00 0.00000E+00 0.00000E+00 0.00000E+00 0.00000E+00 1.64203E-18 2.29895E-18
 4.50000E+02 4.36477E-18 0.00000E+00 0.00000E+00 0.00000E+00 0.00000E+00 0.00000E+00 0.00000E+00 0.00000E+00 0.00000E+00 0.00000E+00 0.00000E+00 0.00000E+00 0.00000E+00 0.00000E+00 0.00000E+00 1.67342E-18 2.32135E-18
 4.62011E+02 4.37538E-18 0.00000E+00 0.00000E+00 0.00000E+00 0.00000E+00 0.00000E+00 0.00000E+00 0.00000E+00 0.00000E+00 0.00000E+00 0.00000E+00 0.00000E+00 0.00000E+00 0.00000E+00 0.00000E+00 1.68670E-18 2.32547E-18
 4.74342E+02 4.36140E-18 0.00000E+00 0.00000E+00 0.00000E+00 0.00000E+00 0.00000E+00 0.00000E+00 0.00000E+00 0.00000E+00 0.00000E+00 0.00000E+00 0.00000E+00 0.00000E+00 0.00000E+00 0.00000E+00 1.68873E-18 2.31611E-18
 4.87002E+02 4.32909E-18 0.00000E+00 0.00000E+00 0.00000E+00 0.00000E+00 0.00000E+00 0.00000E+00 0.00000E+00 0.00000E+00 0.00000E+00 0.00000E+00 0.00000E+00 0.00000E+00 0.00000E+00 0.00000E+00 1.68240E-18 2.29661E-18
 5.00000E+02 4.27737E-18 0.00000E+00 0.00000E+00 0.00000E+00 0.00000E+00 0.00000E+00 0.00000E+00 0.00000E+00 0.00000E+00 0.00000E+00 0.00000E+00 0.00000E+00 0.00000E+00 0.00000E+00 0.00000E+00 1.66751E-18 2.26628E-18
 5.24404E+02 4.14197E-18 0.00000E+00 0.00000E+00 0.00000E+00 0.00000E+00 0.00000E+00 0.00000E+00 0.00000E+00 0.00000E+00 0.00000E+00 0.00000E+00 0.00000E+00 0.00000E+00 0.00000E+00 0.00000E+00 1.62211E-18 2.18890E-18
 5.50000E+02 3.96675E-18 0.00000E+00 0.00000E+00 0.00000E+00 0.00000E+00 0.00000E+00 0.00000E+00 0.00000E+00 0.00000E+00 0.00000E+00 0.00000E+00 0.00000E+00 0.00000E+00 0.00000E+00 0.00000E+00 1.55768E-18 2.09034E-18
 5.72000E+02 3.80387E-18 0.00000E+00 0.00000E+00 0.00000E+00 0.00000E+00 0.00000E+00 0.00000E+00 0.00000E+00 0.00000E+00 0.00000E+00 0.00000E+00 0.00000E+00 0.00000E+00 0.00000E+00 0.00000E+00 1.49590E-18 1.99983E-18
 5.72000E+02 3.88715E-18 0.00000E+00 0.00000E+00 0.00000E+00 0.00000E+00 0.00000E+00 0.00000E+00 0.00000E+00 0.00000E+00 0.00000E+00 0.00000E+00 0.00000E+00 0.00000E+00 0.00000E+00 8.32799E-20 1.49590E-18 1.99983E-18
 5.72855E+02 3.90224E-18 0.00000E+00 0.00000E+00 0.00000E+00 0.00000E+00 0.00000E+00 0.00000E+00 0.00000E+00 0.00000E+00 0.00000E+00 0.00000E+00 0.00000E+00 0.00000E+00 0.00000E+00 1.04697E-19 1.49348E-18 1.99632E-18
 5.73711E+02 3.94836E-18 0.00000E+00 0.00000E+00 0.00000E+00 0.00000E+00 0.00000E+00 0.00000E+00 0.00000E+00 0.00000E+00 0.00000E+00 0.00000E+00 0.00000E+00 0.00000E+00 0.00000E+00 1.57471E-19 1.49092E-18 1.99262E-18
 5.74140E+02 3.99842E-18 0.00000E+00 0.00000E+00 0.00000E+00 0.00000E+00 0.00000E+00 0.00000E+00 0.00000E+00 0.00000E+00 0.00000E+00 0.00000E+00 0.00000E+00 0.00000E+00 0.00000E+00 2.10847E-19 1.48965E-18 1.99077E-18
 5.74569E+02 4.08359E-18 0.00000E+00 0.00000E+00 0.00000E+00 0.00000E+00 0.00000E+00 0.00000E+00 0.00000E+00 0.00000E+00 0.00000E+00 0.00000E+00 0.00000E+00 0.00000E+00 0.00000E+00 2.99335E-19 1.48837E-18 1.98893E-18
 5.74998E+02 4.22656E-18 0.00000E+00 0.00000E+00 0.00000E+00 0.00000E+00 0.00000E+00 0.00000E+00 0.00000E+00 0.00000E+00 0.00000E+00 0.00000E+00 0.00000E+00 0.00000E+00 0.00000E+00 4.45625E-19 1.48709E-18 1.98709E-18
 5.75427E+02 4.45072E-18 0.00000E+00 0.00000E+00 0.00000E+00 0.00000E+00 0.00000E+00 0.00000E+00 0.00000E+00 0.00000E+00 0.00000E+00 0.00000E+00 0.00000E+00 0.00000E+00 0.00000E+00 6.73095E-19 1.48582E-18 1.98525E-18
 5.75857E+02 4.74974E-18 0.00000E+00 0.00000E+00 0.00000E+00 0.00000E+00 0.00000E+00 0.00000E+00 0.00000E+00 0.00000E+00 0.00000E+00 0.00000E+00 0.00000E+00 0.00000E+00 0.00000E+00 9.75427E-19 1.48455E-18 1.98341E-18
 5.76287E+02 5.02203E-18 0.00000E+00 0.00000E+00 0.00000E+00 0.00000E+00 0.00000E+00 0.00000E+00 0.00000E+00 0.00000E+00 0.00000E+00 0.00000E+00 0.00000E+00 0.00000E+00 0.00000E+00 1.25102E-18 1.48327E-18 1.98157E-18
 5.76718E+02 5.12556E-18 0.00000E+00 0.00000E+00 0.00000E+00 0.00000E+00 0.00000E+00 0.00000E+00 0.00000E+00 0.00000E+00 0.00000E+00 0.00000E+00 0.00000E+00 0.00000E+00 0.00000E+00 1.35786E-18 1.48200E-18 1.97973E-18
 5.77149E+02 5.04892E-18 0.00000E+00 0.00000E+00 0.00000E+00 0.00000E+00 0.00000E+00 0.00000E+00 0.00000E+00 0.00000E+00 0.00000E+00 0.00000E+00 0.00000E+00 0.00000E+00 0.00000E+00 1.28452E-18 1.48073E-18 1.97790E-18
 5.78011E+02 4.73935E-18 0.00000E+00 0.00000E+00 0.00000E+00 0.00000E+00 0.00000E+00 0.00000E+00 0.00000E+00 0.00000E+00 0.00000E+00 0.00000E+00 0.00000E+00 0.00000E+00 0.00000E+00 9.81544E-19 1.47820E-18 1.97424E-18
 5.78443E+02 4.61128E-18 0.00000E+00 0.00000E+00 0.00000E+00 0.00000E+00 0.00000E+00 0.00000E+00 0.00000E+00 0.00000E+00 0.00000E+00 0.00000E+00 0.00000E+00 0.00000E+00 0.00000E+00 8.56765E-19 1.47693E-18 1.97241E-18
 5.78875E+02 4.51041E-18 0.00000E+00 0.00000E+00 0.00000E+00 0.00000E+00 0.00000E+00 0.00000E+00 0.00000E+00 0.00000E+00 0.00000E+00 0.00000E+00 0.00000E+00 0.00000E+00 0.00000E+00 7.59185E-19 1.47566E-18 1.97058E-18
 5.79740E+02 4.37160E-18 0.00000E+00 0.00000E+00 0.00000E+00 0.00000E+00 0.00000E+00 0.00000E+00 0.00000E+00 0.00000E+00 0.00000E+00 0.00000E+00 0.00000E+00 0.00000E+00 0.00000E+00 6.26942E-19 1.47314E-18 1.96693E-18
 5.80607E+02 4.28497E-18 0.00000E+00 0.00000E+00 0.00000E+00 0.00000E+00 0.00000E+00 0.00000E+00 0.00000E+00 0.00000E+00 0.00000E+00 0.00000E+00 0.00000E+00 0.00000E+00 0.00000E+00 5.46873E-19 1.47061E-18 1.96329E-18
 5.81474E+02 4.22784E-18 0.00000E+00 0.00000E+00 0.00000E+00 0.00000E+00 0.00000E+00 0.00000E+00 0.00000E+00 0.00000E+00 0.00000E+00 0.00000E+00 0.00000E+00 0.00000E+00 0.00000E+00 4.96285E-19 1.46809E-18 1.95965E-18
 5.82344E+02 4.18823E-18 0.00000E+00 0.00000E+00 0.00000E+00 0.00000E+00 0.00000E+00 0.00000E+00 0.00000E+00 0.00000E+00 0.00000E+00 0.00000E+00 0.00000E+00 0.00000E+00 0.00000E+00 4.63209E-19 1.46558E-18 1.95602E-18
 5.84086E+02 4.13618E-18 0.00000E+00 0.00000E+00 0.00000E+00 0.00000E+00 0.00000E+00 0.00000E+00 0.00000E+00 0.00000E+00 0.00000E+00 0.00000E+00 0.00000E+00 0.00000E+00 0.00000E+00 4.24199E-19 1.46056E-18 1.94878E-18
 5.85833E+02 4.10352E-18 0.00000E+00 0.00000E+00 0.00000E+00 0.00000E+00 0.00000E+00 0.00000E+00 0.00000E+00 0.00000E+00 0.00000E+00 0.00000E+00 0.00000E+00 0.00000E+00 0.00000E+00 4.04747E-19 1.45546E-18 1.94144E-18
 6.00000E+02 3.95285E-18 0.00000E+00 0.00000E+00 0.00000E+00 0.00000E+00 0.00000E+00 0.00000E+00 0.00000E+00 0.00000E+00 0.00000E+00 0.00000E+00 0.00000E+00 0.00000E+00 0.00000E+00 3.63822E-19 1.41289E-18 1.88055E-18
 6.03000E+02 3.92311E-18 0.00000E+00 0.00000E+00 0.00000E+00 0.00000E+00 0.00000E+00 0.00000E+00 0.00000E+00 0.00000E+00 0.00000E+00 0.00000E+00 0.00000E+00 0.00000E+00 0.00000E+00 3.58254E-19 1.40347E-18 1.86720E-18
 6.03000E+02 3.98629E-18 0.00000E+00 0.00000E+00 0.00000E+00 0.00000E+00 0.00000E+00 0.00000E+00 0.00000E+00 0.00000E+00 0.00000E+00 0.00000E+00 0.00000E+00 0.00000E+00 6.31862E-20 3.58254E-19 1.40347E-18 1.86720E-18
 6.04407E+02 4.00475E-18 0.00000E+00 0.00000E+00 0.00000E+00 0.00000E+00 0.00000E+00 0.00000E+00 0.00000E+00 0.00000E+00 0.00000E+00 0.00000E+00 0.00000E+00 0.00000E+00 9.51670E-20 3.55979E-19 1.39908E-18 1.86100E-18
 6.05112E+02 4.04848E-18 0.00000E+00 0.00000E+00 0.00000E+00 0.00000E+00 0.00000E+00 0.00000E+00 0.00000E+00 0.00000E+00 0.00000E+00 0.00000E+00 0.00000E+00 0.00000E+00 1.45636E-19 3.54847E-19 1.39690E-18 1.85791E-18
 6.05464E+02 4.09292E-18 0.00000E+00 0.00000E+00 0.00000E+00 0.00000E+00 0.00000E+00 0.00000E+00 0.00000E+00 0.00000E+00 0.00000E+00 0.00000E+00 0.00000E+00 0.00000E+00 1.93444E-19 3.54282E-19 1.39581E-18 1.85636E-18
 6.05817E+02 4.16438E-18 0.00000E+00 0.00000E+00 0.00000E+00 0.00000E+00 0.00000E+00 0.00000E+00 0.00000E+00 0.00000E+00 0.00000E+00 0.00000E+00 0.00000E+00 0.00000E+00 2.68266E-19 3.53719E-19 1.39472E-18 1.85482E-18
 6.07231E+02 4.68934E-18 0.00000E+00 0.00000E+00 0.00000E+00 0.00000E+00 0.00000E+00 0.00000E+00 0.00000E+00 0.00000E+00 0.00000E+00 0.00000E+00 0.00000E+00 0.00000E+00 8.06098E-19 3.52030E-19 1.39036E-18 1.84865E-18
 6.07585E+02 4.69595E-18 0.00000E+00 0.00000E+00 0.00000E+00 0.00000E+00 0.00000E+00 0.00000E+00 0.00000E+00 0.00000E+00 0.00000E+00 0.00000E+00 0.00000E+00 0.00000E+00 8.15846E-19 3.51677E-19 1.38927E-18 1.84712E-18
 6.07939E+02 4.62875E-18 0.00000E+00 0.00000E+00 0.00000E+00 0.00000E+00 0.00000E+00 0.00000E+00 0.00000E+00 0.00000E+00 0.00000E+00 0.00000E+00 0.00000E+00 0.00000E+00 7.51787E-19 3.51324E-19 1.38819E-18 1.84558E-18
 6.08648E+02 4.45119E-18 0.00000E+00 0.00000E+00 0.00000E+00 0.00000E+00 0.00000E+00 0.00000E+00 0.00000E+00 0.00000E+00 0.00000E+00 0.00000E+00 0.00000E+00 0.00000E+00 5.80492E-19 3.50620E-19 1.38602E-18 1.84251E-18
 6.09358E+02 4.32078E-18 0.00000E+00 0.00000E+00 0.00000E+00 0.00000E+00 0.00000E+00 0.00000E+00 0.00000E+00 0.00000E+00 0.00000E+00 0.00000E+00 0.00000E+00 0.00000E+00 4.56345E-19 3.49918E-19 1.38385E-18 1.83945E-18
 6.10068E+02 4.23790E-18 0.00000E+00 0.00000E+00 0.00000E+00 0.00000E+00 0.00000E+00 0.00000E+00 0.00000E+00 0.00000E+00 0.00000E+00 0.00000E+00 0.00000E+00 0.00000E+00 3.79710E-19 3.49216E-19 1.38169E-18 1.83639E-18
 6.10779E+02 4.18347E-18 0.00000E+00 0.00000E+00 0.00000E+00 0.00000E+00 0.00000E+00 0.00000E+00 0.00000E+00 0.00000E+00 0.00000E+00 0.00000E+00 0.00000E+00 0.00000E+00 3.31526E-19 3.48516E-19 1.37953E-18 1.83334E-18
 6.11492E+02 4.14568E-18 0.00000E+00 0.00000E+00 0.00000E+00 0.00000E+00 0.00000E+00 0.00000E+00 0.00000E+00 0.00000E+00 0.00000E+00 0.00000E+00 0.00000E+00 0.00000E+00 2.99958E-19 3.47818E-19 1.37738E-18 1.83029E-18
 6.12918E+02 4.09689E-18 0.00000E+00 0.00000E+00 0.00000E+00 0.00000E+00 0.00000E+00 0.00000E+00 0.00000E+00 0.00000E+00 0.00000E+00 0.00000E+00 0.00000E+00 0.00000E+00 2.63201E-19 3.46817E-19 1.37308E-18 1.82421E-18
 6.14349E+02 4.06632E-18 0.00000E+00 0.00000E+00 0.00000E+00 0.00000E+00 0.00000E+00 0.00000E+00 0.00000E+00 0.00000E+00 0.00000E+00 0.00000E+00 0.00000E+00 0.00000E+00 2.44348E-19 3.46101E-19 1.36879E-18 1.81815E-18
 6.20103E+02 3.99779E-18 0.00000E+00 0.00000E+00 0.00000E+00 0.00000E+00 0.00000E+00 0.00000E+00 0.00000E+00 0.00000E+00 0.00000E+00 0.00000E+00 0.00000E+00 0.00000E+00 2.20532E-19 3.45035E-19 1.35177E-18 1.79411E-18
 6.25911E+02 3.94590E-18 0.00000E+00 0.00000E+00 0.00000E+00 0.00000E+00 0.00000E+00 0.00000E+00 0.00000E+00 0.00000E+00 0.00000E+00 0.00000E+00 0.00000E+00 0.00000E+00 2.13388E-19 3.45327E-19 1.33409E-18 1.76931E-18
 6.49692E+02 3.75163E-18 0.00000E+00 0.00000E+00 0.00000E+00 0.00000E+00 0.00000E+00 0.00000E+00 0.00000E+00 0.00000E+00 0.00000E+00 0.00000E+00 0.00000E+00 0.00000E+00 1.99318E-19 3.47579E-19 1.26189E-18 1.66907E-18
 7.00000E+02 3.40116E-18 0.00000E+00 0.00000E+00 0.00000E+00 0.00000E+00 0.00000E+00 0.00000E+00 0.00000E+00 0.00000E+00 0.00000E+00 0.00000E+00 0.00000E+00 0.00000E+00 2.03789E-19 3.54598E-19 1.11737E-18 1.47091E-18
 7.48331E+02 3.09180E-18 0.00000E+00 0.00000E+00 0.00000E+00 0.00000E+00 0.00000E+00 0.00000E+00 0.00000E+00 0.00000E+00 0.00000E+00 0.00000E+00 0.00000E+00 0.00000E+00 2.09052E-19 3.57441E-19 9.90206E-19 1.29842E-18
 8.00000E+02 2.79231E-18 0.00000E+00 0.00000E+00 0.00000E+00 0.00000E+00 0.00000E+00 0.00000E+00 0.00000E+00 0.00000E+00 0.00000E+00 0.00000E+00 0.00000E+00 0.00000E+00 2.11914E-19 3.55740E-19 8.68952E-19 1.13573E-18
 8.39000E+02 2.58516E-18 0.00000E+00 0.00000E+00 0.00000E+00 0.00000E+00 0.00000E+00 0.00000E+00 0.00000E+00 0.00000E+00 0.00000E+00 0.00000E+00 0.00000E+00 0.00000E+00 2.11837E-19 3.50984E-19 7.87488E-19 1.02700E-18
 8.39000E+02 2.85721E-18 0.00000E+00 0.00000E+00 0.00000E+00 0.00000E+00 0.00000E+00 0.00000E+00 0.00000E+00 0.00000E+00 0.00000E+00 0.00000E+00 0.00000E+00 2.72053E-19 2.11837E-19 3.50984E-19 7.87488E-19 1.02700E-18
 8.40842E+02 2.80174E-18 0.00000E+00 0.00000E+00 0.00000E+00 0.00000E+00 0.00000E+00 0.00000E+00 0.00000E+00 0.00000E+00 0.00000E+00 0.00000E+00 0.00000E+00 2.25731E-19 2.11785E-19 3.50749E-19 7.83924E-19 1.02224E-18
 8.42688E+02 2.76986E-18 0.00000E+00 0.00000E+00 0.00000E+00 0.00000E+00 0.00000E+00 0.00000E+00 0.00000E+00 0.00000E+00 0.00000E+00 0.00000E+00 0.00000E+00 2.02955E-19 2.11732E-19 3.50515E-19 7.80376E-19 1.01752E-18
 8.46393E+02 2.73022E-18 0.00000E+00 0.00000E+00 0.00000E+00 0.00000E+00 0.00000E+00 0.00000E+00 0.00000E+00 0.00000E+00 0.00000E+00 0.00000E+00 0.00000E+00 1.81400E-19 2.11627E-19 3.50048E-19 7.73329E-19 1.00812E-18
 8.53851E+02 2.68164E-18 0.00000E+00 0.00000E+00 0.00000E+00 0.00000E+00 0.00000E+00 0.00000E+00 0.00000E+00 0.00000E+00 0.00000E+00 0.00000E+00 0.00000E+00 1.69768E-19 2.11417E-19 3.49114E-19 7.58881E-19 9.88906E-19
 8.68965E+02 2.60835E-18 0.00000E+00 0.00000E+00 0.00000E+00 0.00000E+00 0.00000E+00 0.00000E+00 0.00000E+00 0.00000E+00 0.00000E+00 0.00000E+00 0.00000E+00 1.69484E-19 2.10735E-19 3.46564E-19 7.30729E-19 9.51493E-19
 9.00000E+02 2.46161E-18 0.00000E+00 0.00000E+00 0.00000E+00 0.00000E+00 0.00000E+00 0.00000E+00 0.00000E+00 0.00000E+00 0.00000E+00 0.00000E+00 0.00000E+00 1.65102E-19 2.08957E-19 3.40664E-19 6.76331E-19 8.79411E-19
 1.00000E+03 2.05051E-18 0.00000E+00 0.00000E+00 0.00000E+00 0.00000E+00 0.00000E+00 0.00000E+00 0.00000E+00 0.00000E+00 0.00000E+00 0.00000E+00 0.00000E+00 1.50207E-19 1.98927E-19 3.17266E-19 5.30256E-19 6.86760E-19
 1.00300E+03 2.03950E-18 0.00000E+00 0.00000E+00 0.00000E+00 0.00000E+00 0.00000E+00 0.00000E+00 0.00000E+00 0.00000E+00 0.00000E+00 0.00000E+00 0.00000E+00 1.49780E-19 1.98600E-19 3.16553E-19 5.26422E-19 6.81724E-19
 1.00300E+03 2.08054E-18 0.00000E+00 0.00000E+00 0.00000E+00 0.00000E+00 0.00000E+00 0.00000E+00 0.00000E+00 0.00000E+00 0.00000E+00 0.00000E+00 4.10376E-20 1.49780E-19 1.98600E-19 3.16553E-19 5.26422E-19 6.81724E-19
 1.00880E+03 2.04915E-18 0.00000E+00 0.00000E+00 0.00000E+00 0.00000E+00 0.00000E+00 0.00000E+00 0.00000E+00 0.00000E+00 0.00000E+00 0.00000E+00 3.08416E-20 1.48960E-19 1.97880E-19 3.15087E-19 5.19115E-19 6.72127E-19
 1.01464E+03 2.02596E-18 0.00000E+00 0.00000E+00 0.00000E+00 0.00000E+00 0.00000E+00 0.00000E+00 0.00000E+00 0.00000E+00 0.00000E+00 0.00000E+00 2.87779E-20 1.48144E-19 1.97102E-19 3.13501E-19 5.11910E-19 6.62665E-19
 1.02642E+03 1.98409E-18 0.00000E+00 0.00000E+00 0.00000E+00 0.00000E+00 0.00000E+00 0.00000E+00 0.00000E+00 0.00000E+00 0.00000E+00 0.00000E+00 2.85003E-20 1.46415E-19 1.95556E-19 3.10353E-19 4.97799E-19 6.44139E-19
 1.05038E+03 1.90393E-18 0.00000E+00 0.00000E+00 0.00000E+00 0.00000E+00 0.00000E+00 0.00000E+00 0.00000E+00 0.00000E+00 0.00000E+00 0.00000E+00 2.87345E-20 1.42986E-19 1.92499E-19 3.04151E-19 4.70644E-19 6.08516E-19
 1.10000E+03 1.74985E-18 0.00000E+00 0.00000E+00 0.00000E+00 0.00000E+00 0.00000E+00 0.00000E+00 0.00000E+00 0.00000E+00 0.00000E+00 0.00000E+00 2.85669E-20 1.36261E-19 1.85626E-19 2.91037E-19 4.19645E-19 5.41765E-19
 1.15300E+03 1.60188E-18 0.00000E+00 0.00000E+00 0.00000E+00 0.00000E+00 0.00000E+00 0.00000E+00 0.00000E+00 0.00000E+00 0.00000E+00 0.00000E+00 2.83155E-20 1.29443E-19 1.77934E-19 2.76827E-19 3.72172E-19 4.79748E-19
 1.15300E+03 1.63175E-18 0.00000E+00 0.00000E+00 0.00000E+00 0.00000E+00 0.00000E+00 0.00000E+00 0.00000E+00 0.00000E+00 0.00000E+00 2.98684E-20 2.83155E-20 1.29443E-19 1.77934E-19 2.76827E-19 3.72172E-19 4.79748E-19
 1.25000E+03 1.40465E-18 0.00000E+00 0.00000E+00 0.00000E+00 0.00000E+00 0.00000E+00 0.00000E+00 0.00000E+00 0.00000E+00 0.00000E+00 3.14784E-20 2.77069E-20 1.18064E-19 1.64032E-19 2.52132E-19 3.01292E-19 3.87432E-19
 1.40000E+03 1.12607E-18 0.00000E+00 0.00000E+00 0.00000E+00 0.00000E+00 0.00000E+00 0.00000E+00 0.00000E+00 0.00000E+00 0.00000E+00 2.81872E-20 2.64363E-20 1.02875E-19 1.43351E-19 2.17017E-19 2.21243E-19 2.83582E-19
 1.50000E+03 9.80932E-19 0.00000E+00 0.00000E+00 0.00000E+00 0.00000E+00 0.00000E+00 0.00000E+00 0.00000E+00 0.00000E+00 0.00000E+00 2.62203E-20 2.54626E-20 9.41581E-20 1.30727E-19 1.96232E-19 1.82186E-19 2.33087E-19
 1.75000E+03 7.14829E-19 0.00000E+00 0.00000E+00 0.00000E+00 0.00000E+00 0.00000E+00 0.00000E+00 0.00000E+00 0.00000E+00 0.00000E+00 2.19994E-20 2.28702E-20 7.63281E-20 1.03801E-19 1.53221E-19 1.16198E-19 1.48056E-19
 2.00000E+03 5.39177E-19 0.00000E+00 0.00000E+00 0.00000E+00 0.00000E+00 0.00000E+00 0.00000E+00 0.00000E+00 0.00000E+00 0.00000E+00 1.86427E-20 2.03602E-20 6.28646E-20 8.29812E-20 1.20904E-19 7.74295E-20 9.83192E-20
 2.20000E+03 4.39105E-19 0.00000E+00 0.00000E+00 0.00000E+00 0.00000E+00 0.00000E+00 0.00000E+00 0.00000E+00 0.00000E+00 0.00000E+00 1.64560E-20 1.85171E-20 5.43676E-20 6.98651E-20 1.00914E-19 5.74449E-20 7.27675E-20
 2.50000E+03 3.31870E-19 0.00000E+00 0.00000E+00 0.00000E+00 0.00000E+00 0.00000E+00 0.00000E+00 0.00000E+00 0.00000E+00 0.00000E+00 1.38163E-20 1.60815E-20 4.43947E-20 5.46673E-20 7.80990E-20 3.80738E-20 4.80714E-20
 2.99800E+03 2.21002E-19 0.00000E+00 0.00000E+00 0.00000E+00 0.00000E+00 0.00000E+00 0.00000E+00 0.00000E+00 0.00000E+00 0.00000E+00 1.06333E-20 1.28409E-20 3.27891E-20 3.75471E-20 5.28631E-20 2.07885E-20 2.61242E-20
 2.99800E+03 2.40699E-19 0.00000E+00 0.00000E+00 0.00000E+00 0.00000E+00 0.00000E+00 0.00000E+00 0.00000E+00 0.00000E+00 1.96967E-20 1.06333E-20 1.28409E-20 3.27891E-20 3.75471E-20 5.28631E-20 2.07885E-20 2.61242E-20
 3.00000E+03 4.05044E-19 0.00000E+00 0.00000E+00 0.00000E+00 0.00000E+00 0.00000E+00 0.00000E+00 0.00000E+00 0.00000E+00 1.84373E-19 1.06229E-20 1.28299E-20 3.27521E-20 3.74943E-20 5.27859E-20 2.07412E-20 2.60643E-20
 3.00205E+03 1.86606E-18 0.00000E+00 0.00000E+00 0.00000E+00 0.00000E+00 0.00000E+00 0.00000E+00 0.00000E+00 0.00000E+00 1.64573E-18 1.06123E-20 1.28187E-20 3.27142E-20 3.74403E-20 5.27070E-20 2.06928E-20 2.60030E-20
 3.00410E+03 1.59985E-18 0.00000E+00 0.00000E+00 0.00000E+00 0.00000E+00 0.00000E+00 0.00000E+00 0.00000E+00 0.00000E+00 1.37986E-18 1.06016E-20 1.28075E-20 3.26764E-20 3.73863E-20 5.26282E-20 2.06445E-20 2.59419E-20
 3.00615E+03 1.00408E-18 0.00000E+00 0.00000E+00 0.00000E+00 0.00000E+00 0.00000E+00 0.00000E+00 0.00000E+00 0.00000E+00 7.84426E-19 1.05910E-20 1.27964E-20 3.26386E-20 3.73317E-20 5.25495E-20 2.05964E-20 2.58809E-20
 3.00820E+03 8.13843E-19 0.00000E+00 0.00000E+00 0.00000E+00 0.00000E+00 0.00000E+00 0.00000E+00 0.00000E+00 0.00000E+00 5.94530E-19 1.05804E-20 1.27852E-20 3.26009E-20 3.72760E-20 5.24685E-20 2.05483E-20 2.58200E-20
 3.01026E+03 7.36991E-19 0.00000E+00 0.00000E+00 0.00000E+00 0.00000E+00 0.00000E+00 0.00000E+00 0.00000E+00 0.00000E+00 5.18020E-19 1.05698E-20 1.27739E-20 3.25632E-20 3.72205E-20 5.23875E-20 2.05003E-20 2.57593E-20
 3.01232E+03 7.00364E-19 0.00000E+00 0.00000E+00 0.00000E+00 0.00000E+00 0.00000E+00 0.00000E+00 0.00000E+00 0.00000E+00 4.81735E-19 1.05593E-20 1.27622E-20 3.25255E-20 3.71650E-20 5.23067E-20 2.04525E-20 2.56987E-20
 3.01437E+03 6.80438E-19 0.00000E+00 0.00000E+00 0.00000E+00 0.00000E+00 0.00000E+00 0.00000E+00 0.00000E+00 0.00000E+00 4.62149E-19 1.05487E-20 1.27505E-20 3.24879E-20 3.71096E-20 5.22259E-20 2.04048E-20 2.56383E-20
 3.01643E+03 6.67149E-19 0.00000E+00 0.00000E+00 0.00000E+00 0.00000E+00 0.00000E+00 0.00000E+00 0.00000E+00 0.00000E+00 4.49200E-19 1.05381E-20 1.27388E-20 3.24502E-20 3.70542E-20 5.21453E-20 2.03571E-20 2.55780E-20
 3.02468E+03 6.28260E-19 0.00000E+00 0.00000E+00 0.00000E+00 0.00000E+00 0.00000E+00 0.00000E+00 0.00000E+00 0.00000E+00 4.11671E-19 1.04956E-20 1.26922E-20 3.22966E-20 3.68338E-20 5.18240E-20 2.01678E-20 2.53382E-20
 3.03295E+03 5.96960E-19 0.00000E+00 0.00000E+00 0.00000E+00 0.00000E+00 0.00000E+00 0.00000E+00 0.00000E+00 0.00000E+00 3.81722E-19 1.04522E-20 1.26458E-20 3.21438E-20 3.66146E-20 5.15047E-20 1.99801E-20 2.51007E-20
 3.03710E+03 5.85861E-19 0.00000E+00 0.00000E+00 0.00000E+00 0.00000E+00 0.00000E+00 0.00000E+00 0.00000E+00 0.00000E+00 3.71296E-19 1.04305E-20 1.26226E-20 3.20676E-20 3.65055E-20 5.13458E-20 1.98870E-20 2.49828E-20
 3.04125E+03 5.77785E-19 0.00000E+00 0.00000E+00 0.00000E+00 0.00000E+00 0.00000E+00 0.00000E+00 0.00000E+00 0.00000E+00 3.63889E-19 1.04090E-20 1.25995E-20 3.19916E-20 3.63967E-20 5.11874E-20 1.97943E-20 2.48654E-20
 3.04957E+03 5.66779E-19 0.00000E+00 0.00000E+00 0.00000E+00 0.00000E+00 0.00000E+00 0.00000E+00 0.00000E+00 0.00000E+00 3.54217E-19 1.03659E-20 1.25534E-20 3.18402E-20 3.61802E-20 5.08721E-20 1.96101E-20 2.46323E-20
 3.06627E+03 5.51915E-19 0.00000E+00 0.00000E+00 0.00000E+00 0.00000E+00 0.00000E+00 0.00000E+00 0.00000E+00 0.00000E+00 3.41992E-19 1.02804E-20 1.24617E-20 3.15395E-20 3.57509E-20 5.02471E-20 1.92470E-20 2.41727E-20
 3.08306E+03 5.38637E-19 0.00000E+00 0.00000E+00 0.00000E+00 0.00000E+00 0.00000E+00 0.00000E+00 0.00000E+00 0.00000E+00 3.31318E-19 1.01956E-20 1.23707E-20 3.12417E-20 3.53267E-20 4.96299E-20 1.88905E-20 2.37217E-20
 3.09995E+03 5.28227E-19 0.00000E+00 0.00000E+00 0.00000E+00 0.00000E+00 0.00000E+00 0.00000E+00 0.00000E+00 0.00000E+00 3.23477E-19 1.01115E-20 1.22804E-20 3.09466E-20 3.49076E-20 4.90203E-20 1.85407E-20 2.32790E-20
 3.13400E+03 5.12361E-19 0.00000E+00 0.00000E+00 0.00000E+00 0.00000E+00 0.00000E+00 0.00000E+00 0.00000E+00 0.00000E+00 3.12646E-19 9.94529E-21 1.21017E-20 3.03649E-20 3.40842E-20 4.78233E-20 1.78603E-20 2.24184E-20
 3.13400E+03 5.27584E-19 0.00000E+00 0.00000E+00 0.00000E+00 0.00000E+00 0.00000E+00 0.00000E+00 0.00000E+00 1.52231E-20 3.12646E-19 9.94528E-21 1.21017E-20 3.03649E-20 3.40841E-20 4.78233E-20 1.78603E-20 2.24184E-20
 3.13671E+03 8.63406E-19 0.00000E+00 0.00000E+00 0.00000E+00 0.00000E+00 0.00000E+00 0.00000E+00 0.00000E+00 3.52279E-19 3.11805E-19 9.93228E-21 1.20877E-20 3.03194E-20 3.40199E-20 4.77300E-20 1.78077E-20 2.23518E-20
 3.13941E+03 1.60291E-18 0.00000E+00 0.00000E+00 0.00000E+00 0.00000E+00 0.00000E+00 0.00000E+00 0.00000E+00 1.09301E-18 3.10966E-19 9.91928E-21 1.20737E-20 3.02740E-20 3.39559E-20 4.76369E-20 1.77552E-20 2.22854E-20
 3.14212E+03 9.83970E-19 0.00000E+00 0.00000E+00 0.00000E+00 0.00000E+00 0.00000E+00 0.00000E+00 0.00000E+00 4.75299E-19 3.10129E-19 9.90631E-21 1.20597E-20 3.02286E-20 3.38919E-20 4.75440E-20 1.77028E-20 2.22191E-20
 3.14484E+03 8.55788E-19 0.00000E+00 0.00000E+00 0.00000E+00 0.00000E+00 0.00000E+00 0.00000E+00 0.00000E+00 3.48341E-19 3.09295E-19 9.89335E-21 1.20457E-20 3.01834E-20 3.38280E-20 4.74513E-20 1.76506E-20 2.21531E-20
 3.14755E+03 8.14179E-19 0.00000E+00 0.00000E+00 0.00000E+00 0.00000E+00 0.00000E+00 0.00000E+00 0.00000E+00 3.07944E-19 3.08471E-19 9.88041E-21 1.20318E-20 3.01381E-20 3.37643E-20 4.73587E-20 1.75986E-20 2.20873E-20
 3.15027E+03 7.96081E-19 0.00000E+00 0.00000E+00 0.00000E+00 0.00000E+00 0.00000E+00 0.00000E+00 0.00000E+00 2.90979E-19 3.07727E-19 9.86749E-21 1.20179E-20 3.00930E-20 3.37007E-20 4.72663E-20 1.75467E-20 2.20217E-20
 3.15571E+03 7.76094E-19 0.00000E+00 0.00000E+00 0.00000E+00 0.00000E+00 0.00000E+00 0.00000E+00 0.00000E+00 2.73247E-19 3.06245E-19 9.84169E-21 1.19901E-20 3.00029E-20 3.35739E-20 4.70821E-20 1.74433E-20 2.18910E-20
 3.16662E+03 7.43745E-19 0.00000E+00 0.00000E+00 0.00000E+00 0.00000E+00 0.00000E+00 0.00000E+00 0.00000E+00 2.45379E-19 3.03301E-19 9.79030E-21 1.19347E-20 2.98236E-20 3.33216E-20 4.67158E-20 1.72385E-20 2.16320E-20
 3.17209E+03 7.32007E-19 0.00000E+00 0.00000E+00 0.00000E+00 0.00000E+00 0.00000E+00 0.00000E+00 0.00000E+00 2.35866E-19 3.01839E-19 9.76470E-21 1.19070E-20 2.97343E-20 3.31962E-20 4.65337E-20 1.71370E-20 2.15036E-20
 3.17757E+03 7.23541E-19 0.00000E+00 0.00000E+00 0.00000E+00 0.00000E+00 0.00000E+00 0.00000E+00 0.00000E+00 2.29615E-19 3.00385E-19 9.73917E-21 1.18795E-20 2.96453E-20 3.30712E-20 4.63523E-20 1.70361E-20 2.13760E-20
 3.22175E+03 6.86365E-19 0.00000E+00 0.00000E+00 0.00000E+00 0.00000E+00 0.00000E+00 0.00000E+00 0.00000E+00 2.08913E-19 2.89878E-19 9.53733E-21 1.16614E-20 2.89427E-20 3.20884E-20 4.49266E-20 1.62499E-20 2.03822E-20
 3.31195E+03 6.37337E-19 0.00000E+00 0.00000E+00 0.00000E+00 0.00000E+00 0.00000E+00 0.00000E+00 0.00000E+00 1.91597E-19 2.69677E-19 9.14612E-21 1.12255E-20 2.75692E-20 3.01696E-20 4.21514E-20 1.47677E-20 1.85094E-20
 3.50000E+03 5.54930E-19 0.00000E+00 0.00000E+00 0.00000E+00 0.00000E+00 0.00000E+00 0.00000E+00 0.00000E+00 1.66547E-19 2.33228E-19 8.41117E-21 1.03919E-20 2.49938E-20 2.66437E-20 3.70681E-20 1.21897E-20 1.52556E-20
 3.66600E+03 4.92799E-19 0.00000E+00 0.00000E+00 0.00000E+00 0.00000E+00 0.00000E+00 0.00000E+00 0.00000E+00 1.47683E-19 2.05842E-19 7.82355E-21 9.71920E-21 2.29856E-20 2.39410E-20 3.31531E-20 1.03445E-20 1.29299E-20
 3.66600E+03 6.35635E-19 0.00000E+00 0.00000E+00 0.00000E+00 0.00000E+00 0.00000E+00 0.00000E+00 1.42835E-19 1.47683E-19 2.05842E-19 7.82355E-21 9.71919E-21 2.29856E-20 2.39410E-20 3.31531E-20 1.03445E-20 1.29299E-20
 3.66850E+03 5.99324E-19 0.00000E+00 0.00000E+00 0.00000E+00 0.00000E+00 0.00000E+00 0.00000E+00 1.07383E-19 1.47422E-19 2.05465E-19 7.81519E-21 9.70962E-21 2.29573E-20 2.39033E-20 3.30987E-20 1.03196E-20 1.28985E-20
 3.67100E+03 5.88558E-19 0.00000E+00 0.00000E+00 0.00000E+00 0.00000E+00 0.00000E+00 0.00000E+00 9.74742E-20 1.47162E-19 2.05088E-19 7.80683E-21 9.70005E-21 2.29290E-20 2.38658E-20 3.30443E-20 1.02947E-20 1.28672E-20
 3.67350E+03 5.77808E-19 0.00000E+00 0.00000E+00 0.00000E+00 0.00000E+00 0.00000E+00 0.00000E+00 8.75801E-20 1.46902E-19 2.04711E-19 7.79849E-21 9.69049E-21 2.29007E-20 2.38282E-20 3.29901E-20 1.02699E-20 1.28359E-20
 3.67600E+03 5.72779E-19 0.00000E+00 0.00000E+00 0.00000E+00 0.00000E+00 0.00000E+00 0.00000E+00 8.34045E-20 1.46643E-19 2.04336E-19 7.79015E-21 9.68094E-21 2.28725E-20 2.37908E-20 3.29359E-20 1.02452E-20 1.28047E-20
 3.68101E+03 5.68674E-19 0.00000E+00 0.00000E+00 0.00000E+00 0.00000E+00 0.00000E+00 0.00000E+00 8.10028E-20 1.46125E-19 2.03587E-19 7.77351E-21 9.66187E-21 2.28161E-20 2.37160E-20 3.28278E-20 1.01958E-20 1.27426E-20
 3.68603E+03 5.67213E-19 0.00000E+00 0.00000E+00 0.00000E+00 0.00000E+00 0.00000E+00 0.00000E+00 8.12399E-20 1.45610E-19 2.02841E-19 7.75690E-21 9.64284E-21 2.27599E-20 2.36415E-20 3.27201E-20 1.01468E-20 1.26808E-20
 3.70617E+03 5.61556E-19 0.00000E+00 0.00000E+00 0.00000E+00 0.00000E+00 0.00000E+00 0.00000E+00 8.23115E-20 1.43566E-19 1.99883E-19 7.69081E-21 9.56709E-21 2.25364E-20 2.33457E-20 3.22928E-20 9.95277E-21 1.24365E-20
 3.74679E+03 5.47134E-19 0.00000E+00 0.00000E+00 0.00000E+00 0.00000E+00 0.00000E+00 0.00000E+00 8.11099E-20 1.39537E-19 1.94078E-19 7.56031E-21 9.41736E-21 2.20959E-20 2.27652E-20 3.14549E-20 9.57586E-21 1.19620E-20
 3.82936E+03 5.18859E-19 0.00000E+00 0.00000E+00 0.00000E+00 0.00000E+00 0.00000E+00 0.00000E+00 7.85692E-20 1.31663E-19 1.82765E-19 7.30593E-21 9.11637E-21 2.12278E-20 2.16216E-20 2.98437E-20 8.86432E-21 1.10665E-20
 4.00000E+03 4.66328E-19 0.00000E+00 0.00000E+00 0.00000E+00 0.00000E+00 0.00000E+00 0.00000E+00 7.32574E-20 1.17216E-19 1.62077E-19 6.82256E-21 8.54198E-21 1.95890E-20 1.95038E-20 2.68647E-20 7.59567E-21 9.47134E-21
 4.32400E+03 3.83938E-19 0.00000E+00 0.00000E+00 0.00000E+00 0.00000E+00 0.00000E+00 0.00000E+00 6.42912E-20 9.47555E-20 1.30224E-19 6.01781E-21 7.57024E-21 1.69145E-20 1.61347E-20 2.20986E-20 5.72884E-21 7.12814E-21
 4.32400E+03 4.25089E-19 0.00000E+00 0.00000E+00 0.00000E+00 0.00000E+00 0.00000E+00 4.11509E-20 6.42912E-20 9.47555E-20 1.30224E-19 6.01781E-21 7.57024E-21 1.69145E-20 1.61347E-20 2.20986E-20 5.72884E-21 7.12814E-21
 4.32670E+03 4.13563E-19 0.00000E+00 0.00000E+00 0.00000E+00 0.00000E+00 0.00000E+00 3.02258E-20 6.42223E-20 9.45925E-20 1.29994E-19 6.01176E-21 7.56291E-21 1.68946E-20 1.61102E-20 2.20641E-20 5.71592E-21 7.11195E-21
 4.32939E+03 4.10810E-19 0.00000E+00 0.00000E+00 0.00000E+00 0.00000E+00 0.00000E+00 2.80722E-20 6.41535E-20 9.44299E-20 1.29764E-19 6.00571E-21 7.55560E-21 1.68748E-20 1.60858E-20 2.20296E-20 5.70303E-21 7.09579E-21
 4.33209E+03 4.06977E-19 0.00000E+00 0.00000E+00 0.00000E+00 0.00000E+00 0.00000E+00 2.48374E-20 6.40847E-20 9.42675E-20 1.29535E-19 5.99967E-21 7.54829E-21 1.68549E-20 1.60614E-20 2.19952E-20 5.69017E-21 7.07966E-21
 4.33480E+03 4.05333E-19 0.00000E+00 0.00000E+00 0.00000E+00 0.00000E+00 0.00000E+00 2.37920E-20 6.40160E-20 9.41053E-20 1.29306E-19 5.99363E-21 7.54099E-21 1.68351E-20 1.60370E-20 2.19608E-20 5.67734E-21 7.06358E-21
 4.34562E+03 4.02738E-19 0.00000E+00 0.00000E+00 0.00000E+00 0.00000E+00 0.00000E+00 2.35777E-20 6.37420E-20 9.34596E-20 1.28394E-19 5.96955E-21 7.51185E-21 1.67561E-20 1.59399E-20 2.18238E-20 5.62630E-21 6.99960E-21
 4.36734E+03 3.98226E-19 0.00000E+00 0.00000E+00 0.00000E+00 0.00000E+00 0.00000E+00 2.37800E-20 6.31975E-20 9.21814E-20 1.26589E-19 5.92167E-21 7.45392E-21 1.65991E-20 1.57474E-20 2.15524E-20 5.52560E-21 6.87337E-21
 4.41112E+03 3.88822E-19 0.00000E+00 0.00000E+00 0.00000E+00 0.00000E+00 0.00000E+00 2.36239E-20 6.21225E-20 8.96772E-20 1.23055E-19 5.82707E-21 7.33939E-21 1.62896E-20 1.53694E-20 2.10196E-20 5.32957E-21 6.62769E-21
 4.50000E+03 3.70572E-19 0.00000E+00 0.00000E+00 0.00000E+00 0.00000E+00 0.00000E+00 2.31705E-20 6.00269E-20 8.48663E-20 1.16279E-19 5.64238E-21 7.11559E-21 1.56878E-20 1.46404E-20 1.99933E-20 4.95800E-21 6.16221E-21
 4.65200E+03 3.41531E-19 0.00000E+00 0.00000E+00 0.00000E+00 0.00000E+00 0.00000E+00 2.23311E-20 5.66115E-20 7.72992E-20 1.05644E-19 5.34201E-21 6.74361E-21 1.47114E-20 1.34666E-20 1.83459E-20 4.38612E-21 5.44613E-21
 4.65200E+03 3.55066E-19 0.00000E+00 0.00000E+00 0.00000E+00 0.00000E+00 1.35347E-20 2.23311E-20 5.66114E-20 7.72992E-20 1.05644E-19 5.34201E-21 6.74361E-21 1.47114E-20 1.34666E-20 1.83459E-20 4.38612E-21 5.44613E-21
 4.66250E+03 3.55141E-19 0.00000E+00 0.00000E+00 0.00000E+00 0.00000E+00 1.54953E-20 2.22728E-20 5.63859E-20 7.68109E-20 1.04958E-19 5.32214E-21 6.71902E-21 1.46472E-20 1.33904E-20 1.82390E-20 4.34979E-21 5.40067E-21
 4.67302E+03 3.53110E-19 0.00000E+00 0.00000E+00 0.00000E+00 0.00000E+00 1.53381E-20 2.22146E-20 5.61613E-20 7.63256E-20 1.04277E-19 5.30236E-21 6.69452E-21 1.45833E-20 1.33146E-20 1.81328E-20 4.31376E-21 5.35558E-21
 4.69414E+03 3.49099E-19 0.00000E+00 0.00000E+00 0.00000E+00 0.00000E+00 1.50424E-20 2.20987E-20 5.57147E-20 7.53642E-20 1.02929E-19 5.26300E-21 6.64578E-21 1.44563E-20 1.31642E-20 1.79221E-20 4.24260E-21 5.26654E-21
 4.73666E+03 3.41688E-19 0.00000E+00 0.00000E+00 0.00000E+00 0.00000E+00 1.49330E-20 2.18687E-20 5.48321E-20 7.34776E-20 1.00283E-19 5.18516E-21 6.54936E-21 1.42056E-20 1.28686E-20 1.75080E-20 4.10378E-21 5.09286E-21
 4.82286E+03 3.27206E-19 0.00000E+00 0.00000E+00 0.00000E+00 0.00000E+00 1.45933E-20 2.13970E-20 5.30846E-20 6.98449E-20 9.51942E-20 5.03293E-21 6.36069E-21 1.37171E-20 1.22971E-20 1.67084E-20 3.83962E-21 4.76251E-21
 5.00000E+03 3.00126E-19 0.00000E+00 0.00000E+00 0.00000E+00 0.00000E+00 1.39271E-20 2.04749E-20 4.97327E-20 6.31056E-20 8.57775E-20 4.74173E-21 5.99952E-21 1.27899E-20 1.12292E-20 1.52171E-20 3.36113E-21 4.16462E-21
 5.50000E+03 2.38104E-19 0.00000E+00 0.00000E+00 0.00000E+00 0.00000E+00 1.22458E-20 1.80441E-20 4.16670E-20 4.79935E-20 6.47740E-20 4.03940E-21 5.11283E-21 1.05842E-20 8.77285E-21 1.18058E-20 2.35103E-21 2.90501E-21
 6.00000E+03 1.92361E-19 0.00000E+00 0.00000E+00 0.00000E+00 0.00000E+00 1.08273E-20 1.59289E-20 3.52679E-20 3.72054E-20 4.98887E-20 3.48127E-21 4.39810E-21 8.87214E-21 6.96429E-21 9.31282E-21 1.68858E-21 2.08098E-21
 7.00000E+03 1.31277E-19 0.00000E+00 0.00000E+00 0.00000E+00 0.00000E+00 8.60877E-21 1.25348E-20 2.59376E-20 2.34442E-20 3.10822E-20 2.66017E-21 3.33408E-21 6.43491E-21 4.56965E-21 6.04144E-21 9.29565E-22 1.14008E-21
 8.00000E+03 9.39329E-20 0.00000E+00 0.00000E+00 0.00000E+00 0.00000E+00 6.98203E-21 1.00067E-20 1.96393E-20 1.55530E-20 2.04182E-20 2.09605E-21 2.59654E-21 4.82943E-21 3.13353E-21 4.10166E-21 5.48455E-22 6.69716E-22
 9.00000E+03 6.97420E-20 0.00000E+00 0.00000E+00 0.00000E+00 0.00000E+00 5.76055E-21 8.10261E-21 1.52299E-20 1.07501E-20 1.39896E-20 1.69196E-21 2.06712E-21 3.72450E-21 2.22621E-21 2.88797E-21 3.41702E-22 4.15601E-22
 1.00000E+04 5.33382E-20 0.00000E+00 0.00000E+00 0.00000E+00 0.00000E+00 4.82314E-21 6.64814E-21 1.20503E-20 7.68326E-21 9.91910E-21 1.39268E-21 1.67598E-21 2.93673E-21 1.62833E-21 2.09515E-21 2.22493E-22 2.69593E-22
 1.10000E+04 4.17936E-20 0.00000E+00 0.00000E+00 0.00000E+00 0.00000E+00 4.08960E-21 5.52096E-21 9.69911E-21 5.64559E-21 7.23500E-21 1.16502E-21 1.38003E-21 2.35869E-21 1.22037E-21 1.55849E-21 1.50229E-22 1.81417E-22
 1.25000E+04 3.00761E-20 0.00000E+00 0.00000E+00 0.00000E+00 0.00000E+00 3.25818E-21 4.26293E-21 7.19495E-21 3.71073E-21 4.70745E-21 9.13797E-22 1.05640E-21 1.74703E-21 8.22437E-22 1.03949E-21 8.81468E-23 1.05927E-22
 1.40000E+04 2.24300E-20 0.00000E+00 0.00000E+00 0.00000E+00 0.00000E+00 2.64960E-21 3.36121E-21 5.48288E-21 2.54290E-21 3.19639E-21 7.34373E-22 8.28426E-22 1.33097E-21 5.75438E-22 7.20529E-22 5.46088E-23 6.53369E-23
 1.50000E+04 1.87485E-20 0.00000E+00 0.00000E+00 0.00000E+00 0.00000E+00 2.33089E-21 2.89792E-21 4.63244E-21 2.01496E-21 2.51838E-21 6.41922E-22 7.12482E-22 1.12484E-21 4.61510E-22 5.74509E-22 4.06938E-23 4.85477E-23
 1.50280E+04 1.86575E-20 0.00000E+00 0.00000E+00 0.00000E+00 0.00000E+00 2.32283E-21 2.88618E-21 4.61130E-21 2.00216E-21 2.50199E-21 6.39584E-22 7.09541E-22 1.11970E-21 4.58727E-22 5.70956E-22 4.03679E-23 4.81551E-23
 1.50280E+04 6.60261E-20 0.00000E+00 0.00000E+00 0.00000E+00 4.73687E-20 2.32283E-21 2.88618E-21 4.61130E-21 2.00216E-21 2.50199E-21 6.39584E-22 7.09541E-22 1.11970E-21 4.58727E-22 5.70956E-22 4.03679E-23 4.81551E-23
 1.50369E+04 4.59293E-20 0.00000E+00 0.00000E+00 0.00000E+00 2.73010E-20 2.32023E-21 2.88242E-21 4.60451E-21 1.99809E-21 2.49678E-21 6.38833E-22 7.08599E-22 1.11804E-21 4.57840E-22 5.69822E-22 4.02645E-23 4.80306E-23
 1.50459E+04 4.47611E-20 0.00000E+00 0.00000E+00 0.00000E+00 2.61619E-20 2.31761E-21 2.87867E-21 4.59772E-21 1.99404E-21 2.49158E-21 6.38082E-22 7.07658E-22 1.11639E-21 4.56955E-22 5.68691E-22 4.01614E-23 4.79064E-23
 1.50548E+04 4.52061E-20 0.00000E+00 0.00000E+00 0.00000E+00 2.66359E-20 2.31500E-21 2.87492E-21 4.59095E-21 1.98999E-21 2.48640E-21 6.37332E-22 7.06718E-22 1.11474E-21 4.56072E-22 5.67562E-22 4.00585E-23 4.77824E-23
 1.50638E+04 4.53788E-20 0.00000E+00 0.00000E+00 0.00000E+00 2.68376E-20 2.31239E-21 2.87118E-21 4.58418E-21 1.98595E-21 2.48122E-21 6.36583E-22 7.05779E-22 1.11309E-21 4.55190E-22 5.66436E-22 3.99559E-23 4.76589E-23
 1.50817E+04 4.51347E-20 0.00000E+00 0.00000E+00 0.00000E+00 2.66514E-20 2.30717E-21 2.86370E-21 4.57068E-21 1.97789E-21 2.47090E-21 6.35088E-22 7.03905E-22 1.10980E-21 4.53431E-22 5.64189E-22 3.97515E-23 4.74126E-23
 1.50997E+04 4.50667E-20 0.00000E+00 0.00000E+00 0.00000E+00 2.66411E-20 2.30197E-21 2.85625E-21 4.55722E-21 1.96986E-21 2.46063E-21 6.33596E-22 7.02037E-22 1.10652E-21 4.51680E-22 5.61952E-22 3.95481E-23 4.71677E-23
 1.51717E+04 4.46621E-20 0.00000E+00 0.00000E+00 0.00000E+00 2.64653E-20 2.28127E-21 2.82662E-21 4.50377E-21 1.93809E-21 2.41995E-21 6.27664E-22 6.94611E-22 1.09350E-21 4.44741E-22 5.53090E-22 3.87450E-23 4.62005E-23
 1.53168E+04 4.36122E-20 0.00000E+00 0.00000E+00 0.00000E+00 2.58641E-20 2.24044E-21 2.76830E-21 4.39875E-21 1.87607E-21 2.34061E-21 6.15967E-22 6.79996E-22 1.06793E-21 4.31181E-22 5.35784E-22 3.71873E-23 4.43252E-23
 1.56112E+04 4.14635E-20 0.00000E+00 0.00000E+00 0.00000E+00 2.45785E-20 2.16095E-21 2.65522E-21 4.19599E-21 1.75793E-21 2.18964E-21 5.93221E-22 6.51680E-22 1.01855E-21 4.05288E-22 5.02779E-22 3.42574E-23 4.07999E-23
 1.62170E+04 3.74430E-20 0.00000E+00 0.00000E+00 0.00000E+00 2.21546E-20 2.01033E-21 2.44272E-21 3.81808E-21 1.54349E-21 1.91628E-21 5.50219E-22 5.98537E-22 9.26540E-22 3.58074E-22 4.42743E-22 2.90718E-23 3.45681E-23
 1.75000E+04 3.04953E-20 0.00000E+00 0.00000E+00 0.00000E+00 1.79588E-20 1.73985E-21 2.06092E-21 3.15259E-21 1.18989E-21 1.46768E-21 4.73340E-22 5.04899E-22 7.66704E-22 2.79507E-22 3.43322E-22 2.09366E-23 2.48146E-23
 1.79030E+04 2.86556E-20 0.00000E+00 0.00000E+00 0.00000E+00 1.68509E-20 1.66461E-21 1.95646E-21 2.97398E-21 1.09947E-21 1.35340E-21 4.52182E-22 4.79204E-22 7.23544E-22 2.59156E-22 3.17674E-22 1.89542E-23 2.24421E-23
 1.79030E+04 4.88978E-20 0.00000E+00 0.00000E+00 2.02422E-20 1.68508E-20 1.66461E-21 1.95646E-21 2.97398E-21 1.09947E-21 1.35340E-21 4.52182E-22 4.79204E-22 7.23544E-22 2.59156E-22 3.17674E-22 1.89542E-23 2.24421E-23
 1.79142E+04 3.96979E-20 0.00000E+00 0.00000E+00 1.10914E-20 1.68213E-20 1.66257E-21 1.95365E-21 2.96920E-21 1.09707E-21 1.35038E-21 4.51611E-22 4.78513E-22 7.22388E-22 2.58616E-22 3.16994E-22 1.89023E-23 2.23800E-23
 1.79255E+04 3.96989E-20 0.00000E+00 0.00000E+00 1.11414E-20 1.67918E-20 1.66054E-21 1.95085E-21 2.96442E-21 1.09468E-21 1.34737E-21 4.51042E-22 4.77824E-22 7.21234E-22 2.58077E-22 3.16316E-22 1.88505E-23 2.23181E-23
 1.79368E+04 3.98203E-20 0.00000E+00 0.00000E+00 1.13117E-20 1.67623E-20 1.65852E-21 1.94805E-21 2.95965E-21 1.09230E-21 1.34436E-21 4.50473E-22 4.77136E-22 7.20081E-22 2.57539E-22 3.15639E-22 1.87989E-23 2.22563E-23
 1.79480E+04 3.97319E-20 0.00000E+00 0.00000E+00 1.12723E-20 1.67329E-20 1.65649E-21 1.94526E-21 2.95489E-21 1.08992E-21 1.34136E-21 4.49905E-22 4.76449E-22 7.18930E-22 2.57003E-22 3.14964E-22 1.87474E-23 2.21947E-23
 1.79931E+04 3.95494E-20 0.00000E+00 0.00000E+00 1.12843E-20 1.66158E-20 1.64842E-21 1.93412E-21 2.93593E-21 1.08046E-21 1.32942E-21 4.47639E-22 4.73710E-22 7.14346E-22 2.54868E-22 3.12277E-22 1.85428E-23 2.19500E-23
 1.80837E+04 3.90641E-20 0.00000E+00 0.00000E+00 1.11840E-20 1.63840E-20 1.63239E-21 1.91204E-21 2.89836E-21 1.06179E-21 1.30586E-21 4.43141E-22 4.68279E-22 7.05265E-22 2.50652E-22 3.06972E-22 1.81403E-23 2.14688E-23
 1.82663E+04 3.80531E-20 0.00000E+00 0.00000E+00 1.09273E-20 1.59301E-20 1.60079E-21 1.86863E-21 2.82465E-21 1.02540E-21 1.25998E-21 4.34282E-22 4.57604E-22 6.87448E-22 2.42427E-22 2.96631E-22 1.73614E-23 2.05377E-23
 1.86370E+04 3.60896E-20 0.00000E+00 0.00000E+00 1.04104E-20 1.50597E-20 1.53942E-21 1.78475E-21 2.68282E-21 9.56330E-22 1.17300E-21 4.17090E-22 4.36979E-22 6.53152E-22 2.26779E-22 2.76982E-22 1.59025E-23 1.87949E-23
 1.86370E+04 4.11742E-20 0.00000E+00 5.08464E-21 1.04104E-20 1.50597E-20 1.53942E-21 1.78475E-21 2.68282E-21 9.56330E-22 1.17300E-21 4.17090E-22 4.36979E-22 6.53152E-22 2.26779E-22 2.76982E-22 1.59025E-23 1.87949E-23
 1.86473E+04 4.18267E-20 0.00000E+00 5.78979E-21 1.03964E-20 1.50365E-20 1.53777E-21 1.78250E-21 2.67903E-21 9.54501E-22 1.17070E-21 4.16628E-22 4.36426E-22 6.52235E-22 2.26364E-22 2.76461E-22 1.58642E-23 1.87492E-23
 1.86576E+04 4.17431E-20 0.00000E+00 5.75872E-21 1.03823E-20 1.50133E-20 1.53612E-21 1.78026E-21 2.67525E-21 9.52676E-22 1.16841E-21 4.16167E-22 4.35874E-22 6.51320E-22 2.25950E-22 2.75942E-22 1.58260E-23 1.87036E-23
 1.86782E+04 4.15413E-20 0.00000E+00 5.66180E-21 1.03543E-20 1.49671E-20 1.53283E-21 1.77577E-21 2.66769E-21 9.49035E-22 1.16383E-21 4.15245E-22 4.34772E-22 6.49492E-22 2.25124E-22 2.74905E-22 1.57500E-23 1.86128E-23
 1.87194E+04 4.13407E-20 0.00000E+00 5.67007E-21 1.02985E-20 1.48750E-20 1.52626E-21 1.76684E-21 2.65265E-21 9.41797E-22 1.15472E-21 4.13407E-22 4.32576E-22 6.45853E-22 2.23480E-22 2.72845E-22 1.55989E-23 1.84325E-23
 1.88022E+04 4.08853E-20 0.00000E+00 5.62875E-21 1.01877E-20 1.46926E-20 1.51322E-21 1.74911E-21 2.62281E-21 9.27484E-22 1.13673E-21 4.09757E-22 4.28217E-22 6.38636E-22 2.20230E-22 2.68769E-22 1.53011E-23 1.80770E-23
 1.89688E+04 3.99907E-20 0.00000E+00 5.54874E-21 9.96856E-21 1.43345E-20 1.48746E-21 1.71419E-21 2.56413E-21 8.99509E-22 1.10158E-21 4.02553E-22 4.19631E-22 6.24443E-22 2.13870E-22 2.60800E-22 1.47225E-23 1.73866E-23
 1.93065E+04 3.82534E-20 0.00000E+00 5.38648E-21 9.54172E-21 1.36442E-20 1.43725E-21 1.64641E-21 2.45070E-21 8.46065E-22 1.03450E-21 3.88522E-22 4.02972E-22 5.96997E-22 2.01696E-22 2.45564E-22 1.36302E-23 1.60838E-23
 2.00000E+04 3.50003E-20 0.00000E+00 5.07013E-21 8.73977E-21 1.23616E-20 1.34187E-21 1.51879E-21 2.23866E-21 7.48505E-22 9.12347E-22 3.61911E-22 3.71611E-22 5.45669E-22 1.79387E-22 2.17710E-22 1.16825E-23 1.37637E-23
 2.20000E+04 2.74622E-20 0.00000E+00 4.29443E-21 6.87651E-21 9.42456E-21 1.11093E-21 1.21499E-21 1.74482E-21 5.35557E-22 6.47121E-22 2.98038E-22 2.97236E-22 4.26121E-22 1.30069E-22 1.56473E-22 7.67273E-24 8.99916E-24
 2.50000E+04 1.97660E-20 0.00000E+00 3.40810E-21 4.94614E-21 6.51682E-21 8.58516E-22 8.94795E-22 1.24133E-21 3.40207E-22 4.06153E-22 2.28906E-22 2.19028E-22 3.04055E-22 8.40021E-23 9.98295E-23 4.34534E-24 5.06412E-24
 3.00000E+04 1.22961E-20 0.00000E+00 2.41323E-21 3.05443E-21 3.81545E-21 5.89411E-22 5.71436E-22 7.55006E-22 1.76580E-22 2.07044E-22 1.56025E-22 1.40152E-22 1.85783E-22 4.45265E-23 5.19678E-23 1.91617E-24 2.21201E-24
 3.50000E+04 8.19495E-21 0.00000E+00 1.77981E-21 2.01325E-21 2.40737E-21 4.25650E-22 3.87110E-22 4.90913E-22 1.00691E-22 1.16209E-22 1.12123E-22 9.51768E-23 1.21292E-22 2.57958E-23 2.96304E-23 9.53657E-25 1.09151E-24
 4.00000E+04 5.74980E-21 0.00000E+00 1.35537E-21 1.39454E-21 1.60679E-21 3.19328E-22 2.74354E-22 3.35768E-22 6.16079E-23 7.00965E-23 8.38213E-23 6.76199E-23 8.32570E-23 1.59807E-23 1.80957E-23 5.19479E-25 5.89976E-25
 4.50000E+04 4.19820E-21 0.00000E+00 1.05907E-21 1.00458E-21 1.12059E-21 2.46805E-22 2.01495E-22 2.38966E-22 3.98194E-23 4.47199E-23 6.46177E-23 4.97806E-23 5.94420E-23 1.04334E-23 1.16619E-23 3.03460E-25 3.42206E-25
 5.00000E+04 3.16435E-21 0.00000E+00 8.45289E-22 7.46974E-22 8.09568E-22 1.95376E-22 1.52322E-22 1.75620E-22 2.68886E-23 2.98428E-23 5.10540E-23 3.77175E-23 4.38076E-23 7.10505E-24 7.84779E-24 1.87427E-25 2.09968E-25
 5.50000E+04 2.44787E-21 0.00000E+00 6.86779E-22 5.70164E-22 6.02072E-22 1.57745E-22 1.17941E-22 1.32532E-22 1.88216E-23 2.06628E-23 4.11595E-23 2.92650E-23 3.31428E-23 5.00896E-24 5.47248E-24 1.21139E-25 1.34863E-25
 6.00000E+04 1.93499E-21 0.00000E+00 5.66507E-22 4.44874E-22 4.58747E-22 1.29486E-22 9.31802E-23 1.02270E-22 1.35776E-23 1.47542E-23 3.37471E-23 2.31658E-23 2.56326E-23 3.63546E-24 3.93178E-24 8.12916E-26 8.99802E-26
 7.00000E+04 1.27390E-21 0.00000E+00 4.00189E-22 2.85752E-22 2.82494E-22 9.08393E-23 6.11062E-23 6.43048E-23 7.59905E-24 8.10814E-24 2.36363E-23 1.52435E-23 1.61796E-23 2.05494E-24 2.18232E-24 4.01059E-26 4.39352E-26
 8.00000E+04 8.85806E-22 0.00000E+00 2.94314E-22 1.94241E-22 1.85107E-22 6.65097E-23 4.22300E-23 4.28377E-23 4.59134E-24 4.82112E-24 1.72875E-23 1.05653E-23 1.08126E-23 1.25125E-24 1.30781E-24 2.17622E-26 2.36212E-26
 9.00000E+04 6.42459E-22 0.00000E+00 2.23456E-22 1.37980E-22 1.27288E-22 5.03495E-23 3.04081E-23 2.98547E-23 2.94389E-24 3.04749E-24 1.30778E-23 7.62638E-24 7.55563E-24 8.07164E-25 8.31861E-25 1.27133E-26 1.36838E-26
 1.00000E+05 4.81843E-22 0.00000E+00 1.74107E-22 1.01533E-22 9.09728E-23 3.91537E-23 2.26302E-23 2.15755E-23 1.97870E-24 2.02292E-24 1.01650E-23 5.68771E-24 5.47265E-24 5.45269E-25 5.54980E-25 7.87639E-27 8.41371E-27
 1.01134E+05 4.67200E-22 0.00000E+00 1.69472E-22 9.82499E-23 8.77561E-23 3.81057E-23 2.19232E-23 2.08357E-23 1.89648E-24 1.93629E-24 9.89255E-24 5.51124E-24 5.28621E-24 5.22876E-25 5.31486E-25 7.48495E-27 7.98914E-27
 1.01134E+05 1.90371E-21 1.43651E-21 1.69472E-22 9.82499E-23 8.77561E-23 3.81057E-23 2.19232E-23 2.08357E-23 1.89648E-24 1.93629E-24 9.89255E-24 5.51124E-24 5.28621E-24 5.22876E-25 5.31486E-25 7.48495E-27 7.98914E-27
 1.01200E+05 2.09632E-21 1.62996E-21 1.69206E-22 9.80620E-23 8.75724E-23 3.80455E-23 2.18827E-23 2.07934E-23 1.89180E-24 1.93136E-24 9.87691E-24 5.50113E-24 5.27555E-24 5.21601E-25 5.30149E-25 7.46277E-27 7.96510E-27
 1.01267E+05 2.09135E-21 1.62582E-21 1.68940E-22 9.78745E-23 8.73890E-23 3.79855E-23 2.18423E-23 2.07512E-23 1.88713E-24 1.92645E-24 9.86129E-24 5.49105E-24 5.26492E-24 5.20329E-25 5.28815E-25 7.44065E-27 7.94112E-27
 1.01400E+05 2.08537E-21 1.62152E-21 1.68410E-22 9.75006E-23 8.70235E-23 3.78656E-23 2.17617E-23 2.06671E-23 1.87783E-24 1.91665E-24 9.83014E-24 5.47093E-24 5.24371E-24 5.17794E-25 5.26159E-25 7.39662E-27 7.89338E-27
 1.01667E+05 2.07195E-21 1.61141E-21 1.67355E-22 9.67570E-23 8.62970E-23 3.76271E-23 2.16015E-23 2.04999E-23 1.85937E-24 1.89722E-24 9.76813E-24 5.43092E-24 5.20155E-24 5.12762E-25 5.20885E-25 7.30933E-27 7.79877E-27
 1.02202E+05 2.04442E-21 1.59046E-21 1.65265E-22 9.52868E-23 8.48620E-23 3.71545E-23 2.12845E-23 2.01694E-23 1.82297E-24 1.85893E-24 9.64527E-24 5.35177E-24 5.11824E-24 5.02844E-25 5.10495E-25 7.13783E-27 7.61294E-27
 1.03281E+05 1.99052E-21 1.54941E-21 1.61163E-22 9.24131E-23 8.20634E-23 3.62271E-23 2.06644E-23 1.95244E-23 1.75231E-24 1.78467E-24 9.40418E-24 5.19691E-24 4.95561E-24 4.83579E-25 4.90334E-25 6.80680E-27 7.25445E-27
 1.05474E+05 1.88794E-21 1.47143E-21 1.53261E-22 8.69230E-23 7.67400E-23 3.44410E-23 1.94778E-23 1.82956E-23 1.61911E-24 1.64492E-24 8.93992E-24 4.90052E-24 4.64568E-24 4.47236E-25 4.52369E-25 6.19010E-27 6.58732E-27
 1.10000E+05 1.69644E-21 1.32505E-21 1.38601E-22 7.69019E-23 6.71067E-23 3.11288E-23 1.73052E-23 1.60651E-23 1.38230E-24 1.39740E-24 8.07904E-24 4.35747E-24 4.08277E-24 3.82538E-25 3.85029E-25 5.11926E-27 5.43148E-27
 1.25000E+05 1.22214E-21 9.60208E-22 1.01764E-22 5.29715E-23 4.46138E-23 2.28295E-23 1.20634E-23 1.08049E-23 8.55902E-25 8.52596E-25 5.92336E-24 3.04468E-24 2.75260E-24 2.38055E-25 2.36145E-25 2.88343E-27 3.03167E-27
 1.40000E+05 9.11689E-22 7.19413E-22 7.71938E-23 3.80780E-23 3.10796E-23 1.73080E-23 8.75628E-24 7.59784E-24 5.60672E-25 5.51677E-25 4.49008E-24 2.21429E-24 1.93947E-24 1.56601E-25 1.53441E-25 1.74188E-27 1.81746E-27
 1.50000E+05 7.62092E-22 6.02752E-22 6.51808E-23 3.11572E-23 2.49513E-23 1.46122E-23 7.20438E-24 6.13217E-24 4.33936E-25 4.23875E-25 3.79056E-24 1.82394E-24 1.56710E-24 1.21475E-25 1.18179E-25 1.28455E-27 1.33472E-27
 1.75000E+05 5.09974E-22 4.05115E-22 4.45850E-23 1.99357E-23 1.53057E-23 9.99536E-24 4.66222E-24 3.80252E-24 2.45840E-25 2.36564E-25 2.59285E-24 1.18311E-24 9.74036E-25 6.91375E-26 6.62723E-26 6.55962E-28 6.75408E-28
 2.00000E+05 3.60001E-22 2.86865E-22 3.20491E-23 1.35760E-23 1.00556E-23 7.18740E-24 3.20287E-24 2.51898E-24 1.51088E-25 1.43760E-25 1.86456E-24 8.14283E-25 6.46429E-25 4.26487E-26 4.04266E-26 3.69655E-28 3.78291E-28
 2.20000E+05 2.80938E-22 2.24292E-22 2.53190E-23 1.03402E-23 7.46901E-24 5.68012E-24 2.45337E-24 1.88106E-24 1.07170E-25 1.01256E-25 1.47364E-24 6.24493E-25 4.83294E-25 3.03162E-26 2.85407E-26 2.47057E-28 2.51933E-28
 2.50000E+05 2.01796E-22 1.61475E-22 1.84683E-23 7.19985E-24 5.03300E-24 4.14552E-24 1.72022E-24 1.27571E-24 6.79795E-26 6.37591E-26 1.07563E-24 4.38523E-25 3.28242E-25 1.92855E-26 1.80221E-26 1.45045E-28 1.47463E-28
 3.00000E+05 1.26572E-22 1.01572E-22 1.18118E-23 4.33023E-24 2.89522E-24 2.65358E-24 1.04349E-24 7.39601E-25 3.59910E-26 3.35258E-26 6.88645E-25 2.66513E-25 1.90633E-25 1.02451E-26 9.51104E-27 6.92379E-29 7.03403E-29
 3.50000E+05 8.59296E-23 6.91115E-23 8.13215E-24 2.84193E-24 1.83447E-24 1.82808E-24 6.89053E-25 4.71169E-25 2.13085E-26 1.98236E-26 4.74482E-25 1.76225E-25 1.21598E-25 6.08205E-27 5.63757E-27 3.78104E-29 3.85581E-29
 4.00000E+05 6.18497E-23 4.98380E-23 5.91341E-24 1.98830E-24 1.24758E-24 1.32990E-24 4.84277E-25 3.21702E-25 1.36950E-26 1.27634E-26 3.45211E-25 1.23982E-25 8.30976E-26 3.91539E-27 3.63653E-27 2.27208E-29 2.33131E-29
 4.50000E+05 4.65524E-23 3.75730E-23 4.48458E-24 1.46054E-24 8.95380E-25 1.00885E-24 3.56974E-25 2.31557E-25 9.36306E-27 8.76537E-27 2.61888E-25 9.14639E-26 5.98539E-26 2.68054E-27 2.50065E-27 1.46792E-29 1.51965E-29
 5.00000E+05 3.62903E-23 2.93330E-23 3.51573E-24 1.11473E-24 6.70293E-25 7.91020E-25 2.73211E-25 1.73728E-25 6.71833E-27 6.32629E-27 2.05349E-25 7.00420E-26 4.49285E-26 1.92573E-27 1.80726E-27 1.00483E-29 1.05073E-29
 5.50000E+05 2.90985E-23 2.35508E-23 2.83097E-24 8.77421E-25 5.19042E-25 6.36999E-25 2.15518E-25 1.34755E-25 5.01431E-27 4.75297E-27 1.65367E-25 5.52796E-26 3.48626E-26 1.43844E-27 1.35870E-27 7.20480E-30 7.61496E-30
 6.00000E+05 2.38753E-23 1.93462E-23 2.33024E-24 7.08302E-25 4.13164E-25 5.24334E-25 1.74277E-25 1.07405E-25 3.86300E-27 3.68878E-27 1.36118E-25 4.47192E-26 2.77954E-26 1.10878E-27 1.05506E-27 5.35643E-30 5.73291E-30
 7.00000E+05 1.69687E-23 1.37775E-23 1.66327E-24 4.90032E-25 2.79366E-25 3.74212E-25 1.20884E-25 7.27540E-26 2.46982E-27 2.39492E-27 9.71427E-26 3.10367E-26 1.88363E-26 7.09995E-28 6.85882E-28 3.22469E-30 3.52980E-30
 8.00000E+05 1.27427E-23 1.03633E-23 1.25212E-24 3.60388E-25 2.01767E-25 2.81650E-25 8.90606E-26 5.26073E-26 1.70585E-27 1.67872E-27 7.31099E-26 2.28753E-26 1.36234E-26 4.90525E-28 4.81064E-28 2.11974E-30 2.37623E-30
 9.00000E+05 9.96899E-24 8.11830E-24 9.80920E-25 2.77431E-25 1.53030E-25 2.20591E-25 6.86437E-26 3.99293E-26 1.24671E-27 1.24441E-27 5.72568E-26 1.76363E-26 1.03423E-26 3.58752E-28 3.56738E-28 1.49045E-30 1.70634E-30
 1.00000E+06 8.04826E-24 6.56127E-24 7.92476E-25 2.21229E-25 1.20506E-25 1.78167E-25 5.47877E-26 3.14573E-26 9.51435E-28 9.62182E-28 4.62418E-26 1.40798E-26 8.14875E-27 2.74056E-28 2.75973E-28 1.10254E-30 1.28826E-30
 1.10000E+06 6.66106E-24 5.43517E-24 6.56050E-25 1.81397E-25 9.77393E-26 1.47457E-25 4.49554E-26 2.55218E-26 7.51848E-28 7.69267E-28 3.82690E-26 1.15541E-26 6.61163E-27 2.16597E-28 2.20763E-28 8.43656E-31 1.00915E-30
 1.25000E+06 5.20163E-24 4.24870E-24 5.12246E-25 1.40300E-25 7.45407E-26 1.15093E-25 3.47969E-26 1.94683E-26 5.55607E-28 5.77250E-28 2.98669E-26 8.94472E-27 5.04347E-27 1.60099E-28 1.65626E-28 6.00065E-31 7.36664E-31
 1.40000E+06 4.20270E-24 3.43538E-24 4.13671E-25 1.12717E-25 5.91675E-26 9.29146E-26 2.79689E-26 1.54535E-26 4.29868E-28 4.52574E-28 2.41095E-26 7.19022E-27 4.00356E-27 1.23869E-28 1.29898E-28 4.51808E-31 5.64474E-31
 1.50000E+06 3.70103E-24 3.02649E-24 3.64126E-25 9.90498E-26 5.16192E-26 8.17701E-26 2.45826E-26 1.34815E-26 3.69612E-28 3.92181E-28 2.12166E-26 6.32014E-27 3.49264E-27 1.06590E-28 1.12580E-28 3.81293E-31 4.85341E-31
 1.75000E+06 2.80613E-24 2.29627E-24 2.75709E-25 7.49956E-26 3.84697E-26 6.18863E-26 1.86192E-26 1.00459E-26 2.67658E-28 2.88616E-28 1.60555E-26 4.78744E-27 2.60249E-27 7.72108E-29 8.28992E-29 2.65959E-31 3.48601E-31
 2.00000E+06 2.22537E-24 1.82177E-24 2.18322E-25 5.96086E-26 3.01702E-26 4.89851E-26 1.48022E-26 7.87718E-27 2.05643E-28 2.24483E-28 1.27074E-26 3.80591E-27 2.04047E-27 5.93343E-29 6.44652E-29 1.99264E-31 2.65546E-31
 2.20000E+06 1.89379E-24 1.55098E-24 1.85529E-25 5.06509E-26 2.56264E-26 4.15512E-26 1.25553E-26 6.68090E-27 1.74401E-28 1.90376E-28 1.07741E-26 3.22681E-27 1.72996E-27 5.03035E-29 5.46533E-29 1.68929E-31 2.25120E-31
 2.50000E+06 1.53375E-24 1.25684E-24 1.49962E-25 4.09365E-26 2.07017E-26 3.35101E-26 1.01251E-26 5.38715E-27 1.40617E-28 1.53494E-28 8.68418E-27 2.60084E-27 1.39432E-27 4.05425E-29 4.40481E-29 1.36142E-31 1.81427E-31
 3.00000E+06 1.14755E-24 9.41258E-25 1.11809E-25 3.05173E-26 1.54234E-26 2.49136E-26 7.52718E-27 4.00437E-27 1.04513E-28 1.14080E-28 6.45186E-27 1.93223E-27 1.03584E-27 3.01176E-29 3.27215E-29 1.01129E-31 1.34767E-31
 3.50000E+06 9.06448E-25 7.44252E-25 8.79591E-26 2.40054E-26 1.21270E-26 1.95585E-26 5.90898E-27 3.14319E-27 8.20303E-29 8.95374E-29 5.06244E-27 1.51609E-27 8.12732E-28 2.36299E-29 2.56728E-29 7.93403E-32 1.05731E-31
 4.00000E+06 7.43891E-25 6.11444E-25 7.18578E-26 1.96096E-26 9.90303E-27 1.59528E-26 4.81944E-27 2.56344E-27 6.68962E-29 7.30170E-29 4.12750E-27 1.23608E-27 6.62613E-28 1.92647E-29 2.09301E-29 6.46813E-32 8.61960E-32
 4.50000E+06 6.27956E-25 5.16731E-25 6.03653E-26 1.64724E-26 8.31650E-27 1.33845E-26 4.04343E-27 2.15055E-27 5.61189E-29 6.12529E-29 3.46192E-27 1.03674E-27 5.55747E-28 1.61574E-29 1.75541E-29 5.42469E-32 7.22907E-32
 5.00000E+06 5.41648E-25 4.46215E-25 5.18097E-26 1.41371E-26 7.13592E-27 1.14757E-26 3.46673E-27 1.84374E-27 4.81107E-29 5.25115E-29 2.96747E-27 8.88656E-28 4.76362E-28 1.38492E-29 1.50463E-29 4.64961E-32 6.19618E-32
 5.50000E+06 4.75192E-25 3.91903E-25 4.52271E-26 1.23404E-26 6.22792E-27 1.00092E-26 3.02366E-27 1.60803E-27 4.19588E-29 4.57965E-29 2.58771E-27 7.74924E-28 4.15392E-28 1.20764E-29 1.31203E-29 4.05437E-32 5.40295E-32
 6.00000E+06 4.22642E-25 3.48945E-25 4.00266E-26 1.09211E-26 5.51079E-27 8.85200E-27 2.67403E-27 1.42204E-27 3.71049E-29 4.04984E-29 2.28812E-27 6.85204E-28 3.67295E-28 1.06780E-29 1.16010E-29 3.58483E-32 4.77722E-32
 7.00000E+06 3.45132E-25 2.85542E-25 3.23753E-26 8.83296E-27 4.45607E-27 7.15179E-27 2.16037E-27 1.14882E-27 2.99745E-29 3.27155E-29 1.84812E-27 5.53434E-28 2.96657E-28 8.62429E-30 9.36975E-30 2.89527E-32 3.85830E-32
 8.00000E+06 2.90970E-25 2.41186E-25 2.70535E-26 7.38073E-27 3.72277E-27 5.97107E-27 1.80367E-27 9.59098E-28 2.50236E-29 2.73117E-29 1.54268E-27 4.61963E-28 2.47623E-28 7.19870E-30 7.82092E-30 2.41663E-32 3.22046E-32
 9.00000E+06 2.51146E-25 2.08532E-25 2.31615E-26 6.31871E-27 3.18665E-27 5.10859E-27 1.54312E-27 8.20525E-28 2.14076E-29 2.33649E-29 1.31963E-27 3.95167E-28 2.11817E-28 6.15771E-30 6.68994E-30 2.06714E-32 2.75471E-32
 1.00000E+07 2.20704E-25 1.83538E-25 2.02039E-26 5.51171E-27 2.77934E-27 4.45383E-27 1.34533E-27 7.15332E-28 1.86628E-29 2.03689E-29 1.15034E-27 3.44470E-28 1.84642E-28 5.36764E-30 5.83158E-30 1.80189E-32 2.40123E-32
 1.10000E+07 1.96720E-25 1.63818E-25 1.78877E-26 4.87972E-27 2.46042E-27 3.94145E-27 1.19054E-27 6.33018E-28 1.65149E-29 1.80247E-29 1.01788E-27 3.04806E-28 1.63380E-28 4.74952E-30 5.16002E-30 1.59437E-32 2.12469E-32
 1.25000E+07 1.67960E-25 1.39948E-25 1.52317E-26 4.15507E-27 2.09480E-27 3.35439E-27 1.01321E-27 5.38713E-28 1.40543E-29 1.53390E-29 8.66158E-28 2.59370E-28 1.39025E-28 4.04147E-30 4.39078E-30 1.35667E-32 1.80792E-32
 1.40000E+07 1.46307E-25 1.21961E-25 1.32399E-26 3.61166E-27 1.82068E-27 2.91450E-27 8.80329E-28 4.68054E-28 1.22107E-29 1.33269E-29 7.52491E-28 2.25332E-28 1.20779E-28 3.51105E-30 3.81450E-30 1.17860E-32 1.57063E-32
 1.50000E+07 1.34641E-25 1.12264E-25 1.21698E-26 3.31970E-27 1.67341E-27 2.67828E-27 8.08974E-28 4.30111E-28 1.12208E-29 1.22464E-29 6.91460E-28 2.07056E-28 1.10983E-28 3.22626E-30 3.50509E-30 1.08300E-32 1.44322E-32
 1.75000E+07 1.12096E-25 9.35134E-26 1.01079E-26 2.75719E-27 1.38972E-27 2.22343E-27 6.71578E-28 3.57052E-28 9.31465E-30 1.01660E-29 5.73959E-28 1.71870E-28 9.21225E-29 2.67796E-30 2.90941E-30 8.98933E-33 1.19793E-32
 2.00000E+07 9.58859E-26 8.00205E-26 8.63055E-27 2.35417E-27 1.18649E-27 1.89776E-27 5.73207E-28 3.04747E-28 7.95001E-30 8.67660E-30 4.89846E-28 1.46682E-28 7.86215E-29 2.28548E-30 2.48300E-30 7.67178E-33 1.02236E-32
 2.20000E+07 8.58857E-26 7.16923E-26 7.72150E-27 2.10618E-27 1.06145E-27 1.69747E-27 5.12708E-28 2.72579E-28 7.11079E-30 7.76066E-30 4.38122E-28 1.31193E-28 7.03193E-29 2.04413E-30 2.22080E-30 6.86160E-33 9.14389E-33
 2.50000E+07 7.42131E-26 6.19668E-26 6.66276E-27 1.81737E-27 9.15844E-28 1.46430E-27 4.42280E-28 2.35133E-28 6.13387E-30 6.69443E-30 3.77915E-28 1.13164E-28 6.06555E-29 1.76320E-30 1.91559E-30 5.91857E-33 7.88719E-33
 3.00000E+07 6.04380E-26 5.04829E-26 5.41672E-27 1.47747E-27 7.44499E-28 1.19004E-27 3.59438E-28 1.91088E-28 4.98481E-30 5.44034E-30 3.07104E-28 9.19600E-29 4.92900E-29 1.43281E-30 1.55664E-30 4.80949E-33 6.40921E-33
 3.50000E+07 5.09339E-26 4.25553E-26 4.55927E-27 1.24357E-27 6.26607E-28 1.00141E-27 3.02462E-28 1.60796E-28 4.19456E-30 4.57786E-30 2.58409E-28 7.73785E-29 4.14743E-29 1.20561E-30 1.30980E-30 4.04683E-33 5.39287E-33
 4.00000E+07 4.39916E-26 3.67621E-26 3.93416E-27 1.07306E-27 5.40668E-28 8.63942E-28 2.60941E-28 1.38721E-28 3.61869E-30 3.94936E-30 2.22926E-28 6.67532E-29 3.57791E-29 1.04006E-30 1.12994E-30 3.49110E-33 4.65230E-33
 4.50000E+07 3.87031E-26 3.23476E-26 3.45868E-27 9.43364E-28 4.75305E-28 7.59414E-28 2.29369E-28 1.21936E-28 3.18081E-30 3.47147E-30 1.95947E-28 5.86745E-29 3.14490E-29 9.14181E-31 9.93187E-31 3.06857E-33 4.08923E-33
 5.00000E+07 3.45428E-26 2.88740E-26 3.08509E-27 8.41462E-28 4.23952E-28 6.77304E-28 2.04569E-28 1.08751E-28 2.83686E-30 3.09608E-30 1.74756E-28 5.23289E-29 2.80477E-29 8.15310E-31 8.85771E-31 2.73669E-33 3.64696E-33
 5.50000E+07 3.11859E-26 2.60706E-26 2.78394E-27 7.59319E-28 3.82558E-28 6.11129E-28 1.84581E-28 9.81251E-29 2.55966E-30 2.79355E-30 1.57678E-28 4.72150E-29 2.53067E-29 7.35631E-31 7.99205E-31 2.46923E-33 3.29054E-33
 6.00000E+07 2.84210E-26 2.37612E-26 2.53609E-27 6.91717E-28 3.48493E-28 5.56677E-28 1.68134E-28 8.93816E-29 2.33157E-30 2.54462E-30 1.43625E-28 4.30071E-29 2.30513E-29 6.70069E-31 7.27978E-31 2.24916E-33 2.99727E-33
 7.00000E+07 2.41361E-26 2.01815E-26 2.15237E-27 5.87053E-28 2.95754E-28 4.72388E-28 1.42676E-28 7.58472E-29 1.97851E-30 2.15930E-30 1.21875E-28 3.64940E-29 1.95603E-29 5.68590E-31 6.17728E-31 1.90853E-33 2.54334E-33
 8.00000E+07 2.09708E-26 1.75366E-26 1.86921E-27 5.09820E-28 2.56839E-28 4.10202E-28 1.23894E-28 6.58621E-29 1.71804E-30 1.87502E-30 1.05828E-28 3.16891E-29 1.69849E-29 4.93726E-31 5.36394E-31 1.65724E-33 2.20846E-33
 9.00000E+07 1.85378E-26 1.55032E-26 1.65173E-27 4.50502E-28 2.26952E-28 3.62448E-28 1.09470E-28 5.81945E-29 1.51802E-30 1.65673E-30 9.35065E-29 2.79995E-29 1.50073E-29 4.36239E-31 4.73940E-31 1.46428E-33 1.95132E-33
 1.00000E+08 1.66097E-26 1.38916E-26 1.47949E-27 4.03523E-28 2.03283E-28 3.24633E-28 9.80490E-29 5.21227E-29 1.35964E-30 1.48387E-30 8.37495E-29 2.50778E-29 1.34414E-29 3.90719E-31 4.24485E-31 1.31148E-33 1.74770E-33
 1.10000E+08 1.50443E-26 1.25830E-26 1.33973E-27 3.65402E-28 1.84077E-28 2.93951E-28 8.87819E-29 4.71962E-29 1.23112E-30 1.34361E-30 7.58330E-29 2.27073E-29 1.21708E-29 3.53785E-31 3.84360E-31 1.18751E-33 1.58249E-33
 1.25000E+08 1.31803E-26 1.10246E-26 1.17339E-27 3.20033E-28 1.61219E-28 2.57438E-28 7.77539E-29 4.13337E-29 1.07820E-30 1.17671E-30 6.64126E-29 1.98865E-29 1.06588E-29 3.09835E-31 3.36611E-31 1.03999E-33 1.38590E-33
 1.40000E+08 1.17268E-26 9.80930E-27 1.04375E-27 2.84674E-28 1.43406E-28 2.28985E-28 6.91601E-29 3.67651E-29 9.59024E-31 1.04665E-30 5.90717E-29 1.76883E-29 9.48066E-30 2.75587E-31 2.99403E-31 9.25028E-34 1.23271E-33
 1.50000E+08 1.09236E-26 9.13764E-27 9.72130E-28 2.65140E-28 1.33565E-28 2.13267E-28 6.44129E-29 3.42415E-29 8.93193E-31 9.74803E-31 5.50166E-29 1.64740E-29 8.82984E-30 2.56669E-31 2.78850E-31 8.61526E-34 1.14808E-33
 1.75000E+08 9.32618E-27 7.80185E-27 8.29759E-28 2.26309E-28 1.14002E-28 1.82024E-28 5.49765E-29 2.92251E-29 7.62338E-31 8.31992E-31 4.69562E-29 1.40605E-29 7.53619E-30 2.19064E-31 2.37996E-31 7.35303E-34 9.79877E-34
 2.00000E+08 8.13616E-27 6.80660E-27 7.23741E-28 1.97394E-28 9.94353E-29 1.58761E-28 4.79503E-29 2.54899E-29 6.64906E-31 7.25657E-31 4.09546E-29 1.22633E-29 6.57296E-30 1.91065E-31 2.07576E-31 6.41320E-34 8.54634E-34
 2.20000E+08 7.38245E-27 6.17622E-27 6.56615E-28 1.79085E-28 9.02122E-29 1.44032E-28 4.35018E-29 2.31252E-29 6.03220E-31 6.58334E-31 3.71549E-29 1.11256E-29 5.96313E-30 1.73338E-31 1.88318E-31 5.81820E-34 7.75342E-34
 2.50000E+08 6.48169E-27 5.42280E-27 5.76413E-28 1.57211E-28 7.91927E-29 1.26436E-28 3.81871E-29 2.02999E-29 5.29522E-31 5.77903E-31 3.26154E-29 9.76628E-30 5.23457E-30 1.52160E-31 1.65309E-31 5.10733E-34 6.80611E-34
 3.00000E+08 5.38624E-27 4.50647E-27 4.78908E-28 1.30617E-28 6.57959E-29 1.05044E-28 3.17262E-29 1.68653E-29 4.39931E-31 4.80126E-31 2.70970E-29 8.11385E-30 4.34889E-30 1.26415E-31 1.37339E-31 4.24318E-34 5.65453E-34
 3.50000E+08 4.60747E-27 3.85501E-27 4.09612E-28 1.11717E-28 5.62751E-29 8.98423E-29 2.71348E-29 1.44246E-29 3.76263E-31 4.10641E-31 2.31754E-29 6.93958E-30 3.71950E-30 1.08119E-31 1.17463E-31 3.62908E-34 4.83617E-34
 4.00000E+08 4.02542E-27 3.36808E-27 3.57832E-28 9.75946E-29 4.91610E-29 7.84835E-29 2.37042E-29 1.26008E-29 3.28692E-31 3.58723E-31 2.02452E-29 6.06217E-30 3.24922E-30 9.44491E-32 1.02611E-31 3.17023E-34 4.22471E-34
 4.50000E+08 3.57391E-27 2.99036E-27 3.17672E-28 8.66414E-29 4.36434E-29 6.96742E-29 2.10435E-29 1.11865E-29 2.91797E-31 3.18458E-31 1.79727E-29 5.38171E-30 2.88451E-30 8.38474E-32 9.10935E-32 2.81438E-34 3.75049E-34
 5.00000E+08 3.21347E-27 2.68880E-27 2.85616E-28 7.78985E-29 3.92393E-29 6.26427E-29 1.89198E-29 1.00575E-29 2.62349E-31 2.86319E-31 1.61589E-29 4.83857E-30 2.59339E-30 7.53853E-32 8.19001E-32 2.53034E-34 3.37198E-34
 5.50000E+08 2.91907E-27 2.44249E-27 2.59436E-28 7.07582E-29 3.56425E-29 5.69002E-29 1.71854E-29 9.13554E-30 2.38299E-31 2.60072E-31 1.46776E-29 4.39501E-30 2.35565E-30 6.84745E-32 7.43920E-32 2.29838E-34 3.06286E-34
 6.00000E+08 2.67407E-27 2.23751E-27 2.37652E-28 6.48169E-29 3.26497E-29 5.21221E-29 1.57423E-29 8.36839E-30 2.18288E-31 2.38232E-31 1.34450E-29 4.02593E-30 2.15783E-30 6.27243E-32 6.81449E-32 2.10537E-34 2.80565E-34
 7.00000E+08 2.28972E-27 1.91594E-27 2.03481E-28 5.54970E-29 2.79549E-29 4.46270E-29 1.34785E-29 7.16501E-30 1.86898E-31 2.03974E-31 1.15116E-29 3.44699E-30 1.84753E-30 5.37044E-32 5.83455E-32 1.80261E-34 2.40219E-34
 8.00000E+08 2.00197E-27 1.67518E-27 1.77900E-28 4.85202E-29 2.44405E-29 3.90164E-29 1.17840E-29 6.26420E-30 1.63401E-31 1.78330E-31 1.00643E-29 3.01362E-30 1.61525E-30 4.69524E-32 5.10100E-32 1.57598E-34 2.10017E-34
 9.00000E+08 1.77847E-27 1.48817E-27 1.58033E-28 4.31016E-29 2.17111E-29 3.46589E-29 1.04679E-29 5.56459E-30 1.45151E-31 1.58413E-31 8.94026E-30 2.67705E-30 1.43485E-30 4.17085E-32 4.53129E-32 1.39996E-34 1.86562E-34
 1.00000E+09 1.59985E-27 1.33872E-27 1.42157E-28 3.87717E-29 1.95300E-29 3.11769E-29 9.41626E-30 5.00555E-30 1.30569E-31 1.42498E-31 8.04208E-30 2.40810E-30 1.29070E-30 3.75182E-32 4.07605E-32 1.25932E-34 1.67819E-34
