 ***  Photoelectric cross sections,  IZ = 96,  NSHELL = 16,  NDATA = 377
              0           1           2           3           4           5           6           7           8           9          10          11          12          13          14          15          16
 5.00000E+01 1.64878E-17 0.00000E+00 0.00000E+00 0.00000E+00 0.00000E+00 0.00000E+00 0.00000E+00 0.00000E+00 0.00000E+00 0.00000E+00 0.00000E+00 0.00000E+00 0.00000E+00 0.00000E+00 0.00000E+00 0.00000E+00 0.00000E+00
 5.50000E+01 1.61737E-17 0.00000E+00 0.00000E+00 0.00000E+00 0.00000E+00 0.00000E+00 0.00000E+00 0.00000E+00 0.00000E+00 0.00000E+00 0.00000E+00 0.00000E+00 0.00000E+00 0.00000E+00 0.00000E+00 0.00000E+00 0.00000E+00
 6.00000E+01 1.59181E-17 0.00000E+00 0.00000E+00 0.00000E+00 0.00000E+00 0.00000E+00 0.00000E+00 0.00000E+00 0.00000E+00 0.00000E+00 0.00000E+00 0.00000E+00 0.00000E+00 0.00000E+00 0.00000E+00 0.00000E+00 0.00000E+00
 6.00361E+01 1.62568E-17 0.00000E+00 0.00000E+00 0.00000E+00 0.00000E+00 0.00000E+00 0.00000E+00 0.00000E+00 0.00000E+00 0.00000E+00 0.00000E+00 0.00000E+00 0.00000E+00 0.00000E+00 0.00000E+00 0.00000E+00 0.00000E+00
 6.00723E+01 1.62539E-17 0.00000E+00 0.00000E+00 0.00000E+00 0.00000E+00 0.00000E+00 0.00000E+00 0.00000E+00 0.00000E+00 0.00000E+00 0.00000E+00 0.00000E+00 0.00000E+00 0.00000E+00 0.00000E+00 0.00000E+00 0.00000E+00
 6.01447E+01 1.62481E-17 0.00000E+00 0.00000E+00 0.00000E+00 0.00000E+00 0.00000E+00 0.00000E+00 0.00000E+00 0.00000E+00 0.00000E+00 0.00000E+00 0.00000E+00 0.00000E+00 0.00000E+00 0.00000E+00 0.00000E+00 0.00000E+00
 6.02897E+01 1.62366E-17 0.00000E+00 0.00000E+00 0.00000E+00 0.00000E+00 0.00000E+00 0.00000E+00 0.00000E+00 0.00000E+00 0.00000E+00 0.00000E+00 0.00000E+00 0.00000E+00 0.00000E+00 0.00000E+00 0.00000E+00 0.00000E+00
 6.05809E+01 1.62127E-17 0.00000E+00 0.00000E+00 0.00000E+00 0.00000E+00 0.00000E+00 0.00000E+00 0.00000E+00 0.00000E+00 0.00000E+00 0.00000E+00 0.00000E+00 0.00000E+00 0.00000E+00 0.00000E+00 0.00000E+00 0.00000E+00
 6.11673E+01 1.61606E-17 0.00000E+00 0.00000E+00 0.00000E+00 0.00000E+00 0.00000E+00 0.00000E+00 0.00000E+00 0.00000E+00 0.00000E+00 0.00000E+00 0.00000E+00 0.00000E+00 0.00000E+00 0.00000E+00 0.00000E+00 0.00000E+00
 6.23574E+01 1.60511E-17 0.00000E+00 0.00000E+00 0.00000E+00 0.00000E+00 0.00000E+00 0.00000E+00 0.00000E+00 0.00000E+00 0.00000E+00 0.00000E+00 0.00000E+00 0.00000E+00 0.00000E+00 0.00000E+00 0.00000E+00 0.00000E+00
 6.48074E+01 1.57942E-17 0.00000E+00 0.00000E+00 0.00000E+00 0.00000E+00 0.00000E+00 0.00000E+00 0.00000E+00 0.00000E+00 0.00000E+00 0.00000E+00 0.00000E+00 0.00000E+00 0.00000E+00 0.00000E+00 0.00000E+00 0.00000E+00
 6.73537E+01 1.54736E-17 0.00000E+00 0.00000E+00 0.00000E+00 0.00000E+00 0.00000E+00 0.00000E+00 0.00000E+00 0.00000E+00 0.00000E+00 0.00000E+00 0.00000E+00 0.00000E+00 0.00000E+00 0.00000E+00 0.00000E+00 0.00000E+00
 7.00000E+01 1.50811E-17 0.00000E+00 0.00000E+00 0.00000E+00 0.00000E+00 0.00000E+00 0.00000E+00 0.00000E+00 0.00000E+00 0.00000E+00 0.00000E+00 0.00000E+00 0.00000E+00 0.00000E+00 0.00000E+00 0.00000E+00 0.00000E+00
 7.23762E+01 1.46743E-17 0.00000E+00 0.00000E+00 0.00000E+00 0.00000E+00 0.00000E+00 0.00000E+00 0.00000E+00 0.00000E+00 0.00000E+00 0.00000E+00 0.00000E+00 0.00000E+00 0.00000E+00 0.00000E+00 0.00000E+00 0.00000E+00
 7.48331E+01 1.42181E-17 0.00000E+00 0.00000E+00 0.00000E+00 0.00000E+00 0.00000E+00 0.00000E+00 0.00000E+00 0.00000E+00 0.00000E+00 0.00000E+00 0.00000E+00 0.00000E+00 0.00000E+00 0.00000E+00 0.00000E+00 0.00000E+00
 7.73735E+01 1.37040E-17 0.00000E+00 0.00000E+00 0.00000E+00 0.00000E+00 0.00000E+00 0.00000E+00 0.00000E+00 0.00000E+00 0.00000E+00 0.00000E+00 0.00000E+00 0.00000E+00 0.00000E+00 0.00000E+00 0.00000E+00 0.00000E+00
 8.00000E+01 1.31373E-17 0.00000E+00 0.00000E+00 0.00000E+00 0.00000E+00 0.00000E+00 0.00000E+00 0.00000E+00 0.00000E+00 0.00000E+00 0.00000E+00 0.00000E+00 0.00000E+00 0.00000E+00 0.00000E+00 0.00000E+00 0.00000E+00
 8.23907E+01 1.26065E-17 0.00000E+00 0.00000E+00 0.00000E+00 0.00000E+00 0.00000E+00 0.00000E+00 0.00000E+00 0.00000E+00 0.00000E+00 0.00000E+00 0.00000E+00 0.00000E+00 0.00000E+00 0.00000E+00 0.00000E+00 0.00000E+00
 8.48528E+01 1.20381E-17 0.00000E+00 0.00000E+00 0.00000E+00 0.00000E+00 0.00000E+00 0.00000E+00 0.00000E+00 0.00000E+00 0.00000E+00 0.00000E+00 0.00000E+00 0.00000E+00 0.00000E+00 0.00000E+00 0.00000E+00 0.00000E+00
 8.73885E+01 1.14510E-17 0.00000E+00 0.00000E+00 0.00000E+00 0.00000E+00 0.00000E+00 0.00000E+00 0.00000E+00 0.00000E+00 0.00000E+00 0.00000E+00 0.00000E+00 0.00000E+00 0.00000E+00 0.00000E+00 0.00000E+00 0.00000E+00
 9.00000E+01 1.08384E-17 0.00000E+00 0.00000E+00 0.00000E+00 0.00000E+00 0.00000E+00 0.00000E+00 0.00000E+00 0.00000E+00 0.00000E+00 0.00000E+00 0.00000E+00 0.00000E+00 0.00000E+00 0.00000E+00 0.00000E+00 0.00000E+00
 9.24021E+01 1.02723E-17 0.00000E+00 0.00000E+00 0.00000E+00 0.00000E+00 0.00000E+00 0.00000E+00 0.00000E+00 0.00000E+00 0.00000E+00 0.00000E+00 0.00000E+00 0.00000E+00 0.00000E+00 0.00000E+00 0.00000E+00 0.00000E+00
 9.48683E+01 9.69656E-18 0.00000E+00 0.00000E+00 0.00000E+00 0.00000E+00 0.00000E+00 0.00000E+00 0.00000E+00 0.00000E+00 0.00000E+00 0.00000E+00 0.00000E+00 0.00000E+00 0.00000E+00 0.00000E+00 0.00000E+00 0.00000E+00
 9.74004E+01 9.11233E-18 0.00000E+00 0.00000E+00 0.00000E+00 0.00000E+00 0.00000E+00 0.00000E+00 0.00000E+00 0.00000E+00 0.00000E+00 0.00000E+00 0.00000E+00 0.00000E+00 0.00000E+00 0.00000E+00 0.00000E+00 0.00000E+00
 1.00000E+02 8.52505E-18 0.00000E+00 0.00000E+00 0.00000E+00 0.00000E+00 0.00000E+00 0.00000E+00 0.00000E+00 0.00000E+00 0.00000E+00 0.00000E+00 0.00000E+00 0.00000E+00 0.00000E+00 0.00000E+00 0.00000E+00 0.00000E+00
 1.02411E+02 7.99204E-18 0.00000E+00 0.00000E+00 0.00000E+00 0.00000E+00 0.00000E+00 0.00000E+00 0.00000E+00 0.00000E+00 0.00000E+00 0.00000E+00 0.00000E+00 0.00000E+00 0.00000E+00 0.00000E+00 0.00000E+00 0.00000E+00
 1.04881E+02 7.46157E-18 0.00000E+00 0.00000E+00 0.00000E+00 0.00000E+00 0.00000E+00 0.00000E+00 0.00000E+00 0.00000E+00 0.00000E+00 0.00000E+00 0.00000E+00 0.00000E+00 0.00000E+00 0.00000E+00 0.00000E+00 0.00000E+00
 1.07410E+02 6.93761E-18 0.00000E+00 0.00000E+00 0.00000E+00 0.00000E+00 0.00000E+00 0.00000E+00 0.00000E+00 0.00000E+00 0.00000E+00 0.00000E+00 0.00000E+00 0.00000E+00 0.00000E+00 0.00000E+00 0.00000E+00 0.00000E+00
 1.10000E+02 6.42011E-18 0.00000E+00 0.00000E+00 0.00000E+00 0.00000E+00 0.00000E+00 0.00000E+00 0.00000E+00 0.00000E+00 0.00000E+00 0.00000E+00 0.00000E+00 0.00000E+00 0.00000E+00 0.00000E+00 0.00000E+00 0.00000E+00
 1.12184E+02 6.00952E-18 0.00000E+00 0.00000E+00 0.00000E+00 0.00000E+00 0.00000E+00 0.00000E+00 0.00000E+00 0.00000E+00 0.00000E+00 0.00000E+00 0.00000E+00 0.00000E+00 0.00000E+00 0.00000E+00 0.00000E+00 0.00000E+00
 1.14412E+02 5.60583E-18 0.00000E+00 0.00000E+00 0.00000E+00 0.00000E+00 0.00000E+00 0.00000E+00 0.00000E+00 0.00000E+00 0.00000E+00 0.00000E+00 0.00000E+00 0.00000E+00 0.00000E+00 0.00000E+00 0.00000E+00 0.00000E+00
 1.16683E+02 5.21455E-18 0.00000E+00 0.00000E+00 0.00000E+00 0.00000E+00 0.00000E+00 0.00000E+00 0.00000E+00 0.00000E+00 0.00000E+00 0.00000E+00 0.00000E+00 0.00000E+00 0.00000E+00 0.00000E+00 0.00000E+00 0.00000E+00
 1.19000E+02 4.83680E-18 0.00000E+00 0.00000E+00 0.00000E+00 0.00000E+00 0.00000E+00 0.00000E+00 0.00000E+00 0.00000E+00 0.00000E+00 0.00000E+00 0.00000E+00 0.00000E+00 0.00000E+00 0.00000E+00 0.00000E+00 0.00000E+00
 1.19000E+02 5.65902E-18 0.00000E+00 0.00000E+00 0.00000E+00 0.00000E+00 0.00000E+00 0.00000E+00 0.00000E+00 0.00000E+00 0.00000E+00 0.00000E+00 0.00000E+00 0.00000E+00 0.00000E+00 0.00000E+00 0.00000E+00 0.00000E+00
 1.19734E+02 5.61966E-18 0.00000E+00 0.00000E+00 0.00000E+00 0.00000E+00 0.00000E+00 0.00000E+00 0.00000E+00 0.00000E+00 0.00000E+00 0.00000E+00 0.00000E+00 0.00000E+00 0.00000E+00 0.00000E+00 0.00000E+00 0.00000E+00
 1.20472E+02 5.59377E-18 0.00000E+00 0.00000E+00 0.00000E+00 0.00000E+00 0.00000E+00 0.00000E+00 0.00000E+00 0.00000E+00 0.00000E+00 0.00000E+00 0.00000E+00 0.00000E+00 0.00000E+00 0.00000E+00 0.00000E+00 0.00000E+00
 1.21963E+02 5.57524E-18 0.00000E+00 0.00000E+00 0.00000E+00 0.00000E+00 0.00000E+00 0.00000E+00 0.00000E+00 0.00000E+00 0.00000E+00 0.00000E+00 0.00000E+00 0.00000E+00 0.00000E+00 0.00000E+00 0.00000E+00 0.00000E+00
 1.25000E+02 5.59584E-18 0.00000E+00 0.00000E+00 0.00000E+00 0.00000E+00 0.00000E+00 0.00000E+00 0.00000E+00 0.00000E+00 0.00000E+00 0.00000E+00 0.00000E+00 0.00000E+00 0.00000E+00 0.00000E+00 0.00000E+00 0.00000E+00
 1.26000E+02 5.59524E-18 0.00000E+00 0.00000E+00 0.00000E+00 0.00000E+00 0.00000E+00 0.00000E+00 0.00000E+00 0.00000E+00 0.00000E+00 0.00000E+00 0.00000E+00 0.00000E+00 0.00000E+00 0.00000E+00 0.00000E+00 0.00000E+00
 1.26000E+02 6.12076E-18 0.00000E+00 0.00000E+00 0.00000E+00 0.00000E+00 0.00000E+00 0.00000E+00 0.00000E+00 0.00000E+00 0.00000E+00 0.00000E+00 0.00000E+00 0.00000E+00 0.00000E+00 0.00000E+00 0.00000E+00 0.00000E+00
 1.29363E+02 6.22696E-18 0.00000E+00 0.00000E+00 0.00000E+00 0.00000E+00 0.00000E+00 0.00000E+00 0.00000E+00 0.00000E+00 0.00000E+00 0.00000E+00 0.00000E+00 0.00000E+00 0.00000E+00 0.00000E+00 0.00000E+00 0.00000E+00
 1.31078E+02 6.24796E-18 0.00000E+00 0.00000E+00 0.00000E+00 0.00000E+00 0.00000E+00 0.00000E+00 0.00000E+00 0.00000E+00 0.00000E+00 0.00000E+00 0.00000E+00 0.00000E+00 0.00000E+00 0.00000E+00 0.00000E+00 0.00000E+00
 1.32816E+02 6.22230E-18 0.00000E+00 0.00000E+00 0.00000E+00 0.00000E+00 0.00000E+00 0.00000E+00 0.00000E+00 0.00000E+00 0.00000E+00 0.00000E+00 0.00000E+00 0.00000E+00 0.00000E+00 0.00000E+00 0.00000E+00 0.00000E+00
 1.33693E+02 6.19052E-18 0.00000E+00 0.00000E+00 0.00000E+00 0.00000E+00 0.00000E+00 0.00000E+00 0.00000E+00 0.00000E+00 0.00000E+00 0.00000E+00 0.00000E+00 0.00000E+00 0.00000E+00 0.00000E+00 0.00000E+00 0.00000E+00
 1.34576E+02 6.14409E-18 0.00000E+00 0.00000E+00 0.00000E+00 0.00000E+00 0.00000E+00 0.00000E+00 0.00000E+00 0.00000E+00 0.00000E+00 0.00000E+00 0.00000E+00 0.00000E+00 0.00000E+00 0.00000E+00 0.00000E+00 0.00000E+00
 1.35466E+02 6.08197E-18 0.00000E+00 0.00000E+00 0.00000E+00 0.00000E+00 0.00000E+00 0.00000E+00 0.00000E+00 0.00000E+00 0.00000E+00 0.00000E+00 0.00000E+00 0.00000E+00 0.00000E+00 0.00000E+00 0.00000E+00 0.00000E+00
 1.36361E+02 6.00584E-18 0.00000E+00 0.00000E+00 0.00000E+00 0.00000E+00 0.00000E+00 0.00000E+00 0.00000E+00 0.00000E+00 0.00000E+00 0.00000E+00 0.00000E+00 0.00000E+00 0.00000E+00 0.00000E+00 0.00000E+00 0.00000E+00
 1.38168E+02 5.82079E-18 0.00000E+00 0.00000E+00 0.00000E+00 0.00000E+00 0.00000E+00 0.00000E+00 0.00000E+00 0.00000E+00 0.00000E+00 0.00000E+00 0.00000E+00 0.00000E+00 0.00000E+00 0.00000E+00 0.00000E+00 0.00000E+00
 1.40000E+02 5.59198E-18 0.00000E+00 0.00000E+00 0.00000E+00 0.00000E+00 0.00000E+00 0.00000E+00 0.00000E+00 0.00000E+00 0.00000E+00 0.00000E+00 0.00000E+00 0.00000E+00 0.00000E+00 0.00000E+00 0.00000E+00 0.00000E+00
 1.42436E+02 5.26266E-18 0.00000E+00 0.00000E+00 0.00000E+00 0.00000E+00 0.00000E+00 0.00000E+00 0.00000E+00 0.00000E+00 0.00000E+00 0.00000E+00 0.00000E+00 0.00000E+00 0.00000E+00 0.00000E+00 0.00000E+00 0.00000E+00
 1.44914E+02 4.91595E-18 0.00000E+00 0.00000E+00 0.00000E+00 0.00000E+00 0.00000E+00 0.00000E+00 0.00000E+00 0.00000E+00 0.00000E+00 0.00000E+00 0.00000E+00 0.00000E+00 0.00000E+00 0.00000E+00 0.00000E+00 0.00000E+00
 1.47435E+02 4.57333E-18 0.00000E+00 0.00000E+00 0.00000E+00 0.00000E+00 0.00000E+00 0.00000E+00 0.00000E+00 0.00000E+00 0.00000E+00 0.00000E+00 0.00000E+00 0.00000E+00 0.00000E+00 0.00000E+00 0.00000E+00 0.00000E+00
 1.50000E+02 4.24120E-18 0.00000E+00 0.00000E+00 0.00000E+00 0.00000E+00 0.00000E+00 0.00000E+00 0.00000E+00 0.00000E+00 0.00000E+00 0.00000E+00 0.00000E+00 0.00000E+00 0.00000E+00 0.00000E+00 0.00000E+00 0.00000E+00
 1.52918E+02 3.88793E-18 0.00000E+00 0.00000E+00 0.00000E+00 0.00000E+00 0.00000E+00 0.00000E+00 0.00000E+00 0.00000E+00 0.00000E+00 0.00000E+00 0.00000E+00 0.00000E+00 0.00000E+00 0.00000E+00 0.00000E+00 0.00000E+00
 1.55893E+02 3.55433E-18 0.00000E+00 0.00000E+00 0.00000E+00 0.00000E+00 0.00000E+00 0.00000E+00 0.00000E+00 0.00000E+00 0.00000E+00 0.00000E+00 0.00000E+00 0.00000E+00 0.00000E+00 0.00000E+00 0.00000E+00 0.00000E+00
 1.58926E+02 3.24343E-18 0.00000E+00 0.00000E+00 0.00000E+00 0.00000E+00 0.00000E+00 0.00000E+00 0.00000E+00 0.00000E+00 0.00000E+00 0.00000E+00 0.00000E+00 0.00000E+00 0.00000E+00 0.00000E+00 0.00000E+00 0.00000E+00
 1.62019E+02 2.95367E-18 0.00000E+00 0.00000E+00 0.00000E+00 0.00000E+00 0.00000E+00 0.00000E+00 0.00000E+00 0.00000E+00 0.00000E+00 0.00000E+00 0.00000E+00 0.00000E+00 0.00000E+00 0.00000E+00 0.00000E+00 0.00000E+00
 1.65171E+02 2.68312E-18 0.00000E+00 0.00000E+00 0.00000E+00 0.00000E+00 0.00000E+00 0.00000E+00 0.00000E+00 0.00000E+00 0.00000E+00 0.00000E+00 0.00000E+00 0.00000E+00 0.00000E+00 0.00000E+00 0.00000E+00 0.00000E+00
 1.68384E+02 2.43239E-18 0.00000E+00 0.00000E+00 0.00000E+00 0.00000E+00 0.00000E+00 0.00000E+00 0.00000E+00 0.00000E+00 0.00000E+00 0.00000E+00 0.00000E+00 0.00000E+00 0.00000E+00 0.00000E+00 0.00000E+00 0.00000E+00
 1.75000E+02 1.98966E-18 0.00000E+00 0.00000E+00 0.00000E+00 0.00000E+00 0.00000E+00 0.00000E+00 0.00000E+00 0.00000E+00 0.00000E+00 0.00000E+00 0.00000E+00 0.00000E+00 0.00000E+00 0.00000E+00 0.00000E+00 0.00000E+00
 1.87083E+02 1.40102E-18 0.00000E+00 0.00000E+00 0.00000E+00 0.00000E+00 0.00000E+00 0.00000E+00 0.00000E+00 0.00000E+00 0.00000E+00 0.00000E+00 0.00000E+00 0.00000E+00 0.00000E+00 0.00000E+00 0.00000E+00 0.00000E+00
 1.93434E+02 1.18083E-18 0.00000E+00 0.00000E+00 0.00000E+00 0.00000E+00 0.00000E+00 0.00000E+00 0.00000E+00 0.00000E+00 0.00000E+00 0.00000E+00 0.00000E+00 0.00000E+00 0.00000E+00 0.00000E+00 0.00000E+00 0.00000E+00
 2.00000E+02 1.00096E-18 0.00000E+00 0.00000E+00 0.00000E+00 0.00000E+00 0.00000E+00 0.00000E+00 0.00000E+00 0.00000E+00 0.00000E+00 0.00000E+00 0.00000E+00 0.00000E+00 0.00000E+00 0.00000E+00 0.00000E+00 0.00000E+00
 2.04823E+02 8.94264E-19 0.00000E+00 0.00000E+00 0.00000E+00 0.00000E+00 0.00000E+00 0.00000E+00 0.00000E+00 0.00000E+00 0.00000E+00 0.00000E+00 0.00000E+00 0.00000E+00 0.00000E+00 0.00000E+00 0.00000E+00 0.00000E+00
 2.09762E+02 8.03165E-19 0.00000E+00 0.00000E+00 0.00000E+00 0.00000E+00 0.00000E+00 0.00000E+00 0.00000E+00 0.00000E+00 0.00000E+00 0.00000E+00 0.00000E+00 0.00000E+00 0.00000E+00 0.00000E+00 0.00000E+00 0.00000E+00
 2.14820E+02 7.25665E-19 0.00000E+00 0.00000E+00 0.00000E+00 0.00000E+00 0.00000E+00 0.00000E+00 0.00000E+00 0.00000E+00 0.00000E+00 0.00000E+00 0.00000E+00 0.00000E+00 0.00000E+00 0.00000E+00 0.00000E+00 0.00000E+00
 2.17395E+02 6.91296E-19 0.00000E+00 0.00000E+00 0.00000E+00 0.00000E+00 0.00000E+00 0.00000E+00 0.00000E+00 0.00000E+00 0.00000E+00 0.00000E+00 0.00000E+00 0.00000E+00 0.00000E+00 0.00000E+00 0.00000E+00 0.00000E+00
 2.20000E+02 6.59980E-19 0.00000E+00 0.00000E+00 0.00000E+00 0.00000E+00 0.00000E+00 0.00000E+00 0.00000E+00 0.00000E+00 0.00000E+00 0.00000E+00 0.00000E+00 0.00000E+00 0.00000E+00 0.00000E+00 0.00000E+00 0.00000E+00
 2.24603E+02 6.11657E-19 0.00000E+00 0.00000E+00 0.00000E+00 0.00000E+00 0.00000E+00 0.00000E+00 0.00000E+00 0.00000E+00 0.00000E+00 0.00000E+00 0.00000E+00 0.00000E+00 0.00000E+00 0.00000E+00 0.00000E+00 0.00000E+00
 2.29303E+02 5.70611E-19 0.00000E+00 0.00000E+00 0.00000E+00 0.00000E+00 0.00000E+00 0.00000E+00 0.00000E+00 0.00000E+00 0.00000E+00 0.00000E+00 0.00000E+00 0.00000E+00 0.00000E+00 0.00000E+00 0.00000E+00 0.00000E+00
 2.34101E+02 5.35981E-19 0.00000E+00 0.00000E+00 0.00000E+00 0.00000E+00 0.00000E+00 0.00000E+00 0.00000E+00 0.00000E+00 0.00000E+00 0.00000E+00 0.00000E+00 0.00000E+00 0.00000E+00 0.00000E+00 0.00000E+00 0.00000E+00
 2.36538E+02 5.20655E-19 0.00000E+00 0.00000E+00 0.00000E+00 0.00000E+00 0.00000E+00 0.00000E+00 0.00000E+00 0.00000E+00 0.00000E+00 0.00000E+00 0.00000E+00 0.00000E+00 0.00000E+00 0.00000E+00 0.00000E+00 0.00000E+00
 2.39000E+02 5.06970E-19 0.00000E+00 0.00000E+00 0.00000E+00 0.00000E+00 0.00000E+00 0.00000E+00 0.00000E+00 0.00000E+00 0.00000E+00 0.00000E+00 0.00000E+00 0.00000E+00 0.00000E+00 0.00000E+00 0.00000E+00 0.00000E+00
 2.39000E+02 8.28738E-19 0.00000E+00 0.00000E+00 0.00000E+00 0.00000E+00 0.00000E+00 0.00000E+00 0.00000E+00 0.00000E+00 0.00000E+00 0.00000E+00 0.00000E+00 0.00000E+00 0.00000E+00 0.00000E+00 0.00000E+00 0.00000E+00
 2.40348E+02 8.14363E-19 0.00000E+00 0.00000E+00 0.00000E+00 0.00000E+00 0.00000E+00 0.00000E+00 0.00000E+00 0.00000E+00 0.00000E+00 0.00000E+00 0.00000E+00 0.00000E+00 0.00000E+00 0.00000E+00 0.00000E+00 0.00000E+00
 2.41704E+02 8.02035E-19 0.00000E+00 0.00000E+00 0.00000E+00 0.00000E+00 0.00000E+00 0.00000E+00 0.00000E+00 0.00000E+00 0.00000E+00 0.00000E+00 0.00000E+00 0.00000E+00 0.00000E+00 0.00000E+00 0.00000E+00 0.00000E+00
 2.44438E+02 7.81214E-19 0.00000E+00 0.00000E+00 0.00000E+00 0.00000E+00 0.00000E+00 0.00000E+00 0.00000E+00 0.00000E+00 0.00000E+00 0.00000E+00 0.00000E+00 0.00000E+00 0.00000E+00 0.00000E+00 0.00000E+00 0.00000E+00
 2.47203E+02 7.64784E-19 0.00000E+00 0.00000E+00 0.00000E+00 0.00000E+00 0.00000E+00 0.00000E+00 0.00000E+00 0.00000E+00 0.00000E+00 0.00000E+00 0.00000E+00 0.00000E+00 0.00000E+00 0.00000E+00 0.00000E+00 0.00000E+00
 2.50000E+02 7.50851E-19 0.00000E+00 0.00000E+00 0.00000E+00 0.00000E+00 0.00000E+00 0.00000E+00 0.00000E+00 0.00000E+00 0.00000E+00 0.00000E+00 0.00000E+00 0.00000E+00 0.00000E+00 0.00000E+00 0.00000E+00 0.00000E+00
 2.55763E+02 7.27631E-19 0.00000E+00 0.00000E+00 0.00000E+00 0.00000E+00 0.00000E+00 0.00000E+00 0.00000E+00 0.00000E+00 0.00000E+00 0.00000E+00 0.00000E+00 0.00000E+00 0.00000E+00 0.00000E+00 0.00000E+00 0.00000E+00
 2.61659E+02 7.07981E-19 0.00000E+00 0.00000E+00 0.00000E+00 0.00000E+00 0.00000E+00 0.00000E+00 0.00000E+00 0.00000E+00 0.00000E+00 0.00000E+00 0.00000E+00 0.00000E+00 0.00000E+00 0.00000E+00 0.00000E+00 0.00000E+00
 2.67691E+02 6.90555E-19 0.00000E+00 0.00000E+00 0.00000E+00 0.00000E+00 0.00000E+00 0.00000E+00 0.00000E+00 0.00000E+00 0.00000E+00 0.00000E+00 0.00000E+00 0.00000E+00 0.00000E+00 0.00000E+00 0.00000E+00 0.00000E+00
 2.73861E+02 6.75680E-19 0.00000E+00 0.00000E+00 0.00000E+00 0.00000E+00 0.00000E+00 0.00000E+00 0.00000E+00 0.00000E+00 0.00000E+00 0.00000E+00 0.00000E+00 0.00000E+00 0.00000E+00 0.00000E+00 0.00000E+00 0.00000E+00
 2.80174E+02 6.63496E-19 0.00000E+00 0.00000E+00 0.00000E+00 0.00000E+00 0.00000E+00 0.00000E+00 0.00000E+00 0.00000E+00 0.00000E+00 0.00000E+00 0.00000E+00 0.00000E+00 0.00000E+00 0.00000E+00 0.00000E+00 0.00000E+00
 2.86633E+02 6.54487E-19 0.00000E+00 0.00000E+00 0.00000E+00 0.00000E+00 0.00000E+00 0.00000E+00 0.00000E+00 0.00000E+00 0.00000E+00 0.00000E+00 0.00000E+00 0.00000E+00 0.00000E+00 0.00000E+00 0.00000E+00 0.00000E+00
 2.93240E+02 6.47732E-19 0.00000E+00 0.00000E+00 0.00000E+00 0.00000E+00 0.00000E+00 0.00000E+00 0.00000E+00 0.00000E+00 0.00000E+00 0.00000E+00 0.00000E+00 0.00000E+00 0.00000E+00 0.00000E+00 0.00000E+00 0.00000E+00
 3.00000E+02 6.42936E-19 0.00000E+00 0.00000E+00 0.00000E+00 0.00000E+00 0.00000E+00 0.00000E+00 0.00000E+00 0.00000E+00 0.00000E+00 0.00000E+00 0.00000E+00 0.00000E+00 0.00000E+00 0.00000E+00 0.00000E+00 0.00000E+00
 3.14000E+02 6.37558E-19 0.00000E+00 0.00000E+00 0.00000E+00 0.00000E+00 0.00000E+00 0.00000E+00 0.00000E+00 0.00000E+00 0.00000E+00 0.00000E+00 0.00000E+00 0.00000E+00 0.00000E+00 0.00000E+00 0.00000E+00 0.00000E+00
 3.14000E+02 7.52352E-19 0.00000E+00 0.00000E+00 0.00000E+00 0.00000E+00 0.00000E+00 0.00000E+00 0.00000E+00 0.00000E+00 0.00000E+00 0.00000E+00 0.00000E+00 0.00000E+00 0.00000E+00 0.00000E+00 0.00000E+00 0.00000E+00
 3.18289E+02 7.45842E-19 0.00000E+00 0.00000E+00 0.00000E+00 0.00000E+00 0.00000E+00 0.00000E+00 0.00000E+00 0.00000E+00 0.00000E+00 0.00000E+00 0.00000E+00 0.00000E+00 0.00000E+00 0.00000E+00 0.00000E+00 0.00000E+00
 3.22637E+02 7.41277E-19 0.00000E+00 0.00000E+00 0.00000E+00 0.00000E+00 0.00000E+00 0.00000E+00 0.00000E+00 0.00000E+00 0.00000E+00 0.00000E+00 0.00000E+00 0.00000E+00 0.00000E+00 0.00000E+00 0.00000E+00 0.00000E+00
 3.31512E+02 7.31953E-19 0.00000E+00 0.00000E+00 0.00000E+00 0.00000E+00 0.00000E+00 0.00000E+00 0.00000E+00 0.00000E+00 0.00000E+00 0.00000E+00 0.00000E+00 0.00000E+00 0.00000E+00 0.00000E+00 0.00000E+00 0.00000E+00
 3.50000E+02 7.13736E-19 0.00000E+00 0.00000E+00 0.00000E+00 0.00000E+00 0.00000E+00 0.00000E+00 0.00000E+00 0.00000E+00 0.00000E+00 0.00000E+00 0.00000E+00 0.00000E+00 0.00000E+00 0.00000E+00 0.00000E+00 0.00000E+00
 3.66606E+02 7.00848E-19 0.00000E+00 0.00000E+00 0.00000E+00 0.00000E+00 0.00000E+00 0.00000E+00 0.00000E+00 0.00000E+00 0.00000E+00 0.00000E+00 0.00000E+00 0.00000E+00 0.00000E+00 0.00000E+00 0.00000E+00 0.00000E+00
 3.84000E+02 6.89892E-19 0.00000E+00 0.00000E+00 0.00000E+00 0.00000E+00 0.00000E+00 0.00000E+00 0.00000E+00 0.00000E+00 0.00000E+00 0.00000E+00 0.00000E+00 0.00000E+00 0.00000E+00 0.00000E+00 0.00000E+00 0.00000E+00
 3.84000E+02 7.38677E-19 0.00000E+00 0.00000E+00 0.00000E+00 0.00000E+00 0.00000E+00 0.00000E+00 0.00000E+00 0.00000E+00 0.00000E+00 0.00000E+00 0.00000E+00 0.00000E+00 0.00000E+00 0.00000E+00 0.00000E+00 0.00000E+00
 3.87939E+02 7.31629E-19 0.00000E+00 0.00000E+00 0.00000E+00 0.00000E+00 0.00000E+00 0.00000E+00 0.00000E+00 0.00000E+00 0.00000E+00 0.00000E+00 0.00000E+00 0.00000E+00 0.00000E+00 0.00000E+00 0.00000E+00 0.00000E+00
 3.91918E+02 7.27008E-19 0.00000E+00 0.00000E+00 0.00000E+00 0.00000E+00 0.00000E+00 0.00000E+00 0.00000E+00 0.00000E+00 0.00000E+00 0.00000E+00 0.00000E+00 0.00000E+00 0.00000E+00 0.00000E+00 0.00000E+00 0.00000E+00
 4.00000E+02 7.20623E-19 0.00000E+00 0.00000E+00 0.00000E+00 0.00000E+00 0.00000E+00 0.00000E+00 0.00000E+00 0.00000E+00 0.00000E+00 0.00000E+00 0.00000E+00 0.00000E+00 0.00000E+00 0.00000E+00 0.00000E+00 0.00000E+00
 4.24264E+02 7.04447E-19 0.00000E+00 0.00000E+00 0.00000E+00 0.00000E+00 0.00000E+00 0.00000E+00 0.00000E+00 0.00000E+00 0.00000E+00 0.00000E+00 0.00000E+00 0.00000E+00 0.00000E+00 0.00000E+00 0.00000E+00 0.00000E+00
 4.50000E+02 6.85791E-19 0.00000E+00 0.00000E+00 0.00000E+00 0.00000E+00 0.00000E+00 0.00000E+00 0.00000E+00 0.00000E+00 0.00000E+00 0.00000E+00 0.00000E+00 0.00000E+00 0.00000E+00 0.00000E+00 0.00000E+00 0.00000E+00
 4.79000E+02 6.64291E-19 0.00000E+00 0.00000E+00 0.00000E+00 0.00000E+00 0.00000E+00 0.00000E+00 0.00000E+00 0.00000E+00 0.00000E+00 0.00000E+00 0.00000E+00 0.00000E+00 0.00000E+00 0.00000E+00 0.00000E+00 0.00000E+00
 4.79000E+02 7.35521E-19 0.00000E+00 0.00000E+00 0.00000E+00 0.00000E+00 0.00000E+00 0.00000E+00 0.00000E+00 0.00000E+00 0.00000E+00 0.00000E+00 0.00000E+00 0.00000E+00 0.00000E+00 0.00000E+00 0.00000E+00 7.12304E-20
 4.82707E+02 7.28105E-19 0.00000E+00 0.00000E+00 0.00000E+00 0.00000E+00 0.00000E+00 0.00000E+00 0.00000E+00 0.00000E+00 0.00000E+00 0.00000E+00 0.00000E+00 0.00000E+00 0.00000E+00 0.00000E+00 0.00000E+00 6.66328E-20
 4.86442E+02 7.24419E-19 0.00000E+00 0.00000E+00 0.00000E+00 0.00000E+00 0.00000E+00 0.00000E+00 0.00000E+00 0.00000E+00 0.00000E+00 0.00000E+00 0.00000E+00 0.00000E+00 0.00000E+00 0.00000E+00 0.00000E+00 6.57404E-20
 4.94000E+02 7.19747E-19 0.00000E+00 0.00000E+00 0.00000E+00 0.00000E+00 0.00000E+00 0.00000E+00 0.00000E+00 0.00000E+00 0.00000E+00 0.00000E+00 0.00000E+00 0.00000E+00 0.00000E+00 0.00000E+00 0.00000E+00 6.66303E-20
 4.94000E+02 7.66323E-19 0.00000E+00 0.00000E+00 0.00000E+00 0.00000E+00 0.00000E+00 0.00000E+00 0.00000E+00 0.00000E+00 0.00000E+00 0.00000E+00 0.00000E+00 0.00000E+00 0.00000E+00 0.00000E+00 4.65760E-20 6.66303E-20
 5.00000E+02 7.66505E-19 0.00000E+00 0.00000E+00 0.00000E+00 0.00000E+00 0.00000E+00 0.00000E+00 0.00000E+00 0.00000E+00 0.00000E+00 0.00000E+00 0.00000E+00 0.00000E+00 0.00000E+00 0.00000E+00 4.76892E-20 7.02811E-20
 5.02987E+02 7.68811E-19 0.00000E+00 0.00000E+00 0.00000E+00 0.00000E+00 0.00000E+00 0.00000E+00 0.00000E+00 0.00000E+00 0.00000E+00 0.00000E+00 0.00000E+00 0.00000E+00 0.00000E+00 0.00000E+00 4.82482E-20 7.44461E-20
 5.05993E+02 7.73435E-19 0.00000E+00 0.00000E+00 0.00000E+00 0.00000E+00 0.00000E+00 0.00000E+00 0.00000E+00 0.00000E+00 0.00000E+00 0.00000E+00 0.00000E+00 0.00000E+00 0.00000E+00 0.00000E+00 4.88060E-20 8.09164E-20
 5.09016E+02 7.80882E-19 0.00000E+00 0.00000E+00 0.00000E+00 0.00000E+00 0.00000E+00 0.00000E+00 0.00000E+00 0.00000E+00 0.00000E+00 0.00000E+00 0.00000E+00 0.00000E+00 0.00000E+00 0.00000E+00 4.92627E-20 9.02964E-20
 5.12057E+02 7.92343E-19 0.00000E+00 0.00000E+00 0.00000E+00 0.00000E+00 0.00000E+00 0.00000E+00 0.00000E+00 0.00000E+00 0.00000E+00 0.00000E+00 0.00000E+00 0.00000E+00 0.00000E+00 0.00000E+00 5.01302E-20 1.03261E-19
 5.15116E+02 8.09026E-19 0.00000E+00 0.00000E+00 0.00000E+00 0.00000E+00 0.00000E+00 0.00000E+00 0.00000E+00 0.00000E+00 0.00000E+00 0.00000E+00 0.00000E+00 0.00000E+00 0.00000E+00 0.00000E+00 5.18517E-20 1.20574E-19
 5.18194E+02 8.32174E-19 0.00000E+00 0.00000E+00 0.00000E+00 0.00000E+00 0.00000E+00 0.00000E+00 0.00000E+00 0.00000E+00 0.00000E+00 0.00000E+00 0.00000E+00 0.00000E+00 0.00000E+00 0.00000E+00 5.48901E-20 1.43051E-19
 5.19740E+02 8.46558E-19 0.00000E+00 0.00000E+00 0.00000E+00 0.00000E+00 0.00000E+00 0.00000E+00 0.00000E+00 0.00000E+00 0.00000E+00 0.00000E+00 0.00000E+00 0.00000E+00 0.00000E+00 0.00000E+00 5.70453E-20 1.56476E-19
 5.21290E+02 8.63025E-19 0.00000E+00 0.00000E+00 0.00000E+00 0.00000E+00 0.00000E+00 0.00000E+00 0.00000E+00 0.00000E+00 0.00000E+00 0.00000E+00 0.00000E+00 0.00000E+00 0.00000E+00 0.00000E+00 5.96793E-20 1.71520E-19
 5.24404E+02 9.02553E-19 0.00000E+00 0.00000E+00 0.00000E+00 0.00000E+00 0.00000E+00 0.00000E+00 0.00000E+00 0.00000E+00 0.00000E+00 0.00000E+00 0.00000E+00 0.00000E+00 0.00000E+00 0.00000E+00 6.67563E-20 2.06470E-19
 5.27538E+02 9.51768E-19 0.00000E+00 0.00000E+00 0.00000E+00 0.00000E+00 0.00000E+00 0.00000E+00 0.00000E+00 0.00000E+00 0.00000E+00 0.00000E+00 0.00000E+00 0.00000E+00 0.00000E+00 0.00000E+00 7.65845E-20 2.48385E-19
 5.30689E+02 1.01155E-18 0.00000E+00 0.00000E+00 0.00000E+00 0.00000E+00 0.00000E+00 0.00000E+00 0.00000E+00 0.00000E+00 0.00000E+00 0.00000E+00 0.00000E+00 0.00000E+00 0.00000E+00 0.00000E+00 8.97812E-20 2.97488E-19
 5.33860E+02 1.08201E-18 0.00000E+00 0.00000E+00 0.00000E+00 0.00000E+00 0.00000E+00 0.00000E+00 0.00000E+00 0.00000E+00 0.00000E+00 0.00000E+00 0.00000E+00 0.00000E+00 0.00000E+00 0.00000E+00 1.06979E-19 3.53242E-19
 5.37050E+02 1.16333E-18 0.00000E+00 0.00000E+00 0.00000E+00 0.00000E+00 0.00000E+00 0.00000E+00 0.00000E+00 0.00000E+00 0.00000E+00 0.00000E+00 0.00000E+00 0.00000E+00 0.00000E+00 0.00000E+00 1.28782E-19 4.15250E-19
 5.40258E+02 1.25536E-18 0.00000E+00 0.00000E+00 0.00000E+00 0.00000E+00 0.00000E+00 0.00000E+00 0.00000E+00 0.00000E+00 0.00000E+00 0.00000E+00 0.00000E+00 0.00000E+00 0.00000E+00 0.00000E+00 1.55603E-19 4.82911E-19
 5.43486E+02 1.35747E-18 0.00000E+00 0.00000E+00 0.00000E+00 0.00000E+00 0.00000E+00 0.00000E+00 0.00000E+00 0.00000E+00 0.00000E+00 0.00000E+00 0.00000E+00 0.00000E+00 0.00000E+00 0.00000E+00 1.87717E-19 5.55388E-19
 5.50000E+02 1.59014E-18 0.00000E+00 0.00000E+00 0.00000E+00 0.00000E+00 0.00000E+00 0.00000E+00 0.00000E+00 0.00000E+00 0.00000E+00 0.00000E+00 0.00000E+00 0.00000E+00 0.00000E+00 0.00000E+00 2.67612E-19 7.13293E-19
 5.52999E+02 1.70760E-18 0.00000E+00 0.00000E+00 0.00000E+00 0.00000E+00 0.00000E+00 0.00000E+00 0.00000E+00 0.00000E+00 0.00000E+00 0.00000E+00 0.00000E+00 0.00000E+00 0.00000E+00 0.00000E+00 3.10362E-19 7.90505E-19
 5.56015E+02 1.83007E-18 0.00000E+00 0.00000E+00 0.00000E+00 0.00000E+00 0.00000E+00 0.00000E+00 0.00000E+00 0.00000E+00 0.00000E+00 0.00000E+00 0.00000E+00 0.00000E+00 0.00000E+00 0.00000E+00 3.56585E-19 8.69237E-19
 5.62095E+02 2.08704E-18 0.00000E+00 0.00000E+00 0.00000E+00 0.00000E+00 0.00000E+00 0.00000E+00 0.00000E+00 0.00000E+00 0.00000E+00 0.00000E+00 0.00000E+00 0.00000E+00 0.00000E+00 0.00000E+00 4.58055E-19 1.02967E-18
 5.65160E+02 2.21876E-18 0.00000E+00 0.00000E+00 0.00000E+00 0.00000E+00 0.00000E+00 0.00000E+00 0.00000E+00 0.00000E+00 0.00000E+00 0.00000E+00 0.00000E+00 0.00000E+00 0.00000E+00 0.00000E+00 5.12313E-19 1.10959E-18
 5.68242E+02 2.35163E-18 0.00000E+00 0.00000E+00 0.00000E+00 0.00000E+00 0.00000E+00 0.00000E+00 0.00000E+00 0.00000E+00 0.00000E+00 0.00000E+00 0.00000E+00 0.00000E+00 0.00000E+00 0.00000E+00 5.69169E-19 1.18807E-18
 5.71341E+02 2.48258E-18 0.00000E+00 0.00000E+00 0.00000E+00 0.00000E+00 0.00000E+00 0.00000E+00 0.00000E+00 0.00000E+00 0.00000E+00 0.00000E+00 0.00000E+00 0.00000E+00 0.00000E+00 0.00000E+00 6.26964E-19 1.26372E-18
 5.74456E+02 2.61309E-18 0.00000E+00 0.00000E+00 0.00000E+00 0.00000E+00 0.00000E+00 0.00000E+00 0.00000E+00 0.00000E+00 0.00000E+00 0.00000E+00 0.00000E+00 0.00000E+00 0.00000E+00 0.00000E+00 6.86301E-19 1.33739E-18
 5.77589E+02 2.73902E-18 0.00000E+00 0.00000E+00 0.00000E+00 0.00000E+00 0.00000E+00 0.00000E+00 0.00000E+00 0.00000E+00 0.00000E+00 0.00000E+00 0.00000E+00 0.00000E+00 0.00000E+00 0.00000E+00 7.45602E-19 1.40648E-18
 5.80738E+02 2.86148E-18 0.00000E+00 0.00000E+00 0.00000E+00 0.00000E+00 0.00000E+00 0.00000E+00 0.00000E+00 0.00000E+00 0.00000E+00 0.00000E+00 0.00000E+00 0.00000E+00 0.00000E+00 0.00000E+00 8.04441E-19 1.47256E-18
 5.83905E+02 2.97752E-18 0.00000E+00 0.00000E+00 0.00000E+00 0.00000E+00 0.00000E+00 0.00000E+00 0.00000E+00 0.00000E+00 0.00000E+00 0.00000E+00 0.00000E+00 0.00000E+00 0.00000E+00 0.00000E+00 8.61796E-19 1.53368E-18
 5.87089E+02 3.08861E-18 0.00000E+00 0.00000E+00 0.00000E+00 0.00000E+00 0.00000E+00 0.00000E+00 0.00000E+00 0.00000E+00 0.00000E+00 0.00000E+00 0.00000E+00 0.00000E+00 0.00000E+00 0.00000E+00 9.17909E-19 1.59109E-18
 5.90291E+02 3.19297E-18 0.00000E+00 0.00000E+00 0.00000E+00 0.00000E+00 0.00000E+00 0.00000E+00 0.00000E+00 0.00000E+00 0.00000E+00 0.00000E+00 0.00000E+00 0.00000E+00 0.00000E+00 0.00000E+00 9.71342E-19 1.64444E-18
 5.93510E+02 3.29050E-18 0.00000E+00 0.00000E+00 0.00000E+00 0.00000E+00 0.00000E+00 0.00000E+00 0.00000E+00 0.00000E+00 0.00000E+00 0.00000E+00 0.00000E+00 0.00000E+00 0.00000E+00 0.00000E+00 1.02182E-18 1.69393E-18
 5.96746E+02 3.38145E-18 0.00000E+00 0.00000E+00 0.00000E+00 0.00000E+00 0.00000E+00 0.00000E+00 0.00000E+00 0.00000E+00 0.00000E+00 0.00000E+00 0.00000E+00 0.00000E+00 0.00000E+00 0.00000E+00 1.06968E-18 1.73948E-18
 6.00000E+02 3.46509E-18 0.00000E+00 0.00000E+00 0.00000E+00 0.00000E+00 0.00000E+00 0.00000E+00 0.00000E+00 0.00000E+00 0.00000E+00 0.00000E+00 0.00000E+00 0.00000E+00 0.00000E+00 0.00000E+00 1.11387E-18 1.78148E-18
 6.05809E+02 3.59784E-18 0.00000E+00 0.00000E+00 0.00000E+00 0.00000E+00 0.00000E+00 0.00000E+00 0.00000E+00 0.00000E+00 0.00000E+00 0.00000E+00 0.00000E+00 0.00000E+00 0.00000E+00 0.00000E+00 1.18530E-18 1.84750E-18
 6.11673E+02 3.71048E-18 0.00000E+00 0.00000E+00 0.00000E+00 0.00000E+00 0.00000E+00 0.00000E+00 0.00000E+00 0.00000E+00 0.00000E+00 0.00000E+00 0.00000E+00 0.00000E+00 0.00000E+00 0.00000E+00 1.24757E-18 1.90251E-18
 6.17595E+02 3.80572E-18 0.00000E+00 0.00000E+00 0.00000E+00 0.00000E+00 0.00000E+00 0.00000E+00 0.00000E+00 0.00000E+00 0.00000E+00 0.00000E+00 0.00000E+00 0.00000E+00 0.00000E+00 0.00000E+00 1.30132E-18 1.94865E-18
 6.23574E+02 3.88279E-18 0.00000E+00 0.00000E+00 0.00000E+00 0.00000E+00 0.00000E+00 0.00000E+00 0.00000E+00 0.00000E+00 0.00000E+00 0.00000E+00 0.00000E+00 0.00000E+00 0.00000E+00 0.00000E+00 1.34704E-18 1.98468E-18
 6.29611E+02 3.94280E-18 0.00000E+00 0.00000E+00 0.00000E+00 0.00000E+00 0.00000E+00 0.00000E+00 0.00000E+00 0.00000E+00 0.00000E+00 0.00000E+00 0.00000E+00 0.00000E+00 0.00000E+00 0.00000E+00 1.38475E-18 2.01161E-18
 6.35706E+02 3.98876E-18 0.00000E+00 0.00000E+00 0.00000E+00 0.00000E+00 0.00000E+00 0.00000E+00 0.00000E+00 0.00000E+00 0.00000E+00 0.00000E+00 0.00000E+00 0.00000E+00 0.00000E+00 0.00000E+00 1.41573E-18 2.03116E-18
 6.41860E+02 4.02092E-18 0.00000E+00 0.00000E+00 0.00000E+00 0.00000E+00 0.00000E+00 0.00000E+00 0.00000E+00 0.00000E+00 0.00000E+00 0.00000E+00 0.00000E+00 0.00000E+00 0.00000E+00 0.00000E+00 1.43952E-18 2.04411E-18
 6.48074E+02 4.04118E-18 0.00000E+00 0.00000E+00 0.00000E+00 0.00000E+00 0.00000E+00 0.00000E+00 0.00000E+00 0.00000E+00 0.00000E+00 0.00000E+00 0.00000E+00 0.00000E+00 0.00000E+00 0.00000E+00 1.45694E-18 2.05163E-18
 6.60683E+02 4.05435E-18 0.00000E+00 0.00000E+00 0.00000E+00 0.00000E+00 0.00000E+00 0.00000E+00 0.00000E+00 0.00000E+00 0.00000E+00 0.00000E+00 0.00000E+00 0.00000E+00 0.00000E+00 0.00000E+00 1.47713E-18 2.05429E-18
 6.73537E+02 4.03954E-18 0.00000E+00 0.00000E+00 0.00000E+00 0.00000E+00 0.00000E+00 0.00000E+00 0.00000E+00 0.00000E+00 0.00000E+00 0.00000E+00 0.00000E+00 0.00000E+00 0.00000E+00 0.00000E+00 1.48290E-18 2.04332E-18
 6.86641E+02 4.00721E-18 0.00000E+00 0.00000E+00 0.00000E+00 0.00000E+00 0.00000E+00 0.00000E+00 0.00000E+00 0.00000E+00 0.00000E+00 0.00000E+00 0.00000E+00 0.00000E+00 0.00000E+00 0.00000E+00 1.47887E-18 2.02451E-18
 7.00000E+02 3.95616E-18 0.00000E+00 0.00000E+00 0.00000E+00 0.00000E+00 0.00000E+00 0.00000E+00 0.00000E+00 0.00000E+00 0.00000E+00 0.00000E+00 0.00000E+00 0.00000E+00 0.00000E+00 0.00000E+00 1.46689E-18 1.99494E-18
 7.11782E+02 3.90062E-18 0.00000E+00 0.00000E+00 0.00000E+00 0.00000E+00 0.00000E+00 0.00000E+00 0.00000E+00 0.00000E+00 0.00000E+00 0.00000E+00 0.00000E+00 0.00000E+00 0.00000E+00 0.00000E+00 1.45050E-18 1.96435E-18
 7.23762E+02 3.83794E-18 0.00000E+00 0.00000E+00 0.00000E+00 0.00000E+00 0.00000E+00 0.00000E+00 0.00000E+00 0.00000E+00 0.00000E+00 0.00000E+00 0.00000E+00 0.00000E+00 0.00000E+00 0.00000E+00 1.43044E-18 1.93014E-18
 7.48331E+02 3.69744E-18 0.00000E+00 0.00000E+00 0.00000E+00 0.00000E+00 0.00000E+00 0.00000E+00 0.00000E+00 0.00000E+00 0.00000E+00 0.00000E+00 0.00000E+00 0.00000E+00 0.00000E+00 0.00000E+00 1.38176E-18 1.85484E-18
 7.73735E+02 3.54738E-18 0.00000E+00 0.00000E+00 0.00000E+00 0.00000E+00 0.00000E+00 0.00000E+00 0.00000E+00 0.00000E+00 0.00000E+00 0.00000E+00 0.00000E+00 0.00000E+00 0.00000E+00 0.00000E+00 1.32824E-18 1.77506E-18
 8.00000E+02 3.38658E-18 0.00000E+00 0.00000E+00 0.00000E+00 0.00000E+00 0.00000E+00 0.00000E+00 0.00000E+00 0.00000E+00 0.00000E+00 0.00000E+00 0.00000E+00 0.00000E+00 0.00000E+00 0.00000E+00 1.26951E-18 1.68943E-18
 8.31384E+02 3.19569E-18 0.00000E+00 0.00000E+00 0.00000E+00 0.00000E+00 0.00000E+00 0.00000E+00 0.00000E+00 0.00000E+00 0.00000E+00 0.00000E+00 0.00000E+00 0.00000E+00 0.00000E+00 0.00000E+00 1.19846E-18 1.58886E-18
 8.64000E+02 3.00568E-18 0.00000E+00 0.00000E+00 0.00000E+00 0.00000E+00 0.00000E+00 0.00000E+00 0.00000E+00 0.00000E+00 0.00000E+00 0.00000E+00 0.00000E+00 0.00000E+00 0.00000E+00 0.00000E+00 1.12687E-18 1.48910E-18
 8.64000E+02 3.07311E-18 0.00000E+00 0.00000E+00 0.00000E+00 0.00000E+00 0.00000E+00 0.00000E+00 0.00000E+00 0.00000E+00 0.00000E+00 0.00000E+00 0.00000E+00 0.00000E+00 0.00000E+00 6.74331E-20 1.12687E-18 1.48910E-18
 8.66207E+02 3.08651E-18 0.00000E+00 0.00000E+00 0.00000E+00 0.00000E+00 0.00000E+00 0.00000E+00 0.00000E+00 0.00000E+00 0.00000E+00 0.00000E+00 0.00000E+00 0.00000E+00 0.00000E+00 9.31832E-20 1.12221E-18 1.48263E-18
 8.68420E+02 3.11014E-18 0.00000E+00 0.00000E+00 0.00000E+00 0.00000E+00 0.00000E+00 0.00000E+00 0.00000E+00 0.00000E+00 0.00000E+00 0.00000E+00 0.00000E+00 0.00000E+00 0.00000E+00 1.29513E-19 1.11741E-18 1.47594E-18
 8.72863E+02 3.16764E-18 0.00000E+00 0.00000E+00 0.00000E+00 0.00000E+00 0.00000E+00 0.00000E+00 0.00000E+00 0.00000E+00 0.00000E+00 0.00000E+00 0.00000E+00 0.00000E+00 0.00000E+00 2.12520E-19 1.10773E-18 1.46251E-18
 8.75093E+02 3.18934E-18 0.00000E+00 0.00000E+00 0.00000E+00 0.00000E+00 0.00000E+00 0.00000E+00 0.00000E+00 0.00000E+00 0.00000E+00 0.00000E+00 0.00000E+00 0.00000E+00 0.00000E+00 2.46902E-19 1.10293E-18 1.45584E-18
 8.77328E+02 3.20234E-18 0.00000E+00 0.00000E+00 0.00000E+00 0.00000E+00 0.00000E+00 0.00000E+00 0.00000E+00 0.00000E+00 0.00000E+00 0.00000E+00 0.00000E+00 0.00000E+00 0.00000E+00 2.72519E-19 1.09815E-18 1.44920E-18
 8.81816E+02 3.20716E-18 0.00000E+00 0.00000E+00 0.00000E+00 0.00000E+00 0.00000E+00 0.00000E+00 0.00000E+00 0.00000E+00 0.00000E+00 0.00000E+00 0.00000E+00 0.00000E+00 0.00000E+00 3.02418E-19 1.08864E-18 1.43601E-18
 8.90862E+02 3.18186E-18 0.00000E+00 0.00000E+00 0.00000E+00 0.00000E+00 0.00000E+00 0.00000E+00 0.00000E+00 0.00000E+00 0.00000E+00 0.00000E+00 0.00000E+00 0.00000E+00 0.00000E+00 3.26615E-19 1.06988E-18 1.40998E-18
 9.00000E+02 3.14549E-18 0.00000E+00 0.00000E+00 0.00000E+00 0.00000E+00 0.00000E+00 0.00000E+00 0.00000E+00 0.00000E+00 0.00000E+00 0.00000E+00 0.00000E+00 0.00000E+00 0.00000E+00 3.40515E-19 1.05074E-18 1.38361E-18
 9.19000E+02 3.05178E-18 0.00000E+00 0.00000E+00 0.00000E+00 0.00000E+00 0.00000E+00 0.00000E+00 0.00000E+00 0.00000E+00 0.00000E+00 0.00000E+00 0.00000E+00 0.00000E+00 0.00000E+00 3.48509E-19 1.01209E-18 1.33054E-18
 9.19000E+02 3.10227E-18 0.00000E+00 0.00000E+00 0.00000E+00 0.00000E+00 0.00000E+00 0.00000E+00 0.00000E+00 0.00000E+00 0.00000E+00 0.00000E+00 0.00000E+00 0.00000E+00 5.04891E-20 3.48509E-19 1.01209E-18 1.33054E-18
 9.21429E+02 3.10041E-18 0.00000E+00 0.00000E+00 0.00000E+00 0.00000E+00 0.00000E+00 0.00000E+00 0.00000E+00 0.00000E+00 0.00000E+00 0.00000E+00 0.00000E+00 0.00000E+00 6.18558E-20 3.48180E-19 1.00715E-18 1.32381E-18
 9.23865E+02 3.10690E-18 0.00000E+00 0.00000E+00 0.00000E+00 0.00000E+00 0.00000E+00 0.00000E+00 0.00000E+00 0.00000E+00 0.00000E+00 0.00000E+00 0.00000E+00 0.00000E+00 8.15126E-20 3.47855E-19 1.00224E-18 1.31712E-18
 9.28755E+02 3.12756E-18 0.00000E+00 0.00000E+00 0.00000E+00 0.00000E+00 0.00000E+00 0.00000E+00 0.00000E+00 0.00000E+00 0.00000E+00 0.00000E+00 0.00000E+00 0.00000E+00 1.28139E-19 3.47386E-19 9.92486E-19 1.30384E-18
 9.33671E+02 3.13270E-18 0.00000E+00 0.00000E+00 0.00000E+00 0.00000E+00 0.00000E+00 0.00000E+00 0.00000E+00 0.00000E+00 0.00000E+00 0.00000E+00 0.00000E+00 0.00000E+00 1.58987E-19 3.46918E-19 9.82827E-19 1.29070E-18
 9.38613E+02 3.12162E-18 0.00000E+00 0.00000E+00 0.00000E+00 0.00000E+00 0.00000E+00 0.00000E+00 0.00000E+00 0.00000E+00 0.00000E+00 0.00000E+00 0.00000E+00 0.00000E+00 1.73379E-19 3.46450E-19 9.73262E-19 1.27768E-18
 9.58645E+02 3.04077E-18 0.00000E+00 0.00000E+00 0.00000E+00 0.00000E+00 0.00000E+00 0.00000E+00 0.00000E+00 0.00000E+00 0.00000E+00 0.00000E+00 0.00000E+00 0.00000E+00 1.94413E-19 3.44224E-19 9.35080E-19 1.22587E-18
 1.00000E+03 2.84515E-18 0.00000E+00 0.00000E+00 0.00000E+00 0.00000E+00 0.00000E+00 0.00000E+00 0.00000E+00 0.00000E+00 0.00000E+00 0.00000E+00 0.00000E+00 0.00000E+00 1.97052E-19 3.39116E-19 8.61033E-19 1.12542E-18
 1.04881E+03 2.62766E-18 0.00000E+00 0.00000E+00 0.00000E+00 0.00000E+00 0.00000E+00 0.00000E+00 0.00000E+00 0.00000E+00 0.00000E+00 0.00000E+00 0.00000E+00 0.00000E+00 1.95709E-19 3.31830E-19 7.80724E-19 1.01760E-18
 1.10000E+03 2.41963E-18 0.00000E+00 0.00000E+00 0.00000E+00 0.00000E+00 0.00000E+00 0.00000E+00 0.00000E+00 0.00000E+00 0.00000E+00 0.00000E+00 0.00000E+00 0.00000E+00 1.93123E-19 3.22511E-19 7.05149E-19 9.16714E-19
 1.19400E+03 2.08477E-18 0.00000E+00 0.00000E+00 0.00000E+00 0.00000E+00 0.00000E+00 0.00000E+00 0.00000E+00 0.00000E+00 0.00000E+00 0.00000E+00 0.00000E+00 0.00000E+00 1.85652E-19 3.03790E-19 5.86406E-19 7.59074E-19
 1.19400E+03 2.22889E-18 0.00000E+00 0.00000E+00 0.00000E+00 0.00000E+00 0.00000E+00 0.00000E+00 0.00000E+00 0.00000E+00 0.00000E+00 0.00000E+00 0.00000E+00 1.44122E-19 1.85652E-19 3.03790E-19 5.86406E-19 7.59074E-19
 1.25000E+03 2.04523E-18 0.00000E+00 0.00000E+00 0.00000E+00 0.00000E+00 0.00000E+00 0.00000E+00 0.00000E+00 0.00000E+00 0.00000E+00 0.00000E+00 0.00000E+00 1.32649E-19 1.80449E-19 2.92165E-19 5.26553E-19 6.80150E-19
 1.32288E+03 1.83908E-18 0.00000E+00 0.00000E+00 0.00000E+00 0.00000E+00 0.00000E+00 0.00000E+00 0.00000E+00 0.00000E+00 0.00000E+00 0.00000E+00 0.00000E+00 1.25377E-19 1.73046E-19 2.76687E-19 4.59052E-19 5.91427E-19
 1.40000E+03 1.64902E-18 0.00000E+00 0.00000E+00 0.00000E+00 0.00000E+00 0.00000E+00 0.00000E+00 0.00000E+00 0.00000E+00 0.00000E+00 0.00000E+00 0.00000E+00 1.17906E-19 1.64843E-19 2.60429E-19 3.98484E-19 5.12149E-19
 1.49300E+03 1.45236E-18 0.00000E+00 0.00000E+00 0.00000E+00 0.00000E+00 0.00000E+00 0.00000E+00 0.00000E+00 0.00000E+00 0.00000E+00 0.00000E+00 0.00000E+00 1.09569E-19 1.54714E-19 2.41523E-19 3.37732E-19 4.32999E-19
 1.49300E+03 1.46997E-18 0.00000E+00 0.00000E+00 0.00000E+00 0.00000E+00 0.00000E+00 0.00000E+00 0.00000E+00 0.00000E+00 0.00000E+00 0.00000E+00 1.76121E-20 1.09569E-19 1.54714E-19 2.41523E-19 3.37732E-19 4.32999E-19
 1.50000E+03 1.45660E-18 0.00000E+00 0.00000E+00 0.00000E+00 0.00000E+00 0.00000E+00 0.00000E+00 0.00000E+00 0.00000E+00 0.00000E+00 0.00000E+00 1.77900E-20 1.08986E-19 1.53979E-19 2.40165E-19 3.33595E-19 4.27623E-19
 1.66400E+03 1.18172E-18 0.00000E+00 0.00000E+00 0.00000E+00 0.00000E+00 0.00000E+00 0.00000E+00 0.00000E+00 0.00000E+00 0.00000E+00 0.00000E+00 1.77467E-20 9.60847E-20 1.36728E-19 2.09497E-19 2.52606E-19 3.22586E-19
 1.66400E+03 1.20610E-18 0.00000E+00 0.00000E+00 0.00000E+00 0.00000E+00 0.00000E+00 0.00000E+00 0.00000E+00 0.00000E+00 0.00000E+00 2.43820E-20 1.77467E-20 9.60847E-20 1.36728E-19 2.09497E-19 2.52606E-19 3.22586E-19
 1.75000E+03 1.08669E-18 0.00000E+00 0.00000E+00 0.00000E+00 0.00000E+00 0.00000E+00 0.00000E+00 0.00000E+00 0.00000E+00 0.00000E+00 2.07957E-20 1.75647E-20 9.01851E-20 1.28277E-19 1.95004E-19 2.19995E-19 2.80442E-19
 2.00000E+03 8.23078E-19 0.00000E+00 0.00000E+00 0.00000E+00 0.00000E+00 0.00000E+00 0.00000E+00 0.00000E+00 0.00000E+00 0.00000E+00 1.81295E-20 1.67530E-20 7.54965E-20 1.06337E-19 1.58584E-19 1.50546E-19 1.91045E-19
 2.20000E+03 6.71926E-19 0.00000E+00 0.00000E+00 0.00000E+00 0.00000E+00 0.00000E+00 0.00000E+00 0.00000E+00 0.00000E+00 0.00000E+00 1.63258E-20 1.59466E-20 6.60270E-20 9.16615E-20 1.35022E-19 1.13753E-19 1.43909E-19
 2.50000E+03 5.09114E-19 0.00000E+00 0.00000E+00 0.00000E+00 0.00000E+00 0.00000E+00 0.00000E+00 0.00000E+00 0.00000E+00 0.00000E+00 1.40444E-20 1.46339E-20 5.46849E-20 7.38312E-20 1.07116E-19 7.72076E-20 9.72819E-20
 2.73861E+03 4.16318E-19 0.00000E+00 0.00000E+00 0.00000E+00 0.00000E+00 0.00000E+00 0.00000E+00 0.00000E+00 0.00000E+00 0.00000E+00 1.25376E-20 1.35930E-20 4.75287E-20 6.25898E-20 8.98973E-20 5.81188E-20 7.30211E-20
 3.00000E+03 3.39646E-19 0.00000E+00 0.00000E+00 0.00000E+00 0.00000E+00 0.00000E+00 0.00000E+00 0.00000E+00 0.00000E+00 0.00000E+00 1.11401E-20 1.25066E-20 4.11181E-20 5.26196E-20 7.48560E-20 4.34837E-20 5.44767E-20
 3.50000E+03 2.39469E-19 0.00000E+00 0.00000E+00 0.00000E+00 0.00000E+00 0.00000E+00 0.00000E+00 0.00000E+00 0.00000E+00 0.00000E+00 9.03560E-21 1.06534E-20 3.18620E-20 3.85541E-20 5.40075E-20 2.62630E-20 3.27430E-20
 4.00000E+03 1.76054E-19 0.00000E+00 0.00000E+00 0.00000E+00 0.00000E+00 0.00000E+00 0.00000E+00 0.00000E+00 0.00000E+00 0.00000E+00 7.46946E-21 9.10670E-21 2.53014E-20 2.89537E-20 4.00473E-20 1.67413E-20 2.07834E-20
 4.01400E+03 1.74616E-19 0.00000E+00 0.00000E+00 0.00000E+00 0.00000E+00 0.00000E+00 0.00000E+00 0.00000E+00 0.00000E+00 0.00000E+00 7.43095E-21 9.06681E-21 2.51440E-20 2.87295E-20 3.97243E-20 1.65405E-20 2.05317E-20
 4.01400E+03 1.87226E-19 0.00000E+00 0.00000E+00 0.00000E+00 0.00000E+00 0.00000E+00 0.00000E+00 0.00000E+00 0.00000E+00 1.26092E-20 7.43095E-21 9.06681E-21 2.51440E-20 2.87295E-20 3.97243E-20 1.65405E-20 2.05317E-20
 4.01738E+03 2.23405E-19 0.00000E+00 0.00000E+00 0.00000E+00 0.00000E+00 0.00000E+00 0.00000E+00 0.00000E+00 0.00000E+00 4.91328E-20 7.42171E-21 9.05723E-21 2.51062E-20 2.86758E-20 3.96469E-20 1.64925E-20 2.04716E-20
 4.02076E+03 2.75026E-19 0.00000E+00 0.00000E+00 0.00000E+00 0.00000E+00 0.00000E+00 0.00000E+00 0.00000E+00 0.00000E+00 1.01097E-19 7.41248E-21 9.04767E-21 2.50685E-20 2.86221E-20 3.95697E-20 1.64446E-20 2.04117E-20
 4.02414E+03 3.23659E-19 0.00000E+00 0.00000E+00 0.00000E+00 0.00000E+00 0.00000E+00 0.00000E+00 0.00000E+00 0.00000E+00 1.50073E-19 7.40326E-21 9.03811E-21 2.50308E-20 2.85686E-20 3.94926E-20 1.63969E-20 2.03519E-20
 4.02753E+03 3.56906E-19 0.00000E+00 0.00000E+00 0.00000E+00 0.00000E+00 0.00000E+00 0.00000E+00 0.00000E+00 0.00000E+00 1.83663E-19 7.39405E-21 9.02857E-21 2.49932E-20 2.85152E-20 3.94157E-20 1.63493E-20 2.02923E-20
 4.03092E+03 3.75542E-19 0.00000E+00 0.00000E+00 0.00000E+00 0.00000E+00 0.00000E+00 0.00000E+00 0.00000E+00 0.00000E+00 2.02640E-19 7.38486E-21 9.01903E-21 2.49557E-20 2.84619E-20 3.93390E-20 1.63019E-20 2.02329E-20
 4.03431E+03 3.85547E-19 0.00000E+00 0.00000E+00 0.00000E+00 0.00000E+00 0.00000E+00 0.00000E+00 0.00000E+00 0.00000E+00 2.12986E-19 7.37567E-21 9.00950E-21 2.49182E-20 2.84086E-20 3.92623E-20 1.62546E-20 2.01736E-20
 4.03770E+03 3.91733E-19 0.00000E+00 0.00000E+00 0.00000E+00 0.00000E+00 0.00000E+00 0.00000E+00 0.00000E+00 0.00000E+00 2.19511E-19 7.36650E-21 8.99999E-21 2.48808E-20 2.83555E-20 3.91859E-20 1.62075E-20 2.01145E-20
 4.04110E+03 3.96087E-19 0.00000E+00 0.00000E+00 0.00000E+00 0.00000E+00 0.00000E+00 0.00000E+00 0.00000E+00 0.00000E+00 2.24204E-19 7.35734E-21 8.99048E-21 2.48434E-20 2.83025E-20 3.91096E-20 1.61604E-20 2.00556E-20
 4.04790E+03 4.02741E-19 0.00000E+00 0.00000E+00 0.00000E+00 0.00000E+00 0.00000E+00 0.00000E+00 0.00000E+00 0.00000E+00 2.31535E-19 7.33905E-21 8.97150E-21 2.47688E-20 2.81967E-20 3.89574E-20 1.60668E-20 1.99383E-20
 4.05472E+03 4.06588E-19 0.00000E+00 0.00000E+00 0.00000E+00 0.00000E+00 0.00000E+00 0.00000E+00 0.00000E+00 0.00000E+00 2.36055E-19 7.32081E-21 8.95256E-21 2.46944E-20 2.80914E-20 3.88058E-20 1.59737E-20 1.98217E-20
 4.06155E+03 4.07448E-19 0.00000E+00 0.00000E+00 0.00000E+00 0.00000E+00 0.00000E+00 0.00000E+00 0.00000E+00 0.00000E+00 2.37586E-19 7.30261E-21 8.93366E-21 2.46202E-20 2.79864E-20 3.86548E-20 1.58812E-20 1.97058E-20
 4.06838E+03 4.05972E-19 0.00000E+00 0.00000E+00 0.00000E+00 0.00000E+00 0.00000E+00 0.00000E+00 0.00000E+00 0.00000E+00 2.36778E-19 7.28446E-21 8.91479E-21 2.45463E-20 2.78819E-20 3.85043E-20 1.57891E-20 1.95905E-20
 4.12351E+03 3.90382E-19 0.00000E+00 0.00000E+00 0.00000E+00 0.00000E+00 0.00000E+00 0.00000E+00 0.00000E+00 0.00000E+00 2.26427E-19 7.14085E-21 8.76533E-21 2.39628E-20 2.70592E-20 3.73219E-20 1.50720E-20 1.86925E-20
 4.23600E+03 3.62911E-19 0.00000E+00 0.00000E+00 0.00000E+00 0.00000E+00 0.00000E+00 0.00000E+00 0.00000E+00 0.00000E+00 2.08918E-19 6.86208E-21 8.47387E-21 2.28371E-20 2.54861E-20 3.50647E-20 1.37338E-20 1.70180E-20
 4.23600E+03 3.71429E-19 0.00000E+00 0.00000E+00 0.00000E+00 0.00000E+00 0.00000E+00 0.00000E+00 0.00000E+00 8.51806E-21 2.08918E-19 6.86208E-21 8.47387E-21 2.28371E-20 2.54861E-20 3.50647E-20 1.37338E-20 1.70180E-20
 4.24000E+03 3.96490E-19 0.00000E+00 0.00000E+00 0.00000E+00 0.00000E+00 0.00000E+00 0.00000E+00 0.00000E+00 3.44857E-20 2.08348E-19 6.85250E-21 8.46382E-21 2.27986E-20 2.54326E-20 3.49881E-20 1.36891E-20 1.69620E-20
 4.24401E+03 4.33940E-19 0.00000E+00 0.00000E+00 0.00000E+00 0.00000E+00 0.00000E+00 0.00000E+00 0.00000E+00 7.28420E-20 2.07779E-19 6.84293E-21 8.45363E-21 2.27601E-20 2.53788E-20 3.49109E-20 1.36445E-20 1.69062E-20
 4.24802E+03 4.64753E-19 0.00000E+00 0.00000E+00 0.00000E+00 0.00000E+00 0.00000E+00 0.00000E+00 0.00000E+00 1.04561E-19 2.07212E-19 6.83337E-21 8.44324E-21 2.27217E-20 2.53244E-20 3.48330E-20 1.36000E-20 1.68506E-20
 4.25204E+03 4.81775E-19 0.00000E+00 0.00000E+00 0.00000E+00 0.00000E+00 0.00000E+00 0.00000E+00 0.00000E+00 1.22470E-19 2.06664E-19 6.82382E-21 8.43285E-21 2.26834E-20 2.52701E-20 3.47553E-20 1.35557E-20 1.67952E-20
 4.25606E+03 4.89930E-19 0.00000E+00 0.00000E+00 0.00000E+00 0.00000E+00 0.00000E+00 0.00000E+00 0.00000E+00 1.31492E-19 2.06135E-19 6.81429E-21 8.42248E-21 2.26451E-20 2.52159E-20 3.46778E-20 1.35116E-20 1.67400E-20
 4.26008E+03 4.94306E-19 0.00000E+00 0.00000E+00 0.00000E+00 0.00000E+00 0.00000E+00 0.00000E+00 0.00000E+00 1.36732E-19 2.05607E-19 6.80478E-21 8.41212E-21 2.26069E-20 2.51618E-20 3.46005E-20 1.34675E-20 1.66849E-20
 4.26813E+03 4.99489E-19 0.00000E+00 0.00000E+00 0.00000E+00 0.00000E+00 0.00000E+00 0.00000E+00 0.00000E+00 1.43638E-19 2.04555E-19 6.78578E-21 8.39145E-21 2.25307E-20 2.50540E-20 3.44463E-20 1.33799E-20 1.65754E-20
 4.27621E+03 5.01887E-19 0.00000E+00 0.00000E+00 0.00000E+00 0.00000E+00 0.00000E+00 0.00000E+00 0.00000E+00 1.47749E-19 2.03508E-19 6.76684E-21 8.37082E-21 2.24547E-20 2.49466E-20 3.42928E-20 1.32929E-20 1.64665E-20
 4.28429E+03 5.01459E-19 0.00000E+00 0.00000E+00 0.00000E+00 0.00000E+00 0.00000E+00 0.00000E+00 0.00000E+00 1.49027E-19 2.02467E-19 6.74795E-21 8.35024E-21 2.23790E-20 2.48398E-20 3.41399E-20 1.32064E-20 1.63584E-20
 4.30051E+03 4.96418E-19 0.00000E+00 0.00000E+00 0.00000E+00 0.00000E+00 0.00000E+00 0.00000E+00 0.00000E+00 1.47372E-19 2.00400E-19 6.71033E-21 8.30924E-21 2.22284E-20 2.46274E-20 3.38363E-20 1.30352E-20 1.61443E-20
 4.36601E+03 4.76660E-19 0.00000E+00 0.00000E+00 0.00000E+00 0.00000E+00 0.00000E+00 0.00000E+00 0.00000E+00 1.40823E-19 1.92343E-19 6.56194E-21 8.14723E-21 2.16358E-20 2.37958E-20 3.26487E-20 1.23721E-20 1.53155E-20
 4.50000E+03 4.40596E-19 0.00000E+00 0.00000E+00 0.00000E+00 0.00000E+00 0.00000E+00 0.00000E+00 0.00000E+00 1.29569E-19 1.77273E-19 6.27493E-21 7.83261E-21 2.04977E-20 2.22160E-20 3.03969E-20 1.11441E-20 1.37817E-20
 4.82800E+03 3.67133E-19 0.00000E+00 0.00000E+00 0.00000E+00 0.00000E+00 0.00000E+00 0.00000E+00 0.00000E+00 1.07600E-19 1.46247E-19 5.63717E-21 7.11605E-21 1.80072E-20 1.88615E-20 2.56431E-20 8.69535E-21 1.07281E-20
 4.82800E+03 4.32225E-19 0.00000E+00 0.00000E+00 0.00000E+00 0.00000E+00 0.00000E+00 0.00000E+00 6.50922E-20 1.07600E-19 1.46247E-19 5.63716E-21 7.11605E-21 1.80072E-20 1.88615E-20 2.56431E-20 8.69535E-21 1.07281E-20
 4.87044E+03 4.20561E-19 0.00000E+00 0.00000E+00 0.00000E+00 0.00000E+00 0.00000E+00 0.00000E+00 6.17115E-20 1.05127E-19 1.42749E-19 5.56251E-21 7.03163E-21 1.77194E-20 1.84764E-20 2.50997E-20 8.43108E-21 1.03990E-20
 4.91325E+03 4.11942E-19 0.00000E+00 0.00000E+00 0.00000E+00 0.00000E+00 0.00000E+00 0.00000E+00 6.11844E-20 1.02710E-19 1.39334E-19 5.48884E-21 6.94821E-21 1.74362E-20 1.80991E-20 2.45679E-20 8.17484E-21 1.00800E-20
 5.00000E+03 3.94705E-19 0.00000E+00 0.00000E+00 0.00000E+00 0.00000E+00 0.00000E+00 0.00000E+00 5.95776E-20 9.80423E-20 1.32748E-19 5.34441E-21 6.78432E-21 1.68832E-20 1.73676E-20 2.35376E-20 7.68481E-21 9.47023E-21
 5.50000E+03 3.11019E-19 0.00000E+00 0.00000E+00 0.00000E+00 0.00000E+00 0.00000E+00 0.00000E+00 5.08090E-20 7.56144E-20 1.01423E-19 4.60596E-21 5.91691E-21 1.41020E-20 1.37983E-20 1.85412E-20 5.45785E-21 6.70429E-21
 5.94600E+03 2.55061E-19 0.00000E+00 0.00000E+00 0.00000E+00 0.00000E+00 0.00000E+00 0.00000E+00 4.42619E-20 6.08171E-20 8.09950E-20 4.06811E-21 5.26469E-21 1.21314E-20 1.13710E-20 1.51743E-20 4.10782E-21 5.03245E-21
 5.94600E+03 2.69400E-19 0.00000E+00 0.00000E+00 0.00000E+00 0.00000E+00 0.00000E+00 1.43391E-20 4.42619E-20 6.08171E-20 8.09950E-20 4.06811E-21 5.26469E-21 1.21314E-20 1.13710E-20 1.51743E-20 4.10782E-21 5.03245E-21
 5.95945E+03 2.69479E-19 0.00000E+00 0.00000E+00 0.00000E+00 0.00000E+00 0.00000E+00 1.58734E-20 4.40853E-20 6.04344E-20 8.04686E-20 4.05349E-21 5.24689E-21 1.20786E-20 1.13074E-20 1.50864E-20 4.07413E-21 4.99078E-21
 5.97294E+03 2.67865E-19 0.00000E+00 0.00000E+00 0.00000E+00 0.00000E+00 0.00000E+00 1.57071E-20 4.39093E-20 6.00541E-20 7.99457E-20 4.03892E-21 5.22916E-21 1.20260E-20 1.12442E-20 1.49991E-20 4.04070E-21 4.94945E-21
 6.00000E+03 2.64795E-19 0.00000E+00 0.00000E+00 0.00000E+00 0.00000E+00 0.00000E+00 1.55076E-20 4.35596E-20 5.93005E-20 7.89100E-20 4.00995E-21 5.19386E-21 1.19215E-20 1.11187E-20 1.48258E-20 3.97445E-21 4.86740E-21
 6.31300E+03 2.33483E-19 0.00000E+00 0.00000E+00 0.00000E+00 0.00000E+00 0.00000E+00 1.48064E-20 3.96825E-20 5.13174E-20 6.79802E-20 3.69018E-21 4.79977E-21 1.07860E-20 9.77157E-21 1.29711E-20 3.29399E-21 4.02206E-21
 6.31300E+03 2.44466E-19 0.00000E+00 0.00000E+00 0.00000E+00 0.00000E+00 1.09839E-20 1.48064E-20 3.96825E-20 5.13174E-20 6.79802E-20 3.69018E-21 4.79977E-21 1.07860E-20 9.77157E-21 1.29711E-20 3.29399E-21 4.02206E-21
 6.32320E+03 2.42517E-19 0.00000E+00 0.00000E+00 0.00000E+00 0.00000E+00 9.96423E-21 1.47812E-20 3.95652E-20 5.10825E-20 6.76593E-20 3.68046E-21 4.78777E-21 1.07518E-20 9.73159E-21 1.29162E-20 3.27442E-21 3.99778E-21
 6.33341E+03 2.41503E-19 0.00000E+00 0.00000E+00 0.00000E+00 0.00000E+00 9.87650E-21 1.47560E-20 3.94483E-20 5.08486E-20 6.73399E-20 3.67076E-21 4.77579E-21 1.07177E-20 9.69178E-21 1.28616E-20 3.25496E-21 3.97364E-21
 6.35389E+03 2.39789E-19 0.00000E+00 0.00000E+00 0.00000E+00 0.00000E+00 1.00038E-20 1.47058E-20 3.92156E-20 5.03840E-20 6.67056E-20 3.65145E-21 4.75193E-21 1.06498E-20 9.61264E-21 1.27529E-20 3.21639E-21 3.92581E-21
 6.39504E+03 2.36024E-19 0.00000E+00 0.00000E+00 0.00000E+00 0.00000E+00 9.87393E-21 1.46058E-20 3.87542E-20 4.94675E-20 6.54548E-20 3.61312E-21 4.70456E-21 1.05153E-20 9.45630E-21 1.25384E-20 3.14061E-21 3.83187E-21
 6.47816E+03 2.28786E-19 0.00000E+00 0.00000E+00 0.00000E+00 0.00000E+00 9.72310E-21 1.44080E-20 3.78476E-20 4.76843E-20 6.30231E-20 3.53768E-21 4.61123E-21 1.02514E-20 9.15121E-21 1.21200E-20 2.99427E-21 3.65068E-21
 6.64763E+03 2.14763E-19 0.00000E+00 0.00000E+00 0.00000E+00 0.00000E+00 9.41322E-21 1.39923E-20 3.60483E-20 4.42601E-20 5.83647E-20 3.39148E-21 4.42470E-21 9.73447E-21 8.55867E-21 1.13094E-20 2.71875E-21 3.31359E-21
 7.00000E+03 1.89360E-19 0.00000E+00 0.00000E+00 0.00000E+00 0.00000E+00 8.80970E-21 1.31651E-20 3.27009E-20 3.81304E-20 5.00537E-20 3.11696E-21 4.07381E-21 8.77719E-21 7.48588E-21 9.84667E-21 2.24128E-21 2.72968E-21
 8.00000E+03 1.36260E-19 0.00000E+00 0.00000E+00 0.00000E+00 0.00000E+00 7.34509E-21 1.10453E-20 2.51906E-20 2.57366E-20 3.33904E-20 2.49048E-21 3.26282E-21 6.67345E-21 5.24554E-21 6.81817E-21 1.34954E-21 1.63561E-21
 9.00000E+03 1.01657E-19 0.00000E+00 0.00000E+00 0.00000E+00 0.00000E+00 6.19611E-21 9.30166E-21 1.98321E-20 1.80500E-20 2.31768E-20 2.03414E-21 2.65982E-21 5.20603E-21 3.79669E-21 4.88323E-21 8.55698E-22 1.03235E-21
 1.00000E+04 7.80728E-20 0.00000E+00 0.00000E+00 0.00000E+00 0.00000E+00 5.28439E-21 7.88274E-21 1.59005E-20 1.30619E-20 1.66167E-20 1.69129E-21 2.20124E-21 4.14711E-21 2.82268E-21 3.59592E-21 5.65633E-22 6.79584E-22
 1.10000E+04 6.14043E-20 0.00000E+00 0.00000E+00 0.00000E+00 0.00000E+00 4.55112E-21 6.72681E-21 1.29470E-20 9.70312E-21 1.22395E-20 1.42729E-21 1.84554E-21 3.36179E-21 2.14642E-21 2.71051E-21 3.87041E-22 4.63204E-22
 1.25000E+04 4.44126E-20 0.00000E+00 0.00000E+00 0.00000E+00 0.00000E+00 3.69692E-21 5.37250E-21 9.74918E-21 6.47047E-21 8.06804E-21 1.13223E-21 1.44643E-21 2.52089E-21 1.47422E-21 1.83954E-21 2.31039E-22 2.74996E-22
 1.40000E+04 3.32722E-20 0.00000E+00 0.00000E+00 0.00000E+00 0.00000E+00 3.05400E-21 4.35505E-21 7.52566E-21 4.49103E-21 5.54146E-21 9.18627E-22 1.15753E-21 1.94149E-21 1.04859E-21 1.29434E-21 1.45285E-22 1.72068E-22
 1.50000E+04 2.78884E-20 0.00000E+00 0.00000E+00 0.00000E+00 0.00000E+00 2.71070E-21 3.81519E-21 6.40747E-21 3.58631E-21 4.39636E-21 8.07475E-22 1.00765E-21 1.65159E-21 8.49301E-22 1.04132E-21 1.09239E-22 1.28965E-22
 1.75000E+04 1.87666E-20 0.00000E+00 0.00000E+00 0.00000E+00 0.00000E+00 2.06125E-21 2.80642E-21 4.43449E-21 2.15435E-21 2.60179E-21 6.02601E-22 7.33309E-22 1.14238E-21 5.25577E-22 6.34616E-22 5.73406E-23 6.72084E-23
 1.89740E+04 1.52168E-20 0.00000E+00 0.00000E+00 0.00000E+00 0.00000E+00 1.77704E-21 2.37194E-21 3.63529E-21 1.64143E-21 1.96641E-21 5.15299E-22 6.17449E-22 9.36921E-22 4.06267E-22 4.86498E-22 4.07030E-23 4.75157E-23
 1.89740E+04 3.65629E-20 0.00000E+00 0.00000E+00 0.00000E+00 2.13461E-20 1.77704E-21 2.37194E-21 3.63529E-21 1.64143E-21 1.96641E-21 5.15299E-22 6.17449E-22 9.36921E-22 4.06267E-22 4.86498E-22 4.07030E-23 4.75157E-23
 1.89896E+04 3.62273E-20 0.00000E+00 0.00000E+00 0.00000E+00 2.10428E-20 1.77435E-21 2.36789E-21 3.62795E-21 1.63690E-21 1.96082E-21 5.14479E-22 6.16370E-22 9.35032E-22 4.05204E-22 4.85184E-22 4.05613E-23 4.73483E-23
 1.90053E+04 3.57071E-20 0.00000E+00 0.00000E+00 0.00000E+00 2.05547E-20 1.77168E-21 2.36384E-21 3.62062E-21 1.63237E-21 1.95524E-21 5.13660E-22 6.15292E-22 9.33148E-22 4.04144E-22 4.83874E-22 4.04201E-23 4.71816E-23
 1.90209E+04 3.54675E-20 0.00000E+00 0.00000E+00 0.00000E+00 2.03472E-20 1.76901E-21 2.35979E-21 3.61331E-21 1.62786E-21 1.94968E-21 5.12843E-22 6.14217E-22 9.31267E-22 4.03087E-22 4.82567E-22 4.02794E-23 4.70154E-23
 1.90366E+04 3.55037E-20 0.00000E+00 0.00000E+00 0.00000E+00 2.04155E-20 1.76634E-21 2.35576E-21 3.60601E-21 1.62337E-21 1.94413E-21 5.12027E-22 6.13143E-22 9.29390E-22 4.02032E-22 4.81264E-22 4.01392E-23 4.68498E-23
 1.90993E+04 3.52404E-20 0.00000E+00 0.00000E+00 0.00000E+00 2.02795E-20 1.75570E-21 2.33969E-21 3.57696E-21 1.60550E-21 1.92210E-21 5.08775E-22 6.08866E-22 9.21920E-22 3.97841E-22 4.76086E-22 3.95832E-23 4.61933E-23
 1.92255E+04 3.46827E-20 0.00000E+00 0.00000E+00 0.00000E+00 1.99733E-20 1.73463E-21 2.30787E-21 3.51956E-21 1.57035E-21 1.87879E-21 5.02335E-22 6.00402E-22 9.07160E-22 3.89589E-22 4.65896E-22 3.84942E-23 4.49077E-23
 1.94802E+04 3.35197E-20 0.00000E+00 0.00000E+00 0.00000E+00 1.93000E-20 1.69323E-21 2.24553E-21 3.40752E-21 1.50235E-21 1.79507E-21 4.89697E-22 5.83826E-22 8.78345E-22 3.73595E-22 4.46166E-22 3.64053E-23 4.24429E-23
 2.00000E+04 3.12693E-20 0.00000E+00 0.00000E+00 0.00000E+00 1.79782E-20 1.61337E-21 2.12586E-21 3.19402E-21 1.37505E-21 1.63866E-21 4.65367E-22 5.52033E-22 8.23432E-22 3.43550E-22 4.09178E-22 3.25609E-23 3.79111E-23
 2.20000E+04 2.42054E-20 0.00000E+00 0.00000E+00 0.00000E+00 1.38254E-20 1.34896E-21 1.73287E-21 2.51431E-21 9.94009E-22 1.17300E-21 3.85910E-22 4.48619E-22 6.48912E-22 2.52331E-22 2.97544E-22 2.16510E-23 2.50843E-23
 2.36540E+04 1.98801E-20 0.00000E+00 0.00000E+00 0.00000E+00 1.12909E-20 1.17383E-21 1.47704E-21 2.08834E-21 7.74447E-22 9.06899E-22 3.34017E-22 3.81837E-22 5.39612E-22 1.98833E-22 2.32634E-22 1.58290E-23 1.82679E-23
 2.36540E+04 2.75604E-20 0.00000E+00 0.00000E+00 7.68030E-21 1.12909E-20 1.17383E-21 1.47704E-21 2.08834E-21 7.74447E-22 9.06899E-22 3.34017E-22 3.81837E-22 5.39612E-22 1.98833E-22 2.32634E-22 1.58290E-23 1.82679E-23
 2.36673E+04 2.83195E-20 0.00000E+00 0.00000E+00 8.46978E-21 1.12731E-20 1.17257E-21 1.47520E-21 2.08533E-21 7.72945E-22 9.05086E-22 3.33642E-22 3.81358E-22 5.38839E-22 1.98465E-22 2.32190E-22 1.57905E-23 1.82229E-23
 2.36807E+04 2.81657E-20 0.00000E+00 0.00000E+00 8.34625E-21 1.12553E-20 1.17130E-21 1.47337E-21 2.08232E-21 7.71446E-22 9.03277E-22 3.33268E-22 3.80881E-22 5.38067E-22 1.98097E-22 2.31746E-22 1.57521E-23 1.81781E-23
 2.36940E+04 2.80031E-20 0.00000E+00 0.00000E+00 8.21390E-21 1.12376E-20 1.17003E-21 1.47154E-21 2.07931E-21 7.69950E-22 9.01472E-22 3.32894E-22 3.80403E-22 5.37295E-22 1.97731E-22 2.31303E-22 1.57138E-23 1.81333E-23
 2.37074E+04 2.79935E-20 0.00000E+00 0.00000E+00 8.23459E-21 1.12200E-20 1.16877E-21 1.46972E-21 2.07631E-21 7.68457E-22 8.99670E-22 3.32520E-22 3.79927E-22 5.36525E-22 1.97365E-22 2.30860E-22 1.56755E-23 1.80886E-23
 2.37609E+04 2.78548E-20 0.00000E+00 0.00000E+00 8.21627E-21 1.11495E-20 1.16372E-21 1.46243E-21 2.06436E-21 7.62513E-22 8.92498E-22 3.31030E-22 3.78027E-22 5.33456E-22 1.95907E-22 2.29100E-22 1.55235E-23 1.79111E-23
 2.38683E+04 2.75614E-20 0.00000E+00 0.00000E+00 8.16126E-21 1.10099E-20 1.15370E-21 1.44797E-21 2.04065E-21 7.50764E-22 8.78326E-22 3.28069E-22 3.74255E-22 5.27369E-22 1.93024E-22 2.25619E-22 1.52240E-23 1.75612E-23
 2.40846E+04 2.69361E-20 0.00000E+00 0.00000E+00 8.00421E-21 1.07359E-20 1.13391E-21 1.41947E-21 1.99406E-21 7.27806E-22 8.50652E-22 3.22227E-22 3.66824E-22 5.15404E-22 1.87386E-22 2.18815E-22 1.46421E-23 1.68818E-23
 2.45230E+04 2.57069E-20 0.00000E+00 0.00000E+00 7.67699E-21 1.02083E-20 1.09534E-21 1.36415E-21 1.90404E-21 6.83974E-22 7.97894E-22 3.10852E-22 3.52401E-22 4.92281E-22 1.76597E-22 2.05816E-22 1.35442E-23 1.56008E-23
 2.45230E+04 3.00119E-20 0.00000E+00 4.30503E-21 7.67699E-21 1.02083E-20 1.09534E-21 1.36415E-21 1.90404E-21 6.83974E-22 7.97894E-22 3.10852E-22 3.52401E-22 4.92281E-22 1.76597E-22 2.05816E-22 1.35442E-23 1.56008E-23
 2.45378E+04 2.96121E-20 0.00000E+00 3.94537E-21 7.66622E-21 1.01911E-20 1.09408E-21 1.36235E-21 1.90111E-21 6.82558E-22 7.96191E-22 3.10480E-22 3.51930E-22 4.91527E-22 1.76248E-22 2.05396E-22 1.35090E-23 1.55598E-23
 2.45525E+04 2.96021E-20 0.00000E+00 3.97536E-21 7.65546E-21 1.01740E-20 1.09281E-21 1.36054E-21 1.89818E-21 6.81145E-22 7.94492E-22 3.10107E-22 3.51459E-22 4.90775E-22 1.75900E-22 2.04976E-22 1.34739E-23 1.55189E-23
 2.45821E+04 2.95359E-20 0.00000E+00 3.98926E-21 7.63377E-21 1.01398E-20 1.09029E-21 1.35693E-21 1.89233E-21 6.78327E-22 7.91104E-22 3.09365E-22 3.50519E-22 4.89274E-22 1.75205E-22 2.04140E-22 1.34040E-23 1.54373E-23
 2.46414E+04 2.93578E-20 0.00000E+00 3.97103E-21 7.59022E-21 1.00719E-20 1.08527E-21 1.34975E-21 1.88070E-21 6.72726E-22 7.84371E-22 3.07884E-22 3.48648E-22 4.86285E-22 1.73824E-22 2.02478E-22 1.32652E-23 1.52756E-23
 2.47604E+04 2.90070E-20 0.00000E+00 3.93686E-21 7.50386E-21 9.93725E-21 1.07529E-21 1.33550E-21 1.85765E-21 6.61662E-22 7.71077E-22 3.04944E-22 3.44934E-22 4.80362E-22 1.71094E-22 1.99195E-22 1.29920E-23 1.49571E-23
 2.50000E+04 2.83241E-20 0.00000E+00 3.87655E-21 7.33303E-21 9.67308E-21 1.05560E-21 1.30746E-21 1.81239E-21 6.40077E-22 7.45162E-22 2.99148E-22 3.37625E-22 4.68732E-22 1.65761E-22 1.92786E-22 1.24623E-23 1.43398E-23
 3.00000E+04 1.78929E-20 0.00000E+00 2.82585E-21 4.70074E-21 5.74797E-21 7.36914E-22 8.62790E-22 1.12254E-21 3.38561E-22 3.86304E-22 2.06567E-22 2.22514E-22 2.91444E-22 8.99690E-23 1.02532E-22 5.61743E-24 6.39648E-24
 3.50000E+04 1.20644E-20 0.00000E+00 2.12998E-21 3.18500E-21 3.67039E-21 5.39275E-22 6.00092E-22 7.40821E-22 1.96110E-22 2.19851E-22 1.50057E-22 1.54839E-22 1.93071E-22 5.31407E-23 5.94912E-23 2.84379E-24 3.20761E-24
 4.00000E+04 8.54429E-21 0.00000E+00 1.65018E-21 2.25541E-21 2.47461E-21 4.09048E-22 4.34724E-22 5.13087E-22 1.21611E-22 1.34187E-22 1.13220E-22 1.12309E-22 1.34189E-22 3.34589E-23 3.68649E-23 1.57040E-24 1.75613E-24
 4.50000E+04 6.28749E-21 0.00000E+00 1.30805E-21 1.65479E-21 1.74075E-21 3.19143E-22 3.25311E-22 3.69139E-22 7.95181E-23 8.64902E-23 8.79894E-23 8.41750E-23 9.68483E-23 2.21477E-23 2.40536E-23 9.27888E-25 1.02964E-24
 5.00000E+04 4.77084E-21 0.00000E+00 1.05686E-21 1.24979E-21 1.26708E-21 2.54743E-22 2.49973E-22 2.73876E-22 5.42487E-23 5.82403E-23 7.00222E-23 6.47899E-23 7.20612E-23 1.52649E-23 1.63620E-23 5.78886E-25 6.37725E-25
 5.50000E+04 3.71207E-21 0.00000E+00 8.67820E-22 9.66968E-22 9.48587E-22 2.07204E-22 1.96365E-22 2.08439E-22 3.83228E-23 4.06493E-23 5.68208E-23 5.09819E-23 5.49856E-23 1.08763E-23 1.15181E-23 3.77537E-25 4.13057E-25
 6.00000E+04 2.94940E-21 0.00000E+00 7.22548E-22 7.63546E-22 7.27075E-22 1.71228E-22 1.57157E-22 1.62071E-22 2.78728E-23 2.92359E-23 4.68668E-23 4.08693E-23 4.28543E-23 7.96896E-24 8.34556E-24 2.55447E-25 2.77796E-25
 7.00000E+04 1.95885E-21 0.00000E+00 5.18554E-22 5.00521E-22 4.52361E-22 1.21543E-22 1.05381E-22 1.03258E-22 1.58227E-23 1.62676E-23 3.31762E-23 2.74900E-23 2.74148E-23 4.57833E-24 4.69976E-24 1.27903E-25 1.37519E-25
 8.00000E+04 1.37208E-21 0.00000E+00 3.86376E-22 3.46003E-22 2.98992E-22 8.98940E-23 7.41979E-23 6.95520E-23 9.67425E-24 9.77393E-24 2.44915E-23 1.94094E-23 1.85292E-23 2.82574E-24 2.85052E-24 7.03202E-26 7.48476E-26
 9.00000E+04 1.00141E-21 0.00000E+00 2.96634E-22 2.49325E-22 2.07137E-22 6.86593E-23 5.42847E-23 4.89338E-23 6.26592E-24 6.23286E-24 1.86816E-23 1.42352E-23 1.30742E-23 1.84400E-24 1.83178E-24 4.15508E-26 4.38234E-26
 1.00000E+05 7.55211E-22 0.00000E+00 2.33370E-22 1.85754E-22 1.49006E-22 5.38176E-23 4.09633E-23 3.56559E-23 4.24883E-24 4.16883E-24 1.46294E-23 1.07653E-23 9.55040E-24 1.25821E-24 1.23292E-24 2.59952E-26 2.71889E-26
 1.10000E+05 5.84958E-22 0.00000E+00 1.87376E-22 1.42233E-22 1.10548E-22 4.30957E-23 3.17090E-23 2.67418E-23 2.99093E-24 2.89899E-24 1.17067E-23 8.34940E-24 7.17823E-24 8.90338E-25 8.61895E-25 1.70316E-26 1.76867E-26
 1.25000E+05 4.15265E-22 0.00000E+00 1.39134E-22 9.93711E-23 7.40458E-23 3.19123E-23 2.24567E-23 1.81548E-23 1.87021E-24 1.78366E-24 8.66249E-24 5.92805E-24 4.88659E-24 5.60276E-25 5.33801E-25 9.69575E-27 9.97186E-27
 1.28261E+05 3.87550E-22 0.00000E+00 1.30956E-22 9.24431E-23 6.83051E-23 3.00247E-23 2.09441E-23 1.67889E-23 1.70209E-24 1.61827E-24 8.14920E-24 5.53140E-24 4.52129E-24 5.10502E-25 4.84880E-25 8.66340E-27 8.89351E-27
 1.28261E+05 1.64480E-21 1.25725E-21 1.30956E-22 9.24431E-23 6.83051E-23 3.00247E-23 2.09441E-23 1.67889E-23 1.70209E-24 1.61827E-24 8.14920E-24 5.53140E-24 4.52129E-24 5.10502E-25 4.84880E-25 8.66340E-27 8.89351E-27
 1.28349E+05 1.57252E-21 1.18568E-21 1.30745E-22 9.22658E-23 6.81588E-23 2.99761E-23 2.09054E-23 1.67541E-23 1.69783E-24 1.61409E-24 8.13599E-24 5.52124E-24 4.51196E-24 5.09242E-25 4.83644E-25 8.63753E-27 8.86651E-27
 1.28437E+05 1.57110E-21 1.18497E-21 1.30535E-22 9.20888E-23 6.80129E-23 2.99276E-23 2.08667E-23 1.67193E-23 1.69359E-24 1.60993E-24 8.12280E-24 5.51109E-24 4.50266E-24 5.07985E-25 4.82410E-25 8.61173E-27 8.83960E-27
 1.28612E+05 1.56667E-21 1.18195E-21 1.30116E-22 9.17359E-23 6.77219E-23 2.98308E-23 2.07895E-23 1.66499E-23 1.68513E-24 1.60162E-24 8.09648E-24 5.49085E-24 4.48411E-24 5.05480E-25 4.79953E-25 8.56037E-27 8.78601E-27
 1.28965E+05 1.55679E-21 1.17488E-21 1.29281E-22 9.10341E-23 6.71436E-23 2.96381E-23 2.06360E-23 1.65121E-23 1.66835E-24 1.58515E-24 8.04409E-24 5.45059E-24 4.44724E-24 5.00507E-25 4.75075E-25 8.45857E-27 8.67980E-27
 1.29673E+05 1.53563E-21 1.15928E-21 1.27627E-22 8.96465E-23 6.60018E-23 2.92565E-23 2.03324E-23 1.62399E-23 1.63528E-24 1.55270E-24 7.94034E-24 5.37095E-24 4.37440E-24 4.90708E-25 4.65469E-25 8.25859E-27 8.47123E-27
 1.31100E+05 1.49396E-21 1.12849E-21 1.24383E-22 8.69346E-23 6.37762E-23 2.85080E-23 1.97386E-23 1.57089E-23 1.57110E-24 1.48979E-24 7.73683E-24 5.21515E-24 4.23229E-24 4.71681E-25 4.46834E-25 7.87269E-27 8.06900E-27
 1.34002E+05 1.41470E-21 1.07004E-21 1.18140E-22 8.17544E-23 5.95476E-23 2.70679E-23 1.86025E-23 1.46983E-23 1.45020E-24 1.37150E-24 7.34533E-24 4.91698E-24 3.96177E-24 4.35813E-25 4.11773E-25 7.15415E-27 7.32092E-27
 1.40000E+05 1.26764E-21 9.61053E-22 1.06578E-22 7.23017E-23 5.19129E-23 2.44023E-23 1.65227E-23 1.28680E-23 1.23558E-24 1.16236E-24 6.62075E-24 4.37080E-24 3.47149E-24 3.72051E-25 3.49689E-25 5.90783E-27 6.02642E-27
 1.50000E+05 1.06554E-21 8.10586E-22 9.05230E-23 5.95854E-23 4.18335E-23 2.07096E-23 1.37038E-23 1.04341E-23 9.60958E-25 8.96845E-25 5.61757E-24 3.62962E-24 2.81858E-24 2.90192E-25 2.70596E-25 4.38125E-27 4.44543E-27
 1.75000E+05 7.21714E-22 5.52637E-22 6.27280E-23 3.87163E-23 2.58679E-23 1.43331E-23 9.02198E-24 6.53454E-24 5.50084E-25 5.04790E-25 3.88649E-24 2.39588E-24 1.76998E-24 1.67092E-25 1.53240E-25 2.25988E-27 2.27032E-27
 2.00000E+05 5.14626E-22 3.95912E-22 4.55930E-23 2.67018E-23 1.71054E-23 1.04119E-23 6.28630E-24 4.36333E-24 3.41026E-25 3.08907E-25 2.82268E-24 1.67287E-24 1.18439E-24 1.04050E-25 9.42016E-26 1.28505E-27 1.28126E-27
 2.20000E+05 4.04426E-22 3.12043E-22 3.63015E-23 2.05149E-23 1.27606E-23 8.28831E-24 4.86200E-24 3.27556E-24 2.43234E-25 2.18539E-25 2.24678E-24 1.29563E-24 8.90353E-25 7.44348E-26 6.68473E-26 8.63892E-28 8.57163E-28
 2.50000E+05 2.93183E-22 2.27009E-22 2.67550E-23 1.44448E-23 8.64510E-24 6.10804E-24 3.45120E-24 2.23605E-24 1.55443E-25 1.38334E-25 1.65564E-24 9.21260E-25 6.08820E-25 4.77300E-26 4.24689E-26 5.11400E-28 5.05076E-28
 3.00000E+05 1.86260E-22 1.44867E-22 1.73611E-23 8.81753E-24 5.00612E-24 3.96359E-24 2.12802E-24 1.30686E-24 8.30859E-26 7.32258E-26 1.07431E-24 5.69277E-25 3.56569E-25 2.56234E-26 2.25787E-26 2.46538E-28 2.42851E-28
 3.50000E+05 1.27785E-22 9.97375E-23 1.20947E-23 5.85390E-24 3.18637E-24 2.76140E-24 1.42303E-24 8.37242E-25 4.95716E-26 4.34811E-26 7.48437E-25 3.81286E-25 2.28771E-25 1.53348E-26 1.34512E-26 1.35508E-28 1.33636E-28
 4.00000E+05 9.27829E-23 7.26311E-23 8.88107E-24 4.13342E-24 2.17366E-24 2.02767E-24 1.01022E-24 5.73830E-25 3.20514E-26 2.80812E-26 5.49552E-25 2.71001E-25 1.56966E-25 9.93624E-27 8.70590E-27 8.19657E-29 8.11670E-29
 4.50000E+05 7.03469E-23 5.52079E-23 6.79005E-24 3.05924E-24 1.56318E-24 1.55015E-24 7.50789E-25 4.14107E-25 2.20193E-26 1.93154E-26 4.20113E-25 2.01585E-25 1.13365E-25 6.84041E-27 5.99926E-27 5.33119E-29 5.31145E-29
 5.00000E+05 5.51758E-23 4.33978E-23 5.35929E-24 2.34965E-24 1.17164E-24 1.22336E-24 5.78501E-25 3.11206E-25 1.58717E-26 1.39587E-26 3.31531E-25 1.55439E-25 8.52466E-26 4.93740E-27 4.34209E-27 3.66845E-29 3.68166E-29
 5.50000E+05 4.44679E-23 3.50440E-23 4.33993E-24 1.85930E-24 9.07811E-25 9.90514E-25 4.58927E-25 2.41616E-25 1.18892E-26 1.04945E-26 2.68411E-25 1.23381E-25 6.62149E-26 3.70172E-27 3.26749E-27 2.63296E-29 2.66597E-29
 6.00000E+05 3.66416E-23 2.89261E-23 3.58921E-24 1.50775E-24 7.22741E-25 8.19017E-25 3.72906E-25 1.92661E-25 9.18735E-27 8.14531E-27 2.21925E-25 1.00302E-25 5.28193E-26 2.86363E-27 2.53829E-27 1.96460E-29 2.00696E-29
 7.00000E+05 2.62102E-23 2.07506E-23 2.58038E-24 1.05075E-24 4.88405E-25 5.88565E-25 2.60664E-25 1.30487E-25 5.90690E-27 5.28715E-27 1.59460E-25 7.01570E-26 3.57912E-26 1.84411E-27 1.65029E-27 1.18990E-29 1.23857E-29
 8.00000E+05 1.97682E-23 1.56856E-23 1.95211E-24 7.77079E-25 3.52292E-25 4.45073E-25 1.93171E-25 9.42540E-26 4.09750E-27 3.70292E-27 1.20569E-25 5.20161E-26 2.58608E-26 1.28020E-27 1.15662E-27 7.87152E-30 8.34637E-30
 9.00000E+05 1.55092E-23 1.23276E-23 1.53432E-24 6.00840E-25 2.66769E-25 3.49676E-25 1.49573E-25 7.14342E-26 3.00581E-27 2.74177E-27 9.47148E-26 4.02893E-26 1.96041E-26 9.39958E-28 8.56835E-28 5.53956E-30 5.98573E-30
 1.00000E+06 1.25431E-23 9.98365E-24 1.24216E-24 4.80828E-25 2.09705E-25 2.82986E-25 1.19821E-25 5.61843E-26 2.30141E-27 2.11757E-27 7.66429E-26 3.22834E-26 1.54206E-26 7.20187E-28 6.62305E-28 4.09611E-30 4.49949E-30
 1.10000E+06 1.03915E-23 8.27992E-24 1.02960E-24 3.95412E-25 1.69787E-25 2.34477E-25 9.86117E-26 4.55045E-26 1.82325E-27 1.69083E-27 6.34994E-26 2.65729E-26 1.24902E-26 5.70995E-28 5.29037E-28 3.15999E-30 3.52602E-30
 1.25000E+06 8.11906E-24 6.47683E-24 8.04512E-25 3.06911E-25 1.29158E-25 1.83132E-25 7.66015E-26 3.46236E-26 1.35165E-27 1.26634E-27 4.95880E-26 2.06443E-26 9.50387E-27 4.23370E-28 3.96355E-28 2.24979E-30 2.56665E-30
 1.40000E+06 6.55860E-24 5.23618E-24 6.49616E-25 2.47261E-25 1.02282E-25 1.47813E-25 6.17433E-26 2.74197E-26 1.04903E-27 9.91355E-28 4.00200E-26 1.66421E-26 7.52654E-27 3.28684E-28 3.10297E-28 1.70041E-30 1.97193E-30
 1.50000E+06 5.77358E-24 4.61122E-24 5.71594E-25 2.17616E-25 8.91080E-26 1.30028E-25 5.43517E-26 2.38870E-26 9.03679E-28 8.58330E-28 3.52022E-26 1.46504E-26 6.55688E-27 2.83252E-28 2.68702E-28 1.43383E-30 1.68376E-30
 1.75000E+06 4.37165E-24 3.49359E-24 4.32130E-25 1.65278E-25 6.62084E-26 9.82473E-26 4.12914E-26 1.77451E-26 6.56528E-28 6.30236E-28 2.65941E-26 1.11308E-26 4.87053E-27 2.05899E-28 1.97433E-28 1.00874E-30 1.21124E-30
 2.00000E+06 3.46153E-24 2.76696E-24 3.41532E-25 1.31672E-25 5.18009E-26 7.76108E-26 3.28997E-26 1.38802E-26 5.05420E-28 4.89133E-28 2.10057E-26 8.86904E-27 3.80940E-27 1.58637E-28 1.53246E-28 7.50649E-31 9.22133E-31
 2.20000E+06 2.94241E-24 2.35253E-24 2.89903E-25 1.12616E-25 4.39057E-26 6.56733E-26 2.78380E-26 1.17430E-26 4.27565E-28 4.13775E-28 1.77641E-26 7.50021E-27 3.22134E-27 1.34143E-28 1.29583E-28 6.34713E-31 7.79711E-31
 2.50000E+06 2.37945E-24 1.90290E-24 2.33946E-25 9.19821E-26 3.53596E-26 5.27831E-26 2.23727E-26 9.43588E-27 3.43530E-28 3.32439E-28 1.42668E-26 6.02347E-27 2.58696E-27 1.07721E-28 1.04059E-28 5.09663E-31 6.26091E-31
 3.00000E+06 1.77503E-24 1.42164E-24 1.73673E-25 6.82735E-26 2.62202E-26 3.90405E-26 1.65466E-26 6.97708E-27 2.53983E-28 2.45772E-28 1.05425E-26 4.45091E-27 1.91146E-27 7.95893E-29 7.68825E-29 3.76529E-31 4.62543E-31
 3.50000E+06 1.39887E-24 1.12217E-24 1.36089E-25 5.34925E-26 2.05290E-26 3.05095E-26 1.29302E-26 5.45128E-27 1.98423E-28 1.92002E-28 8.23318E-27 3.47585E-27 1.49265E-27 6.21484E-29 6.00343E-29 2.94000E-31 3.61161E-31
 4.00000E+06 1.14596E-24 9.20855E-25 1.10780E-25 4.35403E-26 1.67006E-26 2.47842E-26 1.05033E-26 4.42758E-27 1.61150E-28 1.55931E-28 6.68469E-27 2.82206E-27 1.21185E-27 5.04554E-29 4.87387E-29 2.38674E-31 2.93195E-31
 4.50000E+06 9.66022E-25 7.77620E-25 9.27604E-26 3.64555E-26 1.39771E-26 2.07190E-26 8.78022E-27 3.70086E-27 1.34693E-28 1.30328E-28 5.58592E-27 2.35816E-27 1.01261E-27 4.21592E-29 4.07246E-29 1.99422E-31 2.44977E-31
 5.00000E+06 8.32335E-25 6.71175E-25 7.93782E-26 3.11944E-26 1.19558E-26 1.77065E-26 7.50341E-27 3.16243E-27 1.15092E-28 1.11360E-28 4.77215E-27 2.01459E-27 8.65065E-28 3.60154E-29 3.47897E-29 1.70356E-31 2.09270E-31
 5.50000E+06 7.29570E-25 5.89310E-25 6.91061E-26 2.71564E-26 1.04052E-26 1.53984E-26 6.52514E-27 2.74994E-27 1.00076E-28 9.68305E-29 4.14891E-27 1.75147E-27 7.52068E-28 3.13104E-29 3.02448E-29 1.48097E-31 1.81927E-31
 6.00000E+06 6.48408E-25 5.24616E-25 6.10088E-26 2.39735E-26 9.18340E-27 1.35816E-26 5.75519E-27 2.42531E-27 8.82598E-29 8.53963E-29 3.65856E-27 1.54446E-27 6.63167E-28 2.76089E-29 2.66692E-29 1.30586E-31 1.60416E-31
 7.00000E+06 5.28890E-25 4.29239E-25 4.91318E-26 1.93051E-26 7.39230E-27 1.09216E-26 4.62789E-27 1.95008E-27 7.09621E-29 6.86587E-29 2.94093E-27 1.24149E-27 5.33066E-28 2.21921E-29 2.14366E-29 1.04962E-31 1.28938E-31
 8.00000E+06 4.45514E-25 3.62579E-25 4.09029E-26 1.60711E-26 6.15212E-27 9.08236E-27 3.84843E-27 1.62153E-27 5.90042E-29 5.70881E-29 2.44497E-27 1.03212E-27 4.43157E-28 1.84488E-29 1.78207E-29 8.72549E-32 1.07186E-31
 9.00000E+06 3.84276E-25 3.13519E-25 3.49059E-26 1.37143E-26 5.24872E-27 7.74399E-27 3.28127E-27 1.38248E-27 5.03044E-29 4.86703E-29 2.08422E-27 8.79822E-28 3.77761E-28 1.57261E-29 1.51907E-29 7.43765E-32 9.13660E-32
 1.00000E+07 3.37512E-25 2.75976E-25 3.03632E-26 1.19291E-26 4.56467E-27 6.73144E-27 2.85220E-27 1.20165E-27 4.37235E-29 4.23028E-29 1.81138E-27 7.64641E-28 3.28304E-28 1.36671E-29 1.32017E-29 6.46372E-32 7.94019E-32
 1.10000E+07 3.00695E-25 2.46358E-25 2.68158E-26 1.05352E-26 4.03066E-27 5.94155E-27 2.51748E-27 1.06059E-27 3.85902E-29 3.73361E-29 1.59859E-27 6.74812E-28 2.89732E-28 1.20612E-29 1.16505E-29 5.70418E-32 7.00716E-32
 1.25000E+07 2.58204E-25 2.12091E-25 2.27612E-26 8.94196E-27 3.42048E-27 5.03964E-27 2.13530E-27 8.99547E-28 3.27297E-29 3.16658E-29 1.35569E-27 5.72271E-28 2.45703E-28 1.02283E-29 9.87995E-30 4.83722E-32 5.94216E-32
 1.40000E+07 2.26086E-25 1.86119E-25 1.97313E-26 7.75143E-27 2.96464E-27 4.36633E-27 1.85000E-27 7.79331E-28 2.83552E-29 2.74333E-29 1.17440E-27 4.95742E-28 2.12844E-28 8.86030E-30 8.55856E-30 4.19022E-32 5.14737E-32
 1.50000E+07 2.07785E-25 1.71110E-25 1.81076E-26 7.11347E-27 2.72043E-27 4.00578E-27 1.69723E-27 7.14960E-28 2.60128E-29 2.51670E-29 1.07734E-27 4.54769E-28 1.95251E-28 8.12791E-30 7.85110E-30 3.84383E-32 4.72185E-32
 1.75000E+07 1.72504E-25 1.42151E-25 1.49889E-26 5.88815E-27 2.25145E-27 3.31378E-27 1.40401E-27 5.91420E-28 2.15176E-29 2.08177E-29 8.91084E-28 3.76145E-28 1.61493E-28 6.72257E-30 6.49361E-30 3.17918E-32 3.90537E-32
 2.00000E+07 1.47218E-25 1.21375E-25 1.27633E-26 5.01376E-27 1.91688E-27 2.82041E-27 1.19496E-27 5.03347E-28 1.83129E-29 1.77172E-29 7.58323E-28 3.20103E-28 1.37431E-28 5.72087E-30 5.52602E-30 2.70543E-32 3.32341E-32
 2.20000E+07 1.31659E-25 1.08582E-25 1.13981E-26 4.47741E-27 1.71168E-27 2.51796E-27 1.06682E-27 4.49359E-28 1.63486E-29 1.58167E-29 6.76951E-28 2.85753E-28 1.22683E-28 5.10693E-30 4.93299E-30 2.41508E-32 2.96674E-32
 2.50000E+07 1.13541E-25 9.36765E-26 9.81265E-27 3.85456E-27 1.47343E-27 2.16692E-27 9.18081E-28 3.86701E-28 1.40688E-29 1.36110E-29 5.82521E-28 2.45892E-28 1.05568E-28 4.39448E-30 4.24480E-30 2.07815E-32 2.55284E-32
 3.00000E+07 9.22281E-26 7.61287E-26 7.95381E-27 3.12431E-27 1.19414E-27 1.75564E-27 7.43821E-28 3.13293E-28 1.13979E-29 1.10270E-29 4.71904E-28 1.99197E-28 8.55205E-29 3.55993E-30 3.43867E-30 1.68347E-32 2.06801E-32
 3.50000E+07 7.75726E-26 6.40535E-26 6.67969E-27 2.62380E-27 1.00275E-27 1.47392E-27 6.24461E-28 2.63014E-28 9.56862E-30 9.25719E-30 3.96147E-28 1.67219E-28 7.17910E-29 2.98840E-30 2.88661E-30 1.41319E-32 1.73599E-32
 4.00000E+07 6.68961E-26 5.52519E-26 5.75369E-27 2.26004E-27 8.63680E-28 1.26928E-27 5.37758E-28 2.26493E-28 8.23988E-30 7.97167E-30 3.41125E-28 1.43993E-28 6.18193E-29 2.57330E-30 2.48565E-30 1.21688E-32 1.49484E-32
 4.50000E+07 5.87808E-26 4.85590E-26 5.05114E-27 1.98406E-27 7.58176E-28 1.11408E-27 4.72003E-28 1.98795E-28 7.23220E-30 6.99678E-30 2.99399E-28 1.26380E-28 5.42575E-29 2.25853E-30 2.18159E-30 1.06803E-32 1.31198E-32
 5.00000E+07 5.24086E-26 4.33019E-26 4.50030E-27 1.76768E-27 6.75462E-28 9.92435E-28 4.20463E-28 1.77086E-28 6.44239E-30 6.23267E-30 2.66697E-28 1.12576E-28 4.83309E-29 2.01182E-30 1.94329E-30 9.51359E-33 1.16867E-32
 5.50000E+07 4.72748E-26 3.90654E-26 4.05705E-27 1.59357E-27 6.08910E-28 8.94572E-28 3.79000E-28 1.59622E-28 5.80703E-30 5.61798E-30 2.40391E-28 1.01471E-28 4.35635E-29 1.81337E-30 1.75160E-30 8.57512E-33 1.05338E-32
 6.00000E+07 4.30519E-26 3.55798E-26 3.69280E-27 1.45049E-27 5.54224E-28 8.14171E-28 3.44936E-28 1.45275E-28 5.28505E-30 5.11299E-30 2.18779E-28 9.23489E-29 3.96470E-29 1.65034E-30 1.59412E-30 7.80416E-33 9.58678E-33
 7.00000E+07 3.65181E-26 3.01853E-26 3.12991E-27 1.22938E-27 4.69719E-28 6.89951E-28 2.92307E-28 1.23108E-28 4.47861E-30 4.33279E-30 1.85391E-28 7.82555E-29 3.35963E-29 1.39847E-30 1.35083E-30 6.61310E-33 8.12366E-33
 8.00000E+07 3.17003E-26 2.62064E-26 2.71537E-27 1.06655E-27 4.07492E-28 5.98496E-28 2.53561E-28 1.06789E-28 3.88490E-30 3.75841E-30 1.60812E-28 6.78802E-29 2.91420E-29 1.21306E-30 1.17173E-30 5.73628E-33 7.04656E-33
 9.00000E+07 2.80023E-26 2.31517E-26 2.39750E-27 9.41696E-28 3.59779E-28 5.28383E-28 2.23856E-28 9.42778E-29 3.42975E-30 3.31807E-30 1.41970E-28 5.99266E-29 2.57274E-29 1.07092E-30 1.03443E-30 5.06412E-33 6.22087E-33
 1.00000E+08 2.50751E-26 2.07333E-26 2.14609E-27 8.42941E-28 3.22043E-28 4.72936E-28 2.00365E-28 8.43841E-29 3.06982E-30 2.96986E-30 1.27069E-28 5.36370E-29 2.30271E-29 9.58517E-31 9.25863E-31 4.53260E-33 5.56793E-33
 1.10000E+08 2.27009E-26 1.87714E-26 1.94229E-27 7.62892E-28 2.91456E-28 4.27998E-28 1.81326E-28 7.63655E-29 2.77810E-30 2.68764E-30 1.14993E-28 4.85396E-29 2.08387E-29 8.67422E-31 8.37871E-31 4.10183E-33 5.03876E-33
 1.25000E+08 1.98764E-26 1.64372E-26 1.70001E-27 6.67728E-28 2.55094E-28 3.74581E-28 1.58695E-28 6.68341E-29 2.43136E-30 2.35218E-30 1.00639E-28 4.24806E-29 1.82375E-29 7.59144E-31 7.33282E-31 3.58980E-33 4.40978E-33
 1.40000E+08 1.76762E-26 1.46186E-26 1.51140E-27 5.93642E-28 2.26787E-28 3.33001E-28 1.41079E-28 5.94150E-29 2.16145E-30 2.09106E-30 8.94665E-29 3.77645E-29 1.62128E-29 6.74864E-31 6.51873E-31 3.19126E-33 3.92020E-33
 1.50000E+08 1.64611E-26 1.36142E-26 1.40728E-27 5.52745E-28 2.11161E-28 3.10050E-28 1.31355E-28 5.53198E-29 2.01247E-30 1.94693E-30 8.32996E-29 3.51614E-29 1.50952E-29 6.28344E-31 6.06938E-31 2.97128E-33 3.64997E-33
 1.75000E+08 1.40465E-26 1.16180E-26 1.20047E-27 4.71513E-28 1.80126E-28 2.64467E-28 1.12044E-28 4.71866E-29 1.71659E-30 1.66069E-30 7.10519E-29 2.99915E-29 1.28757E-29 5.35956E-31 5.17697E-31 2.53439E-33 3.11330E-33
 2.00000E+08 1.22493E-26 1.01320E-26 1.04661E-27 4.11082E-28 1.57038E-28 2.30561E-28 9.76789E-29 4.11368E-29 1.49650E-30 1.44777E-30 6.19417E-29 2.61460E-29 1.12248E-29 4.67236E-31 4.51318E-31 2.20943E-33 2.71411E-33
 2.20000E+08 1.11117E-26 9.19135E-27 9.49266E-28 3.72847E-28 1.42430E-28 2.09109E-28 8.85908E-29 3.73093E-29 1.35726E-30 1.31306E-30 5.61782E-29 2.37132E-29 1.01803E-29 4.23760E-31 4.09323E-31 2.00384E-33 2.46156E-33
 2.50000E+08 9.75283E-27 8.06769E-27 8.33029E-28 3.27191E-28 1.24988E-28 1.83496E-28 7.77397E-29 3.27394E-29 1.19101E-30 1.15222E-30 4.92967E-29 2.08085E-29 8.93331E-30 3.71852E-31 3.59183E-31 1.75838E-33 2.16003E-33
 3.00000E+08 8.10140E-27 6.70194E-27 6.91818E-28 2.71727E-28 1.03799E-28 1.52384E-28 6.45585E-29 2.71882E-29 9.89066E-31 9.56853E-31 4.09377E-29 1.72801E-29 7.41852E-30 3.08798E-31 2.98278E-31 1.46022E-33 1.79376E-33
 3.50000E+08 6.92814E-27 5.73156E-27 5.91531E-28 2.32337E-28 8.87516E-29 1.30290E-28 5.51981E-29 2.32461E-29 8.45658E-31 8.18116E-31 3.50019E-29 1.47745E-29 6.34285E-30 2.64023E-31 2.55028E-31 1.24849E-33 1.53366E-33
 4.00000E+08 6.05166E-27 5.00659E-27 5.16634E-28 2.02919E-28 7.75136E-29 1.13790E-28 4.82079E-29 2.03022E-29 7.38562E-31 7.14508E-31 3.05691E-29 1.29034E-29 5.53956E-30 2.30585E-31 2.22730E-31 1.09037E-33 1.33943E-33
 4.50000E+08 5.37201E-27 4.44440E-27 4.58568E-28 1.80112E-28 6.88013E-29 1.00999E-28 4.27888E-29 1.80200E-29 6.55539E-31 6.34189E-31 2.71327E-29 1.14529E-29 4.91683E-30 2.04664E-31 1.97691E-31 9.67795E-34 1.18886E-33
 5.00000E+08 4.82958E-27 3.99571E-27 4.12235E-28 1.61914E-28 6.18493E-29 9.07924E-29 3.84648E-29 1.61990E-29 5.89293E-31 5.70100E-31 2.43907E-29 1.02955E-29 4.41994E-30 1.83981E-31 1.77713E-31 8.69991E-34 1.06871E-33
 5.50000E+08 4.38664E-27 3.62930E-27 3.74404E-28 1.47055E-28 5.61732E-29 8.24593E-29 3.49344E-29 1.47122E-29 5.35206E-31 5.17774E-31 2.21520E-29 9.35048E-30 4.01426E-30 1.67094E-31 1.61401E-31 7.90138E-34 9.70621E-34
 6.00000E+08 4.01812E-27 3.32443E-27 3.42932E-28 1.34694E-28 5.14512E-29 7.55271E-29 3.19976E-29 1.34753E-29 4.90212E-31 4.74246E-31 2.02897E-29 8.56438E-30 3.67677E-30 1.53046E-31 1.47832E-31 7.23711E-34 8.89019E-34
 7.00000E+08 3.44010E-27 2.84625E-27 2.93576E-28 1.15308E-28 4.40460E-29 6.46559E-29 2.73919E-29 1.15357E-29 4.19651E-31 4.05983E-31 1.73691E-29 7.33161E-30 3.14753E-30 1.31017E-31 1.26553E-31 6.19538E-34 7.61052E-34
 8.00000E+08 3.00746E-27 2.48833E-27 2.56639E-28 1.00800E-28 3.85040E-29 5.65203E-29 2.39452E-29 1.00842E-29 3.66846E-31 3.54898E-31 1.51835E-29 6.40906E-30 2.75147E-30 1.14530E-31 1.10628E-31 5.41580E-34 6.65286E-34
 9.00000E+08 2.67147E-27 2.21036E-27 2.27958E-28 8.95349E-29 3.42008E-29 5.02032E-29 2.12689E-29 8.95709E-30 3.25844E-31 3.15231E-31 1.34865E-29 5.69272E-30 2.44394E-30 1.01729E-31 9.82636E-32 4.81047E-34 5.90927E-34
 1.00000E+09 2.40302E-27 1.98826E-27 2.05042E-28 8.05344E-29 3.07627E-29 4.51562E-29 1.91307E-29 8.05661E-30 2.93086E-31 2.83540E-31 1.21306E-29 5.12041E-30 2.19824E-30 9.15021E-32 8.83847E-32 4.32685E-34 5.31519E-34
