 ***  Photoelectric cross sections,  IZ = 16,  NSHELL =  4,  NDATA = 206
              0           1           2           3           4
 5.00000E+01 8.92604E-19 0.00000E+00 0.00000E+00 0.00000E+00 0.00000E+00
 5.24404E+01 9.01332E-19 0.00000E+00 0.00000E+00 0.00000E+00 0.00000E+00
 5.50000E+01 9.06024E-19 0.00000E+00 0.00000E+00 0.00000E+00 0.00000E+00
 5.74456E+01 9.03146E-19 0.00000E+00 0.00000E+00 0.00000E+00 0.00000E+00
 6.00000E+01 8.97244E-19 0.00000E+00 0.00000E+00 0.00000E+00 0.00000E+00
 6.48074E+01 8.73763E-19 0.00000E+00 0.00000E+00 0.00000E+00 0.00000E+00
 6.73537E+01 8.56611E-19 0.00000E+00 0.00000E+00 0.00000E+00 0.00000E+00
 7.00000E+01 8.37835E-19 0.00000E+00 0.00000E+00 0.00000E+00 0.00000E+00
 7.48331E+01 7.97481E-19 0.00000E+00 0.00000E+00 0.00000E+00 0.00000E+00
 8.00000E+01 7.54818E-19 0.00000E+00 0.00000E+00 0.00000E+00 0.00000E+00
 8.48528E+01 7.12325E-19 0.00000E+00 0.00000E+00 0.00000E+00 0.00000E+00
 9.00000E+01 6.70009E-19 0.00000E+00 0.00000E+00 0.00000E+00 0.00000E+00
 1.00000E+02 5.92218E-19 0.00000E+00 0.00000E+00 0.00000E+00 0.00000E+00
 1.10000E+02 5.23941E-19 0.00000E+00 0.00000E+00 0.00000E+00 0.00000E+00
 1.25000E+02 4.37998E-19 0.00000E+00 0.00000E+00 0.00000E+00 0.00000E+00
 1.40000E+02 3.68499E-19 0.00000E+00 0.00000E+00 0.00000E+00 0.00000E+00
 1.50000E+02 3.29613E-19 0.00000E+00 0.00000E+00 0.00000E+00 0.00000E+00
 1.68000E+02 2.71475E-19 0.00000E+00 0.00000E+00 0.00000E+00 0.00000E+00
 1.68000E+02 1.34750E-18 0.00000E+00 0.00000E+00 0.00000E+00 1.07603E-18
 1.68249E+02 1.46605E-18 0.00000E+00 0.00000E+00 0.00000E+00 1.19527E-18
 1.68498E+02 1.59099E-18 0.00000E+00 0.00000E+00 0.00000E+00 1.32090E-18
 1.68747E+02 1.72006E-18 0.00000E+00 0.00000E+00 0.00000E+00 1.45065E-18
 1.68997E+02 1.85208E-18 0.00000E+00 0.00000E+00 0.00000E+00 1.58336E-18
 1.69247E+02 1.98567E-18 0.00000E+00 0.00000E+00 0.00000E+00 1.71763E-18
 1.69498E+02 2.11909E-18 0.00000E+00 0.00000E+00 0.00000E+00 1.85173E-18
 1.69749E+02 2.25058E-18 0.00000E+00 0.00000E+00 0.00000E+00 1.98390E-18
 1.70000E+02 2.38058E-18 0.00000E+00 0.00000E+00 0.00000E+00 2.11458E-18
 1.70000E+02 2.91064E-18 0.00000E+00 0.00000E+00 5.30057E-19 2.11458E-18
 1.70308E+02 3.13599E-18 0.00000E+00 0.00000E+00 6.03520E-19 2.26729E-18
 1.70617E+02 3.35804E-18 0.00000E+00 0.00000E+00 6.81297E-19 2.41239E-18
 1.70926E+02 3.57095E-18 0.00000E+00 0.00000E+00 7.61758E-19 2.54566E-18
 1.71236E+02 3.77276E-18 0.00000E+00 0.00000E+00 8.43717E-19 2.66633E-18
 1.71547E+02 3.96261E-18 0.00000E+00 0.00000E+00 9.25856E-19 2.77486E-18
 1.71858E+02 4.13620E-18 0.00000E+00 0.00000E+00 1.00672E-18 2.86841E-18
 1.72170E+02 4.29352E-18 0.00000E+00 0.00000E+00 1.08471E-18 2.94854E-18
 1.72482E+02 4.43268E-18 0.00000E+00 0.00000E+00 1.15892E-18 3.01430E-18
 1.72795E+02 4.55410E-18 0.00000E+00 0.00000E+00 1.22790E-18 3.06755E-18
 1.73108E+02 4.65781E-18 0.00000E+00 0.00000E+00 1.29091E-18 3.10906E-18
 1.73422E+02 4.74352E-18 0.00000E+00 0.00000E+00 1.34759E-18 3.13889E-18
 1.73736E+02 4.81267E-18 0.00000E+00 0.00000E+00 1.39732E-18 3.15911E-18
 1.74051E+02 4.86591E-18 0.00000E+00 0.00000E+00 1.43956E-18 3.17091E-18
 1.74367E+02 4.90379E-18 0.00000E+00 0.00000E+00 1.47506E-18 3.17408E-18
 1.74683E+02 4.93049E-18 0.00000E+00 0.00000E+00 1.50406E-18 3.17259E-18
 1.75000E+02 4.94346E-18 0.00000E+00 0.00000E+00 1.52566E-18 3.16475E-18
 1.87083E+02 3.93684E-18 0.00000E+00 0.00000E+00 1.24939E-18 2.46309E-18
 1.88651E+02 3.86285E-18 0.00000E+00 0.00000E+00 1.22181E-18 2.42004E-18
 1.90232E+02 3.80250E-18 0.00000E+00 0.00000E+00 1.19985E-18 2.38495E-18
 1.93434E+02 3.70889E-18 0.00000E+00 0.00000E+00 1.16651E-18 2.33112E-18
 1.96689E+02 3.64005E-18 0.00000E+00 0.00000E+00 1.14334E-18 2.29172E-18
 2.00000E+02 3.58436E-18 0.00000E+00 0.00000E+00 1.12585E-18 2.25959E-18
 2.09762E+02 3.43211E-18 0.00000E+00 0.00000E+00 1.08206E-18 2.16788E-18
 2.14820E+02 3.34194E-18 0.00000E+00 0.00000E+00 1.05664E-18 2.11098E-18
 2.20000E+02 3.23753E-18 0.00000E+00 0.00000E+00 1.02569E-18 2.04501E-18
 2.25920E+02 3.10752E-18 0.00000E+00 0.00000E+00 9.86473E-19 1.96237E-18
 2.32000E+02 2.96977E-18 0.00000E+00 0.00000E+00 9.44043E-19 1.87481E-18
 2.32000E+02 3.31634E-18 0.00000E+00 3.46567E-19 9.44043E-19 1.87481E-18
 2.40832E+02 3.13097E-18 0.00000E+00 3.58379E-19 8.82092E-19 1.74985E-18
 2.50000E+02 2.94401E-18 0.00000E+00 3.62230E-19 8.21574E-19 1.62913E-18
 2.61659E+02 2.72242E-18 0.00000E+00 3.59004E-19 7.52213E-19 1.49137E-18
 2.73861E+02 2.50778E-18 0.00000E+00 3.46504E-19 6.88300E-19 1.36341E-18
 2.86633E+02 2.30029E-18 0.00000E+00 3.28804E-19 6.28102E-19 1.24326E-18
 3.00000E+02 2.10092E-18 0.00000E+00 3.10873E-19 5.70457E-19 1.12808E-18
 3.11787E+02 1.94056E-18 0.00000E+00 2.96660E-19 5.23896E-19 1.03549E-18
 3.24037E+02 1.78829E-18 0.00000E+00 2.83432E-19 4.79597E-19 9.47208E-19
 3.50000E+02 1.51296E-18 0.00000E+00 2.58514E-19 3.99450E-19 7.88393E-19
 3.74166E+02 1.30553E-18 0.00000E+00 2.37016E-19 3.39957E-19 6.70713E-19
 4.00000E+02 1.12392E-18 0.00000E+00 2.15550E-19 2.88737E-19 5.69389E-19
 4.24264E+02 9.82224E-19 0.00000E+00 1.97448E-19 2.49245E-19 4.91275E-19
 4.50000E+02 8.56619E-19 0.00000E+00 1.80772E-19 2.14403E-19 4.22452E-19
 5.00000E+02 6.67956E-19 0.00000E+00 1.53485E-19 1.62840E-19 3.20654E-19
 5.50000E+02 5.31802E-19 0.00000E+00 1.31115E-19 1.26536E-19 2.49038E-19
 6.00000E+02 4.30668E-19 0.00000E+00 1.13041E-19 1.00075E-19 1.96845E-19
 7.00000E+02 2.94472E-19 0.00000E+00 8.60829E-20 6.53508E-20 1.28423E-19
 8.00000E+02 2.10683E-19 0.00000E+00 6.72189E-20 4.47884E-20 8.79444E-20
 9.00000E+02 1.56146E-19 0.00000E+00 5.36922E-20 3.18415E-20 6.24767E-20
 1.00000E+03 1.19120E-19 0.00000E+00 4.36328E-20 2.33582E-20 4.57969E-20
 1.10000E+03 9.30489E-20 0.00000E+00 3.60294E-20 1.75648E-20 3.44163E-20
 1.25000E+03 6.66176E-20 0.00000E+00 2.76727E-20 1.19184E-20 2.33337E-20
 1.40000E+03 4.94167E-20 0.00000E+00 2.17833E-20 8.40353E-21 1.64378E-20
 1.50000E+03 4.11581E-20 0.00000E+00 1.87750E-20 6.77881E-21 1.32524E-20
 1.75000E+03 2.72784E-20 0.00000E+00 1.33807E-20 4.16521E-21 8.13373E-21
 2.00000E+03 1.90475E-20 0.00000E+00 9.90374E-21 2.71279E-21 5.29110E-21
 2.20000E+03 1.47149E-20 0.00000E+00 7.95491E-21 1.98949E-21 3.87721E-21
 2.47600E+03 1.06627E-20 0.00000E+00 6.03294E-21 1.34752E-21 2.62325E-21
 2.47600E+03 9.97400E-20 8.90773E-20 6.03294E-21 1.34752E-21 2.62325E-21
 2.47899E+03 1.02052E-19 9.14238E-20 6.01593E-21 1.34217E-21 2.61281E-21
 2.48198E+03 1.03603E-19 9.30096E-20 5.99898E-21 1.33685E-21 2.60242E-21
 2.48797E+03 1.06154E-19 9.56296E-20 5.96521E-21 1.32626E-21 2.58175E-21
 2.49398E+03 1.08288E-19 9.78330E-20 5.93163E-21 1.31576E-21 2.56125E-21
 2.50000E+03 1.09885E-19 9.94981E-20 5.89823E-21 1.30526E-21 2.54078E-21
 2.50356E+03 1.10478E-19 1.00131E-19 5.87860E-21 1.29904E-21 2.52871E-21
 2.50713E+03 1.10757E-19 1.00450E-19 5.85893E-21 1.29286E-21 2.51669E-21
 2.51428E+03 1.10843E-19 1.00617E-19 5.81930E-21 1.28057E-21 2.49282E-21
 2.52146E+03 1.10231E-19 1.00085E-19 5.77995E-21 1.26840E-21 2.46918E-21
 2.52865E+03 1.09283E-19 9.92165E-20 5.74086E-21 1.25635E-21 2.44577E-21
 2.54310E+03 1.07385E-19 9.74745E-20 5.66347E-21 1.23258E-21 2.39960E-21
 2.55763E+03 1.05766E-19 9.60100E-20 5.58712E-21 1.20927E-21 2.35430E-21
 2.61659E+03 1.01025E-19 9.18611E-20 5.29189E-21 1.12033E-21 2.18151E-21
 2.67691E+03 9.52094E-20 8.66001E-20 5.01226E-21 1.03794E-21 2.02140E-21
 2.73861E+03 8.99167E-20 8.18281E-20 4.74741E-21 9.61606E-22 1.87296E-21
 3.00000E+03 7.09911E-20 6.46980E-20 3.80865E-21 7.08392E-22 1.37632E-21
 3.50000E+03 4.76701E-20 4.35669E-20 2.60638E-21 4.18659E-22 8.12046E-22
 4.00000E+03 3.35581E-20 3.07337E-20 1.86359E-21 2.63758E-22 5.10769E-22
 4.50000E+03 2.44917E-20 2.24644E-20 1.37936E-21 1.74680E-22 3.37740E-22
 5.00000E+03 1.84079E-20 1.69036E-20 1.04980E-21 1.20385E-22 2.32455E-22
 5.50000E+03 1.41750E-20 1.30280E-20 8.17614E-22 8.57420E-23 1.65317E-22
 6.00000E+03 1.11407E-20 1.02463E-20 6.49227E-22 6.27513E-23 1.20839E-22
 7.00000E+03 7.23337E-21 6.65927E-21 4.29109E-22 3.59180E-23 6.89910E-23
 8.00000E+03 4.95139E-21 4.56146E-21 2.98141E-22 2.20366E-23 4.22324E-23
 9.00000E+03 3.53205E-21 3.25545E-21 2.15355E-22 1.42675E-23 2.72844E-23
 1.00000E+04 2.60409E-21 2.40100E-21 1.60482E-22 9.64363E-24 1.84007E-23
 1.10000E+04 1.97239E-21 1.81903E-21 1.22685E-22 6.74945E-24 1.28540E-23
 1.25000E+04 1.35473E-21 1.24975E-21 8.52662E-23 4.16874E-24 7.91596E-24
 1.40000E+04 9.68414E-22 8.93543E-22 6.15483E-23 2.71139E-24 5.13348E-24
 1.50000E+04 7.88464E-22 7.27578E-22 5.03936E-23 2.08364E-24 3.93822E-24
 1.75000E+04 4.96486E-22 4.58227E-22 3.21066E-23 1.15314E-24 2.16997E-24
 2.00000E+04 3.31464E-22 3.05955E-22 2.16333E-23 6.88386E-25 1.29000E-24
 2.20000E+04 2.47974E-22 2.28904E-22 1.62824E-23 4.75477E-25 8.88318E-25
 2.50000E+04 1.67649E-22 1.54766E-22 1.10903E-23 2.88989E-25 5.37418E-25
 3.00000E+04 9.55230E-23 8.81879E-23 6.37910E-24 1.41676E-25 2.61555E-25
 3.50000E+04 5.91620E-23 5.46203E-23 3.97865E-24 7.74238E-26 1.41965E-25
 4.00000E+04 3.89740E-23 3.59823E-23 2.63527E-24 4.58603E-26 8.35317E-26
 4.50000E+04 2.69248E-23 2.48578E-23 1.82851E-24 2.88939E-26 5.23073E-26
 5.00000E+04 1.93173E-23 1.78341E-23 1.31657E-24 1.91183E-26 3.44144E-26
 5.50000E+04 1.42924E-23 1.31948E-23 9.77024E-25 1.31670E-26 2.35679E-26
 6.00000E+04 1.08483E-23 1.00150E-23 7.43491E-25 9.37252E-27 1.66868E-26
 7.00000E+04 6.64729E-24 6.13650E-24 4.57462E-25 5.14239E-27 9.06173E-27
 8.00000E+04 4.34426E-24 4.01030E-24 2.99927E-25 3.06349E-27 5.35117E-27
 9.00000E+04 2.98361E-24 2.75415E-24 2.06515E-25 1.94576E-27 3.36819E-27
 1.00000E+05 2.13159E-24 1.96760E-24 1.47847E-25 1.29918E-27 2.23118E-27
 1.10000E+05 1.57260E-24 1.45157E-24 1.09265E-25 9.03333E-28 1.54045E-27
 1.25000E+05 1.04628E-24 9.65731E-25 7.28498E-26 5.57171E-28 9.40401E-28
 1.40000E+05 7.29659E-25 6.73464E-25 5.08895E-26 3.64442E-28 6.09908E-28
 1.50000E+05 5.86237E-25 5.41078E-25 4.09252E-26 2.82126E-28 4.69533E-28
 1.75000E+05 3.60310E-25 3.32542E-25 2.52011E-26 1.60241E-28 2.63665E-28
 2.00000E+05 2.37148E-25 2.18865E-25 1.66106E-26 9.89786E-29 1.61412E-28
 2.20000E+05 1.76383E-25 1.62782E-25 1.23658E-26 7.05588E-29 1.14432E-28
 2.50000E+05 1.19080E-25 1.09895E-25 8.35746E-27 4.51329E-29 7.27906E-29
 3.00000E+05 6.87129E-26 6.34108E-26 4.82878E-27 2.42856E-29 3.89758E-29
 3.50000E+05 4.36916E-26 4.03195E-26 3.07313E-27 1.46213E-29 2.34836E-29
 4.00000E+05 2.98423E-26 2.75388E-26 2.10032E-27 9.54360E-30 1.54179E-29
 4.50000E+05 2.15308E-26 1.98687E-26 1.51602E-27 6.63474E-30 1.07941E-29
 5.00000E+05 1.62188E-26 1.49668E-26 1.14235E-27 4.83138E-30 7.94831E-30
 5.50000E+05 1.26485E-26 1.16721E-26 8.91086E-28 3.65642E-30 6.08708E-30
 6.00000E+05 1.01480E-26 9.36467E-27 7.15046E-28 2.85536E-30 4.81326E-30
 7.00000E+05 6.98377E-27 6.44473E-27 4.92176E-28 1.87494E-30 3.23987E-30
 8.00000E+05 5.14185E-27 4.74504E-27 3.62403E-28 1.32184E-30 2.34992E-30
 9.00000E+05 3.97857E-27 3.67159E-27 2.80421E-28 9.85475E-31 1.79669E-30
 1.00000E+06 3.19651E-27 2.94992E-27 2.25295E-28 7.65735E-31 1.43035E-30
 1.10000E+06 2.64418E-27 2.44023E-27 1.86360E-28 6.14586E-31 1.17472E-30
 1.25000E+06 2.07438E-27 1.91442E-27 1.46194E-28 4.63428E-31 9.12922E-31
 1.40000E+06 1.69049E-27 1.56016E-27 1.19131E-28 3.64970E-31 7.38567E-31
 1.50000E+06 1.49920E-27 1.38363E-27 1.05646E-28 3.17863E-31 6.51807E-31
 1.75000E+06 1.15930E-27 1.06996E-27 8.16856E-29 2.35439E-31 4.99658E-31
 2.00000E+06 9.38338E-28 8.66037E-28 6.61113E-29 1.84158E-31 4.01432E-31
 2.20000E+06 8.11711E-28 7.49185E-28 5.71737E-29 1.59261E-31 3.47160E-31
 2.50000E+06 6.72701E-28 6.20901E-28 4.73660E-29 1.31940E-31 2.87605E-31
 3.00000E+06 5.20504E-28 4.80442E-28 3.66334E-29 1.02042E-31 2.22434E-31
 3.50000E+06 4.22789E-28 3.90258E-28 2.97464E-29 8.28580E-32 1.80616E-31
 4.00000E+06 3.55107E-28 3.27791E-28 2.49782E-29 6.95759E-32 1.51663E-31
 4.50000E+06 3.05626E-28 2.82121E-28 2.14935E-29 5.98688E-32 1.30503E-31
 5.00000E+06 2.67961E-28 2.47356E-28 1.88416E-29 5.24819E-32 1.14401E-31
 5.50000E+06 2.38379E-28 2.20051E-28 1.67593E-29 4.66817E-32 1.01758E-31
 6.00000E+06 2.14559E-28 1.98064E-28 1.50829E-29 4.20122E-32 9.15791E-32
 7.00000E+06 1.78626E-28 1.64896E-28 1.25547E-29 3.49699E-32 7.62282E-32
 8.00000E+06 1.52858E-28 1.41110E-28 1.07421E-29 2.99210E-32 6.52225E-32
 9.00000E+06 1.33505E-28 1.23246E-28 9.38111E-30 2.61300E-32 5.69587E-32
 1.00000E+07 1.18453E-28 1.09351E-28 8.32273E-30 2.31820E-32 5.05325E-32
 1.10000E+07 1.06420E-28 9.82440E-29 7.47677E-30 2.08256E-32 4.53961E-32
 1.25000E+07 9.23156E-29 8.52234E-29 6.48526E-30 1.80638E-32 3.93759E-32
 1.40000E+07 8.14882E-29 7.52282E-29 5.72424E-30 1.59441E-32 3.47552E-32
 1.50000E+07 7.55697E-29 6.97647E-29 5.30829E-30 1.47855E-32 3.22297E-32
 1.75000E+07 6.39400E-29 5.90287E-29 4.49104E-30 1.25091E-32 2.72676E-32
 2.00000E+07 5.53990E-29 5.11439E-29 3.89091E-30 1.08375E-32 2.36239E-32
 2.20000E+07 5.00448E-29 4.62011E-29 3.51473E-30 9.78975E-33 2.13399E-32
 2.50000E+07 4.37030E-29 4.03465E-29 3.06920E-30 8.54879E-33 1.86348E-32
 3.00000E+07 3.60755E-29 3.33050E-29 2.53340E-30 7.05638E-33 1.53816E-32
 3.50000E+07 3.07107E-29 2.83523E-29 2.15658E-30 6.00679E-33 1.30937E-32
 4.00000E+07 2.67330E-29 2.46801E-29 1.87719E-30 5.22862E-33 1.13974E-32
 4.50000E+07 2.36663E-29 2.18490E-29 1.66182E-30 4.62872E-33 1.00898E-32
 5.00000E+07 2.12302E-29 1.96000E-29 1.49073E-30 4.15219E-33 9.05102E-33
 5.50000E+07 1.92485E-29 1.77704E-29 1.35156E-30 3.76454E-33 8.20601E-33
 6.00000E+07 1.76048E-29 1.62530E-29 1.23613E-30 3.44304E-33 7.50520E-33
 7.00000E+07 1.50364E-29 1.38818E-29 1.05577E-30 2.94066E-33 6.41012E-33
 8.00000E+07 1.31217E-29 1.21142E-29 9.21317E-31 2.56617E-33 5.59378E-33
 9.00000E+07 1.16394E-29 1.07457E-29 8.17230E-31 2.27625E-33 4.96182E-33
 1.00000E+08 1.04579E-29 9.65493E-30 7.34268E-31 2.04518E-33 4.45811E-33
 1.10000E+08 9.49412E-30 8.76515E-30 6.66593E-31 1.85668E-33 4.04722E-33
 1.25000E+08 8.34100E-30 7.70057E-30 5.85626E-31 1.63116E-33 3.55563E-33
 1.40000E+08 7.43761E-30 6.86655E-30 5.22195E-31 1.45448E-33 3.17051E-33
 1.50000E+08 6.93673E-30 6.40413E-30 4.87026E-31 1.35653E-33 2.95698E-33
 1.75000E+08 5.93712E-30 5.48127E-30 4.16841E-31 1.16104E-33 2.53085E-33
 2.00000E+08 5.18930E-30 4.79087E-30 3.64335E-31 1.01479E-33 2.21206E-33
 2.20000E+08 4.71425E-30 4.35230E-30 3.30981E-31 9.21889E-34 2.00955E-33
 2.50000E+08 4.14507E-30 3.82681E-30 2.91018E-31 8.10578E-34 1.76691E-33
 3.00000E+08 3.45068E-30 3.18574E-30 2.42264E-31 6.74785E-34 1.47091E-33
 3.50000E+08 2.95555E-30 2.72863E-30 2.07502E-31 5.77960E-34 1.25985E-33
 4.00000E+08 2.58468E-30 2.38623E-30 1.81463E-31 5.05434E-34 1.10175E-33
 4.50000E+08 2.29650E-30 2.12018E-30 1.61231E-31 4.49081E-34 9.78914E-34
 5.00000E+08 2.06614E-30 1.90751E-30 1.45058E-31 4.04033E-34 8.80718E-34
 5.50000E+08 1.87778E-30 1.73361E-30 1.31833E-31 3.67198E-34 8.00426E-34
 6.00000E+08 1.72090E-30 1.58877E-30 1.20819E-31 3.36519E-34 7.33550E-34
 7.00000E+08 1.47451E-30 1.36130E-30 1.03520E-31 2.88338E-34 6.28524E-34
 8.00000E+08 1.28984E-30 1.19081E-30 9.05551E-32 2.52225E-34 5.49805E-34
 9.00000E+08 1.14627E-30 1.05827E-30 8.04760E-32 2.24151E-34 4.88609E-34
 1.00000E+09 1.03147E-30 9.52276E-31 7.24158E-32 2.01701E-34 4.39672E-34
