 ***  Photoelectric cross sections,  IZ = 82,  NSHELL = 16,  NDATA = 373
              0           1           2           3           4           5           6           7           8           9          10          11          12          13          14          15          16
 5.00000E+01 3.81549E-17 0.00000E+00 0.00000E+00 0.00000E+00 0.00000E+00 0.00000E+00 0.00000E+00 0.00000E+00 0.00000E+00 0.00000E+00 0.00000E+00 0.00000E+00 0.00000E+00 0.00000E+00 0.00000E+00 0.00000E+00 0.00000E+00
 5.12057E+01 3.60722E-17 0.00000E+00 0.00000E+00 0.00000E+00 0.00000E+00 0.00000E+00 0.00000E+00 0.00000E+00 0.00000E+00 0.00000E+00 0.00000E+00 0.00000E+00 0.00000E+00 0.00000E+00 0.00000E+00 0.00000E+00 0.00000E+00
 5.24404E+01 3.39350E-17 0.00000E+00 0.00000E+00 0.00000E+00 0.00000E+00 0.00000E+00 0.00000E+00 0.00000E+00 0.00000E+00 0.00000E+00 0.00000E+00 0.00000E+00 0.00000E+00 0.00000E+00 0.00000E+00 0.00000E+00 0.00000E+00
 5.37050E+01 3.18021E-17 0.00000E+00 0.00000E+00 0.00000E+00 0.00000E+00 0.00000E+00 0.00000E+00 0.00000E+00 0.00000E+00 0.00000E+00 0.00000E+00 0.00000E+00 0.00000E+00 0.00000E+00 0.00000E+00 0.00000E+00 0.00000E+00
 5.50000E+01 2.97034E-17 0.00000E+00 0.00000E+00 0.00000E+00 0.00000E+00 0.00000E+00 0.00000E+00 0.00000E+00 0.00000E+00 0.00000E+00 0.00000E+00 0.00000E+00 0.00000E+00 0.00000E+00 0.00000E+00 0.00000E+00 0.00000E+00
 5.74456E+01 2.60599E-17 0.00000E+00 0.00000E+00 0.00000E+00 0.00000E+00 0.00000E+00 0.00000E+00 0.00000E+00 0.00000E+00 0.00000E+00 0.00000E+00 0.00000E+00 0.00000E+00 0.00000E+00 0.00000E+00 0.00000E+00 0.00000E+00
 6.00000E+01 2.27054E-17 0.00000E+00 0.00000E+00 0.00000E+00 0.00000E+00 0.00000E+00 0.00000E+00 0.00000E+00 0.00000E+00 0.00000E+00 0.00000E+00 0.00000E+00 0.00000E+00 0.00000E+00 0.00000E+00 0.00000E+00 0.00000E+00
 6.23574E+01 2.00021E-17 0.00000E+00 0.00000E+00 0.00000E+00 0.00000E+00 0.00000E+00 0.00000E+00 0.00000E+00 0.00000E+00 0.00000E+00 0.00000E+00 0.00000E+00 0.00000E+00 0.00000E+00 0.00000E+00 0.00000E+00 0.00000E+00
 6.48074E+01 1.75378E-17 0.00000E+00 0.00000E+00 0.00000E+00 0.00000E+00 0.00000E+00 0.00000E+00 0.00000E+00 0.00000E+00 0.00000E+00 0.00000E+00 0.00000E+00 0.00000E+00 0.00000E+00 0.00000E+00 0.00000E+00 0.00000E+00
 6.73537E+01 1.53049E-17 0.00000E+00 0.00000E+00 0.00000E+00 0.00000E+00 0.00000E+00 0.00000E+00 0.00000E+00 0.00000E+00 0.00000E+00 0.00000E+00 0.00000E+00 0.00000E+00 0.00000E+00 0.00000E+00 0.00000E+00 0.00000E+00
 7.00000E+01 1.32973E-17 0.00000E+00 0.00000E+00 0.00000E+00 0.00000E+00 0.00000E+00 0.00000E+00 0.00000E+00 0.00000E+00 0.00000E+00 0.00000E+00 0.00000E+00 0.00000E+00 0.00000E+00 0.00000E+00 0.00000E+00 0.00000E+00
 7.48331E+01 1.03100E-17 0.00000E+00 0.00000E+00 0.00000E+00 0.00000E+00 0.00000E+00 0.00000E+00 0.00000E+00 0.00000E+00 0.00000E+00 0.00000E+00 0.00000E+00 0.00000E+00 0.00000E+00 0.00000E+00 0.00000E+00 0.00000E+00
 8.00000E+01 7.89316E-18 0.00000E+00 0.00000E+00 0.00000E+00 0.00000E+00 0.00000E+00 0.00000E+00 0.00000E+00 0.00000E+00 0.00000E+00 0.00000E+00 0.00000E+00 0.00000E+00 0.00000E+00 0.00000E+00 0.00000E+00 0.00000E+00
 8.48528E+01 6.17160E-18 0.00000E+00 0.00000E+00 0.00000E+00 0.00000E+00 0.00000E+00 0.00000E+00 0.00000E+00 0.00000E+00 0.00000E+00 0.00000E+00 0.00000E+00 0.00000E+00 0.00000E+00 0.00000E+00 0.00000E+00 0.00000E+00
 9.00000E+01 4.81133E-18 0.00000E+00 0.00000E+00 0.00000E+00 0.00000E+00 0.00000E+00 0.00000E+00 0.00000E+00 0.00000E+00 0.00000E+00 0.00000E+00 0.00000E+00 0.00000E+00 0.00000E+00 0.00000E+00 0.00000E+00 0.00000E+00
 9.00000E+01 4.81133E-18 0.00000E+00 0.00000E+00 0.00000E+00 0.00000E+00 0.00000E+00 0.00000E+00 0.00000E+00 0.00000E+00 0.00000E+00 0.00000E+00 0.00000E+00 0.00000E+00 0.00000E+00 0.00000E+00 0.00000E+00 0.00000E+00
 9.00741E+01 5.78180E-18 0.00000E+00 0.00000E+00 0.00000E+00 0.00000E+00 0.00000E+00 0.00000E+00 0.00000E+00 0.00000E+00 0.00000E+00 0.00000E+00 0.00000E+00 0.00000E+00 0.00000E+00 0.00000E+00 0.00000E+00 0.00000E+00
 9.01483E+01 5.76785E-18 0.00000E+00 0.00000E+00 0.00000E+00 0.00000E+00 0.00000E+00 0.00000E+00 0.00000E+00 0.00000E+00 0.00000E+00 0.00000E+00 0.00000E+00 0.00000E+00 0.00000E+00 0.00000E+00 0.00000E+00 0.00000E+00
 9.02968E+01 5.73989E-18 0.00000E+00 0.00000E+00 0.00000E+00 0.00000E+00 0.00000E+00 0.00000E+00 0.00000E+00 0.00000E+00 0.00000E+00 0.00000E+00 0.00000E+00 0.00000E+00 0.00000E+00 0.00000E+00 0.00000E+00 0.00000E+00
 9.05946E+01 5.68374E-18 0.00000E+00 0.00000E+00 0.00000E+00 0.00000E+00 0.00000E+00 0.00000E+00 0.00000E+00 0.00000E+00 0.00000E+00 0.00000E+00 0.00000E+00 0.00000E+00 0.00000E+00 0.00000E+00 0.00000E+00 0.00000E+00
 9.11931E+01 5.57086E-18 0.00000E+00 0.00000E+00 0.00000E+00 0.00000E+00 0.00000E+00 0.00000E+00 0.00000E+00 0.00000E+00 0.00000E+00 0.00000E+00 0.00000E+00 0.00000E+00 0.00000E+00 0.00000E+00 0.00000E+00 0.00000E+00
 9.24021E+01 5.34243E-18 0.00000E+00 0.00000E+00 0.00000E+00 0.00000E+00 0.00000E+00 0.00000E+00 0.00000E+00 0.00000E+00 0.00000E+00 0.00000E+00 0.00000E+00 0.00000E+00 0.00000E+00 0.00000E+00 0.00000E+00 0.00000E+00
 9.36271E+01 5.11245E-18 0.00000E+00 0.00000E+00 0.00000E+00 0.00000E+00 0.00000E+00 0.00000E+00 0.00000E+00 0.00000E+00 0.00000E+00 0.00000E+00 0.00000E+00 0.00000E+00 0.00000E+00 0.00000E+00 0.00000E+00 0.00000E+00
 9.48683E+01 4.88224E-18 0.00000E+00 0.00000E+00 0.00000E+00 0.00000E+00 0.00000E+00 0.00000E+00 0.00000E+00 0.00000E+00 0.00000E+00 0.00000E+00 0.00000E+00 0.00000E+00 0.00000E+00 0.00000E+00 0.00000E+00 0.00000E+00
 9.74004E+01 4.43057E-18 0.00000E+00 0.00000E+00 0.00000E+00 0.00000E+00 0.00000E+00 0.00000E+00 0.00000E+00 0.00000E+00 0.00000E+00 0.00000E+00 0.00000E+00 0.00000E+00 0.00000E+00 0.00000E+00 0.00000E+00 0.00000E+00
 1.00000E+02 4.00137E-18 0.00000E+00 0.00000E+00 0.00000E+00 0.00000E+00 0.00000E+00 0.00000E+00 0.00000E+00 0.00000E+00 0.00000E+00 0.00000E+00 0.00000E+00 0.00000E+00 0.00000E+00 0.00000E+00 0.00000E+00 0.00000E+00
 1.04881E+02 3.29627E-18 0.00000E+00 0.00000E+00 0.00000E+00 0.00000E+00 0.00000E+00 0.00000E+00 0.00000E+00 0.00000E+00 0.00000E+00 0.00000E+00 0.00000E+00 0.00000E+00 0.00000E+00 0.00000E+00 0.00000E+00 0.00000E+00
 1.10000E+02 2.70746E-18 0.00000E+00 0.00000E+00 0.00000E+00 0.00000E+00 0.00000E+00 0.00000E+00 0.00000E+00 0.00000E+00 0.00000E+00 0.00000E+00 0.00000E+00 0.00000E+00 0.00000E+00 0.00000E+00 0.00000E+00 0.00000E+00
 1.11000E+02 2.60624E-18 0.00000E+00 0.00000E+00 0.00000E+00 0.00000E+00 0.00000E+00 0.00000E+00 0.00000E+00 0.00000E+00 0.00000E+00 0.00000E+00 0.00000E+00 0.00000E+00 0.00000E+00 0.00000E+00 0.00000E+00 0.00000E+00
 1.11000E+02 3.01680E-18 0.00000E+00 0.00000E+00 0.00000E+00 0.00000E+00 0.00000E+00 0.00000E+00 0.00000E+00 0.00000E+00 0.00000E+00 0.00000E+00 0.00000E+00 0.00000E+00 0.00000E+00 0.00000E+00 0.00000E+00 0.00000E+00
 1.12660E+02 2.92328E-18 0.00000E+00 0.00000E+00 0.00000E+00 0.00000E+00 0.00000E+00 0.00000E+00 0.00000E+00 0.00000E+00 0.00000E+00 0.00000E+00 0.00000E+00 0.00000E+00 0.00000E+00 0.00000E+00 0.00000E+00 0.00000E+00
 1.14346E+02 2.81610E-18 0.00000E+00 0.00000E+00 0.00000E+00 0.00000E+00 0.00000E+00 0.00000E+00 0.00000E+00 0.00000E+00 0.00000E+00 0.00000E+00 0.00000E+00 0.00000E+00 0.00000E+00 0.00000E+00 0.00000E+00 0.00000E+00
 1.16056E+02 2.69834E-18 0.00000E+00 0.00000E+00 0.00000E+00 0.00000E+00 0.00000E+00 0.00000E+00 0.00000E+00 0.00000E+00 0.00000E+00 0.00000E+00 0.00000E+00 0.00000E+00 0.00000E+00 0.00000E+00 0.00000E+00 0.00000E+00
 1.17792E+02 2.57259E-18 0.00000E+00 0.00000E+00 0.00000E+00 0.00000E+00 0.00000E+00 0.00000E+00 0.00000E+00 0.00000E+00 0.00000E+00 0.00000E+00 0.00000E+00 0.00000E+00 0.00000E+00 0.00000E+00 0.00000E+00 0.00000E+00
 1.19554E+02 2.44419E-18 0.00000E+00 0.00000E+00 0.00000E+00 0.00000E+00 0.00000E+00 0.00000E+00 0.00000E+00 0.00000E+00 0.00000E+00 0.00000E+00 0.00000E+00 0.00000E+00 0.00000E+00 0.00000E+00 0.00000E+00 0.00000E+00
 1.21343E+02 2.31593E-18 0.00000E+00 0.00000E+00 0.00000E+00 0.00000E+00 0.00000E+00 0.00000E+00 0.00000E+00 0.00000E+00 0.00000E+00 0.00000E+00 0.00000E+00 0.00000E+00 0.00000E+00 0.00000E+00 0.00000E+00 0.00000E+00
 1.25000E+02 2.06844E-18 0.00000E+00 0.00000E+00 0.00000E+00 0.00000E+00 0.00000E+00 0.00000E+00 0.00000E+00 0.00000E+00 0.00000E+00 0.00000E+00 0.00000E+00 0.00000E+00 0.00000E+00 0.00000E+00 0.00000E+00 0.00000E+00
 1.32288E+02 1.65076E-18 0.00000E+00 0.00000E+00 0.00000E+00 0.00000E+00 0.00000E+00 0.00000E+00 0.00000E+00 0.00000E+00 0.00000E+00 0.00000E+00 0.00000E+00 0.00000E+00 0.00000E+00 0.00000E+00 0.00000E+00 0.00000E+00
 1.40000E+02 1.32100E-18 0.00000E+00 0.00000E+00 0.00000E+00 0.00000E+00 0.00000E+00 0.00000E+00 0.00000E+00 0.00000E+00 0.00000E+00 0.00000E+00 0.00000E+00 0.00000E+00 0.00000E+00 0.00000E+00 0.00000E+00 0.00000E+00
 1.44000E+02 1.18540E-18 0.00000E+00 0.00000E+00 0.00000E+00 0.00000E+00 0.00000E+00 0.00000E+00 0.00000E+00 0.00000E+00 0.00000E+00 0.00000E+00 0.00000E+00 0.00000E+00 0.00000E+00 0.00000E+00 0.00000E+00 0.00000E+00
 1.44000E+02 1.28348E-18 0.00000E+00 0.00000E+00 0.00000E+00 0.00000E+00 0.00000E+00 0.00000E+00 0.00000E+00 0.00000E+00 0.00000E+00 0.00000E+00 0.00000E+00 0.00000E+00 0.00000E+00 0.00000E+00 0.00000E+00 9.80879E-20
 1.45986E+02 1.26501E-18 0.00000E+00 0.00000E+00 0.00000E+00 0.00000E+00 0.00000E+00 0.00000E+00 0.00000E+00 0.00000E+00 0.00000E+00 0.00000E+00 0.00000E+00 0.00000E+00 0.00000E+00 0.00000E+00 0.00000E+00 1.39591E-19
 1.48000E+02 1.23902E-18 0.00000E+00 0.00000E+00 0.00000E+00 0.00000E+00 0.00000E+00 0.00000E+00 0.00000E+00 0.00000E+00 0.00000E+00 0.00000E+00 0.00000E+00 0.00000E+00 0.00000E+00 0.00000E+00 0.00000E+00 1.69967E-19
 1.48000E+02 1.30934E-18 0.00000E+00 0.00000E+00 0.00000E+00 0.00000E+00 0.00000E+00 0.00000E+00 0.00000E+00 0.00000E+00 0.00000E+00 0.00000E+00 0.00000E+00 0.00000E+00 0.00000E+00 0.00000E+00 7.03277E-20 1.69967E-19
 1.48997E+02 1.31088E-18 0.00000E+00 0.00000E+00 0.00000E+00 0.00000E+00 0.00000E+00 0.00000E+00 0.00000E+00 0.00000E+00 0.00000E+00 0.00000E+00 0.00000E+00 0.00000E+00 0.00000E+00 0.00000E+00 8.68736E-20 1.81334E-19
 1.50000E+02 1.30861E-18 0.00000E+00 0.00000E+00 0.00000E+00 0.00000E+00 0.00000E+00 0.00000E+00 0.00000E+00 0.00000E+00 0.00000E+00 0.00000E+00 0.00000E+00 0.00000E+00 0.00000E+00 0.00000E+00 1.01340E-19 1.90168E-19
 1.51493E+02 1.29987E-18 0.00000E+00 0.00000E+00 0.00000E+00 0.00000E+00 0.00000E+00 0.00000E+00 0.00000E+00 0.00000E+00 0.00000E+00 0.00000E+00 0.00000E+00 0.00000E+00 0.00000E+00 0.00000E+00 1.18703E-19 1.99965E-19
 1.53000E+02 1.28495E-18 0.00000E+00 0.00000E+00 0.00000E+00 0.00000E+00 0.00000E+00 0.00000E+00 0.00000E+00 0.00000E+00 0.00000E+00 0.00000E+00 0.00000E+00 0.00000E+00 0.00000E+00 0.00000E+00 1.31637E-19 2.06333E-19
 1.53000E+02 1.34123E-18 0.00000E+00 0.00000E+00 0.00000E+00 0.00000E+00 0.00000E+00 0.00000E+00 0.00000E+00 0.00000E+00 0.00000E+00 0.00000E+00 0.00000E+00 0.00000E+00 0.00000E+00 0.00000E+00 1.31637E-19 2.06333E-19
 1.55591E+02 1.30345E-18 0.00000E+00 0.00000E+00 0.00000E+00 0.00000E+00 0.00000E+00 0.00000E+00 0.00000E+00 0.00000E+00 0.00000E+00 0.00000E+00 0.00000E+00 0.00000E+00 0.00000E+00 0.00000E+00 1.45306E-19 2.11427E-19
 1.58226E+02 1.25786E-18 0.00000E+00 0.00000E+00 0.00000E+00 0.00000E+00 0.00000E+00 0.00000E+00 0.00000E+00 0.00000E+00 0.00000E+00 0.00000E+00 0.00000E+00 0.00000E+00 0.00000E+00 0.00000E+00 1.51116E-19 2.11926E-19
 1.63631E+02 1.16431E-18 0.00000E+00 0.00000E+00 0.00000E+00 0.00000E+00 0.00000E+00 0.00000E+00 0.00000E+00 0.00000E+00 0.00000E+00 0.00000E+00 0.00000E+00 0.00000E+00 0.00000E+00 0.00000E+00 1.51522E-19 2.08529E-19
 1.66402E+02 1.12244E-18 0.00000E+00 0.00000E+00 0.00000E+00 0.00000E+00 0.00000E+00 0.00000E+00 0.00000E+00 0.00000E+00 0.00000E+00 0.00000E+00 0.00000E+00 0.00000E+00 0.00000E+00 0.00000E+00 1.50002E-19 2.07408E-19
 1.69220E+02 1.08552E-18 0.00000E+00 0.00000E+00 0.00000E+00 0.00000E+00 0.00000E+00 0.00000E+00 0.00000E+00 0.00000E+00 0.00000E+00 0.00000E+00 0.00000E+00 0.00000E+00 0.00000E+00 0.00000E+00 1.48684E-19 2.08242E-19
 1.72086E+02 1.05548E-18 0.00000E+00 0.00000E+00 0.00000E+00 0.00000E+00 0.00000E+00 0.00000E+00 0.00000E+00 0.00000E+00 0.00000E+00 0.00000E+00 0.00000E+00 0.00000E+00 0.00000E+00 0.00000E+00 1.48761E-19 2.11952E-19
 1.75000E+02 1.03260E-18 0.00000E+00 0.00000E+00 0.00000E+00 0.00000E+00 0.00000E+00 0.00000E+00 0.00000E+00 0.00000E+00 0.00000E+00 0.00000E+00 0.00000E+00 0.00000E+00 0.00000E+00 0.00000E+00 1.50358E-19 2.18856E-19
 1.77946E+02 1.01947E-18 0.00000E+00 0.00000E+00 0.00000E+00 0.00000E+00 0.00000E+00 0.00000E+00 0.00000E+00 0.00000E+00 0.00000E+00 0.00000E+00 0.00000E+00 0.00000E+00 0.00000E+00 0.00000E+00 1.54341E-19 2.29444E-19
 1.79437E+02 1.01606E-18 0.00000E+00 0.00000E+00 0.00000E+00 0.00000E+00 0.00000E+00 0.00000E+00 0.00000E+00 0.00000E+00 0.00000E+00 0.00000E+00 0.00000E+00 0.00000E+00 0.00000E+00 0.00000E+00 1.57288E-19 2.36221E-19
 1.80941E+02 1.01486E-18 0.00000E+00 0.00000E+00 0.00000E+00 0.00000E+00 0.00000E+00 0.00000E+00 0.00000E+00 0.00000E+00 0.00000E+00 0.00000E+00 0.00000E+00 0.00000E+00 0.00000E+00 0.00000E+00 1.60919E-19 2.44025E-19
 1.83986E+02 1.01912E-18 0.00000E+00 0.00000E+00 0.00000E+00 0.00000E+00 0.00000E+00 0.00000E+00 0.00000E+00 0.00000E+00 0.00000E+00 0.00000E+00 0.00000E+00 0.00000E+00 0.00000E+00 0.00000E+00 1.70339E-19 2.62956E-19
 1.85528E+02 1.02433E-18 0.00000E+00 0.00000E+00 0.00000E+00 0.00000E+00 0.00000E+00 0.00000E+00 0.00000E+00 0.00000E+00 0.00000E+00 0.00000E+00 0.00000E+00 0.00000E+00 0.00000E+00 0.00000E+00 1.76171E-19 2.73816E-19
 1.87083E+02 1.03208E-18 0.00000E+00 0.00000E+00 0.00000E+00 0.00000E+00 0.00000E+00 0.00000E+00 0.00000E+00 0.00000E+00 0.00000E+00 0.00000E+00 0.00000E+00 0.00000E+00 0.00000E+00 0.00000E+00 1.82870E-19 2.85934E-19
 1.90232E+02 1.05551E-18 0.00000E+00 0.00000E+00 0.00000E+00 0.00000E+00 0.00000E+00 0.00000E+00 0.00000E+00 0.00000E+00 0.00000E+00 0.00000E+00 0.00000E+00 0.00000E+00 0.00000E+00 0.00000E+00 1.98345E-19 3.13687E-19
 1.91826E+02 1.07060E-18 0.00000E+00 0.00000E+00 0.00000E+00 0.00000E+00 0.00000E+00 0.00000E+00 0.00000E+00 0.00000E+00 0.00000E+00 0.00000E+00 0.00000E+00 0.00000E+00 0.00000E+00 0.00000E+00 2.07344E-19 3.29235E-19
 1.93434E+02 1.08812E-18 0.00000E+00 0.00000E+00 0.00000E+00 0.00000E+00 0.00000E+00 0.00000E+00 0.00000E+00 0.00000E+00 0.00000E+00 0.00000E+00 0.00000E+00 0.00000E+00 0.00000E+00 0.00000E+00 2.17226E-19 3.46000E-19
 1.96689E+02 1.13017E-18 0.00000E+00 0.00000E+00 0.00000E+00 0.00000E+00 0.00000E+00 0.00000E+00 0.00000E+00 0.00000E+00 0.00000E+00 0.00000E+00 0.00000E+00 0.00000E+00 0.00000E+00 0.00000E+00 2.39417E-19 3.83255E-19
 2.00000E+02 1.18245E-18 0.00000E+00 0.00000E+00 0.00000E+00 0.00000E+00 0.00000E+00 0.00000E+00 0.00000E+00 0.00000E+00 0.00000E+00 0.00000E+00 0.00000E+00 0.00000E+00 0.00000E+00 0.00000E+00 2.65253E-19 4.26083E-19
 2.02397E+02 1.22683E-18 0.00000E+00 0.00000E+00 0.00000E+00 0.00000E+00 0.00000E+00 0.00000E+00 0.00000E+00 0.00000E+00 0.00000E+00 0.00000E+00 0.00000E+00 0.00000E+00 0.00000E+00 0.00000E+00 2.86075E-19 4.59861E-19
 2.04823E+02 1.27623E-18 0.00000E+00 0.00000E+00 0.00000E+00 0.00000E+00 0.00000E+00 0.00000E+00 0.00000E+00 0.00000E+00 0.00000E+00 0.00000E+00 0.00000E+00 0.00000E+00 0.00000E+00 0.00000E+00 3.08827E-19 4.96316E-19
 2.07278E+02 1.33089E-18 0.00000E+00 0.00000E+00 0.00000E+00 0.00000E+00 0.00000E+00 0.00000E+00 0.00000E+00 0.00000E+00 0.00000E+00 0.00000E+00 0.00000E+00 0.00000E+00 0.00000E+00 0.00000E+00 3.33641E-19 5.35662E-19
 2.09762E+02 1.39130E-18 0.00000E+00 0.00000E+00 0.00000E+00 0.00000E+00 0.00000E+00 0.00000E+00 0.00000E+00 0.00000E+00 0.00000E+00 0.00000E+00 0.00000E+00 0.00000E+00 0.00000E+00 0.00000E+00 3.60700E-19 5.78179E-19
 2.14820E+02 1.53039E-18 0.00000E+00 0.00000E+00 0.00000E+00 0.00000E+00 0.00000E+00 0.00000E+00 0.00000E+00 0.00000E+00 0.00000E+00 0.00000E+00 0.00000E+00 0.00000E+00 0.00000E+00 0.00000E+00 4.21493E-19 6.72399E-19
 2.20000E+02 1.69212E-18 0.00000E+00 0.00000E+00 0.00000E+00 0.00000E+00 0.00000E+00 0.00000E+00 0.00000E+00 0.00000E+00 0.00000E+00 0.00000E+00 0.00000E+00 0.00000E+00 0.00000E+00 0.00000E+00 4.91507E-19 7.78593E-19
 2.27144E+02 1.94027E-18 0.00000E+00 0.00000E+00 0.00000E+00 0.00000E+00 0.00000E+00 0.00000E+00 0.00000E+00 0.00000E+00 0.00000E+00 0.00000E+00 0.00000E+00 0.00000E+00 0.00000E+00 0.00000E+00 5.98503E-19 9.36012E-19
 2.34521E+02 2.21473E-18 0.00000E+00 0.00000E+00 0.00000E+00 0.00000E+00 0.00000E+00 0.00000E+00 0.00000E+00 0.00000E+00 0.00000E+00 0.00000E+00 0.00000E+00 0.00000E+00 0.00000E+00 0.00000E+00 7.17570E-19 1.10585E-18
 2.38298E+02 2.35883E-18 0.00000E+00 0.00000E+00 0.00000E+00 0.00000E+00 0.00000E+00 0.00000E+00 0.00000E+00 0.00000E+00 0.00000E+00 0.00000E+00 0.00000E+00 0.00000E+00 0.00000E+00 0.00000E+00 7.80184E-19 1.19346E-18
 2.42137E+02 2.50596E-18 0.00000E+00 0.00000E+00 0.00000E+00 0.00000E+00 0.00000E+00 0.00000E+00 0.00000E+00 0.00000E+00 0.00000E+00 0.00000E+00 0.00000E+00 0.00000E+00 0.00000E+00 0.00000E+00 8.44094E-19 1.28244E-18
 2.46037E+02 2.65333E-18 0.00000E+00 0.00000E+00 0.00000E+00 0.00000E+00 0.00000E+00 0.00000E+00 0.00000E+00 0.00000E+00 0.00000E+00 0.00000E+00 0.00000E+00 0.00000E+00 0.00000E+00 0.00000E+00 9.08770E-19 1.37051E-18
 2.50000E+02 2.80190E-18 0.00000E+00 0.00000E+00 0.00000E+00 0.00000E+00 0.00000E+00 0.00000E+00 0.00000E+00 0.00000E+00 0.00000E+00 0.00000E+00 0.00000E+00 0.00000E+00 0.00000E+00 0.00000E+00 9.73652E-19 1.45939E-18
 2.55763E+02 3.01286E-18 0.00000E+00 0.00000E+00 0.00000E+00 0.00000E+00 0.00000E+00 0.00000E+00 0.00000E+00 0.00000E+00 0.00000E+00 0.00000E+00 0.00000E+00 0.00000E+00 0.00000E+00 0.00000E+00 1.06621E-18 1.58406E-18
 2.61659E+02 3.22075E-18 0.00000E+00 0.00000E+00 0.00000E+00 0.00000E+00 0.00000E+00 0.00000E+00 0.00000E+00 0.00000E+00 0.00000E+00 0.00000E+00 0.00000E+00 0.00000E+00 0.00000E+00 0.00000E+00 1.15779E-18 1.70629E-18
 2.67691E+02 3.42178E-18 0.00000E+00 0.00000E+00 0.00000E+00 0.00000E+00 0.00000E+00 0.00000E+00 0.00000E+00 0.00000E+00 0.00000E+00 0.00000E+00 0.00000E+00 0.00000E+00 0.00000E+00 0.00000E+00 1.24673E-18 1.82382E-18
 2.73861E+02 3.62007E-18 0.00000E+00 0.00000E+00 0.00000E+00 0.00000E+00 0.00000E+00 0.00000E+00 0.00000E+00 0.00000E+00 0.00000E+00 0.00000E+00 0.00000E+00 0.00000E+00 0.00000E+00 0.00000E+00 1.33488E-18 1.93912E-18
 2.80174E+02 3.80594E-18 0.00000E+00 0.00000E+00 0.00000E+00 0.00000E+00 0.00000E+00 0.00000E+00 0.00000E+00 0.00000E+00 0.00000E+00 0.00000E+00 0.00000E+00 0.00000E+00 0.00000E+00 0.00000E+00 1.41757E-18 2.04705E-18
 2.86633E+02 3.98147E-18 0.00000E+00 0.00000E+00 0.00000E+00 0.00000E+00 0.00000E+00 0.00000E+00 0.00000E+00 0.00000E+00 0.00000E+00 0.00000E+00 0.00000E+00 0.00000E+00 0.00000E+00 0.00000E+00 1.49753E-18 2.14722E-18
 2.93240E+02 4.14088E-18 0.00000E+00 0.00000E+00 0.00000E+00 0.00000E+00 0.00000E+00 0.00000E+00 0.00000E+00 0.00000E+00 0.00000E+00 0.00000E+00 0.00000E+00 0.00000E+00 0.00000E+00 0.00000E+00 1.57050E-18 2.23808E-18
 3.00000E+02 4.28121E-18 0.00000E+00 0.00000E+00 0.00000E+00 0.00000E+00 0.00000E+00 0.00000E+00 0.00000E+00 0.00000E+00 0.00000E+00 0.00000E+00 0.00000E+00 0.00000E+00 0.00000E+00 0.00000E+00 1.63561E-18 2.31752E-18
 3.05837E+02 4.38806E-18 0.00000E+00 0.00000E+00 0.00000E+00 0.00000E+00 0.00000E+00 0.00000E+00 0.00000E+00 0.00000E+00 0.00000E+00 0.00000E+00 0.00000E+00 0.00000E+00 0.00000E+00 0.00000E+00 1.68578E-18 2.37768E-18
 3.11787E+02 4.47754E-18 0.00000E+00 0.00000E+00 0.00000E+00 0.00000E+00 0.00000E+00 0.00000E+00 0.00000E+00 0.00000E+00 0.00000E+00 0.00000E+00 0.00000E+00 0.00000E+00 0.00000E+00 0.00000E+00 1.72866E-18 2.42767E-18
 3.17853E+02 4.55487E-18 0.00000E+00 0.00000E+00 0.00000E+00 0.00000E+00 0.00000E+00 0.00000E+00 0.00000E+00 0.00000E+00 0.00000E+00 0.00000E+00 0.00000E+00 0.00000E+00 0.00000E+00 0.00000E+00 1.76626E-18 2.47065E-18
 3.24037E+02 4.61885E-18 0.00000E+00 0.00000E+00 0.00000E+00 0.00000E+00 0.00000E+00 0.00000E+00 0.00000E+00 0.00000E+00 0.00000E+00 0.00000E+00 0.00000E+00 0.00000E+00 0.00000E+00 0.00000E+00 1.79806E-18 2.50598E-18
 3.30341E+02 4.67024E-18 0.00000E+00 0.00000E+00 0.00000E+00 0.00000E+00 0.00000E+00 0.00000E+00 0.00000E+00 0.00000E+00 0.00000E+00 0.00000E+00 0.00000E+00 0.00000E+00 0.00000E+00 0.00000E+00 1.82436E-18 2.53416E-18
 3.36768E+02 4.70987E-18 0.00000E+00 0.00000E+00 0.00000E+00 0.00000E+00 0.00000E+00 0.00000E+00 0.00000E+00 0.00000E+00 0.00000E+00 0.00000E+00 0.00000E+00 0.00000E+00 0.00000E+00 0.00000E+00 1.84551E-18 2.55566E-18
 3.43320E+02 4.73857E-18 0.00000E+00 0.00000E+00 0.00000E+00 0.00000E+00 0.00000E+00 0.00000E+00 0.00000E+00 0.00000E+00 0.00000E+00 0.00000E+00 0.00000E+00 0.00000E+00 0.00000E+00 0.00000E+00 1.86184E-18 2.57094E-18
 3.50000E+02 4.75723E-18 0.00000E+00 0.00000E+00 0.00000E+00 0.00000E+00 0.00000E+00 0.00000E+00 0.00000E+00 0.00000E+00 0.00000E+00 0.00000E+00 0.00000E+00 0.00000E+00 0.00000E+00 0.00000E+00 1.87382E-18 2.58045E-18
 3.61881E+02 4.76477E-18 0.00000E+00 0.00000E+00 0.00000E+00 0.00000E+00 0.00000E+00 0.00000E+00 0.00000E+00 0.00000E+00 0.00000E+00 0.00000E+00 0.00000E+00 0.00000E+00 0.00000E+00 0.00000E+00 1.88410E-18 2.58332E-18
 3.74166E+02 4.74185E-18 0.00000E+00 0.00000E+00 0.00000E+00 0.00000E+00 0.00000E+00 0.00000E+00 0.00000E+00 0.00000E+00 0.00000E+00 0.00000E+00 0.00000E+00 0.00000E+00 0.00000E+00 0.00000E+00 1.88099E-18 2.56895E-18
 3.86867E+02 4.69440E-18 0.00000E+00 0.00000E+00 0.00000E+00 0.00000E+00 0.00000E+00 0.00000E+00 0.00000E+00 0.00000E+00 0.00000E+00 0.00000E+00 0.00000E+00 0.00000E+00 0.00000E+00 0.00000E+00 1.86763E-18 2.54036E-18
 4.00000E+02 4.61858E-18 0.00000E+00 0.00000E+00 0.00000E+00 0.00000E+00 0.00000E+00 0.00000E+00 0.00000E+00 0.00000E+00 0.00000E+00 0.00000E+00 0.00000E+00 0.00000E+00 0.00000E+00 0.00000E+00 1.84142E-18 2.49605E-18
 4.09390E+02 4.55420E-18 0.00000E+00 0.00000E+00 0.00000E+00 0.00000E+00 0.00000E+00 0.00000E+00 0.00000E+00 0.00000E+00 0.00000E+00 0.00000E+00 0.00000E+00 0.00000E+00 0.00000E+00 0.00000E+00 1.81834E-18 2.45893E-18
 4.19000E+02 4.47890E-18 0.00000E+00 0.00000E+00 0.00000E+00 0.00000E+00 0.00000E+00 0.00000E+00 0.00000E+00 0.00000E+00 0.00000E+00 0.00000E+00 0.00000E+00 0.00000E+00 0.00000E+00 0.00000E+00 1.79034E-18 2.41574E-18
 4.19000E+02 4.63564E-18 0.00000E+00 0.00000E+00 0.00000E+00 0.00000E+00 0.00000E+00 0.00000E+00 0.00000E+00 0.00000E+00 0.00000E+00 0.00000E+00 0.00000E+00 0.00000E+00 0.00000E+00 1.56742E-19 1.79034E-18 2.41574E-18
 4.24395E+02 4.57023E-18 0.00000E+00 0.00000E+00 0.00000E+00 0.00000E+00 0.00000E+00 0.00000E+00 0.00000E+00 0.00000E+00 0.00000E+00 0.00000E+00 0.00000E+00 0.00000E+00 0.00000E+00 1.36918E-19 1.77288E-18 2.38986E-18
 4.29859E+02 4.52617E-18 0.00000E+00 0.00000E+00 0.00000E+00 0.00000E+00 0.00000E+00 0.00000E+00 0.00000E+00 0.00000E+00 0.00000E+00 0.00000E+00 0.00000E+00 0.00000E+00 0.00000E+00 1.39864E-19 1.75503E-18 2.36298E-18
 4.41000E+02 4.47980E-18 0.00000E+00 0.00000E+00 0.00000E+00 0.00000E+00 0.00000E+00 0.00000E+00 0.00000E+00 0.00000E+00 0.00000E+00 0.00000E+00 0.00000E+00 0.00000E+00 0.00000E+00 1.92566E-19 1.71663E-18 2.30677E-18
 4.41000E+02 4.57910E-18 0.00000E+00 0.00000E+00 0.00000E+00 0.00000E+00 0.00000E+00 0.00000E+00 0.00000E+00 0.00000E+00 0.00000E+00 0.00000E+00 0.00000E+00 0.00000E+00 9.93007E-20 1.92566E-19 1.71663E-18 2.30677E-18
 4.50000E+02 4.51787E-18 0.00000E+00 0.00000E+00 0.00000E+00 0.00000E+00 0.00000E+00 0.00000E+00 0.00000E+00 0.00000E+00 0.00000E+00 0.00000E+00 0.00000E+00 0.00000E+00 9.25134E-20 2.20039E-19 1.68455E-18 2.26040E-18
 4.62011E+02 4.45719E-18 0.00000E+00 0.00000E+00 0.00000E+00 0.00000E+00 0.00000E+00 0.00000E+00 0.00000E+00 0.00000E+00 0.00000E+00 0.00000E+00 0.00000E+00 0.00000E+00 1.19593E-19 2.45324E-19 1.64021E-18 2.19676E-18
 4.74342E+02 4.37462E-18 0.00000E+00 0.00000E+00 0.00000E+00 0.00000E+00 0.00000E+00 0.00000E+00 0.00000E+00 0.00000E+00 0.00000E+00 0.00000E+00 0.00000E+00 0.00000E+00 1.38087E-19 2.62236E-19 1.59357E-18 2.13040E-18
 4.87002E+02 4.27632E-18 0.00000E+00 0.00000E+00 0.00000E+00 0.00000E+00 0.00000E+00 0.00000E+00 0.00000E+00 0.00000E+00 0.00000E+00 0.00000E+00 0.00000E+00 0.00000E+00 1.49958E-19 2.74416E-19 1.54487E-18 2.06161E-18
 5.00000E+02 4.17014E-18 0.00000E+00 0.00000E+00 0.00000E+00 0.00000E+00 0.00000E+00 0.00000E+00 0.00000E+00 0.00000E+00 0.00000E+00 0.00000E+00 0.00000E+00 0.00000E+00 1.57831E-19 2.86416E-19 1.49439E-18 1.99080E-18
 5.24404E+02 3.96902E-18 0.00000E+00 0.00000E+00 0.00000E+00 0.00000E+00 0.00000E+00 0.00000E+00 0.00000E+00 0.00000E+00 0.00000E+00 0.00000E+00 0.00000E+00 0.00000E+00 1.70454E-19 3.08756E-19 1.39954E-18 1.85903E-18
 5.50000E+02 3.76079E-18 0.00000E+00 0.00000E+00 0.00000E+00 0.00000E+00 0.00000E+00 0.00000E+00 0.00000E+00 0.00000E+00 0.00000E+00 0.00000E+00 0.00000E+00 0.00000E+00 1.83728E-19 3.26858E-19 1.30241E-18 1.72563E-18
 5.74456E+02 3.56676E-18 0.00000E+00 0.00000E+00 0.00000E+00 0.00000E+00 0.00000E+00 0.00000E+00 0.00000E+00 0.00000E+00 0.00000E+00 0.00000E+00 0.00000E+00 0.00000E+00 1.93874E-19 3.39785E-19 1.21429E-18 1.60539E-18
 6.00000E+02 3.37331E-18 0.00000E+00 0.00000E+00 0.00000E+00 0.00000E+00 0.00000E+00 0.00000E+00 0.00000E+00 0.00000E+00 0.00000E+00 0.00000E+00 0.00000E+00 0.00000E+00 2.02275E-19 3.50506E-19 1.12769E-18 1.48781E-18
 6.24980E+02 3.19213E-18 0.00000E+00 0.00000E+00 0.00000E+00 0.00000E+00 0.00000E+00 0.00000E+00 0.00000E+00 0.00000E+00 0.00000E+00 0.00000E+00 0.00000E+00 0.00000E+00 2.09072E-19 3.57873E-19 1.04817E-18 1.38027E-18
 6.51000E+02 3.01195E-18 0.00000E+00 0.00000E+00 0.00000E+00 0.00000E+00 0.00000E+00 0.00000E+00 0.00000E+00 0.00000E+00 0.00000E+00 0.00000E+00 0.00000E+00 0.00000E+00 2.14407E-19 3.62042E-19 9.70740E-19 1.27599E-18
 6.51000E+02 3.13338E-18 0.00000E+00 0.00000E+00 0.00000E+00 0.00000E+00 0.00000E+00 0.00000E+00 0.00000E+00 0.00000E+00 0.00000E+00 0.00000E+00 0.00000E+00 1.21423E-19 2.14407E-19 3.62042E-19 9.70740E-19 1.27599E-18
 6.53959E+02 3.14452E-18 0.00000E+00 0.00000E+00 0.00000E+00 0.00000E+00 0.00000E+00 0.00000E+00 0.00000E+00 0.00000E+00 0.00000E+00 0.00000E+00 0.00000E+00 1.52623E-19 2.14901E-19 3.62359E-19 9.62226E-19 1.26454E-18
 6.56932E+02 3.14533E-18 0.00000E+00 0.00000E+00 0.00000E+00 0.00000E+00 0.00000E+00 0.00000E+00 0.00000E+00 0.00000E+00 0.00000E+00 0.00000E+00 0.00000E+00 1.73420E-19 2.15322E-19 3.62632E-19 9.53787E-19 1.25319E-18
 6.62919E+02 3.12495E-18 0.00000E+00 0.00000E+00 0.00000E+00 0.00000E+00 0.00000E+00 0.00000E+00 0.00000E+00 0.00000E+00 0.00000E+00 0.00000E+00 0.00000E+00 1.92703E-19 2.16105E-19 3.63019E-19 9.37130E-19 1.23078E-18
 6.75056E+02 3.05018E-18 0.00000E+00 0.00000E+00 0.00000E+00 0.00000E+00 0.00000E+00 0.00000E+00 0.00000E+00 0.00000E+00 0.00000E+00 0.00000E+00 0.00000E+00 1.96566E-19 2.17452E-19 3.63563E-19 9.04173E-19 1.18670E-18
 7.00000E+02 2.88978E-18 0.00000E+00 0.00000E+00 0.00000E+00 0.00000E+00 0.00000E+00 0.00000E+00 0.00000E+00 0.00000E+00 0.00000E+00 0.00000E+00 0.00000E+00 1.91028E-19 2.19216E-19 3.63481E-19 8.40069E-19 1.10104E-18
 7.33689E+02 2.68937E-18 0.00000E+00 0.00000E+00 0.00000E+00 0.00000E+00 0.00000E+00 0.00000E+00 0.00000E+00 0.00000E+00 0.00000E+00 0.00000E+00 0.00000E+00 1.85659E-19 2.20172E-19 3.60917E-19 7.61146E-19 9.95732E-19
 7.69000E+02 2.49610E-18 0.00000E+00 0.00000E+00 0.00000E+00 0.00000E+00 0.00000E+00 0.00000E+00 0.00000E+00 0.00000E+00 0.00000E+00 0.00000E+00 0.00000E+00 1.78392E-19 2.19175E-19 3.55339E-19 6.87856E-19 8.98318E-19
 7.69000E+02 2.52154E-18 0.00000E+00 0.00000E+00 0.00000E+00 0.00000E+00 0.00000E+00 0.00000E+00 0.00000E+00 0.00000E+00 0.00000E+00 0.00000E+00 2.54418E-20 1.78392E-19 2.19175E-19 3.55339E-19 6.87856E-19 8.98318E-19
 7.76636E+02 2.48990E-18 0.00000E+00 0.00000E+00 0.00000E+00 0.00000E+00 0.00000E+00 0.00000E+00 0.00000E+00 0.00000E+00 0.00000E+00 0.00000E+00 3.36124E-20 1.76940E-19 2.18790E-19 3.53923E-19 6.72879E-19 8.78509E-19
 7.84347E+02 2.45271E-18 0.00000E+00 0.00000E+00 0.00000E+00 0.00000E+00 0.00000E+00 0.00000E+00 0.00000E+00 0.00000E+00 0.00000E+00 0.00000E+00 3.58623E-20 1.75499E-19 2.18280E-19 3.52397E-19 6.58180E-19 8.58996E-19
 8.00000E+02 2.37531E-18 0.00000E+00 0.00000E+00 0.00000E+00 0.00000E+00 0.00000E+00 0.00000E+00 0.00000E+00 0.00000E+00 0.00000E+00 0.00000E+00 3.61102E-20 1.72595E-19 2.17007E-19 3.48962E-19 6.29519E-19 8.21079E-19
 8.48057E+02 2.15447E-18 0.00000E+00 0.00000E+00 0.00000E+00 0.00000E+00 0.00000E+00 0.00000E+00 0.00000E+00 0.00000E+00 0.00000E+00 0.00000E+00 3.59833E-20 1.63730E-19 2.12008E-19 3.37295E-19 5.49987E-19 7.15958E-19
 8.99000E+02 1.94849E-18 0.00000E+00 0.00000E+00 0.00000E+00 0.00000E+00 0.00000E+00 0.00000E+00 0.00000E+00 0.00000E+00 0.00000E+00 0.00000E+00 3.57046E-20 1.54918E-19 2.05224E-19 3.23125E-19 4.78296E-19 6.21512E-19
 8.99000E+02 1.99544E-18 0.00000E+00 0.00000E+00 0.00000E+00 0.00000E+00 0.00000E+00 0.00000E+00 0.00000E+00 0.00000E+00 0.00000E+00 4.69518E-20 3.57046E-20 1.54918E-19 2.05224E-19 3.23125E-19 4.78296E-19 6.21512E-19
 9.00000E+02 1.99069E-18 0.00000E+00 0.00000E+00 0.00000E+00 0.00000E+00 0.00000E+00 0.00000E+00 0.00000E+00 0.00000E+00 0.00000E+00 4.60074E-20 3.56982E-20 1.54753E-19 2.05082E-19 3.22838E-19 4.76989E-19 6.19793E-19
 1.00000E+03 1.64942E-18 0.00000E+00 0.00000E+00 0.00000E+00 0.00000E+00 0.00000E+00 0.00000E+00 0.00000E+00 0.00000E+00 0.00000E+00 3.99238E-20 3.48228E-20 1.38919E-19 1.89057E-19 2.92876E-19 3.66492E-19 4.74737E-19
 1.10000E+03 1.38326E-18 0.00000E+00 0.00000E+00 0.00000E+00 0.00000E+00 0.00000E+00 0.00000E+00 0.00000E+00 0.00000E+00 0.00000E+00 3.66427E-20 3.36047E-20 1.24920E-19 1.72089E-19 2.63144E-19 2.85500E-19 3.68833E-19
 1.17260E+03 1.22529E-18 0.00000E+00 0.00000E+00 0.00000E+00 0.00000E+00 0.00000E+00 0.00000E+00 0.00000E+00 0.00000E+00 0.00000E+00 3.43907E-20 3.25739E-20 1.15893E-19 1.60015E-19 2.42821E-19 2.40178E-19 3.09744E-19
 1.25000E+03 1.08280E-18 0.00000E+00 0.00000E+00 0.00000E+00 0.00000E+00 0.00000E+00 0.00000E+00 0.00000E+00 0.00000E+00 0.00000E+00 3.21682E-20 3.13836E-20 1.07143E-19 1.47772E-19 2.22607E-19 2.01140E-19 2.58971E-19
 1.40000E+03 8.64912E-19 0.00000E+00 0.00000E+00 0.00000E+00 0.00000E+00 0.00000E+00 0.00000E+00 0.00000E+00 0.00000E+00 0.00000E+00 2.83216E-20 2.89930E-20 9.25059E-20 1.26272E-19 1.88015E-19 1.45512E-19 1.86811E-19
 1.50000E+03 7.52049E-19 0.00000E+00 0.00000E+00 0.00000E+00 0.00000E+00 0.00000E+00 0.00000E+00 0.00000E+00 0.00000E+00 0.00000E+00 2.60798E-20 2.74102E-20 8.42342E-20 1.13755E-19 1.68257E-19 1.18774E-19 1.52223E-19
 1.62019E+03 6.41663E-19 0.00000E+00 0.00000E+00 0.00000E+00 0.00000E+00 0.00000E+00 0.00000E+00 0.00000E+00 0.00000E+00 0.00000E+00 2.37020E-20 2.55734E-20 7.55814E-20 1.00491E-19 1.47620E-19 9.42283E-20 1.20535E-19
 1.75000E+03 5.46247E-19 0.00000E+00 0.00000E+00 0.00000E+00 0.00000E+00 0.00000E+00 0.00000E+00 0.00000E+00 0.00000E+00 0.00000E+00 2.14580E-20 2.37151E-20 6.75517E-20 8.81467E-20 1.28630E-19 7.43669E-20 9.49490E-20
 2.00000E+03 4.11001E-19 0.00000E+00 0.00000E+00 0.00000E+00 0.00000E+00 0.00000E+00 0.00000E+00 0.00000E+00 0.00000E+00 0.00000E+00 1.79206E-20 2.05197E-20 5.51480E-20 6.91375E-20 9.98180E-20 4.87909E-20 6.20956E-20
 2.20000E+03 3.34200E-19 0.00000E+00 0.00000E+00 0.00000E+00 0.00000E+00 0.00000E+00 0.00000E+00 0.00000E+00 0.00000E+00 0.00000E+00 1.56739E-20 1.83220E-20 4.74163E-20 5.74758E-20 8.23904E-20 3.58140E-20 4.54747E-20
 2.49000E+03 2.54272E-19 0.00000E+00 0.00000E+00 0.00000E+00 0.00000E+00 0.00000E+00 0.00000E+00 0.00000E+00 0.00000E+00 0.00000E+00 1.30838E-20 1.56420E-20 3.86867E-20 4.46106E-20 6.33803E-20 2.37224E-20 3.00293E-20
 2.49000E+03 2.63656E-19 0.00000E+00 0.00000E+00 0.00000E+00 0.00000E+00 0.00000E+00 0.00000E+00 0.00000E+00 0.00000E+00 9.38341E-21 1.30838E-20 1.56420E-20 3.86867E-20 4.46106E-20 6.33803E-20 2.37224E-20 3.00293E-20
 2.49125E+03 2.63967E-19 0.00000E+00 0.00000E+00 0.00000E+00 0.00000E+00 0.00000E+00 0.00000E+00 0.00000E+00 0.00000E+00 9.97460E-21 1.30742E-20 1.56318E-20 3.86544E-20 4.45641E-20 6.33120E-20 2.36829E-20 2.99789E-20
 2.49250E+03 2.65141E-19 0.00000E+00 0.00000E+00 0.00000E+00 0.00000E+00 0.00000E+00 0.00000E+00 0.00000E+00 0.00000E+00 1.14287E-20 1.30646E-20 1.56215E-20 3.86221E-20 4.45178E-20 6.32439E-20 2.36435E-20 2.99286E-20
 2.49375E+03 2.67518E-19 0.00000E+00 0.00000E+00 0.00000E+00 0.00000E+00 0.00000E+00 0.00000E+00 0.00000E+00 0.00000E+00 1.40848E-20 1.30550E-20 1.56113E-20 3.85899E-20 4.44714E-20 6.31757E-20 2.36041E-20 2.98784E-20
 2.49500E+03 2.71561E-19 0.00000E+00 0.00000E+00 0.00000E+00 0.00000E+00 0.00000E+00 0.00000E+00 0.00000E+00 0.00000E+00 1.84067E-20 1.30455E-20 1.56011E-20 3.85577E-20 4.44251E-20 6.31077E-20 2.35648E-20 2.98283E-20
 2.49625E+03 2.77868E-19 0.00000E+00 0.00000E+00 0.00000E+00 0.00000E+00 0.00000E+00 0.00000E+00 0.00000E+00 0.00000E+00 2.49929E-20 1.30359E-20 1.55909E-20 3.85255E-20 4.43789E-20 6.30397E-20 2.35256E-20 2.97782E-20
 2.49750E+03 2.87145E-19 0.00000E+00 0.00000E+00 0.00000E+00 0.00000E+00 0.00000E+00 0.00000E+00 0.00000E+00 0.00000E+00 3.45493E-20 1.30263E-20 1.55807E-20 3.84934E-20 4.43326E-20 6.29719E-20 2.34855E-20 2.97283E-20
 2.49875E+03 3.00042E-19 0.00000E+00 0.00000E+00 0.00000E+00 0.00000E+00 0.00000E+00 0.00000E+00 0.00000E+00 0.00000E+00 4.77261E-20 1.30168E-20 1.55705E-20 3.84613E-20 4.42865E-20 6.29040E-20 2.34454E-20 2.96773E-20
 2.50000E+03 3.17267E-19 0.00000E+00 0.00000E+00 0.00000E+00 0.00000E+00 0.00000E+00 0.00000E+00 0.00000E+00 0.00000E+00 6.52317E-20 1.30073E-20 1.55603E-20 3.84292E-20 4.42404E-20 6.28363E-20 2.34055E-20 2.96264E-20
 2.50141E+03 3.42093E-19 0.00000E+00 0.00000E+00 0.00000E+00 0.00000E+00 0.00000E+00 0.00000E+00 0.00000E+00 0.00000E+00 9.03728E-20 1.29965E-20 1.55488E-20 3.83931E-20 4.41885E-20 6.27600E-20 2.33605E-20 2.95690E-20
 2.50282E+03 3.72180E-19 0.00000E+00 0.00000E+00 0.00000E+00 0.00000E+00 0.00000E+00 0.00000E+00 0.00000E+00 0.00000E+00 1.20776E-19 1.29858E-20 1.55373E-20 3.83570E-20 4.41366E-20 6.26838E-20 2.33157E-20 2.95118E-20
 2.50424E+03 4.05956E-19 0.00000E+00 0.00000E+00 0.00000E+00 0.00000E+00 0.00000E+00 0.00000E+00 0.00000E+00 0.00000E+00 1.54867E-19 1.29751E-20 1.55259E-20 3.83209E-20 4.40848E-20 6.26078E-20 2.32709E-20 2.94548E-20
 2.50565E+03 4.40885E-19 0.00000E+00 0.00000E+00 0.00000E+00 0.00000E+00 0.00000E+00 0.00000E+00 0.00000E+00 0.00000E+00 1.90110E-19 1.29644E-20 1.55144E-20 3.82849E-20 4.40331E-20 6.25318E-20 2.32262E-20 2.93978E-20
 2.50707E+03 4.74511E-19 0.00000E+00 0.00000E+00 0.00000E+00 0.00000E+00 0.00000E+00 0.00000E+00 0.00000E+00 0.00000E+00 2.24051E-19 1.29537E-20 1.55030E-20 3.82489E-20 4.39811E-20 6.24559E-20 2.31816E-20 2.93409E-20
 2.50848E+03 5.04874E-19 0.00000E+00 0.00000E+00 0.00000E+00 0.00000E+00 0.00000E+00 0.00000E+00 0.00000E+00 0.00000E+00 2.54731E-19 1.29430E-20 1.54915E-20 3.82129E-20 4.39277E-20 6.23789E-20 2.31371E-20 2.92841E-20
 2.50990E+03 5.30969E-19 0.00000E+00 0.00000E+00 0.00000E+00 0.00000E+00 0.00000E+00 0.00000E+00 0.00000E+00 0.00000E+00 2.81143E-19 1.29323E-20 1.54801E-20 3.81770E-20 4.38744E-20 6.23007E-20 2.30926E-20 2.92275E-20
 2.51132E+03 5.52633E-19 0.00000E+00 0.00000E+00 0.00000E+00 0.00000E+00 0.00000E+00 0.00000E+00 0.00000E+00 0.00000E+00 3.03125E-19 1.29216E-20 1.54687E-20 3.81411E-20 4.38211E-20 6.22226E-20 2.30483E-20 2.91710E-20
 2.51274E+03 5.70183E-19 0.00000E+00 0.00000E+00 0.00000E+00 0.00000E+00 0.00000E+00 0.00000E+00 0.00000E+00 0.00000E+00 3.20992E-19 1.29109E-20 1.54573E-20 3.81052E-20 4.37679E-20 6.21446E-20 2.30040E-20 2.91145E-20
 2.51416E+03 5.84762E-19 0.00000E+00 0.00000E+00 0.00000E+00 0.00000E+00 0.00000E+00 0.00000E+00 0.00000E+00 0.00000E+00 3.35887E-19 1.29003E-20 1.54457E-20 3.80694E-20 4.37148E-20 6.20667E-20 2.29598E-20 2.90582E-20
 2.51558E+03 5.96615E-19 0.00000E+00 0.00000E+00 0.00000E+00 0.00000E+00 0.00000E+00 0.00000E+00 0.00000E+00 0.00000E+00 3.48057E-19 1.28896E-20 1.54338E-20 3.80336E-20 4.36617E-20 6.19889E-20 2.29157E-20 2.90020E-20
 2.51700E+03 6.06592E-19 0.00000E+00 0.00000E+00 0.00000E+00 0.00000E+00 0.00000E+00 0.00000E+00 0.00000E+00 0.00000E+00 3.58350E-19 1.28790E-20 1.54219E-20 3.79978E-20 4.36087E-20 6.19112E-20 2.28717E-20 2.89459E-20
 2.51842E+03 6.15116E-19 0.00000E+00 0.00000E+00 0.00000E+00 0.00000E+00 0.00000E+00 0.00000E+00 0.00000E+00 0.00000E+00 3.67190E-19 1.28683E-20 1.54100E-20 3.79617E-20 4.35557E-20 6.18336E-20 2.28278E-20 2.88899E-20
 2.51984E+03 6.22340E-19 0.00000E+00 0.00000E+00 0.00000E+00 0.00000E+00 0.00000E+00 0.00000E+00 0.00000E+00 0.00000E+00 3.74730E-19 1.28577E-20 1.53981E-20 3.79251E-20 4.35029E-20 6.17561E-20 2.27840E-20 2.88340E-20
 2.52269E+03 6.34615E-19 0.00000E+00 0.00000E+00 0.00000E+00 0.00000E+00 0.00000E+00 0.00000E+00 0.00000E+00 0.00000E+00 3.87636E-19 1.28365E-20 1.53744E-20 3.78521E-20 4.33973E-20 6.16014E-20 2.26965E-20 2.87226E-20
 2.52554E+03 6.44381E-19 0.00000E+00 0.00000E+00 0.00000E+00 0.00000E+00 0.00000E+00 0.00000E+00 0.00000E+00 0.00000E+00 3.98031E-19 1.28147E-20 1.53507E-20 3.77793E-20 4.32920E-20 6.14470E-20 2.26094E-20 2.86115E-20
 2.52839E+03 6.51676E-19 0.00000E+00 0.00000E+00 0.00000E+00 0.00000E+00 0.00000E+00 0.00000E+00 0.00000E+00 0.00000E+00 4.05955E-19 1.27929E-20 1.53271E-20 3.77066E-20 4.31870E-20 6.12931E-20 2.25227E-20 2.85009E-20
 2.53125E+03 6.57556E-19 0.00000E+00 0.00000E+00 0.00000E+00 0.00000E+00 0.00000E+00 0.00000E+00 0.00000E+00 0.00000E+00 4.12460E-19 1.27711E-20 1.53035E-20 3.76340E-20 4.30822E-20 6.11395E-20 2.24362E-20 2.83908E-20
 2.53411E+03 6.61308E-19 0.00000E+00 0.00000E+00 0.00000E+00 0.00000E+00 0.00000E+00 0.00000E+00 0.00000E+00 0.00000E+00 4.16837E-19 1.27493E-20 1.52799E-20 3.75616E-20 4.29776E-20 6.09864E-20 2.23501E-20 2.82810E-20
 2.53984E+03 6.64308E-19 0.00000E+00 0.00000E+00 0.00000E+00 0.00000E+00 0.00000E+00 0.00000E+00 0.00000E+00 0.00000E+00 4.21081E-19 1.27060E-20 1.52329E-20 3.74171E-20 4.27693E-20 6.06812E-20 2.21789E-20 2.80628E-20
 2.54558E+03 6.62837E-19 0.00000E+00 0.00000E+00 0.00000E+00 0.00000E+00 0.00000E+00 0.00000E+00 0.00000E+00 0.00000E+00 4.20847E-19 1.26627E-20 1.51860E-20 3.72733E-20 4.25620E-20 6.03775E-20 2.20090E-20 2.78463E-20
 2.56869E+03 6.46325E-19 0.00000E+00 0.00000E+00 0.00000E+00 0.00000E+00 0.00000E+00 0.00000E+00 0.00000E+00 0.00000E+00 4.09215E-19 1.24913E-20 1.49999E-20 3.67032E-20 4.17428E-20 5.91779E-20 2.13424E-20 2.69968E-20
 2.59200E+03 6.34536E-19 0.00000E+00 0.00000E+00 0.00000E+00 0.00000E+00 0.00000E+00 0.00000E+00 0.00000E+00 0.00000E+00 4.02200E-19 1.23222E-20 1.48161E-20 3.61419E-20 4.09393E-20 5.80022E-20 2.06959E-20 2.61732E-20
 2.59200E+03 6.41267E-19 0.00000E+00 0.00000E+00 0.00000E+00 0.00000E+00 0.00000E+00 0.00000E+00 0.00000E+00 6.73061E-21 4.02200E-19 1.23222E-20 1.48161E-20 3.61419E-20 4.09393E-20 5.80022E-20 2.06959E-20 2.61732E-20
 2.59496E+03 6.41745E-19 0.00000E+00 0.00000E+00 0.00000E+00 0.00000E+00 0.00000E+00 0.00000E+00 0.00000E+00 8.74264E-21 4.01262E-19 1.23010E-20 1.47930E-20 3.60716E-20 4.08388E-20 5.78552E-20 2.06156E-20 2.60709E-20
 2.59644E+03 6.43589E-19 0.00000E+00 0.00000E+00 0.00000E+00 0.00000E+00 0.00000E+00 0.00000E+00 0.00000E+00 1.13522E-20 4.00794E-19 1.22904E-20 1.47815E-20 3.60365E-20 4.07887E-20 5.77819E-20 2.05756E-20 2.60199E-20
 2.59793E+03 6.47220E-19 0.00000E+00 0.00000E+00 0.00000E+00 0.00000E+00 0.00000E+00 0.00000E+00 0.00000E+00 1.57480E-20 4.00326E-19 1.22798E-20 1.47700E-20 3.60014E-20 4.07386E-20 5.77087E-20 2.05356E-20 2.59690E-20
 2.59941E+03 6.53367E-19 0.00000E+00 0.00000E+00 0.00000E+00 0.00000E+00 0.00000E+00 0.00000E+00 0.00000E+00 2.26583E-20 3.99859E-19 1.22692E-20 1.47585E-20 3.59663E-20 4.06886E-20 5.76355E-20 2.04957E-20 2.59182E-20
 2.60090E+03 6.62829E-19 0.00000E+00 0.00000E+00 0.00000E+00 0.00000E+00 0.00000E+00 0.00000E+00 0.00000E+00 3.28830E-20 3.99393E-19 1.22586E-20 1.47470E-20 3.59313E-20 4.06386E-20 5.75625E-20 2.04559E-20 2.58675E-20
 2.60238E+03 6.76270E-19 0.00000E+00 0.00000E+00 0.00000E+00 0.00000E+00 0.00000E+00 0.00000E+00 0.00000E+00 4.70858E-20 3.98927E-19 1.22481E-20 1.47355E-20 3.58963E-20 4.05888E-20 5.74895E-20 2.04162E-20 2.58169E-20
 2.60387E+03 6.93870E-19 0.00000E+00 0.00000E+00 0.00000E+00 0.00000E+00 0.00000E+00 0.00000E+00 0.00000E+00 6.54463E-20 3.98461E-19 1.22375E-20 1.47240E-20 3.58614E-20 4.05389E-20 5.74166E-20 2.03765E-20 2.57664E-20
 2.60684E+03 7.37924E-19 0.00000E+00 0.00000E+00 0.00000E+00 0.00000E+00 0.00000E+00 0.00000E+00 0.00000E+00 1.11253E-19 3.97298E-19 1.22165E-20 1.47011E-20 3.57916E-20 4.04395E-20 5.72712E-20 2.02975E-20 2.56657E-20
 2.60833E+03 7.60972E-19 0.00000E+00 0.00000E+00 0.00000E+00 0.00000E+00 0.00000E+00 0.00000E+00 0.00000E+00 1.35189E-19 3.96705E-19 1.22059E-20 1.46896E-20 3.57567E-20 4.03898E-20 5.71986E-20 2.02580E-20 2.56155E-20
 2.60982E+03 7.82211E-19 0.00000E+00 0.00000E+00 0.00000E+00 0.00000E+00 0.00000E+00 0.00000E+00 0.00000E+00 1.57313E-19 3.96112E-19 1.21954E-20 1.46782E-20 3.57219E-20 4.03402E-20 5.71261E-20 2.02187E-20 2.55654E-20
 2.61131E+03 8.00495E-19 0.00000E+00 0.00000E+00 0.00000E+00 0.00000E+00 0.00000E+00 0.00000E+00 0.00000E+00 1.76482E-19 3.95521E-19 1.21849E-20 1.46667E-20 3.56871E-20 4.02907E-20 5.70537E-20 2.01794E-20 2.55154E-20
 2.61280E+03 8.15485E-19 0.00000E+00 0.00000E+00 0.00000E+00 0.00000E+00 0.00000E+00 0.00000E+00 0.00000E+00 1.92356E-19 3.94930E-19 1.21744E-20 1.46553E-20 3.56524E-20 4.02412E-20 5.69813E-20 2.01402E-20 2.54655E-20
 2.61430E+03 8.27405E-19 0.00000E+00 0.00000E+00 0.00000E+00 0.00000E+00 0.00000E+00 0.00000E+00 0.00000E+00 2.05159E-19 3.94340E-19 1.21640E-20 1.46439E-20 3.56177E-20 4.01918E-20 5.69091E-20 2.01011E-20 2.54156E-20
 2.61579E+03 8.36820E-19 0.00000E+00 0.00000E+00 0.00000E+00 0.00000E+00 0.00000E+00 0.00000E+00 0.00000E+00 2.15454E-19 3.93751E-19 1.21535E-20 1.46325E-20 3.55830E-20 4.01425E-20 5.68370E-20 2.00621E-20 2.53659E-20
 2.61878E+03 8.50245E-19 0.00000E+00 0.00000E+00 0.00000E+00 0.00000E+00 0.00000E+00 0.00000E+00 0.00000E+00 2.30638E-19 3.92575E-19 1.21326E-20 1.46097E-20 3.55138E-20 4.00440E-20 5.66930E-20 1.99842E-20 2.52668E-20
 2.62177E+03 8.59296E-19 0.00000E+00 0.00000E+00 0.00000E+00 0.00000E+00 0.00000E+00 0.00000E+00 0.00000E+00 2.41400E-19 3.91445E-19 1.21117E-20 1.45870E-20 3.54446E-20 3.99457E-20 5.65493E-20 1.99067E-20 2.51680E-20
 2.62477E+03 8.65759E-19 0.00000E+00 0.00000E+00 0.00000E+00 0.00000E+00 0.00000E+00 0.00000E+00 0.00000E+00 2.49565E-19 3.90322E-19 1.20908E-20 1.45642E-20 3.53757E-20 3.98477E-20 5.64061E-20 1.98294E-20 2.50696E-20
 2.62777E+03 8.70484E-19 0.00000E+00 0.00000E+00 0.00000E+00 0.00000E+00 0.00000E+00 0.00000E+00 0.00000E+00 2.55989E-19 3.89202E-19 1.20700E-20 1.45416E-20 3.53068E-20 3.97499E-20 5.62632E-20 1.97525E-20 2.49717E-20
 2.63378E+03 8.75613E-19 0.00000E+00 0.00000E+00 0.00000E+00 0.00000E+00 0.00000E+00 0.00000E+00 0.00000E+00 2.64499E-19 3.86972E-19 1.20285E-20 1.44963E-20 3.51695E-20 3.95551E-20 5.59785E-20 1.95995E-20 2.47768E-20
 2.63980E+03 8.75869E-19 0.00000E+00 0.00000E+00 0.00000E+00 0.00000E+00 0.00000E+00 0.00000E+00 0.00000E+00 2.68118E-19 3.84755E-19 1.19871E-20 1.44512E-20 3.50328E-20 3.93612E-20 5.56952E-20 1.94477E-20 2.45835E-20
 2.68848E+03 8.38066E-19 0.00000E+00 0.00000E+00 0.00000E+00 0.00000E+00 0.00000E+00 0.00000E+00 0.00000E+00 2.56536E-19 3.67468E-19 1.16611E-20 1.40952E-20 3.39576E-20 3.78440E-20 5.34799E-20 1.82747E-20 2.30904E-20
 2.78855E+03 7.67344E-19 0.00000E+00 0.00000E+00 0.00000E+00 0.00000E+00 0.00000E+00 0.00000E+00 0.00000E+00 2.35276E-19 3.34893E-19 1.10318E-20 1.33982E-20 3.18879E-20 3.49497E-20 4.92656E-20 1.61174E-20 2.03465E-20
 3.00000E+03 6.39739E-19 0.00000E+00 0.00000E+00 0.00000E+00 0.00000E+00 0.00000E+00 0.00000E+00 0.00000E+00 1.95794E-19 2.76876E-19 9.85503E-21 1.20695E-20 2.80529E-20 2.96805E-20 4.16308E-20 1.25094E-20 1.57628E-20
 3.07200E+03 6.02076E-19 0.00000E+00 0.00000E+00 0.00000E+00 0.00000E+00 0.00000E+00 0.00000E+00 0.00000E+00 1.84095E-19 2.59790E-19 9.49394E-21 1.16546E-20 2.68902E-20 2.81059E-20 3.93605E-20 1.15069E-20 1.44908E-20
 3.07200E+03 6.45878E-19 0.00000E+00 0.00000E+00 0.00000E+00 0.00000E+00 0.00000E+00 0.00000E+00 4.38019E-20 1.84095E-19 2.59790E-19 9.49394E-21 1.16546E-20 2.68902E-20 2.81059E-20 3.93605E-20 1.15069E-20 1.44908E-20
 3.07357E+03 6.57779E-19 0.00000E+00 0.00000E+00 0.00000E+00 0.00000E+00 0.00000E+00 0.00000E+00 5.64877E-20 1.83852E-19 2.59434E-19 9.48626E-21 1.16458E-20 2.68656E-20 2.80730E-20 3.93130E-20 1.14863E-20 1.44646E-20
 3.07513E+03 6.67521E-19 0.00000E+00 0.00000E+00 0.00000E+00 0.00000E+00 0.00000E+00 0.00000E+00 6.70130E-20 1.83608E-19 2.59079E-19 9.47858E-21 1.16370E-20 2.68411E-20 2.80400E-20 3.92656E-20 1.14657E-20 1.44385E-20
 3.07670E+03 6.75107E-19 0.00000E+00 0.00000E+00 0.00000E+00 0.00000E+00 0.00000E+00 0.00000E+00 7.53812E-20 1.83366E-19 2.58724E-19 9.47091E-21 1.16282E-20 2.68165E-20 2.80071E-20 3.92182E-20 1.14451E-20 1.44124E-20
 3.07827E+03 6.80892E-19 0.00000E+00 0.00000E+00 0.00000E+00 0.00000E+00 0.00000E+00 0.00000E+00 8.19479E-20 1.83123E-19 2.58370E-19 9.46325E-21 1.16194E-20 2.67920E-20 2.79743E-20 3.91709E-20 1.14246E-20 1.43864E-20
 3.08141E+03 6.87852E-19 0.00000E+00 0.00000E+00 0.00000E+00 0.00000E+00 0.00000E+00 0.00000E+00 9.04673E-20 1.82639E-19 2.57663E-19 9.44795E-21 1.16018E-20 2.67431E-20 2.79087E-20 3.90764E-20 1.13837E-20 1.43345E-20
 3.08455E+03 6.90708E-19 0.00000E+00 0.00000E+00 0.00000E+00 0.00000E+00 0.00000E+00 0.00000E+00 9.48793E-20 1.82156E-19 2.56959E-19 9.43267E-21 1.15842E-20 2.66942E-20 2.78433E-20 3.89821E-20 1.13429E-20 1.42827E-20
 3.09084E+03 6.90522E-19 0.00000E+00 0.00000E+00 0.00000E+00 0.00000E+00 0.00000E+00 0.00000E+00 9.77917E-20 1.81194E-19 2.55555E-19 9.40218E-21 1.15492E-20 2.65967E-20 2.77129E-20 3.87943E-20 1.12617E-20 1.41798E-20
 3.09715E+03 6.87357E-19 0.00000E+00 0.00000E+00 0.00000E+00 0.00000E+00 0.00000E+00 0.00000E+00 9.77095E-20 1.80237E-19 2.54159E-19 9.37180E-21 1.15143E-20 2.64995E-20 2.75831E-20 3.86074E-20 1.11812E-20 1.40777E-20
 3.12250E+03 6.74938E-19 0.00000E+00 0.00000E+00 0.00000E+00 0.00000E+00 0.00000E+00 0.00000E+00 9.74574E-20 1.76460E-19 2.48650E-19 9.25123E-21 1.13756E-20 2.61145E-20 2.70701E-20 3.78686E-20 1.08647E-20 1.36764E-20
 3.17382E+03 6.49644E-19 0.00000E+00 0.00000E+00 0.00000E+00 0.00000E+00 0.00000E+00 0.00000E+00 9.57360E-20 1.69143E-19 2.37988E-19 9.01473E-21 1.11033E-20 2.53612E-20 2.60724E-20 3.64333E-20 1.02584E-20 1.29077E-20
 3.27902E+03 6.00371E-19 0.00000E+00 0.00000E+00 0.00000E+00 0.00000E+00 0.00000E+00 0.00000E+00 9.10261E-20 1.55287E-19 2.17874E-19 8.55971E-21 1.05741E-20 2.39135E-20 2.41712E-20 3.37040E-20 9.13932E-21 1.14904E-20
 3.50000E+03 5.11752E-19 0.00000E+00 0.00000E+00 0.00000E+00 0.00000E+00 0.00000E+00 0.00000E+00 8.20824E-20 1.30392E-19 1.82141E-19 7.71741E-21 9.56590E-21 2.12198E-20 2.07152E-20 2.87611E-20 7.23937E-21 9.08688E-21
 3.56000E+03 4.90569E-19 0.00000E+00 0.00000E+00 0.00000E+00 0.00000E+00 0.00000E+00 0.00000E+00 7.98152E-20 1.24493E-19 1.73696E-19 7.50792E-21 9.31379E-21 2.05604E-20 1.98816E-20 2.75732E-20 6.80518E-21 8.53802E-21
 3.56000E+03 5.03533E-19 0.00000E+00 0.00000E+00 0.00000E+00 0.00000E+00 0.00000E+00 1.29638E-20 7.98152E-20 1.24493E-19 1.73696E-19 7.50792E-21 9.31379E-21 2.05604E-20 1.98816E-20 2.75732E-20 6.80518E-21 8.53802E-21
 3.56223E+03 5.08277E-19 0.00000E+00 0.00000E+00 0.00000E+00 0.00000E+00 0.00000E+00 1.84717E-20 7.97319E-20 1.24281E-19 1.73393E-19 7.50022E-21 9.30457E-21 2.05364E-20 1.98515E-20 2.75303E-20 6.78970E-21 8.51845E-21
 3.56446E+03 5.11591E-19 0.00000E+00 0.00000E+00 0.00000E+00 0.00000E+00 0.00000E+00 2.25492E-20 7.96487E-20 1.24069E-19 1.73090E-19 7.49253E-21 9.29536E-21 2.05124E-20 1.98214E-20 2.74875E-20 6.77425E-21 8.49893E-21
 3.56893E+03 5.14718E-19 0.00000E+00 0.00000E+00 0.00000E+00 0.00000E+00 0.00000E+00 2.71980E-20 7.94825E-20 1.23647E-19 1.72485E-19 7.47718E-21 9.27697E-21 2.04645E-20 1.97613E-20 2.74019E-20 6.74346E-21 8.46002E-21
 3.57340E+03 5.15013E-19 0.00000E+00 0.00000E+00 0.00000E+00 0.00000E+00 0.00000E+00 2.90110E-20 7.93166E-20 1.23226E-19 1.71882E-19 7.46186E-21 9.25862E-21 2.04167E-20 1.97015E-20 2.73167E-20 6.71281E-21 8.42128E-21
 3.57787E+03 5.14092E-19 0.00000E+00 0.00000E+00 0.00000E+00 0.00000E+00 0.00000E+00 2.96019E-20 7.91511E-20 1.22806E-19 1.71282E-19 7.44657E-21 9.24031E-21 2.03690E-20 1.96418E-20 2.72317E-20 6.68229E-21 8.38273E-21
 3.59584E+03 5.08210E-19 0.00000E+00 0.00000E+00 0.00000E+00 0.00000E+00 0.00000E+00 2.97218E-20 7.84925E-20 1.21143E-19 1.68901E-19 7.38573E-21 9.16740E-21 2.01794E-20 1.94049E-20 2.68944E-20 6.56163E-21 8.23025E-21
 3.63203E+03 4.96804E-19 0.00000E+00 0.00000E+00 0.00000E+00 0.00000E+00 0.00000E+00 3.00872E-20 7.71917E-20 1.17882E-19 1.64238E-19 7.26553E-21 9.02332E-21 1.98054E-20 1.89396E-20 2.62322E-20 6.32679E-21 7.93358E-21
 3.70553E+03 4.73434E-19 0.00000E+00 0.00000E+00 0.00000E+00 0.00000E+00 0.00000E+00 2.93639E-20 7.46544E-20 1.11623E-19 1.55295E-19 7.03096E-21 8.74190E-21 1.90782E-20 1.80423E-20 2.49565E-20 5.88202E-21 7.37192E-21
 3.85700E+03 4.29759E-19 0.00000E+00 0.00000E+00 0.00000E+00 0.00000E+00 0.00000E+00 2.80932E-20 6.97323E-20 9.99516E-20 1.38675E-19 6.58431E-21 8.19648E-21 1.76876E-20 1.63493E-20 2.25555E-20 5.08409E-21 6.36508E-21
 3.85700E+03 4.50783E-19 0.00000E+00 0.00000E+00 0.00000E+00 0.00000E+00 2.10246E-20 2.80932E-20 6.97323E-20 9.99516E-20 1.38675E-19 6.58431E-21 8.19648E-21 1.76876E-20 1.63493E-20 2.25555E-20 5.08409E-21 6.36508E-21
 3.86139E+03 4.48120E-19 0.00000E+00 0.00000E+00 0.00000E+00 0.00000E+00 1.95435E-20 2.80569E-20 6.95959E-20 9.96376E-20 1.38228E-19 6.57205E-21 8.18137E-21 1.76494E-20 1.63033E-20 2.24904E-20 5.06308E-21 6.33859E-21
 3.86579E+03 4.46370E-19 0.00000E+00 0.00000E+00 0.00000E+00 0.00000E+00 1.89727E-20 2.80206E-20 6.94597E-20 9.93245E-20 1.37783E-19 6.55981E-21 8.16630E-21 1.76113E-20 1.62575E-20 2.24255E-20 5.04217E-21 6.31221E-21
 3.87459E+03 4.43896E-19 0.00000E+00 0.00000E+00 0.00000E+00 0.00000E+00 1.88463E-20 2.79482E-20 6.91881E-20 9.87013E-20 1.36897E-19 6.53541E-21 8.13623E-21 1.75352E-20 1.61662E-20 2.22963E-20 5.00060E-21 6.25979E-21
 3.89226E+03 4.39556E-19 0.00000E+00 0.00000E+00 0.00000E+00 0.00000E+00 1.91605E-20 2.78039E-20 6.86480E-20 9.74666E-20 1.35142E-19 6.48687E-21 8.07643E-21 1.73842E-20 1.59852E-20 2.20401E-20 4.91848E-21 6.15625E-21
 3.92785E+03 4.30100E-19 0.00000E+00 0.00000E+00 0.00000E+00 0.00000E+00 1.88633E-20 2.75056E-20 6.75806E-20 9.50433E-20 1.31698E-19 6.39087E-21 7.95815E-21 1.70860E-20 1.56293E-20 2.15365E-20 4.75826E-21 5.95427E-21
 4.00000E+03 4.11995E-19 0.00000E+00 0.00000E+00 0.00000E+00 0.00000E+00 1.84505E-20 2.69179E-20 6.54953E-20 9.03746E-20 1.25073E-19 6.20311E-21 7.72675E-21 1.65049E-20 1.49410E-20 2.05635E-20 4.45298E-21 5.56970E-21
 4.50000E+03 3.10488E-19 0.00000E+00 0.00000E+00 0.00000E+00 0.00000E+00 1.58107E-20 2.30797E-20 5.30526E-20 6.47954E-20 8.89576E-20 5.09190E-21 6.34424E-21 1.31282E-20 1.10751E-20 1.51272E-20 2.87401E-21 3.58367E-21
 5.00000E+03 2.40230E-19 0.00000E+00 0.00000E+00 0.00000E+00 0.00000E+00 1.36218E-20 1.98345E-20 4.35808E-20 4.77620E-20 6.51078E-20 4.25262E-21 5.28291E-21 1.06390E-20 8.40183E-21 1.13977E-20 1.92903E-21 2.39828E-21
 5.50000E+03 1.90007E-19 0.00000E+00 0.00000E+00 0.00000E+00 0.00000E+00 1.18359E-20 1.71265E-20 3.62444E-20 3.60322E-20 4.88127E-20 3.60292E-21 4.45323E-21 8.75661E-21 6.50110E-21 8.76434E-21 1.33733E-21 1.65829E-21
 6.00000E+03 1.53105E-19 0.00000E+00 0.00000E+00 0.00000E+00 0.00000E+00 1.03636E-20 1.48666E-20 3.04715E-20 2.77329E-20 3.73561E-20 3.08995E-21 3.79414E-21 7.30326E-21 5.11668E-21 6.85885E-21 9.52936E-22 1.17865E-21
 7.00000E+03 1.04037E-19 0.00000E+00 0.00000E+00 0.00000E+00 0.00000E+00 8.10962E-21 1.13827E-20 2.21468E-20 1.72670E-20 2.30244E-20 2.34218E-21 2.82933E-21 5.25031E-21 3.30792E-21 4.38891E-21 5.17486E-22 6.37163E-22
 8.00000E+03 7.41867E-20 0.00000E+00 0.00000E+00 0.00000E+00 0.00000E+00 6.49546E-21 8.89410E-21 1.66026E-20 1.13445E-20 1.49934E-20 1.83324E-21 2.17334E-21 3.91029E-21 2.24020E-21 2.94556E-21 3.01920E-22 3.70219E-22
 9.00000E+03 5.49241E-20 0.00000E+00 0.00000E+00 0.00000E+00 0.00000E+00 5.30560E-21 7.07757E-21 1.27669E-20 7.77743E-21 1.01971E-20 1.47159E-21 1.71008E-21 2.99553E-21 1.57468E-21 2.05361E-21 1.86353E-22 2.27638E-22
 1.00000E+04 4.19013E-20 0.00000E+00 0.00000E+00 0.00000E+00 0.00000E+00 4.40531E-21 5.72369E-21 1.00290E-20 5.51850E-21 7.18262E-21 1.20560E-21 1.37242E-21 2.34800E-21 1.14110E-21 1.47711E-21 1.20344E-22 1.46499E-22
 1.10000E+04 3.27594E-20 0.00000E+00 0.00000E+00 0.00000E+00 0.00000E+00 3.70938E-21 4.69530E-21 8.02095E-21 4.02840E-21 5.20784E-21 1.00443E-21 1.11990E-21 1.87584E-21 8.48195E-22 1.09044E-21 8.06691E-23 9.78812E-23
 1.25000E+04 2.35059E-20 0.00000E+00 0.00000E+00 0.00000E+00 0.00000E+00 2.93016E-21 3.56968E-21 5.90036E-21 2.62466E-21 3.36183E-21 7.83739E-22 8.47146E-22 1.37955E-21 5.65450E-22 7.20092E-22 4.68643E-23 5.66045E-23
 1.30410E+04 2.10345E-20 0.00000E+00 0.00000E+00 0.00000E+00 0.00000E+00 2.70528E-21 3.25046E-21 5.31622E-21 2.27231E-21 2.90131E-21 7.21067E-22 7.70574E-22 1.24328E-21 4.93039E-22 6.25859E-22 3.90527E-23 4.70949E-23
 1.30410E+04 3.39159E-20 0.00000E+00 0.00000E+00 0.00000E+00 1.28815E-20 2.70528E-21 3.25046E-21 5.31622E-21 2.27231E-21 2.90131E-21 7.21067E-22 7.70574E-22 1.24328E-21 4.93039E-22 6.25859E-22 3.90527E-23 4.70949E-23
 1.30482E+04 4.80543E-20 0.00000E+00 0.00000E+00 0.00000E+00 2.70504E-20 2.70246E-21 3.24647E-21 5.30897E-21 2.26803E-21 2.89573E-21 7.20281E-22 7.69619E-22 1.24159E-21 4.92155E-22 6.24711E-22 3.89596E-23 4.69817E-23
 1.30555E+04 5.18813E-20 0.00000E+00 0.00000E+00 0.00000E+00 3.09078E-20 2.69963E-21 3.24249E-21 5.30173E-21 2.26376E-21 2.89015E-21 7.19495E-22 7.68665E-22 1.23990E-21 4.91273E-22 6.23565E-22 3.88668E-23 4.68688E-23
 1.30627E+04 5.23752E-20 0.00000E+00 0.00000E+00 0.00000E+00 3.14321E-20 2.69681E-21 3.23852E-21 5.29450E-21 2.25949E-21 2.88458E-21 7.18711E-22 7.67712E-22 1.23821E-21 4.90393E-22 6.22422E-22 3.87742E-23 4.67562E-23
 1.30700E+04 5.22348E-20 0.00000E+00 0.00000E+00 0.00000E+00 3.13220E-20 2.69399E-21 3.23455E-21 5.28727E-21 2.25523E-21 2.87903E-21 7.17927E-22 7.66761E-22 1.23652E-21 4.89514E-22 6.21280E-22 3.86818E-23 4.66438E-23
 1.30844E+04 5.22358E-20 0.00000E+00 0.00000E+00 0.00000E+00 3.13835E-20 2.68836E-21 3.22662E-21 5.27286E-21 2.24674E-21 2.86795E-21 7.16362E-22 7.64861E-22 1.23316E-21 4.87762E-22 6.19004E-22 3.84976E-23 4.64198E-23
 1.30990E+04 5.24840E-20 0.00000E+00 0.00000E+00 0.00000E+00 3.16921E-20 2.68274E-21 3.21872E-21 5.25848E-21 2.23828E-21 2.85691E-21 7.14800E-22 7.62966E-22 1.22981E-21 4.86015E-22 6.16735E-22 3.83144E-23 4.61970E-23
 1.31135E+04 5.25189E-20 0.00000E+00 0.00000E+00 0.00000E+00 3.17872E-20 2.67713E-21 3.21083E-21 5.24414E-21 2.22986E-21 2.84592E-21 7.13242E-22 7.61076E-22 1.22646E-21 4.84275E-22 6.14475E-22 3.81320E-23 4.59751E-23
 1.31280E+04 5.23297E-20 0.00000E+00 0.00000E+00 0.00000E+00 3.16580E-20 2.67153E-21 3.20297E-21 5.22984E-21 2.22146E-21 2.83497E-21 7.11687E-22 7.59190E-22 1.22313E-21 4.82541E-22 6.12224E-22 3.79505E-23 4.57544E-23
 1.31572E+04 5.19174E-20 0.00000E+00 0.00000E+00 0.00000E+00 3.13652E-20 2.66038E-21 3.18729E-21 5.20136E-21 2.20476E-21 2.81319E-21 7.08588E-22 7.55433E-22 1.21648E-21 4.79092E-22 6.07745E-22 3.75900E-23 4.53161E-23
 1.32744E+04 5.07633E-20 0.00000E+00 0.00000E+00 0.00000E+00 3.06818E-20 2.61621E-21 3.12535E-21 5.08898E-21 2.13922E-21 2.72775E-21 6.96325E-22 7.40590E-22 1.19026E-21 4.65540E-22 5.90155E-22 3.61821E-23 4.36044E-23
 1.35120E+04 4.84657E-20 0.00000E+00 0.00000E+00 0.00000E+00 2.92919E-20 2.53008E-21 3.00506E-21 4.87145E-21 2.01393E-21 2.56457E-21 6.72432E-22 7.11772E-22 1.13951E-21 4.39575E-22 5.56487E-22 3.35226E-23 4.03726E-23
 1.40000E+04 4.40826E-20 0.00000E+00 0.00000E+00 0.00000E+00 2.65976E-20 2.36622E-21 2.77820E-21 4.46389E-21 1.78492E-21 2.26691E-21 6.27077E-22 6.57456E-22 1.04439E-21 3.91909E-22 4.94805E-22 2.87753E-23 3.46096E-23
 1.50000E+04 3.65922E-20 0.00000E+00 0.00000E+00 0.00000E+00 2.20000E-20 2.07312E-21 2.37695E-21 3.75519E-21 1.40788E-21 1.77856E-21 5.46688E-22 5.61900E-22 8.79237E-22 3.12528E-22 3.92465E-22 2.13234E-23 2.55796E-23
 1.52060E+04 3.52579E-20 0.00000E+00 0.00000E+00 0.00000E+00 2.11830E-20 2.01878E-21 2.30363E-21 3.62741E-21 1.34256E-21 1.69423E-21 5.31892E-22 5.44384E-22 8.49303E-22 2.98637E-22 3.74612E-22 2.00838E-23 2.40792E-23
 1.52060E+04 4.06621E-20 0.00000E+00 0.00000E+00 5.40417E-21 2.11830E-20 2.01878E-21 2.30362E-21 3.62741E-21 1.34256E-21 1.69423E-21 5.31892E-22 5.44384E-22 8.49303E-22 2.98637E-22 3.74612E-22 2.00838E-23 2.40792E-23
 1.52161E+04 4.77992E-20 0.00000E+00 0.00000E+00 1.26051E-20 2.11439E-20 2.01616E-21 2.30011E-21 3.62128E-21 1.33946E-21 1.69022E-21 5.31180E-22 5.43543E-22 8.47868E-22 2.97975E-22 3.73762E-22 2.00252E-23 2.40084E-23
 1.52262E+04 4.85226E-20 0.00000E+00 0.00000E+00 1.33921E-20 2.11050E-20 2.01354E-21 2.29659E-21 3.61517E-21 1.33636E-21 1.68622E-21 5.30469E-22 5.42703E-22 8.46435E-22 2.97315E-22 3.72915E-22 1.99668E-23 2.39378E-23
 1.52465E+04 4.84188E-20 0.00000E+00 0.00000E+00 1.34153E-20 2.10272E-20 2.00832E-21 2.28958E-21 3.60297E-21 1.33018E-21 1.67825E-21 5.29050E-22 5.41028E-22 8.43577E-22 2.95999E-22 3.71225E-22 1.98506E-23 2.37971E-23
 1.52668E+04 4.84993E-20 0.00000E+00 0.00000E+00 1.36224E-20 2.09498E-20 2.00311E-21 2.28259E-21 3.59082E-21 1.32404E-21 1.67032E-21 5.27634E-22 5.39358E-22 8.40729E-22 2.94690E-22 3.69543E-22 1.97350E-23 2.36573E-23
 1.52871E+04 4.83983E-20 0.00000E+00 0.00000E+00 1.36474E-20 2.08726E-20 1.99791E-21 2.27562E-21 3.57870E-21 1.31792E-21 1.66243E-21 5.26223E-22 5.37693E-22 8.37890E-22 2.93385E-22 3.67868E-22 1.96201E-23 2.35183E-23
 1.53686E+04 4.76994E-20 0.00000E+00 0.00000E+00 1.34481E-20 2.05668E-20 1.97726E-21 2.24796E-21 3.53065E-21 1.29373E-21 1.63123E-21 5.20614E-22 5.31085E-22 8.26630E-22 2.88227E-22 3.61246E-22 1.91672E-23 2.29704E-23
 1.55330E+04 4.64027E-20 0.00000E+00 0.00000E+00 1.31288E-20 1.99685E-20 1.93660E-21 2.19365E-21 3.43648E-21 1.24667E-21 1.57057E-21 5.09577E-22 5.18110E-22 8.04563E-22 2.78180E-22 3.48356E-22 1.82925E-23 2.19127E-23
 1.58670E+04 4.38651E-20 0.00000E+00 0.00000E+00 1.24617E-20 1.88237E-20 1.85777E-21 2.08892E-21 3.25561E-21 1.15763E-21 1.45594E-21 4.88198E-22 4.93105E-22 7.62180E-22 2.59124E-22 3.23941E-22 1.66610E-23 1.99411E-23
 1.58670E+04 5.14422E-20 0.00000E+00 7.57704E-21 1.24617E-20 1.88237E-20 1.85777E-21 2.08892E-21 3.25561E-21 1.15763E-21 1.45594E-21 4.88198E-22 4.93105E-22 7.62180E-22 2.59124E-22 3.23941E-22 1.66610E-23 1.99411E-23
 1.58791E+04 5.05673E-20 0.00000E+00 6.79110E-21 1.24381E-20 1.87838E-20 1.85500E-21 2.08525E-21 3.24928E-21 1.15455E-21 1.45197E-21 4.87446E-22 4.92228E-22 7.60697E-22 2.58464E-22 3.23095E-22 1.66051E-23 1.98736E-23
 1.58913E+04 5.05491E-20 0.00000E+00 6.86155E-21 1.24145E-20 1.87440E-20 1.85223E-21 2.08159E-21 3.24297E-21 1.15148E-21 1.44802E-21 4.86695E-22 4.91353E-22 7.59218E-22 2.57805E-22 3.22252E-22 1.65494E-23 1.98063E-23
 1.59156E+04 5.04611E-20 0.00000E+00 6.95041E-21 1.23675E-20 1.86645E-20 1.84670E-21 2.07427E-21 3.23038E-21 1.14536E-21 1.44015E-21 4.85196E-22 4.89608E-22 7.56268E-22 2.56492E-22 3.20571E-22 1.64385E-23 1.96724E-23
 1.59644E+04 5.00417E-20 0.00000E+00 6.88244E-21 1.22740E-20 1.85066E-20 1.83569E-21 2.05972E-21 3.20534E-21 1.13321E-21 1.42453E-21 4.82213E-22 4.86135E-22 7.50402E-22 2.53887E-22 3.17237E-22 1.62190E-23 1.94073E-23
 1.60625E+04 4.92932E-20 0.00000E+00 6.82973E-21 1.20877E-20 1.81949E-20 1.81387E-21 2.03093E-21 3.15585E-21 1.10930E-21 1.39379E-21 4.76303E-22 4.79264E-22 7.38806E-22 2.48755E-22 3.10672E-22 1.57888E-23 1.88878E-23
 1.62604E+04 4.78006E-20 0.00000E+00 6.70013E-21 1.17210E-20 1.75847E-20 1.77100E-21 1.97433E-21 3.05889E-21 1.06299E-21 1.33431E-21 4.64697E-22 4.65812E-22 7.16150E-22 2.38800E-22 2.97948E-22 1.49623E-23 1.78902E-23
 1.66635E+04 4.49177E-20 0.00000E+00 6.42488E-21 1.10218E-20 1.64139E-20 1.68828E-21 1.86447E-21 2.87178E-21 9.76081E-22 1.22284E-21 4.42328E-22 4.40030E-22 6.72900E-22 2.20071E-22 2.74040E-22 1.34369E-23 1.60503E-23
 1.75000E+04 3.96697E-20 0.00000E+00 5.90561E-21 9.74043E-21 1.43010E-20 1.53425E-21 1.66275E-21 2.53120E-21 8.22996E-22 1.02706E-21 4.00768E-22 3.92668E-22 5.94079E-22 1.86903E-22 2.31826E-22 1.08365E-23 1.29186E-23
 2.00000E+04 2.81605E-20 0.00000E+00 4.66357E-21 6.90510E-21 9.76593E-21 1.17516E-21 1.20879E-21 1.78288E-21 5.13242E-22 6.33500E-22 3.04878E-22 2.85561E-22 4.19584E-22 1.18667E-22 1.45564E-22 5.98476E-24 7.09362E-24
 2.20000E+04 2.19931E-20 0.00000E+00 3.91468E-21 5.37170E-21 7.40960E-21 9.68328E-22 9.57958E-22 1.38168E-21 3.65025E-22 4.46907E-22 2.50164E-22 2.26473E-22 3.25868E-22 8.53987E-23 1.03898E-22 3.90349E-24 4.60665E-24
 2.50000E+04 1.57431E-20 0.00000E+00 3.07230E-21 3.81380E-21 5.09227E-21 7.43769E-22 6.96923E-22 9.75672E-22 2.30046E-22 2.78484E-22 1.91207E-22 1.65015E-22 2.30819E-22 5.46073E-23 6.56876E-23 2.19142E-24 2.57070E-24
 3.00000E+04 9.72482E-21 0.00000E+00 2.14538E-21 2.31624E-21 2.95587E-21 5.06395E-22 4.37685E-22 5.87297E-22 1.18057E-22 1.40546E-22 1.29434E-22 1.03937E-22 1.39583E-22 2.85538E-23 3.37722E-23 9.55535E-25 1.11077E-24
 3.50000E+04 6.44560E-21 0.00000E+00 1.56516E-21 1.50665E-21 1.85193E-21 3.63224E-22 2.92512E-22 3.78624E-22 6.66967E-23 7.82253E-23 9.24767E-23 6.96668E-23 9.03491E-23 1.63607E-23 1.90637E-23 4.71363E-25 5.43571E-25
 4.00000E+04 4.50216E-21 0.00000E+00 1.18130E-21 1.03245E-21 1.22883E-21 2.70918E-22 2.04948E-22 2.57092E-22 4.04838E-23 4.68500E-23 6.87869E-23 4.89499E-23 6.15638E-23 1.00422E-23 1.15453E-23 2.54775E-25 2.91677E-25
 4.50000E+04 3.27491E-21 0.00000E+00 9.16170E-22 7.37026E-22 8.52693E-22 2.08328E-22 1.49045E-22 1.81823E-22 2.59826E-23 2.97045E-23 5.27911E-23 3.56906E-23 4.36737E-23 6.50431E-24 7.38709E-24 1.47801E-25 1.68066E-25
 5.00000E+04 2.46049E-21 0.00000E+00 7.26557E-22 5.43768E-22 6.13322E-22 1.64174E-22 1.11707E-22 1.32885E-22 1.74396E-23 1.97141E-23 4.15417E-23 2.68126E-23 3.20057E-23 4.39873E-24 4.94006E-24 9.07018E-26 1.02494E-25
 5.50000E+04 1.89800E-21 0.00000E+00 5.87009E-22 4.12220E-22 4.54341E-22 1.32013E-22 8.58344E-23 9.97880E-23 1.21420E-23 1.35844E-23 3.33672E-23 2.06468E-23 2.40921E-23 3.08207E-24 3.42574E-24 5.82714E-26 6.54629E-26
 6.00000E+04 1.49656E-21 0.00000E+00 4.81812E-22 3.19682E-22 3.44966E-22 1.07961E-22 6.73501E-23 7.66616E-23 8.71597E-24 9.65858E-24 2.72651E-23 1.62322E-23 1.85482E-23 2.22453E-24 2.44899E-24 3.88928E-26 4.34549E-26
 7.00000E+04 9.81015E-22 0.00000E+00 3.37480E-22 2.03203E-22 2.11137E-22 7.52424E-23 4.36485E-23 4.78353E-23 4.83791E-24 5.26843E-24 1.89802E-23 1.05551E-23 1.16157E-23 1.24556E-24 1.34777E-24 1.90079E-26 2.10246E-26
 8.00000E+04 6.79660E-22 0.00000E+00 2.46444E-22 1.36921E-22 1.37640E-22 5.47775E-23 2.98676E-23 3.16619E-23 2.90287E-24 3.11375E-24 1.38079E-23 7.24287E-24 7.71116E-24 7.52487E-25 8.02001E-25 1.02372E-26 1.12216E-26
 8.80110E+04 5.22504E-22 0.00000E+00 1.96185E-22 1.03155E-22 1.01254E-22 4.35395E-23 2.27319E-23 2.35258E-23 2.01531E-24 2.13817E-24 1.09711E-23 5.52303E-24 5.74100E-24 5.24689E-25 5.53189E-25 6.58958E-27 7.17590E-27
 8.80110E+04 2.66139E-21 2.13888E-21 1.96185E-22 1.03155E-22 1.01254E-22 4.35395E-23 2.27319E-23 2.35258E-23 2.01531E-24 2.13817E-24 1.09711E-23 5.52303E-24 5.74100E-24 5.24689E-25 5.53189E-25 6.58958E-27 7.17589E-27
 8.80725E+04 2.46525E-21 1.94375E-21 1.95857E-22 1.02941E-22 1.01026E-22 4.34664E-23 2.26866E-23 2.34748E-23 2.00993E-24 2.13230E-24 1.09526E-23 5.51209E-24 5.72862E-24 5.23307E-25 5.51687E-25 6.56837E-27 7.15245E-27
 8.81340E+04 2.45756E-21 1.93706E-21 1.95531E-22 1.02728E-22 1.00800E-22 4.33934E-23 2.26413E-23 2.34238E-23 2.00457E-24 2.12644E-24 1.09342E-23 5.50116E-24 5.71626E-24 5.21928E-25 5.50190E-25 6.54723E-27 7.12909E-27
 8.82572E+04 2.45227E-21 1.93376E-21 1.94879E-22 1.02303E-22 1.00348E-22 4.32478E-23 2.25510E-23 2.33222E-23 1.99389E-24 2.11478E-24 1.08975E-23 5.47938E-24 5.69163E-24 5.19181E-25 5.47207E-25 6.50515E-27 7.08259E-27
 8.85041E+04 2.43605E-21 1.92151E-21 1.93582E-22 1.01459E-22 9.94499E-23 4.29581E-23 2.23715E-23 2.31203E-23 1.97271E-24 2.09164E-24 1.08244E-23 5.43607E-24 5.64269E-24 5.13730E-25 5.41290E-25 6.42180E-27 6.99050E-27
 8.89999E+04 2.40140E-21 1.89470E-21 1.91015E-22 9.97909E-23 9.76785E-23 4.23845E-23 2.20168E-23 2.27218E-23 1.93101E-24 2.04612E-24 1.06796E-23 5.35048E-24 5.54607E-24 5.02999E-25 5.29648E-25 6.25830E-27 6.80990E-27
 9.00000E+04 2.33455E-21 1.84316E-21 1.85981E-22 9.65362E-23 9.42297E-23 4.12602E-23 2.13242E-23 2.19452E-23 1.85024E-24 1.95802E-24 1.03959E-23 5.18332E-24 5.35775E-24 4.82206E-25 5.07109E-25 5.94368E-27 6.46258E-27
 1.00000E+05 1.78224E-21 1.41473E-21 1.44144E-22 7.05737E-23 6.70871E-23 3.19419E-23 1.57534E-23 1.57842E-23 1.23747E-24 1.29398E-24 8.04578E-24 3.83678E-24 3.86153E-24 3.23905E-25 3.36610E-25 3.66221E-27 3.95345E-27
 1.10000E+05 1.39249E-21 1.10994E-21 1.14212E-22 5.31475E-23 4.93194E-23 2.52923E-23 1.19686E-23 1.17038E-23 8.60597E-25 8.90470E-25 6.36977E-24 2.92002E-24 2.86831E-24 2.26115E-25 2.32507E-25 2.36947E-27 2.54159E-27
 1.25000E+05 9.97225E-22 7.98609E-22 8.33436E-23 3.63373E-23 3.26445E-23 1.84486E-23 8.27283E-24 7.82921E-24 5.29820E-25 5.40580E-25 4.64567E-24 2.02279E-24 1.92295E-24 1.39820E-25 1.41805E-25 1.32785E-27 1.41204E-27
 1.40000E+05 7.40177E-22 5.94808E-22 6.28840E-23 2.59546E-23 2.26561E-23 1.39196E-23 5.96175E-24 5.48024E-24 3.45416E-25 3.48359E-25 3.50512E-24 1.46031E-24 1.34845E-24 9.14880E-26 9.17118E-26 7.97845E-28 8.42674E-28
 1.50000E+05 6.16904E-22 4.96651E-22 5.29283E-23 2.11569E-23 1.81484E-23 1.17173E-23 4.88423E-24 4.41116E-24 2.66561E-25 2.67017E-25 2.95062E-24 1.19761E-24 1.08652E-24 7.07536E-26 7.04517E-26 5.86786E-28 6.17153E-28
 1.75000E+05 4.10209E-22 3.31390E-22 3.59503E-23 1.34262E-23 1.10799E-23 7.96319E-24 3.13179E-24 2.71980E-24 1.50118E-25 1.48268E-25 2.00549E-24 7.69577E-25 6.71333E-25 4.00040E-26 3.92835E-26 2.97628E-28 3.10461E-28
 2.00000E+05 2.88064E-22 2.33281E-22 2.56886E-23 9.08133E-24 7.25149E-24 5.69418E-24 2.13533E-24 1.79347E-24 9.18064E-26 8.97496E-26 1.43426E-24 5.25596E-25 4.43419E-25 2.45456E-26 2.38581E-26 1.67019E-28 1.73199E-28
 2.20000E+05 2.23988E-22 1.81662E-22 2.02095E-23 6.88493E-24 5.37254E-24 4.48225E-24 1.62723E-24 1.33521E-24 6.49087E-26 6.30516E-26 1.12914E-24 4.00987E-25 3.30465E-25 1.73873E-26 1.67959E-26 1.11162E-28 1.14925E-28
 2.50000E+05 1.60131E-22 1.30102E-22 1.46604E-23 4.76580E-24 3.60896E-24 3.25414E-24 1.13347E-24 9.02122E-25 4.10013E-26 3.95796E-26 8.19911E-25 2.79689E-25 2.23566E-25 1.10108E-26 1.05691E-26 6.50290E-29 6.71042E-29
 3.00000E+05 9.97863E-23 8.12537E-23 9.30542E-24 2.84380E-24 2.06789E-24 2.06783E-24 6.81594E-25 5.20573E-25 2.15917E-26 2.07362E-26 5.21140E-25 1.68474E-25 1.29211E-25 5.81502E-27 5.55447E-27 3.08519E-29 3.18301E-29
 3.50000E+05 6.73870E-23 5.49666E-23 6.36740E-24 1.85483E-24 1.30666E-24 1.41613E-24 4.47061E-25 3.30561E-25 1.27290E-26 1.22293E-26 3.56965E-25 1.10634E-25 8.21402E-26 3.43633E-27 3.28314E-27 1.67631E-29 1.73770E-29
 4.00000E+05 4.82913E-23 3.94479E-23 4.60695E-24 1.29127E-24 8.86990E-25 1.02521E-24 3.12512E-25 2.25193E-25 8.15492E-27 7.86274E-27 2.58461E-25 7.74107E-26 5.60013E-26 2.20410E-27 2.11392E-27 1.00302E-29 1.05085E-29
 4.50000E+05 3.62152E-23 2.96211E-23 3.47934E-24 9.44718E-25 6.35825E-25 7.74593E-25 2.29363E-25 1.61844E-25 5.55836E-27 5.39271E-27 1.95296E-25 5.68541E-26 4.02726E-26 1.50462E-27 1.45173E-27 6.47485E-30 6.83458E-30
 5.00000E+05 2.81461E-23 2.30477E-23 2.71832E-24 7.18654E-25 4.75628E-25 6.05327E-25 1.74907E-25 1.21307E-25 3.98040E-27 3.89018E-27 1.52629E-25 4.33781E-26 3.01990E-26 1.07848E-27 1.04823E-27 4.41457E-30 4.72656E-30
 5.50000E+05 2.25111E-23 1.84527E-23 2.18266E-24 5.64077E-25 3.68142E-25 4.86119E-25 1.37549E-25 9.40378E-26 2.96488E-27 2.92222E-27 1.22575E-25 3.41289E-26 2.34178E-26 8.03736E-28 7.87783E-28 3.15433E-30 3.42433E-30
 6.00000E+05 1.84315E-23 1.51229E-23 1.79238E-24 4.54252E-25 2.92991E-25 3.99225E-25 1.10942E-25 7.49291E-26 2.27909E-27 2.26682E-27 1.00666E-25 2.75375E-26 1.86648E-26 6.18293E-28 6.11640E-28 2.34076E-30 2.57429E-30
 7.00000E+05 1.30581E-23 1.07318E-23 1.27481E-24 3.13024E-25 1.98147E-25 2.83941E-25 7.66361E-26 5.07592E-26 1.45369E-27 1.47228E-27 7.15969E-26 1.90313E-26 1.26486E-26 3.94710E-28 3.97588E-28 1.41103E-30 1.58546E-30
 8.00000E+05 9.78519E-24 8.05301E-24 9.57379E-25 2.29501E-25 1.43207E-25 2.13215E-25 5.62789E-26 3.67227E-26 1.00133E-27 1.03245E-27 5.37608E-26 1.39814E-26 9.15308E-27 2.72035E-28 2.78941E-28 9.23288E-31 1.07094E-30
 9.00000E+05 7.64476E-24 6.29866E-24 7.48836E-25 1.76248E-25 1.08719E-25 1.66741E-25 4.32706E-26 2.78960E-26 7.29990E-28 7.65445E-28 4.20408E-26 1.07528E-26 6.95411E-27 1.98518E-28 2.06983E-28 6.47310E-31 7.69555E-31
 1.00000E+06 6.16677E-24 5.08571E-24 6.04391E-25 1.40276E-25 8.57010E-26 1.34549E-25 3.44689E-26 2.19992E-26 5.56600E-28 5.92547E-28 3.39227E-26 8.56669E-27 5.48451E-27 1.51412E-28 1.60223E-28 4.77102E-31 5.80379E-31
 1.10000E+06 5.10165E-24 4.21060E-24 5.00078E-25 1.14842E-25 6.95823E-26 1.11303E-25 2.82360E-26 1.78665E-26 4.39327E-28 4.74210E-28 2.80603E-26 7.01871E-27 4.45444E-27 1.19477E-28 1.28229E-28 3.65911E-31 4.54488E-31
 1.25000E+06 3.98327E-24 3.29063E-24 3.90371E-25 8.86584E-26 5.31464E-26 8.68587E-26 2.18112E-26 1.36490E-26 3.23715E-28 3.55970E-28 2.18958E-26 5.42266E-27 3.40311E-27 8.81139E-29 9.63304E-29 2.60089E-31 3.32511E-31
 1.40000E+06 3.21903E-24 2.66116E-24 3.15313E-25 7.11229E-26 4.22442E-26 7.01370E-26 1.75049E-26 1.08500E-26 2.50036E-28 2.79319E-28 1.76792E-26 4.35244E-27 2.70533E-27 6.81175E-29 7.55991E-29 1.95152E-31 2.55544E-31
 1.50000E+06 2.83555E-24 2.34502E-24 2.77628E-25 6.24464E-26 3.68867E-26 6.17429E-26 1.53732E-26 9.47416E-27 2.14928E-28 2.42280E-28 1.55627E-26 3.82241E-27 2.36220E-27 5.85228E-29 6.55798E-29 1.65666E-31 2.18183E-31
 1.75000E+06 2.15187E-24 1.78085E-24 2.10425E-25 4.71999E-26 2.75431E-26 4.67776E-26 1.16246E-26 7.07379E-27 1.55487E-28 1.78621E-28 1.17895E-26 2.89059E-27 1.76366E-27 4.23412E-29 4.83413E-29 1.15662E-31 1.57082E-31
 2.00000E+06 1.70826E-24 1.41435E-24 1.66820E-25 3.74661E-26 2.16357E-26 3.70715E-26 9.22916E-27 5.55551E-27 1.19167E-28 1.38992E-28 9.34229E-27 2.29505E-27 1.38505E-27 3.24672E-29 3.76271E-29 8.61189E-32 1.20058E-31
 2.20000E+06 1.45506E-24 1.20513E-24 1.41915E-25 3.18702E-26 1.83989E-26 3.14874E-26 7.83869E-27 4.71820E-27 1.01201E-28 1.18035E-28 7.93202E-27 1.94857E-27 1.17593E-27 2.75645E-29 3.19451E-29 7.31118E-32 1.01925E-31
 2.50000E+06 1.17995E-24 9.77726E-25 1.14888E-25 2.57982E-26 1.48882E-26 2.54414E-26 6.33329E-27 3.81178E-27 8.17528E-29 9.53506E-29 6.40595E-27 1.57365E-27 9.49655E-28 2.22597E-29 2.57972E-29 5.90388E-32 8.23058E-32
 3.00000E+06 8.84454E-25 7.33415E-25 8.58656E-26 1.92789E-26 1.11208E-26 1.89682E-26 4.72160E-27 2.84148E-27 6.09366E-29 7.10706E-29 4.77319E-27 1.17252E-27 7.07571E-28 1.65846E-29 1.92202E-29 4.39845E-32 6.13185E-32
 3.50000E+06 6.99645E-25 5.80622E-25 6.76977E-26 1.51984E-26 8.76415E-27 1.49280E-26 3.71575E-27 2.23599E-27 4.79484E-29 5.59215E-29 3.75486E-27 9.22356E-28 5.56594E-28 1.30455E-29 1.51186E-29 3.45969E-32 4.82313E-32
 4.00000E+06 5.74835E-25 4.77444E-25 5.54143E-26 1.24399E-26 7.17163E-27 1.22026E-26 3.03727E-27 1.82760E-27 3.91889E-29 4.57049E-29 3.06830E-27 7.53697E-28 4.54811E-28 1.06597E-29 1.23536E-29 2.82687E-32 3.94092E-32
 4.50000E+06 4.85690E-25 4.03754E-25 4.66343E-26 1.04683E-26 6.03380E-27 1.02580E-26 2.55319E-27 1.53625E-27 3.29402E-29 3.84168E-29 2.57866E-27 6.33414E-28 3.82223E-28 8.95824E-30 1.03817E-29 2.37560E-32 3.31180E-32
 5.00000E+06 4.19242E-25 3.48822E-25 4.00890E-26 8.99864E-27 5.18586E-27 8.81046E-27 2.19286E-27 1.31939E-27 2.82894E-29 3.29925E-29 2.21430E-27 5.43909E-28 3.28210E-28 7.69222E-30 8.91452E-30 2.03982E-32 2.84370E-32
 5.50000E+06 3.68023E-25 3.06473E-25 3.50465E-26 7.86647E-27 4.53279E-27 7.69663E-27 1.91560E-27 1.15254E-27 2.47112E-29 2.88192E-29 1.93402E-27 4.75059E-28 2.86662E-28 6.71838E-30 7.78593E-30 1.78155E-32 2.48364E-32
 6.00000E+06 3.27486E-25 2.72950E-25 3.10577E-26 6.97094E-27 4.01631E-27 6.81646E-27 1.69652E-27 1.02070E-27 2.18839E-29 2.55218E-29 1.71259E-27 4.20667E-28 2.53839E-28 5.94905E-30 6.89434E-30 1.57752E-32 2.19921E-32
 7.00000E+06 2.67627E-25 2.23426E-25 2.51792E-26 5.65123E-27 3.25537E-27 5.52086E-27 1.37403E-27 8.26644E-28 1.77227E-29 2.06686E-29 1.38675E-27 3.40627E-28 2.05539E-28 4.81700E-30 5.58240E-30 1.27730E-32 1.78068E-32
 8.00000E+06 2.25754E-25 1.88752E-25 2.10817E-26 4.73143E-27 2.72515E-27 4.61902E-27 1.14956E-27 6.91578E-28 1.48265E-29 1.72910E-29 1.16001E-27 2.84931E-28 1.71930E-28 4.02930E-30 4.66953E-30 1.06841E-32 1.48946E-32
 9.00000E+06 1.94935E-25 1.63208E-25 1.80793E-26 4.05747E-27 2.33673E-27 3.95889E-27 9.85258E-28 5.92718E-28 1.27068E-29 1.48189E-29 9.94086E-28 2.44173E-28 1.47336E-28 3.45288E-30 4.00152E-30 9.15556E-33 1.27637E-32
 1.00000E+07 1.70698E-25 1.42985E-25 1.57939E-26 3.54447E-27 2.04111E-27 3.45680E-27 8.60293E-28 5.17531E-28 1.10947E-29 1.29388E-29 8.67911E-28 2.13181E-28 1.28634E-28 3.01457E-30 3.49356E-30 7.99326E-33 1.11433E-32
 1.10000E+07 1.51619E-25 1.27054E-25 1.40011E-26 3.14209E-27 1.80926E-27 3.06324E-27 7.62341E-28 4.58598E-28 9.83119E-30 1.14652E-29 7.69025E-28 1.88891E-28 1.13977E-28 2.67106E-30 3.09547E-30 7.08238E-33 9.87347E-33
 1.25000E+07 1.29626E-25 1.08677E-25 1.19420E-26 2.67991E-27 1.54300E-27 2.61150E-27 6.49910E-28 3.90956E-28 8.38097E-30 9.77388E-30 6.55540E-28 1.61016E-28 9.71564E-29 2.27685E-30 2.63863E-30 6.03706E-33 8.41620E-33
 1.40000E+07 1.13045E-25 9.48118E-26 1.03949E-26 2.33269E-27 1.34299E-27 2.27234E-27 5.65499E-28 3.40173E-28 7.29223E-30 8.50417E-30 5.70351E-28 1.40091E-28 8.45301E-29 1.98094E-30 2.29570E-30 5.25241E-33 7.32233E-33
 1.50000E+07 1.04102E-25 8.73294E-26 9.56249E-27 2.14587E-27 1.23539E-27 2.08994E-27 5.20104E-28 3.12863E-28 6.70674E-30 7.82136E-30 5.24542E-28 1.28839E-28 7.77406E-29 1.82183E-30 2.11130E-30 4.83050E-33 6.73414E-33
 1.75000E+07 8.67962E-26 7.28431E-26 7.95604E-27 1.78534E-27 1.02775E-27 1.73811E-27 4.32544E-28 2.60188E-28 5.57747E-30 6.50438E-30 4.36195E-28 1.07138E-28 6.46463E-29 1.51496E-30 1.75567E-30 4.01680E-33 5.59978E-33
 2.00000E+07 7.43315E-26 6.24022E-26 6.80262E-27 1.52648E-27 8.78684E-28 1.48566E-27 3.69716E-28 2.22392E-28 4.76721E-30 5.55945E-30 3.72810E-28 9.15695E-29 5.52521E-29 1.29480E-30 1.50053E-30 3.43305E-33 4.78597E-33
 2.20000E+07 6.66317E-26 5.59497E-26 6.09173E-27 1.36695E-27 7.86823E-28 1.33013E-27 3.31011E-28 1.99109E-28 4.26807E-30 4.97736E-30 3.33766E-28 8.19794E-29 4.94654E-29 1.15919E-30 1.34337E-30 3.07347E-33 4.28469E-33
 2.50000E+07 5.76332E-26 4.84058E-26 5.26255E-27 1.18087E-27 6.79685E-28 1.14880E-27 2.85884E-28 1.71962E-28 3.68613E-30 4.29869E-30 2.88248E-28 7.07990E-29 4.27192E-29 1.00109E-30 1.16015E-30 2.65428E-33 3.70030E-33
 3.00000E+07 4.69963E-26 3.94839E-26 4.28477E-27 9.61452E-28 5.53361E-28 9.35070E-28 2.32695E-28 1.39967E-28 3.00025E-30 3.49882E-30 2.34603E-28 5.76227E-29 3.47687E-29 8.14773E-31 9.44230E-31 2.16026E-33 3.01159E-33
 3.50000E+07 3.96448E-26 3.33148E-26 3.61056E-27 8.10159E-28 4.66266E-28 7.87767E-28 1.96037E-28 1.17916E-28 2.52755E-30 2.94757E-30 1.97635E-28 4.85426E-29 2.92898E-29 6.86378E-31 7.95434E-31 1.81983E-33 2.53700E-33
 4.00000E+07 3.42674E-26 2.88008E-26 3.11826E-27 6.99687E-28 4.02675E-28 6.80242E-28 1.69279E-28 1.01820E-28 2.18252E-30 2.54520E-30 1.70652E-28 4.19151E-29 2.52908E-29 5.92665E-31 6.86831E-31 1.57136E-33 2.19061E-33
 4.50000E+07 3.01665E-26 2.53574E-26 2.74332E-27 6.15553E-28 3.54246E-28 5.98373E-28 1.48905E-28 8.95650E-29 1.91983E-30 2.23885E-30 1.50109E-28 3.68693E-29 2.22463E-29 5.21317E-31 6.04147E-31 1.38219E-33 1.92689E-33
 5.00000E+07 2.69376E-26 2.26455E-26 2.44841E-27 5.49378E-28 3.16157E-28 5.33993E-28 1.32884E-28 7.99280E-29 1.71325E-30 1.99794E-30 1.33955E-28 3.29016E-29 1.98522E-29 4.65214E-31 5.39130E-31 1.23344E-33 1.71952E-33
 5.50000E+07 2.43301E-26 2.04552E-26 2.21047E-27 4.95987E-28 2.85427E-28 4.82059E-28 1.19960E-28 7.21541E-29 1.54661E-30 1.80361E-30 1.20925E-28 2.97011E-29 1.79210E-29 4.19959E-31 4.86684E-31 1.11345E-33 1.55224E-33
 6.00000E+07 2.21810E-26 1.86497E-26 2.01451E-27 4.52014E-28 2.60119E-28 4.39291E-28 1.09317E-28 6.57524E-29 1.40939E-30 1.64359E-30 1.10195E-28 2.70655E-29 1.63308E-29 3.82694E-31 4.43498E-31 1.01464E-33 1.41450E-33
 7.00000E+07 1.88478E-26 1.58489E-26 1.71082E-27 3.83872E-28 2.20901E-28 3.73027E-28 9.28271E-29 5.58337E-29 1.19678E-30 1.39565E-30 9.35700E-29 2.29822E-29 1.38670E-29 3.24957E-31 3.76587E-31 8.61561E-34 1.20109E-33
 8.00000E+07 1.63833E-26 1.37778E-26 1.48650E-27 3.33537E-28 1.91932E-28 3.24088E-28 8.06486E-29 4.85084E-29 1.03976E-30 1.21254E-30 8.12925E-29 1.99667E-29 1.20475E-29 2.82318E-31 3.27174E-31 7.48511E-34 1.04349E-33
 9.00000E+07 1.44877E-26 1.21844E-26 1.31407E-27 2.94847E-28 1.69666E-28 2.86477E-28 7.12889E-29 4.28786E-29 9.19086E-31 1.07181E-30 7.18570E-29 1.76492E-29 1.06491E-29 2.49549E-31 2.89198E-31 6.61630E-34 9.22369E-34
 1.00000E+08 1.29845E-26 1.09208E-26 1.17742E-27 2.64185E-28 1.52021E-28 2.56673E-28 6.38722E-29 3.84176E-29 8.23463E-31 9.60296E-31 6.43805E-29 1.58128E-29 9.54111E-30 2.23584E-31 2.59108E-31 5.92787E-34 8.26396E-34
 1.10000E+08 1.17636E-26 9.89432E-27 1.06648E-27 2.39291E-28 1.37695E-28 2.32477E-28 5.78511E-29 3.47960E-29 7.45835E-31 8.69768E-31 5.83110E-29 1.43220E-29 8.64161E-30 2.02505E-31 2.34680E-31 5.36900E-34 7.48485E-34
 1.25000E+08 1.03090E-26 8.67134E-27 9.34364E-28 2.09648E-28 1.20636E-28 2.03668E-28 5.06820E-29 3.04839E-29 6.53406E-31 7.61981E-31 5.10843E-29 1.25471E-29 7.57062E-30 1.77407E-31 2.05595E-31 4.70359E-34 6.55721E-34
 1.40000E+08 9.17428E-27 7.71718E-27 8.31347E-28 1.86533E-28 1.07335E-28 1.81206E-28 4.50923E-29 2.71218E-29 5.81340E-31 6.77939E-31 4.54498E-29 1.11631E-29 6.73558E-30 1.57839E-31 1.82917E-31 4.18478E-34 5.83394E-34
 1.50000E+08 8.54698E-27 7.18966E-27 7.74414E-28 1.73759E-28 9.99835E-29 1.68792E-28 4.20033E-29 2.52638E-29 5.41515E-31 6.31496E-31 4.23361E-29 1.03984E-29 6.27414E-30 1.47026E-31 1.70386E-31 3.89808E-34 5.43426E-34
 1.75000E+08 7.29903E-27 6.14018E-27 6.61191E-28 1.48354E-28 8.53646E-29 1.44108E-28 3.58606E-29 2.15691E-29 4.62320E-31 5.39141E-31 3.61443E-29 8.87757E-30 5.35652E-30 1.25523E-31 1.45466E-31 3.32797E-34 4.63947E-34
 2.00000E+08 6.36892E-27 5.35792E-27 5.76838E-28 1.29427E-28 7.44734E-29 1.25718E-28 3.12845E-29 1.88167E-29 4.03323E-31 4.70341E-31 3.15318E-29 7.74466E-30 4.67295E-30 1.09504E-31 1.26902E-31 2.90326E-34 4.04740E-34
 2.20000E+08 5.77965E-27 4.86230E-27 5.23410E-28 1.17439E-28 6.75752E-29 1.14072E-28 2.83862E-29 1.70734E-29 3.65958E-31 4.26767E-31 2.86105E-29 7.02715E-30 4.24002E-30 9.93589E-32 1.15145E-31 2.63428E-34 3.67242E-34
 2.50000E+08 5.07523E-27 4.26979E-27 4.59557E-28 1.03112E-28 5.93310E-29 1.00153E-28 2.49226E-29 1.49902E-29 3.21304E-31 3.74693E-31 2.51193E-29 6.16967E-30 3.72263E-30 8.72347E-32 1.01095E-31 2.31284E-34 3.22429E-34
 3.00000E+08 4.21827E-27 3.54894E-27 3.81899E-28 8.56877E-29 4.93046E-29 8.32260E-29 2.07104E-29 1.24566E-29 2.66999E-31 3.11365E-31 2.08737E-29 5.12688E-30 3.09344E-30 7.24904E-32 8.40079E-32 1.92192E-34 2.67933E-34
 3.50000E+08 3.60886E-27 3.03630E-27 3.26689E-28 7.32999E-29 4.21765E-29 7.11926E-29 1.77159E-29 1.06555E-29 2.28394E-31 2.66345E-31 1.78556E-29 4.38558E-30 2.64615E-30 6.20089E-32 7.18610E-32 1.64403E-34 2.29191E-34
 4.00000E+08 3.15328E-27 2.65305E-27 2.85423E-28 6.40411E-29 3.68489E-29 6.21989E-29 1.54779E-29 9.30943E-30 1.99541E-31 2.32697E-31 1.55998E-29 3.83154E-30 2.31186E-30 5.41751E-32 6.27826E-32 1.43633E-34 2.00237E-34
 4.50000E+08 2.79982E-27 2.35569E-27 2.53413E-28 5.68587E-29 3.27161E-29 5.52225E-29 1.37418E-29 8.26525E-30 1.77159E-31 2.06597E-31 1.38500E-29 3.40177E-30 2.05254E-30 4.80985E-32 5.57405E-32 1.27522E-34 1.77777E-34
 5.00000E+08 2.51761E-27 2.11827E-27 2.27857E-28 5.11248E-29 2.94168E-29 4.96531E-29 1.23559E-29 7.43166E-30 1.59292E-31 1.85760E-31 1.24532E-29 3.05868E-30 1.84553E-30 4.32474E-32 5.01187E-32 1.14661E-34 1.59847E-34
 5.50000E+08 2.28708E-27 1.92432E-27 2.06984E-28 4.64413E-29 2.67220E-29 4.51041E-29 1.12239E-29 6.75080E-30 1.44698E-31 1.68742E-31 1.13122E-29 2.77845E-30 1.67645E-30 3.92851E-32 4.55269E-32 1.04156E-34 1.45202E-34
 6.00000E+08 2.09522E-27 1.76290E-27 1.89613E-28 4.25439E-29 2.44794E-29 4.13186E-29 1.02819E-29 6.18421E-30 1.32554E-31 1.54579E-31 1.03628E-29 2.54525E-30 1.53574E-30 3.59879E-32 4.17058E-32 9.54138E-35 1.33015E-34
 7.00000E+08 1.79419E-27 1.50964E-27 1.62362E-28 3.64294E-29 2.09611E-29 3.53797E-29 8.80405E-30 5.29534E-30 1.13501E-31 1.32361E-31 8.87331E-30 2.17941E-30 1.31500E-30 3.08152E-32 3.57112E-32 8.16995E-35 1.13896E-34
 8.00000E+08 1.56879E-27 1.32000E-27 1.41959E-28 3.18515E-29 1.83270E-29 3.09335E-29 7.69764E-30 4.62986E-30 9.92374E-32 1.15727E-31 7.75818E-30 1.90552E-30 1.14974E-30 2.69426E-32 3.12233E-32 7.14321E-35 9.95825E-35
 9.00000E+08 1.39371E-27 1.17269E-27 1.26111E-28 2.82957E-29 1.62810E-29 2.74801E-29 6.83826E-30 4.11297E-30 8.81583E-32 1.02807E-31 6.89203E-30 1.69278E-30 1.02138E-30 2.39346E-32 2.77374E-32 6.34571E-35 8.84647E-35
 1.00000E+09 1.25378E-27 1.05495E-27 1.13446E-28 2.54541E-29 1.46460E-29 2.47202E-29 6.15149E-30 3.69991E-30 7.93045E-32 9.24819E-32 6.19985E-30 1.52277E-30 9.18803E-31 2.15308E-32 2.49517E-32 5.70840E-35 7.95800E-35
