 ***  Photoelectric cross sections,  IZ = 84,  NSHELL = 16,  NDATA = 388
              0           1           2           3           4           5           6           7           8           9          10          11          12          13          14          15          16
 5.00000E+01 4.35138E-17 0.00000E+00 0.00000E+00 0.00000E+00 0.00000E+00 0.00000E+00 0.00000E+00 0.00000E+00 0.00000E+00 0.00000E+00 0.00000E+00 0.00000E+00 0.00000E+00 0.00000E+00 0.00000E+00 0.00000E+00 0.00000E+00
 5.02987E+01 4.51338E-17 0.00000E+00 0.00000E+00 0.00000E+00 0.00000E+00 0.00000E+00 0.00000E+00 0.00000E+00 0.00000E+00 0.00000E+00 0.00000E+00 0.00000E+00 0.00000E+00 0.00000E+00 0.00000E+00 0.00000E+00 0.00000E+00
 5.05993E+01 4.66565E-17 0.00000E+00 0.00000E+00 0.00000E+00 0.00000E+00 0.00000E+00 0.00000E+00 0.00000E+00 0.00000E+00 0.00000E+00 0.00000E+00 0.00000E+00 0.00000E+00 0.00000E+00 0.00000E+00 0.00000E+00 0.00000E+00
 5.09016E+01 4.80598E-17 0.00000E+00 0.00000E+00 0.00000E+00 0.00000E+00 0.00000E+00 0.00000E+00 0.00000E+00 0.00000E+00 0.00000E+00 0.00000E+00 0.00000E+00 0.00000E+00 0.00000E+00 0.00000E+00 0.00000E+00 0.00000E+00
 5.12057E+01 4.93614E-17 0.00000E+00 0.00000E+00 0.00000E+00 0.00000E+00 0.00000E+00 0.00000E+00 0.00000E+00 0.00000E+00 0.00000E+00 0.00000E+00 0.00000E+00 0.00000E+00 0.00000E+00 0.00000E+00 0.00000E+00 0.00000E+00
 5.15116E+01 5.05198E-17 0.00000E+00 0.00000E+00 0.00000E+00 0.00000E+00 0.00000E+00 0.00000E+00 0.00000E+00 0.00000E+00 0.00000E+00 0.00000E+00 0.00000E+00 0.00000E+00 0.00000E+00 0.00000E+00 0.00000E+00 0.00000E+00
 5.18194E+01 5.15280E-17 0.00000E+00 0.00000E+00 0.00000E+00 0.00000E+00 0.00000E+00 0.00000E+00 0.00000E+00 0.00000E+00 0.00000E+00 0.00000E+00 0.00000E+00 0.00000E+00 0.00000E+00 0.00000E+00 0.00000E+00 0.00000E+00
 5.21290E+01 5.24021E-17 0.00000E+00 0.00000E+00 0.00000E+00 0.00000E+00 0.00000E+00 0.00000E+00 0.00000E+00 0.00000E+00 0.00000E+00 0.00000E+00 0.00000E+00 0.00000E+00 0.00000E+00 0.00000E+00 0.00000E+00 0.00000E+00
 5.24404E+01 5.31067E-17 0.00000E+00 0.00000E+00 0.00000E+00 0.00000E+00 0.00000E+00 0.00000E+00 0.00000E+00 0.00000E+00 0.00000E+00 0.00000E+00 0.00000E+00 0.00000E+00 0.00000E+00 0.00000E+00 0.00000E+00 0.00000E+00
 5.27538E+01 5.36670E-17 0.00000E+00 0.00000E+00 0.00000E+00 0.00000E+00 0.00000E+00 0.00000E+00 0.00000E+00 0.00000E+00 0.00000E+00 0.00000E+00 0.00000E+00 0.00000E+00 0.00000E+00 0.00000E+00 0.00000E+00 0.00000E+00
 5.30689E+01 5.40564E-17 0.00000E+00 0.00000E+00 0.00000E+00 0.00000E+00 0.00000E+00 0.00000E+00 0.00000E+00 0.00000E+00 0.00000E+00 0.00000E+00 0.00000E+00 0.00000E+00 0.00000E+00 0.00000E+00 0.00000E+00 0.00000E+00
 5.33860E+01 5.42951E-17 0.00000E+00 0.00000E+00 0.00000E+00 0.00000E+00 0.00000E+00 0.00000E+00 0.00000E+00 0.00000E+00 0.00000E+00 0.00000E+00 0.00000E+00 0.00000E+00 0.00000E+00 0.00000E+00 0.00000E+00 0.00000E+00
 5.37050E+01 5.43811E-17 0.00000E+00 0.00000E+00 0.00000E+00 0.00000E+00 0.00000E+00 0.00000E+00 0.00000E+00 0.00000E+00 0.00000E+00 0.00000E+00 0.00000E+00 0.00000E+00 0.00000E+00 0.00000E+00 0.00000E+00 0.00000E+00
 5.40258E+01 5.43217E-17 0.00000E+00 0.00000E+00 0.00000E+00 0.00000E+00 0.00000E+00 0.00000E+00 0.00000E+00 0.00000E+00 0.00000E+00 0.00000E+00 0.00000E+00 0.00000E+00 0.00000E+00 0.00000E+00 0.00000E+00 0.00000E+00
 5.43486E+01 5.41244E-17 0.00000E+00 0.00000E+00 0.00000E+00 0.00000E+00 0.00000E+00 0.00000E+00 0.00000E+00 0.00000E+00 0.00000E+00 0.00000E+00 0.00000E+00 0.00000E+00 0.00000E+00 0.00000E+00 0.00000E+00 0.00000E+00
 5.46733E+01 5.37997E-17 0.00000E+00 0.00000E+00 0.00000E+00 0.00000E+00 0.00000E+00 0.00000E+00 0.00000E+00 0.00000E+00 0.00000E+00 0.00000E+00 0.00000E+00 0.00000E+00 0.00000E+00 0.00000E+00 0.00000E+00 0.00000E+00
 5.50000E+01 5.33579E-17 0.00000E+00 0.00000E+00 0.00000E+00 0.00000E+00 0.00000E+00 0.00000E+00 0.00000E+00 0.00000E+00 0.00000E+00 0.00000E+00 0.00000E+00 0.00000E+00 0.00000E+00 0.00000E+00 0.00000E+00 0.00000E+00
 5.56015E+01 5.22914E-17 0.00000E+00 0.00000E+00 0.00000E+00 0.00000E+00 0.00000E+00 0.00000E+00 0.00000E+00 0.00000E+00 0.00000E+00 0.00000E+00 0.00000E+00 0.00000E+00 0.00000E+00 0.00000E+00 0.00000E+00 0.00000E+00
 5.62095E+01 5.09517E-17 0.00000E+00 0.00000E+00 0.00000E+00 0.00000E+00 0.00000E+00 0.00000E+00 0.00000E+00 0.00000E+00 0.00000E+00 0.00000E+00 0.00000E+00 0.00000E+00 0.00000E+00 0.00000E+00 0.00000E+00 0.00000E+00
 5.68242E+01 4.94117E-17 0.00000E+00 0.00000E+00 0.00000E+00 0.00000E+00 0.00000E+00 0.00000E+00 0.00000E+00 0.00000E+00 0.00000E+00 0.00000E+00 0.00000E+00 0.00000E+00 0.00000E+00 0.00000E+00 0.00000E+00 0.00000E+00
 5.74456E+01 4.77421E-17 0.00000E+00 0.00000E+00 0.00000E+00 0.00000E+00 0.00000E+00 0.00000E+00 0.00000E+00 0.00000E+00 0.00000E+00 0.00000E+00 0.00000E+00 0.00000E+00 0.00000E+00 0.00000E+00 0.00000E+00 0.00000E+00
 5.80738E+01 4.59933E-17 0.00000E+00 0.00000E+00 0.00000E+00 0.00000E+00 0.00000E+00 0.00000E+00 0.00000E+00 0.00000E+00 0.00000E+00 0.00000E+00 0.00000E+00 0.00000E+00 0.00000E+00 0.00000E+00 0.00000E+00 0.00000E+00
 5.87089E+01 4.42114E-17 0.00000E+00 0.00000E+00 0.00000E+00 0.00000E+00 0.00000E+00 0.00000E+00 0.00000E+00 0.00000E+00 0.00000E+00 0.00000E+00 0.00000E+00 0.00000E+00 0.00000E+00 0.00000E+00 0.00000E+00 0.00000E+00
 6.00000E+01 4.06755E-17 0.00000E+00 0.00000E+00 0.00000E+00 0.00000E+00 0.00000E+00 0.00000E+00 0.00000E+00 0.00000E+00 0.00000E+00 0.00000E+00 0.00000E+00 0.00000E+00 0.00000E+00 0.00000E+00 0.00000E+00 0.00000E+00
 7.00000E+01 2.18603E-17 0.00000E+00 0.00000E+00 0.00000E+00 0.00000E+00 0.00000E+00 0.00000E+00 0.00000E+00 0.00000E+00 0.00000E+00 0.00000E+00 0.00000E+00 0.00000E+00 0.00000E+00 0.00000E+00 0.00000E+00 0.00000E+00
 7.48331E+01 1.65980E-17 0.00000E+00 0.00000E+00 0.00000E+00 0.00000E+00 0.00000E+00 0.00000E+00 0.00000E+00 0.00000E+00 0.00000E+00 0.00000E+00 0.00000E+00 0.00000E+00 0.00000E+00 0.00000E+00 0.00000E+00 0.00000E+00
 7.73735E+01 1.44083E-17 0.00000E+00 0.00000E+00 0.00000E+00 0.00000E+00 0.00000E+00 0.00000E+00 0.00000E+00 0.00000E+00 0.00000E+00 0.00000E+00 0.00000E+00 0.00000E+00 0.00000E+00 0.00000E+00 0.00000E+00 0.00000E+00
 8.00000E+01 1.24719E-17 0.00000E+00 0.00000E+00 0.00000E+00 0.00000E+00 0.00000E+00 0.00000E+00 0.00000E+00 0.00000E+00 0.00000E+00 0.00000E+00 0.00000E+00 0.00000E+00 0.00000E+00 0.00000E+00 0.00000E+00 0.00000E+00
 8.48528E+01 9.61455E-18 0.00000E+00 0.00000E+00 0.00000E+00 0.00000E+00 0.00000E+00 0.00000E+00 0.00000E+00 0.00000E+00 0.00000E+00 0.00000E+00 0.00000E+00 0.00000E+00 0.00000E+00 0.00000E+00 0.00000E+00 0.00000E+00
 9.00000E+01 7.37348E-18 0.00000E+00 0.00000E+00 0.00000E+00 0.00000E+00 0.00000E+00 0.00000E+00 0.00000E+00 0.00000E+00 0.00000E+00 0.00000E+00 0.00000E+00 0.00000E+00 0.00000E+00 0.00000E+00 0.00000E+00 0.00000E+00
 1.00000E+02 4.56371E-18 0.00000E+00 0.00000E+00 0.00000E+00 0.00000E+00 0.00000E+00 0.00000E+00 0.00000E+00 0.00000E+00 0.00000E+00 0.00000E+00 0.00000E+00 0.00000E+00 0.00000E+00 0.00000E+00 0.00000E+00 0.00000E+00
 1.10000E+02 2.95321E-18 0.00000E+00 0.00000E+00 0.00000E+00 0.00000E+00 0.00000E+00 0.00000E+00 0.00000E+00 0.00000E+00 0.00000E+00 0.00000E+00 0.00000E+00 0.00000E+00 0.00000E+00 0.00000E+00 0.00000E+00 0.00000E+00
 1.12000E+02 2.71756E-18 0.00000E+00 0.00000E+00 0.00000E+00 0.00000E+00 0.00000E+00 0.00000E+00 0.00000E+00 0.00000E+00 0.00000E+00 0.00000E+00 0.00000E+00 0.00000E+00 0.00000E+00 0.00000E+00 0.00000E+00 0.00000E+00
 1.12000E+02 3.45793E-18 0.00000E+00 0.00000E+00 0.00000E+00 0.00000E+00 0.00000E+00 0.00000E+00 0.00000E+00 0.00000E+00 0.00000E+00 0.00000E+00 0.00000E+00 0.00000E+00 0.00000E+00 0.00000E+00 0.00000E+00 0.00000E+00
 1.13548E+02 3.32285E-18 0.00000E+00 0.00000E+00 0.00000E+00 0.00000E+00 0.00000E+00 0.00000E+00 0.00000E+00 0.00000E+00 0.00000E+00 0.00000E+00 0.00000E+00 0.00000E+00 0.00000E+00 0.00000E+00 0.00000E+00 0.00000E+00
 1.15117E+02 3.17398E-18 0.00000E+00 0.00000E+00 0.00000E+00 0.00000E+00 0.00000E+00 0.00000E+00 0.00000E+00 0.00000E+00 0.00000E+00 0.00000E+00 0.00000E+00 0.00000E+00 0.00000E+00 0.00000E+00 0.00000E+00 0.00000E+00
 1.16709E+02 3.01811E-18 0.00000E+00 0.00000E+00 0.00000E+00 0.00000E+00 0.00000E+00 0.00000E+00 0.00000E+00 0.00000E+00 0.00000E+00 0.00000E+00 0.00000E+00 0.00000E+00 0.00000E+00 0.00000E+00 0.00000E+00 0.00000E+00
 1.18322E+02 2.86045E-18 0.00000E+00 0.00000E+00 0.00000E+00 0.00000E+00 0.00000E+00 0.00000E+00 0.00000E+00 0.00000E+00 0.00000E+00 0.00000E+00 0.00000E+00 0.00000E+00 0.00000E+00 0.00000E+00 0.00000E+00 0.00000E+00
 1.21615E+02 2.55821E-18 0.00000E+00 0.00000E+00 0.00000E+00 0.00000E+00 0.00000E+00 0.00000E+00 0.00000E+00 0.00000E+00 0.00000E+00 0.00000E+00 0.00000E+00 0.00000E+00 0.00000E+00 0.00000E+00 0.00000E+00 0.00000E+00
 1.25000E+02 2.28259E-18 0.00000E+00 0.00000E+00 0.00000E+00 0.00000E+00 0.00000E+00 0.00000E+00 0.00000E+00 0.00000E+00 0.00000E+00 0.00000E+00 0.00000E+00 0.00000E+00 0.00000E+00 0.00000E+00 0.00000E+00 0.00000E+00
 1.31814E+02 1.82244E-18 0.00000E+00 0.00000E+00 0.00000E+00 0.00000E+00 0.00000E+00 0.00000E+00 0.00000E+00 0.00000E+00 0.00000E+00 0.00000E+00 0.00000E+00 0.00000E+00 0.00000E+00 0.00000E+00 0.00000E+00 0.00000E+00
 1.39000E+02 1.46051E-18 0.00000E+00 0.00000E+00 0.00000E+00 0.00000E+00 0.00000E+00 0.00000E+00 0.00000E+00 0.00000E+00 0.00000E+00 0.00000E+00 0.00000E+00 0.00000E+00 0.00000E+00 0.00000E+00 0.00000E+00 0.00000E+00
 1.39000E+02 1.80415E-18 0.00000E+00 0.00000E+00 0.00000E+00 0.00000E+00 0.00000E+00 0.00000E+00 0.00000E+00 0.00000E+00 0.00000E+00 0.00000E+00 0.00000E+00 0.00000E+00 0.00000E+00 0.00000E+00 0.00000E+00 0.00000E+00
 1.40000E+02 1.79590E-18 0.00000E+00 0.00000E+00 0.00000E+00 0.00000E+00 0.00000E+00 0.00000E+00 0.00000E+00 0.00000E+00 0.00000E+00 0.00000E+00 0.00000E+00 0.00000E+00 0.00000E+00 0.00000E+00 0.00000E+00 0.00000E+00
 1.40605E+02 1.78566E-18 0.00000E+00 0.00000E+00 0.00000E+00 0.00000E+00 0.00000E+00 0.00000E+00 0.00000E+00 0.00000E+00 0.00000E+00 0.00000E+00 0.00000E+00 0.00000E+00 0.00000E+00 0.00000E+00 0.00000E+00 0.00000E+00
 1.41213E+02 1.77183E-18 0.00000E+00 0.00000E+00 0.00000E+00 0.00000E+00 0.00000E+00 0.00000E+00 0.00000E+00 0.00000E+00 0.00000E+00 0.00000E+00 0.00000E+00 0.00000E+00 0.00000E+00 0.00000E+00 0.00000E+00 0.00000E+00
 1.42436E+02 1.73562E-18 0.00000E+00 0.00000E+00 0.00000E+00 0.00000E+00 0.00000E+00 0.00000E+00 0.00000E+00 0.00000E+00 0.00000E+00 0.00000E+00 0.00000E+00 0.00000E+00 0.00000E+00 0.00000E+00 0.00000E+00 0.00000E+00
 1.43669E+02 1.69111E-18 0.00000E+00 0.00000E+00 0.00000E+00 0.00000E+00 0.00000E+00 0.00000E+00 0.00000E+00 0.00000E+00 0.00000E+00 0.00000E+00 0.00000E+00 0.00000E+00 0.00000E+00 0.00000E+00 0.00000E+00 0.00000E+00
 1.44914E+02 1.64169E-18 0.00000E+00 0.00000E+00 0.00000E+00 0.00000E+00 0.00000E+00 0.00000E+00 0.00000E+00 0.00000E+00 0.00000E+00 0.00000E+00 0.00000E+00 0.00000E+00 0.00000E+00 0.00000E+00 0.00000E+00 0.00000E+00
 1.47435E+02 1.53873E-18 0.00000E+00 0.00000E+00 0.00000E+00 0.00000E+00 0.00000E+00 0.00000E+00 0.00000E+00 0.00000E+00 0.00000E+00 0.00000E+00 0.00000E+00 0.00000E+00 0.00000E+00 0.00000E+00 0.00000E+00 0.00000E+00
 1.50000E+02 1.43801E-18 0.00000E+00 0.00000E+00 0.00000E+00 0.00000E+00 0.00000E+00 0.00000E+00 0.00000E+00 0.00000E+00 0.00000E+00 0.00000E+00 0.00000E+00 0.00000E+00 0.00000E+00 0.00000E+00 0.00000E+00 0.00000E+00
 1.55893E+02 1.23858E-18 0.00000E+00 0.00000E+00 0.00000E+00 0.00000E+00 0.00000E+00 0.00000E+00 0.00000E+00 0.00000E+00 0.00000E+00 0.00000E+00 0.00000E+00 0.00000E+00 0.00000E+00 0.00000E+00 0.00000E+00 0.00000E+00
 1.62019E+02 1.07270E-18 0.00000E+00 0.00000E+00 0.00000E+00 0.00000E+00 0.00000E+00 0.00000E+00 0.00000E+00 0.00000E+00 0.00000E+00 0.00000E+00 0.00000E+00 0.00000E+00 0.00000E+00 0.00000E+00 0.00000E+00 0.00000E+00
 1.68384E+02 9.38115E-19 0.00000E+00 0.00000E+00 0.00000E+00 0.00000E+00 0.00000E+00 0.00000E+00 0.00000E+00 0.00000E+00 0.00000E+00 0.00000E+00 0.00000E+00 0.00000E+00 0.00000E+00 0.00000E+00 0.00000E+00 0.00000E+00
 1.75000E+02 8.25506E-19 0.00000E+00 0.00000E+00 0.00000E+00 0.00000E+00 0.00000E+00 0.00000E+00 0.00000E+00 0.00000E+00 0.00000E+00 0.00000E+00 0.00000E+00 0.00000E+00 0.00000E+00 0.00000E+00 0.00000E+00 0.00000E+00
 1.81000E+02 7.44025E-19 0.00000E+00 0.00000E+00 0.00000E+00 0.00000E+00 0.00000E+00 0.00000E+00 0.00000E+00 0.00000E+00 0.00000E+00 0.00000E+00 0.00000E+00 0.00000E+00 0.00000E+00 0.00000E+00 0.00000E+00 0.00000E+00
 1.81000E+02 7.90488E-19 0.00000E+00 0.00000E+00 0.00000E+00 0.00000E+00 0.00000E+00 0.00000E+00 0.00000E+00 0.00000E+00 0.00000E+00 0.00000E+00 0.00000E+00 0.00000E+00 0.00000E+00 0.00000E+00 0.00000E+00 0.00000E+00
 1.87000E+02 7.27959E-19 0.00000E+00 0.00000E+00 0.00000E+00 0.00000E+00 0.00000E+00 0.00000E+00 0.00000E+00 0.00000E+00 0.00000E+00 0.00000E+00 0.00000E+00 0.00000E+00 0.00000E+00 0.00000E+00 0.00000E+00 0.00000E+00
 1.87000E+02 8.34246E-19 0.00000E+00 0.00000E+00 0.00000E+00 0.00000E+00 0.00000E+00 0.00000E+00 0.00000E+00 0.00000E+00 0.00000E+00 0.00000E+00 0.00000E+00 0.00000E+00 0.00000E+00 0.00000E+00 0.00000E+00 1.06288E-19
 1.87740E+02 8.45326E-19 0.00000E+00 0.00000E+00 0.00000E+00 0.00000E+00 0.00000E+00 0.00000E+00 0.00000E+00 0.00000E+00 0.00000E+00 0.00000E+00 0.00000E+00 0.00000E+00 0.00000E+00 0.00000E+00 0.00000E+00 1.24291E-19
 1.88482E+02 8.53563E-19 0.00000E+00 0.00000E+00 0.00000E+00 0.00000E+00 0.00000E+00 0.00000E+00 0.00000E+00 0.00000E+00 0.00000E+00 0.00000E+00 0.00000E+00 0.00000E+00 0.00000E+00 0.00000E+00 0.00000E+00 1.39356E-19
 1.89228E+02 8.58899E-19 0.00000E+00 0.00000E+00 0.00000E+00 0.00000E+00 0.00000E+00 0.00000E+00 0.00000E+00 0.00000E+00 0.00000E+00 0.00000E+00 0.00000E+00 0.00000E+00 0.00000E+00 0.00000E+00 0.00000E+00 1.51441E-19
 1.89976E+02 8.61579E-19 0.00000E+00 0.00000E+00 0.00000E+00 0.00000E+00 0.00000E+00 0.00000E+00 0.00000E+00 0.00000E+00 0.00000E+00 0.00000E+00 0.00000E+00 0.00000E+00 0.00000E+00 0.00000E+00 0.00000E+00 1.60780E-19
 1.91482E+02 8.60306E-19 0.00000E+00 0.00000E+00 0.00000E+00 0.00000E+00 0.00000E+00 0.00000E+00 0.00000E+00 0.00000E+00 0.00000E+00 0.00000E+00 0.00000E+00 0.00000E+00 0.00000E+00 0.00000E+00 0.00000E+00 1.72638E-19
 1.93000E+02 8.52739E-19 0.00000E+00 0.00000E+00 0.00000E+00 0.00000E+00 0.00000E+00 0.00000E+00 0.00000E+00 0.00000E+00 0.00000E+00 0.00000E+00 0.00000E+00 0.00000E+00 0.00000E+00 0.00000E+00 0.00000E+00 1.77782E-19
 1.93000E+02 9.35158E-19 0.00000E+00 0.00000E+00 0.00000E+00 0.00000E+00 0.00000E+00 0.00000E+00 0.00000E+00 0.00000E+00 0.00000E+00 0.00000E+00 0.00000E+00 0.00000E+00 0.00000E+00 0.00000E+00 8.24192E-20 1.77782E-19
 1.93861E+02 9.44972E-19 0.00000E+00 0.00000E+00 0.00000E+00 0.00000E+00 0.00000E+00 0.00000E+00 0.00000E+00 0.00000E+00 0.00000E+00 0.00000E+00 0.00000E+00 0.00000E+00 0.00000E+00 0.00000E+00 9.80478E-20 1.78818E-19
 1.94727E+02 9.50687E-19 0.00000E+00 0.00000E+00 0.00000E+00 0.00000E+00 0.00000E+00 0.00000E+00 0.00000E+00 0.00000E+00 0.00000E+00 0.00000E+00 0.00000E+00 0.00000E+00 0.00000E+00 0.00000E+00 1.10283E-19 1.78919E-19
 1.95596E+02 9.52462E-19 0.00000E+00 0.00000E+00 0.00000E+00 0.00000E+00 0.00000E+00 0.00000E+00 0.00000E+00 0.00000E+00 0.00000E+00 0.00000E+00 0.00000E+00 0.00000E+00 0.00000E+00 0.00000E+00 1.19208E-19 1.78338E-19
 1.96469E+02 9.50491E-19 0.00000E+00 0.00000E+00 0.00000E+00 0.00000E+00 0.00000E+00 0.00000E+00 0.00000E+00 0.00000E+00 0.00000E+00 0.00000E+00 0.00000E+00 0.00000E+00 0.00000E+00 0.00000E+00 1.25102E-19 1.76979E-19
 1.98227E+02 9.41026E-19 0.00000E+00 0.00000E+00 0.00000E+00 0.00000E+00 0.00000E+00 0.00000E+00 0.00000E+00 0.00000E+00 0.00000E+00 0.00000E+00 0.00000E+00 0.00000E+00 0.00000E+00 0.00000E+00 1.31075E-19 1.74294E-19
 2.00000E+02 9.26464E-19 0.00000E+00 0.00000E+00 0.00000E+00 0.00000E+00 0.00000E+00 0.00000E+00 0.00000E+00 0.00000E+00 0.00000E+00 0.00000E+00 0.00000E+00 0.00000E+00 0.00000E+00 0.00000E+00 1.31841E-19 1.71205E-19
 2.04823E+02 8.83930E-19 0.00000E+00 0.00000E+00 0.00000E+00 0.00000E+00 0.00000E+00 0.00000E+00 0.00000E+00 0.00000E+00 0.00000E+00 0.00000E+00 0.00000E+00 0.00000E+00 0.00000E+00 0.00000E+00 1.25594E-19 1.64568E-19
 2.07278E+02 8.65528E-19 0.00000E+00 0.00000E+00 0.00000E+00 0.00000E+00 0.00000E+00 0.00000E+00 0.00000E+00 0.00000E+00 0.00000E+00 0.00000E+00 0.00000E+00 0.00000E+00 0.00000E+00 0.00000E+00 1.22158E-19 1.63612E-19
 2.09762E+02 8.49988E-19 0.00000E+00 0.00000E+00 0.00000E+00 0.00000E+00 0.00000E+00 0.00000E+00 0.00000E+00 0.00000E+00 0.00000E+00 0.00000E+00 0.00000E+00 0.00000E+00 0.00000E+00 0.00000E+00 1.19550E-19 1.64203E-19
 2.12276E+02 8.39331E-19 0.00000E+00 0.00000E+00 0.00000E+00 0.00000E+00 0.00000E+00 0.00000E+00 0.00000E+00 0.00000E+00 0.00000E+00 0.00000E+00 0.00000E+00 0.00000E+00 0.00000E+00 0.00000E+00 1.18014E-19 1.67224E-19
 2.14820E+02 8.33062E-19 0.00000E+00 0.00000E+00 0.00000E+00 0.00000E+00 0.00000E+00 0.00000E+00 0.00000E+00 0.00000E+00 0.00000E+00 0.00000E+00 0.00000E+00 0.00000E+00 0.00000E+00 0.00000E+00 1.17980E-19 1.72713E-19
 2.17395E+02 8.31567E-19 0.00000E+00 0.00000E+00 0.00000E+00 0.00000E+00 0.00000E+00 0.00000E+00 0.00000E+00 0.00000E+00 0.00000E+00 0.00000E+00 0.00000E+00 0.00000E+00 0.00000E+00 0.00000E+00 1.19554E-19 1.80849E-19
 2.20000E+02 8.34991E-19 0.00000E+00 0.00000E+00 0.00000E+00 0.00000E+00 0.00000E+00 0.00000E+00 0.00000E+00 0.00000E+00 0.00000E+00 0.00000E+00 0.00000E+00 0.00000E+00 0.00000E+00 0.00000E+00 1.22855E-19 1.91793E-19
 2.21765E+02 8.40773E-19 0.00000E+00 0.00000E+00 0.00000E+00 0.00000E+00 0.00000E+00 0.00000E+00 0.00000E+00 0.00000E+00 0.00000E+00 0.00000E+00 0.00000E+00 0.00000E+00 0.00000E+00 0.00000E+00 1.26168E-19 2.00697E-19
 2.23544E+02 8.48882E-19 0.00000E+00 0.00000E+00 0.00000E+00 0.00000E+00 0.00000E+00 0.00000E+00 0.00000E+00 0.00000E+00 0.00000E+00 0.00000E+00 0.00000E+00 0.00000E+00 0.00000E+00 0.00000E+00 1.30372E-19 2.10901E-19
 2.25337E+02 8.59414E-19 0.00000E+00 0.00000E+00 0.00000E+00 0.00000E+00 0.00000E+00 0.00000E+00 0.00000E+00 0.00000E+00 0.00000E+00 0.00000E+00 0.00000E+00 0.00000E+00 0.00000E+00 0.00000E+00 1.35490E-19 2.22428E-19
 2.27144E+02 8.72488E-19 0.00000E+00 0.00000E+00 0.00000E+00 0.00000E+00 0.00000E+00 0.00000E+00 0.00000E+00 0.00000E+00 0.00000E+00 0.00000E+00 0.00000E+00 0.00000E+00 0.00000E+00 0.00000E+00 1.41539E-19 2.35306E-19
 2.28966E+02 8.88115E-19 0.00000E+00 0.00000E+00 0.00000E+00 0.00000E+00 0.00000E+00 0.00000E+00 0.00000E+00 0.00000E+00 0.00000E+00 0.00000E+00 0.00000E+00 0.00000E+00 0.00000E+00 0.00000E+00 1.48535E-19 2.49574E-19
 2.30803E+02 9.06417E-19 0.00000E+00 0.00000E+00 0.00000E+00 0.00000E+00 0.00000E+00 0.00000E+00 0.00000E+00 0.00000E+00 0.00000E+00 0.00000E+00 0.00000E+00 0.00000E+00 0.00000E+00 0.00000E+00 1.56494E-19 2.65471E-19
 2.32655E+02 9.27046E-19 0.00000E+00 0.00000E+00 0.00000E+00 0.00000E+00 0.00000E+00 0.00000E+00 0.00000E+00 0.00000E+00 0.00000E+00 0.00000E+00 0.00000E+00 0.00000E+00 0.00000E+00 0.00000E+00 1.65439E-19 2.82549E-19
 2.34521E+02 9.50907E-19 0.00000E+00 0.00000E+00 0.00000E+00 0.00000E+00 0.00000E+00 0.00000E+00 0.00000E+00 0.00000E+00 0.00000E+00 0.00000E+00 0.00000E+00 0.00000E+00 0.00000E+00 0.00000E+00 1.75596E-19 3.01424E-19
 2.36402E+02 9.77515E-19 0.00000E+00 0.00000E+00 0.00000E+00 0.00000E+00 0.00000E+00 0.00000E+00 0.00000E+00 0.00000E+00 0.00000E+00 0.00000E+00 0.00000E+00 0.00000E+00 0.00000E+00 0.00000E+00 1.86423E-19 3.21763E-19
 2.38298E+02 1.00737E-18 0.00000E+00 0.00000E+00 0.00000E+00 0.00000E+00 0.00000E+00 0.00000E+00 0.00000E+00 0.00000E+00 0.00000E+00 0.00000E+00 0.00000E+00 0.00000E+00 0.00000E+00 0.00000E+00 1.98514E-19 3.43989E-19
 2.40210E+02 1.04023E-18 0.00000E+00 0.00000E+00 0.00000E+00 0.00000E+00 0.00000E+00 0.00000E+00 0.00000E+00 0.00000E+00 0.00000E+00 0.00000E+00 0.00000E+00 0.00000E+00 0.00000E+00 0.00000E+00 2.11777E-19 3.67911E-19
 2.42137E+02 1.07651E-18 0.00000E+00 0.00000E+00 0.00000E+00 0.00000E+00 0.00000E+00 0.00000E+00 0.00000E+00 0.00000E+00 0.00000E+00 0.00000E+00 0.00000E+00 0.00000E+00 0.00000E+00 0.00000E+00 2.26377E-19 3.93792E-19
 2.46037E+02 1.15865E-18 0.00000E+00 0.00000E+00 0.00000E+00 0.00000E+00 0.00000E+00 0.00000E+00 0.00000E+00 0.00000E+00 0.00000E+00 0.00000E+00 0.00000E+00 0.00000E+00 0.00000E+00 0.00000E+00 2.59193E-19 4.51357E-19
 2.50000E+02 1.25466E-18 0.00000E+00 0.00000E+00 0.00000E+00 0.00000E+00 0.00000E+00 0.00000E+00 0.00000E+00 0.00000E+00 0.00000E+00 0.00000E+00 0.00000E+00 0.00000E+00 0.00000E+00 0.00000E+00 2.97596E-19 5.16799E-19
 2.55763E+02 1.41775E-18 0.00000E+00 0.00000E+00 0.00000E+00 0.00000E+00 0.00000E+00 0.00000E+00 0.00000E+00 0.00000E+00 0.00000E+00 0.00000E+00 0.00000E+00 0.00000E+00 0.00000E+00 0.00000E+00 3.62561E-19 6.24237E-19
 2.61659E+02 1.60785E-18 0.00000E+00 0.00000E+00 0.00000E+00 0.00000E+00 0.00000E+00 0.00000E+00 0.00000E+00 0.00000E+00 0.00000E+00 0.00000E+00 0.00000E+00 0.00000E+00 0.00000E+00 0.00000E+00 4.39962E-19 7.45534E-19
 2.67691E+02 1.81992E-18 0.00000E+00 0.00000E+00 0.00000E+00 0.00000E+00 0.00000E+00 0.00000E+00 0.00000E+00 0.00000E+00 0.00000E+00 0.00000E+00 0.00000E+00 0.00000E+00 0.00000E+00 0.00000E+00 5.27929E-19 8.77564E-19
 2.73861E+02 2.04762E-18 0.00000E+00 0.00000E+00 0.00000E+00 0.00000E+00 0.00000E+00 0.00000E+00 0.00000E+00 0.00000E+00 0.00000E+00 0.00000E+00 0.00000E+00 0.00000E+00 0.00000E+00 0.00000E+00 6.24155E-19 1.01650E-18
 2.77000E+02 2.16564E-18 0.00000E+00 0.00000E+00 0.00000E+00 0.00000E+00 0.00000E+00 0.00000E+00 0.00000E+00 0.00000E+00 0.00000E+00 0.00000E+00 0.00000E+00 0.00000E+00 0.00000E+00 0.00000E+00 6.74463E-19 1.08749E-18
 2.80174E+02 2.28539E-18 0.00000E+00 0.00000E+00 0.00000E+00 0.00000E+00 0.00000E+00 0.00000E+00 0.00000E+00 0.00000E+00 0.00000E+00 0.00000E+00 0.00000E+00 0.00000E+00 0.00000E+00 0.00000E+00 7.25784E-19 1.15905E-18
 2.83385E+02 2.40626E-18 0.00000E+00 0.00000E+00 0.00000E+00 0.00000E+00 0.00000E+00 0.00000E+00 0.00000E+00 0.00000E+00 0.00000E+00 0.00000E+00 0.00000E+00 0.00000E+00 0.00000E+00 0.00000E+00 7.77830E-19 1.23091E-18
 2.86633E+02 2.52774E-18 0.00000E+00 0.00000E+00 0.00000E+00 0.00000E+00 0.00000E+00 0.00000E+00 0.00000E+00 0.00000E+00 0.00000E+00 0.00000E+00 0.00000E+00 0.00000E+00 0.00000E+00 0.00000E+00 8.30365E-19 1.30285E-18
 2.89918E+02 2.64941E-18 0.00000E+00 0.00000E+00 0.00000E+00 0.00000E+00 0.00000E+00 0.00000E+00 0.00000E+00 0.00000E+00 0.00000E+00 0.00000E+00 0.00000E+00 0.00000E+00 0.00000E+00 0.00000E+00 8.83192E-19 1.37468E-18
 2.93240E+02 2.77100E-18 0.00000E+00 0.00000E+00 0.00000E+00 0.00000E+00 0.00000E+00 0.00000E+00 0.00000E+00 0.00000E+00 0.00000E+00 0.00000E+00 0.00000E+00 0.00000E+00 0.00000E+00 0.00000E+00 9.36148E-19 1.44618E-18
 2.96601E+02 2.89207E-18 0.00000E+00 0.00000E+00 0.00000E+00 0.00000E+00 0.00000E+00 0.00000E+00 0.00000E+00 0.00000E+00 0.00000E+00 0.00000E+00 0.00000E+00 0.00000E+00 0.00000E+00 0.00000E+00 9.89080E-19 1.51714E-18
 3.00000E+02 3.01177E-18 0.00000E+00 0.00000E+00 0.00000E+00 0.00000E+00 0.00000E+00 0.00000E+00 0.00000E+00 0.00000E+00 0.00000E+00 0.00000E+00 0.00000E+00 0.00000E+00 0.00000E+00 0.00000E+00 1.04195E-18 1.58668E-18
 3.05837E+02 3.21229E-18 0.00000E+00 0.00000E+00 0.00000E+00 0.00000E+00 0.00000E+00 0.00000E+00 0.00000E+00 0.00000E+00 0.00000E+00 0.00000E+00 0.00000E+00 0.00000E+00 0.00000E+00 0.00000E+00 1.13022E-18 1.70335E-18
 3.11787E+02 3.40521E-18 0.00000E+00 0.00000E+00 0.00000E+00 0.00000E+00 0.00000E+00 0.00000E+00 0.00000E+00 0.00000E+00 0.00000E+00 0.00000E+00 0.00000E+00 0.00000E+00 0.00000E+00 0.00000E+00 1.21638E-18 1.81437E-18
 3.17853E+02 3.58663E-18 0.00000E+00 0.00000E+00 0.00000E+00 0.00000E+00 0.00000E+00 0.00000E+00 0.00000E+00 0.00000E+00 0.00000E+00 0.00000E+00 0.00000E+00 0.00000E+00 0.00000E+00 0.00000E+00 1.29843E-18 1.91785E-18
 3.24037E+02 3.75807E-18 0.00000E+00 0.00000E+00 0.00000E+00 0.00000E+00 0.00000E+00 0.00000E+00 0.00000E+00 0.00000E+00 0.00000E+00 0.00000E+00 0.00000E+00 0.00000E+00 0.00000E+00 0.00000E+00 1.37707E-18 2.01458E-18
 3.30341E+02 3.91238E-18 0.00000E+00 0.00000E+00 0.00000E+00 0.00000E+00 0.00000E+00 0.00000E+00 0.00000E+00 0.00000E+00 0.00000E+00 0.00000E+00 0.00000E+00 0.00000E+00 0.00000E+00 0.00000E+00 1.44890E-18 2.10089E-18
 3.36768E+02 4.04827E-18 0.00000E+00 0.00000E+00 0.00000E+00 0.00000E+00 0.00000E+00 0.00000E+00 0.00000E+00 0.00000E+00 0.00000E+00 0.00000E+00 0.00000E+00 0.00000E+00 0.00000E+00 0.00000E+00 1.51305E-18 2.17631E-18
 3.43320E+02 4.16938E-18 0.00000E+00 0.00000E+00 0.00000E+00 0.00000E+00 0.00000E+00 0.00000E+00 0.00000E+00 0.00000E+00 0.00000E+00 0.00000E+00 0.00000E+00 0.00000E+00 0.00000E+00 0.00000E+00 1.57105E-18 2.24296E-18
 3.50000E+02 4.27138E-18 0.00000E+00 0.00000E+00 0.00000E+00 0.00000E+00 0.00000E+00 0.00000E+00 0.00000E+00 0.00000E+00 0.00000E+00 0.00000E+00 0.00000E+00 0.00000E+00 0.00000E+00 0.00000E+00 1.62056E-18 2.29888E-18
 3.55891E+02 4.34717E-18 0.00000E+00 0.00000E+00 0.00000E+00 0.00000E+00 0.00000E+00 0.00000E+00 0.00000E+00 0.00000E+00 0.00000E+00 0.00000E+00 0.00000E+00 0.00000E+00 0.00000E+00 0.00000E+00 1.65811E-18 2.34049E-18
 3.61881E+02 4.41188E-18 0.00000E+00 0.00000E+00 0.00000E+00 0.00000E+00 0.00000E+00 0.00000E+00 0.00000E+00 0.00000E+00 0.00000E+00 0.00000E+00 0.00000E+00 0.00000E+00 0.00000E+00 0.00000E+00 1.69072E-18 2.37590E-18
 3.67972E+02 4.46628E-18 0.00000E+00 0.00000E+00 0.00000E+00 0.00000E+00 0.00000E+00 0.00000E+00 0.00000E+00 0.00000E+00 0.00000E+00 0.00000E+00 0.00000E+00 0.00000E+00 0.00000E+00 0.00000E+00 1.71874E-18 2.40550E-18
 3.74166E+02 4.51089E-18 0.00000E+00 0.00000E+00 0.00000E+00 0.00000E+00 0.00000E+00 0.00000E+00 0.00000E+00 0.00000E+00 0.00000E+00 0.00000E+00 0.00000E+00 0.00000E+00 0.00000E+00 0.00000E+00 1.74245E-18 2.42955E-18
 3.80464E+02 4.54595E-18 0.00000E+00 0.00000E+00 0.00000E+00 0.00000E+00 0.00000E+00 0.00000E+00 0.00000E+00 0.00000E+00 0.00000E+00 0.00000E+00 0.00000E+00 0.00000E+00 0.00000E+00 0.00000E+00 1.76202E-18 2.44816E-18
 3.86867E+02 4.57159E-18 0.00000E+00 0.00000E+00 0.00000E+00 0.00000E+00 0.00000E+00 0.00000E+00 0.00000E+00 0.00000E+00 0.00000E+00 0.00000E+00 0.00000E+00 0.00000E+00 0.00000E+00 0.00000E+00 1.77754E-18 2.46137E-18
 3.93379E+02 4.58783E-18 0.00000E+00 0.00000E+00 0.00000E+00 0.00000E+00 0.00000E+00 0.00000E+00 0.00000E+00 0.00000E+00 0.00000E+00 0.00000E+00 0.00000E+00 0.00000E+00 0.00000E+00 0.00000E+00 1.78900E-18 2.46916E-18
 4.00000E+02 4.59480E-18 0.00000E+00 0.00000E+00 0.00000E+00 0.00000E+00 0.00000E+00 0.00000E+00 0.00000E+00 0.00000E+00 0.00000E+00 0.00000E+00 0.00000E+00 0.00000E+00 0.00000E+00 0.00000E+00 1.79646E-18 2.47162E-18
 4.11953E+02 4.58348E-18 0.00000E+00 0.00000E+00 0.00000E+00 0.00000E+00 0.00000E+00 0.00000E+00 0.00000E+00 0.00000E+00 0.00000E+00 0.00000E+00 0.00000E+00 0.00000E+00 0.00000E+00 0.00000E+00 1.79968E-18 2.46315E-18
 4.24264E+02 4.54503E-18 0.00000E+00 0.00000E+00 0.00000E+00 0.00000E+00 0.00000E+00 0.00000E+00 0.00000E+00 0.00000E+00 0.00000E+00 0.00000E+00 0.00000E+00 0.00000E+00 0.00000E+00 0.00000E+00 1.79069E-18 2.43958E-18
 4.36943E+02 4.48553E-18 0.00000E+00 0.00000E+00 0.00000E+00 0.00000E+00 0.00000E+00 0.00000E+00 0.00000E+00 0.00000E+00 0.00000E+00 0.00000E+00 0.00000E+00 0.00000E+00 0.00000E+00 0.00000E+00 1.77212E-18 2.40444E-18
 4.50000E+02 4.40724E-18 0.00000E+00 0.00000E+00 0.00000E+00 0.00000E+00 0.00000E+00 0.00000E+00 0.00000E+00 0.00000E+00 0.00000E+00 0.00000E+00 0.00000E+00 0.00000E+00 0.00000E+00 0.00000E+00 1.74475E-18 2.35916E-18
 4.63789E+02 4.31165E-18 0.00000E+00 0.00000E+00 0.00000E+00 0.00000E+00 0.00000E+00 0.00000E+00 0.00000E+00 0.00000E+00 0.00000E+00 0.00000E+00 0.00000E+00 0.00000E+00 0.00000E+00 0.00000E+00 1.71001E-18 2.30488E-18
 4.78000E+02 4.20428E-18 0.00000E+00 0.00000E+00 0.00000E+00 0.00000E+00 0.00000E+00 0.00000E+00 0.00000E+00 0.00000E+00 0.00000E+00 0.00000E+00 0.00000E+00 0.00000E+00 0.00000E+00 0.00000E+00 1.66985E-18 2.24409E-18
 4.78000E+02 4.31298E-18 0.00000E+00 0.00000E+00 0.00000E+00 0.00000E+00 0.00000E+00 0.00000E+00 0.00000E+00 0.00000E+00 0.00000E+00 0.00000E+00 0.00000E+00 0.00000E+00 0.00000E+00 1.08709E-19 1.66985E-18 2.24409E-18
 5.00000E+02 4.31257E-18 0.00000E+00 0.00000E+00 0.00000E+00 0.00000E+00 0.00000E+00 0.00000E+00 0.00000E+00 0.00000E+00 0.00000E+00 0.00000E+00 0.00000E+00 0.00000E+00 0.00000E+00 2.87085E-19 1.60140E-18 2.14305E-18
 5.03000E+02 4.28932E-18 0.00000E+00 0.00000E+00 0.00000E+00 0.00000E+00 0.00000E+00 0.00000E+00 0.00000E+00 0.00000E+00 0.00000E+00 0.00000E+00 0.00000E+00 0.00000E+00 0.00000E+00 2.90009E-19 1.59129E-18 2.12834E-18
 5.03000E+02 4.35916E-18 0.00000E+00 0.00000E+00 0.00000E+00 0.00000E+00 0.00000E+00 0.00000E+00 0.00000E+00 0.00000E+00 0.00000E+00 0.00000E+00 0.00000E+00 0.00000E+00 6.98472E-20 2.90009E-19 1.59129E-18 2.12834E-18
 5.08648E+02 4.32711E-18 0.00000E+00 0.00000E+00 0.00000E+00 0.00000E+00 0.00000E+00 0.00000E+00 0.00000E+00 0.00000E+00 0.00000E+00 0.00000E+00 0.00000E+00 0.00000E+00 8.06104E-20 2.95620E-19 1.57258E-18 2.10115E-18
 5.11496E+02 4.32215E-18 0.00000E+00 0.00000E+00 0.00000E+00 0.00000E+00 0.00000E+00 0.00000E+00 0.00000E+00 0.00000E+00 0.00000E+00 0.00000E+00 0.00000E+00 0.00000E+00 9.78049E-20 2.98140E-19 1.56296E-18 2.08736E-18
 5.14359E+02 4.32931E-18 0.00000E+00 0.00000E+00 0.00000E+00 0.00000E+00 0.00000E+00 0.00000E+00 0.00000E+00 0.00000E+00 0.00000E+00 0.00000E+00 0.00000E+00 0.00000E+00 1.28660E-19 3.00153E-19 1.55293E-18 2.07295E-18
 5.17239E+02 4.33232E-18 0.00000E+00 0.00000E+00 0.00000E+00 0.00000E+00 0.00000E+00 0.00000E+00 0.00000E+00 0.00000E+00 0.00000E+00 0.00000E+00 0.00000E+00 0.00000E+00 1.55905E-19 3.01448E-19 1.54295E-18 2.05863E-18
 5.20135E+02 4.31917E-18 0.00000E+00 0.00000E+00 0.00000E+00 0.00000E+00 0.00000E+00 0.00000E+00 0.00000E+00 0.00000E+00 0.00000E+00 0.00000E+00 0.00000E+00 0.00000E+00 1.67073E-19 3.02499E-19 1.53304E-18 2.04442E-18
 5.25975E+02 4.27246E-18 0.00000E+00 0.00000E+00 0.00000E+00 0.00000E+00 0.00000E+00 0.00000E+00 0.00000E+00 0.00000E+00 0.00000E+00 0.00000E+00 0.00000E+00 0.00000E+00 1.71241E-19 3.03658E-19 1.51256E-18 2.01533E-18
 5.50000E+02 4.07302E-18 0.00000E+00 0.00000E+00 0.00000E+00 0.00000E+00 0.00000E+00 0.00000E+00 0.00000E+00 0.00000E+00 0.00000E+00 0.00000E+00 0.00000E+00 0.00000E+00 1.77361E-19 3.12317E-19 1.42753E-18 1.89577E-18
 5.74456E+02 3.87863E-18 0.00000E+00 0.00000E+00 0.00000E+00 0.00000E+00 0.00000E+00 0.00000E+00 0.00000E+00 0.00000E+00 0.00000E+00 0.00000E+00 0.00000E+00 0.00000E+00 1.82640E-19 3.27352E-19 1.34166E-18 1.77685E-18
 6.00000E+02 3.68449E-18 0.00000E+00 0.00000E+00 0.00000E+00 0.00000E+00 0.00000E+00 0.00000E+00 0.00000E+00 0.00000E+00 0.00000E+00 0.00000E+00 0.00000E+00 0.00000E+00 1.91949E-19 3.38543E-19 1.25527E-18 1.65815E-18
 6.23574E+02 3.50923E-18 0.00000E+00 0.00000E+00 0.00000E+00 0.00000E+00 0.00000E+00 0.00000E+00 0.00000E+00 0.00000E+00 0.00000E+00 0.00000E+00 0.00000E+00 0.00000E+00 1.98478E-19 3.46882E-19 1.17876E-18 1.55361E-18
 6.48074E+02 3.33431E-18 0.00000E+00 0.00000E+00 0.00000E+00 0.00000E+00 0.00000E+00 0.00000E+00 0.00000E+00 0.00000E+00 0.00000E+00 0.00000E+00 0.00000E+00 0.00000E+00 2.04366E-19 3.54293E-19 1.10267E-18 1.45023E-18
 6.73537E+02 3.15979E-18 0.00000E+00 0.00000E+00 0.00000E+00 0.00000E+00 0.00000E+00 0.00000E+00 0.00000E+00 0.00000E+00 0.00000E+00 0.00000E+00 0.00000E+00 0.00000E+00 2.09778E-19 3.58828E-19 1.02778E-18 1.34915E-18
 7.00000E+02 2.98672E-18 0.00000E+00 0.00000E+00 0.00000E+00 0.00000E+00 0.00000E+00 0.00000E+00 0.00000E+00 0.00000E+00 0.00000E+00 0.00000E+00 0.00000E+00 0.00000E+00 2.13481E-19 3.60640E-19 9.55026E-19 1.25150E-18
 7.24000E+02 2.83638E-18 0.00000E+00 0.00000E+00 0.00000E+00 0.00000E+00 0.00000E+00 0.00000E+00 0.00000E+00 0.00000E+00 0.00000E+00 0.00000E+00 0.00000E+00 0.00000E+00 2.15390E-19 3.61026E-19 8.93004E-19 1.16853E-18
 7.24000E+02 2.97004E-18 0.00000E+00 0.00000E+00 0.00000E+00 0.00000E+00 0.00000E+00 0.00000E+00 0.00000E+00 0.00000E+00 0.00000E+00 0.00000E+00 0.00000E+00 1.33656E-19 2.15390E-19 3.61026E-19 8.93004E-19 1.16853E-18
 7.26262E+02 2.98801E-18 0.00000E+00 0.00000E+00 0.00000E+00 0.00000E+00 0.00000E+00 0.00000E+00 0.00000E+00 0.00000E+00 0.00000E+00 0.00000E+00 0.00000E+00 1.65093E-19 2.15545E-19 3.61017E-19 8.87472E-19 1.16114E-18
 7.28531E+02 2.99103E-18 0.00000E+00 0.00000E+00 0.00000E+00 0.00000E+00 0.00000E+00 0.00000E+00 0.00000E+00 0.00000E+00 0.00000E+00 0.00000E+00 0.00000E+00 1.81504E-19 2.15701E-19 3.61009E-19 8.81975E-19 1.15379E-18
 7.33090E+02 2.97350E-18 0.00000E+00 0.00000E+00 0.00000E+00 0.00000E+00 0.00000E+00 0.00000E+00 0.00000E+00 0.00000E+00 0.00000E+00 0.00000E+00 0.00000E+00 1.90546E-19 2.15971E-19 3.60986E-19 8.71083E-19 1.13924E-18
 7.42295E+02 2.91694E-18 0.00000E+00 0.00000E+00 0.00000E+00 0.00000E+00 0.00000E+00 0.00000E+00 0.00000E+00 0.00000E+00 0.00000E+00 0.00000E+00 0.00000E+00 1.86841E-19 2.16337E-19 3.60427E-19 8.49700E-19 1.11067E-18
 7.61052E+02 2.80658E-18 0.00000E+00 0.00000E+00 0.00000E+00 0.00000E+00 0.00000E+00 0.00000E+00 0.00000E+00 0.00000E+00 0.00000E+00 0.00000E+00 0.00000E+00 1.81975E-19 2.16903E-19 3.59143E-19 8.07071E-19 1.05387E-18
 8.00000E+02 2.59580E-18 0.00000E+00 0.00000E+00 0.00000E+00 0.00000E+00 0.00000E+00 0.00000E+00 0.00000E+00 0.00000E+00 0.00000E+00 0.00000E+00 0.00000E+00 1.77400E-19 2.16342E-19 3.53584E-19 7.25565E-19 9.45548E-19
 8.58000E+02 2.31065E-18 0.00000E+00 0.00000E+00 0.00000E+00 0.00000E+00 0.00000E+00 0.00000E+00 0.00000E+00 0.00000E+00 0.00000E+00 0.00000E+00 0.00000E+00 1.67017E-19 2.12335E-19 3.42105E-19 6.20199E-19 8.06204E-19
 8.58000E+02 2.33659E-18 0.00000E+00 0.00000E+00 0.00000E+00 0.00000E+00 0.00000E+00 0.00000E+00 0.00000E+00 0.00000E+00 0.00000E+00 0.00000E+00 2.59485E-20 1.67017E-19 2.12335E-19 3.42105E-19 6.20198E-19 8.06204E-19
 8.63141E+02 2.31977E-18 0.00000E+00 0.00000E+00 0.00000E+00 0.00000E+00 0.00000E+00 0.00000E+00 0.00000E+00 0.00000E+00 0.00000E+00 0.00000E+00 3.25970E-20 1.66177E-19 2.11828E-19 3.40871E-19 6.11703E-19 7.94998E-19
 8.68313E+02 2.29751E-18 0.00000E+00 0.00000E+00 0.00000E+00 0.00000E+00 0.00000E+00 0.00000E+00 0.00000E+00 0.00000E+00 0.00000E+00 0.00000E+00 3.35204E-20 1.65335E-19 2.11322E-19 3.39640E-19 6.03324E-19 7.83948E-19
 8.78749E+02 2.25134E-18 0.00000E+00 0.00000E+00 0.00000E+00 0.00000E+00 0.00000E+00 0.00000E+00 0.00000E+00 0.00000E+00 0.00000E+00 0.00000E+00 3.30519E-20 1.63478E-19 2.10313E-19 3.37193E-19 5.86910E-19 7.62307E-19
 9.00000E+02 2.16192E-18 0.00000E+00 0.00000E+00 0.00000E+00 0.00000E+00 0.00000E+00 0.00000E+00 0.00000E+00 0.00000E+00 0.00000E+00 0.00000E+00 3.28101E-20 1.59810E-19 2.07947E-19 3.31804E-19 5.55320E-19 7.20705E-19
 9.45833E+02 1.98272E-18 0.00000E+00 0.00000E+00 0.00000E+00 0.00000E+00 0.00000E+00 0.00000E+00 0.00000E+00 0.00000E+00 0.00000E+00 0.00000E+00 3.29070E-20 1.52322E-19 2.02037E-19 3.19408E-19 4.93181E-19 6.38984E-19
 9.94000E+02 1.81412E-18 0.00000E+00 0.00000E+00 0.00000E+00 0.00000E+00 0.00000E+00 0.00000E+00 0.00000E+00 0.00000E+00 0.00000E+00 0.00000E+00 3.26408E-20 1.44880E-19 1.95044E-19 3.05888E-19 4.36350E-19 5.64480E-19
 9.94000E+02 1.84885E-18 0.00000E+00 0.00000E+00 0.00000E+00 0.00000E+00 0.00000E+00 0.00000E+00 0.00000E+00 0.00000E+00 0.00000E+00 3.47356E-20 3.26408E-20 1.44880E-19 1.95044E-19 3.05888E-19 4.36350E-19 5.64480E-19
 1.00000E+03 1.83143E-18 0.00000E+00 0.00000E+00 0.00000E+00 0.00000E+00 0.00000E+00 0.00000E+00 0.00000E+00 0.00000E+00 0.00000E+00 3.68460E-20 3.26087E-20 1.43975E-19 1.94150E-19 3.04193E-19 4.29875E-19 5.56010E-19
 1.02411E+03 1.75705E-18 0.00000E+00 0.00000E+00 0.00000E+00 0.00000E+00 0.00000E+00 0.00000E+00 0.00000E+00 0.00000E+00 0.00000E+00 3.89817E-20 3.24540E-20 1.40431E-19 1.90494E-19 2.97335E-19 4.04750E-19 5.23151E-19
 1.04881E+03 1.68225E-18 0.00000E+00 0.00000E+00 0.00000E+00 0.00000E+00 0.00000E+00 0.00000E+00 0.00000E+00 0.00000E+00 0.00000E+00 3.76357E-20 3.22634E-20 1.36910E-19 1.86664E-19 2.90252E-19 3.81060E-19 4.92197E-19
 1.10000E+03 1.54079E-18 0.00000E+00 0.00000E+00 0.00000E+00 0.00000E+00 0.00000E+00 0.00000E+00 0.00000E+00 0.00000E+00 0.00000E+00 3.61527E-20 3.18212E-20 1.29949E-19 1.78481E-19 2.75561E-19 3.36927E-19 4.34604E-19
 1.17260E+03 1.36604E-18 0.00000E+00 0.00000E+00 0.00000E+00 0.00000E+00 0.00000E+00 0.00000E+00 0.00000E+00 0.00000E+00 0.00000E+00 3.41311E-20 3.10731E-20 1.20760E-19 1.66959E-19 2.55586E-19 2.84419E-19 3.66220E-19
 1.25000E+03 1.20823E-18 0.00000E+00 0.00000E+00 0.00000E+00 0.00000E+00 0.00000E+00 0.00000E+00 0.00000E+00 0.00000E+00 0.00000E+00 3.20305E-20 3.01664E-20 1.11881E-19 1.55032E-19 2.35373E-19 2.39054E-19 3.07280E-19
 1.40000E+03 9.66301E-19 0.00000E+00 0.00000E+00 0.00000E+00 0.00000E+00 0.00000E+00 0.00000E+00 0.00000E+00 0.00000E+00 0.00000E+00 2.83836E-20 2.82226E-20 9.69548E-20 1.33647E-19 2.00296E-19 1.73944E-19 2.22934E-19
 1.50000E+03 8.40722E-19 0.00000E+00 0.00000E+00 0.00000E+00 0.00000E+00 0.00000E+00 0.00000E+00 0.00000E+00 0.00000E+00 0.00000E+00 2.62526E-20 2.68690E-20 8.84398E-20 1.20959E-19 1.79970E-19 1.42489E-19 1.82309E-19
 1.62019E+03 7.17696E-19 0.00000E+00 0.00000E+00 0.00000E+00 0.00000E+00 0.00000E+00 0.00000E+00 0.00000E+00 0.00000E+00 0.00000E+00 2.39533E-20 2.52509E-20 7.95223E-20 1.07395E-19 1.58582E-19 1.13443E-19 1.44871E-19
 1.75000E+03 6.11284E-19 0.00000E+00 0.00000E+00 0.00000E+00 0.00000E+00 0.00000E+00 0.00000E+00 0.00000E+00 0.00000E+00 0.00000E+00 2.17612E-20 2.35744E-20 7.12238E-20 9.46253E-20 1.38729E-19 8.98636E-20 1.14548E-19
 2.00000E+03 4.60313E-19 0.00000E+00 0.00000E+00 0.00000E+00 0.00000E+00 0.00000E+00 0.00000E+00 0.00000E+00 0.00000E+00 0.00000E+00 1.82754E-20 2.06158E-20 5.83401E-20 7.47813E-20 1.08369E-19 5.93279E-20 7.53793E-20
 2.20000E+03 3.74480E-19 0.00000E+00 0.00000E+00 0.00000E+00 0.00000E+00 0.00000E+00 0.00000E+00 0.00000E+00 0.00000E+00 0.00000E+00 1.60420E-20 1.85361E-20 5.02680E-20 6.24863E-20 8.98485E-20 4.37297E-20 5.54335E-20
 2.50000E+03 2.82605E-19 0.00000E+00 0.00000E+00 0.00000E+00 0.00000E+00 0.00000E+00 0.00000E+00 0.00000E+00 0.00000E+00 0.00000E+00 1.33732E-20 1.58733E-20 4.08589E-20 4.84068E-20 6.89201E-20 2.87369E-20 3.63162E-20
 2.68700E+03 2.40419E-19 0.00000E+00 0.00000E+00 0.00000E+00 0.00000E+00 0.00000E+00 0.00000E+00 0.00000E+00 0.00000E+00 0.00000E+00 1.20266E-20 1.44520E-20 3.61970E-20 4.16059E-20 5.89201E-20 2.25483E-20 2.84444E-20
 2.68700E+03 2.47983E-19 0.00000E+00 0.00000E+00 0.00000E+00 0.00000E+00 0.00000E+00 0.00000E+00 0.00000E+00 0.00000E+00 7.56416E-21 1.20266E-20 1.44520E-20 3.61970E-20 4.16059E-20 5.89201E-20 2.25483E-20 2.84444E-20
 2.68876E+03 2.51054E-19 0.00000E+00 0.00000E+00 0.00000E+00 0.00000E+00 0.00000E+00 0.00000E+00 0.00000E+00 0.00000E+00 1.09849E-20 1.20150E-20 1.44397E-20 3.61571E-20 4.15486E-20 5.88362E-20 2.24988E-20 2.83814E-20
 2.69052E+03 2.59346E-19 0.00000E+00 0.00000E+00 0.00000E+00 0.00000E+00 0.00000E+00 0.00000E+00 0.00000E+00 0.00000E+00 1.96277E-20 1.20034E-20 1.44274E-20 3.61173E-20 4.14915E-20 5.87524E-20 2.24493E-20 2.83186E-20
 2.69228E+03 2.78006E-19 0.00000E+00 0.00000E+00 0.00000E+00 0.00000E+00 0.00000E+00 0.00000E+00 0.00000E+00 0.00000E+00 3.86368E-20 1.19918E-20 1.44150E-20 3.60775E-20 4.14344E-20 5.86687E-20 2.23999E-20 2.82558E-20
 2.69405E+03 3.15217E-19 0.00000E+00 0.00000E+00 0.00000E+00 0.00000E+00 0.00000E+00 0.00000E+00 0.00000E+00 0.00000E+00 7.61962E-20 1.19802E-20 1.44027E-20 3.60377E-20 4.13774E-20 5.85852E-20 2.23506E-20 2.81932E-20
 2.69581E+03 3.79563E-19 0.00000E+00 0.00000E+00 0.00000E+00 0.00000E+00 0.00000E+00 0.00000E+00 0.00000E+00 0.00000E+00 1.40891E-19 1.19686E-20 1.43904E-20 3.59980E-20 4.13205E-20 5.85017E-20 2.23015E-20 2.81308E-20
 2.69758E+03 4.69581E-19 0.00000E+00 0.00000E+00 0.00000E+00 0.00000E+00 0.00000E+00 0.00000E+00 0.00000E+00 0.00000E+00 2.31257E-19 1.19570E-20 1.43781E-20 3.59583E-20 4.12637E-20 5.84184E-20 2.22525E-20 2.80684E-20
 2.69934E+03 5.63406E-19 0.00000E+00 0.00000E+00 0.00000E+00 0.00000E+00 0.00000E+00 0.00000E+00 0.00000E+00 0.00000E+00 3.25429E-19 1.19455E-20 1.43658E-20 3.59187E-20 4.12069E-20 5.83352E-20 2.22035E-20 2.80063E-20
 2.70111E+03 6.33166E-19 0.00000E+00 0.00000E+00 0.00000E+00 0.00000E+00 0.00000E+00 0.00000E+00 0.00000E+00 0.00000E+00 3.95536E-19 1.19339E-20 1.43536E-20 3.58791E-20 4.11503E-20 5.82521E-20 2.21547E-20 2.79442E-20
 2.70288E+03 6.70427E-19 0.00000E+00 0.00000E+00 0.00000E+00 0.00000E+00 0.00000E+00 0.00000E+00 0.00000E+00 0.00000E+00 4.33143E-19 1.19224E-20 1.43413E-20 3.58396E-20 4.10937E-20 5.81691E-20 2.21060E-20 2.78823E-20
 2.70465E+03 6.84700E-19 0.00000E+00 0.00000E+00 0.00000E+00 0.00000E+00 0.00000E+00 0.00000E+00 0.00000E+00 0.00000E+00 4.47761E-19 1.19108E-20 1.43291E-20 3.58001E-20 4.10371E-20 5.80863E-20 2.20574E-20 2.78205E-20
 2.70642E+03 6.87310E-19 0.00000E+00 0.00000E+00 0.00000E+00 0.00000E+00 0.00000E+00 0.00000E+00 0.00000E+00 0.00000E+00 4.50716E-19 1.18993E-20 1.43168E-20 3.57607E-20 4.09807E-20 5.80035E-20 2.20088E-20 2.77589E-20
 2.70820E+03 6.85447E-19 0.00000E+00 0.00000E+00 0.00000E+00 0.00000E+00 0.00000E+00 0.00000E+00 0.00000E+00 0.00000E+00 4.49197E-19 1.18878E-20 1.43046E-20 3.57212E-20 4.09243E-20 5.79209E-20 2.19604E-20 2.76974E-20
 2.71530E+03 6.75588E-19 0.00000E+00 0.00000E+00 0.00000E+00 0.00000E+00 0.00000E+00 0.00000E+00 0.00000E+00 0.00000E+00 4.40711E-19 1.18419E-20 1.42558E-20 3.55641E-20 4.06996E-20 5.75916E-20 2.17679E-20 2.74528E-20
 2.72242E+03 6.67406E-19 0.00000E+00 0.00000E+00 0.00000E+00 0.00000E+00 0.00000E+00 0.00000E+00 0.00000E+00 0.00000E+00 4.33893E-19 1.17962E-20 1.42071E-20 3.54076E-20 4.04762E-20 5.72642E-20 2.15771E-20 2.72103E-20
 2.72956E+03 6.55350E-19 0.00000E+00 0.00000E+00 0.00000E+00 0.00000E+00 0.00000E+00 0.00000E+00 0.00000E+00 0.00000E+00 4.23191E-19 1.17506E-20 1.41587E-20 3.52517E-20 4.02540E-20 5.69387E-20 2.13879E-20 2.69700E-20
 2.74390E+03 6.28199E-19 0.00000E+00 0.00000E+00 0.00000E+00 0.00000E+00 0.00000E+00 0.00000E+00 0.00000E+00 0.00000E+00 3.98734E-19 1.16600E-20 1.40622E-20 3.49422E-20 3.98132E-20 5.62931E-20 2.10110E-20 2.64915E-20
 2.75109E+03 6.18694E-19 0.00000E+00 0.00000E+00 0.00000E+00 0.00000E+00 0.00000E+00 0.00000E+00 0.00000E+00 0.00000E+00 3.90575E-19 1.16150E-20 1.40142E-20 3.47884E-20 3.95904E-20 5.59691E-20 2.08233E-20 2.62532E-20
 2.75831E+03 6.11740E-19 0.00000E+00 0.00000E+00 0.00000E+00 0.00000E+00 0.00000E+00 0.00000E+00 0.00000E+00 0.00000E+00 3.84969E-19 1.15701E-20 1.39644E-20 3.46352E-20 3.93666E-20 5.56420E-20 2.06373E-20 2.60169E-20
 2.77280E+03 6.02164E-19 0.00000E+00 0.00000E+00 0.00000E+00 0.00000E+00 0.00000E+00 0.00000E+00 0.00000E+00 0.00000E+00 3.78072E-19 1.14791E-20 1.38644E-20 3.43227E-20 3.89228E-20 5.49937E-20 2.02702E-20 2.55508E-20
 2.80200E+03 5.83654E-19 0.00000E+00 0.00000E+00 0.00000E+00 0.00000E+00 0.00000E+00 0.00000E+00 0.00000E+00 0.00000E+00 3.64820E-19 1.12984E-20 1.36665E-20 3.37061E-20 3.80501E-20 5.37197E-20 1.95555E-20 2.46434E-20
 2.80200E+03 5.89126E-19 0.00000E+00 0.00000E+00 0.00000E+00 0.00000E+00 0.00000E+00 0.00000E+00 0.00000E+00 5.47214E-21 3.64820E-19 1.12984E-20 1.36665E-20 3.37061E-20 3.80501E-20 5.37197E-20 1.95555E-20 2.46434E-20
 2.80350E+03 5.90101E-19 0.00000E+00 0.00000E+00 0.00000E+00 0.00000E+00 0.00000E+00 0.00000E+00 0.00000E+00 7.34026E-21 3.64190E-19 1.12893E-20 1.36565E-20 3.36750E-20 3.80062E-20 5.36556E-20 1.95198E-20 2.45981E-20
 2.80499E+03 5.93237E-19 0.00000E+00 0.00000E+00 0.00000E+00 0.00000E+00 0.00000E+00 0.00000E+00 0.00000E+00 1.13684E-20 3.63562E-19 1.12802E-20 1.36465E-20 3.36439E-20 3.79624E-20 5.35916E-20 1.94841E-20 2.45529E-20
 2.80649E+03 6.00383E-19 0.00000E+00 0.00000E+00 0.00000E+00 0.00000E+00 0.00000E+00 0.00000E+00 0.00000E+00 1.94052E-20 3.62935E-19 1.12711E-20 1.36365E-20 3.36129E-20 3.79186E-20 5.35277E-20 1.94486E-20 2.45077E-20
 2.80799E+03 6.14492E-19 0.00000E+00 0.00000E+00 0.00000E+00 0.00000E+00 0.00000E+00 0.00000E+00 0.00000E+00 3.44031E-20 3.62309E-19 1.12620E-20 1.36266E-20 3.35819E-20 3.78748E-20 5.34639E-20 1.94131E-20 2.44626E-20
 2.80948E+03 6.39508E-19 0.00000E+00 0.00000E+00 0.00000E+00 0.00000E+00 0.00000E+00 0.00000E+00 0.00000E+00 6.03067E-20 3.61684E-19 1.12529E-20 1.36166E-20 3.35509E-20 3.78311E-20 5.34001E-20 1.93776E-20 2.44176E-20
 2.81098E+03 6.78597E-19 0.00000E+00 0.00000E+00 0.00000E+00 0.00000E+00 0.00000E+00 0.00000E+00 0.00000E+00 1.00282E-19 3.61060E-19 1.12438E-20 1.36066E-20 3.35199E-20 3.77875E-20 5.33364E-20 1.93422E-20 2.43727E-20
 2.81248E+03 7.29851E-19 0.00000E+00 0.00000E+00 0.00000E+00 0.00000E+00 0.00000E+00 0.00000E+00 0.00000E+00 1.52421E-19 3.60438E-19 1.12347E-20 1.35967E-20 3.34890E-20 3.77439E-20 5.32728E-20 1.93069E-20 2.43279E-20
 2.81398E+03 7.83212E-19 0.00000E+00 0.00000E+00 0.00000E+00 0.00000E+00 0.00000E+00 0.00000E+00 0.00000E+00 2.06665E-19 3.59816E-19 1.12256E-20 1.35867E-20 3.34581E-20 3.77003E-20 5.32092E-20 1.92717E-20 2.42832E-20
 2.81548E+03 8.25822E-19 0.00000E+00 0.00000E+00 0.00000E+00 0.00000E+00 0.00000E+00 0.00000E+00 0.00000E+00 2.50156E-19 3.59195E-19 1.12166E-20 1.35768E-20 3.34272E-20 3.76568E-20 5.31458E-20 1.92365E-20 2.42385E-20
 2.81699E+03 8.51742E-19 0.00000E+00 0.00000E+00 0.00000E+00 0.00000E+00 0.00000E+00 0.00000E+00 0.00000E+00 2.76957E-19 3.58576E-19 1.12075E-20 1.35669E-20 3.33964E-20 3.76134E-20 5.30824E-20 1.92013E-20 2.41939E-20
 2.81849E+03 8.63592E-19 0.00000E+00 0.00000E+00 0.00000E+00 0.00000E+00 0.00000E+00 0.00000E+00 0.00000E+00 2.89686E-19 3.57957E-19 1.11985E-20 1.35569E-20 3.33656E-20 3.75700E-20 5.30191E-20 1.91663E-20 2.41494E-20
 2.81999E+03 8.66732E-19 0.00000E+00 0.00000E+00 0.00000E+00 0.00000E+00 0.00000E+00 0.00000E+00 0.00000E+00 2.93704E-19 3.57340E-19 1.11894E-20 1.35470E-20 3.33348E-20 3.75266E-20 5.29558E-20 1.91313E-20 2.41050E-20
 2.82300E+03 8.63099E-19 0.00000E+00 0.00000E+00 0.00000E+00 0.00000E+00 0.00000E+00 0.00000E+00 0.00000E+00 2.91664E-19 3.56267E-19 1.11714E-20 1.35272E-20 3.32733E-20 3.74401E-20 5.28296E-20 1.90615E-20 2.40164E-20
 2.82602E+03 8.57345E-19 0.00000E+00 0.00000E+00 0.00000E+00 0.00000E+00 0.00000E+00 0.00000E+00 0.00000E+00 2.87432E-19 3.55264E-19 1.11533E-20 1.35074E-20 3.32120E-20 3.73537E-20 5.27037E-20 1.89919E-20 2.39281E-20
 2.83810E+03 8.40850E-19 0.00000E+00 0.00000E+00 0.00000E+00 0.00000E+00 0.00000E+00 0.00000E+00 0.00000E+00 2.76752E-19 3.51508E-19 1.10815E-20 1.34286E-20 3.29676E-20 3.70103E-20 5.22029E-20 1.87163E-20 2.35783E-20
 2.85024E+03 8.20566E-19 0.00000E+00 0.00000E+00 0.00000E+00 0.00000E+00 0.00000E+00 0.00000E+00 0.00000E+00 2.62295E-19 3.47719E-19 1.10101E-20 1.33502E-20 3.27251E-20 3.66700E-20 5.17068E-20 1.84446E-20 2.32336E-20
 2.86243E+03 8.02651E-19 0.00000E+00 0.00000E+00 0.00000E+00 0.00000E+00 0.00000E+00 0.00000E+00 0.00000E+00 2.50199E-19 3.43918E-19 1.09392E-20 1.32723E-20 3.24844E-20 3.63329E-20 5.12155E-20 1.81769E-20 2.28940E-20
 2.87467E+03 7.90515E-19 0.00000E+00 0.00000E+00 0.00000E+00 0.00000E+00 0.00000E+00 0.00000E+00 0.00000E+00 2.43819E-19 3.40158E-19 1.08687E-20 1.31948E-20 3.22454E-20 3.59987E-20 5.07289E-20 1.79131E-20 2.25593E-20
 2.89931E+03 7.72218E-19 0.00000E+00 0.00000E+00 0.00000E+00 0.00000E+00 0.00000E+00 0.00000E+00 0.00000E+00 2.36878E-19 3.32760E-19 1.07292E-20 1.30412E-20 3.17727E-20 3.53283E-20 4.97538E-20 1.73969E-20 2.19045E-20
 2.92416E+03 7.54019E-19 0.00000E+00 0.00000E+00 0.00000E+00 0.00000E+00 0.00000E+00 0.00000E+00 0.00000E+00 2.29778E-19 3.25537E-19 1.05914E-20 1.28894E-20 3.13069E-20 3.46704E-20 4.87969E-20 1.68955E-20 2.12687E-20
 2.94923E+03 7.37839E-19 0.00000E+00 0.00000E+00 0.00000E+00 0.00000E+00 0.00000E+00 0.00000E+00 0.00000E+00 2.24383E-19 3.18548E-19 1.04554E-20 1.27393E-20 3.08480E-20 3.40247E-20 4.78585E-20 1.64086E-20 2.06514E-20
 3.00000E+03 7.07811E-19 0.00000E+00 0.00000E+00 0.00000E+00 0.00000E+00 0.00000E+00 0.00000E+00 0.00000E+00 2.15247E-19 3.05017E-19 1.01886E-20 1.24445E-20 2.99502E-20 3.27693E-20 4.60353E-20 1.54760E-20 1.94694E-20
 3.30100E+03 5.56243E-19 0.00000E+00 0.00000E+00 0.00000E+00 0.00000E+00 0.00000E+00 0.00000E+00 0.00000E+00 1.68697E-19 2.36935E-19 8.77998E-21 1.08475E-20 2.52759E-20 2.63850E-20 3.68170E-20 1.10815E-20 1.39077E-20
 3.30100E+03 6.11040E-19 0.00000E+00 0.00000E+00 0.00000E+00 0.00000E+00 0.00000E+00 0.00000E+00 5.47974E-20 1.68697E-19 2.36935E-19 8.77998E-21 1.08475E-20 2.52759E-20 2.63850E-20 3.68170E-20 1.10815E-20 1.39077E-20
 3.30402E+03 6.35355E-19 0.00000E+00 0.00000E+00 0.00000E+00 0.00000E+00 0.00000E+00 0.00000E+00 8.04184E-20 1.68293E-19 2.36352E-19 8.76746E-21 1.08328E-20 2.52341E-20 2.63290E-20 3.67365E-20 1.10457E-20 1.38625E-20
 3.30704E+03 6.43652E-19 0.00000E+00 0.00000E+00 0.00000E+00 0.00000E+00 0.00000E+00 0.00000E+00 9.00184E-20 1.67890E-19 2.35769E-19 8.75496E-21 1.08181E-20 2.51923E-20 2.62732E-20 3.66563E-20 1.10101E-20 1.38174E-20
 3.31007E+03 6.44655E-19 0.00000E+00 0.00000E+00 0.00000E+00 0.00000E+00 0.00000E+00 0.00000E+00 9.23211E-20 1.67488E-19 2.35188E-19 8.74248E-21 1.08035E-20 2.51506E-20 2.62174E-20 3.65762E-20 1.09746E-20 1.37725E-20
 3.31310E+03 6.43385E-19 0.00000E+00 0.00000E+00 0.00000E+00 0.00000E+00 0.00000E+00 0.00000E+00 9.23480E-20 1.67088E-19 2.34609E-19 8.73002E-21 1.07888E-20 2.51090E-20 2.61618E-20 3.64962E-20 1.09392E-20 1.37278E-20
 3.32524E+03 6.35552E-19 0.00000E+00 0.00000E+00 0.00000E+00 0.00000E+00 0.00000E+00 0.00000E+00 8.96707E-20 1.65494E-19 2.32305E-19 8.68034E-21 1.07304E-20 2.49432E-20 2.59406E-20 3.61783E-20 1.07987E-20 1.35502E-20
 3.34966E+03 6.26633E-19 0.00000E+00 0.00000E+00 0.00000E+00 0.00000E+00 0.00000E+00 0.00000E+00 9.09153E-20 1.62352E-19 2.27765E-19 8.58184E-21 1.06146E-20 2.46149E-20 2.55037E-20 3.55507E-20 1.05231E-20 1.32019E-20
 3.39904E+03 6.05258E-19 0.00000E+00 0.00000E+00 0.00000E+00 0.00000E+00 0.00000E+00 0.00000E+00 8.93491E-20 1.56246E-19 2.18894E-19 8.38817E-21 1.03866E-20 2.39711E-20 2.46518E-20 3.43279E-20 9.99277E-21 1.25319E-20
 3.50000E+03 5.63971E-19 0.00000E+00 0.00000E+00 0.00000E+00 0.00000E+00 0.00000E+00 0.00000E+00 8.55462E-20 1.44711E-19 2.02099E-19 8.01385E-21 9.94517E-21 2.27336E-20 2.30324E-20 3.20072E-20 9.01070E-21 1.12919E-20
 3.85200E+03 4.45010E-19 0.00000E+00 0.00000E+00 0.00000E+00 0.00000E+00 0.00000E+00 0.00000E+00 7.31768E-20 1.11711E-19 1.54897E-19 6.86918E-21 8.58084E-21 1.90371E-20 1.83147E-20 2.52839E-20 6.38146E-21 7.97682E-21
 3.85200E+03 4.61959E-19 0.00000E+00 0.00000E+00 0.00000E+00 0.00000E+00 0.00000E+00 1.69489E-20 7.31768E-20 1.11711E-19 1.54897E-19 6.86917E-21 8.58084E-21 1.90371E-20 1.83147E-20 2.52839E-20 6.38146E-21 7.97682E-21
 3.85427E+03 4.67793E-19 0.00000E+00 0.00000E+00 0.00000E+00 0.00000E+00 0.00000E+00 2.34354E-20 7.31046E-20 1.11531E-19 1.54641E-19 6.86266E-21 8.57290E-21 1.90161E-20 1.82885E-20 2.52467E-20 6.36794E-21 7.95980E-21
 3.85654E+03 4.70097E-19 0.00000E+00 0.00000E+00 0.00000E+00 0.00000E+00 0.00000E+00 2.63920E-20 7.30325E-20 1.11352E-19 1.54386E-19 6.85614E-21 8.56496E-21 1.89950E-20 1.82624E-20 2.52096E-20 6.35445E-21 7.94281E-21
 3.86109E+03 4.69993E-19 0.00000E+00 0.00000E+00 0.00000E+00 0.00000E+00 0.00000E+00 2.75884E-20 7.28884E-20 1.10993E-19 1.53876E-19 6.84314E-21 8.54910E-21 1.89531E-20 1.82101E-20 2.51355E-20 6.32755E-21 7.90894E-21
 3.87020E+03 4.66851E-19 0.00000E+00 0.00000E+00 0.00000E+00 0.00000E+00 0.00000E+00 2.70371E-20 7.26011E-20 1.10280E-19 1.52862E-19 6.81719E-21 8.51747E-21 1.88694E-20 1.81061E-20 2.49879E-20 6.27410E-21 7.84164E-21
 3.88848E+03 4.61688E-19 0.00000E+00 0.00000E+00 0.00000E+00 0.00000E+00 0.00000E+00 2.70068E-20 7.20299E-20 1.08867E-19 1.50853E-19 6.76561E-21 8.45457E-21 1.87032E-20 1.78999E-20 2.46952E-20 6.16854E-21 7.70875E-21
 3.92530E+03 4.51906E-19 0.00000E+00 0.00000E+00 0.00000E+00 0.00000E+00 0.00000E+00 2.73044E-20 7.09009E-20 1.06096E-19 1.46914E-19 6.66360E-21 8.33015E-21 1.83751E-20 1.74945E-20 2.41202E-20 5.96272E-21 7.44969E-21
 4.00000E+03 4.31977E-19 0.00000E+00 0.00000E+00 0.00000E+00 0.00000E+00 0.00000E+00 2.68139E-20 6.86957E-20 1.00762E-19 1.39343E-19 6.46418E-21 8.08678E-21 1.77362E-20 1.67110E-20 2.30101E-20 5.57127E-21 6.95720E-21
 4.16100E+03 3.92422E-19 0.00000E+00 0.00000E+00 0.00000E+00 0.00000E+00 0.00000E+00 2.56456E-20 6.41625E-20 9.03123E-20 1.24543E-19 6.05728E-21 7.58500E-21 1.64440E-20 1.51552E-20 2.08114E-20 4.81846E-21 6.01082E-21
 4.16100E+03 4.08109E-19 0.00000E+00 0.00000E+00 0.00000E+00 0.00000E+00 1.56875E-20 2.56456E-20 6.41625E-20 9.03123E-20 1.24543E-19 6.05728E-21 7.58500E-21 1.64440E-20 1.51552E-20 2.08114E-20 4.81846E-21 6.01082E-21
 4.18142E+03 4.05320E-19 0.00000E+00 0.00000E+00 0.00000E+00 0.00000E+00 1.75387E-20 2.55004E-20 6.36190E-20 8.90940E-20 1.22820E-19 6.00845E-21 7.52479E-21 1.62899E-20 1.49724E-20 2.05535E-20 4.73247E-21 5.90278E-21
 4.20194E+03 4.00689E-19 0.00000E+00 0.00000E+00 0.00000E+00 0.00000E+00 1.74901E-20 2.53560E-20 6.30801E-20 8.78921E-20 1.21120E-19 5.96001E-21 7.46506E-21 1.61373E-20 1.47918E-20 2.02987E-20 4.64801E-21 5.79668E-21
 4.24328E+03 3.91362E-19 0.00000E+00 0.00000E+00 0.00000E+00 0.00000E+00 1.71572E-20 2.50697E-20 6.20159E-20 8.55356E-20 1.17792E-19 5.86431E-21 7.34701E-21 1.58364E-20 1.44371E-20 1.97987E-20 4.48358E-21 5.59017E-21
 4.32718E+03 3.73412E-19 0.00000E+00 0.00000E+00 0.00000E+00 0.00000E+00 1.67584E-20 2.44738E-20 5.99026E-20 8.09557E-20 1.11331E-19 5.67748E-21 7.11648E-21 1.52513E-20 1.37425E-20 1.88209E-20 4.17198E-21 5.19896E-21
 4.50000E+03 3.40004E-19 0.00000E+00 0.00000E+00 0.00000E+00 0.00000E+00 1.59306E-20 2.33150E-20 5.58678E-20 7.25179E-20 9.94493E-20 5.32150E-21 6.67691E-21 1.41452E-20 1.24500E-20 1.70050E-20 3.61214E-21 4.49665E-21
 5.00000E+03 2.63427E-19 0.00000E+00 0.00000E+00 0.00000E+00 0.00000E+00 1.38060E-20 2.02247E-20 4.60502E-20 5.36459E-20 7.30228E-20 4.45531E-21 5.58696E-21 1.14901E-20 9.48554E-21 1.28634E-20 2.43410E-21 3.02119E-21
 5.50000E+03 2.08593E-19 0.00000E+00 0.00000E+00 0.00000E+00 0.00000E+00 1.20458E-20 1.75953E-20 3.84153E-20 4.06003E-20 5.49056E-20 3.78296E-21 4.72925E-21 9.47813E-21 7.36781E-21 9.92685E-21 1.69344E-21 2.09635E-21
 6.00000E+03 1.68245E-19 0.00000E+00 0.00000E+00 0.00000E+00 0.00000E+00 1.05877E-20 1.53719E-20 3.23856E-20 3.13370E-20 4.21230E-20 3.25049E-21 4.04426E-21 7.92100E-21 5.81887E-21 7.79299E-21 1.21050E-21 1.49465E-21
 7.00000E+03 1.14508E-19 0.00000E+00 0.00000E+00 0.00000E+00 0.00000E+00 8.33598E-21 1.18935E-20 2.36511E-20 1.96011E-20 2.60723E-20 2.47161E-21 3.03535E-21 5.71436E-21 3.78409E-21 5.01408E-21 6.60865E-22 8.12261E-22
 8.00000E+03 8.17575E-20 0.00000E+00 0.00000E+00 0.00000E+00 0.00000E+00 6.70861E-21 9.36951E-21 1.78017E-20 1.29268E-20 1.70362E-20 1.93967E-21 2.34408E-21 4.26889E-21 2.57550E-21 3.38049E-21 3.87266E-22 4.73980E-22
 9.00000E+03 6.05937E-20 0.00000E+00 0.00000E+00 0.00000E+00 0.00000E+00 5.50093E-21 7.50582E-21 1.37352E-20 8.89081E-21 1.16204E-20 1.56037E-21 1.85282E-21 3.27891E-21 1.81797E-21 2.36603E-21 2.39903E-22 2.92493E-22
 1.00000E+04 4.62700E-20 0.00000E+00 0.00000E+00 0.00000E+00 0.00000E+00 4.58208E-21 6.10379E-21 1.08208E-20 6.32672E-21 8.20678E-21 1.28067E-21 1.49296E-21 2.57615E-21 1.32228E-21 1.70764E-21 1.55428E-22 1.88839E-22
 1.10000E+04 3.62051E-20 0.00000E+00 0.00000E+00 0.00000E+00 0.00000E+00 3.86846E-21 5.03076E-21 8.67648E-21 4.63050E-21 5.96460E-21 1.06866E-21 1.22255E-21 2.06249E-21 9.86116E-22 1.26441E-21 1.04496E-22 1.26531E-22
 1.25000E+04 2.60071E-20 0.00000E+00 0.00000E+00 0.00000E+00 0.00000E+00 3.06575E-21 3.84775E-21 6.40425E-21 3.02752E-21 3.86247E-21 8.35531E-22 9.29115E-22 1.52110E-21 6.60229E-22 8.38307E-22 6.09484E-23 7.34631E-23
 1.38160E+04 2.00387E-20 0.00000E+00 0.00000E+00 0.00000E+00 0.00000E+00 2.54440E-21 3.09745E-21 5.01846E-21 2.15946E-21 2.73385E-21 6.87201E-22 7.45436E-22 1.19227E-21 4.79222E-22 6.03694E-22 3.97458E-23 4.77258E-23
 1.38160E+04 3.68955E-20 0.00000E+00 0.00000E+00 0.00000E+00 1.68568E-20 2.54440E-21 3.09745E-21 5.01846E-21 2.15946E-21 2.73385E-21 6.87201E-22 7.45436E-22 1.19227E-21 4.79222E-22 6.03694E-22 3.97458E-23 4.77258E-23
 1.38274E+04 4.96879E-20 0.00000E+00 0.00000E+00 0.00000E+00 2.96921E-20 2.54048E-21 3.09190E-21 5.00835E-21 2.15344E-21 2.72606E-21 6.86092E-22 7.44081E-22 1.18987E-21 4.77955E-22 6.02059E-22 3.96056E-23 4.75560E-23
 1.38389E+04 4.87756E-20 0.00000E+00 0.00000E+00 0.00000E+00 2.88224E-20 2.53657E-21 3.08636E-21 4.99827E-21 2.14743E-21 2.71829E-21 6.84985E-22 7.42728E-22 1.18748E-21 4.76691E-22 6.00428E-22 3.94660E-23 4.73869E-23
 1.38503E+04 4.88875E-20 0.00000E+00 0.00000E+00 0.00000E+00 2.89771E-20 2.53266E-21 3.08084E-21 4.98821E-21 2.14145E-21 2.71054E-21 6.83880E-22 7.41377E-22 1.18509E-21 4.75431E-22 5.98801E-22 3.93269E-23 4.72184E-23
 1.38618E+04 4.93117E-20 0.00000E+00 0.00000E+00 0.00000E+00 2.94437E-20 2.52876E-21 3.07532E-21 4.97817E-21 2.13548E-21 2.70281E-21 6.82776E-22 7.40029E-22 1.18271E-21 4.74174E-22 5.97179E-22 3.91882E-23 4.70504E-23
 1.38732E+04 4.94901E-20 0.00000E+00 0.00000E+00 0.00000E+00 2.96646E-20 2.52487E-21 3.06981E-21 4.96815E-21 2.12953E-21 2.69510E-21 6.81675E-22 7.38684E-22 1.18033E-21 4.72921E-22 5.95562E-22 3.90501E-23 4.68831E-23
 1.38847E+04 4.94085E-20 0.00000E+00 0.00000E+00 0.00000E+00 2.96254E-20 2.52098E-21 3.06432E-21 4.95815E-21 2.12359E-21 2.68742E-21 6.80575E-22 7.37341E-22 1.17795E-21 4.71671E-22 5.93948E-22 3.89124E-23 4.67163E-23
 1.39077E+04 4.90980E-20 0.00000E+00 0.00000E+00 0.00000E+00 2.93994E-20 2.51323E-21 3.05335E-21 4.93820E-21 2.11177E-21 2.67212E-21 6.78380E-22 7.34661E-22 1.17322E-21 4.69180E-22 5.90735E-22 3.86385E-23 4.63846E-23
 1.39538E+04 4.88318E-20 0.00000E+00 0.00000E+00 0.00000E+00 2.93009E-20 2.49779E-21 3.03154E-21 4.89856E-21 2.08833E-21 2.64178E-21 6.74012E-22 7.29333E-22 1.16381E-21 4.64238E-22 5.84360E-22 3.80965E-23 4.57283E-23
 1.40000E+04 4.83499E-20 0.00000E+00 0.00000E+00 0.00000E+00 2.89852E-20 2.48244E-21 3.00988E-21 4.85924E-21 2.06513E-21 2.61178E-21 6.69673E-22 7.24042E-22 1.15448E-21 4.59348E-22 5.78054E-22 3.75620E-23 4.50810E-23
 1.44914E+04 4.41647E-20 0.00000E+00 0.00000E+00 0.00000E+00 2.64720E-20 2.32553E-21 2.78830E-21 4.46090E-21 1.83577E-21 2.31538E-21 6.25615E-22 6.70202E-22 1.06013E-21 4.10671E-22 5.15369E-22 3.23713E-23 3.87980E-23
 1.50000E+04 4.02504E-20 0.00000E+00 0.00000E+00 0.00000E+00 2.40798E-20 2.17839E-21 2.58292E-21 4.09497E-21 1.63188E-21 2.05260E-21 5.84436E-22 6.20340E-22 9.73432E-22 3.67143E-22 4.59467E-22 2.78978E-23 3.33906E-23
 1.62440E+04 3.24465E-20 0.00000E+00 0.00000E+00 0.00000E+00 1.93319E-20 1.86778E-21 2.15775E-21 3.35109E-21 1.23905E-21 1.54834E-21 4.98387E-22 5.16944E-22 7.96365E-22 2.82218E-22 3.50863E-22 1.97131E-23 2.35168E-23
 1.62440E+04 4.00368E-20 0.00000E+00 0.00000E+00 7.59037E-21 1.93319E-20 1.86778E-21 2.15775E-21 3.35109E-21 1.23905E-21 1.54834E-21 4.98387E-22 5.16944E-22 7.96365E-22 2.82218E-22 3.50863E-22 1.97131E-23 2.35168E-23
 1.62546E+04 4.50876E-20 0.00000E+00 0.00000E+00 1.26988E-20 1.92968E-20 1.86543E-21 2.15452E-21 3.34552E-21 1.23626E-21 1.54477E-21 4.97737E-22 5.16172E-22 7.95055E-22 2.81610E-22 3.50088E-22 1.96571E-23 2.34494E-23
 1.62652E+04 4.45740E-20 0.00000E+00 0.00000E+00 1.22428E-20 1.92617E-20 1.86308E-21 2.15129E-21 3.33995E-21 1.23347E-21 1.54121E-21 4.97087E-22 5.15402E-22 7.93748E-22 2.81004E-22 3.49315E-22 1.96013E-23 2.33821E-23
 1.62758E+04 4.45591E-20 0.00000E+00 0.00000E+00 1.22853E-20 1.92267E-20 1.86073E-21 2.14807E-21 3.33439E-21 1.23069E-21 1.53765E-21 4.96439E-22 5.14632E-22 7.92443E-22 2.80399E-22 3.48544E-22 1.95456E-23 2.33151E-23
 1.62865E+04 4.47143E-20 0.00000E+00 0.00000E+00 1.24978E-20 1.91918E-20 1.85838E-21 2.14485E-21 3.32884E-21 1.22792E-21 1.53410E-21 4.95791E-22 5.13864E-22 7.91140E-22 2.79795E-22 3.47775E-22 1.94901E-23 2.32482E-23
 1.62971E+04 4.47929E-20 0.00000E+00 0.00000E+00 1.26336E-20 1.91569E-20 1.85604E-21 2.14164E-21 3.32329E-21 1.22515E-21 1.53056E-21 4.95145E-22 5.13096E-22 7.89840E-22 2.79192E-22 3.47007E-22 1.94347E-23 2.31815E-23
 1.63077E+04 4.47584E-20 0.00000E+00 0.00000E+00 1.26562E-20 1.91221E-20 1.85370E-21 2.13843E-21 3.31776E-21 1.22239E-21 1.52703E-21 4.94499E-22 5.12330E-22 7.88541E-22 2.78591E-22 3.46241E-22 1.93795E-23 2.31150E-23
 1.63291E+04 4.45984E-20 0.00000E+00 0.00000E+00 1.26102E-20 1.90527E-20 1.84903E-21 2.13203E-21 3.30672E-21 1.21689E-21 1.52000E-21 4.93210E-22 5.10802E-22 7.85950E-22 2.77393E-22 3.44715E-22 1.92695E-23 2.29826E-23
 1.64145E+04 4.40320E-20 0.00000E+00 0.00000E+00 1.24953E-20 1.87776E-20 1.83047E-21 2.10662E-21 3.26294E-21 1.19512E-21 1.49217E-21 4.88086E-22 5.04732E-22 7.75672E-22 2.72650E-22 3.38674E-22 1.88359E-23 2.24606E-23
 1.65869E+04 4.28325E-20 0.00000E+00 0.00000E+00 1.21796E-20 1.82391E-20 1.79391E-21 2.05669E-21 3.17711E-21 1.15274E-21 1.43803E-21 4.77999E-22 4.92808E-22 7.55518E-22 2.63407E-22 3.26910E-22 1.79976E-23 2.14518E-23
 1.69370E+04 4.05427E-20 0.00000E+00 0.00000E+00 1.15825E-20 1.72081E-20 1.72296E-21 1.96036E-21 3.01216E-21 1.07245E-21 1.33557E-21 4.58446E-22 4.69799E-22 7.16766E-22 2.45850E-22 3.04592E-22 1.64314E-23 1.95681E-23
 1.69370E+04 4.63000E-20 0.00000E+00 5.75729E-21 1.15825E-20 1.72081E-20 1.72296E-21 1.96036E-21 3.01216E-21 1.07245E-21 1.33557E-21 4.58446E-22 4.69799E-22 7.16766E-22 2.45850E-22 3.04592E-22 1.64314E-23 1.95681E-23
 1.69457E+04 4.66386E-20 0.00000E+00 6.15065E-21 1.15680E-20 1.71836E-20 1.72126E-21 1.95806E-21 3.00823E-21 1.07056E-21 1.33315E-21 4.57977E-22 4.69250E-22 7.15844E-22 2.45435E-22 3.04065E-22 1.63949E-23 1.95242E-23
 1.69543E+04 4.68031E-20 0.00000E+00 6.36979E-21 1.15534E-20 1.71592E-20 1.71956E-21 1.95577E-21 3.00431E-21 1.06867E-21 1.33075E-21 4.57510E-22 4.68701E-22 7.14923E-22 2.45022E-22 3.03540E-22 1.63584E-23 1.94803E-23
 1.69630E+04 4.68460E-20 0.00000E+00 6.46732E-21 1.15389E-20 1.71348E-20 1.71787E-21 1.95347E-21 3.00040E-21 1.06678E-21 1.32834E-21 4.57043E-22 4.68154E-22 7.14002E-22 2.44609E-22 3.03015E-22 1.63220E-23 1.94366E-23
 1.69717E+04 4.67915E-20 0.00000E+00 6.46732E-21 1.15244E-20 1.71104E-20 1.71617E-21 1.95118E-21 2.99649E-21 1.06490E-21 1.32594E-21 4.56576E-22 4.67606E-22 7.13083E-22 2.44196E-22 3.02492E-22 1.62857E-23 1.93929E-23
 1.70064E+04 4.64711E-20 0.00000E+00 6.36423E-21 1.14667E-20 1.70133E-20 1.70941E-21 1.94205E-21 2.98090E-21 1.05740E-21 1.31639E-21 4.54714E-22 4.65424E-22 7.09419E-22 2.42554E-22 3.00406E-22 1.61413E-23 1.92193E-23
 1.70760E+04 4.60197E-20 0.00000E+00 6.34392E-21 1.13520E-20 1.68206E-20 1.69597E-21 1.92390E-21 2.94996E-21 1.04257E-21 1.29749E-21 4.51013E-22 4.61089E-22 7.02147E-22 2.39302E-22 2.96278E-22 1.58563E-23 1.88768E-23
 1.72162E+04 4.50911E-20 0.00000E+00 6.26580E-21 1.11235E-20 1.64419E-20 1.66939E-21 1.88812E-21 2.88904E-21 1.01352E-21 1.26049E-21 4.43700E-22 4.52541E-22 6.87826E-22 2.32928E-22 2.88191E-22 1.53012E-23 1.82098E-23
 1.75000E+04 4.32729E-20 0.00000E+00 6.09718E-21 1.06767E-20 1.57098E-20 1.61749E-21 1.81854E-21 2.77096E-21 9.57828E-22 1.18963E-21 4.29429E-22 4.35917E-22 6.60055E-22 2.20685E-22 2.72674E-22 1.42487E-23 1.69458E-23
 2.00000E+04 3.08006E-20 0.00000E+00 4.83758E-21 7.61894E-21 1.07603E-20 1.24225E-21 1.32912E-21 1.95817E-21 5.99386E-22 7.36070E-22 3.27345E-22 3.18522E-22 4.67625E-22 1.40724E-22 1.71890E-22 7.90126E-24 9.34231E-24
 2.20000E+04 2.40965E-20 0.00000E+00 4.07522E-21 5.95151E-21 8.17952E-21 1.02551E-21 1.05722E-21 1.52103E-21 4.27311E-22 5.20390E-22 2.68985E-22 2.53470E-22 3.63984E-22 1.01577E-22 1.23031E-22 5.16734E-24 6.08324E-24
 2.50000E+04 1.72846E-20 0.00000E+00 3.21188E-21 4.24626E-21 5.63526E-21 7.89576E-22 7.72853E-22 1.07730E-21 2.70158E-22 3.25214E-22 2.05993E-22 1.85511E-22 2.58581E-22 6.52119E-23 7.80672E-23 2.91083E-24 3.40579E-24
 3.00000E+04 1.07060E-20 0.00000E+00 2.25496E-21 2.59563E-21 3.28247E-21 5.39350E-22 4.88578E-22 6.51204E-22 1.39278E-22 1.64795E-22 1.39827E-22 1.17581E-22 1.57023E-22 3.42850E-23 4.03369E-23 1.27485E-24 1.47779E-24
 3.50000E+04 7.11113E-21 0.00000E+00 1.65215E-21 1.69712E-21 2.06238E-21 3.87909E-22 3.28284E-22 4.21275E-22 7.89778E-23 9.20333E-23 1.00135E-22 7.92224E-23 1.01990E-22 1.97316E-23 2.28610E-23 6.31155E-25 7.25585E-25
 4.00000E+04 4.97566E-21 0.00000E+00 1.25135E-21 1.16787E-21 1.37172E-21 2.90002E-22 2.31059E-22 2.86898E-22 4.80950E-23 5.52773E-23 7.46343E-23 5.59090E-23 6.97023E-23 1.21564E-23 1.38916E-23 3.42251E-25 3.90546E-25
 4.50000E+04 3.62461E-21 0.00000E+00 9.73358E-22 8.36671E-22 9.53777E-22 2.23457E-22 1.68690E-22 2.03420E-22 3.09539E-23 3.51370E-23 5.73821E-23 4.09214E-23 4.95751E-23 7.89869E-24 8.91398E-24 1.99116E-25 2.25665E-25
 5.00000E+04 2.72663E-21 0.00000E+00 7.73868E-22 6.19184E-22 6.87249E-22 1.76416E-22 1.26864E-22 1.49004E-22 2.08263E-23 2.33713E-23 4.52283E-23 3.08467E-23 3.64131E-23 5.35670E-24 5.97625E-24 1.22519E-25 1.37972E-25
 5.50000E+04 2.10562E-21 0.00000E+00 6.26620E-22 4.70661E-22 5.09914E-22 1.42090E-22 9.77776E-23 1.12117E-22 1.45323E-23 1.61350E-23 3.63827E-23 2.38248E-23 2.74658E-23 3.76265E-24 4.15363E-24 7.89093E-26 8.83311E-26
 6.00000E+04 1.66190E-21 0.00000E+00 5.15335E-22 3.65882E-22 3.87713E-22 1.16376E-22 7.69315E-23 8.62880E-23 1.04525E-23 1.14920E-23 2.97702E-23 1.87820E-23 2.11844E-23 2.72176E-24 2.97531E-24 5.27858E-26 5.87578E-26
 7.00000E+04 1.09123E-21 0.00000E+00 3.62179E-22 2.33532E-22 2.37887E-22 8.13221E-23 5.00914E-23 5.40091E-23 5.82062E-24 6.28738E-24 2.07754E-23 1.22709E-23 1.33090E-23 1.52978E-24 1.64304E-24 2.58892E-26 2.85292E-26
 8.00000E+04 7.57103E-22 0.00000E+00 2.65226E-22 1.57906E-22 1.55401E-22 5.93397E-23 3.44123E-23 3.58416E-23 3.50269E-24 3.72495E-24 1.51467E-23 8.45380E-24 8.85899E-24 9.27115E-25 9.80474E-25 1.39872E-26 1.52716E-26
 9.00000E+04 5.48057E-22 0.00000E+00 2.00638E-22 1.11663E-22 1.06580E-22 4.47871E-23 2.46518E-23 2.48971E-23 2.23762E-24 2.34744E-24 1.14259E-23 6.07068E-24 6.16944E-24 5.95704E-25 6.21441E-25 8.14183E-27 8.81680E-27
 9.31060E+04 4.99216E-22 0.00000E+00 1.84956E-22 1.01033E-22 9.55826E-23 4.12675E-23 2.23826E-23 2.24043E-23 1.96703E-24 2.05541E-24 1.05268E-23 5.51553E-24 5.55555E-24 5.24449E-25 5.44974E-25 6.97131E-27 7.53137E-27
 9.31060E+04 2.14431E-21 1.64509E-21 1.84956E-22 1.01033E-22 9.55826E-23 4.12675E-23 2.23826E-23 2.24043E-23 1.96703E-24 2.05541E-24 1.05267E-23 5.51553E-24 5.55555E-24 5.24449E-25 5.44974E-25 6.97131E-27 7.53137E-27
 9.31580E+04 2.30648E-21 1.80803E-21 1.84709E-22 1.00867E-22 9.54116E-23 4.12120E-23 2.23470E-23 2.23654E-23 1.96286E-24 2.05093E-24 1.05126E-23 5.50683E-24 5.54598E-24 5.23351E-25 5.43799E-25 6.95353E-27 7.51188E-27
 9.32100E+04 2.30665E-21 1.80896E-21 1.84462E-22 1.00701E-22 9.52408E-23 4.11565E-23 2.23116E-23 2.23267E-23 1.95871E-24 2.04645E-24 1.04984E-23 5.49815E-24 5.53642E-24 5.22256E-25 5.42626E-25 6.93580E-27 7.49243E-27
 9.32620E+04 2.30045E-21 1.80353E-21 1.84215E-22 1.00535E-22 9.50704E-23 4.11011E-23 2.22762E-23 2.22880E-23 1.95456E-24 2.04198E-24 1.04843E-23 5.48949E-24 5.52689E-24 5.21163E-25 5.41455E-25 6.91812E-27 7.47304E-27
 9.33141E+04 2.30072E-21 1.80455E-21 1.83969E-22 1.00370E-22 9.49002E-23 4.10458E-23 2.22408E-23 2.22493E-23 1.95042E-24 2.03753E-24 1.04701E-23 5.48084E-24 5.51737E-24 5.20072E-25 5.40287E-25 6.90048E-27 7.45369E-27
 9.35226E+04 2.28737E-21 1.79424E-21 1.82986E-22 9.97113E-23 9.42227E-23 4.08254E-23 2.21000E-23 2.20954E-23 1.93395E-24 2.01980E-24 1.04138E-23 5.44636E-24 5.47945E-24 5.15731E-25 5.35640E-25 6.83037E-27 7.37682E-27
 9.39411E+04 2.26208E-21 1.77496E-21 1.81037E-22 9.84073E-23 9.28821E-23 4.03880E-23 2.18209E-23 2.17908E-23 1.90143E-24 1.98480E-24 1.03021E-23 5.37806E-24 5.40440E-24 5.07158E-25 5.26465E-25 6.69229E-27 7.22543E-27
 9.47836E+04 2.21120E-21 1.73589E-21 1.77200E-22 9.58502E-23 9.02579E-23 3.95273E-23 2.12734E-23 2.11941E-23 1.83801E-24 1.91661E-24 1.00823E-23 5.24402E-24 5.25736E-24 4.90436E-25 5.08584E-25 6.42444E-27 6.93192E-27
 9.64915E+04 2.11381E-21 1.66124E-21 1.69770E-22 9.09336E-23 8.52297E-23 3.78606E-23 2.02191E-23 2.00493E-23 1.71746E-24 1.78717E-24 9.65656E-24 4.98589E-24 4.97518E-24 4.58630E-25 4.74623E-25 5.92047E-27 6.38018E-27
 1.00000E+05 1.92980E-21 1.51946E-21 1.55830E-22 8.18440E-23 7.59982E-23 3.47349E-23 1.82648E-23 1.79419E-23 1.49956E-24 1.55393E-24 8.85831E-24 4.50710E-24 4.45544E-24 4.01071E-25 4.13354E-25 5.02804E-27 5.40496E-27
 1.10000E+05 1.51038E-21 1.19459E-21 1.23703E-22 6.17747E-23 5.59474E-23 2.75489E-23 1.39128E-23 1.33263E-23 1.04488E-24 1.07105E-24 7.02412E-24 3.43919E-24 3.31527E-24 2.80537E-25 2.86025E-25 3.25888E-27 3.48012E-27
 1.25000E+05 1.08425E-21 8.61972E-22 9.04901E-23 4.23605E-23 3.70975E-23 2.01386E-23 9.64908E-24 8.93392E-24 6.44637E-25 6.51549E-25 5.13378E-24 2.39061E-24 2.22764E-24 1.73917E-25 1.74838E-25 1.82900E-27 1.93655E-27
 1.40000E+05 8.06367E-22 6.43492E-22 6.84214E-23 3.03337E-23 2.57857E-23 1.52240E-23 6.97336E-24 6.26519E-24 4.21147E-25 4.20514E-25 3.88070E-24 1.73092E-24 1.56511E-24 1.14041E-25 1.13287E-25 1.10211E-27 1.15841E-27
 1.50000E+05 6.72855E-22 5.38025E-22 5.76624E-23 2.47639E-23 2.06740E-23 1.28304E-23 5.72283E-24 5.04845E-24 3.25401E-25 3.22677E-25 3.27054E-24 1.42201E-24 1.26252E-24 8.82970E-26 8.71100E-26 8.11138E-28 8.49118E-28
 1.75000E+05 4.48536E-22 3.60022E-22 3.92755E-23 1.57668E-23 1.26461E-23 8.74242E-24 3.68292E-24 3.11988E-24 1.83649E-25 1.79515E-25 2.22863E-24 9.17189E-25 7.81945E-25 5.00563E-26 4.86864E-26 4.12418E-28 4.28051E-28
 2.00000E+05 3.15629E-22 2.54023E-22 2.81312E-23 1.06931E-23 8.28929E-24 6.26539E-24 2.51864E-24 2.06113E-24 1.12566E-25 1.08855E-25 1.59737E-24 6.28334E-25 5.17470E-25 3.07810E-26 2.96212E-26 2.31953E-28 2.39321E-28
 2.20000E+05 2.45772E-22 1.98128E-22 2.21678E-23 8.12167E-24 6.14773E-24 4.93969E-24 1.92332E-24 1.53633E-24 7.96645E-26 7.65484E-26 1.25952E-24 4.80371E-25 3.86143E-25 2.18331E-26 2.08769E-26 1.54690E-28 1.59056E-28
 2.50000E+05 1.76032E-22 1.42186E-22 1.61161E-23 5.63504E-24 4.13493E-24 3.59377E-24 1.34317E-24 1.03961E-24 5.04206E-26 4.81059E-26 9.16481E-25 3.35954E-25 2.61645E-25 1.38517E-26 1.31556E-26 9.05227E-29 9.28948E-29
 3.00000E+05 1.09977E-22 8.90497E-23 1.02602E-23 3.37311E-24 2.37307E-24 2.29030E-24 8.10535E-25 6.01027E-25 2.65990E-26 2.52397E-26 5.84203E-25 2.03085E-25 1.51517E-25 7.33265E-27 6.92444E-27 4.30466E-29 4.42037E-29
 3.50000E+05 7.44235E-23 6.03775E-23 7.03774E-24 2.20553E-24 1.50116E-24 1.57219E-24 5.33029E-25 3.82161E-25 1.57157E-26 1.49043E-26 4.01098E-25 1.33729E-25 9.64519E-26 4.34062E-27 4.09789E-27 2.34286E-29 2.41394E-29
 4.00000E+05 5.34256E-23 4.34125E-23 5.10205E-24 1.53842E-24 1.01977E-24 1.14038E-24 3.73425E-25 2.60573E-25 1.00754E-26 9.58547E-27 2.90971E-25 9.37735E-26 6.58210E-26 2.78821E-27 2.64047E-27 1.40582E-29 1.46103E-29
 4.50000E+05 4.01228E-23 3.26491E-23 3.85954E-24 1.12731E-24 7.31367E-25 8.62980E-25 2.74538E-25 1.87394E-25 6.87925E-27 6.57833E-27 2.20209E-25 6.89920E-26 4.73644E-26 1.90562E-27 1.81421E-27 9.08306E-30 9.51068E-30
 5.00000E+05 3.12202E-23 2.54369E-23 3.01942E-24 8.58681E-25 5.47275E-25 6.75288E-25 2.09651E-25 1.40511E-25 4.92972E-27 4.74761E-27 1.72323E-25 5.27167E-26 3.55314E-26 1.36729E-27 1.31036E-27 6.20565E-30 6.57000E-30
 5.50000E+05 2.49947E-23 2.03879E-23 2.42713E-24 6.74748E-25 4.23680E-25 5.42890E-25 1.65081E-25 1.08949E-25 3.67317E-27 3.56499E-27 1.38541E-25 4.15282E-26 2.75606E-26 1.01985E-27 9.85007E-28 4.44065E-30 4.75676E-30
 6.00000E+05 2.04819E-23 1.67241E-23 1.99498E-24 5.43911E-25 3.37220E-25 4.46249E-25 1.33288E-25 8.68237E-26 2.82723E-27 2.76621E-27 1.13881E-25 3.35417E-26 2.19694E-26 7.85131E-28 7.64821E-28 3.29955E-30 3.57746E-30
 7.00000E+05 1.45288E-23 1.18845E-23 1.42089E-24 3.75412E-25 2.28039E-25 3.17819E-25 9.22168E-26 5.88147E-26 1.80503E-27 1.79692E-27 8.11041E-26 2.32200E-26 1.48881E-26 5.01808E-28 4.97202E-28 1.97841E-30 2.21145E-30
 8.00000E+05 1.08963E-23 8.92633E-24 1.06809E-24 2.75577E-25 1.64763E-25 2.38869E-25 6.78115E-26 4.25415E-26 1.24418E-27 1.25930E-27 6.09544E-26 1.70811E-26 1.07713E-26 3.46208E-28 3.48778E-28 1.30264E-30 1.48955E-30
 9.00000E+05 8.51741E-24 6.98598E-24 8.35942E-25 2.11828E-25 1.25036E-25 1.86912E-25 5.21896E-26 3.23067E-26 9.08630E-28 9.34039E-28 4.76939E-26 1.31492E-26 8.18112E-27 2.52907E-28 2.58702E-28 9.14493E-31 1.06941E-30
 1.00000E+06 6.87289E-24 5.64279E-24 6.74945E-25 1.68718E-25 9.85241E-26 1.50881E-25 4.16039E-26 2.54667E-26 6.92861E-28 7.22705E-28 3.84974E-26 1.04847E-26 6.44971E-27 1.92977E-28 2.00221E-28 6.73516E-31 8.06959E-31
 1.10000E+06 5.68674E-24 4.67279E-24 5.58565E-25 1.38210E-25 7.99616E-26 1.24837E-25 3.41029E-26 2.06736E-26 5.46798E-28 5.77901E-28 3.18504E-26 8.59550E-27 5.23617E-27 1.52378E-28 1.60229E-28 5.16007E-31 6.31724E-31
 1.25000E+06 4.44034E-24 3.65217E-24 4.36062E-25 1.06778E-25 6.10380E-26 9.74253E-26 2.63660E-26 1.57845E-26 4.03549E-28 4.33807E-28 2.48547E-26 6.64631E-27 3.99796E-27 1.12502E-28 1.20284E-28 3.67218E-31 4.61928E-31
 1.40000E+06 3.58806E-24 2.95332E-24 3.52187E-25 8.57121E-26 4.84895E-26 7.86614E-26 2.11736E-26 1.25404E-26 3.12085E-28 3.40415E-28 2.00663E-26 5.33779E-27 3.17624E-27 8.69689E-29 9.43798E-29 2.76301E-31 3.54231E-31
 1.50000E+06 3.16026E-24 2.60220E-24 3.10059E-25 7.52828E-26 4.23247E-26 6.92388E-26 1.86006E-26 1.09460E-26 2.68243E-28 2.95141E-28 1.76617E-26 4.68959E-27 2.77243E-27 7.47969E-29 8.18337E-29 2.33211E-31 3.03957E-31
 1.75000E+06 2.39740E-24 1.97541E-24 2.34910E-25 5.69439E-26 3.15779E-26 5.24350E-26 1.40736E-26 8.16575E-27 1.93962E-28 2.17323E-28 1.33737E-26 3.54851E-27 2.06822E-27 5.41233E-29 6.02946E-29 1.62729E-31 2.18696E-31
 2.00000E+06 1.90237E-24 1.56820E-24 1.86145E-25 4.52253E-26 2.47881E-26 4.15341E-26 1.11797E-26 6.40905E-27 1.48849E-28 1.69100E-28 1.05926E-26 2.81904E-27 1.62319E-27 4.15383E-29 4.69303E-29 1.21053E-31 1.67389E-31
 2.20000E+06 1.61980E-24 1.33577E-24 1.58286E-25 3.84538E-26 2.10698E-26 3.52591E-26 9.49033E-27 5.44015E-27 1.26339E-28 1.43525E-28 8.98853E-27 2.39211E-27 1.37734E-27 3.52459E-29 3.98210E-29 1.02712E-31 1.42027E-31
 2.50000E+06 1.31285E-24 1.08319E-24 1.28061E-25 3.11079E-26 1.70379E-26 2.84676E-26 7.66198E-27 4.39170E-27 1.01982E-28 1.15853E-28 7.25353E-27 1.93034E-27 1.11144E-27 2.84404E-29 3.21320E-29 8.28756E-32 1.14598E-31
 3.00000E+06 9.83338E-25 8.11978E-25 9.56182E-26 2.32241E-26 1.27135E-26 2.12005E-26 5.70574E-27 3.27005E-27 7.59284E-29 8.62535E-29 5.39844E-27 1.43662E-27 8.27143E-28 2.11648E-29 2.39119E-29 6.16706E-32 8.52760E-32
 3.50000E+06 7.77401E-25 6.42487E-25 7.53208E-26 1.82925E-26 1.00101E-26 1.66684E-26 4.48579E-27 2.57066E-27 5.96849E-29 6.78000E-29 4.24240E-27 1.12895E-27 6.49989E-28 1.66313E-29 1.87899E-29 4.84585E-32 6.70068E-32
 4.00000E+06 6.38416E-25 5.28112E-25 6.16057E-26 1.49606E-26 8.18445E-27 1.36133E-26 3.66350E-27 2.09930E-27 4.87383E-29 5.53643E-29 3.46359E-27 9.21690E-28 5.30650E-28 1.35774E-29 1.53396E-29 3.95592E-32 5.47011E-32
 4.50000E+06 5.39206E-25 4.46474E-25 5.18081E-26 1.25806E-26 6.88088E-27 1.14351E-26 3.07723E-27 1.76326E-27 4.09349E-29 4.64995E-29 2.90856E-27 7.73982E-28 4.45604E-28 1.14012E-29 1.28809E-29 3.32176E-32 4.59321E-32
 5.00000E+06 4.65294E-25 3.85649E-25 4.45082E-26 1.08074E-26 5.91000E-27 9.81465E-27 2.64111E-27 1.51330E-27 3.51307E-29 3.99060E-29 2.49582E-27 6.64145E-28 3.82363E-28 9.78297E-30 1.10526E-29 2.85023E-32 3.94119E-32
 5.50000E+06 4.08346E-25 3.38773E-25 3.88873E-26 9.44221E-27 5.16266E-27 8.56853E-27 2.30574E-27 1.32110E-27 3.06679E-29 3.48362E-29 2.17852E-27 5.79706E-28 3.33747E-28 8.53899E-30 9.64718E-30 2.48775E-32 3.43997E-32
 6.00000E+06 3.63293E-25 3.01682E-25 3.44432E-26 8.36288E-27 4.57195E-27 7.58436E-27 2.04088E-27 1.16931E-27 2.71436E-29 3.08328E-29 1.92799E-27 5.13037E-28 2.95362E-28 7.55683E-30 8.53754E-30 2.20158E-32 3.04426E-32
 7.00000E+06 2.96795E-25 2.46906E-25 2.78982E-26 6.77340E-27 3.70224E-27 6.13679E-27 1.65131E-27 9.46065E-28 2.19605E-29 2.49450E-29 1.55961E-27 4.15007E-28 2.38922E-28 6.11272E-30 6.90600E-30 1.78081E-32 2.46244E-32
 8.00000E+06 2.50301E-25 2.08572E-25 2.33401E-26 5.66652E-27 3.09676E-27 5.13010E-27 1.38040E-27 7.90830E-28 1.83566E-29 2.08512E-29 1.30352E-27 3.46859E-28 1.99687E-28 5.10884E-30 5.77183E-30 1.48832E-32 2.05800E-32
 9.00000E+06 2.16094E-25 1.80337E-25 2.00027E-26 4.85612E-27 2.65356E-27 4.39383E-27 1.18227E-27 6.77302E-28 1.57211E-29 1.78573E-29 1.11627E-27 2.97030E-28 1.71000E-28 4.37485E-30 4.94259E-30 1.27448E-32 1.76230E-32
 1.00000E+07 1.89938E-25 1.58724E-25 1.74640E-26 4.23968E-27 2.31649E-27 3.83425E-27 1.03169E-27 5.91024E-28 1.37182E-29 1.55822E-29 9.73984E-28 2.59169E-28 1.49202E-28 3.81715E-30 4.31250E-30 1.11199E-32 1.53762E-32
 1.10000E+07 1.68640E-25 1.40986E-25 1.54738E-26 3.75646E-27 2.05230E-27 3.39591E-27 9.13737E-28 5.23443E-28 1.21494E-29 1.38002E-29 8.62549E-28 2.29516E-28 1.32130E-28 3.38037E-30 3.81904E-30 9.84745E-33 1.36167E-32
 1.25000E+07 1.44102E-25 1.20534E-25 1.31895E-26 3.20183E-27 1.74911E-27 2.89314E-27 7.78447E-28 4.45931E-28 1.03501E-29 1.17564E-29 7.34756E-28 1.95510E-28 1.12553E-28 2.87949E-30 3.25316E-30 8.38822E-33 1.15989E-32
 1.40000E+07 1.25612E-25 1.05111E-25 1.14745E-26 2.78545E-27 1.52153E-27 2.51596E-27 6.76954E-28 3.87784E-28 9.00037E-30 1.02232E-29 6.38903E-28 1.70004E-28 9.78692E-29 2.50380E-30 2.82872E-30 7.29375E-33 1.00855E-32
 1.50000E+07 1.15644E-25 9.67913E-26 1.05522E-26 2.56154E-27 1.39917E-27 2.31323E-27 6.22404E-28 3.56533E-28 8.27496E-30 9.39924E-30 5.87390E-28 1.56297E-28 8.99779E-29 2.30191E-30 2.60063E-30 6.70559E-33 9.27222E-33
 1.75000E+07 9.63647E-26 8.06918E-26 8.77355E-27 2.12973E-27 1.16320E-27 1.92246E-27 5.17257E-28 2.96295E-28 6.87676E-30 7.81105E-30 4.88109E-28 1.29879E-28 7.47691E-29 1.91281E-30 2.16103E-30 5.57206E-33 7.70483E-33
 2.00000E+07 8.24878E-26 6.90956E-26 7.49753E-27 1.81995E-27 9.93943E-28 1.64230E-27 4.41875E-28 2.53111E-28 5.87443E-30 6.67251E-30 4.16944E-28 1.10943E-28 6.38675E-29 1.63391E-30 1.84593E-30 4.75957E-33 6.58134E-33
 2.20000E+07 7.39203E-26 6.19327E-26 6.71158E-27 1.62915E-27 8.89705E-28 1.46983E-27 3.95468E-28 2.26526E-28 5.25738E-30 5.97162E-30 3.73137E-28 9.92858E-29 5.71568E-29 1.46222E-30 1.65197E-30 4.25944E-33 5.88978E-33
 2.50000E+07 6.39125E-26 5.35620E-26 5.79540E-27 1.40674E-27 7.68205E-28 1.26886E-27 3.41392E-28 1.95550E-28 4.53840E-30 5.15495E-30 3.22096E-28 8.57045E-29 4.93382E-29 1.26220E-30 1.42599E-30 3.67674E-33 5.08405E-33
 3.00000E+07 5.20903E-26 4.36686E-26 4.71585E-27 1.14468E-27 6.25057E-28 1.03217E-27 2.77708E-28 1.59069E-28 3.69170E-30 4.19321E-30 2.61992E-28 6.97117E-29 4.01313E-29 1.02666E-30 1.15988E-30 2.99059E-33 4.13527E-33
 3.50000E+07 4.39251E-26 3.68321E-26 3.97206E-27 9.64131E-28 5.26443E-28 8.69171E-28 2.33852E-28 1.33947E-28 3.10865E-30 3.53095E-30 2.20607E-28 5.86997E-29 3.37919E-29 8.64475E-31 9.76653E-31 2.51816E-33 3.48200E-33
 4.00000E+07 3.79557E-26 3.18323E-26 3.42929E-27 8.32377E-28 4.54487E-28 7.50270E-28 2.01861E-28 1.15622E-28 2.68334E-30 3.04786E-30 1.90420E-28 5.06674E-29 2.91679E-29 7.46180E-31 8.43007E-31 2.17356E-33 3.00551E-33
 4.50000E+07 3.34054E-26 2.80199E-26 3.01612E-27 7.32086E-28 3.99716E-28 6.59786E-28 1.77516E-28 1.01677E-28 2.35969E-30 2.68024E-30 1.67450E-28 4.45552E-29 2.56492E-29 6.56164E-31 7.41310E-31 1.91135E-33 2.64293E-33
 5.00000E+07 2.98238E-26 2.50185E-26 2.69128E-27 6.53235E-28 3.56656E-28 5.88662E-28 1.58379E-28 9.07157E-29 2.10530E-30 2.39128E-30 1.49395E-28 3.97511E-29 2.28836E-29 5.85412E-31 6.61376E-31 1.70525E-33 2.35794E-33
 5.50000E+07 2.69325E-26 2.25951E-26 2.42928E-27 5.89640E-28 3.21929E-28 5.31308E-28 1.42948E-28 8.18767E-29 1.90016E-30 2.15828E-30 1.34836E-28 3.58773E-29 2.06535E-29 5.28361E-31 5.96922E-31 1.53906E-33 2.12815E-33
 6.00000E+07 2.45501E-26 2.05979E-26 2.21356E-27 5.37278E-28 2.93336E-28 4.84091E-28 1.30244E-28 7.46001E-29 1.73128E-30 1.96646E-30 1.22851E-28 3.26883E-29 1.88177E-29 4.81396E-31 5.43863E-31 1.40225E-33 1.93898E-33
 7.00000E+07 2.08561E-26 1.75007E-26 1.87939E-27 4.56165E-28 2.49045E-28 4.10962E-28 1.10568E-28 6.33301E-29 1.46972E-30 1.66937E-30 1.04289E-28 2.77494E-29 1.59745E-29 4.08660E-31 4.61688E-31 1.19038E-33 1.64601E-33
 8.00000E+07 1.81259E-26 1.52111E-26 1.63264E-27 3.96273E-28 2.16343E-28 3.56974E-28 9.60429E-29 5.50102E-29 1.27664E-30 1.45005E-30 9.05871E-29 2.41034E-29 1.38756E-29 3.54966E-31 4.01027E-31 1.03397E-33 1.42973E-33
 9.00000E+07 1.60264E-26 1.34502E-26 1.44304E-27 3.50251E-28 1.91215E-28 3.15495E-28 8.48831E-29 4.86180E-29 1.12829E-30 1.28155E-30 8.00599E-29 2.13023E-29 1.22631E-29 3.13714E-31 3.54422E-31 9.13809E-34 1.26358E-33
 1.00000E+08 1.43620E-26 1.20540E-26 1.29282E-27 3.13788E-28 1.71307E-28 2.82636E-28 7.60423E-29 4.35542E-29 1.01077E-30 1.14807E-30 7.17206E-29 1.90834E-29 1.09857E-29 2.81036E-31 3.17504E-31 8.18621E-34 1.13195E-33
 1.10000E+08 1.30103E-26 1.09200E-26 1.17087E-27 2.84191E-28 1.55147E-28 2.55966E-28 6.88666E-29 3.94442E-29 9.15387E-31 1.03973E-30 6.49521E-29 1.72824E-29 9.94895E-30 2.54513E-31 2.87539E-31 7.41363E-34 1.02513E-33
 1.25000E+08 1.14003E-26 9.56922E-27 1.02570E-27 2.48954E-28 1.35909E-28 2.24217E-28 6.03247E-29 3.45516E-29 8.01842E-31 9.10760E-31 5.68949E-29 1.51386E-29 8.71480E-30 2.22941E-31 2.51870E-31 6.49396E-34 8.97958E-34
 1.40000E+08 1.01446E-26 8.51552E-27 9.12522E-28 2.21483E-28 1.20911E-28 1.99467E-28 5.36659E-29 3.07376E-29 7.13330E-31 8.10225E-31 5.06143E-29 1.34674E-29 7.75275E-30 1.98330E-31 2.24066E-31 5.77707E-34 7.98830E-34
 1.50000E+08 9.45044E-27 7.93305E-27 8.49982E-28 2.06304E-28 1.12624E-28 1.85793E-28 4.99867E-29 2.86303E-29 6.64424E-31 7.54677E-31 4.71440E-29 1.25440E-29 7.22120E-30 1.84732E-31 2.08703E-31 5.38097E-34 7.44059E-34
 1.75000E+08 8.06976E-27 6.77439E-27 7.25629E-28 1.76121E-28 9.61459E-29 1.58603E-28 4.26715E-29 2.44404E-29 5.67188E-31 6.44232E-31 4.02444E-29 1.07082E-29 6.16436E-30 1.57696E-31 1.78158E-31 4.59344E-34 6.35162E-34
 2.00000E+08 7.04090E-27 5.91090E-27 6.33001E-28 1.53638E-28 8.38719E-29 1.38352E-28 3.72230E-29 2.13197E-29 4.94765E-31 5.61972E-31 3.51055E-29 9.34084E-30 5.37721E-30 1.37559E-31 1.55409E-31 4.00689E-34 5.54056E-34
 2.20000E+08 6.38915E-27 5.36387E-27 5.74340E-28 1.39400E-28 7.60990E-29 1.25528E-28 3.37727E-29 1.93435E-29 4.48904E-31 5.09880E-31 3.18513E-29 8.47497E-30 4.87876E-30 1.24808E-31 1.41003E-31 3.63546E-34 5.02696E-34
 2.50000E+08 5.61011E-27 4.70997E-27 5.04240E-28 1.22386E-28 6.68104E-29 1.10204E-28 2.96498E-29 1.69821E-29 3.94102E-31 4.47634E-31 2.79628E-29 7.44031E-30 4.28314E-30 1.09571E-31 1.23789E-31 3.19162E-34 4.41324E-34
 3.00000E+08 4.66249E-27 3.91453E-27 4.18997E-28 1.01696E-28 5.55155E-29 9.15705E-29 2.46366E-29 1.41107E-29 3.27465E-31 3.71946E-31 2.32346E-29 6.18225E-30 3.55891E-30 9.10434E-32 1.02857E-31 2.65195E-34 3.66701E-34
 3.50000E+08 3.98869E-27 3.34890E-27 3.58402E-28 8.69889E-29 4.74867E-29 7.83259E-29 2.10732E-29 1.20697E-29 2.80101E-31 3.18148E-31 1.98739E-29 5.28802E-30 3.04414E-30 7.78745E-32 8.79796E-32 2.26836E-34 3.13660E-34
 4.00000E+08 3.48503E-27 2.92608E-27 3.13117E-28 7.59975E-29 4.14864E-29 6.84280E-29 1.84102E-29 1.05445E-29 2.44704E-31 2.77943E-31 1.73624E-29 4.61976E-30 2.65944E-30 6.80333E-32 7.68613E-32 1.98170E-34 2.74021E-34
 4.50000E+08 3.09429E-27 2.59805E-27 2.77991E-28 6.74719E-29 3.68323E-29 6.07507E-29 1.63446E-29 9.36144E-30 2.17249E-31 2.46759E-31 1.54144E-29 4.10143E-30 2.36106E-30 6.04000E-32 6.82376E-32 1.75936E-34 2.43277E-34
 5.00000E+08 2.78232E-27 2.33614E-27 2.49950E-28 6.06660E-29 3.31169E-29 5.46222E-29 1.46958E-29 8.41706E-30 1.95333E-31 2.21866E-31 1.38593E-29 3.68767E-30 2.12287E-30 5.43067E-32 6.13536E-32 1.58187E-34 2.18734E-34
 5.50000E+08 2.52750E-27 2.12220E-27 2.27048E-28 5.51072E-29 3.00824E-29 4.96168E-29 1.33491E-29 7.64574E-30 1.77433E-31 2.01534E-31 1.25893E-29 3.34974E-30 1.92833E-30 4.93301E-32 5.57312E-32 1.43691E-34 1.98689E-34
 6.00000E+08 2.31543E-27 1.94416E-27 2.07990E-28 5.04816E-29 2.75573E-29 4.54517E-29 1.22285E-29 7.00391E-30 1.62538E-31 1.84616E-31 1.15324E-29 3.06853E-30 1.76645E-30 4.51889E-32 5.10527E-32 1.31628E-34 1.82010E-34
 7.00000E+08 1.98271E-27 1.66481E-27 1.78091E-28 4.32249E-29 2.35959E-29 3.89176E-29 1.04705E-29 5.99703E-30 1.39172E-31 1.58076E-31 9.87452E-30 2.62740E-30 1.51250E-30 3.86925E-32 4.37133E-32 1.12705E-34 1.55844E-34
 8.00000E+08 1.73360E-27 1.45565E-27 1.55708E-28 3.77923E-29 2.06302E-29 3.40260E-29 9.15449E-30 5.24325E-30 1.21679E-31 1.38207E-31 8.63336E-30 2.29715E-30 1.32239E-30 3.38291E-32 3.82188E-32 9.85387E-35 1.36255E-34
 9.00000E+08 1.54009E-27 1.29318E-27 1.38323E-28 3.35727E-29 1.83268E-29 3.02267E-29 8.13232E-30 4.65780E-30 1.08093E-31 1.22775E-31 7.66936E-30 2.04065E-30 1.17473E-30 3.00518E-32 3.39513E-32 8.75359E-35 1.21041E-34
 1.00000E+09 1.38545E-27 1.16333E-27 1.24430E-28 3.02007E-29 1.64861E-29 2.71907E-29 7.31548E-30 4.18995E-30 9.72353E-32 1.10443E-31 6.89901E-30 1.83568E-30 1.05674E-30 2.70332E-32 3.05411E-32 7.87433E-35 1.08883E-34
