 ***  Photoelectric cross sections,  IZ =  1,  NSHELL =  0,  NDATA = 140
              0
 5.00000E+01 1.58334E-19
 5.50000E+01 1.19158E-19
 6.00000E+01 9.17976E-20
 7.00000E+01 5.76518E-20
 8.00000E+01 3.83952E-20
 9.00000E+01 2.67655E-20
 1.00000E+02 1.93505E-20
 1.10000E+02 1.44038E-20
 1.25000E+02 9.67546E-21
 1.40000E+02 6.78783E-21
 1.50000E+02 5.46364E-21
 1.75000E+02 3.35926E-21
 2.00000E+02 2.19745E-21
 2.20000E+02 1.62198E-21
 2.50000E+02 1.07657E-21
 3.00000E+02 5.98481E-22
 3.50000E+02 3.63357E-22
 4.00000E+02 2.35309E-22
 4.50000E+02 1.60067E-22
 5.00000E+02 1.13356E-22
 5.50000E+02 8.28988E-23
 6.00000E+02 6.21965E-23
 7.00000E+02 3.73746E-23
 8.00000E+02 2.40044E-23
 9.00000E+02 1.62234E-23
 1.00000E+03 1.14168E-23
 1.10000E+03 8.30297E-24
 1.25000E+03 5.41162E-24
 1.40000E+03 3.69892E-24
 1.50000E+03 2.93321E-24
 1.75000E+03 1.74515E-24
 2.00000E+03 1.11149E-24
 2.20000E+03 8.05110E-25
 2.50000E+03 5.22029E-25
 3.00000E+03 2.81036E-25
 3.50000E+03 1.66298E-25
 4.00000E+03 1.05468E-25
 4.50000E+03 7.05426E-26
 5.00000E+03 4.92053E-26
 5.50000E+03 3.55099E-26
 6.00000E+03 2.63586E-26
 7.00000E+03 1.55371E-26
 8.00000E+03 9.82440E-27
 9.00000E+03 6.55454E-27
 1.00000E+04 4.56249E-27
 1.10000E+04 3.28683E-27
 1.25000E+04 2.11660E-27
 1.40000E+04 1.43246E-27
 1.50000E+04 1.12933E-27
 1.75000E+04 6.63765E-28
 2.00000E+04 4.18781E-28
 2.20000E+04 3.01427E-28
 2.50000E+04 1.93920E-28
 3.00000E+04 1.03373E-28
 3.50000E+04 6.07370E-29
 4.00000E+04 3.83254E-29
 4.50000E+04 2.55396E-29
 5.00000E+04 1.77683E-29
 5.50000E+04 1.28006E-29
 6.00000E+04 9.49169E-30
 7.00000E+04 5.59233E-30
 8.00000E+04 3.54042E-30
 9.00000E+04 2.36813E-30
 1.00000E+05 1.65437E-30
 1.10000E+05 1.19719E-30
 1.25000E+05 7.77258E-31
 1.40000E+05 5.31100E-31
 1.50000E+05 4.21686E-31
 1.75000E+05 2.52800E-31
 2.00000E+05 1.63112E-31
 2.20000E+05 1.19722E-31
 2.50000E+05 7.95017E-32
 3.00000E+05 4.49159E-32
 3.50000E+05 2.81197E-32
 4.00000E+05 1.89836E-32
 4.50000E+05 1.35758E-32
 5.00000E+05 1.01578E-32
 5.50000E+05 7.88163E-33
 6.00000E+05 6.29947E-33
 7.00000E+05 4.31450E-33
 8.00000E+05 3.16967E-33
 9.00000E+05 2.45136E-33
 1.00000E+06 1.97064E-33
 1.10000E+06 1.63219E-33
 1.25000E+06 1.28388E-33
 1.40000E+06 1.04957E-33
 1.50000E+06 9.32826E-34
 1.75000E+06 7.25291E-34
 2.00000E+06 5.90127E-34
 2.20000E+06 5.12328E-34
 2.50000E+06 4.26687E-34
 3.00000E+06 3.32492E-34
 3.50000E+06 2.71660E-34
 4.00000E+06 2.29295E-34
 4.50000E+06 1.98169E-34
 5.00000E+06 1.74369E-34
 5.50000E+06 1.55601E-34
 6.00000E+06 1.40433E-34
 7.00000E+06 1.17444E-34
 8.00000E+06 1.00866E-34
 9.00000E+06 8.83578E-35
 1.00000E+07 7.85901E-35
 1.10000E+07 7.07550E-35
 1.25000E+07 6.15373E-35
 1.40000E+07 5.44351E-35
 1.50000E+07 5.05425E-35
 1.75000E+07 4.28707E-35
 2.00000E+07 3.72157E-35
 2.20000E+07 3.36610E-35
 2.50000E+07 2.94406E-35
 3.00000E+07 2.43492E-35
 3.50000E+07 2.07576E-35
 4.00000E+07 1.80885E-35
 4.50000E+07 1.60271E-35
 5.00000E+07 1.43873E-35
 5.50000E+07 1.30517E-35
 6.00000E+07 1.19429E-35
 7.00000E+07 1.02083E-35
 8.00000E+07 8.91353E-36
 9.00000E+07 7.91017E-36
 1.00000E+08 7.10981E-36
 1.10000E+08 6.45650E-36
 1.25000E+08 5.67437E-36
 1.40000E+08 5.06124E-36
 1.50000E+08 4.72114E-36
 1.75000E+08 4.04210E-36
 2.00000E+08 3.53382E-36
 2.20000E+08 3.21081E-36
 2.50000E+08 2.82367E-36
 3.00000E+08 2.35117E-36
 3.50000E+08 2.01414E-36
 4.00000E+08 1.76161E-36
 4.50000E+08 1.56536E-36
 5.00000E+08 1.40844E-36
 5.50000E+08 1.28012E-36
 6.00000E+08 1.17323E-36
 7.00000E+08 1.00534E-36
 8.00000E+08 8.79480E-37
 9.00000E+08 7.81629E-37
 1.00000E+09 7.03371E-37
