 ***  Photoelectric cross sections,  IZ = 44,  NSHELL = 12,  NDATA = 308
              0           1           2           3           4           5           6           7           8           9          10          11          12
 5.00000E+01 9.73920E-18 0.00000E+00 0.00000E+00 0.00000E+00 0.00000E+00 0.00000E+00 0.00000E+00 0.00000E+00 0.00000E+00 0.00000E+00 0.00000E+00 0.00000E+00 2.31462E-18
 5.07337E+01 9.23348E-18 0.00000E+00 0.00000E+00 0.00000E+00 0.00000E+00 0.00000E+00 0.00000E+00 0.00000E+00 0.00000E+00 0.00000E+00 0.00000E+00 0.00000E+00 2.24995E-18
 5.14782E+01 8.73467E-18 0.00000E+00 0.00000E+00 0.00000E+00 0.00000E+00 0.00000E+00 0.00000E+00 0.00000E+00 0.00000E+00 0.00000E+00 0.00000E+00 0.00000E+00 2.17327E-18
 5.30000E+01 7.77031E-18 0.00000E+00 0.00000E+00 0.00000E+00 0.00000E+00 0.00000E+00 0.00000E+00 0.00000E+00 0.00000E+00 0.00000E+00 0.00000E+00 0.00000E+00 2.00318E-18
 5.30000E+01 8.86921E-18 0.00000E+00 0.00000E+00 0.00000E+00 0.00000E+00 0.00000E+00 0.00000E+00 0.00000E+00 0.00000E+00 0.00000E+00 0.00000E+00 1.09890E-18 2.00318E-18
 5.39907E+01 8.27170E-18 0.00000E+00 0.00000E+00 0.00000E+00 0.00000E+00 0.00000E+00 0.00000E+00 0.00000E+00 0.00000E+00 0.00000E+00 0.00000E+00 1.08757E-18 1.89030E-18
 5.50000E+01 7.68131E-18 0.00000E+00 0.00000E+00 0.00000E+00 0.00000E+00 0.00000E+00 0.00000E+00 0.00000E+00 0.00000E+00 0.00000E+00 0.00000E+00 1.05737E-18 1.77662E-18
 5.62095E+01 7.01415E-18 0.00000E+00 0.00000E+00 0.00000E+00 0.00000E+00 0.00000E+00 0.00000E+00 0.00000E+00 0.00000E+00 0.00000E+00 0.00000E+00 1.00789E-18 1.64736E-18
 5.74456E+01 6.37884E-18 0.00000E+00 0.00000E+00 0.00000E+00 0.00000E+00 0.00000E+00 0.00000E+00 0.00000E+00 0.00000E+00 0.00000E+00 0.00000E+00 9.50493E-19 1.52231E-18
 5.87089E+01 5.78114E-18 0.00000E+00 0.00000E+00 0.00000E+00 0.00000E+00 0.00000E+00 0.00000E+00 0.00000E+00 0.00000E+00 0.00000E+00 0.00000E+00 8.89757E-19 1.40379E-18
 6.00000E+01 5.22209E-18 0.00000E+00 0.00000E+00 0.00000E+00 0.00000E+00 0.00000E+00 0.00000E+00 0.00000E+00 0.00000E+00 0.00000E+00 0.00000E+00 8.28342E-19 1.29208E-18
 6.23574E+01 4.33295E-18 0.00000E+00 0.00000E+00 0.00000E+00 0.00000E+00 0.00000E+00 0.00000E+00 0.00000E+00 0.00000E+00 0.00000E+00 0.00000E+00 7.22187E-19 1.11204E-18
 6.48074E+01 3.56647E-18 0.00000E+00 0.00000E+00 0.00000E+00 0.00000E+00 0.00000E+00 0.00000E+00 0.00000E+00 0.00000E+00 0.00000E+00 0.00000E+00 6.23680E-19 9.55813E-19
 6.73537E+01 2.91660E-18 0.00000E+00 0.00000E+00 0.00000E+00 0.00000E+00 0.00000E+00 0.00000E+00 0.00000E+00 0.00000E+00 0.00000E+00 0.00000E+00 5.34847E-19 8.22145E-19
 7.00000E+01 2.37320E-18 0.00000E+00 0.00000E+00 0.00000E+00 0.00000E+00 0.00000E+00 0.00000E+00 0.00000E+00 0.00000E+00 0.00000E+00 0.00000E+00 4.57167E-19 7.09088E-19
 7.48331E+01 1.65712E-18 0.00000E+00 0.00000E+00 0.00000E+00 0.00000E+00 0.00000E+00 0.00000E+00 0.00000E+00 0.00000E+00 0.00000E+00 0.00000E+00 3.47661E-19 5.57506E-19
 7.73735E+01 1.38895E-18 0.00000E+00 0.00000E+00 0.00000E+00 0.00000E+00 0.00000E+00 0.00000E+00 0.00000E+00 0.00000E+00 0.00000E+00 0.00000E+00 3.03840E-19 4.99482E-19
 7.86758E+01 1.27418E-18 0.00000E+00 0.00000E+00 0.00000E+00 0.00000E+00 0.00000E+00 0.00000E+00 0.00000E+00 0.00000E+00 0.00000E+00 0.00000E+00 2.84498E-19 4.74241E-19
 8.00000E+01 1.17150E-18 0.00000E+00 0.00000E+00 0.00000E+00 0.00000E+00 0.00000E+00 0.00000E+00 0.00000E+00 0.00000E+00 0.00000E+00 0.00000E+00 2.66851E-19 4.51320E-19
 8.10000E+01 1.10178E-18 0.00000E+00 0.00000E+00 0.00000E+00 0.00000E+00 0.00000E+00 0.00000E+00 0.00000E+00 0.00000E+00 0.00000E+00 0.00000E+00 2.54473E-19 4.35587E-19
 8.10000E+01 1.25420E-18 0.00000E+00 0.00000E+00 0.00000E+00 0.00000E+00 0.00000E+00 0.00000E+00 0.00000E+00 0.00000E+00 0.00000E+00 1.52417E-19 2.54473E-19 4.35587E-19
 8.20738E+01 1.18874E-18 0.00000E+00 0.00000E+00 0.00000E+00 0.00000E+00 0.00000E+00 0.00000E+00 0.00000E+00 0.00000E+00 0.00000E+00 1.54479E-19 2.42292E-19 4.20102E-19
 8.31619E+01 1.12922E-18 0.00000E+00 0.00000E+00 0.00000E+00 0.00000E+00 0.00000E+00 0.00000E+00 0.00000E+00 0.00000E+00 0.00000E+00 1.56469E-19 2.30963E-19 4.05822E-19
 8.42644E+01 1.07478E-18 0.00000E+00 0.00000E+00 0.00000E+00 0.00000E+00 0.00000E+00 0.00000E+00 0.00000E+00 0.00000E+00 0.00000E+00 1.58069E-19 2.20413E-19 3.92640E-19
 8.53815E+01 1.02568E-18 0.00000E+00 0.00000E+00 0.00000E+00 0.00000E+00 0.00000E+00 0.00000E+00 0.00000E+00 0.00000E+00 0.00000E+00 1.59393E-19 2.10598E-19 3.80447E-19
 8.65134E+01 9.80814E-19 0.00000E+00 0.00000E+00 0.00000E+00 0.00000E+00 0.00000E+00 0.00000E+00 0.00000E+00 0.00000E+00 0.00000E+00 1.60576E-19 2.01475E-19 3.69174E-19
 8.76603E+01 9.40817E-19 0.00000E+00 0.00000E+00 0.00000E+00 0.00000E+00 0.00000E+00 0.00000E+00 0.00000E+00 0.00000E+00 0.00000E+00 1.61552E-19 1.93002E-19 3.58757E-19
 8.88225E+01 9.04478E-19 0.00000E+00 0.00000E+00 0.00000E+00 0.00000E+00 0.00000E+00 0.00000E+00 0.00000E+00 0.00000E+00 0.00000E+00 1.62447E-19 1.85141E-19 3.49122E-19
 9.00000E+01 8.71833E-19 0.00000E+00 0.00000E+00 0.00000E+00 0.00000E+00 0.00000E+00 0.00000E+00 0.00000E+00 0.00000E+00 0.00000E+00 1.63041E-19 1.77874E-19 3.40253E-19
 9.11931E+01 8.42979E-19 0.00000E+00 0.00000E+00 0.00000E+00 0.00000E+00 0.00000E+00 0.00000E+00 0.00000E+00 0.00000E+00 0.00000E+00 1.63621E-19 1.71144E-19 3.32144E-19
 9.24021E+01 8.17839E-19 0.00000E+00 0.00000E+00 0.00000E+00 0.00000E+00 0.00000E+00 0.00000E+00 0.00000E+00 0.00000E+00 0.00000E+00 1.64204E-19 1.65038E-19 3.24684E-19
 9.36271E+01 7.95104E-19 0.00000E+00 0.00000E+00 0.00000E+00 0.00000E+00 0.00000E+00 0.00000E+00 0.00000E+00 0.00000E+00 0.00000E+00 1.64789E-19 1.59163E-19 3.17571E-19
 9.48683E+01 7.75140E-19 0.00000E+00 0.00000E+00 0.00000E+00 0.00000E+00 0.00000E+00 0.00000E+00 0.00000E+00 0.00000E+00 0.00000E+00 1.65181E-19 1.53830E-19 3.11157E-19
 9.61260E+01 7.58015E-19 0.00000E+00 0.00000E+00 0.00000E+00 0.00000E+00 0.00000E+00 0.00000E+00 0.00000E+00 0.00000E+00 0.00000E+00 1.65553E-19 1.48909E-19 3.05287E-19
 9.74004E+01 7.43239E-19 0.00000E+00 0.00000E+00 0.00000E+00 0.00000E+00 0.00000E+00 0.00000E+00 0.00000E+00 0.00000E+00 0.00000E+00 1.65845E-19 1.44365E-19 2.99923E-19
 9.86916E+01 7.30500E-19 0.00000E+00 0.00000E+00 0.00000E+00 0.00000E+00 0.00000E+00 0.00000E+00 0.00000E+00 0.00000E+00 0.00000E+00 1.66127E-19 1.40169E-19 2.94788E-19
 1.00000E+02 7.19999E-19 0.00000E+00 0.00000E+00 0.00000E+00 0.00000E+00 0.00000E+00 0.00000E+00 0.00000E+00 0.00000E+00 0.00000E+00 1.66329E-19 1.36369E-19 2.90209E-19
 1.02411E+02 7.05020E-19 0.00000E+00 0.00000E+00 0.00000E+00 0.00000E+00 0.00000E+00 0.00000E+00 0.00000E+00 0.00000E+00 0.00000E+00 1.66671E-19 1.30104E-19 2.82703E-19
 1.03639E+02 6.99469E-19 0.00000E+00 0.00000E+00 0.00000E+00 0.00000E+00 0.00000E+00 0.00000E+00 0.00000E+00 0.00000E+00 0.00000E+00 1.66842E-19 1.27236E-19 2.79293E-19
 1.04881E+02 6.95377E-19 0.00000E+00 0.00000E+00 0.00000E+00 0.00000E+00 0.00000E+00 0.00000E+00 0.00000E+00 0.00000E+00 0.00000E+00 1.66931E-19 1.24695E-19 2.76208E-19
 1.07410E+02 6.89921E-19 0.00000E+00 0.00000E+00 0.00000E+00 0.00000E+00 0.00000E+00 0.00000E+00 0.00000E+00 0.00000E+00 0.00000E+00 1.67092E-19 1.20033E-19 2.70580E-19
 1.10000E+02 6.87507E-19 0.00000E+00 0.00000E+00 0.00000E+00 0.00000E+00 0.00000E+00 0.00000E+00 0.00000E+00 0.00000E+00 0.00000E+00 1.67156E-19 1.15987E-19 2.65750E-19
 1.13572E+02 6.88913E-19 0.00000E+00 0.00000E+00 0.00000E+00 0.00000E+00 0.00000E+00 0.00000E+00 0.00000E+00 0.00000E+00 0.00000E+00 1.67069E-19 1.11482E-19 2.60158E-19
 1.17260E+02 6.93885E-19 0.00000E+00 0.00000E+00 0.00000E+00 0.00000E+00 0.00000E+00 0.00000E+00 0.00000E+00 0.00000E+00 0.00000E+00 1.66886E-19 1.07863E-19 2.55479E-19
 1.21068E+02 7.01292E-19 0.00000E+00 0.00000E+00 0.00000E+00 0.00000E+00 0.00000E+00 0.00000E+00 0.00000E+00 0.00000E+00 0.00000E+00 1.66402E-19 1.04882E-19 2.51521E-19
 1.25000E+02 7.10448E-19 0.00000E+00 0.00000E+00 0.00000E+00 0.00000E+00 0.00000E+00 0.00000E+00 0.00000E+00 0.00000E+00 0.00000E+00 1.65614E-19 1.02462E-19 2.48167E-19
 1.32288E+02 7.27828E-19 0.00000E+00 0.00000E+00 0.00000E+00 0.00000E+00 0.00000E+00 0.00000E+00 0.00000E+00 0.00000E+00 0.00000E+00 1.63568E-19 9.92557E-20 2.43038E-19
 1.40000E+02 7.43722E-19 0.00000E+00 0.00000E+00 0.00000E+00 0.00000E+00 0.00000E+00 0.00000E+00 0.00000E+00 0.00000E+00 0.00000E+00 1.60411E-19 9.70181E-20 2.38558E-19
 1.50000E+02 7.57788E-19 0.00000E+00 0.00000E+00 0.00000E+00 0.00000E+00 0.00000E+00 0.00000E+00 0.00000E+00 0.00000E+00 0.00000E+00 1.55135E-19 9.49667E-20 2.33259E-19
 1.55893E+02 7.61797E-19 0.00000E+00 0.00000E+00 0.00000E+00 0.00000E+00 0.00000E+00 0.00000E+00 0.00000E+00 0.00000E+00 0.00000E+00 1.51577E-19 9.39878E-20 2.30118E-19
 1.62019E+02 7.64169E-19 0.00000E+00 0.00000E+00 0.00000E+00 0.00000E+00 0.00000E+00 0.00000E+00 0.00000E+00 0.00000E+00 0.00000E+00 1.47662E-19 9.30083E-20 2.26921E-19
 1.68384E+02 7.62916E-19 0.00000E+00 0.00000E+00 0.00000E+00 0.00000E+00 0.00000E+00 0.00000E+00 0.00000E+00 0.00000E+00 0.00000E+00 1.43470E-19 9.19937E-20 2.23414E-19
 1.75000E+02 7.59904E-19 0.00000E+00 0.00000E+00 0.00000E+00 0.00000E+00 0.00000E+00 0.00000E+00 0.00000E+00 0.00000E+00 0.00000E+00 1.39072E-19 9.09610E-20 2.19637E-19
 1.87083E+02 7.48296E-19 0.00000E+00 0.00000E+00 0.00000E+00 0.00000E+00 0.00000E+00 0.00000E+00 0.00000E+00 0.00000E+00 0.00000E+00 1.31244E-19 8.89311E-20 2.12578E-19
 2.00000E+02 7.30277E-19 0.00000E+00 0.00000E+00 0.00000E+00 0.00000E+00 0.00000E+00 0.00000E+00 0.00000E+00 0.00000E+00 0.00000E+00 1.23353E-19 8.66144E-20 2.04870E-19
 2.09762E+02 7.13363E-19 0.00000E+00 0.00000E+00 0.00000E+00 0.00000E+00 0.00000E+00 0.00000E+00 0.00000E+00 0.00000E+00 0.00000E+00 1.17710E-19 8.47725E-20 1.98990E-19
 2.20000E+02 6.94833E-19 0.00000E+00 0.00000E+00 0.00000E+00 0.00000E+00 0.00000E+00 0.00000E+00 0.00000E+00 0.00000E+00 0.00000E+00 1.12290E-19 8.27713E-20 1.92815E-19
 2.34521E+02 6.65626E-19 0.00000E+00 0.00000E+00 0.00000E+00 0.00000E+00 0.00000E+00 0.00000E+00 0.00000E+00 0.00000E+00 0.00000E+00 1.05017E-19 7.98484E-20 1.84138E-19
 2.50000E+02 6.32839E-19 0.00000E+00 0.00000E+00 0.00000E+00 0.00000E+00 0.00000E+00 0.00000E+00 0.00000E+00 0.00000E+00 0.00000E+00 9.78567E-20 7.66571E-20 1.75057E-19
 2.67395E+02 5.95035E-19 0.00000E+00 0.00000E+00 0.00000E+00 0.00000E+00 0.00000E+00 0.00000E+00 0.00000E+00 0.00000E+00 0.00000E+00 9.04456E-20 7.30202E-20 1.65130E-19
 2.76541E+02 5.75957E-19 0.00000E+00 0.00000E+00 0.00000E+00 0.00000E+00 0.00000E+00 0.00000E+00 0.00000E+00 0.00000E+00 0.00000E+00 8.68307E-20 7.11346E-20 1.60108E-19
 2.86000E+02 5.56295E-19 0.00000E+00 0.00000E+00 0.00000E+00 0.00000E+00 0.00000E+00 0.00000E+00 0.00000E+00 0.00000E+00 0.00000E+00 8.32931E-20 6.92213E-20 1.55088E-19
 2.86000E+02 6.61398E-19 0.00000E+00 0.00000E+00 0.00000E+00 0.00000E+00 0.00000E+00 0.00000E+00 0.00000E+00 0.00000E+00 1.05104E-19 8.32931E-20 6.92213E-20 1.55088E-19
 2.87993E+02 6.58284E-19 0.00000E+00 0.00000E+00 0.00000E+00 0.00000E+00 0.00000E+00 0.00000E+00 0.00000E+00 0.00000E+00 1.06131E-19 8.25637E-20 6.88117E-20 1.54031E-19
 2.90000E+02 6.57454E-19 0.00000E+00 0.00000E+00 0.00000E+00 0.00000E+00 0.00000E+00 0.00000E+00 0.00000E+00 0.00000E+00 1.09411E-19 8.18408E-20 6.84044E-20 1.52982E-19
 2.90000E+02 7.31261E-19 0.00000E+00 0.00000E+00 0.00000E+00 0.00000E+00 0.00000E+00 0.00000E+00 0.00000E+00 7.38068E-20 1.09411E-19 8.18408E-20 6.84044E-20 1.52982E-19
 2.91232E+02 7.32609E-19 0.00000E+00 0.00000E+00 0.00000E+00 0.00000E+00 0.00000E+00 0.00000E+00 0.00000E+00 7.35568E-20 1.13503E-19 8.14027E-20 6.81571E-20 1.52345E-19
 2.92468E+02 7.36698E-19 0.00000E+00 0.00000E+00 0.00000E+00 0.00000E+00 0.00000E+00 0.00000E+00 0.00000E+00 7.37995E-20 1.19832E-19 8.09670E-20 6.79106E-20 1.51710E-19
 2.93710E+02 7.44511E-19 0.00000E+00 0.00000E+00 0.00000E+00 0.00000E+00 0.00000E+00 0.00000E+00 0.00000E+00 7.48218E-20 1.29092E-19 8.05336E-20 6.76651E-20 1.51079E-19
 2.94958E+02 7.57137E-19 0.00000E+00 0.00000E+00 0.00000E+00 0.00000E+00 0.00000E+00 0.00000E+00 0.00000E+00 7.68973E-20 1.42102E-19 8.01025E-20 6.74204E-20 1.50450E-19
 2.95583E+02 7.65654E-19 0.00000E+00 0.00000E+00 0.00000E+00 0.00000E+00 0.00000E+00 0.00000E+00 0.00000E+00 7.84410E-20 1.50301E-19 7.98879E-20 6.72984E-20 1.50136E-19
 2.96210E+02 7.75939E-19 0.00000E+00 0.00000E+00 0.00000E+00 0.00000E+00 0.00000E+00 0.00000E+00 0.00000E+00 8.04472E-20 1.59802E-19 7.96738E-20 6.71767E-20 1.49823E-19
 2.96839E+02 7.88060E-19 0.00000E+00 0.00000E+00 0.00000E+00 0.00000E+00 0.00000E+00 0.00000E+00 0.00000E+00 8.28800E-20 1.70710E-19 7.94603E-20 6.70551E-20 1.49511E-19
 2.97468E+02 8.02328E-19 0.00000E+00 0.00000E+00 0.00000E+00 0.00000E+00 0.00000E+00 0.00000E+00 0.00000E+00 8.58551E-20 1.83219E-19 7.92473E-20 6.69338E-20 1.49200E-19
 2.98099E+02 8.18964E-19 0.00000E+00 0.00000E+00 0.00000E+00 0.00000E+00 0.00000E+00 0.00000E+00 0.00000E+00 8.94340E-20 1.97490E-19 7.90349E-20 6.68126E-20 1.48889E-19
 2.98731E+02 8.38061E-19 0.00000E+00 0.00000E+00 0.00000E+00 0.00000E+00 0.00000E+00 0.00000E+00 0.00000E+00 9.37099E-20 2.13531E-19 7.88231E-20 6.66917E-20 1.48570E-19
 2.99365E+02 8.59866E-19 0.00000E+00 0.00000E+00 0.00000E+00 0.00000E+00 0.00000E+00 0.00000E+00 0.00000E+00 9.87644E-20 2.31516E-19 7.86078E-20 6.65645E-20 1.48245E-19
 3.00000E+02 8.84427E-19 0.00000E+00 0.00000E+00 0.00000E+00 0.00000E+00 0.00000E+00 0.00000E+00 0.00000E+00 1.04577E-19 2.51575E-19 7.83919E-20 6.64362E-20 1.47920E-19
 3.00723E+02 9.16243E-19 0.00000E+00 0.00000E+00 0.00000E+00 0.00000E+00 0.00000E+00 0.00000E+00 0.00000E+00 1.12374E-19 2.77083E-19 7.81471E-20 6.62906E-20 1.47552E-19
 3.01449E+02 9.52364E-19 0.00000E+00 0.00000E+00 0.00000E+00 0.00000E+00 0.00000E+00 0.00000E+00 0.00000E+00 1.21492E-19 3.05572E-19 7.79031E-20 6.61454E-20 1.47185E-19
 3.02176E+02 9.92853E-19 0.00000E+00 0.00000E+00 0.00000E+00 0.00000E+00 0.00000E+00 0.00000E+00 0.00000E+00 1.32075E-19 3.36959E-19 7.76599E-20 6.60005E-20 1.46818E-19
 3.02904E+02 1.03808E-18 0.00000E+00 0.00000E+00 0.00000E+00 0.00000E+00 0.00000E+00 0.00000E+00 0.00000E+00 1.44258E-19 3.71476E-19 7.74174E-20 6.58559E-20 1.46453E-19
 3.03635E+02 1.08836E-18 0.00000E+00 0.00000E+00 0.00000E+00 0.00000E+00 0.00000E+00 0.00000E+00 0.00000E+00 1.58172E-19 4.09317E-19 7.71757E-20 6.57117E-20 1.46088E-19
 3.04367E+02 1.14340E-18 0.00000E+00 0.00000E+00 0.00000E+00 0.00000E+00 0.00000E+00 0.00000E+00 0.00000E+00 1.73928E-19 4.50066E-19 7.69348E-20 6.55677E-20 1.45724E-19
 3.05837E+02 1.26796E-18 0.00000E+00 0.00000E+00 0.00000E+00 0.00000E+00 0.00000E+00 0.00000E+00 0.00000E+00 2.11334E-19 5.40146E-19 7.64551E-20 6.52808E-20 1.45000E-19
 3.08798E+02 1.56914E-18 0.00000E+00 0.00000E+00 0.00000E+00 0.00000E+00 0.00000E+00 0.00000E+00 0.00000E+00 3.10721E-19 7.47745E-19 7.55047E-20 6.47106E-20 1.43561E-19
 3.10289E+02 1.73984E-18 0.00000E+00 0.00000E+00 0.00000E+00 0.00000E+00 0.00000E+00 0.00000E+00 0.00000E+00 3.71993E-19 8.60045E-19 7.50340E-20 6.44274E-20 1.42847E-19
 3.11787E+02 1.91820E-18 0.00000E+00 0.00000E+00 0.00000E+00 0.00000E+00 0.00000E+00 0.00000E+00 0.00000E+00 4.39466E-19 9.73792E-19 7.45662E-20 6.41455E-20 1.42137E-19
 3.13293E+02 2.10015E-18 0.00000E+00 0.00000E+00 0.00000E+00 0.00000E+00 0.00000E+00 0.00000E+00 0.00000E+00 5.11372E-19 1.08667E-18 7.41013E-20 6.38647E-20 1.41430E-19
 3.14805E+02 2.28145E-18 0.00000E+00 0.00000E+00 0.00000E+00 0.00000E+00 0.00000E+00 0.00000E+00 0.00000E+00 5.85721E-19 1.19645E-18 7.36393E-20 6.35852E-20 1.40727E-19
 3.16326E+02 2.45869E-18 0.00000E+00 0.00000E+00 0.00000E+00 0.00000E+00 0.00000E+00 0.00000E+00 0.00000E+00 6.60568E-19 1.30165E-18 7.31802E-20 6.33070E-20 1.40027E-19
 3.17853E+02 2.62929E-18 0.00000E+00 0.00000E+00 0.00000E+00 0.00000E+00 0.00000E+00 0.00000E+00 0.00000E+00 7.34240E-19 1.40137E-18 7.27239E-20 6.30299E-20 1.39331E-19
 3.19388E+02 2.79151E-18 0.00000E+00 0.00000E+00 0.00000E+00 0.00000E+00 0.00000E+00 0.00000E+00 0.00000E+00 8.05463E-19 1.49515E-18 7.22705E-20 6.27541E-20 1.38638E-19
 3.20930E+02 2.94443E-18 0.00000E+00 0.00000E+00 0.00000E+00 0.00000E+00 0.00000E+00 0.00000E+00 0.00000E+00 8.73390E-19 1.58290E-18 7.18199E-20 6.24794E-20 1.37949E-19
 3.22480E+02 3.08771E-18 0.00000E+00 0.00000E+00 0.00000E+00 0.00000E+00 0.00000E+00 0.00000E+00 0.00000E+00 9.37548E-19 1.66477E-18 7.13722E-20 6.22060E-20 1.37262E-19
 3.24037E+02 3.22027E-18 0.00000E+00 0.00000E+00 0.00000E+00 0.00000E+00 0.00000E+00 0.00000E+00 0.00000E+00 9.97746E-19 1.73995E-18 7.09191E-20 6.19189E-20 1.36539E-19
 3.25602E+02 3.34535E-18 0.00000E+00 0.00000E+00 0.00000E+00 0.00000E+00 0.00000E+00 0.00000E+00 0.00000E+00 1.05398E-18 1.81166E-18 7.04657E-20 6.16282E-20 1.35820E-19
 3.27174E+02 3.46032E-18 0.00000E+00 0.00000E+00 0.00000E+00 0.00000E+00 0.00000E+00 0.00000E+00 0.00000E+00 1.10636E-18 1.87710E-18 7.00153E-20 6.13389E-20 1.35105E-19
 3.28754E+02 3.56543E-18 0.00000E+00 0.00000E+00 0.00000E+00 0.00000E+00 0.00000E+00 0.00000E+00 0.00000E+00 1.15467E-18 1.93673E-18 6.95678E-20 6.10509E-20 1.34394E-19
 3.30341E+02 3.66414E-18 0.00000E+00 0.00000E+00 0.00000E+00 0.00000E+00 0.00000E+00 0.00000E+00 0.00000E+00 1.20009E-18 1.99283E-18 6.91231E-20 6.07643E-20 1.33686E-19
 3.31937E+02 3.75292E-18 0.00000E+00 0.00000E+00 0.00000E+00 0.00000E+00 0.00000E+00 0.00000E+00 0.00000E+00 1.24172E-18 2.04278E-18 6.86812E-20 6.04791E-20 1.32982E-19
 3.33539E+02 3.83395E-18 0.00000E+00 0.00000E+00 0.00000E+00 0.00000E+00 0.00000E+00 0.00000E+00 0.00000E+00 1.27970E-18 2.08861E-18 6.82422E-20 6.01951E-20 1.32282E-19
 3.35150E+02 3.90771E-18 0.00000E+00 0.00000E+00 0.00000E+00 0.00000E+00 0.00000E+00 0.00000E+00 0.00000E+00 1.31503E-18 2.12979E-18 6.78060E-20 5.99125E-20 1.31585E-19
 3.36768E+02 3.97313E-18 0.00000E+00 0.00000E+00 0.00000E+00 0.00000E+00 0.00000E+00 0.00000E+00 0.00000E+00 1.34657E-18 2.16642E-18 6.73726E-20 5.96313E-20 1.30892E-19
 3.40029E+02 4.08220E-18 0.00000E+00 0.00000E+00 0.00000E+00 0.00000E+00 0.00000E+00 0.00000E+00 0.00000E+00 1.40093E-18 2.22657E-18 6.65140E-20 5.90727E-20 1.29518E-19
 3.43320E+02 4.16315E-18 0.00000E+00 0.00000E+00 0.00000E+00 0.00000E+00 0.00000E+00 0.00000E+00 0.00000E+00 1.44339E-18 2.27044E-18 6.56664E-20 5.85194E-20 1.28157E-19
 3.46644E+02 4.21882E-18 0.00000E+00 0.00000E+00 0.00000E+00 0.00000E+00 0.00000E+00 0.00000E+00 0.00000E+00 1.47492E-18 2.29990E-18 6.48296E-20 5.79712E-20 1.26811E-19
 3.50000E+02 4.25076E-18 0.00000E+00 0.00000E+00 0.00000E+00 0.00000E+00 0.00000E+00 0.00000E+00 0.00000E+00 1.49577E-18 2.31634E-18 6.39963E-20 5.74155E-20 1.25445E-19
 3.52933E+02 4.26554E-18 0.00000E+00 0.00000E+00 0.00000E+00 0.00000E+00 0.00000E+00 0.00000E+00 0.00000E+00 1.50830E-18 2.32347E-18 6.32711E-20 5.69179E-20 1.24240E-19
 3.55891E+02 4.26663E-18 0.00000E+00 0.00000E+00 0.00000E+00 0.00000E+00 0.00000E+00 0.00000E+00 0.00000E+00 1.51410E-18 2.32359E-18 6.25541E-20 5.64247E-20 1.23046E-19
 3.61881E+02 4.24579E-18 0.00000E+00 0.00000E+00 0.00000E+00 0.00000E+00 0.00000E+00 0.00000E+00 0.00000E+00 1.51480E-18 2.31153E-18 6.11443E-20 5.54510E-20 1.20694E-19
 3.67972E+02 4.20256E-18 0.00000E+00 0.00000E+00 0.00000E+00 0.00000E+00 0.00000E+00 0.00000E+00 0.00000E+00 1.50431E-18 2.28806E-18 5.97663E-20 5.44941E-20 1.18386E-19
 3.74166E+02 4.15008E-18 0.00000E+00 0.00000E+00 0.00000E+00 0.00000E+00 0.00000E+00 0.00000E+00 0.00000E+00 1.48904E-18 2.25998E-18 5.84125E-20 5.35428E-20 1.16094E-19
 3.86867E+02 4.02927E-18 0.00000E+00 0.00000E+00 0.00000E+00 0.00000E+00 0.00000E+00 0.00000E+00 0.00000E+00 1.45033E-18 2.19611E-18 5.57368E-20 5.15983E-20 1.11478E-19
 4.00000E+02 3.89424E-18 0.00000E+00 0.00000E+00 0.00000E+00 0.00000E+00 0.00000E+00 0.00000E+00 0.00000E+00 1.40574E-18 2.12314E-18 5.31761E-20 4.97159E-20 1.07023E-19
 4.11953E+02 3.76332E-18 0.00000E+00 0.00000E+00 0.00000E+00 0.00000E+00 0.00000E+00 0.00000E+00 0.00000E+00 1.36196E-18 2.05161E-18 5.09451E-20 4.80374E-20 1.03103E-19
 4.24264E+02 3.61687E-18 0.00000E+00 0.00000E+00 0.00000E+00 0.00000E+00 0.00000E+00 0.00000E+00 0.00000E+00 1.31130E-18 1.97077E-18 4.88076E-20 4.64096E-20 9.93099E-20
 4.36943E+02 3.46450E-18 0.00000E+00 0.00000E+00 0.00000E+00 0.00000E+00 0.00000E+00 0.00000E+00 0.00000E+00 1.25769E-18 1.88647E-18 4.67598E-20 4.47815E-20 9.55532E-20
 4.50000E+02 3.30813E-18 0.00000E+00 0.00000E+00 0.00000E+00 0.00000E+00 0.00000E+00 0.00000E+00 0.00000E+00 1.20162E-18 1.80003E-18 4.47935E-20 4.32062E-20 9.19272E-20
 4.66000E+02 3.12587E-18 0.00000E+00 0.00000E+00 0.00000E+00 0.00000E+00 0.00000E+00 0.00000E+00 0.00000E+00 1.13617E-18 1.69959E-18 4.25128E-20 4.13596E-20 8.77086E-20
 4.66000E+02 3.38997E-18 0.00000E+00 0.00000E+00 0.00000E+00 0.00000E+00 0.00000E+00 0.00000E+00 2.64096E-19 1.13617E-18 1.69959E-18 4.25128E-20 4.13596E-20 8.77086E-20
 4.67345E+02 3.40246E-18 0.00000E+00 0.00000E+00 0.00000E+00 0.00000E+00 0.00000E+00 0.00000E+00 2.91177E-19 1.13093E-18 1.69156E-18 4.23299E-20 4.12108E-20 8.73692E-20
 4.68695E+02 3.40775E-18 0.00000E+00 0.00000E+00 0.00000E+00 0.00000E+00 0.00000E+00 0.00000E+00 3.10982E-19 1.12571E-18 1.68356E-18 4.21477E-20 4.10625E-20 8.70312E-20
 4.71405E+02 3.40681E-18 0.00000E+00 0.00000E+00 0.00000E+00 0.00000E+00 0.00000E+00 0.00000E+00 3.39317E-19 1.11512E-18 1.66746E-18 4.17858E-20 4.07676E-20 8.63590E-20
 4.76873E+02 3.38237E-18 0.00000E+00 0.00000E+00 0.00000E+00 0.00000E+00 0.00000E+00 0.00000E+00 3.73871E-19 1.09385E-18 1.63488E-18 4.10712E-20 4.01733E-20 8.50064E-20
 4.82404E+02 3.34312E-18 0.00000E+00 0.00000E+00 0.00000E+00 0.00000E+00 0.00000E+00 0.00000E+00 3.92480E-19 1.07299E-18 1.60294E-18 4.03688E-20 3.95826E-20 8.36672E-20
 4.88000E+02 3.29262E-18 0.00000E+00 0.00000E+00 0.00000E+00 0.00000E+00 0.00000E+00 0.00000E+00 4.00390E-19 1.05185E-18 1.57065E-18 3.96785E-20 3.90006E-20 8.23492E-20
 4.88000E+02 3.39867E-18 0.00000E+00 0.00000E+00 0.00000E+00 0.00000E+00 0.00000E+00 1.06042E-19 4.00390E-19 1.05185E-18 1.57065E-18 3.96785E-20 3.90006E-20 8.23492E-20
 4.90973E+02 3.39098E-18 0.00000E+00 0.00000E+00 0.00000E+00 0.00000E+00 0.00000E+00 1.27579E-19 4.01549E-19 1.04087E-18 1.55383E-18 3.93197E-20 3.86976E-20 8.16635E-20
 4.93964E+02 3.37349E-18 0.00000E+00 0.00000E+00 0.00000E+00 0.00000E+00 0.00000E+00 1.40445E-19 4.01247E-19 1.03001E-18 1.53719E-18 3.89641E-20 3.83969E-20 8.09835E-20
 5.00000E+02 3.32503E-18 0.00000E+00 0.00000E+00 0.00000E+00 0.00000E+00 0.00000E+00 1.55939E-19 3.97937E-19 1.00801E-18 1.50361E-18 3.82599E-20 3.77977E-20 7.96278E-20
 5.12057E+02 3.20806E-18 0.00000E+00 0.00000E+00 0.00000E+00 0.00000E+00 0.00000E+00 1.66729E-19 3.88448E-19 9.65173E-19 1.43822E-18 3.68928E-20 3.66113E-20 7.69666E-20
 5.24404E+02 3.08143E-18 0.00000E+00 0.00000E+00 0.00000E+00 0.00000E+00 0.00000E+00 1.65513E-19 3.79987E-19 9.22627E-19 1.37345E-18 3.55746E-20 3.54621E-20 7.43945E-20
 5.50000E+02 2.83604E-18 0.00000E+00 0.00000E+00 0.00000E+00 0.00000E+00 0.00000E+00 1.59778E-19 3.67906E-19 8.39326E-19 1.24734E-18 3.30752E-20 3.32658E-20 6.94923E-20
 5.70614E+02 2.65609E-18 0.00000E+00 0.00000E+00 0.00000E+00 0.00000E+00 0.00000E+00 1.57041E-19 3.57654E-19 7.78152E-19 1.15517E-18 3.12245E-20 3.15865E-20 6.57854E-20
 5.92000E+02 2.48208E-18 0.00000E+00 0.00000E+00 0.00000E+00 0.00000E+00 0.00000E+00 1.53532E-19 3.45764E-19 7.19902E-19 1.06754E-18 2.94773E-20 2.99920E-20 6.22761E-20
 5.92000E+02 2.61478E-18 0.00000E+00 0.00000E+00 0.00000E+00 0.00000E+00 1.32705E-19 1.53532E-19 3.45764E-19 7.19902E-19 1.06754E-18 2.94773E-20 2.99920E-20 6.22761E-20
 6.00000E+02 2.54760E-18 0.00000E+00 0.00000E+00 0.00000E+00 0.00000E+00 1.26924E-19 1.52108E-19 3.41404E-19 6.99445E-19 1.03685E-18 2.88626E-20 2.94276E-20 6.10351E-20
 6.48074E+02 2.20025E-18 0.00000E+00 0.00000E+00 0.00000E+00 0.00000E+00 1.12258E-19 1.43282E-19 3.17228E-19 5.89385E-19 8.71722E-19 2.55138E-20 2.62957E-20 5.42031E-20
 6.73537E+02 2.04237E-18 0.00000E+00 0.00000E+00 0.00000E+00 0.00000E+00 1.08260E-19 1.38815E-19 3.04808E-19 5.38943E-19 7.96284E-19 2.39880E-20 2.48172E-20 5.10020E-20
 7.00000E+02 1.89186E-18 0.00000E+00 0.00000E+00 0.00000E+00 0.00000E+00 1.03295E-19 1.34027E-19 2.91933E-19 4.91781E-19 7.25933E-19 2.25522E-20 2.34202E-20 4.79854E-20
 7.48331E+02 1.65305E-18 0.00000E+00 0.00000E+00 0.00000E+00 0.00000E+00 9.54429E-20 1.25177E-19 2.69688E-19 4.18263E-19 6.16480E-19 2.02190E-20 2.11213E-20 4.30614E-20
 8.00000E+02 1.44014E-18 0.00000E+00 0.00000E+00 0.00000E+00 0.00000E+00 8.78667E-20 1.16334E-19 2.47984E-19 3.53996E-19 5.20976E-19 1.81263E-20 1.89953E-20 3.85416E-20
 9.00000E+02 1.11998E-18 0.00000E+00 0.00000E+00 0.00000E+00 0.00000E+00 7.51859E-20 1.00438E-19 2.10514E-19 2.60797E-19 3.82900E-19 1.48942E-20 1.56672E-20 3.15233E-20
 1.00000E+03 8.89213E-19 0.00000E+00 0.00000E+00 0.00000E+00 0.00000E+00 6.48410E-20 8.68357E-20 1.79588E-19 1.96596E-19 2.88044E-19 1.24707E-20 1.31056E-20 2.61845E-20
 1.10000E+03 7.18383E-19 0.00000E+00 0.00000E+00 0.00000E+00 0.00000E+00 5.64184E-20 7.52500E-20 1.53998E-19 1.51125E-19 2.21018E-19 1.05954E-20 1.10959E-20 2.20290E-20
 1.25000E+03 5.36718E-19 0.00000E+00 0.00000E+00 0.00000E+00 0.00000E+00 4.64522E-20 6.12413E-20 1.23697E-19 1.05190E-19 1.53468E-19 8.49869E-21 8.81350E-21 1.73561E-20
 1.40000E+03 4.12507E-19 0.00000E+00 0.00000E+00 0.00000E+00 0.00000E+00 3.88267E-20 5.03969E-20 1.00739E-19 7.56042E-20 1.10077E-19 6.97058E-21 7.13662E-21 1.39537E-20
 1.50000E+03 3.50663E-19 0.00000E+00 0.00000E+00 0.00000E+00 0.00000E+00 3.47295E-20 4.45136E-20 8.84520E-20 6.15705E-20 8.95305E-20 6.17285E-21 6.25637E-21 1.21820E-20
 1.75000E+03 2.42759E-19 0.00000E+00 0.00000E+00 0.00000E+00 0.00000E+00 2.68694E-20 3.33084E-20 6.53653E-20 3.85065E-20 5.58281E-20 4.68883E-21 4.62029E-21 8.91306E-21
 2.00000E+03 1.75623E-19 0.00000E+00 0.00000E+00 0.00000E+00 0.00000E+00 2.13652E-20 2.55550E-20 4.96462E-20 2.53410E-20 3.66503E-20 3.68149E-21 3.51706E-21 6.73145E-21
 2.20000E+03 1.39001E-19 0.00000E+00 0.00000E+00 0.00000E+00 0.00000E+00 1.80759E-20 2.09914E-20 4.05028E-20 1.86755E-20 2.69620E-20 3.09068E-21 2.87768E-21 5.47732E-21
 2.50000E+03 1.01246E-19 0.00000E+00 0.00000E+00 0.00000E+00 0.00000E+00 1.43778E-20 1.59726E-20 3.05487E-20 1.23061E-20 1.77216E-20 2.43646E-21 2.18155E-21 4.12177E-21
 2.84400E+03 7.32473E-20 0.00000E+00 0.00000E+00 0.00000E+00 0.00000E+00 1.13547E-20 1.19931E-20 2.27415E-20 8.00550E-21 1.14986E-20 1.90788E-21 1.63410E-21 3.06469E-21
 2.84400E+03 1.80577E-19 0.00000E+00 0.00000E+00 0.00000E+00 1.07330E-19 1.13547E-20 1.19931E-20 2.27415E-20 8.00550E-21 1.14986E-20 1.90788E-21 1.63410E-21 3.06469E-21
 2.84597E+03 2.02249E-19 0.00000E+00 0.00000E+00 0.00000E+00 1.29130E-19 1.13401E-20 1.19743E-20 2.27048E-20 7.98683E-21 1.14716E-20 1.90537E-21 1.63152E-21 3.05974E-21
 2.84795E+03 2.16630E-19 0.00000E+00 0.00000E+00 0.00000E+00 1.43638E-19 1.13255E-20 1.19555E-20 2.26682E-20 7.96820E-21 1.14447E-20 1.90287E-21 1.62895E-21 3.05479E-21
 2.84992E+03 2.27279E-19 0.00000E+00 0.00000E+00 0.00000E+00 1.54416E-19 1.13110E-20 1.19368E-20 2.26316E-20 7.94961E-21 1.14178E-20 1.90037E-21 1.62638E-21 3.04986E-21
 2.85190E+03 2.35581E-19 0.00000E+00 0.00000E+00 0.00000E+00 1.62845E-19 1.12965E-20 1.19181E-20 2.25951E-20 7.93107E-21 1.13911E-20 1.89787E-21 1.62382E-21 3.04493E-21
 2.85387E+03 2.42190E-19 0.00000E+00 0.00000E+00 0.00000E+00 1.69581E-19 1.12820E-20 1.18994E-20 2.25586E-20 7.91258E-21 1.13643E-20 1.89538E-21 1.62126E-21 3.04001E-21
 2.85585E+03 2.47420E-19 0.00000E+00 0.00000E+00 0.00000E+00 1.74938E-19 1.12675E-20 1.18807E-20 2.25222E-20 7.89412E-21 1.13377E-20 1.89289E-21 1.61870E-21 3.03510E-21
 2.85783E+03 2.51606E-19 0.00000E+00 0.00000E+00 0.00000E+00 1.79250E-19 1.12530E-20 1.18621E-20 2.24859E-20 7.87571E-21 1.13111E-20 1.89040E-21 1.61615E-21 3.03020E-21
 2.85981E+03 2.54685E-19 0.00000E+00 0.00000E+00 0.00000E+00 1.82456E-19 1.12386E-20 1.18435E-20 2.24496E-20 7.85734E-21 1.12845E-20 1.88791E-21 1.61360E-21 3.02530E-21
 2.86180E+03 2.57190E-19 0.00000E+00 0.00000E+00 0.00000E+00 1.85087E-19 1.12241E-20 1.18249E-20 2.24134E-20 7.83902E-21 1.12580E-20 1.88543E-21 1.61106E-21 3.02041E-21
 2.86378E+03 2.58872E-19 0.00000E+00 0.00000E+00 0.00000E+00 1.86895E-19 1.12097E-20 1.18064E-20 2.23773E-20 7.82073E-21 1.12316E-20 1.88296E-21 1.60852E-21 3.01553E-21
 2.86775E+03 2.60410E-19 0.00000E+00 0.00000E+00 0.00000E+00 1.88684E-19 1.11810E-20 1.17694E-20 2.23051E-20 7.78429E-21 1.11790E-20 1.87801E-21 1.60345E-21 3.00579E-21
 2.87173E+03 2.60393E-19 0.00000E+00 0.00000E+00 0.00000E+00 1.88917E-19 1.11523E-20 1.17325E-20 2.22332E-20 7.74803E-21 1.11266E-20 1.87308E-21 1.59840E-21 2.99609E-21
 2.87572E+03 2.59157E-19 0.00000E+00 0.00000E+00 0.00000E+00 1.87931E-19 1.11237E-20 1.16958E-20 2.21615E-20 7.71193E-21 1.10744E-20 1.86816E-21 1.59337E-21 2.98642E-21
 2.89171E+03 2.52535E-19 0.00000E+00 0.00000E+00 0.00000E+00 1.82297E-19 1.10100E-20 1.15499E-20 2.18771E-20 7.56920E-21 1.08683E-20 1.84861E-21 1.57339E-21 2.94803E-21
 2.89973E+03 2.49910E-19 0.00000E+00 0.00000E+00 0.00000E+00 1.80161E-19 1.09535E-20 1.14776E-20 2.17363E-20 7.49884E-21 1.07666E-20 1.83892E-21 1.56349E-21 2.92902E-21
 2.90778E+03 2.47847E-19 0.00000E+00 0.00000E+00 0.00000E+00 1.78583E-19 1.08974E-20 1.14058E-20 2.15963E-20 7.42912E-21 1.06659E-20 1.82927E-21 1.55365E-21 2.91014E-21
 2.94021E+03 2.41736E-19 0.00000E+00 0.00000E+00 0.00000E+00 1.74378E-19 1.06757E-20 1.11231E-20 2.10456E-20 7.15669E-21 1.02725E-20 1.79119E-21 1.51493E-21 2.83581E-21
 2.97300E+03 2.34732E-19 0.00000E+00 0.00000E+00 0.00000E+00 1.69225E-19 1.04586E-20 1.08473E-20 2.05088E-20 6.89424E-21 9.89358E-21 1.75390E-21 1.47717E-21 2.76338E-21
 2.97300E+03 2.83510E-19 0.00000E+00 0.00000E+00 4.87779E-20 1.69225E-19 1.04585E-20 1.08473E-20 2.05088E-20 6.89424E-21 9.89358E-21 1.75390E-21 1.47717E-21 2.76338E-21
 2.97468E+03 2.92455E-19 0.00000E+00 0.00000E+00 5.80679E-20 1.68973E-19 1.04476E-20 1.08335E-20 2.04819E-20 6.88113E-21 9.87465E-21 1.75202E-21 1.47527E-21 2.75974E-21
 2.97636E+03 2.98673E-19 0.00000E+00 0.00000E+00 6.46303E-20 1.68722E-19 1.04367E-20 1.08196E-20 2.04549E-20 6.86805E-21 9.85576E-21 1.75015E-21 1.47338E-21 2.75611E-21
 2.97804E+03 3.03367E-19 0.00000E+00 0.00000E+00 6.96681E-20 1.68471E-19 1.04257E-20 1.08058E-20 2.04280E-20 6.85499E-21 9.83691E-21 1.74827E-21 1.47148E-21 2.75248E-21
 2.97973E+03 3.07058E-19 0.00000E+00 0.00000E+00 7.37024E-20 1.68220E-19 1.04148E-20 1.07920E-20 2.04011E-20 6.84195E-21 9.81809E-21 1.74640E-21 1.46959E-21 2.74885E-21
 2.98310E+03 3.12426E-19 0.00000E+00 0.00000E+00 7.97552E-20 1.67719E-19 1.03930E-20 1.07644E-20 2.03475E-20 6.81595E-21 9.78056E-21 1.74266E-21 1.46582E-21 2.74161E-21
 2.98647E+03 3.15847E-19 0.00000E+00 0.00000E+00 8.38591E-20 1.67220E-19 1.03713E-20 1.07369E-20 2.02940E-20 6.79005E-21 9.74317E-21 1.73893E-21 1.46205E-21 2.73439E-21
 2.98985E+03 3.17872E-19 0.00000E+00 0.00000E+00 8.65648E-20 1.66723E-19 1.03496E-20 1.07095E-20 2.02406E-20 6.76425E-21 9.70593E-21 1.73520E-21 1.45829E-21 2.72719E-21
 2.99323E+03 3.18792E-19 0.00000E+00 0.00000E+00 8.81642E-20 1.66227E-19 1.03280E-20 1.06821E-20 2.01874E-20 6.73855E-21 9.66882E-21 1.73149E-21 1.45455E-21 2.72001E-21
 3.00000E+03 3.18381E-19 0.00000E+00 0.00000E+00 8.91064E-20 1.65239E-19 1.02848E-20 1.06276E-20 2.00814E-20 6.68700E-21 9.59450E-21 1.72405E-21 1.44706E-21 2.70565E-21
 3.02783E+03 3.09226E-19 0.00000E+00 0.00000E+00 8.52348E-20 1.61442E-19 1.01091E-20 1.04040E-20 1.96474E-20 6.47959E-21 9.29511E-21 1.69349E-21 1.41639E-21 2.64689E-21
 3.05592E+03 3.02334E-19 0.00000E+00 0.00000E+00 8.34654E-20 1.57775E-19 9.93437E-21 1.01840E-20 1.92207E-20 6.27860E-21 9.00506E-21 1.66347E-21 1.38637E-21 2.58942E-21
 3.11288E+03 2.88589E-19 0.00000E+00 0.00000E+00 7.96123E-20 1.50689E-19 9.59388E-21 9.75800E-21 1.83947E-20 5.89514E-21 8.45183E-21 1.60502E-21 1.32823E-21 2.47819E-21
 3.23000E+03 2.62895E-19 0.00000E+00 0.00000E+00 7.27966E-20 1.37025E-19 8.94750E-21 8.95866E-21 1.68479E-20 5.19706E-21 7.44525E-21 1.49420E-21 1.21915E-21 2.26985E-21
 3.23000E+03 3.05827E-19 0.00000E+00 4.29320E-20 7.27966E-20 1.37025E-19 8.94750E-21 8.95866E-21 1.68479E-20 5.19705E-21 7.44525E-21 1.49420E-21 1.21915E-21 2.26985E-21
 3.24625E+03 2.99682E-19 0.00000E+00 4.01085E-20 7.19118E-20 1.35259E-19 8.86312E-21 8.85525E-21 1.66480E-20 5.10822E-21 7.31725E-21 1.47974E-21 1.20493E-21 2.24272E-21
 3.26258E+03 2.95235E-19 0.00000E+00 3.90313E-20 7.10117E-20 1.33459E-19 8.77954E-21 8.75107E-21 1.64471E-20 5.02055E-21 7.19090E-21 1.46543E-21 1.19074E-21 2.21567E-21
 3.29548E+03 2.88729E-19 0.00000E+00 3.91332E-20 6.92452E-20 1.29930E-19 8.61472E-21 8.54638E-21 1.60522E-20 4.84971E-21 6.94471E-21 1.43722E-21 1.16286E-21 2.16255E-21
 3.36229E+03 2.74886E-19 0.00000E+00 3.79945E-20 6.58429E-20 1.23149E-19 8.29432E-21 8.15125E-21 1.52906E-20 4.52527E-21 6.47732E-21 1.38242E-21 1.10904E-21 2.06010E-21
 3.50000E+03 2.48983E-19 0.00000E+00 3.57474E-20 5.93617E-20 1.10630E-19 7.68881E-21 7.41496E-21 1.38741E-20 3.93978E-21 5.63445E-21 1.27899E-21 1.00874E-21 1.86948E-21
 4.00000E+03 1.77684E-19 0.00000E+00 2.85850E-20 4.16095E-20 7.68230E-20 5.94348E-21 5.37105E-21 9.96597E-21 2.46739E-21 3.51828E-21 9.83049E-22 7.30753E-22 1.34393E-21
 4.50000E+03 1.31499E-19 0.00000E+00 2.32592E-20 3.02575E-20 5.53965E-20 4.71692E-21 4.00871E-21 7.38383E-21 1.62080E-21 2.30500E-21 7.76748E-22 5.45880E-22 9.97100E-22
 5.00000E+03 1.00154E-19 0.00000E+00 1.92412E-20 2.26357E-20 4.11328E-20 3.82319E-21 3.06670E-21 5.61221E-21 1.10654E-21 1.56961E-21 6.27483E-22 4.18143E-22 7.59078E-22
 5.50000E+03 7.80804E-20 0.00000E+00 1.61307E-20 1.73284E-20 3.12831E-20 3.15285E-21 2.39503E-21 4.35711E-21 7.79770E-22 1.10349E-21 5.16181E-22 3.27056E-22 5.90379E-22
 6.00000E+03 6.20850E-20 0.00000E+00 1.36795E-20 1.35297E-20 2.42834E-20 2.63815E-21 1.90351E-21 3.44418E-21 5.64357E-22 7.96908E-22 4.31082E-22 2.60366E-22 4.67550E-22
 7.00000E+03 4.11922E-20 0.00000E+00 1.01249E-20 8.66089E-21 1.53865E-20 1.91337E-21 1.25565E-21 2.25016E-21 3.15632E-22 4.43823E-22 3.11841E-22 1.72320E-22 3.06554E-22
 8.00000E+03 2.87607E-20 0.00000E+00 7.73315E-21 5.84089E-21 1.02856E-20 1.44056E-21 8.67895E-22 1.54203E-21 1.89226E-22 2.65057E-22 2.34384E-22 1.19455E-22 2.10746E-22
 9.00000E+03 2.08956E-20 0.00000E+00 6.05773E-21 4.10422E-21 7.17130E-21 1.11667E-21 6.22420E-22 1.09747E-21 1.19780E-22 1.67188E-22 1.81469E-22 8.58875E-23 1.50393E-22
 1.00000E+04 1.56726E-20 0.00000E+00 4.84502E-21 2.98125E-21 5.17263E-21 8.86131E-22 4.59997E-22 8.05440E-22 7.92096E-23 1.10193E-22 1.43874E-22 6.36113E-23 1.10626E-22
 1.10000E+04 1.20653E-20 0.00000E+00 3.94324E-21 2.22552E-21 3.83656E-21 7.16895E-22 3.48514E-22 6.06351E-22 5.42931E-23 7.52950E-23 1.16313E-22 4.82870E-23 8.34450E-23
 1.25000E+04 8.47804E-21 0.00000E+00 2.97455E-21 1.49668E-21 2.55742E-21 5.37279E-22 2.38829E-22 4.11873E-22 3.25455E-23 4.49325E-23 8.71035E-23 3.31713E-23 5.68268E-23
 1.40000E+04 6.18975E-21 0.00000E+00 2.30458E-21 1.04838E-21 1.77721E-21 4.14410E-22 1.69925E-22 2.90720E-22 2.05730E-23 2.82877E-23 6.71482E-23 2.36519E-23 4.01988E-23
 1.50000E+04 5.10706E-21 0.00000E+00 1.96834E-21 8.42523E-22 1.42123E-21 3.53165E-22 1.37799E-22 2.34584E-22 1.55288E-23 2.12924E-23 5.72093E-23 1.92044E-23 3.24787E-23
 1.75000E+04 3.31686E-21 0.00000E+00 1.37506E-21 5.14478E-22 8.58000E-22 2.45788E-22 8.57361E-23 1.44296E-22 8.23548E-24 1.12220E-23 3.98007E-23 1.19816E-23 2.00340E-23
 2.00000E+04 2.27745E-21 0.00000E+00 1.00097E-21 3.33851E-22 5.51096E-22 1.78529E-22 5.64646E-23 9.40540E-23 4.72705E-24 6.40403E-24 2.89045E-23 7.90843E-24 1.30880E-23
 2.20000E+04 1.73943E-21 0.00000E+00 7.94985E-22 2.44504E-22 4.00583E-22 1.41639E-22 4.17588E-23 6.90314E-23 3.17190E-24 4.27745E-24 2.29307E-23 5.85763E-24 9.62058E-24
 2.21230E+04 1.71205E-21 0.00000E+00 7.84212E-22 2.40056E-22 3.93117E-22 1.39712E-22 4.10209E-23 6.77804E-23 3.09828E-24 4.17701E-24 2.26181E-23 5.75454E-24 9.44691E-24
 2.21230E+04 1.19332E-20 1.02212E-20 7.84211E-22 2.40056E-22 3.93117E-22 1.39712E-22 4.10209E-23 6.77804E-23 3.09828E-24 4.17701E-24 2.26181E-23 5.75454E-24 9.44691E-24
 2.21441E+04 1.11955E-20 9.48808E-21 7.82375E-22 2.39302E-22 3.91852E-22 1.39384E-22 4.08957E-23 6.75683E-23 3.08584E-24 4.16004E-24 2.25650E-23 5.73707E-24 9.41748E-24
 2.21653E+04 1.11382E-20 9.43545E-21 7.80542E-22 2.38550E-22 3.90591E-22 1.39057E-22 4.07709E-23 6.73568E-23 3.07345E-24 4.14314E-24 2.25120E-23 5.71964E-24 9.38814E-24
 2.21865E+04 1.12499E-20 9.55180E-21 7.78714E-22 2.37801E-22 3.89333E-22 1.38730E-22 4.06465E-23 6.71459E-23 3.06111E-24 4.12631E-24 2.24592E-23 5.70227E-24 9.35888E-24
 2.22077E+04 1.12555E-20 9.56199E-21 7.76890E-22 2.37054E-22 3.88080E-22 1.38404E-22 4.05225E-23 6.69358E-23 3.04881E-24 4.10955E-24 2.24064E-23 5.68495E-24 9.32972E-24
 2.22927E+04 1.11680E-20 9.49283E-21 7.69636E-22 2.34089E-22 3.83107E-22 1.37108E-22 4.00302E-23 6.61016E-23 3.00014E-24 4.04318E-24 2.21967E-23 5.61621E-24 9.21399E-24
 2.24637E+04 1.09667E-20 9.32762E-21 7.55331E-22 2.28271E-22 3.73351E-22 1.34553E-22 3.90634E-23 6.44644E-23 2.90512E-24 3.91364E-24 2.17830E-23 5.48120E-24 8.98680E-24
 2.28096E+04 1.05391E-20 8.96973E-21 7.27515E-22 2.17065E-22 3.54579E-22 1.29584E-22 3.71993E-23 6.13105E-23 2.72401E-24 3.66688E-24 2.09788E-23 5.22083E-24 8.54910E-24
 2.35175E+04 9.72353E-21 8.28472E-21 6.74917E-22 1.96277E-22 3.19818E-22 1.20190E-22 3.37338E-23 5.54582E-23 2.39495E-24 3.21905E-24 1.94582E-23 4.73662E-24 7.73661E-24
 2.50000E+04 8.29282E-21 7.08275E-21 5.80855E-22 1.60482E-22 2.60186E-22 1.03396E-22 2.77413E-23 4.53761E-23 1.85127E-24 2.48077E-24 1.67397E-23 3.89876E-24 6.33593E-24
 2.73861E+04 6.52137E-21 5.58918E-21 4.62285E-22 1.18499E-22 1.90612E-22 8.22705E-23 2.06414E-23 3.34958E-23 1.25769E-24 1.67733E-24 1.33203E-23 2.90454E-24 4.68286E-24
 3.00000E+04 5.11656E-21 4.39735E-21 3.67901E-22 8.74996E-23 1.39641E-22 6.54589E-23 1.53584E-23 2.47256E-23 8.54425E-25 1.13409E-24 1.05993E-23 2.16385E-24 3.46107E-24
 3.50000E+04 3.37581E-21 2.91369E-21 2.48065E-22 5.21297E-23 8.20377E-23 4.41460E-23 9.25624E-24 1.46911E-23 4.42855E-25 5.82737E-25 7.14972E-24 1.30657E-24 2.06034E-24
 4.00000E+04 2.34253E-21 2.02804E-21 1.75323E-22 3.31807E-23 5.15516E-23 3.12170E-23 5.94471E-24 9.31358E-24 2.50207E-25 3.26626E-25 5.05691E-24 8.40379E-25 1.30812E-24
 4.50000E+04 1.69071E-21 1.46705E-21 1.28553E-22 2.22287E-23 3.41288E-23 2.29046E-23 4.01136E-24 6.20993E-24 1.51094E-25 1.95784E-25 3.71119E-24 5.67760E-25 8.73264E-25
 5.00000E+04 1.25944E-21 1.09473E-21 9.70871E-23 1.55108E-23 2.35554E-23 1.73108E-23 2.81596E-24 4.31130E-24 9.61963E-26 1.23792E-25 2.80546E-24 3.98981E-25 6.06882E-25
 5.50000E+04 9.62890E-22 8.38095E-22 7.51277E-23 1.11908E-23 1.68209E-23 1.34055E-23 2.04204E-24 3.09405E-24 6.39299E-26 8.17593E-26 2.17298E-24 2.89573E-25 4.35900E-25
 6.00000E+04 7.52371E-22 6.55571E-22 5.93320E-23 8.30217E-24 1.23577E-23 1.05947E-23 1.52145E-24 2.28277E-24 4.40321E-26 5.59951E-26 1.71770E-24 2.15903E-25 3.21841E-25
 7.00000E+04 4.84318E-22 4.22684E-22 3.88878E-23 4.88658E-24 7.14500E-24 6.95371E-24 9.01840E-25 1.32892E-24 2.27785E-26 2.86478E-26 1.12778E-24 1.28130E-25 1.87580E-25
 8.00000E+04 3.29663E-22 2.88032E-22 2.68604E-23 3.08641E-24 4.44027E-24 4.80905E-24 5.72726E-25 8.30294E-25 1.28930E-26 1.60602E-26 7.80185E-25 8.14466E-26 1.17305E-25
 9.00000E+04 2.34335E-22 2.04908E-22 1.93265E-23 2.05867E-24 2.91809E-24 3.46403E-24 3.83651E-25 5.47974E-25 7.82051E-27 9.66061E-27 5.62125E-25 5.45993E-26 7.74766E-26
 1.00000E+05 1.72451E-22 1.50886E-22 1.43690E-23 1.43384E-24 2.00514E-24 2.57800E-24 2.68166E-25 3.77830E-25 5.01171E-27 6.14512E-27 4.18440E-25 3.81889E-26 5.34528E-26
 1.10000E+05 1.30566E-22 1.14291E-22 1.09746E-23 1.03463E-24 1.42881E-24 1.97073E-24 1.94073E-25 2.70012E-25 3.35839E-27 4.09088E-27 3.19936E-25 2.76520E-26 3.82195E-26
 1.25000E+05 8.98216E-23 7.86644E-23 7.63314E-24 6.69130E-25 9.08391E-25 1.37226E-24 1.25956E-25 1.72261E-25 1.97109E-27 2.38178E-27 2.22836E-25 1.79579E-26 2.43983E-26
 1.40000E+05 6.44436E-23 5.64588E-23 5.52606E-24 4.55628E-25 6.09241E-25 9.94420E-25 8.60217E-26 1.15855E-25 1.23429E-27 1.48192E-27 1.61515E-25 1.22702E-26 1.64171E-26
 1.50000E+05 5.26496E-23 4.61344E-23 4.53808E-24 3.61061E-25 4.78311E-25 8.17096E-25 6.82795E-26 9.11055E-26 9.30692E-28 1.11268E-27 1.32731E-25 9.74182E-27 1.29131E-26
 1.75000E+05 3.35394E-23 2.93984E-23 2.92188E-24 2.15608E-25 2.79841E-25 5.26724E-25 4.09036E-26 5.34661E-26 4.98337E-28 5.92354E-28 8.55847E-26 5.83954E-27 7.58268E-27
 2.00000E+05 2.27317E-23 1.99292E-23 1.99679E-24 1.38691E-25 1.76964E-25 3.60303E-25 2.63785E-26 3.38928E-26 2.92916E-28 3.46640E-28 5.85562E-26 3.76756E-27 4.80880E-27
 2.20000E+05 1.72479E-23 1.51232E-23 1.52323E-24 1.01614E-25 1.28150E-25 2.75028E-25 1.93564E-26 2.45810E-26 2.01520E-28 2.38256E-28 4.47036E-26 2.76525E-27 3.48858E-27
 2.50000E+05 1.19444E-23 1.04744E-23 1.06176E-24 6.73085E-26 8.36798E-26 1.91855E-25 1.28473E-26 1.60794E-26 1.23122E-28 1.45635E-28 3.11898E-26 1.83602E-27 2.28276E-27
 3.00000E+05 7.12738E-24 6.25117E-24 6.38619E-25 3.78886E-26 4.62775E-26 1.15507E-25 7.24803E-27 8.91240E-27 6.19591E-29 7.38135E-29 1.87819E-26 1.03630E-27 1.26571E-27
 3.50000E+05 4.64957E-24 4.07849E-24 4.18917E-25 2.36129E-26 2.85222E-26 7.58207E-26 4.52560E-27 5.50115E-27 3.53055E-29 4.26057E-29 1.23306E-26 6.47198E-28 7.81477E-28
 4.00000E+05 3.23971E-24 2.84213E-24 2.93043E-25 1.58551E-26 1.90248E-26 5.30640E-26 3.04209E-27 3.67323E-27 2.19812E-29 2.69398E-29 8.63064E-27 4.35147E-28 5.21925E-28
 4.50000E+05 2.37431E-24 2.08318E-24 2.15377E-25 1.12602E-26 1.34731E-26 3.90135E-26 2.16263E-27 2.60324E-27 1.46556E-29 1.82714E-29 6.34588E-27 3.09383E-28 3.69936E-28
 5.00000E+05 1.81075E-24 1.58892E-24 1.64596E-25 8.35586E-27 9.99508E-27 2.98223E-26 1.60611E-27 1.93264E-27 1.02960E-29 1.30846E-29 4.85114E-27 2.29818E-28 2.74668E-28
 5.50000E+05 1.42594E-24 1.25142E-24 1.29813E-25 6.42434E-27 7.69655E-27 2.35243E-26 1.23527E-27 1.48881E-27 7.54496E-30 9.78447E-30 3.82681E-27 1.76789E-28 2.11605E-28
 6.00000E+05 1.15279E-24 1.01183E-24 1.05062E-25 5.08257E-27 6.10802E-27 1.90412E-26 9.77798E-28 1.18176E-27 5.72990E-30 7.57415E-30 3.09761E-27 1.39934E-28 1.67987E-28
 7.00000E+05 8.01610E-25 7.03778E-25 7.31552E-26 3.40268E-27 4.12583E-27 1.32603E-26 6.55203E-28 7.98754E-28 3.56474E-30 4.90472E-30 2.15726E-27 9.37848E-29 1.13548E-28
 8.00000E+05 5.93581E-25 5.21270E-25 5.42054E-26 2.44094E-27 2.99105E-27 9.82583E-27 4.70164E-28 5.79181E-28 2.41028E-30 3.44207E-30 1.59855E-27 6.72966E-29 8.23424E-29
 9.00000E+05 4.60465E-25 4.04465E-25 4.20600E-26 1.84211E-27 2.28296E-27 7.62412E-27 3.54961E-28 4.42137E-28 1.73182E-30 2.56211E-30 1.24037E-27 5.08114E-29 6.28595E-29
 1.00000E+06 3.70089E-25 3.25152E-25 3.38055E-26 1.44531E-27 1.81135E-27 6.12768E-27 2.78590E-28 3.50914E-28 1.30604E-30 1.99336E-30 9.96903E-28 3.98857E-29 4.98881E-29
 1.10000E+06 3.05805E-25 2.68726E-25 2.79302E-26 1.16963E-27 1.48136E-27 5.06246E-27 2.25523E-28 2.86991E-28 1.01985E-30 1.60028E-30 8.23607E-28 3.22856E-29 4.08045E-29
 1.25000E+06 2.39089E-25 2.10154E-25 2.18303E-26 8.90641E-28 1.14438E-27 3.95652E-27 1.71718E-28 2.21697E-28 7.40498E-31 1.20938E-30 6.43672E-28 2.45844E-29 3.15214E-29
 1.40000E+06 1.93935E-25 1.70502E-25 1.77012E-26 7.06630E-28 9.19672E-28 3.20786E-27 1.36253E-28 1.78186E-28 5.65282E-31 9.56623E-31 5.21870E-28 1.95110E-29 2.53328E-29
 1.50000E+06 1.71390E-25 1.50701E-25 1.56396E-26 6.16563E-28 8.08621E-28 2.83410E-27 1.18922E-28 1.56674E-28 4.83685E-31 8.32984E-31 4.61060E-28 1.70282E-29 2.22759E-29
 1.75000E+06 1.31316E-25 1.15496E-25 1.19755E-26 4.60335E-28 6.13511E-28 2.16985E-27 8.88027E-29 1.18889E-28 3.44439E-31 6.19875E-31 3.52991E-28 1.27171E-29 1.69030E-29
 2.00000E+06 1.05315E-25 9.26465E-26 9.59894E-27 3.62174E-28 4.88724E-28 1.73906E-27 6.98716E-29 9.46891E-29 2.61497E-31 4.87521E-31 2.82905E-28 1.00034E-29 1.34631E-29
 2.20000E+06 9.04440E-26 7.95692E-26 8.24040E-27 3.10906E-28 4.19535E-28 1.49241E-27 5.99609E-29 8.12581E-29 2.24400E-31 4.18360E-31 2.42765E-28 8.58402E-30 1.15528E-29
 2.50000E+06 7.42008E-26 6.52833E-26 6.75775E-27 2.54957E-28 3.44029E-28 1.22335E-27 4.91504E-29 6.66076E-29 1.83937E-31 3.42922E-31 1.98983E-28 7.03589E-30 9.46923E-30
 3.00000E+06 5.67439E-26 4.99488E-26 5.14992E-27 1.94287E-28 2.62156E-28 9.31777E-28 3.74351E-29 5.07310E-29 1.40089E-31 2.61174E-31 1.51541E-28 5.35836E-30 7.21153E-30
 3.50000E+06 4.56242E-26 4.01752E-26 4.13009E-27 1.55807E-28 2.10230E-28 7.46956E-28 3.00093E-29 4.06676E-29 1.12297E-31 2.09360E-31 1.21473E-28 4.29517E-30 5.78063E-30
 4.00000E+06 3.79837E-26 3.34564E-26 3.43166E-27 1.29455E-28 1.74671E-28 6.20446E-28 2.49264E-29 3.37794E-29 9.32744E-32 1.73895E-31 1.00894E-28 3.56749E-30 4.80128E-30
 4.50000E+06 3.24407E-26 2.85803E-26 2.92629E-27 1.10388E-28 1.48943E-28 5.28944E-28 2.12502E-29 2.87974E-29 7.95164E-32 1.48246E-31 8.60103E-29 3.04122E-30 4.09300E-30
 5.00000E+06 2.82517E-26 2.48942E-26 2.54520E-27 9.60108E-29 1.29542E-28 4.59967E-28 1.84789E-29 2.50418E-29 6.91456E-32 1.28911E-31 7.47913E-29 2.64452E-30 3.55911E-30
 5.50000E+06 2.49839E-26 2.20180E-26 2.24844E-27 8.48150E-29 1.14435E-28 4.06269E-28 1.63215E-29 2.21182E-29 6.10723E-32 1.13860E-31 6.60579E-29 2.33571E-30 3.14351E-30
 6.00000E+06 2.23690E-26 1.97159E-26 2.01133E-27 7.58700E-29 1.02366E-28 3.63376E-28 1.45982E-29 1.97829E-29 5.46235E-32 1.01837E-31 5.90820E-29 2.08905E-30 2.81154E-30
 7.00000E+06 1.84567E-26 1.62708E-26 1.65722E-27 6.25113E-29 8.43408E-29 2.99334E-28 1.20253E-29 1.62962E-29 4.49956E-32 8.38870E-32 4.86674E-29 1.72080E-30 2.31593E-30
 8.00000E+06 1.56790E-26 1.38241E-26 1.40631E-27 5.30462E-29 7.15698E-29 2.53972E-28 1.02029E-29 1.38265E-29 3.81761E-32 7.11731E-32 4.12908E-29 1.45998E-30 1.96490E-30
 9.00000E+06 1.36109E-26 1.20021E-26 1.21979E-27 4.60102E-29 6.20764E-29 2.20258E-28 8.84849E-30 1.19910E-29 3.31079E-32 6.17244E-32 3.58088E-29 1.26614E-30 1.70402E-30
 1.00000E+07 1.20145E-26 1.05953E-26 1.07600E-27 4.05857E-29 5.47575E-29 1.94272E-28 7.80450E-30 1.05762E-29 2.92015E-32 5.44414E-32 3.15834E-29 1.11673E-30 1.50295E-30
 1.10000E+07 1.07467E-26 9.47800E-27 9.61918E-28 3.62825E-29 4.89515E-29 1.73660E-28 6.97642E-30 9.45407E-30 2.61029E-32 4.86647E-32 2.82319E-29 9.98231E-31 1.34346E-30
 1.25000E+07 9.27095E-27 8.17724E-27 8.29270E-28 3.12789E-29 4.22005E-29 1.49696E-28 6.01371E-30 8.14945E-30 2.25007E-32 4.19489E-32 2.43357E-29 8.60466E-31 1.15805E-30
 1.40000E+07 8.14647E-27 7.18594E-27 7.28299E-28 2.74702E-29 3.70618E-29 1.31458E-28 5.28103E-30 7.15656E-30 1.97592E-32 3.68378E-32 2.13705E-29 7.55621E-31 1.01695E-30
 1.50000E+07 7.53511E-27 6.64694E-27 6.73443E-28 2.54010E-29 3.42700E-29 1.21551E-28 4.88303E-30 6.61720E-30 1.82700E-32 3.40614E-32 1.97597E-29 6.98668E-31 9.40296E-31
 1.75000E+07 6.34113E-27 5.59415E-27 5.66394E-28 2.13632E-29 2.88222E-29 1.02220E-28 4.10643E-30 5.56479E-30 1.53642E-32 2.86441E-32 1.66169E-29 5.87542E-31 7.90739E-31
 2.00000E+07 5.47090E-27 4.82674E-27 4.88444E-28 1.84229E-29 2.48553E-29 8.81457E-29 3.54102E-30 4.79858E-30 1.32487E-32 2.47000E-32 1.43288E-29 5.06639E-31 6.81855E-31
 2.20000E+07 4.92845E-27 4.34833E-27 4.39887E-28 1.65914E-29 2.23842E-29 7.93794E-29 3.18885E-30 4.32134E-30 1.19310E-32 2.22434E-32 1.29036E-29 4.56248E-31 6.14038E-31
 2.50000E+07 4.28921E-27 3.78451E-27 3.82699E-28 1.44344E-29 1.94740E-29 6.90557E-29 2.77412E-30 3.75932E-30 1.03793E-32 1.93504E-32 1.12253E-29 3.96907E-31 5.34173E-31
 3.00000E+07 3.52534E-27 3.11071E-27 3.14410E-28 1.18586E-29 1.59989E-29 5.67295E-29 2.27894E-30 3.08829E-30 8.52654E-33 1.58963E-32 9.22154E-30 3.26056E-31 4.38819E-31
 3.50000E+07 2.99153E-27 2.63980E-27 2.66720E-28 1.00598E-29 1.35721E-29 4.81224E-29 1.93318E-30 2.61972E-30 7.23285E-33 1.34845E-32 7.82237E-30 2.76584E-31 3.72238E-31
 4.00000E+07 2.59769E-27 2.29233E-27 2.31552E-28 8.73338E-30 1.17825E-29 4.17758E-29 1.67822E-30 2.27422E-30 6.27891E-33 1.17060E-32 6.79066E-30 2.40104E-31 3.23142E-31
 4.50000E+07 2.29524E-27 2.02548E-27 2.04555E-28 7.71515E-30 1.04087E-29 3.69041E-29 1.48251E-30 2.00901E-30 5.54669E-33 1.03409E-32 5.99874E-30 2.12104E-31 2.85458E-31
 5.00000E+07 2.05573E-27 1.81416E-27 1.83184E-28 6.90907E-30 9.32121E-30 3.30477E-29 1.32759E-30 1.79907E-30 4.96705E-33 9.26025E-33 5.37186E-30 1.89938E-31 2.55627E-31
 5.50000E+07 1.86140E-27 1.64269E-27 1.65848E-28 6.25520E-30 8.43905E-30 2.99196E-29 1.20193E-30 1.62877E-30 4.49689E-33 8.38371E-33 4.86337E-30 1.71959E-31 2.31429E-31
 6.00000E+07 1.70058E-27 1.50079E-27 1.51504E-28 5.71420E-30 7.70917E-30 2.73315E-29 1.09796E-30 1.48788E-30 4.10790E-33 7.65849E-33 4.44267E-30 1.57084E-31 2.11410E-31
 7.00000E+07 1.44994E-27 1.27962E-27 1.29154E-28 4.87123E-30 6.57190E-30 2.32990E-29 9.35964E-31 1.26836E-30 3.50181E-33 6.52854E-33 3.78718E-30 1.33907E-31 1.80218E-31
 8.00000E+07 1.26363E-27 1.11521E-27 1.12545E-28 4.24479E-30 5.72674E-30 2.03024E-29 8.15584E-31 1.10523E-30 3.05141E-33 5.68886E-33 3.30008E-30 1.16684E-31 1.57038E-31
 9.00000E+07 1.11971E-27 9.88207E-28 9.97179E-29 3.76099E-30 5.07403E-30 1.79882E-29 7.22617E-31 9.79245E-31 2.70359E-33 5.04039E-33 2.92390E-30 1.03383E-31 1.39137E-31
 1.00000E+08 1.00520E-27 8.87156E-28 8.95136E-29 3.37612E-30 4.55479E-30 1.61472E-29 6.48663E-31 8.79027E-31 2.42689E-33 4.52454E-33 2.62466E-30 9.28026E-32 1.24898E-31
 1.10000E+08 9.11926E-28 8.04844E-28 8.12028E-29 3.06266E-30 4.13190E-30 1.46479E-29 5.88433E-31 7.97407E-31 2.20155E-33 4.10442E-33 2.38095E-30 8.41855E-32 1.13300E-31
 1.25000E+08 8.00495E-28 7.06504E-28 7.12752E-29 2.68823E-30 3.62674E-30 1.28570E-29 5.16487E-31 6.99910E-31 1.93237E-33 3.60259E-33 2.08984E-30 7.38923E-32 9.94472E-32
 1.40000E+08 7.13322E-28 6.29571E-28 6.35098E-29 2.39535E-30 3.23160E-30 1.14561E-29 4.60212E-31 6.23650E-31 1.72182E-33 3.21005E-33 1.86213E-30 6.58411E-32 8.86115E-32
 1.50000E+08 6.65037E-28 5.86958E-28 5.92090E-29 2.23313E-30 3.01276E-30 1.06803E-29 4.29044E-31 5.81413E-31 1.60521E-33 2.99266E-33 1.73602E-30 6.13820E-32 8.26103E-32
 1.75000E+08 5.68778E-28 5.02005E-28 5.06358E-29 1.90978E-30 2.57652E-30 9.13371E-30 3.66917E-31 4.97222E-31 1.37277E-33 2.55930E-33 1.48463E-30 5.24935E-32 7.06479E-32
 2.00000E+08 4.96857E-28 4.38530E-28 4.42309E-29 1.66821E-30 2.25062E-30 7.97833E-30 3.20503E-31 4.34325E-31 1.19912E-33 2.23556E-33 1.29683E-30 4.58532E-32 6.17111E-32
 2.20000E+08 4.51211E-28 3.98244E-28 4.01662E-29 1.51491E-30 2.04379E-30 7.24511E-30 2.91048E-31 3.94410E-31 1.08892E-33 2.03011E-33 1.17765E-30 4.16392E-32 5.60397E-32
 2.50000E+08 3.96561E-28 3.50011E-28 3.53001E-29 1.33138E-30 1.79618E-30 6.36733E-30 2.55786E-31 3.46625E-31 9.56990E-34 1.78415E-33 1.03497E-30 3.65944E-32 4.92502E-32
 3.00000E+08 3.29953E-28 2.91223E-28 2.93696E-29 1.10770E-30 1.49442E-30 5.29757E-30 2.12812E-31 2.88390E-31 7.96208E-34 1.48440E-33 8.61086E-31 3.04462E-32 4.09757E-32
 3.50000E+08 2.82501E-28 2.49343E-28 2.51451E-29 9.48371E-31 1.27946E-30 4.53554E-30 1.82200E-31 2.46906E-31 6.81677E-34 1.27087E-33 7.37222E-31 2.60667E-32 3.50815E-32
 4.00000E+08 2.46981E-28 2.17993E-28 2.19830E-29 8.29109E-31 1.11856E-30 3.96516E-30 1.59287E-31 2.15856E-31 5.95951E-34 1.11105E-33 6.44510E-31 2.27885E-32 3.06697E-32
 4.50000E+08 2.19395E-28 1.93645E-28 1.95273E-29 7.36490E-31 9.93610E-31 3.52221E-30 1.41493E-31 1.91742E-31 5.29376E-34 9.86935E-34 5.72511E-31 2.02428E-32 2.72436E-32
 5.00000E+08 1.97352E-28 1.74190E-28 1.75651E-29 6.62484E-31 8.93767E-31 3.16828E-30 1.27275E-31 1.72475E-31 4.76181E-34 8.87761E-34 5.14981E-31 1.82087E-32 2.45060E-32
 5.50000E+08 1.79334E-28 1.58287E-28 1.59612E-29 6.01993E-31 8.12157E-31 2.87898E-30 1.15653E-31 1.56726E-31 4.32700E-34 8.06698E-34 4.67957E-31 1.65460E-32 2.22683E-32
 6.00000E+08 1.64331E-28 1.45044E-28 1.46257E-29 5.51624E-31 7.44204E-31 2.63809E-30 1.05976E-31 1.43612E-31 3.96495E-34 7.39200E-34 4.28802E-31 1.51616E-32 2.04050E-32
 7.00000E+08 1.40776E-28 1.24254E-28 1.25291E-29 4.72547E-31 6.37520E-31 2.25990E-30 9.07841E-32 1.23025E-31 3.39656E-34 6.33232E-34 3.67331E-31 1.29881E-32 1.74799E-32
 8.00000E+08 1.23127E-28 1.08677E-28 1.09582E-29 4.13299E-31 5.57587E-31 1.97655E-30 7.94015E-32 1.07600E-31 2.97069E-34 5.53836E-34 3.21275E-31 1.13596E-32 1.52882E-32
 9.00000E+08 1.09410E-28 9.65697E-29 9.73734E-30 3.67253E-31 4.95466E-31 1.75634E-30 7.05551E-32 9.56117E-32 2.63972E-34 4.92132E-34 2.85480E-31 1.00940E-32 1.35849E-32
 1.00000E+09 9.84433E-29 8.68900E-29 8.76123E-30 3.30438E-31 4.45798E-31 1.58028E-30 6.34824E-32 8.60272E-32 2.37510E-34 4.42798E-34 2.56863E-31 9.08213E-33 1.22231E-32
