 ***  Photoelectric cross sections,  IZ =  4,  NSHELL =  1,  NDATA = 157
              0           1
 5.00000E+01 3.88882E-19 0.00000E+00
 5.50000E+01 3.28461E-19 0.00000E+00
 6.00000E+01 2.79584E-19 0.00000E+00
 6.48074E+01 2.40942E-19 0.00000E+00
 7.00000E+01 2.06677E-19 0.00000E+00
 7.48331E+01 1.80179E-19 0.00000E+00
 8.00000E+01 1.56564E-19 0.00000E+00
 8.48528E+01 1.37946E-19 0.00000E+00
 9.00000E+01 1.21264E-19 0.00000E+00
 1.00000E+02 9.58368E-20 0.00000E+00
 1.10000E+02 7.71248E-20 0.00000E+00
 1.15000E+02 6.95860E-20 0.00000E+00
 1.15000E+02 2.41402E-18 2.34444E-18
 1.16205E+02 2.31585E-18 2.24793E-18
 1.17422E+02 2.22915E-18 2.16285E-18
 1.18653E+02 2.15342E-18 2.08871E-18
 1.19896E+02 2.08548E-18 2.02232E-18
 1.22421E+02 1.96953E-18 1.90936E-18
 1.25000E+02 1.87280E-18 1.81546E-18
 1.28592E+02 1.76172E-18 1.70808E-18
 1.32288E+02 1.66656E-18 1.61639E-18
 1.40000E+02 1.50166E-18 1.45777E-18
 1.50000E+02 1.32119E-18 1.28395E-18
 1.55893E+02 1.22367E-18 1.18972E-18
 1.62019E+02 1.12963E-18 1.09869E-18
 1.68384E+02 1.03745E-18 1.00925E-18
 1.75000E+02 9.49944E-19 9.24248E-19
 1.87083E+02 8.09984E-19 7.88128E-19
 2.00000E+02 6.87805E-19 6.69216E-19
 2.20000E+02 5.43081E-19 5.28332E-19
 2.50000E+02 3.94139E-19 3.83323E-19
 2.73861E+02 3.12171E-19 3.03507E-19
 3.00000E+02 2.46006E-19 2.39082E-19
 3.50000E+02 1.63456E-19 1.58761E-19
 4.00000E+02 1.14220E-19 1.10904E-19
 4.50000E+02 8.28153E-20 8.03932E-20
 5.00000E+02 6.18586E-20 6.00389E-20
 5.50000E+02 4.74003E-20 4.59996E-20
 6.00000E+02 3.70944E-20 3.59928E-20
 7.00000E+02 2.38945E-20 2.31768E-20
 8.00000E+02 1.62543E-20 1.57626E-20
 9.00000E+02 1.15290E-20 1.11794E-20
 1.00000E+03 8.45844E-21 8.20184E-21
 1.10000E+03 6.38154E-21 6.18778E-21
 1.25000E+03 4.35906E-21 4.22604E-21
 1.40000E+03 3.10222E-21 3.00709E-21
 1.50000E+03 2.51846E-21 2.44108E-21
 1.75000E+03 1.57495E-21 1.52642E-21
 2.00000E+03 1.04506E-21 1.01268E-21
 2.20000E+03 7.78111E-22 7.53905E-22
 2.50000E+03 5.22546E-22 5.06251E-22
 3.00000E+03 2.94674E-22 2.85440E-22
 3.50000E+03 1.80781E-22 1.75100E-22
 4.00000E+03 1.18066E-22 1.14347E-22
 4.50000E+03 8.09119E-23 7.83576E-23
 5.00000E+03 5.76124E-23 5.57913E-23
 5.50000E+03 4.23241E-23 4.09842E-23
 6.00000E+03 3.19053E-23 3.08939E-23
 7.00000E+03 1.93009E-23 1.86881E-23
 8.00000E+03 1.24627E-23 1.20664E-23
 9.00000E+03 8.46109E-24 8.19175E-24
 1.00000E+04 5.97737E-24 5.78691E-24
 1.10000E+04 4.36149E-24 4.22242E-24
 1.25000E+04 2.85475E-24 2.76364E-24
 1.40000E+04 1.95862E-24 1.89606E-24
 1.50000E+04 1.55653E-24 1.50679E-24
 1.75000E+04 9.30455E-25 9.00701E-25
 2.00000E+04 5.95164E-25 5.76120E-25
 2.20000E+04 4.32391E-25 4.18550E-25
 2.50000E+04 2.81494E-25 2.72479E-25
 3.00000E+04 1.52440E-25 1.47555E-25
 3.50000E+04 9.06791E-26 8.77720E-26
 4.00000E+04 5.77930E-26 5.59396E-26
 4.50000E+04 3.88333E-26 3.75876E-26
 5.00000E+04 2.72076E-26 2.63347E-26
 5.50000E+04 1.97201E-26 1.90873E-26
 6.00000E+04 1.47001E-26 1.42283E-26
 7.00000E+04 8.73798E-27 8.45747E-27
 8.00000E+04 5.57141E-27 5.39252E-27
 9.00000E+04 3.74862E-27 3.62824E-27
 1.00000E+05 2.63183E-27 2.54730E-27
 1.10000E+05 1.91269E-27 1.85125E-27
 1.25000E+05 1.24849E-27 1.20838E-27
 1.40000E+05 8.56904E-28 8.29376E-28
 1.50000E+05 6.82129E-28 6.60214E-28
 1.75000E+05 4.11152E-28 3.97942E-28
 2.00000E+05 2.66425E-28 2.57864E-28
 2.20000E+05 1.96108E-28 1.89806E-28
 2.50000E+05 1.30686E-28 1.26486E-28
 3.00000E+05 7.41639E-29 7.17804E-29
 3.50000E+05 4.65816E-29 4.50846E-29
 4.00000E+05 3.15234E-29 3.05103E-29
 4.50000E+05 2.25843E-29 2.18584E-29
 5.00000E+05 1.69215E-29 1.63776E-29
 5.50000E+05 1.31429E-29 1.27205E-29
 6.00000E+05 1.05126E-29 1.01747E-29
 7.00000E+05 7.20669E-30 6.97506E-30
 8.00000E+05 5.29656E-30 5.12632E-30
 9.00000E+05 4.09643E-30 3.96477E-30
 1.00000E+06 3.29257E-30 3.18675E-30
 1.10000E+06 2.72632E-30 2.63869E-30
 1.25000E+06 2.14332E-30 2.07443E-30
 1.40000E+06 1.75098E-30 1.69470E-30
 1.50000E+06 1.55552E-30 1.50552E-30
 1.75000E+06 1.20811E-30 1.16928E-30
 2.00000E+06 9.81937E-31 9.50375E-31
 2.20000E+06 8.51847E-31 8.24467E-31
 2.50000E+06 7.08732E-31 6.85952E-31
 3.00000E+06 5.51476E-31 5.33751E-31
 3.50000E+06 4.50046E-31 4.35581E-31
 4.00000E+06 3.79488E-31 3.67292E-31
 4.50000E+06 3.27701E-31 3.17169E-31
 5.00000E+06 2.88140E-31 2.78879E-31
 5.50000E+06 2.56968E-31 2.48710E-31
 6.00000E+06 2.31795E-31 2.24346E-31
 7.00000E+06 1.93679E-31 1.87454E-31
 8.00000E+06 1.66222E-31 1.60880E-31
 9.00000E+06 1.45525E-31 1.40848E-31
 1.00000E+07 1.29375E-31 1.25218E-31
 1.10000E+07 1.16430E-31 1.12688E-31
 1.25000E+07 1.01211E-31 9.79583E-32
 1.40000E+07 8.94934E-32 8.66173E-32
 1.50000E+07 8.30745E-32 8.04047E-32
 1.75000E+07 7.04310E-32 6.81676E-32
 2.00000E+07 6.11180E-32 5.91538E-32
 2.20000E+07 5.52671E-32 5.34910E-32
 2.50000E+07 4.83236E-32 4.67706E-32
 3.00000E+07 3.99519E-32 3.86680E-32
 3.50000E+07 3.40496E-32 3.29553E-32
 4.00000E+07 2.96653E-32 2.87119E-32
 4.50000E+07 2.62804E-32 2.54359E-32
 5.00000E+07 2.35884E-32 2.28304E-32
 5.50000E+07 2.13964E-32 2.07088E-32
 6.00000E+07 1.95769E-32 1.89478E-32
 7.00000E+07 1.67311E-32 1.61934E-32
 8.00000E+07 1.46074E-32 1.41380E-32
 9.00000E+07 1.29620E-32 1.25455E-32
 1.00000E+08 1.16497E-32 1.12753E-32
 1.10000E+08 1.05786E-32 1.02387E-32
 1.25000E+08 9.29652E-33 8.99776E-33
 1.40000E+08 8.29156E-33 8.02509E-33
 1.50000E+08 7.73416E-33 7.48561E-33
 1.75000E+08 6.62135E-33 6.40857E-33
 2.00000E+08 5.78848E-33 5.60245E-33
 2.20000E+08 5.25924E-33 5.09022E-33
 2.50000E+08 4.62494E-33 4.47631E-33
 3.00000E+08 3.85087E-33 3.72712E-33
 3.50000E+08 3.29875E-33 3.19274E-33
 4.00000E+08 2.88510E-33 2.79239E-33
 4.50000E+08 2.56363E-33 2.48125E-33
 5.00000E+08 2.30662E-33 2.23249E-33
 5.50000E+08 2.09644E-33 2.02907E-33
 6.00000E+08 1.92137E-33 1.85962E-33
 7.00000E+08 1.64639E-33 1.59348E-33
 8.00000E+08 1.44026E-33 1.39398E-33
 9.00000E+08 1.28001E-33 1.23887E-33
 1.00000E+09 1.15184E-33 1.11483E-33
