 ***  Photoelectric cross sections,  IZ = 63,  NSHELL = 14,  NDATA = 287
              0           1           2           3           4           5           6           7           8           9          10          11          12          13          14
 5.00000E+01 5.39545E-18 0.00000E+00 0.00000E+00 0.00000E+00 0.00000E+00 0.00000E+00 0.00000E+00 0.00000E+00 0.00000E+00 0.00000E+00 0.00000E+00 0.00000E+00 0.00000E+00 0.00000E+00 0.00000E+00
 5.12057E+01 5.30463E-18 0.00000E+00 0.00000E+00 0.00000E+00 0.00000E+00 0.00000E+00 0.00000E+00 0.00000E+00 0.00000E+00 0.00000E+00 0.00000E+00 0.00000E+00 0.00000E+00 0.00000E+00 0.00000E+00
 5.24404E+01 5.22811E-18 0.00000E+00 0.00000E+00 0.00000E+00 0.00000E+00 0.00000E+00 0.00000E+00 0.00000E+00 0.00000E+00 0.00000E+00 0.00000E+00 0.00000E+00 0.00000E+00 0.00000E+00 0.00000E+00
 5.50000E+01 5.10395E-18 0.00000E+00 0.00000E+00 0.00000E+00 0.00000E+00 0.00000E+00 0.00000E+00 0.00000E+00 0.00000E+00 0.00000E+00 0.00000E+00 0.00000E+00 0.00000E+00 0.00000E+00 0.00000E+00
 5.74456E+01 5.01993E-18 0.00000E+00 0.00000E+00 0.00000E+00 0.00000E+00 0.00000E+00 0.00000E+00 0.00000E+00 0.00000E+00 0.00000E+00 0.00000E+00 0.00000E+00 0.00000E+00 0.00000E+00 0.00000E+00
 6.00000E+01 4.95536E-18 0.00000E+00 0.00000E+00 0.00000E+00 0.00000E+00 0.00000E+00 0.00000E+00 0.00000E+00 0.00000E+00 0.00000E+00 0.00000E+00 0.00000E+00 0.00000E+00 0.00000E+00 0.00000E+00
 6.48074E+01 4.86919E-18 0.00000E+00 0.00000E+00 0.00000E+00 0.00000E+00 0.00000E+00 0.00000E+00 0.00000E+00 0.00000E+00 0.00000E+00 0.00000E+00 0.00000E+00 0.00000E+00 0.00000E+00 0.00000E+00
 7.00000E+01 4.79773E-18 0.00000E+00 0.00000E+00 0.00000E+00 0.00000E+00 0.00000E+00 0.00000E+00 0.00000E+00 0.00000E+00 0.00000E+00 0.00000E+00 0.00000E+00 0.00000E+00 0.00000E+00 0.00000E+00
 8.00000E+01 4.66428E-18 0.00000E+00 0.00000E+00 0.00000E+00 0.00000E+00 0.00000E+00 0.00000E+00 0.00000E+00 0.00000E+00 0.00000E+00 0.00000E+00 0.00000E+00 0.00000E+00 0.00000E+00 0.00000E+00
 9.00000E+01 4.52207E-18 0.00000E+00 0.00000E+00 0.00000E+00 0.00000E+00 0.00000E+00 0.00000E+00 0.00000E+00 0.00000E+00 0.00000E+00 0.00000E+00 0.00000E+00 0.00000E+00 0.00000E+00 0.00000E+00
 9.48683E+01 4.44789E-18 0.00000E+00 0.00000E+00 0.00000E+00 0.00000E+00 0.00000E+00 0.00000E+00 0.00000E+00 0.00000E+00 0.00000E+00 0.00000E+00 0.00000E+00 0.00000E+00 0.00000E+00 0.00000E+00
 1.00000E+02 4.36462E-18 0.00000E+00 0.00000E+00 0.00000E+00 0.00000E+00 0.00000E+00 0.00000E+00 0.00000E+00 0.00000E+00 0.00000E+00 0.00000E+00 0.00000E+00 0.00000E+00 0.00000E+00 0.00000E+00
 1.04881E+02 4.27886E-18 0.00000E+00 0.00000E+00 0.00000E+00 0.00000E+00 0.00000E+00 0.00000E+00 0.00000E+00 0.00000E+00 0.00000E+00 0.00000E+00 0.00000E+00 0.00000E+00 0.00000E+00 0.00000E+00
 1.10000E+02 4.18356E-18 0.00000E+00 0.00000E+00 0.00000E+00 0.00000E+00 0.00000E+00 0.00000E+00 0.00000E+00 0.00000E+00 0.00000E+00 0.00000E+00 0.00000E+00 0.00000E+00 0.00000E+00 0.00000E+00
 1.17260E+02 4.03887E-18 0.00000E+00 0.00000E+00 0.00000E+00 0.00000E+00 0.00000E+00 0.00000E+00 0.00000E+00 0.00000E+00 0.00000E+00 0.00000E+00 0.00000E+00 0.00000E+00 0.00000E+00 0.00000E+00
 1.25000E+02 3.87725E-18 0.00000E+00 0.00000E+00 0.00000E+00 0.00000E+00 0.00000E+00 0.00000E+00 0.00000E+00 0.00000E+00 0.00000E+00 0.00000E+00 0.00000E+00 0.00000E+00 0.00000E+00 0.00000E+00
 1.30863E+02 3.75265E-18 0.00000E+00 0.00000E+00 0.00000E+00 0.00000E+00 0.00000E+00 0.00000E+00 0.00000E+00 0.00000E+00 0.00000E+00 0.00000E+00 0.00000E+00 0.00000E+00 0.00000E+00 0.00000E+00
 1.37000E+02 3.62282E-18 0.00000E+00 0.00000E+00 0.00000E+00 0.00000E+00 0.00000E+00 0.00000E+00 0.00000E+00 0.00000E+00 0.00000E+00 0.00000E+00 0.00000E+00 0.00000E+00 0.00000E+00 0.00000E+00
 1.37000E+02 4.06102E-18 0.00000E+00 0.00000E+00 0.00000E+00 0.00000E+00 0.00000E+00 0.00000E+00 0.00000E+00 0.00000E+00 0.00000E+00 0.00000E+00 0.00000E+00 0.00000E+00 0.00000E+00 4.38208E-19
 1.38492E+02 4.04997E-18 0.00000E+00 0.00000E+00 0.00000E+00 0.00000E+00 0.00000E+00 0.00000E+00 0.00000E+00 0.00000E+00 0.00000E+00 0.00000E+00 0.00000E+00 0.00000E+00 0.00000E+00 4.58230E-19
 1.40000E+02 4.05291E-18 0.00000E+00 0.00000E+00 0.00000E+00 0.00000E+00 0.00000E+00 0.00000E+00 0.00000E+00 0.00000E+00 0.00000E+00 0.00000E+00 0.00000E+00 0.00000E+00 0.00000E+00 4.92206E-19
 1.43000E+02 4.07955E-18 0.00000E+00 0.00000E+00 0.00000E+00 0.00000E+00 0.00000E+00 0.00000E+00 0.00000E+00 0.00000E+00 0.00000E+00 0.00000E+00 0.00000E+00 0.00000E+00 0.00000E+00 5.81826E-19
 1.43000E+02 4.38136E-18 0.00000E+00 0.00000E+00 0.00000E+00 0.00000E+00 0.00000E+00 0.00000E+00 0.00000E+00 0.00000E+00 0.00000E+00 0.00000E+00 0.00000E+00 0.00000E+00 3.01802E-19 5.81826E-19
 1.46458E+02 4.42633E-18 0.00000E+00 0.00000E+00 0.00000E+00 0.00000E+00 0.00000E+00 0.00000E+00 0.00000E+00 0.00000E+00 0.00000E+00 0.00000E+00 0.00000E+00 0.00000E+00 3.37245E-19 6.61925E-19
 1.48219E+02 4.43733E-18 0.00000E+00 0.00000E+00 0.00000E+00 0.00000E+00 0.00000E+00 0.00000E+00 0.00000E+00 0.00000E+00 0.00000E+00 0.00000E+00 0.00000E+00 0.00000E+00 3.70897E-19 6.75592E-19
 1.50000E+02 4.43303E-18 0.00000E+00 0.00000E+00 0.00000E+00 0.00000E+00 0.00000E+00 0.00000E+00 0.00000E+00 0.00000E+00 0.00000E+00 0.00000E+00 0.00000E+00 0.00000E+00 4.06254E-19 6.71897E-19
 1.51452E+02 4.41488E-18 0.00000E+00 0.00000E+00 0.00000E+00 0.00000E+00 0.00000E+00 0.00000E+00 0.00000E+00 0.00000E+00 0.00000E+00 0.00000E+00 0.00000E+00 0.00000E+00 4.30108E-19 6.58598E-19
 1.52918E+02 4.38216E-18 0.00000E+00 0.00000E+00 0.00000E+00 0.00000E+00 0.00000E+00 0.00000E+00 0.00000E+00 0.00000E+00 0.00000E+00 0.00000E+00 0.00000E+00 0.00000E+00 4.46484E-19 6.38906E-19
 1.54399E+02 4.33687E-18 0.00000E+00 0.00000E+00 0.00000E+00 0.00000E+00 0.00000E+00 0.00000E+00 0.00000E+00 0.00000E+00 0.00000E+00 0.00000E+00 0.00000E+00 0.00000E+00 4.54378E-19 6.15204E-19
 1.55893E+02 4.28037E-18 0.00000E+00 0.00000E+00 0.00000E+00 0.00000E+00 0.00000E+00 0.00000E+00 0.00000E+00 0.00000E+00 0.00000E+00 0.00000E+00 0.00000E+00 0.00000E+00 4.53837E-19 5.89043E-19
 1.58926E+02 4.14727E-18 0.00000E+00 0.00000E+00 0.00000E+00 0.00000E+00 0.00000E+00 0.00000E+00 0.00000E+00 0.00000E+00 0.00000E+00 0.00000E+00 0.00000E+00 0.00000E+00 4.35052E-19 5.34620E-19
 1.62019E+02 4.00139E-18 0.00000E+00 0.00000E+00 0.00000E+00 0.00000E+00 0.00000E+00 0.00000E+00 0.00000E+00 0.00000E+00 0.00000E+00 0.00000E+00 0.00000E+00 0.00000E+00 4.03327E-19 4.80910E-19
 1.75000E+02 3.44400E-18 0.00000E+00 0.00000E+00 0.00000E+00 0.00000E+00 0.00000E+00 0.00000E+00 0.00000E+00 0.00000E+00 0.00000E+00 0.00000E+00 0.00000E+00 0.00000E+00 2.66063E-19 3.08445E-19
 1.80941E+02 3.24062E-18 0.00000E+00 0.00000E+00 0.00000E+00 0.00000E+00 0.00000E+00 0.00000E+00 0.00000E+00 0.00000E+00 0.00000E+00 0.00000E+00 0.00000E+00 0.00000E+00 2.19300E-19 2.60777E-19
 1.87083E+02 3.06431E-18 0.00000E+00 0.00000E+00 0.00000E+00 0.00000E+00 0.00000E+00 0.00000E+00 0.00000E+00 0.00000E+00 0.00000E+00 0.00000E+00 0.00000E+00 0.00000E+00 1.83779E-19 2.29282E-19
 1.93434E+02 2.91288E-18 0.00000E+00 0.00000E+00 0.00000E+00 0.00000E+00 0.00000E+00 0.00000E+00 0.00000E+00 0.00000E+00 0.00000E+00 0.00000E+00 0.00000E+00 0.00000E+00 1.59315E-19 2.11880E-19
 2.00000E+02 2.78484E-18 0.00000E+00 0.00000E+00 0.00000E+00 0.00000E+00 0.00000E+00 0.00000E+00 0.00000E+00 0.00000E+00 0.00000E+00 0.00000E+00 0.00000E+00 0.00000E+00 1.44634E-19 2.06001E-19
 2.04823E+02 2.70409E-18 0.00000E+00 0.00000E+00 0.00000E+00 0.00000E+00 0.00000E+00 0.00000E+00 0.00000E+00 0.00000E+00 0.00000E+00 0.00000E+00 0.00000E+00 0.00000E+00 1.39158E-19 2.07369E-19
 2.09762E+02 2.63145E-18 0.00000E+00 0.00000E+00 0.00000E+00 0.00000E+00 0.00000E+00 0.00000E+00 0.00000E+00 0.00000E+00 0.00000E+00 0.00000E+00 0.00000E+00 0.00000E+00 1.37160E-19 2.12632E-19
 2.20000E+02 2.50500E-18 0.00000E+00 0.00000E+00 0.00000E+00 0.00000E+00 0.00000E+00 0.00000E+00 0.00000E+00 0.00000E+00 0.00000E+00 0.00000E+00 0.00000E+00 0.00000E+00 1.41385E-19 2.31812E-19
 2.34521E+02 2.36313E-18 0.00000E+00 0.00000E+00 0.00000E+00 0.00000E+00 0.00000E+00 0.00000E+00 0.00000E+00 0.00000E+00 0.00000E+00 0.00000E+00 0.00000E+00 0.00000E+00 1.58180E-19 2.68028E-19
 2.50000E+02 2.23928E-18 0.00000E+00 0.00000E+00 0.00000E+00 0.00000E+00 0.00000E+00 0.00000E+00 0.00000E+00 0.00000E+00 0.00000E+00 0.00000E+00 0.00000E+00 0.00000E+00 1.81387E-19 3.08657E-19
 2.62000E+02 2.15550E-18 0.00000E+00 0.00000E+00 0.00000E+00 0.00000E+00 0.00000E+00 0.00000E+00 0.00000E+00 0.00000E+00 0.00000E+00 0.00000E+00 0.00000E+00 0.00000E+00 1.99935E-19 3.38531E-19
 2.62000E+02 2.44130E-18 0.00000E+00 0.00000E+00 0.00000E+00 0.00000E+00 0.00000E+00 0.00000E+00 0.00000E+00 0.00000E+00 0.00000E+00 0.00000E+00 0.00000E+00 2.85806E-19 1.99935E-19 3.38531E-19
 2.73737E+02 2.36986E-18 0.00000E+00 0.00000E+00 0.00000E+00 0.00000E+00 0.00000E+00 0.00000E+00 0.00000E+00 0.00000E+00 0.00000E+00 0.00000E+00 0.00000E+00 2.89562E-19 2.17241E-19 3.65091E-19
 2.86000E+02 2.29222E-18 0.00000E+00 0.00000E+00 0.00000E+00 0.00000E+00 0.00000E+00 0.00000E+00 0.00000E+00 0.00000E+00 0.00000E+00 0.00000E+00 0.00000E+00 2.85279E-19 2.33584E-19 3.88921E-19
 2.86000E+02 2.37268E-18 0.00000E+00 0.00000E+00 0.00000E+00 0.00000E+00 0.00000E+00 0.00000E+00 0.00000E+00 0.00000E+00 0.00000E+00 0.00000E+00 8.04595E-20 2.85279E-19 2.33584E-19 3.88921E-19
 3.00000E+02 2.28625E-18 0.00000E+00 0.00000E+00 0.00000E+00 0.00000E+00 0.00000E+00 0.00000E+00 0.00000E+00 0.00000E+00 0.00000E+00 0.00000E+00 8.01682E-20 2.77960E-19 2.49574E-19 4.11189E-19
 3.24037E+02 2.14806E-18 0.00000E+00 0.00000E+00 0.00000E+00 0.00000E+00 0.00000E+00 0.00000E+00 0.00000E+00 0.00000E+00 0.00000E+00 0.00000E+00 7.88220E-20 2.69017E-19 2.69982E-19 4.38131E-19
 3.50000E+02 2.00887E-18 0.00000E+00 0.00000E+00 0.00000E+00 0.00000E+00 0.00000E+00 0.00000E+00 0.00000E+00 0.00000E+00 0.00000E+00 0.00000E+00 7.79387E-20 2.59386E-19 2.83720E-19 4.54225E-19
 3.64000E+02 1.93816E-18 0.00000E+00 0.00000E+00 0.00000E+00 0.00000E+00 0.00000E+00 0.00000E+00 0.00000E+00 0.00000E+00 0.00000E+00 0.00000E+00 7.75633E-20 2.54134E-19 2.87963E-19 4.58067E-19
 3.64000E+02 2.04754E-18 0.00000E+00 0.00000E+00 0.00000E+00 0.00000E+00 0.00000E+00 0.00000E+00 0.00000E+00 0.00000E+00 0.00000E+00 1.09379E-19 7.75633E-20 2.54134E-19 2.87963E-19 4.58067E-19
 3.72684E+02 1.99423E-18 0.00000E+00 0.00000E+00 0.00000E+00 0.00000E+00 0.00000E+00 0.00000E+00 0.00000E+00 0.00000E+00 0.00000E+00 9.90402E-20 7.72595E-20 2.50878E-19 2.89695E-19 4.59191E-19
 3.81576E+02 1.94894E-18 0.00000E+00 0.00000E+00 0.00000E+00 0.00000E+00 0.00000E+00 0.00000E+00 0.00000E+00 0.00000E+00 0.00000E+00 9.70031E-20 7.69569E-20 2.47507E-19 2.90679E-19 4.59132E-19
 4.00000E+02 1.86196E-18 0.00000E+00 0.00000E+00 0.00000E+00 0.00000E+00 0.00000E+00 0.00000E+00 0.00000E+00 0.00000E+00 0.00000E+00 9.61903E-20 7.62269E-20 2.40226E-19 2.91140E-19 4.56878E-19
 4.24264E+02 1.75053E-18 0.00000E+00 0.00000E+00 0.00000E+00 0.00000E+00 0.00000E+00 0.00000E+00 0.00000E+00 0.00000E+00 0.00000E+00 9.17340E-20 7.50805E-20 2.30784E-19 2.88566E-19 4.49640E-19
 4.50000E+02 1.64075E-18 0.00000E+00 0.00000E+00 0.00000E+00 0.00000E+00 0.00000E+00 0.00000E+00 0.00000E+00 0.00000E+00 0.00000E+00 8.76570E-20 7.36630E-20 2.20996E-19 2.83074E-19 4.38155E-19
 4.74342E+02 1.54328E-18 0.00000E+00 0.00000E+00 0.00000E+00 0.00000E+00 0.00000E+00 0.00000E+00 0.00000E+00 0.00000E+00 0.00000E+00 8.38194E-20 7.21505E-20 2.11845E-19 2.75888E-19 4.24732E-19
 5.00000E+02 1.44721E-18 0.00000E+00 0.00000E+00 0.00000E+00 0.00000E+00 0.00000E+00 0.00000E+00 0.00000E+00 0.00000E+00 0.00000E+00 7.97962E-20 7.03982E-20 2.02460E-19 2.66925E-19 4.08674E-19
 5.50000E+02 1.28073E-18 0.00000E+00 0.00000E+00 0.00000E+00 0.00000E+00 0.00000E+00 0.00000E+00 0.00000E+00 0.00000E+00 0.00000E+00 7.27493E-20 6.67295E-20 1.85328E-19 2.47420E-19 3.76052E-19
 6.00000E+02 1.13678E-18 0.00000E+00 0.00000E+00 0.00000E+00 0.00000E+00 0.00000E+00 0.00000E+00 0.00000E+00 0.00000E+00 0.00000E+00 6.62767E-20 6.28931E-20 1.69565E-19 2.27213E-19 3.43080E-19
 6.48074E+02 1.01749E-18 0.00000E+00 0.00000E+00 0.00000E+00 0.00000E+00 0.00000E+00 0.00000E+00 0.00000E+00 0.00000E+00 0.00000E+00 6.07623E-20 5.92825E-20 1.55953E-19 2.08251E-19 3.12823E-19
 7.00000E+02 9.05968E-19 0.00000E+00 0.00000E+00 0.00000E+00 0.00000E+00 0.00000E+00 0.00000E+00 0.00000E+00 0.00000E+00 0.00000E+00 5.54224E-20 5.54833E-20 1.42642E-19 1.88931E-19 2.82434E-19
 7.48331E+02 8.16375E-19 0.00000E+00 0.00000E+00 0.00000E+00 0.00000E+00 0.00000E+00 0.00000E+00 0.00000E+00 0.00000E+00 0.00000E+00 5.10412E-20 5.21299E-20 1.31549E-19 1.72459E-19 2.56821E-19
 8.00000E+02 7.33001E-19 0.00000E+00 0.00000E+00 0.00000E+00 0.00000E+00 0.00000E+00 0.00000E+00 0.00000E+00 0.00000E+00 0.00000E+00 4.68476E-20 4.87761E-20 1.20922E-19 1.56327E-19 2.31962E-19
 8.48528E+02 6.64750E-19 0.00000E+00 0.00000E+00 0.00000E+00 0.00000E+00 0.00000E+00 0.00000E+00 0.00000E+00 0.00000E+00 0.00000E+00 4.33596E-20 4.58277E-20 1.11937E-19 1.42670E-19 2.11053E-19
 9.00000E+02 6.01406E-19 0.00000E+00 0.00000E+00 0.00000E+00 0.00000E+00 0.00000E+00 0.00000E+00 0.00000E+00 0.00000E+00 0.00000E+00 4.00439E-20 4.29254E-20 1.03391E-19 1.29622E-19 1.91193E-19
 1.00000E+03 4.99784E-19 0.00000E+00 0.00000E+00 0.00000E+00 0.00000E+00 0.00000E+00 0.00000E+00 0.00000E+00 0.00000E+00 0.00000E+00 3.45779E-20 3.79014E-20 8.91560E-20 1.08055E-19 1.58591E-19
 1.10000E+03 4.20067E-19 0.00000E+00 0.00000E+00 0.00000E+00 0.00000E+00 0.00000E+00 0.00000E+00 0.00000E+00 0.00000E+00 0.00000E+00 3.01321E-20 3.36233E-20 7.75219E-20 9.06227E-20 1.32447E-19
 1.13500E+03 3.96172E-19 0.00000E+00 0.00000E+00 0.00000E+00 0.00000E+00 0.00000E+00 0.00000E+00 0.00000E+00 0.00000E+00 0.00000E+00 2.87575E-20 3.22706E-20 7.39265E-20 8.53349E-20 1.24554E-19
 1.13500E+03 4.32555E-19 0.00000E+00 0.00000E+00 0.00000E+00 0.00000E+00 0.00000E+00 0.00000E+00 0.00000E+00 0.00000E+00 3.63834E-20 2.87575E-20 3.22706E-20 7.39265E-20 8.53349E-20 1.24554E-19
 1.13590E+03 4.49401E-19 0.00000E+00 0.00000E+00 0.00000E+00 0.00000E+00 0.00000E+00 0.00000E+00 0.00000E+00 0.00000E+00 5.38118E-20 2.87238E-20 3.22372E-20 7.38382E-20 8.52059E-20 1.24362E-19
 1.13679E+03 4.72742E-19 0.00000E+00 0.00000E+00 0.00000E+00 0.00000E+00 0.00000E+00 0.00000E+00 0.00000E+00 0.00000E+00 7.77342E-20 2.86900E-20 3.22039E-20 7.37500E-20 8.50770E-20 1.24170E-19
 1.13769E+03 5.02762E-19 0.00000E+00 0.00000E+00 0.00000E+00 0.00000E+00 0.00000E+00 0.00000E+00 0.00000E+00 0.00000E+00 1.08335E-19 2.86563E-20 3.21706E-20 7.36618E-20 8.49484E-20 1.23978E-19
 1.13859E+03 5.39439E-19 0.00000E+00 0.00000E+00 0.00000E+00 0.00000E+00 0.00000E+00 0.00000E+00 0.00000E+00 0.00000E+00 1.45591E-19 2.86227E-20 3.21374E-20 7.35738E-20 8.48199E-20 1.23786E-19
 1.14218E+03 7.38444E-19 0.00000E+00 0.00000E+00 0.00000E+00 0.00000E+00 0.00000E+00 0.00000E+00 0.00000E+00 0.00000E+00 3.46906E-19 2.84884E-20 3.20048E-20 7.32229E-20 8.43080E-20 1.23023E-19
 1.14308E+03 7.93894E-19 0.00000E+00 0.00000E+00 0.00000E+00 0.00000E+00 0.00000E+00 0.00000E+00 0.00000E+00 0.00000E+00 4.02932E-19 2.84550E-20 3.19717E-20 7.31354E-20 8.41805E-20 1.22833E-19
 1.14398E+03 8.48205E-19 0.00000E+00 0.00000E+00 0.00000E+00 0.00000E+00 0.00000E+00 0.00000E+00 0.00000E+00 0.00000E+00 4.57817E-19 2.84215E-20 3.19387E-20 7.30480E-20 8.40532E-20 1.22643E-19
 1.14489E+03 8.99625E-19 0.00000E+00 0.00000E+00 0.00000E+00 0.00000E+00 0.00000E+00 0.00000E+00 0.00000E+00 0.00000E+00 5.09811E-19 2.83881E-20 3.19057E-20 7.29608E-20 8.39261E-20 1.22453E-19
 1.14579E+03 9.47477E-19 0.00000E+00 0.00000E+00 0.00000E+00 0.00000E+00 0.00000E+00 0.00000E+00 0.00000E+00 0.00000E+00 5.58235E-19 2.83548E-20 3.18727E-20 7.28736E-20 8.37992E-20 1.22264E-19
 1.14669E+03 9.91123E-19 0.00000E+00 0.00000E+00 0.00000E+00 0.00000E+00 0.00000E+00 0.00000E+00 0.00000E+00 0.00000E+00 6.02453E-19 2.83215E-20 3.18398E-20 7.27866E-20 8.36725E-20 1.22075E-19
 1.14760E+03 1.03004E-18 0.00000E+00 0.00000E+00 0.00000E+00 0.00000E+00 0.00000E+00 0.00000E+00 0.00000E+00 0.00000E+00 6.41942E-19 2.82882E-20 3.18069E-20 7.26996E-20 8.35459E-20 1.21886E-19
 1.14850E+03 1.06425E-18 0.00000E+00 0.00000E+00 0.00000E+00 0.00000E+00 0.00000E+00 0.00000E+00 0.00000E+00 0.00000E+00 6.76721E-19 2.82550E-20 3.17741E-20 7.26127E-20 8.34196E-20 1.21698E-19
 1.14941E+03 1.09495E-18 0.00000E+00 0.00000E+00 0.00000E+00 0.00000E+00 0.00000E+00 0.00000E+00 0.00000E+00 0.00000E+00 7.07991E-19 2.82218E-20 3.17412E-20 7.25260E-20 8.32935E-20 1.21510E-19
 1.15032E+03 1.12131E-18 0.00000E+00 0.00000E+00 0.00000E+00 0.00000E+00 0.00000E+00 0.00000E+00 0.00000E+00 0.00000E+00 7.34915E-19 2.81887E-20 3.17084E-20 7.24394E-20 8.31675E-20 1.21322E-19
 1.15122E+03 1.14507E-18 0.00000E+00 0.00000E+00 0.00000E+00 0.00000E+00 0.00000E+00 0.00000E+00 0.00000E+00 0.00000E+00 7.59241E-19 2.81556E-20 3.16757E-20 7.23528E-20 8.30417E-20 1.21135E-19
 1.15213E+03 1.16572E-18 0.00000E+00 0.00000E+00 0.00000E+00 0.00000E+00 0.00000E+00 0.00000E+00 0.00000E+00 0.00000E+00 7.80457E-19 2.81225E-20 3.16430E-20 7.22664E-20 8.29162E-20 1.20948E-19
 1.15304E+03 1.18425E-18 0.00000E+00 0.00000E+00 0.00000E+00 0.00000E+00 0.00000E+00 0.00000E+00 0.00000E+00 0.00000E+00 7.99551E-19 2.80895E-20 3.16103E-20 7.21800E-20 8.27908E-20 1.20761E-19
 1.15486E+03 1.21547E-18 0.00000E+00 0.00000E+00 0.00000E+00 0.00000E+00 0.00000E+00 0.00000E+00 0.00000E+00 0.00000E+00 8.31902E-19 2.80235E-20 3.15450E-20 7.20077E-20 8.25406E-20 1.20388E-19
 1.15668E+03 1.24121E-18 0.00000E+00 0.00000E+00 0.00000E+00 0.00000E+00 0.00000E+00 0.00000E+00 0.00000E+00 0.00000E+00 8.58773E-19 2.79577E-20 3.14798E-20 7.18357E-20 8.22911E-20 1.20016E-19
 1.15851E+03 1.26343E-18 0.00000E+00 0.00000E+00 0.00000E+00 0.00000E+00 0.00000E+00 0.00000E+00 0.00000E+00 0.00000E+00 8.82115E-19 2.78921E-20 3.14148E-20 7.16642E-20 8.20424E-20 1.19645E-19
 1.16033E+03 1.28220E-18 0.00000E+00 0.00000E+00 0.00000E+00 0.00000E+00 0.00000E+00 0.00000E+00 0.00000E+00 0.00000E+00 9.01998E-19 2.78266E-20 3.13500E-20 7.14931E-20 8.17941E-20 1.19272E-19
 1.16217E+03 1.29824E-18 0.00000E+00 0.00000E+00 0.00000E+00 0.00000E+00 0.00000E+00 0.00000E+00 0.00000E+00 0.00000E+00 9.19177E-19 2.77613E-20 3.12830E-20 7.13224E-20 8.15380E-20 1.18891E-19
 1.16400E+03 1.31182E-18 0.00000E+00 0.00000E+00 0.00000E+00 0.00000E+00 0.00000E+00 0.00000E+00 0.00000E+00 0.00000E+00 9.33896E-19 2.76961E-20 3.12162E-20 7.11520E-20 8.12827E-20 1.18511E-19
 1.16400E+03 1.33667E-18 0.00000E+00 0.00000E+00 0.00000E+00 0.00000E+00 0.00000E+00 0.00000E+00 0.00000E+00 2.48545E-20 9.33896E-19 2.76961E-20 3.12162E-20 7.11520E-20 8.12827E-20 1.18511E-19
 1.16530E+03 1.36133E-18 0.00000E+00 0.00000E+00 0.00000E+00 0.00000E+00 0.00000E+00 0.00000E+00 0.00000E+00 4.12875E-20 9.42923E-19 2.76501E-20 3.11690E-20 7.10320E-20 8.11029E-20 1.18243E-19
 1.16660E+03 1.39364E-18 0.00000E+00 0.00000E+00 0.00000E+00 0.00000E+00 0.00000E+00 0.00000E+00 0.00000E+00 6.65005E-20 9.50811E-19 2.76043E-20 3.11220E-20 7.09119E-20 8.09235E-20 1.17976E-19
 1.16790E+03 1.43350E-18 0.00000E+00 0.00000E+00 0.00000E+00 0.00000E+00 0.00000E+00 0.00000E+00 0.00000E+00 1.00679E-19 9.57300E-19 2.75585E-20 3.10750E-20 7.07894E-20 8.07444E-20 1.17710E-19
 1.16920E+03 1.48041E-18 0.00000E+00 0.00000E+00 0.00000E+00 0.00000E+00 0.00000E+00 0.00000E+00 0.00000E+00 1.43032E-19 9.62652E-19 2.75127E-20 3.10280E-20 7.06671E-20 8.05658E-20 1.17444E-19
 1.17180E+03 1.58600E-18 0.00000E+00 0.00000E+00 0.00000E+00 0.00000E+00 0.00000E+00 0.00000E+00 0.00000E+00 2.42555E-19 9.70305E-19 2.74215E-20 3.09344E-20 7.04231E-20 8.02097E-20 1.16914E-19
 1.17311E+03 1.63832E-18 0.00000E+00 0.00000E+00 0.00000E+00 0.00000E+00 0.00000E+00 0.00000E+00 0.00000E+00 2.93271E-19 9.72708E-19 2.73761E-20 3.08877E-20 7.03015E-20 8.00323E-20 1.16650E-19
 1.17442E+03 1.68596E-18 0.00000E+00 0.00000E+00 0.00000E+00 0.00000E+00 0.00000E+00 0.00000E+00 0.00000E+00 3.40268E-19 9.74141E-19 2.73306E-20 3.08410E-20 7.01800E-20 7.98552E-20 1.16387E-19
 1.17573E+03 1.72736E-18 0.00000E+00 0.00000E+00 0.00000E+00 0.00000E+00 0.00000E+00 0.00000E+00 0.00000E+00 3.81889E-19 9.74711E-19 2.72853E-20 3.07945E-20 7.00588E-20 7.96786E-20 1.16124E-19
 1.17704E+03 1.76198E-18 0.00000E+00 0.00000E+00 0.00000E+00 0.00000E+00 0.00000E+00 0.00000E+00 0.00000E+00 4.17599E-19 9.74406E-19 2.72400E-20 3.07480E-20 6.99377E-20 7.95023E-20 1.15862E-19
 1.17835E+03 1.79033E-18 0.00000E+00 0.00000E+00 0.00000E+00 0.00000E+00 0.00000E+00 0.00000E+00 0.00000E+00 4.47425E-19 9.73710E-19 2.71948E-20 3.07015E-20 6.98169E-20 7.93264E-20 1.15601E-19
 1.17966E+03 1.81364E-18 0.00000E+00 0.00000E+00 0.00000E+00 0.00000E+00 0.00000E+00 0.00000E+00 0.00000E+00 4.72437E-19 9.72794E-19 2.71497E-20 3.06552E-20 6.96963E-20 7.91509E-20 1.15340E-19
 1.18229E+03 1.84729E-18 0.00000E+00 0.00000E+00 0.00000E+00 0.00000E+00 0.00000E+00 0.00000E+00 0.00000E+00 5.11207E-19 9.69237E-19 2.70597E-20 3.05627E-20 6.94557E-20 7.88011E-20 1.14819E-19
 1.18493E+03 1.86984E-18 0.00000E+00 0.00000E+00 0.00000E+00 0.00000E+00 0.00000E+00 0.00000E+00 0.00000E+00 5.39904E-19 9.64641E-19 2.69700E-20 3.04704E-20 6.92159E-20 7.84528E-20 1.14302E-19
 1.18757E+03 1.88606E-18 0.00000E+00 0.00000E+00 0.00000E+00 0.00000E+00 0.00000E+00 0.00000E+00 0.00000E+00 5.62615E-19 9.59703E-19 2.68806E-20 3.03785E-20 6.89770E-20 7.81061E-20 1.13786E-19
 1.19022E+03 1.89761E-18 0.00000E+00 0.00000E+00 0.00000E+00 0.00000E+00 0.00000E+00 0.00000E+00 0.00000E+00 5.80733E-19 9.54675E-19 2.67915E-20 3.02868E-20 6.87389E-20 7.77609E-20 1.13273E-19
 1.19553E+03 1.91107E-18 0.00000E+00 0.00000E+00 0.00000E+00 0.00000E+00 0.00000E+00 0.00000E+00 0.00000E+00 6.07233E-19 9.44699E-19 2.66142E-20 3.01043E-20 6.82651E-20 7.70750E-20 1.12253E-19
 1.20087E+03 1.91182E-18 0.00000E+00 0.00000E+00 0.00000E+00 0.00000E+00 0.00000E+00 0.00000E+00 0.00000E+00 6.20892E-19 9.34826E-19 2.64380E-20 2.99228E-20 6.77946E-20 7.63953E-20 1.11243E-19
 1.20623E+03 1.90217E-18 0.00000E+00 0.00000E+00 0.00000E+00 0.00000E+00 0.00000E+00 0.00000E+00 0.00000E+00 6.24012E-19 9.25057E-19 2.62630E-20 2.97425E-20 6.73273E-20 7.57215E-20 1.10242E-19
 1.22792E+03 1.83183E-18 0.00000E+00 0.00000E+00 0.00000E+00 0.00000E+00 0.00000E+00 0.00000E+00 0.00000E+00 6.03497E-19 8.86990E-19 2.55745E-20 2.90320E-20 6.54903E-20 7.30852E-20 1.06326E-19
 1.25000E+03 1.76036E-18 0.00000E+00 0.00000E+00 0.00000E+00 0.00000E+00 0.00000E+00 0.00000E+00 0.00000E+00 5.80671E-19 8.49846E-19 2.49022E-20 2.83207E-20 6.36867E-20 7.04998E-20 1.02488E-19
 1.40000E+03 1.35087E-18 0.00000E+00 0.00000E+00 0.00000E+00 0.00000E+00 0.00000E+00 0.00000E+00 0.00000E+00 4.42181E-19 6.44561E-19 2.09160E-20 2.40970E-20 5.30797E-20 5.56648E-20 8.05524E-20
 1.48400E+03 1.17795E-18 0.00000E+00 0.00000E+00 0.00000E+00 0.00000E+00 0.00000E+00 0.00000E+00 0.00000E+00 3.84269E-19 5.58679E-19 1.90835E-20 2.21053E-20 4.81964E-20 4.90736E-20 7.08532E-20
 1.48400E+03 1.34634E-18 0.00000E+00 0.00000E+00 0.00000E+00 0.00000E+00 0.00000E+00 0.00000E+00 1.68391E-19 3.84269E-19 5.58679E-19 1.90835E-20 2.21053E-20 4.81964E-20 4.90736E-20 7.08532E-20
 1.48599E+03 1.35135E-18 0.00000E+00 0.00000E+00 0.00000E+00 0.00000E+00 0.00000E+00 0.00000E+00 1.77107E-19 3.83030E-19 5.56844E-19 1.90433E-20 2.20615E-20 4.80895E-20 4.89315E-20 7.06444E-20
 1.48798E+03 1.35288E-18 0.00000E+00 0.00000E+00 0.00000E+00 0.00000E+00 0.00000E+00 0.00000E+00 1.82332E-19 3.81795E-19 5.55015E-19 1.90031E-20 2.20176E-20 4.79829E-20 4.87891E-20 7.04335E-20
 1.49198E+03 1.35192E-18 0.00000E+00 0.00000E+00 0.00000E+00 0.00000E+00 0.00000E+00 0.00000E+00 1.88835E-19 3.79290E-19 5.51331E-19 1.89231E-20 2.19276E-20 4.77703E-20 4.84981E-20 7.00064E-20
 1.50000E+03 1.33873E-18 0.00000E+00 0.00000E+00 0.00000E+00 0.00000E+00 0.00000E+00 0.00000E+00 1.90478E-19 3.74319E-19 5.44005E-19 1.87631E-20 2.17488E-20 4.73402E-20 4.79214E-20 6.91599E-20
 1.61800E+03 1.12642E-18 0.00000E+00 0.00000E+00 0.00000E+00 0.00000E+00 0.00000E+00 0.00000E+00 1.69919E-19 3.10273E-19 4.49335E-19 1.66047E-20 1.93676E-20 4.16299E-20 4.04559E-20 5.82170E-20
 1.61800E+03 1.18672E-18 0.00000E+00 0.00000E+00 0.00000E+00 0.00000E+00 0.00000E+00 6.02964E-20 1.69919E-19 3.10273E-19 4.49335E-19 1.66047E-20 1.93676E-20 4.16299E-20 4.04559E-20 5.82170E-20
 1.62197E+03 1.18724E-18 0.00000E+00 0.00000E+00 0.00000E+00 0.00000E+00 0.00000E+00 6.71007E-20 1.69402E-19 3.08347E-19 4.46497E-19 1.65391E-20 1.92930E-20 4.14528E-20 4.02288E-20 5.78849E-20
 1.62595E+03 1.18400E-18 0.00000E+00 0.00000E+00 0.00000E+00 0.00000E+00 0.00000E+00 7.01142E-20 1.68887E-19 3.06432E-19 4.43678E-19 1.64738E-20 1.92188E-20 4.12766E-20 4.00030E-20 5.75547E-20
 1.63394E+03 1.17248E-18 0.00000E+00 0.00000E+00 0.00000E+00 0.00000E+00 0.00000E+00 7.10576E-20 1.67783E-19 3.02640E-19 4.38093E-19 1.63440E-20 1.90710E-20 4.09263E-20 3.95552E-20 5.69000E-20
 1.65004E+03 1.14570E-18 0.00000E+00 0.00000E+00 0.00000E+00 0.00000E+00 0.00000E+00 6.87663E-20 1.65594E-19 2.95195E-19 4.27132E-19 1.60875E-20 1.87790E-20 4.02346E-20 3.86745E-20 5.56128E-20
 1.68271E+03 1.09757E-18 0.00000E+00 0.00000E+00 0.00000E+00 0.00000E+00 0.00000E+00 6.79412E-20 1.61303E-19 2.80850E-19 4.06026E-19 1.55864E-20 1.82082E-20 3.88861E-20 3.69717E-20 5.31251E-20
 1.75000E+03 1.00598E-18 0.00000E+00 0.00000E+00 0.00000E+00 0.00000E+00 0.00000E+00 6.53237E-20 1.52569E-19 2.54115E-19 3.66755E-19 1.46299E-20 1.71106E-20 3.63161E-20 3.37731E-20 4.84570E-20
 1.80500E+03 9.37787E-19 0.00000E+00 0.00000E+00 0.00000E+00 0.00000E+00 0.00000E+00 6.30992E-20 1.45712E-19 2.34460E-19 3.37943E-19 1.38976E-20 1.62651E-20 3.43553E-20 3.13974E-20 4.49962E-20
 1.80500E+03 9.86289E-19 0.00000E+00 0.00000E+00 0.00000E+00 0.00000E+00 4.85025E-20 6.30991E-20 1.45712E-19 2.34460E-19 3.37943E-19 1.38976E-20 1.62651E-20 3.43553E-20 3.13974E-20 4.49962E-20
 1.81080E+03 9.76234E-19 0.00000E+00 0.00000E+00 0.00000E+00 0.00000E+00 4.52329E-20 6.28707E-20 1.45016E-19 2.32513E-19 3.35091E-19 1.38238E-20 1.61799E-20 3.41583E-20 3.11611E-20 4.46521E-20
 1.81661E+03 9.68285E-19 0.00000E+00 0.00000E+00 0.00000E+00 0.00000E+00 4.40179E-20 6.26430E-20 1.44324E-19 2.30582E-19 3.32263E-19 1.37505E-20 1.60952E-20 3.39624E-20 3.09265E-20 4.43106E-20
 1.82830E+03 9.55022E-19 0.00000E+00 0.00000E+00 0.00000E+00 0.00000E+00 4.40673E-20 6.21901E-20 1.42949E-19 2.26768E-19 3.26678E-19 1.36050E-20 1.59271E-20 3.35741E-20 3.04626E-20 4.36355E-20
 1.85189E+03 9.28848E-19 0.00000E+00 0.00000E+00 0.00000E+00 0.00000E+00 4.39152E-20 6.12942E-20 1.40238E-19 2.19328E-19 3.15787E-19 1.33185E-20 1.55961E-20 3.28106E-20 2.95557E-20 4.23160E-20
 1.90000E+03 8.76730E-19 0.00000E+00 0.00000E+00 0.00000E+00 0.00000E+00 4.23745E-20 5.94660E-20 1.34853E-19 2.04921E-19 2.94739E-19 1.27636E-20 1.49546E-20 3.13355E-20 2.77891E-20 3.97480E-20
 2.00000E+03 7.80919E-19 0.00000E+00 0.00000E+00 0.00000E+00 0.00000E+00 3.95918E-20 5.57466E-20 1.24466E-19 1.78756E-19 2.56570E-19 1.17217E-20 1.37442E-20 2.85760E-20 2.45473E-20 3.50435E-20
 2.20000E+03 6.27339E-19 0.00000E+00 0.00000E+00 0.00000E+00 0.00000E+00 3.47412E-20 4.89589E-20 1.06544E-19 1.37835E-19 1.97068E-19 9.97479E-21 1.16810E-20 2.39502E-20 1.93834E-20 2.75747E-20
 2.50000E+03 4.64959E-19 0.00000E+00 0.00000E+00 0.00000E+00 0.00000E+00 2.89002E-20 4.05204E-20 8.54978E-20 9.62253E-20 1.36900E-19 8.00073E-21 9.32153E-21 1.87664E-20 1.39720E-20 1.97825E-20
 2.73861E+03 3.74177E-19 0.00000E+00 0.00000E+00 0.00000E+00 0.00000E+00 2.52023E-20 3.50562E-20 7.24959E-20 7.39710E-20 1.04875E-19 6.81279E-21 7.89386E-21 1.56940E-20 1.09849E-20 1.55005E-20
 3.00000E+03 3.00355E-19 0.00000E+00 0.00000E+00 0.00000E+00 0.00000E+00 2.18789E-20 3.00974E-20 6.10935E-20 5.65687E-20 7.99302E-20 5.80109E-21 6.65677E-21 1.30740E-20 8.58769E-21 1.20772E-20
 3.50000E+03 2.06033E-19 0.00000E+00 0.00000E+00 0.00000E+00 0.00000E+00 1.70662E-20 2.28798E-20 4.51271E-20 3.55509E-20 4.99453E-20 4.39313E-21 4.94371E-21 9.51451E-21 5.59269E-21 7.81884E-21
 4.00000E+03 1.47947E-19 0.00000E+00 0.00000E+00 0.00000E+00 0.00000E+00 1.36441E-20 1.77745E-20 3.42669E-20 2.35287E-20 3.28884E-20 3.43902E-21 3.78540E-21 7.16211E-21 3.80959E-21 5.29918E-21
 4.50000E+03 1.10112E-19 0.00000E+00 0.00000E+00 0.00000E+00 0.00000E+00 1.11330E-20 1.40758E-20 2.66306E-20 1.62233E-20 2.25743E-20 2.76239E-21 2.97061E-21 5.53746E-21 2.69017E-21 3.72496E-21
 5.00000E+03 8.43437E-20 0.00000E+00 0.00000E+00 0.00000E+00 0.00000E+00 9.23962E-21 1.13360E-20 2.11070E-20 1.15620E-20 1.60220E-20 2.26558E-21 2.37842E-21 4.37587E-21 1.95650E-21 2.69766E-21
 5.50000E+03 6.61495E-20 0.00000E+00 0.00000E+00 0.00000E+00 0.00000E+00 7.77974E-21 9.26514E-21 1.70112E-20 8.46852E-21 1.16905E-20 1.89001E-21 1.93647E-21 3.52106E-21 1.45823E-21 2.00289E-21
 6.00000E+03 5.29143E-20 0.00000E+00 0.00000E+00 0.00000E+00 0.00000E+00 6.63223E-21 7.67007E-21 1.39083E-20 6.34795E-21 8.73198E-21 1.59925E-21 1.59916E-21 2.87686E-21 1.10977E-21 1.51869E-21
 6.98100E+03 3.57669E-20 0.00000E+00 0.00000E+00 0.00000E+00 0.00000E+00 4.99464E-21 5.46275E-21 9.69957E-21 3.81025E-21 5.20772E-21 1.19138E-21 1.13647E-21 2.00691E-21 6.82654E-22 9.28189E-22
 6.98100E+03 9.28810E-20 0.00000E+00 0.00000E+00 0.00000E+00 5.71141E-20 4.99464E-21 5.46274E-21 9.69957E-21 3.81025E-21 5.20772E-21 1.19138E-21 1.13647E-21 2.00691E-21 6.82654E-22 9.28189E-22
 6.98575E+03 9.89439E-20 0.00000E+00 0.00000E+00 0.00000E+00 6.32396E-20 4.98829E-21 5.45435E-21 9.68375E-21 3.80148E-21 5.19559E-21 1.18981E-21 1.13473E-21 2.00365E-21 6.81157E-22 9.26141E-22
 6.99049E+03 1.01316E-19 0.00000E+00 0.00000E+00 0.00000E+00 6.56740E-20 4.98194E-21 5.44596E-21 9.66797E-21 3.79268E-21 5.18343E-21 1.18824E-21 1.13297E-21 2.00039E-21 6.79647E-22 9.24059E-22
 6.99525E+03 1.01622E-19 0.00000E+00 0.00000E+00 0.00000E+00 6.60432E-20 4.97560E-21 5.43759E-21 9.65220E-21 3.78383E-21 5.17118E-21 1.18667E-21 1.13118E-21 1.99711E-21 6.78128E-22 9.21967E-22
 7.00000E+03 1.00924E-19 0.00000E+00 0.00000E+00 0.00000E+00 6.54085E-20 4.96927E-21 5.42923E-21 9.63647E-21 3.77500E-21 5.15895E-21 1.18509E-21 1.12939E-21 1.99380E-21 6.76613E-22 9.19880E-22
 7.00465E+03 1.00021E-19 0.00000E+00 0.00000E+00 0.00000E+00 6.45658E-20 4.96309E-21 5.42108E-21 9.62111E-21 3.76639E-21 5.14703E-21 1.18354E-21 1.12765E-21 1.99056E-21 6.75136E-22 9.17844E-22
 7.00930E+03 9.93314E-20 0.00000E+00 0.00000E+00 0.00000E+00 6.39382E-20 4.95692E-21 5.41275E-21 9.60552E-21 3.75780E-21 5.13514E-21 1.18199E-21 1.12591E-21 1.98733E-21 6.73662E-22 9.15813E-22
 7.01396E+03 9.89368E-20 0.00000E+00 0.00000E+00 0.00000E+00 6.36053E-20 4.95076E-21 5.40441E-21 9.58987E-21 3.74922E-21 5.12328E-21 1.18044E-21 1.12418E-21 1.98410E-21 6.72191E-22 9.13787E-22
 7.01862E+03 9.87748E-20 0.00000E+00 0.00000E+00 0.00000E+00 6.35048E-20 4.94461E-21 5.39608E-21 9.57424E-21 3.74067E-21 5.11144E-21 1.17889E-21 1.12244E-21 1.98088E-21 6.70724E-22 9.11765E-22
 7.03729E+03 9.87017E-20 0.00000E+00 0.00000E+00 0.00000E+00 6.36770E-20 4.91950E-21 5.36291E-21 9.51197E-21 3.70666E-21 5.06437E-21 1.17272E-21 1.11554E-21 1.96806E-21 6.64885E-22 9.03722E-22
 7.07477E+03 9.73834E-20 0.00000E+00 0.00000E+00 0.00000E+00 6.28442E-20 4.86965E-21 5.29717E-21 9.38866E-21 3.63956E-21 4.97153E-21 1.16048E-21 1.10185E-21 1.94265E-21 6.53361E-22 8.87847E-22
 7.15034E+03 9.50201E-20 0.00000E+00 0.00000E+00 0.00000E+00 6.14309E-20 4.77145E-21 5.16811E-21 9.14680E-21 3.50897E-21 4.79091E-21 1.13638E-21 1.07498E-21 1.89281E-21 6.30907E-22 8.56931E-22
 7.30390E+03 8.99991E-20 0.00000E+00 0.00000E+00 0.00000E+00 5.82290E-20 4.58096E-21 4.91934E-21 8.68162E-21 3.26169E-21 4.44912E-21 1.08968E-21 1.02320E-21 1.79695E-21 5.88288E-22 7.98289E-22
 7.62100E+03 8.04176E-20 0.00000E+00 0.00000E+00 0.00000E+00 5.19834E-20 4.22248E-21 4.45715E-21 7.82102E-21 2.81819E-21 3.83696E-21 1.00195E-21 9.26986E-22 1.61954E-21 5.11494E-22 6.92770E-22
 7.62100E+03 1.05397E-19 0.00000E+00 0.00000E+00 2.49791E-20 5.19834E-20 4.22248E-21 4.45715E-21 7.82102E-21 2.81819E-21 3.83696E-21 1.00195E-21 9.26986E-22 1.61954E-21 5.11494E-22 6.92770E-22
 7.62678E+03 1.09216E-19 0.00000E+00 0.00000E+00 2.89604E-20 5.18770E-20 4.21635E-21 4.44931E-21 7.80646E-21 2.81085E-21 3.82684E-21 1.00045E-21 9.25354E-22 1.61653E-21 5.10218E-22 6.91020E-22
 7.63257E+03 1.10139E-19 0.00000E+00 0.00000E+00 3.00462E-20 5.17709E-20 4.21022E-21 4.44148E-21 7.79193E-21 2.80353E-21 3.81675E-21 9.98948E-22 9.23725E-22 1.61354E-21 5.08946E-22 6.89274E-22
 7.63836E+03 1.09824E-19 0.00000E+00 0.00000E+00 2.98928E-20 5.16651E-20 4.20410E-21 4.43367E-21 7.77743E-21 2.79622E-21 3.80668E-21 9.97453E-22 9.22099E-22 1.61055E-21 5.07678E-22 6.87532E-22
 7.64415E+03 1.09208E-19 0.00000E+00 0.00000E+00 2.94381E-20 5.15594E-20 4.19800E-21 4.42587E-21 7.76296E-21 2.78894E-21 3.79664E-21 9.95961E-22 9.20476E-22 1.60756E-21 5.06412E-22 6.85795E-22
 7.64995E+03 1.08708E-19 0.00000E+00 0.00000E+00 2.90989E-20 5.14539E-20 4.19190E-21 4.41809E-21 7.74851E-21 2.78168E-21 3.78662E-21 9.94470E-22 9.18855E-22 1.60459E-21 5.05150E-22 6.84063E-22
 7.65576E+03 1.08428E-19 0.00000E+00 0.00000E+00 2.89799E-20 5.13487E-20 4.18581E-21 4.41032E-21 7.73409E-21 2.77443E-21 3.77663E-21 9.92982E-22 9.17238E-22 1.60161E-21 5.03890E-22 6.82334E-22
 7.66738E+03 1.08163E-19 0.00000E+00 0.00000E+00 2.90357E-20 5.11389E-20 4.17365E-21 4.39481E-21 7.70533E-21 2.76000E-21 3.75674E-21 9.90011E-22 9.14011E-22 1.59568E-21 5.01381E-22 6.78891E-22
 7.71403E+03 1.06614E-19 0.00000E+00 0.00000E+00 2.87553E-20 5.03081E-20 4.12538E-21 4.33335E-21 7.59136E-21 2.70301E-21 3.67819E-21 9.78220E-22 9.01217E-22 1.57218E-21 4.91469E-22 6.65289E-22
 7.80820E+03 1.03471E-19 0.00000E+00 0.00000E+00 2.80882E-20 4.86869E-20 4.03052E-21 4.21298E-21 7.36844E-21 2.59254E-21 3.52598E-21 9.55056E-22 8.76164E-22 1.52620E-21 4.72228E-22 6.38899E-22
 8.00000E+03 9.71387E-20 0.00000E+00 0.00000E+00 2.64722E-20 4.55994E-20 3.84728E-21 3.98219E-21 6.94205E-21 2.38477E-21 3.23994E-21 9.10354E-22 8.28052E-22 1.43819E-21 4.35929E-22 5.89148E-22
 8.05600E+03 9.53465E-20 0.00000E+00 0.00000E+00 2.60057E-20 4.47312E-20 3.79554E-21 3.91658E-21 6.82135E-21 2.32733E-21 3.16090E-21 8.97722E-22 8.14402E-22 1.41327E-21 4.25828E-22 5.75310E-22
 8.05600E+03 1.11565E-19 0.00000E+00 1.62181E-20 2.60057E-20 4.47312E-20 3.79554E-21 3.91658E-21 6.82135E-21 2.32733E-21 3.16090E-21 8.97722E-22 8.14402E-22 1.41327E-21 4.25828E-22 5.75310E-22
 8.06298E+03 1.10222E-19 0.00000E+00 1.50956E-20 2.59483E-20 4.46244E-20 3.78912E-21 3.90849E-21 6.80648E-21 2.32030E-21 3.15123E-21 8.96167E-22 8.12724E-22 1.41020E-21 4.24591E-22 5.73616E-22
 8.06996E+03 1.09731E-19 0.00000E+00 1.48243E-20 2.58911E-20 4.45179E-20 3.78272E-21 3.90042E-21 6.79164E-21 2.31329E-21 3.14158E-21 8.94614E-22 8.11049E-22 1.40715E-21 4.23357E-22 5.71926E-22
 8.08394E+03 1.09508E-19 0.00000E+00 1.50403E-20 2.57771E-20 4.43056E-20 3.76995E-21 3.88432E-21 6.76206E-21 2.29933E-21 3.12238E-21 8.91517E-22 8.07710E-22 1.40106E-21 4.20901E-22 5.68562E-22
 8.11199E+03 1.08599E-19 0.00000E+00 1.50013E-20 2.55506E-20 4.38840E-20 3.74453E-21 3.85234E-21 6.70329E-21 2.27167E-21 3.08434E-21 8.85354E-22 8.01073E-22 1.38896E-21 4.16030E-22 5.61893E-22
 8.16836E+03 1.06722E-19 0.00000E+00 1.48398E-20 2.51035E-20 4.30528E-20 3.69421E-21 3.78915E-21 6.58726E-21 2.21734E-21 3.00963E-21 8.73157E-22 7.87962E-22 1.36506E-21 4.06459E-22 5.48789E-22
 8.28229E+03 1.03052E-19 0.00000E+00 1.45096E-20 2.42305E-20 4.14373E-20 3.59559E-21 3.66587E-21 6.36120E-21 2.11255E-21 2.86560E-21 8.49264E-22 7.62379E-22 1.31850E-21 3.87970E-22 5.23490E-22
 8.51493E+03 9.60746E-20 0.00000E+00 1.38563E-20 2.25659E-20 3.83860E-20 3.40618E-21 3.43121E-21 5.93210E-21 1.91758E-21 2.59788E-21 8.03422E-22 7.13680E-22 1.23009E-21 3.53478E-22 4.76338E-22
 9.00000E+03 8.34856E-20 0.00000E+00 1.26148E-20 1.95360E-20 3.29409E-20 3.05677E-21 3.00600E-21 5.15876E-21 1.57988E-21 2.13501E-21 7.19024E-22 6.25370E-22 1.07061E-21 2.93397E-22 3.94357E-22
 1.00000E+04 6.36427E-20 0.00000E+00 1.04893E-20 1.47566E-20 2.44750E-20 2.47996E-21 2.32342E-21 3.93249E-21 1.08765E-21 1.46244E-21 5.80624E-22 4.83831E-22 8.17655E-22 2.04605E-22 2.73621E-22
 1.10000E+04 4.96659E-20 0.00000E+00 8.82460E-21 1.13953E-20 1.86391E-20 2.04697E-21 1.83189E-21 3.06227E-21 7.72803E-22 1.03425E-21 4.77448E-22 3.81938E-22 6.37895E-22 1.46953E-22 1.95601E-22
 1.25000E+04 3.55081E-20 0.00000E+00 6.94753E-21 8.01252E-21 1.28678E-20 1.57626E-21 1.32295E-21 2.17495E-21 4.85777E-22 6.45969E-22 3.66005E-22 2.76372E-22 4.54290E-22 9.36300E-23 1.23810E-22
 1.40000E+04 2.62999E-20 0.00000E+00 5.58470E-21 5.83265E-21 9.21816E-21 1.24566E-21 9.85281E-22 1.59601E-21 3.20151E-22 4.23158E-22 2.88226E-22 2.06250E-22 3.34213E-22 6.23930E-23 8.20050E-23
 1.50000E+04 2.18807E-20 0.00000E+00 4.87573E-21 4.79570E-21 7.50667E-21 1.07750E-21 8.21185E-22 1.31824E-21 2.47765E-22 3.26243E-22 2.48838E-22 1.72134E-22 2.76492E-22 4.85977E-23 6.36288E-23
 1.75000E+04 1.44618E-20 0.00000E+00 3.57217E-21 3.07755E-21 4.71532E-21 7.75539E-22 5.42620E-22 8.53534E-22 1.38832E-22 1.81214E-22 1.78455E-22 1.14130E-22 1.79708E-22 2.76068E-23 3.58262E-23
 2.00000E+04 1.00715E-20 0.00000E+00 2.70543E-21 2.08225E-21 3.13204E-21 5.80178E-22 3.76035E-22 5.81002E-22 8.34916E-23 1.08094E-22 1.33168E-22 7.93452E-23 1.22755E-22 1.67843E-23 2.16058E-23
 2.20000E+04 7.76716E-21 0.00000E+00 2.20859E-21 1.57023E-21 2.33094E-21 4.70160E-22 2.88196E-22 4.39562E-22 5.78634E-23 7.44669E-23 1.07761E-22 6.09569E-23 9.31064E-23 1.17175E-23 1.49924E-23
 2.50000E+04 5.47154E-21 0.00000E+00 1.67274E-21 1.07101E-21 1.56173E-21 3.53172E-22 2.00640E-22 3.00667E-22 3.52314E-23 4.49614E-23 8.08231E-23 4.25756E-23 6.39021E-23 7.19898E-24 9.13355E-24
 3.00000E+04 3.30854E-21 0.00000E+00 1.11317E-21 6.15981E-22 8.75184E-22 2.32939E-22 1.18535E-22 1.73098E-22 1.72309E-23 2.17102E-23 5.32216E-23 2.52659E-23 3.69604E-23 3.56062E-24 4.45995E-24
 3.50000E+04 2.15625E-21 0.00000E+00 7.81378E-22 3.83486E-22 5.32742E-22 1.62634E-22 7.53343E-23 1.07561E-22 9.35591E-24 1.16524E-23 3.71224E-23 1.61156E-23 2.30513E-23 1.94909E-24 2.41350E-24
 4.00000E+04 1.48531E-21 0.00000E+00 5.71194E-22 2.53326E-22 3.44970E-22 1.18494E-22 5.05900E-23 7.07973E-23 5.49159E-24 6.76905E-24 2.70306E-23 1.08541E-23 1.52172E-23 1.15143E-24 1.41090E-24
 4.50000E+04 1.06771E-21 0.00000E+00 4.31109E-22 1.75241E-22 2.34374E-22 8.92493E-23 3.54691E-23 4.87431E-23 3.42491E-24 4.18065E-24 2.03517E-23 7.62870E-24 1.05027E-23 7.21718E-25 8.75895E-25
 4.85220E+04 8.63679E-22 0.00000E+00 3.59113E-22 1.38246E-22 1.82722E-22 7.42767E-23 2.82055E-23 3.83025E-23 2.52915E-24 3.06792E-24 1.69347E-23 6.07548E-24 8.26531E-24 5.34587E-25 6.44676E-25
 4.85220E+04 5.08922E-21 4.22554E-21 3.59113E-22 1.38246E-22 1.82722E-22 7.42767E-23 2.82055E-23 3.83025E-23 2.52915E-24 3.06792E-24 1.69347E-23 6.07548E-24 8.26530E-24 5.34587E-25 6.44676E-25
 4.85675E+04 4.82979E-21 3.96838E-21 3.58297E-22 1.37839E-22 1.82157E-22 7.41072E-23 2.81252E-23 3.81877E-23 2.51963E-24 3.05613E-24 1.68960E-23 6.05829E-24 8.24070E-24 5.32594E-25 6.42222E-25
 4.86131E+04 4.80824E-21 3.94909E-21 3.57483E-22 1.37433E-22 1.81594E-22 7.39380E-23 2.80451E-23 3.80734E-23 2.51014E-24 3.04439E-24 1.68574E-23 6.04115E-24 8.21617E-24 5.30608E-25 6.39777E-25
 4.87043E+04 4.78886E-21 3.93423E-21 3.55861E-22 1.36624E-22 1.80472E-22 7.36009E-23 2.78856E-23 3.78456E-23 2.49127E-24 3.02103E-24 1.67805E-23 6.00702E-24 8.16733E-24 5.26660E-25 6.34916E-25
 4.88874E+04 4.74404E-21 3.89836E-21 3.52639E-22 1.35021E-22 1.78249E-22 7.29311E-23 2.75694E-23 3.73943E-23 2.45396E-24 2.97485E-24 1.66276E-23 5.93934E-24 8.07052E-24 5.18850E-25 6.25303E-25
 4.92555E+04 4.65618E-21 3.82812E-21 3.46282E-22 1.31871E-22 1.73886E-22 7.16099E-23 2.69476E-23 3.65076E-23 2.38100E-24 2.88460E-24 1.63262E-23 5.80625E-24 7.88033E-24 5.03577E-25 6.06513E-25
 5.00000E+04 4.48399E-21 3.69004E-21 3.33909E-22 1.25790E-22 1.65478E-22 6.90389E-23 2.57458E-23 3.47969E-23 2.24152E-24 2.71223E-24 1.57395E-23 5.54892E-24 7.51326E-24 4.74365E-25 5.70606E-25
 5.50000E+04 3.49826E-21 2.89141E-21 2.64217E-22 9.30667E-23 1.20576E-22 5.45884E-23 1.92283E-23 2.55918E-23 1.52635E-24 1.83153E-24 1.24435E-23 4.15181E-24 5.53564E-24 3.24162E-25 3.86726E-25
 6.00000E+04 2.78320E-21 2.30863E-21 2.12872E-22 7.06166E-23 9.02011E-23 4.39625E-23 1.47088E-23 1.92981E-23 1.07425E-24 1.27910E-24 1.00208E-23 3.18094E-24 4.18074E-24 2.28830E-25 2.70906E-25
 7.00000E+04 1.84641E-21 1.53979E-21 1.44405E-22 4.32228E-23 5.38070E-23 2.98180E-23 9.12250E-24 1.16614E-23 5.76304E-25 6.76653E-25 6.79685E-24 1.97804E-24 2.53282E-24 1.23369E-25 1.44031E-25
 8.00000E+04 1.28795E-21 1.07815E-21 1.02660E-22 2.82154E-23 3.43265E-23 2.12047E-23 6.01676E-24 7.51475E-24 3.36164E-25 3.89957E-25 4.83405E-24 1.30733E-24 1.63550E-24 7.22477E-26 8.33182E-26
 9.00000E+04 9.34393E-22 7.84353E-22 7.57102E-23 1.93597E-23 2.30690E-23 1.56468E-23 4.16242E-24 5.09100E-24 2.09258E-25 2.40064E-25 3.56757E-24 9.05972E-25 1.10984E-24 4.50973E-26 5.14506E-26
 1.00000E+05 6.99689E-22 5.88565E-22 5.75112E-23 1.38212E-23 1.61615E-23 1.18935E-23 2.99200E-24 3.59029E-24 1.37095E-25 1.55807E-25 2.71228E-24 6.52129E-25 7.83745E-25 2.96245E-26 3.34729E-26
 1.10000E+05 5.37793E-22 4.53112E-22 4.47651E-23 1.01922E-23 1.17137E-23 9.26415E-24 2.21902E-24 2.61660E-24 9.36977E-26 1.05554E-25 2.11304E-24 4.84240E-25 5.71859E-25 2.02817E-26 2.27227E-26
 1.25000E+05 3.77203E-22 3.18386E-22 3.19131E-23 6.78015E-24 7.61165E-24 6.61148E-24 1.48664E-24 1.71191E-24 5.63798E-26 6.28295E-26 1.50840E-24 3.24888E-25 3.74667E-25 1.22363E-26 1.35593E-26
 1.40000E+05 2.75116E-22 2.32525E-22 2.35981E-23 4.73047E-24 5.20043E-24 4.89386E-24 1.04305E-24 1.17599E-24 3.60691E-26 3.98335E-26 1.11681E-24 2.28231E-25 2.57678E-25 7.84170E-27 8.61229E-27
 1.50000E+05 2.26960E-22 1.91957E-22 1.96242E-23 3.80272E-24 4.12754E-24 4.07235E-24 8.41193E-25 9.36251E-25 2.75276E-26 3.02437E-26 9.29481E-25 1.84180E-25 2.05277E-25 5.99173E-27 6.54682E-27
 1.75000E+05 1.47641E-22 1.25033E-22 1.29831E-23 2.34166E-24 2.47090E-24 2.69816E-24 5.21395E-25 5.63982E-25 1.51405E-26 1.64687E-26 6.16051E-25 1.14325E-25 1.23820E-25 3.30283E-27 3.57246E-27
 2.00000E+05 1.01819E-22 8.63046E-23 9.07437E-24 1.54500E-24 1.59167E-24 1.88822E-24 3.45758E-25 3.65035E-25 9.09004E-27 9.81696E-27 4.31253E-25 7.58927E-26 8.02259E-26 1.98551E-27 2.13313E-27
 2.20000E+05 7.81874E-23 6.63093E-23 7.03003E-24 1.15162E-24 1.16684E-24 1.46409E-24 2.58547E-25 2.68427E-25 6.34255E-27 6.82656E-27 3.34457E-25 5.67908E-26 5.90309E-26 1.38745E-27 1.48501E-27
 2.50000E+05 5.49936E-23 4.66681E-23 4.99855E-24 7.79970E-25 7.73607E-25 1.04216E-24 1.75791E-25 1.78608E-25 3.94313E-27 4.23381E-27 2.38134E-25 3.86466E-26 3.93101E-26 8.63488E-28 9.22004E-28
 3.00000E+05 3.35122E-23 2.84604E-23 3.08729E-24 4.52040E-25 4.36047E-25 6.44590E-25 1.02384E-25 1.01122E-25 2.03263E-27 2.18524E-27 1.47339E-25 2.25317E-26 2.22778E-26 4.45754E-28 4.76596E-28
 3.50000E+05 2.22278E-23 1.88882E-23 2.06723E-24 2.88251E-25 2.72394E-25 4.32056E-25 6.55102E-26 6.33645E-26 1.17948E-27 1.27560E-27 9.87826E-26 1.44274E-26 1.39685E-26 2.58844E-28 2.78573E-28
 4.00000E+05 1.56959E-23 1.33445E-23 1.46976E-24 1.97076E-25 1.83441E-25 3.07406E-25 4.48987E-26 4.27652E-26 7.45234E-28 8.13926E-28 7.02959E-26 9.89425E-27 9.43200E-27 1.63765E-28 1.77944E-28
 4.50000E+05 1.16283E-23 9.89093E-24 1.09431E-24 1.42051E-25 1.30774E-25 2.28999E-25 3.24290E-26 3.05364E-26 5.02623E-28 5.55913E-28 5.23729E-26 7.14878E-27 6.73742E-27 1.10531E-28 1.21530E-28
 5.00000E+05 8.94671E-24 7.61333E-24 8.45036E-25 1.06722E-25 9.74722E-26 1.76901E-25 2.44003E-26 2.27896E-26 3.56713E-28 3.99588E-28 4.04616E-26 5.38102E-27 5.02930E-27 7.84640E-29 8.74530E-29
 5.50000E+05 7.09608E-24 6.04103E-24 6.72051E-25 8.28943E-26 7.52839E-26 1.40725E-25 1.89765E-26 1.76172E-26 2.63528E-28 2.99665E-28 3.21892E-26 4.18579E-27 3.88879E-27 5.79840E-29 6.55796E-29
 6.00000E+05 5.77017E-24 4.91421E-24 5.47568E-25 6.61641E-26 5.98542E-26 1.14678E-25 1.51601E-26 1.40163E-26 2.01214E-28 2.32093E-28 2.62325E-26 3.34487E-27 3.09438E-27 4.42962E-29 5.08387E-29
 7.00000E+05 4.04620E-24 3.44851E-24 3.84949E-25 4.49431E-26 4.04842E-26 8.06342E-26 1.03126E-26 9.48950E-27 1.26878E-28 1.50784E-28 1.84459E-26 2.27593E-27 2.09553E-27 2.79498E-29 3.30273E-29
 8.00000E+05 3.01174E-24 2.56855E-24 2.86912E-25 3.25849E-26 2.93162E-26 6.01000E-26 7.48458E-27 6.87674E-27 8.66703E-29 1.05825E-28 1.37487E-26 1.65232E-27 1.51872E-27 1.90886E-29 2.31835E-29
 9.00000E+05 2.34316E-24 1.99952E-24 2.23355E-25 2.48030E-26 2.23241E-26 4.67849E-26 5.70193E-27 5.23851E-27 6.26810E-29 7.86504E-29 1.07026E-26 1.25892E-27 1.15707E-27 1.38240E-29 1.72378E-29
 1.00000E+06 1.88575E-24 1.61001E-24 1.79786E-25 1.96004E-26 1.76624E-26 3.76554E-26 4.50825E-27 4.14567E-27 4.75063E-29 6.09970E-29 8.61401E-27 9.95463E-28 9.15716E-28 1.04709E-29 1.33769E-29
 1.10000E+06 1.55846E-24 1.33117E-24 1.48572E-25 1.59530E-26 1.43969E-26 3.11146E-26 3.67033E-27 3.37967E-27 3.72941E-29 4.89678E-29 7.11761E-27 8.10575E-28 7.46533E-28 8.21995E-30 1.07320E-29
 1.25000E+06 1.21702E-24 1.04012E-24 1.15980E-25 1.22291E-26 1.10615E-26 2.42848E-26 2.81489E-27 2.59695E-27 2.72776E-29 3.68802E-29 5.55504E-27 6.21664E-28 5.73679E-28 6.01762E-30 8.09090E-30
 1.40000E+06 9.84938E-25 8.42162E-25 9.38159E-26 9.75531E-27 8.84221E-27 1.96402E-26 2.24608E-27 2.07625E-27 2.09876E-29 2.90712E-29 4.49246E-27 4.96119E-28 4.58630E-28 4.62358E-30 6.37380E-30
 1.50000E+06 8.68814E-25 7.43068E-25 8.27239E-26 8.53826E-27 7.74831E-27 1.73161E-26 1.96613E-27 1.81945E-27 1.79691E-29 2.52771E-29 3.96077E-27 4.34293E-28 4.01923E-28 3.96311E-30 5.54039E-30
 1.75000E+06 6.62158E-25 5.66621E-25 6.29857E-26 6.41288E-27 5.83248E-27 1.31813E-26 1.47739E-27 1.36953E-27 1.28923E-29 1.87103E-29 3.01480E-27 3.26328E-28 3.02548E-28 2.84654E-30 4.10655E-30
 2.00000E+06 5.28107E-25 4.52086E-25 5.01872E-26 5.06645E-27 4.61327E-27 1.05006E-26 1.16742E-27 1.08323E-27 9.85084E-30 1.46436E-29 2.40157E-27 2.57886E-28 2.39282E-28 2.17183E-30 3.21132E-30
 2.20000E+06 4.51571E-25 3.86630E-25 4.28807E-26 4.32863E-27 3.94110E-27 8.96447E-27 9.96620E-28 9.24726E-28 8.40910E-30 1.25004E-29 2.04987E-27 2.20117E-28 2.04237E-28 1.85372E-30 2.74095E-30
 2.50000E+06 3.68197E-25 3.15307E-25 3.49315E-26 3.52597E-27 3.20995E-27 7.29523E-27 8.11021E-28 7.52499E-28 6.84260E-30 1.01717E-29 1.66779E-27 1.79087E-28 1.66166E-28 1.50815E-30 2.22998E-30
 3.00000E+06 2.78193E-25 2.38298E-25 2.63570E-26 2.66025E-27 2.42150E-27 5.49744E-27 6.11136E-28 5.67022E-28 5.15571E-30 7.66404E-30 1.25642E-27 1.34913E-28 1.25178E-28 1.13611E-30 1.67987E-30
 3.50000E+06 2.21505E-25 1.89791E-25 2.09565E-26 2.11504E-27 1.92503E-27 4.36688E-27 4.85443E-28 4.50392E-28 4.09505E-30 6.08733E-30 9.97823E-28 1.07144E-28 9.94123E-29 9.02245E-31 1.33408E-30
 4.00000E+06 1.82959E-25 1.56810E-25 1.72830E-26 1.74420E-27 1.58739E-27 3.59878E-27 4.00049E-28 3.71158E-28 3.37452E-30 5.01624E-30 8.22178E-28 8.82826E-29 8.19119E-29 7.43406E-31 1.09921E-30
 4.50000E+06 1.55258E-25 1.33108E-25 1.46418E-26 1.47760E-27 1.34467E-27 3.04707E-27 3.38713E-28 3.14249E-28 2.85703E-30 4.24697E-30 6.96042E-28 7.47381E-29 6.93447E-29 6.29343E-31 9.30556E-31
 5.00000E+06 1.34495E-25 1.15342E-25 1.26619E-26 1.27776E-27 1.16276E-27 2.63381E-27 2.92772E-28 2.71623E-28 2.46944E-30 3.67081E-30 6.01579E-28 6.45947E-29 5.99331E-29 5.43923E-31 8.04253E-31
 5.50000E+06 1.18464E-25 1.01632E-25 1.11287E-26 1.12301E-27 1.02189E-27 2.31398E-27 2.57218E-28 2.38635E-28 2.16949E-30 3.22493E-30 5.28482E-28 5.67457E-29 5.26504E-29 4.77825E-31 7.06520E-31
 6.00000E+06 1.05682E-25 9.06939E-26 9.90985E-27 9.99997E-28 9.09922E-28 2.05989E-27 2.28971E-28 2.12427E-28 1.93119E-30 2.87071E-30 4.70415E-28 5.05105E-29 4.68652E-29 4.25320E-31 6.28884E-31
 7.00000E+06 8.66496E-26 7.43980E-26 8.10181E-27 8.17521E-28 7.43842E-28 1.68319E-27 1.87096E-28 1.73576E-28 1.57795E-30 2.34561E-30 3.84344E-28 4.12685E-29 3.82901E-29 3.47494E-31 5.13809E-31
 8.00000E+06 7.32208E-26 6.28915E-26 6.83122E-27 6.89294E-28 6.27146E-28 1.41866E-27 1.57690E-28 1.46294E-28 1.32991E-30 1.97690E-30 3.23912E-28 3.47796E-29 3.22694E-29 2.92852E-31 4.33015E-31
 9.00000E+06 6.32779E-26 5.43672E-26 5.89342E-27 5.94656E-28 5.41023E-28 1.22353E-27 1.35999E-28 1.26170E-28 1.14695E-30 1.70493E-30 2.79339E-28 2.99935E-29 2.78287E-29 2.52551E-31 3.73425E-31
 1.00000E+07 5.56407E-26 4.78169E-26 5.17494E-27 5.22151E-28 4.75045E-28 1.07410E-27 1.19389E-28 1.10759E-28 1.00685E-30 1.49666E-30 2.45209E-28 2.63288E-29 2.44285E-29 2.21692E-31 3.27797E-31
 1.10000E+07 4.96028E-26 4.26363E-26 4.60810E-27 4.64951E-28 4.22996E-28 9.56250E-28 1.06289E-28 9.86057E-29 8.96361E-31 1.33242E-30 2.18295E-28 2.34389E-29 2.17471E-29 1.97358E-31 2.91815E-31
 1.25000E+07 4.26090E-26 3.66334E-26 3.95290E-27 3.98836E-28 3.62837E-28 8.20083E-28 9.11530E-29 8.45635E-29 7.68703E-31 1.14266E-30 1.87200E-28 2.01001E-29 1.86493E-29 1.69244E-31 2.50246E-31
 1.40000E+07 3.73077E-26 3.20815E-26 3.45730E-27 3.48828E-28 3.17336E-28 7.17124E-28 7.97086E-29 7.39461E-29 6.72182E-31 9.99183E-31 1.63690E-28 1.75757E-29 1.63071E-29 1.47988E-31 2.18817E-31
 1.50000E+07 3.44367E-26 2.96158E-26 3.18930E-27 3.21785E-28 2.92731E-28 6.61461E-28 7.35214E-29 6.82060E-29 6.20001E-31 9.21617E-31 1.50981E-28 1.62111E-29 1.50410E-29 1.36497E-31 2.01826E-31
 1.75000E+07 2.88550E-26 2.48206E-26 2.66906E-27 2.69292E-28 2.44972E-28 5.53442E-28 6.15147E-29 5.70671E-29 5.18741E-31 7.71096E-31 1.26319E-28 1.35631E-29 1.25841E-29 1.14200E-31 1.68858E-31
 2.00000E+07 2.48098E-26 2.13444E-26 2.29276E-27 2.31323E-28 2.10428E-28 4.75334E-28 5.28328E-29 4.90127E-29 4.45523E-31 6.62258E-31 1.08487E-28 1.16484E-29 1.08076E-29 9.80786E-32 1.45020E-31
 2.20000E+07 2.22992E-26 1.91864E-26 2.05952E-27 2.07789E-28 1.89018E-28 4.26933E-28 4.74529E-29 4.40218E-29 4.00153E-31 5.94817E-31 9.74379E-29 1.04620E-29 9.70687E-30 8.80892E-32 1.30250E-31
 2.50000E+07 1.93522E-26 1.66528E-26 1.78606E-27 1.80197E-28 1.63917E-28 3.70197E-28 4.11467E-29 3.81714E-29 3.46972E-31 5.15765E-31 8.44869E-29 9.07146E-30 8.41665E-30 7.63804E-32 1.12937E-31
 3.00000E+07 1.58486E-26 1.36400E-26 1.46141E-27 1.47442E-28 1.34118E-28 3.02859E-28 3.36621E-29 3.12279E-29 2.83855E-31 4.21942E-31 6.91164E-29 7.42110E-30 6.88542E-30 6.24844E-32 9.23902E-32
 3.50000E+07 1.34128E-26 1.15449E-26 1.23602E-27 1.24701E-28 1.13431E-28 2.56121E-28 2.84671E-29 2.64085E-29 2.40046E-31 3.56821E-31 5.84485E-29 6.27567E-30 5.82267E-30 5.28400E-32 7.81297E-32
 4.00000E+07 1.16228E-26 1.00050E-26 1.07055E-27 1.08007E-28 9.82451E-29 2.21815E-28 2.46541E-29 2.28712E-29 2.07892E-31 3.09025E-31 5.06188E-29 5.43498E-30 5.04266E-30 4.57614E-32 6.76633E-32
 4.50000E+07 1.02526E-26 8.82603E-27 9.43994E-28 9.52382E-29 8.66297E-29 1.95579E-28 2.17380E-29 2.01660E-29 1.83302E-31 2.72472E-31 4.46310E-29 4.79206E-30 4.44615E-30 4.03481E-32 5.96591E-32
 5.00000E+07 9.17038E-27 7.89479E-27 8.44097E-28 8.51594E-29 7.74614E-29 1.74873E-28 1.94365E-29 1.80309E-29 1.63894E-31 2.43623E-31 3.99053E-29 4.28466E-30 3.97537E-30 3.60758E-32 5.33421E-32
 5.50000E+07 8.29419E-27 7.14077E-27 7.63259E-28 7.70036E-29 7.00426E-29 1.58118E-28 1.75743E-29 1.63033E-29 1.48191E-31 2.20281E-31 3.60817E-29 3.87411E-30 3.59446E-30 3.26191E-32 4.82309E-32
 6.00000E+07 7.57043E-27 6.51788E-27 6.96513E-28 7.02696E-29 6.39170E-29 1.44286E-28 1.60369E-29 1.48771E-29 1.35226E-31 2.01010E-31 3.29249E-29 3.53517E-30 3.27998E-30 2.97652E-32 4.40112E-32
 7.00000E+07 6.44490E-27 5.54913E-27 5.92767E-28 5.98027E-29 5.43960E-29 1.22787E-28 1.36474E-29 1.26603E-29 1.15077E-31 1.71058E-31 2.80187E-29 3.00838E-30 2.79122E-30 2.53298E-32 3.74529E-32
 8.00000E+07 5.61026E-27 4.83070E-27 5.15877E-28 5.20452E-29 4.73397E-29 1.06855E-28 1.18766E-29 1.10176E-29 1.00145E-31 1.48862E-31 2.43830E-29 2.61801E-30 2.42903E-30 2.20430E-32 3.25929E-32
 9.00000E+07 4.96677E-27 4.27676E-27 4.56619E-28 4.60669E-29 4.19017E-29 9.45780E-29 1.05120E-29 9.75170E-30 8.86384E-32 1.31758E-31 2.15813E-29 2.31719E-30 2.14992E-30 1.95101E-32 2.88478E-32
 1.00000E+08 4.45556E-27 3.83667E-27 4.09559E-28 4.13190E-29 3.75831E-29 8.48282E-29 9.42831E-30 8.74642E-30 7.95008E-32 1.18175E-31 1.93564E-29 2.07831E-30 1.92828E-30 1.74988E-32 2.58738E-32
 1.10000E+08 4.03968E-27 3.47863E-27 3.71285E-28 3.74576E-29 3.40707E-29 7.68990E-29 8.54701E-30 7.92885E-30 7.20694E-32 1.07129E-31 1.75470E-29 1.88403E-30 1.74803E-30 1.58630E-32 2.34552E-32
 1.25000E+08 3.54345E-27 3.05139E-27 3.25628E-28 3.28514E-29 2.98809E-29 6.74410E-29 7.49578E-30 6.95365E-30 6.32052E-32 9.39524E-32 1.53888E-29 1.65230E-30 1.53302E-30 1.39119E-32 2.05702E-32
 1.40000E+08 3.15573E-27 2.71757E-27 2.89964E-28 2.92534E-29 2.66081E-29 6.00534E-29 6.67468E-30 6.19193E-30 5.62815E-32 8.36605E-32 1.37030E-29 1.47129E-30 1.36509E-30 1.23879E-32 1.83168E-32
 1.50000E+08 2.94116E-27 2.53282E-27 2.70231E-28 2.72625E-29 2.47973E-29 5.59658E-29 6.22036E-30 5.77047E-30 5.24506E-32 7.79660E-32 1.27702E-29 1.37114E-30 1.27217E-30 1.15446E-32 1.70700E-32
 1.75000E+08 2.51381E-27 2.16484E-27 2.30936E-28 2.32981E-29 2.11913E-29 4.78265E-29 5.31570E-30 4.93124E-30 4.48224E-32 6.66270E-32 1.09130E-29 1.17173E-30 1.08714E-30 9.86560E-33 1.45874E-32
 2.00000E+08 2.19485E-27 1.89020E-27 2.01614E-28 2.03400E-29 1.85007E-29 4.17534E-29 4.64070E-30 4.30505E-30 3.91307E-32 5.81664E-32 9.52717E-30 1.02293E-30 9.49092E-31 8.61280E-33 1.27350E-32
 2.20000E+08 1.99258E-27 1.71602E-27 1.83023E-28 1.84644E-29 1.67946E-29 3.79027E-29 4.21271E-30 3.90802E-30 3.55218E-32 5.28020E-32 8.64851E-30 9.28592E-31 8.61560E-31 7.81846E-33 1.15605E-32
 2.50000E+08 1.75057E-27 1.50762E-27 1.60782E-28 1.62206E-29 1.47537E-29 3.32963E-29 3.70073E-30 3.43307E-30 3.12047E-32 4.63848E-32 7.59741E-30 8.15736E-31 7.56850E-31 6.86825E-33 1.01555E-32
 3.00000E+08 1.45585E-27 1.25383E-27 1.33701E-28 1.34885E-29 1.22687E-29 2.76877E-29 3.07736E-30 2.85478E-30 2.59484E-32 3.85714E-32 6.31764E-30 6.78326E-31 6.29360E-31 5.71130E-33 8.44478E-33
 3.50000E+08 1.24606E-27 1.07316E-27 1.14427E-28 1.15440E-29 1.05000E-29 2.36960E-29 2.63370E-30 2.44321E-30 2.22074E-32 3.30106E-32 5.40682E-30 5.80531E-31 5.38624E-31 4.88789E-33 7.22728E-33
 4.00000E+08 1.08911E-27 9.37995E-28 1.00009E-28 1.00895E-29 9.17701E-30 2.07101E-29 2.30183E-30 2.13535E-30 1.94091E-32 2.88510E-32 4.72551E-30 5.07379E-31 4.70753E-31 4.27197E-33 6.31658E-33
 4.50000E+08 9.67277E-28 8.33069E-28 8.88179E-29 8.96043E-30 8.15008E-30 1.83925E-29 2.04424E-30 1.89638E-30 1.72371E-32 2.56223E-32 4.19668E-30 4.50598E-31 4.18071E-31 3.79390E-33 5.60969E-33
 5.00000E+08 8.69955E-28 7.49254E-28 7.98791E-29 8.05863E-30 7.32983E-30 1.65414E-29 1.83849E-30 1.70552E-30 1.55022E-32 2.30435E-32 3.77430E-30 4.05247E-31 3.75993E-31 3.41205E-33 5.04509E-33
 5.50000E+08 7.90426E-28 6.80763E-28 7.25749E-29 7.32175E-30 6.65959E-30 1.50287E-29 1.67037E-30 1.54956E-30 1.40846E-32 2.09363E-32 3.42915E-30 3.68189E-31 3.41610E-31 3.10003E-33 4.58374E-33
 6.00000E+08 7.24219E-28 6.23744E-28 6.64946E-29 6.70833E-30 6.10164E-30 1.37696E-29 1.53042E-30 1.41973E-30 1.29045E-32 1.91822E-32 3.14185E-30 3.37340E-31 3.12989E-31 2.84030E-33 4.19969E-33
 7.00000E+08 6.20304E-28 5.34248E-28 5.69517E-29 5.74559E-30 5.22597E-30 1.17934E-29 1.31078E-30 1.21597E-30 1.10525E-32 1.64291E-32 2.69093E-30 2.88925E-31 2.68068E-31 2.43266E-33 3.59695E-33
 8.00000E+08 5.42467E-28 4.67211E-28 4.98040E-29 5.02449E-30 4.57008E-30 1.03132E-29 1.14627E-30 1.06336E-30 9.66531E-33 1.43672E-32 2.35319E-30 2.52662E-31 2.34424E-31 2.12734E-33 3.14550E-33
 9.00000E+08 4.81986E-28 4.15122E-28 4.42504E-29 4.46421E-30 4.06047E-30 9.16317E-30 1.01844E-30 9.44780E-31 8.58750E-33 1.27650E-32 2.09078E-30 2.24487E-31 2.08282E-31 1.89011E-33 2.79474E-33
 1.00000E+09 4.33638E-28 3.73483E-28 3.98111E-29 4.01635E-30 3.65311E-30 8.24387E-30 9.16266E-31 8.49994E-31 7.72596E-33 1.14844E-32 1.88102E-30 2.01965E-31 1.87386E-31 1.70048E-33 2.51435E-33
