 ***  Photoelectric cross sections,  IZ = 53,  NSHELL = 14,  NDATA = 403
              0           1           2           3           4           5           6           7           8           9          10          11          12          13          14
 5.00000E+01 5.21819E-19 0.00000E+00 0.00000E+00 0.00000E+00 0.00000E+00 0.00000E+00 0.00000E+00 0.00000E+00 0.00000E+00 0.00000E+00 0.00000E+00 0.00000E+00 0.00000E+00 0.00000E+00 0.00000E+00
 5.24404E+01 4.67915E-19 0.00000E+00 0.00000E+00 0.00000E+00 0.00000E+00 0.00000E+00 0.00000E+00 0.00000E+00 0.00000E+00 0.00000E+00 0.00000E+00 0.00000E+00 0.00000E+00 0.00000E+00 0.00000E+00
 5.50000E+01 4.21487E-19 0.00000E+00 0.00000E+00 0.00000E+00 0.00000E+00 0.00000E+00 0.00000E+00 0.00000E+00 0.00000E+00 0.00000E+00 0.00000E+00 0.00000E+00 0.00000E+00 0.00000E+00 0.00000E+00
 5.60000E+01 4.05890E-19 0.00000E+00 0.00000E+00 0.00000E+00 0.00000E+00 0.00000E+00 0.00000E+00 0.00000E+00 0.00000E+00 0.00000E+00 0.00000E+00 0.00000E+00 0.00000E+00 0.00000E+00 0.00000E+00
 5.60000E+01 1.40724E-18 0.00000E+00 0.00000E+00 0.00000E+00 0.00000E+00 0.00000E+00 0.00000E+00 0.00000E+00 0.00000E+00 0.00000E+00 0.00000E+00 0.00000E+00 0.00000E+00 0.00000E+00 1.00135E-18
 5.64934E+01 1.44873E-18 0.00000E+00 0.00000E+00 0.00000E+00 0.00000E+00 0.00000E+00 0.00000E+00 0.00000E+00 0.00000E+00 0.00000E+00 0.00000E+00 0.00000E+00 0.00000E+00 0.00000E+00 1.05001E-18
 5.69912E+01 1.50869E-18 0.00000E+00 0.00000E+00 0.00000E+00 0.00000E+00 0.00000E+00 0.00000E+00 0.00000E+00 0.00000E+00 0.00000E+00 0.00000E+00 0.00000E+00 0.00000E+00 0.00000E+00 1.11698E-18
 5.74934E+01 1.59133E-18 0.00000E+00 0.00000E+00 0.00000E+00 0.00000E+00 0.00000E+00 0.00000E+00 0.00000E+00 0.00000E+00 0.00000E+00 0.00000E+00 0.00000E+00 0.00000E+00 0.00000E+00 1.20648E-18
 5.77461E+01 1.64374E-18 0.00000E+00 0.00000E+00 0.00000E+00 0.00000E+00 0.00000E+00 0.00000E+00 0.00000E+00 0.00000E+00 0.00000E+00 0.00000E+00 0.00000E+00 0.00000E+00 0.00000E+00 1.26225E-18
 5.78729E+01 1.67092E-18 0.00000E+00 0.00000E+00 0.00000E+00 0.00000E+00 0.00000E+00 0.00000E+00 0.00000E+00 0.00000E+00 0.00000E+00 0.00000E+00 0.00000E+00 0.00000E+00 0.00000E+00 1.29109E-18
 5.80000E+01 1.70252E-18 0.00000E+00 0.00000E+00 0.00000E+00 0.00000E+00 0.00000E+00 0.00000E+00 0.00000E+00 0.00000E+00 0.00000E+00 0.00000E+00 0.00000E+00 0.00000E+00 0.00000E+00 1.32434E-18
 5.80000E+01 2.34045E-18 0.00000E+00 0.00000E+00 0.00000E+00 0.00000E+00 0.00000E+00 0.00000E+00 0.00000E+00 0.00000E+00 0.00000E+00 0.00000E+00 0.00000E+00 0.00000E+00 6.37929E-19 1.32434E-18
 5.84937E+01 2.51301E-18 0.00000E+00 0.00000E+00 0.00000E+00 0.00000E+00 0.00000E+00 0.00000E+00 0.00000E+00 0.00000E+00 0.00000E+00 0.00000E+00 0.00000E+00 0.00000E+00 6.72240E-19 1.46885E-18
 5.87421E+01 2.62178E-18 0.00000E+00 0.00000E+00 0.00000E+00 0.00000E+00 0.00000E+00 0.00000E+00 0.00000E+00 0.00000E+00 0.00000E+00 0.00000E+00 0.00000E+00 0.00000E+00 6.92687E-19 1.56020E-18
 5.89915E+01 2.74074E-18 0.00000E+00 0.00000E+00 0.00000E+00 0.00000E+00 0.00000E+00 0.00000E+00 0.00000E+00 0.00000E+00 0.00000E+00 0.00000E+00 0.00000E+00 0.00000E+00 7.17536E-19 1.65733E-18
 5.92420E+01 2.87595E-18 0.00000E+00 0.00000E+00 0.00000E+00 0.00000E+00 0.00000E+00 0.00000E+00 0.00000E+00 0.00000E+00 0.00000E+00 0.00000E+00 0.00000E+00 0.00000E+00 7.43446E-19 1.76960E-18
 5.94936E+01 3.03559E-18 0.00000E+00 0.00000E+00 0.00000E+00 0.00000E+00 0.00000E+00 0.00000E+00 0.00000E+00 0.00000E+00 0.00000E+00 0.00000E+00 0.00000E+00 0.00000E+00 7.80660E-19 1.89496E-18
 5.97463E+01 3.21025E-18 0.00000E+00 0.00000E+00 0.00000E+00 0.00000E+00 0.00000E+00 0.00000E+00 0.00000E+00 0.00000E+00 0.00000E+00 0.00000E+00 0.00000E+00 0.00000E+00 8.19737E-19 2.03346E-18
 6.00000E+01 3.40843E-18 0.00000E+00 0.00000E+00 0.00000E+00 0.00000E+00 0.00000E+00 0.00000E+00 0.00000E+00 0.00000E+00 0.00000E+00 0.00000E+00 0.00000E+00 0.00000E+00 8.60770E-19 2.19345E-18
 6.02897E+01 3.65267E-18 0.00000E+00 0.00000E+00 0.00000E+00 0.00000E+00 0.00000E+00 0.00000E+00 0.00000E+00 0.00000E+00 0.00000E+00 0.00000E+00 0.00000E+00 0.00000E+00 9.09915E-19 2.39174E-18
 6.04351E+01 3.79136E-18 0.00000E+00 0.00000E+00 0.00000E+00 0.00000E+00 0.00000E+00 0.00000E+00 0.00000E+00 0.00000E+00 0.00000E+00 0.00000E+00 0.00000E+00 0.00000E+00 9.35892E-19 2.50604E-18
 6.05809E+01 3.94342E-18 0.00000E+00 0.00000E+00 0.00000E+00 0.00000E+00 0.00000E+00 0.00000E+00 0.00000E+00 0.00000E+00 0.00000E+00 0.00000E+00 0.00000E+00 0.00000E+00 9.69761E-19 2.62581E-18
 6.08734E+01 4.26873E-18 0.00000E+00 0.00000E+00 0.00000E+00 0.00000E+00 0.00000E+00 0.00000E+00 0.00000E+00 0.00000E+00 0.00000E+00 0.00000E+00 0.00000E+00 0.00000E+00 1.04122E-18 2.88278E-18
 6.11673E+01 4.64921E-18 0.00000E+00 0.00000E+00 0.00000E+00 0.00000E+00 0.00000E+00 0.00000E+00 0.00000E+00 0.00000E+00 0.00000E+00 0.00000E+00 0.00000E+00 0.00000E+00 1.12297E-18 3.18450E-18
 6.14627E+01 5.07422E-18 0.00000E+00 0.00000E+00 0.00000E+00 0.00000E+00 0.00000E+00 0.00000E+00 0.00000E+00 0.00000E+00 0.00000E+00 0.00000E+00 0.00000E+00 0.00000E+00 1.21749E-18 3.51796E-18
 6.17595E+01 5.56751E-18 0.00000E+00 0.00000E+00 0.00000E+00 0.00000E+00 0.00000E+00 0.00000E+00 0.00000E+00 0.00000E+00 0.00000E+00 0.00000E+00 0.00000E+00 0.00000E+00 1.32668E-18 3.90499E-18
 6.20577E+01 6.12597E-18 0.00000E+00 0.00000E+00 0.00000E+00 0.00000E+00 0.00000E+00 0.00000E+00 0.00000E+00 0.00000E+00 0.00000E+00 0.00000E+00 0.00000E+00 0.00000E+00 1.45674E-18 4.33628E-18
 6.23574E+01 6.76203E-18 0.00000E+00 0.00000E+00 0.00000E+00 0.00000E+00 0.00000E+00 0.00000E+00 0.00000E+00 0.00000E+00 0.00000E+00 0.00000E+00 0.00000E+00 0.00000E+00 1.59956E-18 4.83243E-18
 6.26585E+01 7.47209E-18 0.00000E+00 0.00000E+00 0.00000E+00 0.00000E+00 0.00000E+00 0.00000E+00 0.00000E+00 0.00000E+00 0.00000E+00 0.00000E+00 0.00000E+00 0.00000E+00 1.75638E-18 5.38854E-18
 6.29611E+01 8.28201E-18 0.00000E+00 0.00000E+00 0.00000E+00 0.00000E+00 0.00000E+00 0.00000E+00 0.00000E+00 0.00000E+00 0.00000E+00 0.00000E+00 0.00000E+00 0.00000E+00 1.93415E-18 6.02353E-18
 6.35706E+01 1.02508E-17 0.00000E+00 0.00000E+00 0.00000E+00 0.00000E+00 0.00000E+00 0.00000E+00 0.00000E+00 0.00000E+00 0.00000E+00 0.00000E+00 0.00000E+00 0.00000E+00 2.38439E-18 7.54756E-18
 6.41860E+01 1.27700E-17 0.00000E+00 0.00000E+00 0.00000E+00 0.00000E+00 0.00000E+00 0.00000E+00 0.00000E+00 0.00000E+00 0.00000E+00 0.00000E+00 0.00000E+00 0.00000E+00 2.97136E-18 9.48511E-18
 6.48074E+01 1.59747E-17 0.00000E+00 0.00000E+00 0.00000E+00 0.00000E+00 0.00000E+00 0.00000E+00 0.00000E+00 0.00000E+00 0.00000E+00 0.00000E+00 0.00000E+00 0.00000E+00 3.74464E-18 1.19217E-17
 6.54348E+01 1.99648E-17 0.00000E+00 0.00000E+00 0.00000E+00 0.00000E+00 0.00000E+00 0.00000E+00 0.00000E+00 0.00000E+00 0.00000E+00 0.00000E+00 0.00000E+00 0.00000E+00 4.71978E-18 1.49417E-17
 6.60683E+01 2.48677E-17 0.00000E+00 0.00000E+00 0.00000E+00 0.00000E+00 0.00000E+00 0.00000E+00 0.00000E+00 0.00000E+00 0.00000E+00 0.00000E+00 0.00000E+00 0.00000E+00 5.99456E-18 1.85747E-17
 6.63873E+01 2.76566E-17 0.00000E+00 0.00000E+00 0.00000E+00 0.00000E+00 0.00000E+00 0.00000E+00 0.00000E+00 0.00000E+00 0.00000E+00 0.00000E+00 0.00000E+00 0.00000E+00 6.75578E-18 2.06047E-17
 6.67079E+01 3.06639E-17 0.00000E+00 0.00000E+00 0.00000E+00 0.00000E+00 0.00000E+00 0.00000E+00 0.00000E+00 0.00000E+00 0.00000E+00 0.00000E+00 0.00000E+00 0.00000E+00 7.61366E-18 2.27565E-17
 6.70300E+01 3.38407E-17 0.00000E+00 0.00000E+00 0.00000E+00 0.00000E+00 0.00000E+00 0.00000E+00 0.00000E+00 0.00000E+00 0.00000E+00 0.00000E+00 0.00000E+00 0.00000E+00 8.55183E-18 2.49974E-17
 6.73537E+01 3.71730E-17 0.00000E+00 0.00000E+00 0.00000E+00 0.00000E+00 0.00000E+00 0.00000E+00 0.00000E+00 0.00000E+00 0.00000E+00 0.00000E+00 0.00000E+00 0.00000E+00 9.60269E-18 2.72811E-17
 6.76789E+01 4.06256E-17 0.00000E+00 0.00000E+00 0.00000E+00 0.00000E+00 0.00000E+00 0.00000E+00 0.00000E+00 0.00000E+00 0.00000E+00 0.00000E+00 0.00000E+00 0.00000E+00 1.07827E-17 2.95560E-17
 6.80057E+01 4.41422E-17 0.00000E+00 0.00000E+00 0.00000E+00 0.00000E+00 0.00000E+00 0.00000E+00 0.00000E+00 0.00000E+00 0.00000E+00 0.00000E+00 0.00000E+00 0.00000E+00 1.21077E-17 3.17499E-17
 6.83341E+01 4.76025E-17 0.00000E+00 0.00000E+00 0.00000E+00 0.00000E+00 0.00000E+00 0.00000E+00 0.00000E+00 0.00000E+00 0.00000E+00 0.00000E+00 0.00000E+00 0.00000E+00 1.35140E-17 3.38059E-17
 6.86641E+01 5.09240E-17 0.00000E+00 0.00000E+00 0.00000E+00 0.00000E+00 0.00000E+00 0.00000E+00 0.00000E+00 0.00000E+00 0.00000E+00 0.00000E+00 0.00000E+00 0.00000E+00 1.50008E-17 3.56428E-17
 6.89957E+01 5.40204E-17 0.00000E+00 0.00000E+00 0.00000E+00 0.00000E+00 0.00000E+00 0.00000E+00 0.00000E+00 0.00000E+00 0.00000E+00 0.00000E+00 0.00000E+00 0.00000E+00 1.65478E-17 3.71944E-17
 6.93288E+01 5.68334E-17 0.00000E+00 0.00000E+00 0.00000E+00 0.00000E+00 0.00000E+00 0.00000E+00 0.00000E+00 0.00000E+00 0.00000E+00 0.00000E+00 0.00000E+00 0.00000E+00 1.81362E-17 3.84209E-17
 6.94960E+01 5.81065E-17 0.00000E+00 0.00000E+00 0.00000E+00 0.00000E+00 0.00000E+00 0.00000E+00 0.00000E+00 0.00000E+00 0.00000E+00 0.00000E+00 0.00000E+00 0.00000E+00 1.89294E-17 3.89019E-17
 6.96636E+01 5.92813E-17 0.00000E+00 0.00000E+00 0.00000E+00 0.00000E+00 0.00000E+00 0.00000E+00 0.00000E+00 0.00000E+00 0.00000E+00 0.00000E+00 0.00000E+00 0.00000E+00 1.97155E-17 3.92918E-17
 7.00000E+01 6.13026E-17 0.00000E+00 0.00000E+00 0.00000E+00 0.00000E+00 0.00000E+00 0.00000E+00 0.00000E+00 0.00000E+00 0.00000E+00 0.00000E+00 0.00000E+00 0.00000E+00 2.12394E-17 3.97910E-17
 7.02927E+01 6.26716E-17 0.00000E+00 0.00000E+00 0.00000E+00 0.00000E+00 0.00000E+00 0.00000E+00 0.00000E+00 0.00000E+00 0.00000E+00 0.00000E+00 0.00000E+00 0.00000E+00 2.24708E-17 3.99305E-17
 7.05866E+01 6.36662E-17 0.00000E+00 0.00000E+00 0.00000E+00 0.00000E+00 0.00000E+00 0.00000E+00 0.00000E+00 0.00000E+00 0.00000E+00 0.00000E+00 0.00000E+00 0.00000E+00 2.35839E-17 3.98137E-17
 7.08818E+01 6.42870E-17 0.00000E+00 0.00000E+00 0.00000E+00 0.00000E+00 0.00000E+00 0.00000E+00 0.00000E+00 0.00000E+00 0.00000E+00 0.00000E+00 0.00000E+00 0.00000E+00 2.45494E-17 3.94708E-17
 7.11782E+01 6.45292E-17 0.00000E+00 0.00000E+00 0.00000E+00 0.00000E+00 0.00000E+00 0.00000E+00 0.00000E+00 0.00000E+00 0.00000E+00 0.00000E+00 0.00000E+00 0.00000E+00 2.53393E-17 3.89247E-17
 7.14758E+01 6.44228E-17 0.00000E+00 0.00000E+00 0.00000E+00 0.00000E+00 0.00000E+00 0.00000E+00 0.00000E+00 0.00000E+00 0.00000E+00 0.00000E+00 0.00000E+00 0.00000E+00 2.59386E-17 3.82207E-17
 7.17747E+01 6.39744E-17 0.00000E+00 0.00000E+00 0.00000E+00 0.00000E+00 0.00000E+00 0.00000E+00 0.00000E+00 0.00000E+00 0.00000E+00 0.00000E+00 0.00000E+00 0.00000E+00 2.63381E-17 3.73744E-17
 7.20749E+01 6.32288E-17 0.00000E+00 0.00000E+00 0.00000E+00 0.00000E+00 0.00000E+00 0.00000E+00 0.00000E+00 0.00000E+00 0.00000E+00 0.00000E+00 0.00000E+00 0.00000E+00 2.65387E-17 3.64298E-17
 7.23762E+01 6.22186E-17 0.00000E+00 0.00000E+00 0.00000E+00 0.00000E+00 0.00000E+00 0.00000E+00 0.00000E+00 0.00000E+00 0.00000E+00 0.00000E+00 0.00000E+00 0.00000E+00 2.65497E-17 3.54102E-17
 7.26789E+01 6.09799E-17 0.00000E+00 0.00000E+00 0.00000E+00 0.00000E+00 0.00000E+00 0.00000E+00 0.00000E+00 0.00000E+00 0.00000E+00 0.00000E+00 0.00000E+00 0.00000E+00 2.63828E-17 3.43401E-17
 7.29828E+01 5.95638E-17 0.00000E+00 0.00000E+00 0.00000E+00 0.00000E+00 0.00000E+00 0.00000E+00 0.00000E+00 0.00000E+00 0.00000E+00 0.00000E+00 0.00000E+00 0.00000E+00 2.60681E-17 3.32402E-17
 7.32880E+01 5.80098E-17 0.00000E+00 0.00000E+00 0.00000E+00 0.00000E+00 0.00000E+00 0.00000E+00 0.00000E+00 0.00000E+00 0.00000E+00 0.00000E+00 0.00000E+00 0.00000E+00 2.56280E-17 3.21278E-17
 7.35944E+01 5.63394E-17 0.00000E+00 0.00000E+00 0.00000E+00 0.00000E+00 0.00000E+00 0.00000E+00 0.00000E+00 0.00000E+00 0.00000E+00 0.00000E+00 0.00000E+00 0.00000E+00 2.50791E-17 3.10079E-17
 7.42112E+01 5.28503E-17 0.00000E+00 0.00000E+00 0.00000E+00 0.00000E+00 0.00000E+00 0.00000E+00 0.00000E+00 0.00000E+00 0.00000E+00 0.00000E+00 0.00000E+00 0.00000E+00 2.37603E-17 2.88406E-17
 7.48331E+01 4.92921E-17 0.00000E+00 0.00000E+00 0.00000E+00 0.00000E+00 0.00000E+00 0.00000E+00 0.00000E+00 0.00000E+00 0.00000E+00 0.00000E+00 0.00000E+00 0.00000E+00 2.22762E-17 2.67694E-17
 7.73735E+01 3.66439E-17 0.00000E+00 0.00000E+00 0.00000E+00 0.00000E+00 0.00000E+00 0.00000E+00 0.00000E+00 0.00000E+00 0.00000E+00 0.00000E+00 0.00000E+00 0.00000E+00 1.65153E-17 1.98935E-17
 7.86758E+01 3.16838E-17 0.00000E+00 0.00000E+00 0.00000E+00 0.00000E+00 0.00000E+00 0.00000E+00 0.00000E+00 0.00000E+00 0.00000E+00 0.00000E+00 0.00000E+00 0.00000E+00 1.42017E-17 1.72522E-17
 8.00000E+01 2.74931E-17 0.00000E+00 0.00000E+00 0.00000E+00 0.00000E+00 0.00000E+00 0.00000E+00 0.00000E+00 0.00000E+00 0.00000E+00 0.00000E+00 0.00000E+00 0.00000E+00 1.22499E-17 1.50184E-17
 8.11865E+01 2.43403E-17 0.00000E+00 0.00000E+00 0.00000E+00 0.00000E+00 0.00000E+00 0.00000E+00 0.00000E+00 0.00000E+00 0.00000E+00 0.00000E+00 0.00000E+00 0.00000E+00 1.07915E-17 1.33283E-17
 8.23907E+01 2.16152E-17 0.00000E+00 0.00000E+00 0.00000E+00 0.00000E+00 0.00000E+00 0.00000E+00 0.00000E+00 0.00000E+00 0.00000E+00 0.00000E+00 0.00000E+00 0.00000E+00 9.54739E-18 1.18515E-17
 8.48528E+01 1.71428E-17 0.00000E+00 0.00000E+00 0.00000E+00 0.00000E+00 0.00000E+00 0.00000E+00 0.00000E+00 0.00000E+00 0.00000E+00 0.00000E+00 0.00000E+00 0.00000E+00 7.53175E-18 9.40269E-18
 9.00000E+01 1.08222E-17 0.00000E+00 0.00000E+00 0.00000E+00 0.00000E+00 0.00000E+00 0.00000E+00 0.00000E+00 0.00000E+00 0.00000E+00 0.00000E+00 0.00000E+00 0.00000E+00 4.72089E-18 5.90759E-18
 9.48683E+01 7.14737E-18 0.00000E+00 0.00000E+00 0.00000E+00 0.00000E+00 0.00000E+00 0.00000E+00 0.00000E+00 0.00000E+00 0.00000E+00 0.00000E+00 0.00000E+00 0.00000E+00 3.09894E-18 3.86643E-18
 9.74004E+01 5.80564E-18 0.00000E+00 0.00000E+00 0.00000E+00 0.00000E+00 0.00000E+00 0.00000E+00 0.00000E+00 0.00000E+00 0.00000E+00 0.00000E+00 0.00000E+00 0.00000E+00 2.51077E-18 3.11834E-18
 1.00000E+02 4.69672E-18 0.00000E+00 0.00000E+00 0.00000E+00 0.00000E+00 0.00000E+00 0.00000E+00 0.00000E+00 0.00000E+00 0.00000E+00 0.00000E+00 0.00000E+00 0.00000E+00 2.02264E-18 2.50281E-18
 1.04881E+02 3.20293E-18 0.00000E+00 0.00000E+00 0.00000E+00 0.00000E+00 0.00000E+00 0.00000E+00 0.00000E+00 0.00000E+00 0.00000E+00 0.00000E+00 0.00000E+00 0.00000E+00 1.36293E-18 1.67766E-18
 1.10000E+02 2.19198E-18 0.00000E+00 0.00000E+00 0.00000E+00 0.00000E+00 0.00000E+00 0.00000E+00 0.00000E+00 0.00000E+00 0.00000E+00 0.00000E+00 0.00000E+00 0.00000E+00 9.16512E-19 1.12155E-18
 1.13572E+02 1.70317E-18 0.00000E+00 0.00000E+00 0.00000E+00 0.00000E+00 0.00000E+00 0.00000E+00 0.00000E+00 0.00000E+00 0.00000E+00 0.00000E+00 0.00000E+00 0.00000E+00 7.00736E-19 8.53835E-19
 1.17260E+02 1.33011E-18 0.00000E+00 0.00000E+00 0.00000E+00 0.00000E+00 0.00000E+00 0.00000E+00 0.00000E+00 0.00000E+00 0.00000E+00 0.00000E+00 0.00000E+00 0.00000E+00 5.35761E-19 6.50857E-19
 1.19149E+02 1.17821E-18 0.00000E+00 0.00000E+00 0.00000E+00 0.00000E+00 0.00000E+00 0.00000E+00 0.00000E+00 0.00000E+00 0.00000E+00 0.00000E+00 0.00000E+00 0.00000E+00 4.68467E-19 5.68726E-19
 1.21068E+02 1.04693E-18 0.00000E+00 0.00000E+00 0.00000E+00 0.00000E+00 0.00000E+00 0.00000E+00 0.00000E+00 0.00000E+00 0.00000E+00 0.00000E+00 0.00000E+00 0.00000E+00 4.09625E-19 4.98702E-19
 1.23018E+02 9.31870E-19 0.00000E+00 0.00000E+00 0.00000E+00 0.00000E+00 0.00000E+00 0.00000E+00 0.00000E+00 0.00000E+00 0.00000E+00 0.00000E+00 0.00000E+00 0.00000E+00 3.58175E-19 4.37473E-19
 1.25000E+02 8.36441E-19 0.00000E+00 0.00000E+00 0.00000E+00 0.00000E+00 0.00000E+00 0.00000E+00 0.00000E+00 0.00000E+00 0.00000E+00 0.00000E+00 0.00000E+00 0.00000E+00 3.16066E-19 3.86492E-19
 1.26474E+02 7.73522E-19 0.00000E+00 0.00000E+00 0.00000E+00 0.00000E+00 0.00000E+00 0.00000E+00 0.00000E+00 0.00000E+00 0.00000E+00 0.00000E+00 0.00000E+00 0.00000E+00 2.88414E-19 3.52914E-19
 1.27965E+02 7.18757E-19 0.00000E+00 0.00000E+00 0.00000E+00 0.00000E+00 0.00000E+00 0.00000E+00 0.00000E+00 0.00000E+00 0.00000E+00 0.00000E+00 0.00000E+00 0.00000E+00 2.63180E-19 3.25037E-19
 1.29474E+02 6.68480E-19 0.00000E+00 0.00000E+00 0.00000E+00 0.00000E+00 0.00000E+00 0.00000E+00 0.00000E+00 0.00000E+00 0.00000E+00 0.00000E+00 0.00000E+00 0.00000E+00 2.40155E-19 2.99420E-19
 1.30235E+02 6.44964E-19 0.00000E+00 0.00000E+00 0.00000E+00 0.00000E+00 0.00000E+00 0.00000E+00 0.00000E+00 0.00000E+00 0.00000E+00 0.00000E+00 0.00000E+00 0.00000E+00 2.29409E-19 2.87459E-19
 1.31000E+02 6.25219E-19 0.00000E+00 0.00000E+00 0.00000E+00 0.00000E+00 0.00000E+00 0.00000E+00 0.00000E+00 0.00000E+00 0.00000E+00 0.00000E+00 0.00000E+00 0.00000E+00 2.20234E-19 2.77693E-19
 1.31000E+02 9.67836E-19 0.00000E+00 0.00000E+00 0.00000E+00 0.00000E+00 0.00000E+00 0.00000E+00 0.00000E+00 0.00000E+00 0.00000E+00 0.00000E+00 0.00000E+00 3.42618E-19 2.20234E-19 2.77693E-19
 1.33194E+02 9.22966E-19 0.00000E+00 0.00000E+00 0.00000E+00 0.00000E+00 0.00000E+00 0.00000E+00 0.00000E+00 0.00000E+00 0.00000E+00 0.00000E+00 0.00000E+00 3.49442E-19 1.96707E-19 2.51777E-19
 1.34305E+02 9.02144E-19 0.00000E+00 0.00000E+00 0.00000E+00 0.00000E+00 0.00000E+00 0.00000E+00 0.00000E+00 0.00000E+00 0.00000E+00 0.00000E+00 0.00000E+00 3.51781E-19 1.86128E-19 2.40305E-19
 1.35425E+02 8.84590E-19 0.00000E+00 0.00000E+00 0.00000E+00 0.00000E+00 0.00000E+00 0.00000E+00 0.00000E+00 0.00000E+00 0.00000E+00 0.00000E+00 0.00000E+00 3.53406E-19 1.77540E-19 2.30815E-19
 1.37694E+02 8.51506E-19 0.00000E+00 0.00000E+00 0.00000E+00 0.00000E+00 0.00000E+00 0.00000E+00 0.00000E+00 0.00000E+00 0.00000E+00 0.00000E+00 0.00000E+00 3.54211E-19 1.61535E-19 2.15104E-19
 1.40000E+02 8.26119E-19 0.00000E+00 0.00000E+00 0.00000E+00 0.00000E+00 0.00000E+00 0.00000E+00 0.00000E+00 0.00000E+00 0.00000E+00 0.00000E+00 0.00000E+00 3.53464E-19 1.50262E-19 2.03872E-19
 1.41000E+02 8.16626E-19 0.00000E+00 0.00000E+00 0.00000E+00 0.00000E+00 0.00000E+00 0.00000E+00 0.00000E+00 0.00000E+00 0.00000E+00 0.00000E+00 0.00000E+00 3.52749E-19 1.45949E-19 2.00312E-19
 1.41000E+02 9.50095E-19 0.00000E+00 0.00000E+00 0.00000E+00 0.00000E+00 0.00000E+00 0.00000E+00 0.00000E+00 0.00000E+00 0.00000E+00 0.00000E+00 1.33469E-19 3.52749E-19 1.45949E-19 2.00312E-19
 1.43198E+02 9.32964E-19 0.00000E+00 0.00000E+00 0.00000E+00 0.00000E+00 0.00000E+00 0.00000E+00 0.00000E+00 0.00000E+00 0.00000E+00 0.00000E+00 1.34934E-19 3.50591E-19 1.37397E-19 1.94355E-19
 1.45430E+02 9.19801E-19 0.00000E+00 0.00000E+00 0.00000E+00 0.00000E+00 0.00000E+00 0.00000E+00 0.00000E+00 0.00000E+00 0.00000E+00 0.00000E+00 1.34619E-19 3.47392E-19 1.32923E-19 1.91075E-19
 1.47698E+02 9.06813E-19 0.00000E+00 0.00000E+00 0.00000E+00 0.00000E+00 0.00000E+00 0.00000E+00 0.00000E+00 0.00000E+00 0.00000E+00 0.00000E+00 1.33458E-19 3.42455E-19 1.28595E-19 1.90379E-19
 1.50000E+02 8.99556E-19 0.00000E+00 0.00000E+00 0.00000E+00 0.00000E+00 0.00000E+00 0.00000E+00 0.00000E+00 0.00000E+00 0.00000E+00 0.00000E+00 1.32051E-19 3.37109E-19 1.27505E-19 1.92799E-19
 1.52918E+02 8.91690E-19 0.00000E+00 0.00000E+00 0.00000E+00 0.00000E+00 0.00000E+00 0.00000E+00 0.00000E+00 0.00000E+00 0.00000E+00 0.00000E+00 1.30047E-19 3.30589E-19 1.26917E-19 1.96275E-19
 1.54399E+02 8.89389E-19 0.00000E+00 0.00000E+00 0.00000E+00 0.00000E+00 0.00000E+00 0.00000E+00 0.00000E+00 0.00000E+00 0.00000E+00 0.00000E+00 1.28995E-19 3.27638E-19 1.27151E-19 1.98837E-19
 1.55893E+02 8.89232E-19 0.00000E+00 0.00000E+00 0.00000E+00 0.00000E+00 0.00000E+00 0.00000E+00 0.00000E+00 0.00000E+00 0.00000E+00 0.00000E+00 1.27495E-19 3.24715E-19 1.28671E-19 2.02668E-19
 1.58926E+02 8.88699E-19 0.00000E+00 0.00000E+00 0.00000E+00 0.00000E+00 0.00000E+00 0.00000E+00 0.00000E+00 0.00000E+00 0.00000E+00 0.00000E+00 1.23884E-19 3.18947E-19 1.31767E-19 2.10551E-19
 1.60465E+02 8.89706E-19 0.00000E+00 0.00000E+00 0.00000E+00 0.00000E+00 0.00000E+00 0.00000E+00 0.00000E+00 0.00000E+00 0.00000E+00 0.00000E+00 1.22052E-19 3.16502E-19 1.33663E-19 2.14989E-19
 1.62019E+02 8.92687E-19 0.00000E+00 0.00000E+00 0.00000E+00 0.00000E+00 0.00000E+00 0.00000E+00 0.00000E+00 0.00000E+00 0.00000E+00 0.00000E+00 1.20285E-19 3.14076E-19 1.36604E-19 2.20262E-19
 1.68384E+02 9.09269E-19 0.00000E+00 0.00000E+00 0.00000E+00 0.00000E+00 0.00000E+00 0.00000E+00 0.00000E+00 0.00000E+00 0.00000E+00 0.00000E+00 1.13882E-19 3.06271E-19 1.49028E-19 2.42680E-19
 1.75000E+02 9.32815E-19 0.00000E+00 0.00000E+00 0.00000E+00 0.00000E+00 0.00000E+00 0.00000E+00 0.00000E+00 0.00000E+00 0.00000E+00 0.00000E+00 1.08919E-19 3.00769E-19 1.62621E-19 2.66987E-19
 1.79336E+02 9.50508E-19 0.00000E+00 0.00000E+00 0.00000E+00 0.00000E+00 0.00000E+00 0.00000E+00 0.00000E+00 0.00000E+00 0.00000E+00 0.00000E+00 1.06399E-19 2.97926E-19 1.71957E-19 2.83090E-19
 1.83780E+02 9.70859E-19 0.00000E+00 0.00000E+00 0.00000E+00 0.00000E+00 0.00000E+00 0.00000E+00 0.00000E+00 0.00000E+00 0.00000E+00 0.00000E+00 1.04553E-19 2.95498E-19 1.81829E-19 3.00165E-19
 1.93000E+02 1.01257E-18 0.00000E+00 0.00000E+00 0.00000E+00 0.00000E+00 0.00000E+00 0.00000E+00 0.00000E+00 0.00000E+00 0.00000E+00 0.00000E+00 1.01948E-19 2.91281E-19 2.03305E-19 3.31685E-19
 1.93000E+02 1.13636E-18 0.00000E+00 0.00000E+00 0.00000E+00 0.00000E+00 0.00000E+00 0.00000E+00 0.00000E+00 0.00000E+00 0.00000E+00 1.23791E-19 1.01948E-19 2.91281E-19 2.03305E-19 3.31685E-19
 1.96469E+02 1.16023E-18 0.00000E+00 0.00000E+00 0.00000E+00 0.00000E+00 0.00000E+00 0.00000E+00 0.00000E+00 0.00000E+00 0.00000E+00 1.30988E-19 1.01334E-19 2.89767E-19 2.11735E-19 3.43622E-19
 1.98227E+02 1.17106E-18 0.00000E+00 0.00000E+00 0.00000E+00 0.00000E+00 0.00000E+00 0.00000E+00 0.00000E+00 0.00000E+00 0.00000E+00 1.33499E-19 1.01090E-19 2.88963E-19 2.15961E-19 3.49533E-19
 2.00000E+02 1.17953E-18 0.00000E+00 0.00000E+00 0.00000E+00 0.00000E+00 0.00000E+00 0.00000E+00 0.00000E+00 0.00000E+00 0.00000E+00 1.35739E-19 1.00847E-19 2.88146E-19 2.19029E-19 3.54520E-19
 2.09762E+02 1.22124E-18 0.00000E+00 0.00000E+00 0.00000E+00 0.00000E+00 0.00000E+00 0.00000E+00 0.00000E+00 0.00000E+00 0.00000E+00 1.43103E-19 9.97119E-20 2.83810E-19 2.36202E-19 3.81199E-19
 2.14820E+02 1.23864E-18 0.00000E+00 0.00000E+00 0.00000E+00 0.00000E+00 0.00000E+00 0.00000E+00 0.00000E+00 0.00000E+00 0.00000E+00 1.44291E-19 9.92418E-20 2.81667E-19 2.45286E-19 3.92875E-19
 2.17395E+02 1.24705E-18 0.00000E+00 0.00000E+00 0.00000E+00 0.00000E+00 0.00000E+00 0.00000E+00 0.00000E+00 0.00000E+00 0.00000E+00 1.44326E-19 9.90239E-20 2.80569E-19 2.49959E-19 3.98847E-19
 2.20000E+02 1.25223E-18 0.00000E+00 0.00000E+00 0.00000E+00 0.00000E+00 0.00000E+00 0.00000E+00 0.00000E+00 0.00000E+00 0.00000E+00 1.44038E-19 9.88121E-20 2.79337E-19 2.53118E-19 4.03540E-19
 2.34521E+02 1.27155E-18 0.00000E+00 0.00000E+00 0.00000E+00 0.00000E+00 0.00000E+00 0.00000E+00 0.00000E+00 0.00000E+00 0.00000E+00 1.38982E-19 9.76592E-20 2.72632E-19 2.67547E-19 4.26359E-19
 2.50000E+02 1.27952E-18 0.00000E+00 0.00000E+00 0.00000E+00 0.00000E+00 0.00000E+00 0.00000E+00 0.00000E+00 0.00000E+00 0.00000E+00 1.32355E-19 9.63724E-20 2.65182E-19 2.81570E-19 4.40347E-19
 2.73861E+02 1.26428E-18 0.00000E+00 0.00000E+00 0.00000E+00 0.00000E+00 0.00000E+00 0.00000E+00 0.00000E+00 0.00000E+00 0.00000E+00 1.24148E-19 9.41261E-20 2.52732E-19 2.88802E-19 4.47204E-19
 2.86633E+02 1.24533E-18 0.00000E+00 0.00000E+00 0.00000E+00 0.00000E+00 0.00000E+00 0.00000E+00 0.00000E+00 0.00000E+00 0.00000E+00 1.20105E-19 9.26761E-20 2.45743E-19 2.88173E-19 4.44404E-19
 3.00000E+02 1.22398E-18 0.00000E+00 0.00000E+00 0.00000E+00 0.00000E+00 0.00000E+00 0.00000E+00 0.00000E+00 0.00000E+00 0.00000E+00 1.15712E-19 9.09931E-20 2.38352E-19 2.86793E-19 4.40778E-19
 3.24037E+02 1.17082E-18 0.00000E+00 0.00000E+00 0.00000E+00 0.00000E+00 0.00000E+00 0.00000E+00 0.00000E+00 0.00000E+00 0.00000E+00 1.07577E-19 8.78173E-20 2.25435E-19 2.76941E-19 4.26369E-19
 3.50000E+02 1.10990E-18 0.00000E+00 0.00000E+00 0.00000E+00 0.00000E+00 0.00000E+00 0.00000E+00 0.00000E+00 0.00000E+00 0.00000E+00 9.93565E-20 8.41677E-20 2.11946E-19 2.66865E-19 4.05178E-19
 3.74166E+02 1.04617E-18 0.00000E+00 0.00000E+00 0.00000E+00 0.00000E+00 0.00000E+00 0.00000E+00 0.00000E+00 0.00000E+00 0.00000E+00 9.25868E-20 8.06907E-20 1.99890E-19 2.52396E-19 3.81726E-19
 4.00000E+02 9.83604E-19 0.00000E+00 0.00000E+00 0.00000E+00 0.00000E+00 0.00000E+00 0.00000E+00 0.00000E+00 0.00000E+00 0.00000E+00 8.60005E-20 7.68552E-20 1.87497E-19 2.38421E-19 3.59174E-19
 4.50000E+02 8.64128E-19 0.00000E+00 0.00000E+00 0.00000E+00 0.00000E+00 0.00000E+00 0.00000E+00 0.00000E+00 0.00000E+00 0.00000E+00 7.46372E-20 6.96896E-20 1.65907E-19 2.09572E-19 3.13854E-19
 5.00000E+02 7.57041E-19 0.00000E+00 0.00000E+00 0.00000E+00 0.00000E+00 0.00000E+00 0.00000E+00 0.00000E+00 0.00000E+00 0.00000E+00 6.52897E-20 6.31541E-20 1.47358E-19 1.82614E-19 2.72223E-19
 5.50000E+02 6.63876E-19 0.00000E+00 0.00000E+00 0.00000E+00 0.00000E+00 0.00000E+00 0.00000E+00 0.00000E+00 0.00000E+00 0.00000E+00 5.75534E-20 5.71944E-20 1.31220E-19 1.58871E-19 2.35938E-19
 6.00000E+02 5.83789E-19 0.00000E+00 0.00000E+00 0.00000E+00 0.00000E+00 0.00000E+00 0.00000E+00 0.00000E+00 0.00000E+00 0.00000E+00 5.10038E-20 5.18903E-20 1.17375E-19 1.38361E-19 2.04806E-19
 6.26000E+02 5.45768E-19 0.00000E+00 0.00000E+00 0.00000E+00 0.00000E+00 0.00000E+00 0.00000E+00 0.00000E+00 0.00000E+00 0.00000E+00 4.80225E-20 4.93704E-20 1.10933E-19 1.28461E-19 1.89882E-19
 6.26000E+02 5.81544E-19 0.00000E+00 0.00000E+00 0.00000E+00 0.00000E+00 0.00000E+00 0.00000E+00 0.00000E+00 0.00000E+00 3.57765E-20 4.80225E-20 4.93704E-20 1.10933E-19 1.28461E-19 1.89882E-19
 6.26743E+02 5.84650E-19 0.00000E+00 0.00000E+00 0.00000E+00 0.00000E+00 0.00000E+00 0.00000E+00 0.00000E+00 0.00000E+00 3.99092E-20 4.79415E-20 4.93017E-20 1.10758E-19 1.28194E-19 1.89481E-19
 6.27488E+02 5.90060E-19 0.00000E+00 0.00000E+00 0.00000E+00 0.00000E+00 0.00000E+00 0.00000E+00 0.00000E+00 0.00000E+00 4.63437E-20 4.78606E-20 4.92330E-20 1.10583E-19 1.27928E-19 1.89080E-19
 6.28233E+02 5.98889E-19 0.00000E+00 0.00000E+00 0.00000E+00 0.00000E+00 0.00000E+00 0.00000E+00 0.00000E+00 0.00000E+00 5.61956E-20 4.77799E-20 4.91645E-20 1.10409E-19 1.27663E-19 1.88680E-19
 6.28606E+02 6.04905E-19 0.00000E+00 0.00000E+00 0.00000E+00 0.00000E+00 0.00000E+00 0.00000E+00 0.00000E+00 0.00000E+00 6.27223E-20 4.77396E-20 4.91303E-20 1.10322E-19 1.27530E-19 1.88481E-19
 6.28979E+02 6.12440E-19 0.00000E+00 0.00000E+00 0.00000E+00 0.00000E+00 0.00000E+00 0.00000E+00 0.00000E+00 0.00000E+00 7.07673E-20 4.76993E-20 4.90961E-20 1.10235E-19 1.27398E-19 1.88281E-19
 6.29352E+02 6.21822E-19 0.00000E+00 0.00000E+00 0.00000E+00 0.00000E+00 0.00000E+00 0.00000E+00 0.00000E+00 0.00000E+00 8.06593E-20 4.76591E-20 4.90619E-20 1.10148E-19 1.27266E-19 1.88082E-19
 6.29726E+02 6.33047E-19 0.00000E+00 0.00000E+00 0.00000E+00 0.00000E+00 0.00000E+00 0.00000E+00 0.00000E+00 0.00000E+00 9.23930E-20 4.76189E-20 4.90278E-20 1.10061E-19 1.27134E-19 1.87883E-19
 6.30099E+02 6.46910E-19 0.00000E+00 0.00000E+00 0.00000E+00 0.00000E+00 0.00000E+00 0.00000E+00 0.00000E+00 0.00000E+00 1.06765E-19 4.75787E-20 4.89937E-20 1.09974E-19 1.27002E-19 1.87685E-19
 6.30473E+02 6.63851E-19 0.00000E+00 0.00000E+00 0.00000E+00 0.00000E+00 0.00000E+00 0.00000E+00 0.00000E+00 0.00000E+00 1.24214E-19 4.75386E-20 4.89596E-20 1.09887E-19 1.26870E-19 1.87486E-19
 6.30848E+02 6.84166E-19 0.00000E+00 0.00000E+00 0.00000E+00 0.00000E+00 0.00000E+00 0.00000E+00 0.00000E+00 0.00000E+00 1.45037E-19 4.74985E-20 4.89255E-20 1.09800E-19 1.26738E-19 1.87288E-19
 6.31222E+02 7.08778E-19 0.00000E+00 0.00000E+00 0.00000E+00 0.00000E+00 0.00000E+00 0.00000E+00 0.00000E+00 0.00000E+00 1.70157E-19 4.74584E-20 4.88914E-20 1.09714E-19 1.26607E-19 1.87090E-19
 6.31597E+02 7.38584E-19 0.00000E+00 0.00000E+00 0.00000E+00 0.00000E+00 0.00000E+00 0.00000E+00 0.00000E+00 0.00000E+00 2.00469E-19 4.74184E-20 4.88574E-20 1.09627E-19 1.26475E-19 1.86892E-19
 6.31972E+02 7.74338E-19 0.00000E+00 0.00000E+00 0.00000E+00 0.00000E+00 0.00000E+00 0.00000E+00 0.00000E+00 0.00000E+00 2.36729E-19 4.73784E-20 4.88234E-20 1.09541E-19 1.26344E-19 1.86694E-19
 6.32347E+02 8.17236E-19 0.00000E+00 0.00000E+00 0.00000E+00 0.00000E+00 0.00000E+00 0.00000E+00 0.00000E+00 0.00000E+00 2.80133E-19 4.73384E-20 4.87894E-20 1.09454E-19 1.26213E-19 1.86497E-19
 6.32722E+02 8.68883E-19 0.00000E+00 0.00000E+00 0.00000E+00 0.00000E+00 0.00000E+00 0.00000E+00 0.00000E+00 0.00000E+00 3.32285E-19 4.72985E-20 4.87554E-20 1.09368E-19 1.26082E-19 1.86299E-19
 6.33098E+02 9.30563E-19 0.00000E+00 0.00000E+00 0.00000E+00 0.00000E+00 0.00000E+00 0.00000E+00 0.00000E+00 0.00000E+00 3.94470E-19 4.72586E-20 4.87215E-20 1.09281E-19 1.25951E-19 1.86102E-19
 6.33473E+02 1.00411E-18 0.00000E+00 0.00000E+00 0.00000E+00 0.00000E+00 0.00000E+00 0.00000E+00 0.00000E+00 0.00000E+00 4.68522E-19 4.72187E-20 4.86876E-20 1.09195E-19 1.25820E-19 1.85905E-19
 6.33849E+02 1.09147E-18 0.00000E+00 0.00000E+00 0.00000E+00 0.00000E+00 0.00000E+00 0.00000E+00 0.00000E+00 0.00000E+00 5.56390E-19 4.71789E-20 4.86537E-20 1.09109E-19 1.25690E-19 1.85709E-19
 6.34225E+02 1.19532E-18 0.00000E+00 0.00000E+00 0.00000E+00 0.00000E+00 0.00000E+00 0.00000E+00 0.00000E+00 0.00000E+00 6.60736E-19 4.71391E-20 4.86198E-20 1.09023E-19 1.25559E-19 1.85512E-19
 6.34602E+02 1.31794E-18 0.00000E+00 0.00000E+00 0.00000E+00 0.00000E+00 0.00000E+00 0.00000E+00 0.00000E+00 0.00000E+00 7.83859E-19 4.70993E-20 4.85860E-20 1.08937E-19 1.25429E-19 1.85316E-19
 6.34979E+02 1.46188E-18 0.00000E+00 0.00000E+00 0.00000E+00 0.00000E+00 0.00000E+00 0.00000E+00 0.00000E+00 0.00000E+00 9.28308E-19 4.70596E-20 4.85521E-20 1.08851E-19 1.25299E-19 1.85120E-19
 6.35355E+02 1.62830E-18 0.00000E+00 0.00000E+00 0.00000E+00 0.00000E+00 0.00000E+00 0.00000E+00 0.00000E+00 0.00000E+00 1.09523E-18 4.70199E-20 4.85184E-20 1.08765E-19 1.25169E-19 1.84924E-19
 6.35733E+02 1.82155E-18 0.00000E+00 0.00000E+00 0.00000E+00 0.00000E+00 0.00000E+00 0.00000E+00 0.00000E+00 0.00000E+00 1.28898E-18 4.69802E-20 4.84846E-20 1.08679E-19 1.25039E-19 1.84729E-19
 6.36488E+02 2.28646E-18 0.00000E+00 0.00000E+00 0.00000E+00 0.00000E+00 0.00000E+00 0.00000E+00 0.00000E+00 0.00000E+00 1.75489E-18 4.69010E-20 4.84171E-20 1.08508E-19 1.24779E-19 1.84338E-19
 6.36865E+02 2.55830E-18 0.00000E+00 0.00000E+00 0.00000E+00 0.00000E+00 0.00000E+00 0.00000E+00 0.00000E+00 0.00000E+00 2.02722E-18 4.68614E-20 4.83834E-20 1.08422E-19 1.24650E-19 1.84143E-19
 6.37243E+02 2.84910E-18 0.00000E+00 0.00000E+00 0.00000E+00 0.00000E+00 0.00000E+00 0.00000E+00 0.00000E+00 0.00000E+00 2.31852E-18 4.68219E-20 4.83497E-20 1.08336E-19 1.24520E-19 1.83948E-19
 6.37622E+02 3.15728E-18 0.00000E+00 0.00000E+00 0.00000E+00 0.00000E+00 0.00000E+00 0.00000E+00 0.00000E+00 0.00000E+00 2.62720E-18 4.67824E-20 4.83161E-20 1.08251E-19 1.24391E-19 1.83754E-19
 6.38000E+02 3.47051E-18 0.00000E+00 0.00000E+00 0.00000E+00 0.00000E+00 0.00000E+00 0.00000E+00 0.00000E+00 0.00000E+00 2.94093E-18 4.67429E-20 4.82824E-20 1.08166E-19 1.24262E-19 1.83559E-19
 6.38000E+02 3.49487E-18 0.00000E+00 0.00000E+00 0.00000E+00 0.00000E+00 0.00000E+00 0.00000E+00 0.00000E+00 2.43563E-20 2.94094E-18 4.67429E-20 4.82824E-20 1.08166E-19 1.24262E-19 1.83559E-19
 6.38462E+02 3.87276E-18 0.00000E+00 0.00000E+00 0.00000E+00 0.00000E+00 0.00000E+00 0.00000E+00 0.00000E+00 2.59640E-20 3.31783E-18 4.66948E-20 4.82414E-20 1.08061E-19 1.24105E-19 1.83322E-19
 6.38925E+02 4.22327E-18 0.00000E+00 0.00000E+00 0.00000E+00 0.00000E+00 0.00000E+00 0.00000E+00 0.00000E+00 2.80869E-20 3.66683E-18 4.66467E-20 4.82004E-20 1.07957E-19 1.23947E-19 1.83086E-19
 6.39388E+02 4.52991E-18 0.00000E+00 0.00000E+00 0.00000E+00 0.00000E+00 0.00000E+00 0.00000E+00 0.00000E+00 3.08248E-20 3.97133E-18 4.65986E-20 4.81594E-20 1.07853E-19 1.23790E-19 1.82849E-19
 6.39852E+02 4.77765E-18 0.00000E+00 0.00000E+00 0.00000E+00 0.00000E+00 0.00000E+00 0.00000E+00 0.00000E+00 3.43790E-20 4.21612E-18 4.65506E-20 4.81185E-20 1.07749E-19 1.23633E-19 1.82613E-19
 6.40316E+02 4.96143E-18 0.00000E+00 0.00000E+00 0.00000E+00 0.00000E+00 0.00000E+00 0.00000E+00 0.00000E+00 3.89872E-20 4.39590E-18 4.65027E-20 4.80776E-20 1.07645E-19 1.23477E-19 1.82377E-19
 6.40780E+02 5.08165E-18 0.00000E+00 0.00000E+00 0.00000E+00 0.00000E+00 0.00000E+00 0.00000E+00 0.00000E+00 4.48099E-20 4.51090E-18 4.64548E-20 4.80367E-20 1.07542E-19 1.23320E-19 1.82142E-19
 6.41244E+02 5.14380E-18 0.00000E+00 0.00000E+00 0.00000E+00 0.00000E+00 0.00000E+00 0.00000E+00 0.00000E+00 5.23364E-20 4.56613E-18 4.64070E-20 4.79959E-20 1.07438E-19 1.23164E-19 1.81907E-19
 6.41709E+02 5.16213E-18 0.00000E+00 0.00000E+00 0.00000E+00 0.00000E+00 0.00000E+00 0.00000E+00 0.00000E+00 6.18447E-20 4.57556E-18 4.63592E-20 4.79551E-20 1.07335E-19 1.23008E-19 1.81672E-19
 6.42174E+02 5.14335E-18 0.00000E+00 0.00000E+00 0.00000E+00 0.00000E+00 0.00000E+00 0.00000E+00 0.00000E+00 7.38932E-20 4.54533E-18 4.63114E-20 4.79144E-20 1.07231E-19 1.22852E-19 1.81437E-19
 6.42639E+02 5.09911E-18 0.00000E+00 0.00000E+00 0.00000E+00 0.00000E+00 0.00000E+00 0.00000E+00 0.00000E+00 8.91238E-20 4.48646E-18 4.62637E-20 4.78736E-20 1.07128E-19 1.22696E-19 1.81203E-19
 6.43571E+02 4.98034E-18 0.00000E+00 0.00000E+00 0.00000E+00 0.00000E+00 0.00000E+00 0.00000E+00 0.00000E+00 1.32526E-19 4.32549E-18 4.61685E-20 4.77922E-20 1.06921E-19 1.22386E-19 1.80735E-19
 6.44505E+02 4.85843E-18 0.00000E+00 0.00000E+00 0.00000E+00 0.00000E+00 0.00000E+00 0.00000E+00 0.00000E+00 2.01216E-19 4.13609E-18 4.60734E-20 4.77063E-20 1.06715E-19 1.22076E-19 1.80268E-19
 6.44972E+02 4.81118E-18 0.00000E+00 0.00000E+00 0.00000E+00 0.00000E+00 0.00000E+00 0.00000E+00 0.00000E+00 2.48820E-19 4.04184E-18 4.60259E-20 4.76634E-20 1.06613E-19 1.21921E-19 1.80036E-19
 6.45439E+02 4.77898E-18 0.00000E+00 0.00000E+00 0.00000E+00 0.00000E+00 0.00000E+00 0.00000E+00 0.00000E+00 3.08320E-19 3.95074E-18 4.59785E-20 4.76206E-20 1.06505E-19 1.21766E-19 1.79803E-19
 6.45907E+02 4.76418E-18 0.00000E+00 0.00000E+00 0.00000E+00 0.00000E+00 0.00000E+00 0.00000E+00 0.00000E+00 3.82231E-19 3.86263E-18 4.59312E-20 4.75778E-20 1.06398E-19 1.21612E-19 1.79571E-19
 6.46375E+02 4.76955E-18 0.00000E+00 0.00000E+00 0.00000E+00 0.00000E+00 0.00000E+00 0.00000E+00 0.00000E+00 4.73143E-19 3.77769E-18 4.58839E-20 4.75350E-20 1.06291E-19 1.21458E-19 1.79339E-19
 6.46844E+02 4.80311E-18 0.00000E+00 0.00000E+00 0.00000E+00 0.00000E+00 0.00000E+00 0.00000E+00 0.00000E+00 5.85553E-19 3.69945E-18 4.58366E-20 4.74923E-20 1.06184E-19 1.21304E-19 1.79107E-19
 6.47313E+02 4.86154E-18 0.00000E+00 0.00000E+00 0.00000E+00 0.00000E+00 0.00000E+00 0.00000E+00 0.00000E+00 7.21219E-19 3.62282E-18 4.57894E-20 4.74496E-20 1.06077E-19 1.21150E-19 1.78876E-19
 6.47782E+02 4.95270E-18 0.00000E+00 0.00000E+00 0.00000E+00 0.00000E+00 0.00000E+00 0.00000E+00 0.00000E+00 8.83472E-19 3.55232E-18 4.57422E-20 4.74069E-20 1.05970E-19 1.20997E-19 1.78645E-19
 6.48251E+02 5.07615E-18 0.00000E+00 0.00000E+00 0.00000E+00 0.00000E+00 0.00000E+00 0.00000E+00 0.00000E+00 1.07357E-18 3.48627E-18 4.56951E-20 4.73643E-20 1.05863E-19 1.20843E-19 1.78414E-19
 6.48721E+02 5.23170E-18 0.00000E+00 0.00000E+00 0.00000E+00 0.00000E+00 0.00000E+00 0.00000E+00 0.00000E+00 1.29093E-18 3.42507E-18 4.56481E-20 4.73217E-20 1.05756E-19 1.20690E-19 1.78184E-19
 6.49191E+02 5.41377E-18 0.00000E+00 0.00000E+00 0.00000E+00 0.00000E+00 0.00000E+00 0.00000E+00 0.00000E+00 1.53168E-18 3.36698E-18 4.56011E-20 4.72792E-20 1.05650E-19 1.20537E-19 1.77954E-19
 6.50133E+02 5.82360E-18 0.00000E+00 0.00000E+00 0.00000E+00 0.00000E+00 0.00000E+00 0.00000E+00 0.00000E+00 2.04921E-18 3.26048E-18 4.55070E-20 4.71942E-20 1.05437E-19 1.20232E-19 1.77495E-19
 6.50604E+02 6.02320E-18 0.00000E+00 0.00000E+00 0.00000E+00 0.00000E+00 0.00000E+00 0.00000E+00 0.00000E+00 2.29939E-18 3.21050E-18 4.54591E-20 4.71518E-20 1.05331E-19 1.20080E-19 1.77265E-19
 6.51076E+02 6.20271E-18 0.00000E+00 0.00000E+00 0.00000E+00 0.00000E+00 0.00000E+00 0.00000E+00 0.00000E+00 2.52463E-18 3.16537E-18 4.54113E-20 4.71094E-20 1.05225E-19 1.19928E-19 1.77036E-19
 6.51547E+02 6.34501E-18 0.00000E+00 0.00000E+00 0.00000E+00 0.00000E+00 0.00000E+00 0.00000E+00 0.00000E+00 2.71172E-18 3.12117E-18 4.53635E-20 4.70670E-20 1.05119E-19 1.19776E-19 1.76808E-19
 6.52020E+02 6.44547E-18 0.00000E+00 0.00000E+00 0.00000E+00 0.00000E+00 0.00000E+00 0.00000E+00 0.00000E+00 2.85423E-18 3.07972E-18 4.53158E-20 4.70247E-20 1.05013E-19 1.19624E-19 1.76579E-19
 6.52492E+02 6.50139E-18 0.00000E+00 0.00000E+00 0.00000E+00 0.00000E+00 0.00000E+00 0.00000E+00 0.00000E+00 2.95034E-18 3.04012E-18 4.52682E-20 4.69825E-20 1.04907E-19 1.19472E-19 1.76351E-19
 6.52965E+02 6.51521E-18 0.00000E+00 0.00000E+00 0.00000E+00 0.00000E+00 0.00000E+00 0.00000E+00 0.00000E+00 3.00304E-18 3.00184E-18 4.52206E-20 4.69402E-20 1.04802E-19 1.19321E-19 1.76124E-19
 6.53438E+02 6.49420E-18 0.00000E+00 0.00000E+00 0.00000E+00 0.00000E+00 0.00000E+00 0.00000E+00 0.00000E+00 3.01859E-18 2.96588E-18 4.51730E-20 4.68980E-20 1.04696E-19 1.19170E-19 1.75896E-19
 6.53912E+02 6.44418E-18 0.00000E+00 0.00000E+00 0.00000E+00 0.00000E+00 0.00000E+00 0.00000E+00 0.00000E+00 3.00469E-18 2.93035E-18 4.51255E-20 4.68559E-20 1.04591E-19 1.19019E-19 1.75669E-19
 6.54386E+02 6.37563E-18 0.00000E+00 0.00000E+00 0.00000E+00 0.00000E+00 0.00000E+00 0.00000E+00 0.00000E+00 2.96907E-18 2.89801E-18 4.50780E-20 4.68137E-20 1.04485E-19 1.18868E-19 1.75442E-19
 6.54860E+02 6.29244E-18 0.00000E+00 0.00000E+00 0.00000E+00 0.00000E+00 0.00000E+00 0.00000E+00 0.00000E+00 2.91842E-18 2.86606E-18 4.50306E-20 4.67716E-20 1.04380E-19 1.18717E-19 1.75216E-19
 6.56761E+02 5.91219E-18 0.00000E+00 0.00000E+00 0.00000E+00 0.00000E+00 0.00000E+00 0.00000E+00 0.00000E+00 2.66156E-18 2.74502E-18 4.48415E-20 4.66037E-20 1.03960E-19 1.18117E-19 1.74312E-19
 6.58667E+02 5.56169E-18 0.00000E+00 0.00000E+00 0.00000E+00 0.00000E+00 0.00000E+00 0.00000E+00 0.00000E+00 2.42211E-18 2.63632E-18 4.46531E-20 4.64363E-20 1.03542E-19 1.17519E-19 1.73414E-19
 6.60579E+02 5.27163E-18 0.00000E+00 0.00000E+00 0.00000E+00 0.00000E+00 0.00000E+00 0.00000E+00 0.00000E+00 2.23376E-18 2.53695E-18 4.44656E-20 4.62696E-20 1.03125E-19 1.16924E-19 1.72520E-19
 6.62496E+02 5.03292E-18 0.00000E+00 0.00000E+00 0.00000E+00 0.00000E+00 0.00000E+00 0.00000E+00 0.00000E+00 2.08843E-18 2.44590E-18 4.42788E-20 4.61034E-20 1.02710E-19 1.16333E-19 1.71630E-19
 6.64419E+02 4.83124E-18 0.00000E+00 0.00000E+00 0.00000E+00 0.00000E+00 0.00000E+00 0.00000E+00 0.00000E+00 1.97307E-18 2.36189E-18 4.40928E-20 4.59378E-20 1.02297E-19 1.15744E-19 1.70745E-19
 6.66347E+02 4.65811E-18 0.00000E+00 0.00000E+00 0.00000E+00 0.00000E+00 0.00000E+00 0.00000E+00 0.00000E+00 1.87794E-18 2.28620E-18 4.39076E-20 4.57729E-20 1.01885E-19 1.15159E-19 1.69865E-19
 6.68281E+02 4.50177E-18 0.00000E+00 0.00000E+00 0.00000E+00 0.00000E+00 0.00000E+00 0.00000E+00 0.00000E+00 1.79521E-18 2.21488E-18 4.37232E-20 4.56085E-20 1.01476E-19 1.14576E-19 1.68989E-19
 6.70221E+02 4.35954E-18 0.00000E+00 0.00000E+00 0.00000E+00 0.00000E+00 0.00000E+00 0.00000E+00 0.00000E+00 1.72161E-18 2.14854E-18 4.35396E-20 4.54447E-20 1.01067E-19 1.13996E-19 1.68118E-19
 6.72166E+02 4.23266E-18 0.00000E+00 0.00000E+00 0.00000E+00 0.00000E+00 0.00000E+00 0.00000E+00 0.00000E+00 1.65606E-18 2.08947E-18 4.33567E-20 4.52815E-20 1.00661E-19 1.13420E-19 1.67251E-19
 6.74117E+02 4.11428E-18 0.00000E+00 0.00000E+00 0.00000E+00 0.00000E+00 0.00000E+00 0.00000E+00 0.00000E+00 1.59348E-18 2.03594E-18 4.31746E-20 4.51189E-20 1.00256E-19 1.12846E-19 1.66389E-19
 6.76074E+02 4.00773E-18 0.00000E+00 0.00000E+00 0.00000E+00 0.00000E+00 0.00000E+00 0.00000E+00 0.00000E+00 1.53718E-18 1.98794E-18 4.29932E-20 4.49569E-20 9.98523E-20 1.12275E-19 1.65531E-19
 6.80004E+02 3.82365E-18 0.00000E+00 0.00000E+00 0.00000E+00 0.00000E+00 0.00000E+00 0.00000E+00 0.00000E+00 1.43924E-18 1.90627E-18 4.26328E-20 4.46346E-20 9.90505E-20 1.11142E-19 1.63829E-19
 6.81977E+02 3.74247E-18 0.00000E+00 0.00000E+00 0.00000E+00 0.00000E+00 0.00000E+00 0.00000E+00 0.00000E+00 1.39518E-18 1.87137E-18 4.24538E-20 4.44743E-20 9.86520E-20 1.10579E-19 1.62984E-19
 6.83957E+02 3.67040E-18 0.00000E+00 0.00000E+00 0.00000E+00 0.00000E+00 0.00000E+00 0.00000E+00 0.00000E+00 1.35620E-18 1.84048E-18 4.22754E-20 4.43146E-20 9.82551E-20 1.10020E-19 1.62144E-19
 6.87933E+02 3.54423E-18 0.00000E+00 0.00000E+00 0.00000E+00 0.00000E+00 0.00000E+00 0.00000E+00 0.00000E+00 1.28941E-18 1.78548E-18 4.19211E-20 4.39968E-20 9.74660E-20 1.08910E-19 1.60476E-19
 6.91932E+02 3.44152E-18 0.00000E+00 0.00000E+00 0.00000E+00 0.00000E+00 0.00000E+00 0.00000E+00 0.00000E+00 1.23610E-18 1.74043E-18 4.15696E-20 4.36814E-20 9.66834E-20 1.07810E-19 1.58826E-19
 6.95954E+02 3.35510E-18 0.00000E+00 0.00000E+00 0.00000E+00 0.00000E+00 0.00000E+00 0.00000E+00 0.00000E+00 1.19232E-18 1.70210E-18 4.12212E-20 4.33665E-20 9.59070E-20 1.06722E-19 1.57192E-19
 7.00000E+02 3.28221E-18 0.00000E+00 0.00000E+00 0.00000E+00 0.00000E+00 0.00000E+00 0.00000E+00 0.00000E+00 1.15719E-18 1.66875E-18 4.08756E-20 4.30405E-20 9.51158E-20 1.05597E-19 1.55500E-19
 7.05866E+02 3.19077E-18 0.00000E+00 0.00000E+00 0.00000E+00 0.00000E+00 0.00000E+00 0.00000E+00 0.00000E+00 1.11736E-18 1.62364E-18 4.03710E-20 4.25755E-20 9.39790E-20 1.03924E-19 1.52996E-19
 7.11782E+02 3.10865E-18 0.00000E+00 0.00000E+00 0.00000E+00 0.00000E+00 0.00000E+00 0.00000E+00 0.00000E+00 1.08393E-18 1.58136E-18 3.98665E-20 4.21155E-20 9.28557E-20 1.02277E-19 1.50533E-19
 7.23762E+02 2.96251E-18 0.00000E+00 0.00000E+00 0.00000E+00 0.00000E+00 0.00000E+00 0.00000E+00 0.00000E+00 1.02775E-18 1.50392E-18 3.88764E-20 4.12104E-20 9.06494E-20 9.90619E-20 1.45724E-19
 7.35944E+02 2.83087E-18 0.00000E+00 0.00000E+00 0.00000E+00 0.00000E+00 0.00000E+00 0.00000E+00 0.00000E+00 9.77628E-19 1.43458E-18 3.79109E-20 4.03248E-20 8.84954E-20 9.59474E-20 1.41068E-19
 7.48331E+02 2.71435E-18 0.00000E+00 0.00000E+00 0.00000E+00 0.00000E+00 0.00000E+00 0.00000E+00 0.00000E+00 9.32896E-19 1.37463E-18 3.69694E-20 3.94482E-20 8.63801E-20 9.29308E-20 1.36561E-19
 7.60927E+02 2.61260E-18 0.00000E+00 0.00000E+00 0.00000E+00 0.00000E+00 0.00000E+00 0.00000E+00 0.00000E+00 8.94409E-19 1.32293E-18 3.60513E-20 3.85738E-20 8.42782E-20 9.00091E-20 1.32199E-19
 7.73735E+02 2.52149E-18 0.00000E+00 0.00000E+00 0.00000E+00 0.00000E+00 0.00000E+00 0.00000E+00 0.00000E+00 8.61336E-19 1.27611E-18 3.51559E-20 3.77188E-20 8.22275E-20 8.71792E-20 1.27975E-19
 8.00000E+02 2.35204E-18 0.00000E+00 0.00000E+00 0.00000E+00 0.00000E+00 0.00000E+00 0.00000E+00 0.00000E+00 8.02297E-19 1.18726E-18 3.34314E-20 3.60568E-20 7.82627E-20 8.17560E-20 1.19886E-19
 8.81000E+02 1.91079E-18 0.00000E+00 0.00000E+00 0.00000E+00 0.00000E+00 0.00000E+00 0.00000E+00 0.00000E+00 6.49164E-19 9.57483E-19 2.87941E-20 3.14907E-20 6.75102E-20 6.70661E-20 9.80699E-20
 8.81000E+02 2.13692E-18 0.00000E+00 0.00000E+00 0.00000E+00 0.00000E+00 0.00000E+00 0.00000E+00 2.26131E-19 6.49164E-19 9.57483E-19 2.87941E-20 3.14907E-20 6.75102E-20 6.70661E-20 9.80699E-20
 8.81588E+02 2.16108E-18 0.00000E+00 0.00000E+00 0.00000E+00 0.00000E+00 0.00000E+00 0.00000E+00 2.53019E-19 6.48220E-19 9.56068E-19 2.87644E-20 3.14607E-20 6.74402E-20 6.69744E-20 9.79338E-20
 8.82176E+02 2.17953E-18 0.00000E+00 0.00000E+00 0.00000E+00 0.00000E+00 0.00000E+00 0.00000E+00 2.74198E-19 6.47277E-19 9.54656E-19 2.87347E-20 3.14308E-20 6.73702E-20 6.68827E-20 9.77979E-20
 8.82764E+02 2.19235E-18 0.00000E+00 0.00000E+00 0.00000E+00 0.00000E+00 0.00000E+00 0.00000E+00 2.89730E-19 6.46336E-19 9.53246E-19 2.87050E-20 3.14008E-20 6.73003E-20 6.67912E-20 9.76622E-20
 8.83353E+02 2.20050E-18 0.00000E+00 0.00000E+00 0.00000E+00 0.00000E+00 0.00000E+00 0.00000E+00 3.00598E-19 6.45396E-19 9.51837E-19 2.86754E-20 3.13709E-20 6.72305E-20 6.66998E-20 9.75267E-20
 8.84532E+02 2.20575E-18 0.00000E+00 0.00000E+00 0.00000E+00 0.00000E+00 0.00000E+00 0.00000E+00 3.11273E-19 6.43520E-19 9.49027E-19 2.86162E-20 3.13112E-20 6.70912E-20 6.65174E-20 9.72562E-20
 8.85712E+02 2.20184E-18 0.00000E+00 0.00000E+00 0.00000E+00 0.00000E+00 0.00000E+00 0.00000E+00 3.12766E-19 6.41649E-19 9.46225E-19 2.85571E-20 3.12516E-20 6.69521E-20 6.63355E-20 9.69864E-20
 8.90449E+02 2.16188E-18 0.00000E+00 0.00000E+00 0.00000E+00 0.00000E+00 0.00000E+00 0.00000E+00 2.94272E-19 6.34222E-19 9.35100E-19 2.83221E-20 3.10142E-20 6.63985E-20 6.56128E-20 9.59149E-20
 9.00000E+02 2.09595E-18 0.00000E+00 0.00000E+00 0.00000E+00 0.00000E+00 0.00000E+00 0.00000E+00 2.71187E-19 6.19388E-19 9.12887E-19 2.78578E-20 3.05367E-20 6.52949E-20 6.41766E-20 9.37848E-20
 9.09111E+02 2.05014E-18 0.00000E+00 0.00000E+00 0.00000E+00 0.00000E+00 0.00000E+00 0.00000E+00 2.66207E-19 6.05291E-19 8.91697E-19 2.74166E-20 3.00841E-20 6.42499E-20 6.27969E-20 9.17424E-20
 9.18314E+02 2.01115E-18 0.00000E+00 0.00000E+00 0.00000E+00 0.00000E+00 0.00000E+00 0.00000E+00 2.67123E-19 5.91515E-19 8.70999E-19 2.69798E-20 2.96383E-20 6.32216E-20 6.14469E-20 8.97445E-20
 9.37000E+02 1.93366E-18 0.00000E+00 0.00000E+00 0.00000E+00 0.00000E+00 0.00000E+00 0.00000E+00 2.66772E-19 5.64895E-19 8.31033E-19 2.61269E-20 2.87663E-20 6.12141E-20 5.88333E-20 8.58782E-20
 9.37000E+02 2.02654E-18 0.00000E+00 0.00000E+00 0.00000E+00 0.00000E+00 0.00000E+00 9.28873E-20 2.66772E-19 5.64895E-19 8.31033E-19 2.61269E-20 2.87663E-20 6.12141E-20 5.88333E-20 8.58782E-20
 9.37953E+02 2.03892E-18 0.00000E+00 0.00000E+00 0.00000E+00 0.00000E+00 0.00000E+00 1.09294E-19 2.66543E-19 5.63584E-19 8.29066E-19 2.60845E-20 2.87229E-20 6.11145E-20 5.87044E-20 8.56875E-20
 9.38907E+02 2.04493E-18 0.00000E+00 0.00000E+00 0.00000E+00 0.00000E+00 0.00000E+00 1.19332E-19 2.66314E-19 5.62276E-19 8.27102E-19 2.60423E-20 2.86797E-20 6.10150E-20 5.85757E-20 8.54973E-20
 9.40819E+02 2.04357E-18 0.00000E+00 0.00000E+00 0.00000E+00 0.00000E+00 0.00000E+00 1.25984E-19 2.65856E-19 5.59668E-19 8.23190E-19 2.59580E-20 2.85934E-20 6.08166E-20 5.83193E-20 8.51181E-20
 9.44653E+02 2.02205E-18 0.00000E+00 0.00000E+00 0.00000E+00 0.00000E+00 0.00000E+00 1.20628E-19 2.64709E-19 5.54490E-19 8.15420E-19 2.57902E-20 2.84215E-20 6.04217E-20 5.78097E-20 8.43647E-20
 9.52368E+02 1.97975E-18 0.00000E+00 0.00000E+00 0.00000E+00 0.00000E+00 0.00000E+00 1.10758E-19 2.62190E-19 5.44104E-19 7.99968E-19 2.54578E-20 2.80808E-20 5.96395E-20 5.68040E-20 8.28778E-20
 9.60146E+02 1.94392E-18 0.00000E+00 0.00000E+00 0.00000E+00 0.00000E+00 0.00000E+00 1.06916E-19 2.59613E-19 5.33895E-19 7.84789E-19 2.51297E-20 2.77442E-20 5.88675E-20 5.58157E-20 8.14171E-20
 9.67988E+02 1.91282E-18 0.00000E+00 0.00000E+00 0.00000E+00 0.00000E+00 0.00000E+00 1.06842E-19 2.57449E-19 5.23878E-19 7.69898E-19 2.48058E-20 2.74117E-20 5.81054E-20 5.48447E-20 7.99822E-20
 1.00000E+03 1.79431E-18 0.00000E+00 0.00000E+00 0.00000E+00 0.00000E+00 0.00000E+00 1.07132E-19 2.49261E-19 4.85515E-19 7.12893E-19 2.35516E-20 2.61137E-20 5.51451E-20 5.11171E-20 7.44763E-20
 1.07800E+03 1.53231E-18 0.00000E+00 0.00000E+00 0.00000E+00 0.00000E+00 0.00000E+00 1.00388E-19 2.27319E-19 4.04960E-19 5.92917E-19 2.08548E-20 2.32548E-20 4.86906E-20 4.31591E-20 6.27512E-20
 1.07800E+03 1.59484E-18 0.00000E+00 0.00000E+00 0.00000E+00 0.00000E+00 6.25280E-20 1.00388E-19 2.27319E-19 4.04960E-19 5.92917E-19 2.08548E-20 2.32548E-20 4.86906E-20 4.31591E-20 6.27512E-20
 1.08894E+03 1.57047E-18 0.00000E+00 0.00000E+00 0.00000E+00 0.00000E+00 7.03727E-20 9.93501E-20 2.24461E-19 3.95199E-19 5.78403E-19 2.05163E-20 2.28950E-20 4.78822E-20 4.21879E-20 6.13220E-20
 1.10000E+03 1.54143E-18 0.00000E+00 0.00000E+00 0.00000E+00 0.00000E+00 7.31407E-20 9.82421E-20 2.21638E-19 3.85584E-19 5.64134E-19 2.01833E-20 2.25361E-20 4.70812E-20 4.12320E-20 5.99150E-20
 1.17260E+03 1.34578E-18 0.00000E+00 0.00000E+00 0.00000E+00 0.00000E+00 6.74541E-20 9.16482E-20 2.03345E-19 3.28727E-19 4.79970E-19 1.81558E-20 2.03508E-20 4.22225E-20 3.54932E-20 5.14878E-20
 1.25000E+03 1.17150E-18 0.00000E+00 0.00000E+00 0.00000E+00 0.00000E+00 6.21243E-20 8.48962E-20 1.85953E-19 2.78822E-19 4.06250E-19 1.63308E-20 1.83391E-20 3.77911E-20 3.05487E-20 4.42388E-20
 1.40000E+03 9.10980E-19 0.00000E+00 0.00000E+00 0.00000E+00 0.00000E+00 5.32901E-20 7.33099E-20 1.56911E-19 2.06465E-19 2.99808E-19 1.34864E-20 1.51589E-20 3.08737E-20 2.31625E-20 3.34410E-20
 1.50000E+03 7.79032E-19 0.00000E+00 0.00000E+00 0.00000E+00 0.00000E+00 4.83539E-20 6.65551E-20 1.40594E-19 1.70998E-19 2.47850E-19 1.19844E-20 1.34546E-20 2.72176E-20 1.94763E-20 2.80683E-20
 1.62019E+03 6.52473E-19 0.00000E+00 0.00000E+00 0.00000E+00 0.00000E+00 4.32478E-20 5.93700E-20 1.23798E-19 1.37956E-19 1.99526E-19 1.04826E-20 1.17411E-20 2.35732E-20 1.59513E-20 2.29414E-20
 1.75000E+03 5.45302E-19 0.00000E+00 0.00000E+00 0.00000E+00 0.00000E+00 3.85550E-20 5.26053E-20 1.08380E-19 1.10844E-19 1.59996E-19 9.16875E-21 1.02149E-20 2.03578E-20 1.30628E-20 1.87488E-20
 2.00000E+03 3.97575E-19 0.00000E+00 0.00000E+00 0.00000E+00 0.00000E+00 3.13383E-20 4.21154E-20 8.51047E-20 7.51886E-20 1.08152E-19 7.24007E-21 7.96853E-21 1.56860E-20 9.12043E-21 1.30441E-20
 2.20000E+03 3.16227E-19 0.00000E+00 0.00000E+00 0.00000E+00 0.00000E+00 2.68940E-20 3.55842E-20 7.10024E-20 5.66242E-20 8.12448E-20 6.10475E-21 6.63981E-21 1.29569E-20 7.00535E-21 9.99410E-21
 2.50000E+03 2.31746E-19 0.00000E+00 0.00000E+00 0.00000E+00 0.00000E+00 2.17636E-20 2.80683E-20 5.51325E-20 3.84059E-20 5.49185E-20 4.84217E-21 5.16293E-21 9.96114E-21 4.87213E-21 6.92681E-21
 3.00000E+03 1.47695E-19 0.00000E+00 0.00000E+00 0.00000E+00 0.00000E+00 1.59147E-20 1.96014E-20 3.77155E-20 2.17226E-20 3.09116E-20 3.46217E-21 3.55821E-21 6.75653E-21 2.84981E-21 4.03159E-21
 3.50000E+03 1.00332E-19 0.00000E+00 0.00000E+00 0.00000E+00 0.00000E+00 1.21012E-20 1.42252E-20 2.69319E-20 1.32263E-20 1.87413E-20 2.59499E-21 2.56523E-21 4.80707E-21 1.78078E-21 2.50836E-21
 4.00000E+03 7.14903E-20 0.00000E+00 0.00000E+00 0.00000E+00 0.00000E+00 9.48817E-21 1.06466E-20 1.98876E-20 8.51758E-21 1.20233E-20 2.01396E-21 1.91380E-21 3.54595E-21 1.17068E-21 1.64262E-21
 4.50000E+03 5.28639E-20 0.00000E+00 0.00000E+00 0.00000E+00 0.00000E+00 7.62082E-21 8.17207E-21 1.50924E-20 5.73275E-21 8.06454E-21 1.60553E-21 1.46705E-21 2.69122E-21 8.01279E-22 1.12034E-21
 4.56300E+03 5.09937E-20 0.00000E+00 0.00000E+00 0.00000E+00 0.00000E+00 7.42383E-21 7.91485E-21 1.45983E-20 5.46689E-21 7.68733E-21 1.56262E-21 1.42061E-21 2.60299E-21 7.65499E-22 1.06985E-21
 4.56300E+03 1.35389E-19 0.00000E+00 0.00000E+00 0.00000E+00 8.43954E-20 7.42383E-21 7.91485E-21 1.45983E-20 5.46689E-21 7.68733E-21 1.56262E-21 1.42061E-21 2.60299E-21 7.65499E-22 1.06985E-21
 4.56747E+03 1.71205E-19 0.00000E+00 0.00000E+00 0.00000E+00 1.20341E-19 7.41006E-21 7.89697E-21 1.45640E-20 5.44864E-21 7.66144E-21 1.55964E-21 1.41740E-21 2.59689E-21 7.63041E-22 1.06639E-21
 4.57194E+03 1.63800E-19 0.00000E+00 0.00000E+00 0.00000E+00 1.13064E-19 7.39633E-21 7.87913E-21 1.45298E-20 5.43046E-21 7.63565E-21 1.55667E-21 1.41420E-21 2.59080E-21 7.60591E-22 1.06293E-21
 4.57642E+03 1.56828E-19 0.00000E+00 0.00000E+00 0.00000E+00 1.06221E-19 7.38262E-21 7.86134E-21 1.44956E-20 5.41233E-21 7.60994E-21 1.55370E-21 1.41100E-21 2.58473E-21 7.58148E-22 1.05948E-21
 4.58090E+03 1.53028E-19 0.00000E+00 0.00000E+00 0.00000E+00 1.02549E-19 7.36893E-21 7.84358E-21 1.44615E-20 5.39427E-21 7.58432E-21 1.55074E-21 1.40781E-21 2.57867E-21 7.55714E-22 1.05605E-21
 4.58539E+03 1.51388E-19 0.00000E+00 0.00000E+00 0.00000E+00 1.01037E-19 7.35527E-21 7.82586E-21 1.44275E-20 5.37627E-21 7.55878E-21 1.54779E-21 1.40462E-21 2.57263E-21 7.53287E-22 1.05263E-21
 4.58988E+03 1.51079E-19 0.00000E+00 0.00000E+00 0.00000E+00 1.00856E-19 7.34164E-21 7.80819E-21 1.43936E-20 5.35832E-21 7.53333E-21 1.54484E-21 1.40144E-21 2.56660E-21 7.50868E-22 1.04922E-21
 4.59887E+03 1.52069E-19 0.00000E+00 0.00000E+00 0.00000E+00 1.02101E-19 7.31444E-21 7.77295E-21 1.43260E-20 5.32261E-21 7.48268E-21 1.53895E-21 1.39511E-21 2.55458E-21 7.46054E-22 1.04243E-21
 4.60788E+03 1.53094E-19 0.00000E+00 0.00000E+00 0.00000E+00 1.03378E-19 7.28735E-21 7.73788E-21 1.42587E-20 5.28714E-21 7.43238E-21 1.53309E-21 1.38881E-21 2.54261E-21 7.41270E-22 1.03568E-21
 4.61691E+03 1.53348E-19 0.00000E+00 0.00000E+00 0.00000E+00 1.03884E-19 7.26035E-21 7.70296E-21 1.41917E-20 5.25191E-21 7.38242E-21 1.52725E-21 1.38253E-21 2.53071E-21 7.36517E-22 1.02898E-21
 4.63503E+03 1.51977E-19 0.00000E+00 0.00000E+00 0.00000E+00 1.03012E-19 7.20667E-21 7.63360E-21 1.40587E-20 5.18214E-21 7.28349E-21 1.51564E-21 1.37007E-21 2.50706E-21 7.27103E-22 1.01570E-21
 4.70819E+03 1.46603E-19 0.00000E+00 0.00000E+00 0.00000E+00 9.95834E-20 6.99586E-21 7.36235E-21 1.35390E-20 4.91222E-21 6.90087E-21 1.47007E-21 1.32132E-21 2.41467E-21 6.90632E-22 9.64290E-22
 4.85800E+03 1.35261E-19 0.00000E+00 0.00000E+00 0.00000E+00 9.18919E-20 6.59257E-21 6.84843E-21 1.25565E-20 4.41383E-21 6.19487E-21 1.38300E-21 1.22896E-21 2.23996E-21 6.23088E-22 8.69144E-22
 4.85800E+03 1.76076E-19 0.00000E+00 0.00000E+00 4.08149E-20 9.18919E-20 6.59257E-21 6.84843E-21 1.25565E-20 4.41383E-21 6.19487E-21 1.38300E-21 1.22896E-21 2.23996E-21 6.23088E-22 8.69144E-22
 4.86238E+03 1.91712E-19 0.00000E+00 0.00000E+00 5.67694E-20 9.16736E-20 6.58132E-21 6.83420E-21 1.25293E-20 4.40027E-21 6.17568E-21 1.38058E-21 1.22640E-21 2.23513E-21 6.21247E-22 8.66553E-22
 4.86676E+03 1.87451E-19 0.00000E+00 0.00000E+00 5.28264E-20 9.14559E-20 6.57010E-21 6.82000E-21 1.25022E-20 4.38676E-21 6.15655E-21 1.37816E-21 1.22385E-21 2.23031E-21 6.19412E-22 8.63969E-22
 4.87114E+03 1.83768E-19 0.00000E+00 0.00000E+00 4.94609E-20 9.12387E-20 6.55890E-21 6.80583E-21 1.24752E-20 4.37329E-21 6.13748E-21 1.37574E-21 1.22131E-21 2.22551E-21 6.17582E-22 8.61393E-22
 4.87553E+03 1.81668E-19 0.00000E+00 0.00000E+00 4.76774E-20 9.10220E-20 6.54771E-21 6.79169E-21 1.24482E-20 4.35987E-21 6.11847E-21 1.37333E-21 1.21876E-21 2.22071E-21 6.15758E-22 8.58825E-22
 4.87992E+03 1.80622E-19 0.00000E+00 0.00000E+00 4.69466E-20 9.08058E-20 6.53655E-21 6.77758E-21 1.24213E-20 4.34648E-21 6.09952E-21 1.37092E-21 1.21623E-21 2.21592E-21 6.13939E-22 8.56264E-22
 4.88431E+03 1.80219E-19 0.00000E+00 0.00000E+00 4.68587E-20 9.05901E-20 6.52540E-21 6.76349E-21 1.23944E-20 4.33313E-21 6.08063E-21 1.36852E-21 1.21370E-21 2.21114E-21 6.12125E-22 8.53711E-22
 4.89312E+03 1.80201E-19 0.00000E+00 0.00000E+00 4.74680E-20 9.01603E-20 6.50317E-21 6.73542E-21 1.23408E-20 4.30657E-21 6.04302E-21 1.36372E-21 1.20865E-21 2.20161E-21 6.08514E-22 8.48628E-22
 4.90194E+03 1.80234E-19 0.00000E+00 0.00000E+00 4.81240E-20 8.97346E-20 6.48101E-21 6.70746E-21 1.22875E-20 4.28016E-21 6.00564E-21 1.35894E-21 1.20363E-21 2.19213E-21 6.04925E-22 8.43575E-22
 4.91077E+03 1.79889E-19 0.00000E+00 0.00000E+00 4.83986E-20 8.93110E-20 6.45892E-21 6.67961E-21 1.22344E-20 4.25392E-21 5.96849E-21 1.35418E-21 1.19863E-21 2.18269E-21 6.01356E-22 8.38552E-22
 4.92849E+03 1.78330E-19 0.00000E+00 0.00000E+00 4.80695E-20 8.84699E-20 6.41498E-21 6.62427E-21 1.21289E-20 4.20191E-21 5.89489E-21 1.34471E-21 1.18868E-21 2.16392E-21 5.94282E-22 8.28596E-22
 5.00000E+03 1.72279E-19 0.00000E+00 0.00000E+00 4.68236E-20 8.51837E-20 6.24218E-21 6.40745E-21 1.17159E-20 4.00005E-21 5.60927E-21 1.30748E-21 1.14967E-21 2.09039E-21 5.66795E-22 7.89920E-22
 5.19500E+03 1.55929E-19 0.00000E+00 0.00000E+00 4.25009E-20 7.69786E-20 5.80003E-21 5.85356E-21 1.06649E-20 3.50376E-21 4.90747E-21 1.21247E-21 1.05028E-21 1.90349E-21 4.98728E-22 6.94220E-22
 5.19500E+03 1.76416E-19 0.00000E+00 2.04870E-20 4.25009E-20 7.69786E-20 5.80003E-21 5.85356E-21 1.06649E-20 3.50376E-21 4.90747E-21 1.21247E-21 1.05028E-21 1.90349E-21 4.98728E-22 6.94220E-22
 5.19963E+03 1.77601E-19 0.00000E+00 2.20340E-20 4.24051E-20 7.67970E-20 5.79009E-21 5.84123E-21 1.06415E-20 3.49297E-21 4.89221E-21 1.21034E-21 1.04806E-21 1.89934E-21 4.97243E-22 6.92134E-22
 5.20427E+03 1.78175E-19 0.00000E+00 2.29690E-20 4.23094E-20 7.66160E-20 5.78017E-21 5.82892E-21 1.06182E-20 3.48220E-21 4.87699E-21 1.20822E-21 1.04586E-21 1.89520E-21 4.95763E-22 6.90054E-22
 5.21356E+03 1.78618E-19 0.00000E+00 2.41310E-20 4.21188E-20 7.62551E-20 5.76038E-21 5.80439E-21 1.05718E-20 3.46077E-21 4.84671E-21 1.20398E-21 1.04146E-21 1.88694E-21 4.92816E-22 6.85914E-22
 5.22286E+03 1.78279E-19 0.00000E+00 2.45080E-20 4.19291E-20 7.58959E-20 5.74066E-21 5.77995E-21 1.05255E-20 3.43947E-21 4.81662E-21 1.19975E-21 1.03708E-21 1.87872E-21 4.89887E-22 6.81798E-22
 5.23218E+03 1.77492E-19 0.00000E+00 2.44340E-20 4.17402E-20 7.55384E-20 5.72101E-21 5.75562E-21 1.04794E-20 3.41831E-21 4.78671E-21 1.19554E-21 1.03272E-21 1.87054E-21 4.86975E-22 6.77708E-22
 5.26963E+03 1.74043E-19 0.00000E+00 2.38238E-20 4.09862E-20 7.41104E-20 5.64307E-21 5.65933E-21 1.02972E-20 3.33493E-21 4.66892E-21 1.17884E-21 1.01546E-21 1.83817E-21 4.75499E-22 6.61588E-22
 5.34533E+03 1.68046E-19 0.00000E+00 2.33881E-20 3.95124E-20 7.12999E-20 5.49036E-21 5.47153E-21 9.94220E-21 3.17424E-21 4.44197E-21 1.14615E-21 9.81800E-22 1.77509E-21 4.53352E-22 6.30491E-22
 5.50000E+03 1.56488E-19 0.00000E+00 2.23365E-20 3.67219E-20 6.59946E-20 5.19722E-21 5.11444E-21 9.26848E-21 2.87563E-21 4.02053E-21 1.08345E-21 9.17756E-22 1.65531E-21 4.12098E-22 5.72601E-22
 6.00000E+03 1.25474E-19 0.00000E+00 1.93182E-20 2.92061E-20 5.19103E-20 4.38698E-21 4.14536E-21 7.45223E-21 2.11964E-21 2.95523E-21 9.10926E-22 7.44190E-22 1.33241E-21 3.06696E-22 4.24939E-22
 7.00000E+03 8.43112E-20 0.00000E+00 1.47206E-20 1.92403E-20 3.36640E-20 3.23214E-21 2.82990E-21 5.01645E-21 1.22423E-21 1.69826E-21 6.67015E-22 5.08757E-22 8.98998E-22 1.79935E-22 2.48007E-22
 8.00000E+03 5.94979E-20 0.00000E+00 1.15157E-20 1.33055E-20 2.29693E-20 2.46797E-21 2.01382E-21 3.52661E-21 7.54439E-22 1.04159E-21 5.06912E-22 3.62691E-22 6.33556E-22 1.12275E-22 1.54015E-22
 9.00000E+03 4.36047E-20 0.00000E+00 9.21115E-21 9.55113E-21 1.62955E-20 1.93753E-21 1.48119E-21 2.56631E-21 4.88941E-22 6.72187E-22 3.96543E-22 2.67298E-22 4.62138E-22 7.35353E-23 1.00433E-22
 1.00000E+04 3.29385E-20 0.00000E+00 7.50215E-21 7.06540E-21 1.19312E-20 1.55537E-21 1.11917E-21 1.92047E-21 3.30010E-22 4.51853E-22 3.17469E-22 2.02391E-22 3.46668E-22 5.00805E-23 6.81207E-23
 1.10000E+04 2.55082E-20 0.00000E+00 6.20380E-21 5.35908E-21 8.96679E-21 1.27163E-21 8.64770E-22 1.47092E-21 2.30317E-22 3.14143E-22 2.59019E-22 1.56713E-22 2.66141E-22 3.52234E-23 4.77283E-23
 1.25000E+04 1.80574E-20 0.00000E+00 4.77735E-21 3.67981E-21 6.08162E-21 9.66643E-22 6.08019E-22 1.02195E-21 1.41331E-22 1.91751E-22 1.96460E-22 1.10529E-22 1.85529E-22 2.18266E-23 2.94171E-23
 1.40000E+04 1.32646E-20 0.00000E+00 3.76738E-21 2.62460E-21 4.29033E-21 7.55027E-22 4.42345E-22 7.35537E-22 9.11928E-23 1.23101E-22 1.53219E-22 8.06411E-23 1.33935E-22 1.41939E-23 1.90339E-23
 1.50000E+04 1.09835E-20 0.00000E+00 3.25179E-21 2.13220E-21 3.46218E-21 6.48407E-22 3.63524E-22 6.00459E-22 6.96832E-23 9.37678E-23 1.31481E-22 6.63855E-23 1.09538E-22 1.08932E-23 1.45616E-23
 1.75000E+04 7.18776E-21 0.00000E+00 2.32426E-21 1.33332E-21 2.13224E-21 4.59128E-22 2.32876E-22 3.78892E-22 3.79790E-23 5.07304E-23 9.29724E-23 4.26877E-23 6.93898E-23 5.98945E-24 7.94703E-24
 2.00000E+04 4.96621E-21 0.00000E+00 1.72473E-21 8.82818E-22 1.39288E-21 3.38575E-22 1.57212E-22 2.52358E-22 2.23155E-23 2.96060E-23 6.84966E-23 2.89055E-23 4.63629E-23 3.54276E-24 4.66852E-24
 2.20000E+04 3.80943E-21 0.00000E+00 1.38823E-21 6.55756E-22 1.02456E-21 2.71562E-22 1.18304E-22 1.88047E-22 1.52191E-23 2.00878E-23 5.49091E-23 2.17972E-23 3.46209E-23 2.42663E-24 3.18132E-24
 2.50000E+04 2.66506E-21 0.00000E+00 1.03221E-21 4.38469E-22 6.75922E-22 2.01183E-22 8.04095E-23 1.26092E-22 9.07348E-24 1.18904E-23 4.06559E-23 1.48548E-23 2.32781E-23 1.45461E-24 1.89326E-24
 3.00000E+04 1.59650E-21 0.00000E+00 6.69726E-22 2.45311E-22 3.70704E-22 1.30083E-22 4.59473E-23 7.06223E-23 4.30945E-24 5.58537E-24 2.62743E-23 8.51916E-24 1.30855E-23 6.95777E-25 8.95663E-25
 3.31760E+04 1.20067E-21 0.00000E+00 5.24487E-22 1.77391E-22 2.65009E-22 1.01760E-22 3.35747E-23 5.10123E-23 2.84741E-24 3.66625E-24 2.05507E-23 6.23669E-24 9.46949E-24 4.61303E-25 5.89972E-25
 3.31760E+04 6.33383E-21 5.13316E-21 5.24487E-22 1.77391E-22 2.65009E-22 1.01760E-22 3.35747E-23 5.10123E-23 2.84741E-24 3.66625E-24 2.05507E-23 6.23669E-24 9.46949E-24 4.61303E-25 5.89972E-25
 3.32038E+04 7.36886E-21 6.17101E-21 5.23422E-22 1.76913E-22 2.64271E-22 1.01553E-22 3.34873E-23 5.08746E-23 2.83762E-24 3.65344E-24 2.05088E-23 6.22055E-24 9.44407E-24 4.59730E-25 5.87929E-25
 3.32315E+04 7.27396E-21 6.07894E-21 5.22359E-22 1.76437E-22 2.63535E-22 1.01346E-22 3.34001E-23 5.07373E-23 2.82786E-24 3.64068E-24 2.04670E-23 6.20445E-24 9.41872E-24 4.58163E-25 5.85893E-25
 3.32593E+04 7.26648E-21 6.07428E-21 5.21299E-22 1.75963E-22 2.62801E-22 1.01139E-22 3.33131E-23 5.06003E-23 2.81814E-24 3.62797E-24 2.04252E-23 6.18839E-24 9.39344E-24 4.56601E-25 5.83863E-25
 3.32872E+04 7.28136E-21 6.09197E-21 5.20241E-22 1.75489E-22 2.62069E-22 1.00933E-22 3.32263E-23 5.04637E-23 2.80845E-24 3.61530E-24 2.03836E-23 6.17237E-24 9.36823E-24 4.55044E-25 5.81841E-25
 3.33987E+04 7.21563E-21 6.03741E-21 5.16030E-22 1.73608E-22 2.59161E-22 1.00112E-22 3.28816E-23 4.99209E-23 2.77003E-24 3.56506E-24 2.02178E-23 6.10871E-24 9.26805E-24 4.48870E-25 5.73822E-25
 3.36229E+04 7.09550E-21 5.93930E-21 5.07709E-22 1.69907E-22 2.53441E-22 9.84910E-23 3.22029E-23 4.88529E-23 2.69476E-24 3.46666E-24 1.98902E-23 5.98336E-24 9.07089E-24 4.36771E-25 5.58114E-25
 3.40758E+04 6.86566E-21 5.75226E-21 4.91468E-22 1.62739E-22 2.42379E-22 9.53268E-23 3.08871E-23 4.67849E-23 2.55029E-24 3.27794E-24 1.92509E-23 5.74031E-24 8.68907E-24 4.13544E-25 5.27976E-25
 3.50000E+04 6.40146E-21 5.36884E-21 4.60528E-22 1.49297E-22 2.21681E-22 8.93000E-23 2.84147E-23 4.29077E-23 2.28417E-24 2.93075E-24 1.80333E-23 5.28341E-24 7.97293E-24 3.70729E-25 4.72494E-25
 4.00000E+04 4.51034E-21 3.80359E-21 3.30881E-22 9.67479E-23 1.41410E-22 6.41142E-23 1.86469E-23 2.77113E-23 1.31378E-24 1.67054E-24 1.29467E-23 3.47511E-24 5.16099E-24 2.14144E-25 2.70438E-25
 4.50000E+04 3.29749E-21 2.79228E-21 2.46059E-22 6.58301E-23 9.48388E-23 4.76689E-23 1.28163E-23 1.87709E-23 8.05379E-25 1.01544E-24 9.62634E-24 2.39307E-24 3.50253E-24 1.31698E-25 1.64920E-25
 5.00000E+04 2.48363E-21 2.10982E-21 1.88134E-22 4.65727E-23 6.62055E-23 3.64507E-23 9.14315E-24 1.32117E-23 5.19417E-25 6.49709E-25 7.36160E-24 1.70984E-24 2.46903E-24 8.51582E-26 1.05810E-25
 5.50000E+04 1.91712E-21 1.63268E-21 1.47176E-22 3.40157E-23 4.77588E-23 2.85234E-23 6.72469E-24 9.59605E-24 3.49140E-25 4.33639E-25 5.76127E-24 1.25929E-24 1.79572E-24 5.73752E-26 7.07698E-26
 6.00000E+04 1.51060E-21 1.28908E-21 1.17370E-22 2.55121E-23 3.54072E-23 2.27558E-23 5.07420E-24 7.15616E-24 2.43003E-25 2.99696E-25 4.59693E-24 9.51288E-25 1.34065E-24 4.00014E-26 4.90084E-26
 7.00000E+04 9.86161E-22 8.44091E-22 7.82295E-23 1.53051E-23 2.07946E-23 1.51819E-23 3.07386E-24 4.24293E-24 1.27917E-25 1.55840E-25 3.06776E-24 5.77374E-25 7.96360E-25 2.11194E-26 2.55602E-26
 8.00000E+04 6.78949E-22 5.82363E-22 5.47995E-23 9.82368E-24 1.30939E-23 1.06458E-23 1.98787E-24 2.69146E-24 7.34768E-26 8.85676E-26 2.15176E-24 3.73946E-25 5.05902E-25 1.21591E-26 1.45581E-26
 9.00000E+04 4.87243E-22 4.18571E-22 3.99057E-23 6.64269E-24 8.70193E-24 7.76031E-24 1.35245E-24 1.79931E-24 4.51408E-26 5.39077E-26 1.56894E-24 2.54716E-25 3.38603E-25 7.48377E-27 8.87594E-27
 1.00000E+05 3.61510E-22 3.10917E-22 2.99808E-23 4.68233E-24 6.03730E-24 5.83592E-24 9.58149E-25 1.25446E-24 2.92595E-26 3.46407E-26 1.18016E-24 1.80633E-25 2.36299E-25 4.85686E-27 5.71182E-27
 1.10000E+05 2.75661E-22 2.37293E-22 2.31101E-23 3.41453E-24 4.33856E-24 4.50257E-24 7.01621E-25 9.05159E-25 1.97975E-26 2.32655E-26 9.10727E-25 1.32385E-25 1.70643E-25 3.29054E-27 3.84129E-27
 1.25000E+05 1.91387E-22 1.64912E-22 1.62671E-23 2.23858E-24 2.78840E-24 3.17326E-24 4.62362E-25 5.84652E-25 1.17644E-26 1.36974E-26 6.42040E-25 8.73288E-26 1.10330E-25 1.95822E-27 2.26484E-27
 1.40000E+05 1.38391E-22 1.19332E-22 1.18978E-23 1.54226E-24 1.88734E-24 2.32349E-24 3.19882E-25 3.97318E-25 7.44594E-27 8.60351E-27 4.70229E-25 6.04674E-26 7.50378E-26 1.24096E-27 1.42382E-27
 1.50000E+05 1.13588E-22 9.79815E-23 9.83009E-24 1.23058E-24 1.48972E-24 1.92095E-24 2.55835E-25 3.14318E-25 5.64876E-27 6.49558E-27 3.88823E-25 4.83838E-26 5.93907E-26 9.41689E-28 1.07610E-27
 1.75000E+05 7.30862E-23 6.30871E-23 6.41243E-24 7.45827E-25 8.81477E-25 1.25488E-24 1.55783E-25 1.86831E-25 3.06556E-27 3.49582E-27 2.54087E-25 2.94901E-26 3.53341E-26 5.11742E-28 5.79815E-28
 2.00000E+05 4.99473E-23 4.31337E-23 4.42970E-24 4.85642E-25 5.62553E-25 8.67884E-25 1.01812E-25 1.19646E-25 1.81974E-27 2.06447E-27 1.75777E-25 1.92870E-26 2.26436E-26 3.04083E-28 3.42781E-28
 2.20000E+05 3.81148E-23 3.29242E-23 3.40416E-24 3.58727E-25 4.09825E-25 6.67483E-25 7.53793E-26 8.73593E-26 1.26017E-27 1.42725E-27 1.35213E-25 1.42868E-26 1.65406E-26 2.10814E-28 2.37090E-28
 2.50000E+05 2.65908E-23 2.29766E-23 2.39538E-24 2.40189E-25 2.69616E-25 4.70143E-25 5.06085E-26 5.76212E-26 7.76110E-28 8.78444E-28 9.52595E-26 9.59740E-27 1.09160E-26 1.29905E-28 1.46018E-28
 3.00000E+05 1.60256E-23 1.38526E-23 1.45896E-24 1.37092E-25 1.50515E-25 2.86705E-25 2.89868E-26 3.22696E-26 3.95175E-28 4.49040E-28 5.81082E-26 5.50098E-27 6.11721E-27 6.62053E-29 7.47396E-29
 3.50000E+05 1.05364E-23 9.11028E-24 9.66343E-25 8.63872E-26 9.33835E-26 1.90065E-25 1.83097E-26 2.00650E-26 2.27141E-28 2.60491E-28 3.85294E-26 3.47646E-27 3.80527E-27 3.80869E-29 4.33918E-29
 4.00000E+05 7.38746E-24 6.38921E-24 6.81139E-25 5.85044E-26 6.25869E-26 1.34053E-25 1.24221E-26 1.34676E-26 1.42481E-28 1.65549E-28 2.71788E-26 2.35937E-27 2.55498E-27 2.39050E-29 2.75860E-29
 4.50000E+05 5.44140E-24 4.70728E-24 5.03642E-25 4.18410E-26 4.44664E-26 9.91641E-26 8.89753E-27 9.57989E-27 9.55429E-29 1.12728E-28 2.01074E-26 1.69036E-27 1.81788E-27 1.60351E-29 1.87873E-29
 5.00000E+05 4.16677E-24 3.60548E-24 3.86750E-25 3.12344E-26 3.30667E-26 7.61733E-26 6.64858E-27 7.13053E-27 6.75218E-29 8.09235E-29 1.54468E-26 1.26350E-27 1.35329E-27 1.13222E-29 1.34855E-29
 5.50000E+05 3.29210E-24 2.84931E-24 3.06196E-25 2.41313E-26 2.55023E-26 6.03211E-26 5.14093E-27 5.50230E-27 4.96215E-29 6.05218E-29 1.22329E-26 9.77095E-28 1.04447E-27 8.33435E-30 1.00975E-29
 6.00000E+05 2.66854E-24 2.31015E-24 2.48575E-25 1.91711E-26 2.02574E-26 4.89769E-26 4.08657E-27 4.37299E-27 3.77998E-29 4.69153E-29 9.93272E-27 7.76863E-28 8.30125E-28 6.34366E-30 7.82060E-30
 7.00000E+05 1.86266E-24 1.61322E-24 1.73836E-25 1.29224E-26 1.36938E-26 3.42568E-26 2.75787E-27 2.95839E-27 2.37022E-29 3.04464E-29 6.94772E-27 5.24383E-28 5.61679E-28 3.97643E-30 5.07581E-30
 8.00000E+05 1.38245E-24 1.19781E-24 1.29141E-25 9.31615E-27 9.92310E-27 2.54502E-26 1.98979E-27 2.14461E-27 1.60923E-29 2.13643E-29 5.16173E-27 3.78370E-28 4.07245E-28 2.70309E-30 3.56552E-30
 9.00000E+05 1.07376E-24 9.30703E-25 1.00345E-25 7.06032E-27 7.56677E-27 1.97749E-26 1.50841E-27 1.63579E-27 1.15907E-29 1.58859E-29 4.01068E-27 2.86888E-28 3.10617E-28 1.94967E-30 2.65209E-30
 1.00000E+06 8.63451E-25 7.48668E-25 8.06976E-26 5.55866E-27 5.99630E-27 1.59021E-26 1.18820E-27 1.29647E-27 8.76787E-30 1.23485E-29 3.22520E-27 2.25972E-28 2.46213E-28 1.47136E-30 2.05995E-30
 1.10000E+06 7.13457E-25 6.18802E-25 6.66722E-26 4.50978E-27 4.89618E-27 1.31373E-26 9.64262E-28 1.05888E-27 6.84717E-30 9.90771E-30 2.66442E-27 1.83417E-28 2.01087E-28 1.15187E-30 1.65393E-30
 1.25000E+06 5.57424E-25 4.83661E-25 5.20727E-26 3.44395E-27 3.77255E-27 1.02593E-26 7.36771E-28 8.15946E-28 5.00814E-30 7.49134E-30 2.08070E-27 1.40140E-28 1.54965E-28 8.40894E-31 1.24945E-30
 1.40000E+06 4.51621E-25 3.91988E-25 4.21697E-26 2.73967E-27 3.02456E-27 8.30734E-27 5.86100E-28 6.54213E-28 3.82625E-30 5.90328E-30 1.68476E-27 1.11505E-28 1.24240E-28 6.43609E-31 9.86159E-31
 1.50000E+06 3.98745E-25 3.46159E-25 3.72207E-26 2.39434E-27 2.65543E-27 7.33177E-27 5.12264E-28 5.74329E-28 3.27768E-30 5.14118E-30 1.48690E-27 9.74490E-29 1.09079E-28 5.50319E-31 8.58116E-31
 1.75000E+06 3.04712E-25 2.64630E-25 2.84211E-26 1.79293E-27 2.00746E-27 5.59734E-27 3.83654E-28 4.34197E-28 2.34230E-30 3.81779E-30 1.13511E-27 7.29878E-29 8.24589E-29 3.93963E-31 6.37470E-31
 2.00000E+06 2.43712E-25 2.11717E-25 2.27150E-26 1.41303E-27 1.59363E-27 4.47285E-27 3.02414E-28 3.44692E-28 1.78592E-30 2.99496E-30 9.07037E-28 5.75378E-29 6.54629E-29 3.00005E-31 4.99841E-31
 2.20000E+06 2.08857E-25 1.81456E-25 1.94556E-26 1.21022E-27 1.36485E-27 3.82895E-27 2.58875E-28 2.95064E-28 1.52874E-30 2.56367E-30 7.76374E-28 4.92489E-29 5.60323E-29 2.56783E-31 4.27829E-31
 2.50000E+06 1.70836E-25 1.48440E-25 1.59040E-26 9.89246E-28 1.11558E-27 3.12787E-27 2.11470E-28 2.41030E-28 1.24874E-30 2.09411E-30 6.34130E-28 4.02254E-29 4.57658E-29 2.09732E-31 3.49436E-31
 3.00000E+06 1.29680E-25 1.12697E-25 1.20626E-26 7.50259E-28 8.46020E-28 2.37035E-27 1.60251E-28 1.82650E-28 9.46235E-31 1.58681E-30 4.80468E-28 3.04777E-29 3.46755E-29 1.58906E-31 2.64754E-31
 3.50000E+06 1.03660E-25 9.00969E-26 9.63440E-27 5.99205E-28 6.75655E-28 1.89201E-27 1.27910E-28 1.45787E-28 7.55237E-31 1.26651E-30 3.83459E-28 2.43240E-29 2.76741E-29 1.26819E-31 2.11295E-31
 4.00000E+06 8.60730E-26 7.48447E-26 7.97693E-27 4.96102E-28 5.59377E-28 1.56576E-27 1.05852E-28 1.20645E-28 6.24977E-31 1.04807E-30 3.17305E-28 2.01275E-29 2.28996E-29 1.04939E-31 1.74839E-31
 4.50000E+06 7.33385E-26 6.37940E-26 6.78132E-27 4.21733E-28 4.75509E-28 1.33057E-27 8.99514E-29 1.02522E-28 5.31080E-31 8.90604E-31 2.69621E-28 1.71027E-29 1.94582E-29 8.91678E-32 1.48563E-31
 5.00000E+06 6.37332E-26 5.54546E-26 5.88231E-27 3.65814E-28 4.12451E-28 1.15382E-27 7.80014E-29 8.89014E-29 4.60516E-31 7.72271E-31 2.33789E-28 1.48298E-29 1.68722E-29 7.73169E-32 1.28818E-31
 5.50000E+06 5.62539E-26 4.89583E-26 5.18408E-27 3.22386E-28 3.63480E-28 1.01660E-27 6.87245E-29 7.83278E-29 4.05739E-31 6.80410E-31 2.05975E-28 1.30654E-29 1.48648E-29 6.81177E-32 1.13491E-31
 6.00000E+06 5.02795E-26 4.37674E-26 4.62757E-27 2.87774E-28 3.24450E-28 9.07272E-28 6.13332E-29 6.99035E-29 3.62096E-31 6.07223E-31 1.83815E-28 1.16597E-29 1.32656E-29 6.07890E-32 1.01281E-31
 7.00000E+06 4.13623E-26 3.60165E-26 3.79910E-27 2.36248E-28 2.66350E-28 7.44588E-28 5.03350E-29 5.73681E-29 2.97158E-31 4.98323E-31 1.50844E-28 9.56829E-30 1.08861E-29 4.98847E-32 8.31132E-32
 8.00000E+06 3.50504E-26 3.05276E-26 3.21437E-27 1.99882E-28 2.25347E-28 6.29822E-28 4.25763E-29 4.85252E-29 2.51349E-31 4.21504E-31 1.27587E-28 8.09302E-30 9.20762E-30 4.21931E-32 7.02982E-32
 9.00000E+06 3.03634E-26 2.64504E-26 2.78116E-27 1.72941E-28 1.94970E-28 5.44826E-28 3.68303E-29 4.19763E-29 2.17425E-31 3.64613E-31 1.10364E-28 7.00054E-30 7.96467E-30 3.64973E-32 6.08083E-32
 1.00000E+07 2.67540E-26 2.33096E-26 2.44815E-27 1.52231E-28 1.71621E-28 4.79511E-28 3.24148E-29 3.69437E-29 1.91356E-31 3.20897E-31 9.71300E-29 6.16107E-30 7.00958E-30 3.21205E-32 5.35162E-32
 1.10000E+07 2.38937E-26 2.08202E-26 2.18465E-27 1.35845E-28 1.53145E-28 4.27841E-28 2.89219E-29 3.29627E-29 1.70734E-31 2.86315E-31 8.66614E-29 5.49702E-30 6.25408E-30 2.86585E-32 4.77481E-32
 1.25000E+07 2.05721E-26 1.79285E-26 1.87910E-27 1.16844E-28 1.31723E-28 3.67943E-28 2.48726E-29 2.83477E-29 1.46829E-31 2.46226E-31 7.45261E-29 4.72726E-30 5.37830E-30 2.46453E-32 4.10617E-32
 1.40000E+07 1.80473E-26 1.57300E-26 1.64721E-27 1.02424E-28 1.15466E-28 3.22494E-28 2.18002E-29 2.48460E-29 1.28691E-31 2.15809E-31 6.53187E-29 4.14322E-30 4.71382E-30 2.16004E-32 3.59885E-32
 1.50000E+07 1.66771E-26 1.45367E-26 1.52149E-27 9.46063E-29 1.06652E-28 2.97860E-28 2.01349E-29 2.29480E-29 1.18859E-31 1.99322E-31 6.03282E-29 3.82667E-30 4.35367E-30 1.99500E-32 3.32388E-32
 1.75000E+07 1.40068E-26 1.22107E-26 1.27676E-27 7.93882E-29 8.94953E-29 2.49913E-28 1.68937E-29 1.92539E-29 9.97250E-32 1.67234E-31 5.06155E-29 3.21058E-30 3.65274E-30 1.67380E-32 2.78873E-32
 2.00000E+07 1.20657E-26 1.05196E-26 1.09910E-27 6.83409E-29 7.70409E-29 2.15114E-28 1.45413E-29 1.65728E-29 8.58380E-32 1.43947E-31 4.35666E-29 2.76346E-30 3.14404E-30 1.44070E-32 2.40036E-32
 2.20000E+07 1.08581E-26 9.46736E-27 9.88689E-28 6.14751E-29 6.93007E-29 1.93490E-28 1.30795E-29 1.49068E-29 7.72087E-32 1.29476E-31 3.91866E-29 2.48563E-30 2.82795E-30 1.29585E-32 2.15903E-32
 2.50000E+07 9.43769E-27 8.22949E-27 8.58916E-28 5.34056E-29 6.02037E-29 1.68079E-28 1.13618E-29 1.29490E-29 6.70682E-32 1.12470E-31 3.40395E-29 2.15914E-30 2.45650E-30 1.12564E-32 1.87544E-32
 3.00000E+07 7.74429E-27 6.75351E-27 7.04362E-28 4.37955E-29 4.93699E-29 1.37820E-28 9.31631E-30 1.06178E-29 5.49936E-32 9.22217E-32 2.79109E-29 1.77040E-30 2.01422E-30 9.22974E-33 1.53777E-32
 3.50000E+07 6.56370E-27 5.72435E-27 5.96718E-28 3.71022E-29 4.18244E-29 1.16749E-28 7.89193E-30 8.99443E-30 4.65853E-32 7.81215E-32 2.36433E-29 1.49970E-30 1.70624E-30 7.81847E-33 1.30264E-32
 4.00000E+07 5.69423E-27 4.96632E-27 5.17499E-28 3.21765E-29 3.62716E-29 1.01244E-28 6.84381E-30 7.79989E-30 4.03982E-32 6.77460E-32 2.05030E-29 1.30051E-30 1.47962E-30 6.78003E-33 1.12962E-32
 4.50000E+07 5.02751E-27 4.38500E-27 4.56786E-28 2.84015E-29 3.20160E-29 8.93620E-29 6.04062E-30 6.88449E-30 3.56570E-32 5.97951E-32 1.80967E-29 1.14788E-30 1.30596E-30 5.98427E-33 9.97042E-33
 5.00000E+07 4.50016E-27 3.92517E-27 4.08787E-28 2.54169E-29 2.86516E-29 7.99689E-29 5.40567E-30 6.16083E-30 3.19089E-32 5.35097E-32 1.61943E-29 1.02721E-30 1.16868E-30 5.35520E-33 8.92233E-33
 5.50000E+07 4.07270E-27 3.55243E-27 3.69893E-28 2.29986E-29 2.59255E-29 7.23583E-29 4.89121E-30 5.57450E-30 2.88720E-32 4.84170E-32 1.46530E-29 9.29446E-31 1.05745E-30 4.84551E-33 8.07314E-33
 6.00000E+07 3.71926E-27 3.24420E-27 3.37744E-28 2.09996E-29 2.36720E-29 6.60675E-29 4.46597E-30 5.08985E-30 2.63618E-32 4.42076E-32 1.33791E-29 8.48637E-31 9.65509E-31 4.42422E-33 7.37122E-33
 7.00000E+07 3.16894E-27 2.76427E-27 2.87704E-28 1.78883E-29 2.01647E-29 5.62769E-29 3.80415E-30 4.33558E-30 2.24552E-32 3.76563E-32 1.13963E-29 7.22870E-31 8.22422E-31 3.76856E-33 6.27882E-33
 8.00000E+07 2.76031E-27 2.40788E-27 2.50562E-28 1.55790E-29 1.75614E-29 4.90103E-29 3.31295E-30 3.77575E-30 1.95557E-32 3.27939E-32 9.92473E-30 6.29527E-31 7.16224E-31 3.28193E-33 5.46804E-33
 9.00000E+07 2.44493E-27 2.13281E-27 2.21905E-28 1.37971E-29 1.55528E-29 4.34039E-29 2.93397E-30 3.34383E-30 1.73186E-32 2.90425E-32 8.78938E-30 5.57512E-31 6.34291E-31 2.90649E-33 4.84252E-33
 1.00000E+08 2.19417E-27 1.91410E-27 1.99125E-28 1.23807E-29 1.39562E-29 3.89475E-29 2.63273E-30 3.00051E-30 1.55404E-32 2.60606E-32 7.88691E-30 5.00268E-31 5.69164E-31 2.60806E-33 4.34530E-33
 1.10000E+08 1.99004E-27 1.73604E-27 1.80583E-28 1.12279E-29 1.26566E-29 3.53204E-29 2.38754E-30 2.72107E-30 1.40931E-32 2.36335E-32 7.15239E-30 4.53677E-31 5.16156E-31 2.36516E-33 3.94061E-33
 1.25000E+08 1.74629E-27 1.52343E-27 1.58448E-28 9.85163E-30 1.11052E-29 3.09905E-29 2.09486E-30 2.38750E-30 1.23654E-32 2.07363E-32 6.27556E-30 3.98060E-31 4.52879E-31 2.07521E-33 3.45752E-33
 1.40000E+08 1.55572E-27 1.35720E-27 1.41145E-28 8.77578E-30 9.89247E-30 2.76058E-29 1.86606E-30 2.12674E-30 1.10149E-32 1.84715E-32 5.59015E-30 3.54584E-31 4.03416E-31 1.84856E-33 3.07989E-33
 1.50000E+08 1.45020E-27 1.26515E-27 1.31566E-28 8.18018E-30 9.22107E-30 2.57320E-29 1.73940E-30 1.98238E-30 1.02673E-32 1.72177E-32 5.21070E-30 3.30515E-31 3.76033E-31 1.72308E-33 2.87084E-33
 1.75000E+08 1.23993E-27 1.08173E-27 1.12480E-28 6.99347E-30 7.88335E-30 2.19987E-29 1.48704E-30 1.69477E-30 8.77763E-33 1.47197E-32 4.45470E-30 2.82562E-31 3.21476E-31 1.47308E-33 2.45431E-33
 2.00000E+08 1.08291E-27 9.44749E-28 9.82281E-29 6.10737E-30 6.88450E-30 1.92112E-29 1.29861E-30 1.48002E-30 7.66539E-33 1.28545E-32 3.89023E-30 2.46757E-31 2.80740E-31 1.28642E-33 2.14332E-33
 2.20000E+08 9.83281E-28 8.57839E-28 8.91874E-29 5.54526E-30 6.25086E-30 1.74429E-29 1.17908E-30 1.34379E-30 6.95983E-33 1.16713E-32 3.53215E-30 2.24044E-31 2.54899E-31 1.16801E-33 1.94603E-33
 2.50000E+08 8.64040E-28 7.53817E-28 7.83677E-29 4.87254E-30 5.49253E-30 1.53267E-29 1.03603E-30 1.18076E-30 6.11544E-33 1.02553E-32 3.10361E-30 1.96862E-31 2.23974E-31 1.02630E-33 1.70993E-33
 3.00000E+08 7.18761E-28 6.27077E-28 6.51868E-29 4.05301E-30 4.56872E-30 1.27487E-29 8.61771E-31 9.82155E-31 5.08681E-33 8.53033E-33 2.58157E-30 1.63749E-31 1.86300E-31 8.53676E-34 1.42231E-33
 3.50000E+08 6.15301E-28 5.36818E-28 5.58011E-29 3.46945E-30 3.91090E-30 1.09131E-29 7.37686E-31 8.40735E-31 4.35436E-33 7.30206E-33 2.20985E-30 1.40171E-31 1.59475E-31 7.30755E-34 1.21752E-33
 4.00000E+08 5.37876E-28 4.69271E-28 4.87778E-29 3.03277E-30 3.41866E-30 9.53945E-30 6.44834E-31 7.34913E-31 3.80628E-33 6.38296E-33 1.93170E-30 1.22528E-31 1.39402E-31 6.38776E-34 1.06427E-33
 4.50000E+08 4.77758E-28 4.16822E-28 4.33247E-29 2.69372E-30 3.03647E-30 8.47296E-30 5.72743E-31 6.52751E-31 3.38075E-33 5.66935E-33 1.71574E-30 1.08829E-31 1.23817E-31 5.67361E-34 9.45283E-34
 5.00000E+08 4.29726E-28 3.74918E-28 3.89682E-29 2.42286E-30 2.73114E-30 7.62094E-30 5.15149E-31 5.87112E-31 3.04079E-33 5.09925E-33 1.54321E-30 9.78857E-32 1.11366E-31 5.10308E-34 8.50227E-34
 5.50000E+08 3.90470E-28 3.40670E-28 3.54078E-29 2.20149E-30 2.48160E-30 6.92461E-30 4.68080E-31 5.33467E-31 2.76295E-33 4.63333E-33 1.40220E-30 8.89418E-32 1.01191E-31 4.63681E-34 7.72541E-34
 6.00000E+08 3.57786E-28 3.12154E-28 3.24435E-29 2.01718E-30 2.27384E-30 6.34487E-30 4.28892E-31 4.88805E-31 2.53163E-33 4.24542E-33 1.28481E-30 8.14954E-32 9.27187E-32 4.24860E-34 7.07862E-34
 7.00000E+08 3.06477E-28 2.67391E-28 2.77903E-29 1.72787E-30 1.94772E-30 5.43484E-30 3.67377E-31 4.18696E-31 2.16852E-33 3.63651E-33 1.10053E-30 6.98066E-32 7.94202E-32 3.63923E-34 6.06335E-34
 8.00000E+08 2.68039E-28 2.33855E-28 2.43044E-29 1.51113E-30 1.70341E-30 4.75311E-30 3.21294E-31 3.66176E-31 1.89651E-33 3.18035E-33 9.62481E-31 6.10502E-32 6.94579E-32 3.18274E-34 5.30277E-34
 9.00000E+08 2.38168E-28 2.07794E-28 2.15956E-29 1.34271E-30 1.51355E-30 4.22334E-30 2.85483E-31 3.25363E-31 1.68513E-33 2.82588E-33 8.55206E-31 5.42457E-32 6.17163E-32 2.82800E-34 4.71174E-34
 1.00000E+09 2.14287E-28 1.86959E-28 1.94300E-29 1.20806E-30 1.36177E-30 3.79982E-30 2.56855E-31 2.92736E-31 1.51614E-33 2.54250E-33 7.69445E-31 4.88059E-32 5.55273E-32 2.54440E-34 4.23924E-34
