 ***  Photoelectric cross sections,  IZ = 50,  NSHELL = 12,  NDATA = 340
              0           1           2           3           4           5           6           7           8           9          10          11          12
 5.00000E+01 3.69525E-17 0.00000E+00 0.00000E+00 0.00000E+00 0.00000E+00 0.00000E+00 0.00000E+00 0.00000E+00 0.00000E+00 0.00000E+00 0.00000E+00 0.00000E+00 0.00000E+00
 5.05993E+01 3.71073E-17 0.00000E+00 0.00000E+00 0.00000E+00 0.00000E+00 0.00000E+00 0.00000E+00 0.00000E+00 0.00000E+00 0.00000E+00 0.00000E+00 0.00000E+00 0.00000E+00
 5.12057E+01 3.71245E-17 0.00000E+00 0.00000E+00 0.00000E+00 0.00000E+00 0.00000E+00 0.00000E+00 0.00000E+00 0.00000E+00 0.00000E+00 0.00000E+00 0.00000E+00 0.00000E+00
 5.18194E+01 3.70294E-17 0.00000E+00 0.00000E+00 0.00000E+00 0.00000E+00 0.00000E+00 0.00000E+00 0.00000E+00 0.00000E+00 0.00000E+00 0.00000E+00 0.00000E+00 0.00000E+00
 5.24404E+01 3.67999E-17 0.00000E+00 0.00000E+00 0.00000E+00 0.00000E+00 0.00000E+00 0.00000E+00 0.00000E+00 0.00000E+00 0.00000E+00 0.00000E+00 0.00000E+00 0.00000E+00
 5.30689E+01 3.64677E-17 0.00000E+00 0.00000E+00 0.00000E+00 0.00000E+00 0.00000E+00 0.00000E+00 0.00000E+00 0.00000E+00 0.00000E+00 0.00000E+00 0.00000E+00 0.00000E+00
 5.37050E+01 3.60192E-17 0.00000E+00 0.00000E+00 0.00000E+00 0.00000E+00 0.00000E+00 0.00000E+00 0.00000E+00 0.00000E+00 0.00000E+00 0.00000E+00 0.00000E+00 0.00000E+00
 5.43486E+01 3.54800E-17 0.00000E+00 0.00000E+00 0.00000E+00 0.00000E+00 0.00000E+00 0.00000E+00 0.00000E+00 0.00000E+00 0.00000E+00 0.00000E+00 0.00000E+00 0.00000E+00
 5.50000E+01 3.48362E-17 0.00000E+00 0.00000E+00 0.00000E+00 0.00000E+00 0.00000E+00 0.00000E+00 0.00000E+00 0.00000E+00 0.00000E+00 0.00000E+00 0.00000E+00 0.00000E+00
 5.56015E+01 3.41933E-17 0.00000E+00 0.00000E+00 0.00000E+00 0.00000E+00 0.00000E+00 0.00000E+00 0.00000E+00 0.00000E+00 0.00000E+00 0.00000E+00 0.00000E+00 0.00000E+00
 5.62095E+01 3.34727E-17 0.00000E+00 0.00000E+00 0.00000E+00 0.00000E+00 0.00000E+00 0.00000E+00 0.00000E+00 0.00000E+00 0.00000E+00 0.00000E+00 0.00000E+00 0.00000E+00
 5.68242E+01 3.27018E-17 0.00000E+00 0.00000E+00 0.00000E+00 0.00000E+00 0.00000E+00 0.00000E+00 0.00000E+00 0.00000E+00 0.00000E+00 0.00000E+00 0.00000E+00 0.00000E+00
 5.74456E+01 3.18808E-17 0.00000E+00 0.00000E+00 0.00000E+00 0.00000E+00 0.00000E+00 0.00000E+00 0.00000E+00 0.00000E+00 0.00000E+00 0.00000E+00 0.00000E+00 0.00000E+00
 5.80738E+01 3.10158E-17 0.00000E+00 0.00000E+00 0.00000E+00 0.00000E+00 0.00000E+00 0.00000E+00 0.00000E+00 0.00000E+00 0.00000E+00 0.00000E+00 0.00000E+00 0.00000E+00
 5.87089E+01 3.01129E-17 0.00000E+00 0.00000E+00 0.00000E+00 0.00000E+00 0.00000E+00 0.00000E+00 0.00000E+00 0.00000E+00 0.00000E+00 0.00000E+00 0.00000E+00 0.00000E+00
 6.00000E+01 2.82160E-17 0.00000E+00 0.00000E+00 0.00000E+00 0.00000E+00 0.00000E+00 0.00000E+00 0.00000E+00 0.00000E+00 0.00000E+00 0.00000E+00 0.00000E+00 0.00000E+00
 6.11673E+01 2.64611E-17 0.00000E+00 0.00000E+00 0.00000E+00 0.00000E+00 0.00000E+00 0.00000E+00 0.00000E+00 0.00000E+00 0.00000E+00 0.00000E+00 0.00000E+00 0.00000E+00
 6.23574E+01 2.46697E-17 0.00000E+00 0.00000E+00 0.00000E+00 0.00000E+00 0.00000E+00 0.00000E+00 0.00000E+00 0.00000E+00 0.00000E+00 0.00000E+00 0.00000E+00 0.00000E+00
 6.35706E+01 2.28612E-17 0.00000E+00 0.00000E+00 0.00000E+00 0.00000E+00 0.00000E+00 0.00000E+00 0.00000E+00 0.00000E+00 0.00000E+00 0.00000E+00 0.00000E+00 0.00000E+00
 6.48074E+01 2.10800E-17 0.00000E+00 0.00000E+00 0.00000E+00 0.00000E+00 0.00000E+00 0.00000E+00 0.00000E+00 0.00000E+00 0.00000E+00 0.00000E+00 0.00000E+00 0.00000E+00
 6.60683E+01 1.93296E-17 0.00000E+00 0.00000E+00 0.00000E+00 0.00000E+00 0.00000E+00 0.00000E+00 0.00000E+00 0.00000E+00 0.00000E+00 0.00000E+00 0.00000E+00 0.00000E+00
 6.73537E+01 1.76314E-17 0.00000E+00 0.00000E+00 0.00000E+00 0.00000E+00 0.00000E+00 0.00000E+00 0.00000E+00 0.00000E+00 0.00000E+00 0.00000E+00 0.00000E+00 0.00000E+00
 6.86641E+01 1.60013E-17 0.00000E+00 0.00000E+00 0.00000E+00 0.00000E+00 0.00000E+00 0.00000E+00 0.00000E+00 0.00000E+00 0.00000E+00 0.00000E+00 0.00000E+00 0.00000E+00
 7.00000E+01 1.44526E-17 0.00000E+00 0.00000E+00 0.00000E+00 0.00000E+00 0.00000E+00 0.00000E+00 0.00000E+00 0.00000E+00 0.00000E+00 0.00000E+00 0.00000E+00 0.00000E+00
 7.11782E+01 1.32027E-17 0.00000E+00 0.00000E+00 0.00000E+00 0.00000E+00 0.00000E+00 0.00000E+00 0.00000E+00 0.00000E+00 0.00000E+00 0.00000E+00 0.00000E+00 0.00000E+00
 7.23762E+01 1.20159E-17 0.00000E+00 0.00000E+00 0.00000E+00 0.00000E+00 0.00000E+00 0.00000E+00 0.00000E+00 0.00000E+00 0.00000E+00 0.00000E+00 0.00000E+00 0.00000E+00
 7.35944E+01 1.09032E-17 0.00000E+00 0.00000E+00 0.00000E+00 0.00000E+00 0.00000E+00 0.00000E+00 0.00000E+00 0.00000E+00 0.00000E+00 0.00000E+00 0.00000E+00 0.00000E+00
 7.48331E+01 9.86256E-18 0.00000E+00 0.00000E+00 0.00000E+00 0.00000E+00 0.00000E+00 0.00000E+00 0.00000E+00 0.00000E+00 0.00000E+00 0.00000E+00 0.00000E+00 0.00000E+00
 7.60927E+01 8.90976E-18 0.00000E+00 0.00000E+00 0.00000E+00 0.00000E+00 0.00000E+00 0.00000E+00 0.00000E+00 0.00000E+00 0.00000E+00 0.00000E+00 0.00000E+00 0.00000E+00
 7.73735E+01 8.01893E-18 0.00000E+00 0.00000E+00 0.00000E+00 0.00000E+00 0.00000E+00 0.00000E+00 0.00000E+00 0.00000E+00 0.00000E+00 0.00000E+00 0.00000E+00 0.00000E+00
 7.86758E+01 7.21036E-18 0.00000E+00 0.00000E+00 0.00000E+00 0.00000E+00 0.00000E+00 0.00000E+00 0.00000E+00 0.00000E+00 0.00000E+00 0.00000E+00 0.00000E+00 0.00000E+00
 8.00000E+01 6.46422E-18 0.00000E+00 0.00000E+00 0.00000E+00 0.00000E+00 0.00000E+00 0.00000E+00 0.00000E+00 0.00000E+00 0.00000E+00 0.00000E+00 0.00000E+00 0.00000E+00
 8.11865E+01 5.86480E-18 0.00000E+00 0.00000E+00 0.00000E+00 0.00000E+00 0.00000E+00 0.00000E+00 0.00000E+00 0.00000E+00 0.00000E+00 0.00000E+00 0.00000E+00 0.00000E+00
 8.23907E+01 5.30953E-18 0.00000E+00 0.00000E+00 0.00000E+00 0.00000E+00 0.00000E+00 0.00000E+00 0.00000E+00 0.00000E+00 0.00000E+00 0.00000E+00 0.00000E+00 0.00000E+00
 8.36127E+01 4.80407E-18 0.00000E+00 0.00000E+00 0.00000E+00 0.00000E+00 0.00000E+00 0.00000E+00 0.00000E+00 0.00000E+00 0.00000E+00 0.00000E+00 0.00000E+00 0.00000E+00
 8.48528E+01 4.33666E-18 0.00000E+00 0.00000E+00 0.00000E+00 0.00000E+00 0.00000E+00 0.00000E+00 0.00000E+00 0.00000E+00 0.00000E+00 0.00000E+00 0.00000E+00 0.00000E+00
 8.61113E+01 3.91323E-18 0.00000E+00 0.00000E+00 0.00000E+00 0.00000E+00 0.00000E+00 0.00000E+00 0.00000E+00 0.00000E+00 0.00000E+00 0.00000E+00 0.00000E+00 0.00000E+00
 8.73885E+01 3.51874E-18 0.00000E+00 0.00000E+00 0.00000E+00 0.00000E+00 0.00000E+00 0.00000E+00 0.00000E+00 0.00000E+00 0.00000E+00 0.00000E+00 0.00000E+00 0.00000E+00
 9.00000E+01 2.84660E-18 0.00000E+00 0.00000E+00 0.00000E+00 0.00000E+00 0.00000E+00 0.00000E+00 0.00000E+00 0.00000E+00 0.00000E+00 0.00000E+00 0.00000E+00 0.00000E+00
 9.07408E+01 2.68385E-18 0.00000E+00 0.00000E+00 0.00000E+00 0.00000E+00 0.00000E+00 0.00000E+00 0.00000E+00 0.00000E+00 0.00000E+00 0.00000E+00 0.00000E+00 0.00000E+00
 9.14877E+01 2.52482E-18 0.00000E+00 0.00000E+00 0.00000E+00 0.00000E+00 0.00000E+00 0.00000E+00 0.00000E+00 0.00000E+00 0.00000E+00 0.00000E+00 0.00000E+00 0.00000E+00
 9.30000E+01 2.23358E-18 0.00000E+00 0.00000E+00 0.00000E+00 0.00000E+00 0.00000E+00 0.00000E+00 0.00000E+00 0.00000E+00 0.00000E+00 0.00000E+00 0.00000E+00 0.00000E+00
 9.30000E+01 2.76734E-18 0.00000E+00 0.00000E+00 0.00000E+00 0.00000E+00 0.00000E+00 0.00000E+00 0.00000E+00 0.00000E+00 0.00000E+00 0.00000E+00 0.00000E+00 5.33757E-19
 9.47027E+01 2.48477E-18 0.00000E+00 0.00000E+00 0.00000E+00 0.00000E+00 0.00000E+00 0.00000E+00 0.00000E+00 0.00000E+00 0.00000E+00 0.00000E+00 0.00000E+00 5.35893E-19
 9.64365E+01 2.22644E-18 0.00000E+00 0.00000E+00 0.00000E+00 0.00000E+00 0.00000E+00 0.00000E+00 0.00000E+00 0.00000E+00 0.00000E+00 0.00000E+00 0.00000E+00 5.27942E-19
 1.00000E+02 1.77901E-18 0.00000E+00 0.00000E+00 0.00000E+00 0.00000E+00 0.00000E+00 0.00000E+00 0.00000E+00 0.00000E+00 0.00000E+00 0.00000E+00 0.00000E+00 4.96526E-19
 1.02000E+02 1.57692E-18 0.00000E+00 0.00000E+00 0.00000E+00 0.00000E+00 0.00000E+00 0.00000E+00 0.00000E+00 0.00000E+00 0.00000E+00 0.00000E+00 0.00000E+00 4.76536E-19
 1.02000E+02 1.80803E-18 0.00000E+00 0.00000E+00 0.00000E+00 0.00000E+00 0.00000E+00 0.00000E+00 0.00000E+00 0.00000E+00 0.00000E+00 0.00000E+00 2.31115E-19 4.76536E-19
 1.05925E+02 1.50054E-18 0.00000E+00 0.00000E+00 0.00000E+00 0.00000E+00 0.00000E+00 0.00000E+00 0.00000E+00 0.00000E+00 0.00000E+00 0.00000E+00 2.37111E-19 4.40166E-19
 1.07943E+02 1.36770E-18 0.00000E+00 0.00000E+00 0.00000E+00 0.00000E+00 0.00000E+00 0.00000E+00 0.00000E+00 0.00000E+00 0.00000E+00 0.00000E+00 2.29942E-19 4.23432E-19
 1.10000E+02 1.24952E-18 0.00000E+00 0.00000E+00 0.00000E+00 0.00000E+00 0.00000E+00 0.00000E+00 0.00000E+00 0.00000E+00 0.00000E+00 0.00000E+00 2.19946E-19 4.07948E-19
 1.11772E+02 1.16203E-18 0.00000E+00 0.00000E+00 0.00000E+00 0.00000E+00 0.00000E+00 0.00000E+00 0.00000E+00 0.00000E+00 0.00000E+00 0.00000E+00 2.10699E-19 3.95494E-19
 1.13572E+02 1.08403E-18 0.00000E+00 0.00000E+00 0.00000E+00 0.00000E+00 0.00000E+00 0.00000E+00 0.00000E+00 0.00000E+00 0.00000E+00 0.00000E+00 2.01462E-19 3.83922E-19
 1.15402E+02 1.01775E-18 0.00000E+00 0.00000E+00 0.00000E+00 0.00000E+00 0.00000E+00 0.00000E+00 0.00000E+00 0.00000E+00 0.00000E+00 0.00000E+00 1.92549E-19 3.73070E-19
 1.17260E+02 9.58010E-19 0.00000E+00 0.00000E+00 0.00000E+00 0.00000E+00 0.00000E+00 0.00000E+00 0.00000E+00 0.00000E+00 0.00000E+00 0.00000E+00 1.84141E-19 3.62914E-19
 1.19149E+02 9.08102E-19 0.00000E+00 0.00000E+00 0.00000E+00 0.00000E+00 0.00000E+00 0.00000E+00 0.00000E+00 0.00000E+00 0.00000E+00 0.00000E+00 1.76140E-19 3.53438E-19
 1.21068E+02 8.66062E-19 0.00000E+00 0.00000E+00 0.00000E+00 0.00000E+00 0.00000E+00 0.00000E+00 0.00000E+00 0.00000E+00 0.00000E+00 0.00000E+00 1.68736E-19 3.44628E-19
 1.23018E+02 8.32402E-19 0.00000E+00 0.00000E+00 0.00000E+00 0.00000E+00 0.00000E+00 0.00000E+00 0.00000E+00 0.00000E+00 0.00000E+00 0.00000E+00 1.61744E-19 3.36518E-19
 1.25000E+02 8.02270E-19 0.00000E+00 0.00000E+00 0.00000E+00 0.00000E+00 0.00000E+00 0.00000E+00 0.00000E+00 0.00000E+00 0.00000E+00 0.00000E+00 1.55292E-19 3.29093E-19
 1.26783E+02 7.81268E-19 0.00000E+00 0.00000E+00 0.00000E+00 0.00000E+00 0.00000E+00 0.00000E+00 0.00000E+00 0.00000E+00 0.00000E+00 0.00000E+00 1.49888E-19 3.22846E-19
 1.28592E+02 7.64828E-19 0.00000E+00 0.00000E+00 0.00000E+00 0.00000E+00 0.00000E+00 0.00000E+00 0.00000E+00 0.00000E+00 0.00000E+00 0.00000E+00 1.44919E-19 3.17205E-19
 1.32288E+02 7.41847E-19 0.00000E+00 0.00000E+00 0.00000E+00 0.00000E+00 0.00000E+00 0.00000E+00 0.00000E+00 0.00000E+00 0.00000E+00 0.00000E+00 1.35819E-19 3.07319E-19
 1.34175E+02 7.35748E-19 0.00000E+00 0.00000E+00 0.00000E+00 0.00000E+00 0.00000E+00 0.00000E+00 0.00000E+00 0.00000E+00 0.00000E+00 0.00000E+00 1.31783E-19 3.03083E-19
 1.36089E+02 7.31503E-19 0.00000E+00 0.00000E+00 0.00000E+00 0.00000E+00 0.00000E+00 0.00000E+00 0.00000E+00 0.00000E+00 0.00000E+00 0.00000E+00 1.28056E-19 2.99294E-19
 1.40000E+02 7.32310E-19 0.00000E+00 0.00000E+00 0.00000E+00 0.00000E+00 0.00000E+00 0.00000E+00 0.00000E+00 0.00000E+00 0.00000E+00 0.00000E+00 1.21509E-19 2.92509E-19
 1.41000E+02 7.33223E-19 0.00000E+00 0.00000E+00 0.00000E+00 0.00000E+00 0.00000E+00 0.00000E+00 0.00000E+00 0.00000E+00 0.00000E+00 0.00000E+00 1.20006E-19 2.91112E-19
 1.41000E+02 8.90277E-19 0.00000E+00 0.00000E+00 0.00000E+00 0.00000E+00 0.00000E+00 0.00000E+00 0.00000E+00 0.00000E+00 0.00000E+00 1.57053E-19 1.20006E-19 2.91112E-19
 1.43198E+02 8.89288E-19 0.00000E+00 0.00000E+00 0.00000E+00 0.00000E+00 0.00000E+00 0.00000E+00 0.00000E+00 0.00000E+00 0.00000E+00 1.52477E-19 1.17063E-19 2.88213E-19
 1.45430E+02 8.91727E-19 0.00000E+00 0.00000E+00 0.00000E+00 0.00000E+00 0.00000E+00 0.00000E+00 0.00000E+00 0.00000E+00 0.00000E+00 1.49848E-19 1.14426E-19 2.85640E-19
 1.47698E+02 8.97507E-19 0.00000E+00 0.00000E+00 0.00000E+00 0.00000E+00 0.00000E+00 0.00000E+00 0.00000E+00 0.00000E+00 0.00000E+00 1.48436E-19 1.12076E-19 2.83360E-19
 1.50000E+02 9.05864E-19 0.00000E+00 0.00000E+00 0.00000E+00 0.00000E+00 0.00000E+00 0.00000E+00 0.00000E+00 0.00000E+00 0.00000E+00 1.48045E-19 1.10002E-19 2.81471E-19
 1.75000E+02 1.02475E-18 0.00000E+00 0.00000E+00 0.00000E+00 0.00000E+00 0.00000E+00 0.00000E+00 0.00000E+00 0.00000E+00 0.00000E+00 1.50768E-19 9.93343E-20 2.67809E-19
 1.80941E+02 1.04815E-18 0.00000E+00 0.00000E+00 0.00000E+00 0.00000E+00 0.00000E+00 0.00000E+00 0.00000E+00 0.00000E+00 0.00000E+00 1.49255E-19 9.83538E-20 2.65309E-19
 1.83986E+02 1.05907E-18 0.00000E+00 0.00000E+00 0.00000E+00 0.00000E+00 0.00000E+00 0.00000E+00 0.00000E+00 0.00000E+00 0.00000E+00 1.48198E-19 9.79410E-20 2.64068E-19
 1.87083E+02 1.06776E-18 0.00000E+00 0.00000E+00 0.00000E+00 0.00000E+00 0.00000E+00 0.00000E+00 0.00000E+00 0.00000E+00 0.00000E+00 1.46988E-19 9.75618E-20 2.62733E-19
 1.93434E+02 1.08481E-18 0.00000E+00 0.00000E+00 0.00000E+00 0.00000E+00 0.00000E+00 0.00000E+00 0.00000E+00 0.00000E+00 0.00000E+00 1.44367E-19 9.68894E-20 2.60030E-19
 1.96689E+02 1.09254E-18 0.00000E+00 0.00000E+00 0.00000E+00 0.00000E+00 0.00000E+00 0.00000E+00 0.00000E+00 0.00000E+00 0.00000E+00 1.42977E-19 9.65549E-20 2.58688E-19
 2.00000E+02 1.09725E-18 0.00000E+00 0.00000E+00 0.00000E+00 0.00000E+00 0.00000E+00 0.00000E+00 0.00000E+00 0.00000E+00 0.00000E+00 1.41567E-19 9.62283E-20 2.57228E-19
 2.09762E+02 1.10991E-18 0.00000E+00 0.00000E+00 0.00000E+00 0.00000E+00 0.00000E+00 0.00000E+00 0.00000E+00 0.00000E+00 0.00000E+00 1.37504E-19 9.53292E-20 2.52846E-19
 2.14820E+02 1.11556E-18 0.00000E+00 0.00000E+00 0.00000E+00 0.00000E+00 0.00000E+00 0.00000E+00 0.00000E+00 0.00000E+00 0.00000E+00 1.35517E-19 9.48829E-20 2.50484E-19
 2.20000E+02 1.11715E-18 0.00000E+00 0.00000E+00 0.00000E+00 0.00000E+00 0.00000E+00 0.00000E+00 0.00000E+00 0.00000E+00 0.00000E+00 1.33531E-19 9.44151E-20 2.48025E-19
 2.27144E+02 1.11738E-18 0.00000E+00 0.00000E+00 0.00000E+00 0.00000E+00 0.00000E+00 0.00000E+00 0.00000E+00 0.00000E+00 0.00000E+00 1.30795E-19 9.37022E-20 2.44484E-19
 2.30803E+02 1.11719E-18 0.00000E+00 0.00000E+00 0.00000E+00 0.00000E+00 0.00000E+00 0.00000E+00 0.00000E+00 0.00000E+00 0.00000E+00 1.29392E-19 9.33477E-20 2.42635E-19
 2.34521E+02 1.11430E-18 0.00000E+00 0.00000E+00 0.00000E+00 0.00000E+00 0.00000E+00 0.00000E+00 0.00000E+00 0.00000E+00 0.00000E+00 1.27941E-19 9.29614E-20 2.40654E-19
 2.42137E+02 1.10820E-18 0.00000E+00 0.00000E+00 0.00000E+00 0.00000E+00 0.00000E+00 0.00000E+00 0.00000E+00 0.00000E+00 0.00000E+00 1.24910E-19 9.20778E-20 2.36586E-19
 2.46037E+02 1.10518E-18 0.00000E+00 0.00000E+00 0.00000E+00 0.00000E+00 0.00000E+00 0.00000E+00 0.00000E+00 0.00000E+00 0.00000E+00 1.23421E-19 9.16392E-20 2.34578E-19
 2.50000E+02 1.09945E-18 0.00000E+00 0.00000E+00 0.00000E+00 0.00000E+00 0.00000E+00 0.00000E+00 0.00000E+00 0.00000E+00 0.00000E+00 1.21876E-19 9.11717E-20 2.32442E-19
 2.61659E+02 1.08178E-18 0.00000E+00 0.00000E+00 0.00000E+00 0.00000E+00 0.00000E+00 0.00000E+00 0.00000E+00 0.00000E+00 0.00000E+00 1.17202E-19 8.96588E-20 2.26096E-19
 2.67691E+02 1.07208E-18 0.00000E+00 0.00000E+00 0.00000E+00 0.00000E+00 0.00000E+00 0.00000E+00 0.00000E+00 0.00000E+00 0.00000E+00 1.14769E-19 8.88172E-20 2.22792E-19
 2.73861E+02 1.06020E-18 0.00000E+00 0.00000E+00 0.00000E+00 0.00000E+00 0.00000E+00 0.00000E+00 0.00000E+00 0.00000E+00 0.00000E+00 1.12343E-19 8.79611E-20 2.19447E-19
 2.86633E+02 1.03330E-18 0.00000E+00 0.00000E+00 0.00000E+00 0.00000E+00 0.00000E+00 0.00000E+00 0.00000E+00 0.00000E+00 0.00000E+00 1.07395E-19 8.60943E-20 2.12554E-19
 3.00000E+02 1.00374E-18 0.00000E+00 0.00000E+00 0.00000E+00 0.00000E+00 0.00000E+00 0.00000E+00 0.00000E+00 0.00000E+00 0.00000E+00 1.02639E-19 8.40622E-20 2.05419E-19
 3.24037E+02 9.46264E-19 0.00000E+00 0.00000E+00 0.00000E+00 0.00000E+00 0.00000E+00 0.00000E+00 0.00000E+00 0.00000E+00 0.00000E+00 9.47255E-20 8.02980E-20 1.92988E-19
 3.50000E+02 8.82480E-19 0.00000E+00 0.00000E+00 0.00000E+00 0.00000E+00 0.00000E+00 0.00000E+00 0.00000E+00 0.00000E+00 0.00000E+00 8.70304E-20 7.61065E-20 1.80055E-19
 3.74166E+02 8.23652E-19 0.00000E+00 0.00000E+00 0.00000E+00 0.00000E+00 0.00000E+00 0.00000E+00 0.00000E+00 0.00000E+00 0.00000E+00 8.04874E-20 7.22345E-20 1.68748E-19
 4.00000E+02 7.65321E-19 0.00000E+00 0.00000E+00 0.00000E+00 0.00000E+00 0.00000E+00 0.00000E+00 0.00000E+00 0.00000E+00 0.00000E+00 7.41604E-20 6.82500E-20 1.57565E-19
 4.50000E+02 6.61284E-19 0.00000E+00 0.00000E+00 0.00000E+00 0.00000E+00 0.00000E+00 0.00000E+00 0.00000E+00 0.00000E+00 0.00000E+00 6.38318E-20 6.11288E-20 1.38380E-19
 4.89000E+02 5.90044E-19 0.00000E+00 0.00000E+00 0.00000E+00 0.00000E+00 0.00000E+00 0.00000E+00 0.00000E+00 0.00000E+00 0.00000E+00 5.71458E-20 5.60584E-20 1.25298E-19
 4.89000E+02 6.45946E-19 0.00000E+00 0.00000E+00 0.00000E+00 0.00000E+00 0.00000E+00 0.00000E+00 0.00000E+00 0.00000E+00 5.59024E-20 5.71458E-20 5.60584E-20 1.25298E-19
 4.90988E+02 6.43884E-19 0.00000E+00 0.00000E+00 0.00000E+00 0.00000E+00 0.00000E+00 0.00000E+00 0.00000E+00 0.00000E+00 5.71377E-20 5.68330E-20 5.58145E-20 1.24678E-19
 4.91985E+02 6.44818E-19 0.00000E+00 0.00000E+00 0.00000E+00 0.00000E+00 0.00000E+00 0.00000E+00 0.00000E+00 0.00000E+00 5.97131E-20 5.66772E-20 5.56930E-20 1.24370E-19
 4.92984E+02 6.47769E-19 0.00000E+00 0.00000E+00 0.00000E+00 0.00000E+00 0.00000E+00 0.00000E+00 0.00000E+00 0.00000E+00 6.43003E-20 5.65219E-20 5.55717E-20 1.24062E-19
 4.93985E+02 6.53306E-19 0.00000E+00 0.00000E+00 0.00000E+00 0.00000E+00 0.00000E+00 0.00000E+00 0.00000E+00 0.00000E+00 7.14691E-20 5.63670E-20 5.54507E-20 1.23755E-19
 4.94988E+02 6.62160E-19 0.00000E+00 0.00000E+00 0.00000E+00 0.00000E+00 0.00000E+00 0.00000E+00 0.00000E+00 0.00000E+00 8.19507E-20 5.62125E-20 5.53300E-20 1.23449E-19
 4.95993E+02 6.75281E-19 0.00000E+00 0.00000E+00 0.00000E+00 0.00000E+00 0.00000E+00 0.00000E+00 0.00000E+00 0.00000E+00 9.66991E-20 5.60584E-20 5.52095E-20 1.23144E-19
 4.97000E+02 6.93826E-19 0.00000E+00 0.00000E+00 0.00000E+00 0.00000E+00 0.00000E+00 0.00000E+00 0.00000E+00 0.00000E+00 1.16956E-19 5.59048E-20 5.50893E-20 1.22839E-19
 4.97000E+02 7.31499E-19 0.00000E+00 0.00000E+00 0.00000E+00 0.00000E+00 0.00000E+00 0.00000E+00 0.00000E+00 3.76734E-20 1.16956E-19 5.59048E-20 5.50893E-20 1.22839E-19
 4.97748E+02 7.49643E-19 0.00000E+00 0.00000E+00 0.00000E+00 0.00000E+00 0.00000E+00 0.00000E+00 0.00000E+00 3.77635E-20 1.36279E-19 5.57911E-20 5.50003E-20 1.22612E-19
 4.98498E+02 7.72376E-19 0.00000E+00 0.00000E+00 0.00000E+00 0.00000E+00 0.00000E+00 0.00000E+00 0.00000E+00 3.82112E-20 1.59836E-19 5.56774E-20 5.49115E-20 1.22380E-19
 4.99248E+02 8.00432E-19 0.00000E+00 0.00000E+00 0.00000E+00 0.00000E+00 0.00000E+00 0.00000E+00 0.00000E+00 3.91243E-20 1.88255E-19 5.55606E-20 5.48186E-20 1.22148E-19
 5.00000E+02 8.34389E-19 0.00000E+00 0.00000E+00 0.00000E+00 0.00000E+00 0.00000E+00 0.00000E+00 0.00000E+00 4.06080E-20 2.22003E-19 5.54440E-20 5.47249E-20 1.21917E-19
 5.00745E+02 8.74685E-19 0.00000E+00 0.00000E+00 0.00000E+00 0.00000E+00 0.00000E+00 0.00000E+00 0.00000E+00 4.27723E-20 2.61393E-19 5.53288E-20 5.46322E-20 1.21689E-19
 5.01491E+02 9.21968E-19 0.00000E+00 0.00000E+00 0.00000E+00 0.00000E+00 0.00000E+00 0.00000E+00 0.00000E+00 4.57903E-20 3.06914E-19 5.52138E-20 5.45398E-20 1.21461E-19
 5.02239E+02 9.76708E-19 0.00000E+00 0.00000E+00 0.00000E+00 0.00000E+00 0.00000E+00 0.00000E+00 0.00000E+00 4.98559E-20 3.58842E-19 5.50991E-20 5.44474E-20 1.21234E-19
 5.02987E+02 1.03945E-18 0.00000E+00 0.00000E+00 0.00000E+00 0.00000E+00 0.00000E+00 0.00000E+00 0.00000E+00 5.52981E-20 4.17395E-19 5.49846E-20 5.43553E-20 1.21007E-19
 5.03737E+02 1.10970E-18 0.00000E+00 0.00000E+00 0.00000E+00 0.00000E+00 0.00000E+00 0.00000E+00 0.00000E+00 6.21140E-20 4.82070E-19 5.48704E-20 5.42633E-20 1.20780E-19
 5.04488E+02 1.18835E-18 0.00000E+00 0.00000E+00 0.00000E+00 0.00000E+00 0.00000E+00 0.00000E+00 0.00000E+00 7.09509E-20 5.53134E-19 5.47564E-20 5.41714E-20 1.20554E-19
 5.05993E+02 1.36789E-18 0.00000E+00 0.00000E+00 0.00000E+00 0.00000E+00 0.00000E+00 0.00000E+00 0.00000E+00 9.53943E-20 7.10716E-19 5.45291E-20 5.39882E-20 1.20103E-19
 5.07502E+02 1.57501E-18 0.00000E+00 0.00000E+00 0.00000E+00 0.00000E+00 0.00000E+00 0.00000E+00 0.00000E+00 1.31685E-19 8.84007E-19 5.43027E-20 5.38056E-20 1.19654E-19
 5.09016E+02 1.80512E-18 0.00000E+00 0.00000E+00 0.00000E+00 0.00000E+00 0.00000E+00 0.00000E+00 0.00000E+00 1.82675E-19 1.06559E-18 5.40773E-20 5.36235E-20 1.19207E-19
 5.10534E+02 2.05327E-18 0.00000E+00 0.00000E+00 0.00000E+00 0.00000E+00 0.00000E+00 0.00000E+00 0.00000E+00 2.50590E-19 1.24827E-18 5.38528E-20 5.34422E-20 1.18761E-19
 5.12057E+02 2.31404E-18 0.00000E+00 0.00000E+00 0.00000E+00 0.00000E+00 0.00000E+00 0.00000E+00 0.00000E+00 3.35949E-19 1.42613E-18 5.36293E-20 5.32614E-20 1.18316E-19
 5.12820E+02 2.44664E-18 0.00000E+00 0.00000E+00 0.00000E+00 0.00000E+00 0.00000E+00 0.00000E+00 0.00000E+00 3.84690E-19 1.51120E-18 5.35179E-20 5.31712E-20 1.18095E-19
 5.13584E+02 2.58126E-18 0.00000E+00 0.00000E+00 0.00000E+00 0.00000E+00 0.00000E+00 0.00000E+00 0.00000E+00 4.36970E-19 1.59475E-18 5.34067E-20 5.30812E-20 1.17874E-19
 5.14350E+02 2.71458E-18 0.00000E+00 0.00000E+00 0.00000E+00 0.00000E+00 0.00000E+00 0.00000E+00 0.00000E+00 4.92255E-19 1.67399E-18 5.32957E-20 5.29914E-20 1.17653E-19
 5.15116E+02 2.84815E-18 0.00000E+00 0.00000E+00 0.00000E+00 0.00000E+00 0.00000E+00 0.00000E+00 0.00000E+00 5.49936E-19 1.75109E-18 5.31850E-20 5.29017E-20 1.17433E-19
 5.15884E+02 2.97863E-18 0.00000E+00 0.00000E+00 0.00000E+00 0.00000E+00 0.00000E+00 0.00000E+00 0.00000E+00 6.09352E-19 1.82336E-18 5.30745E-20 5.28121E-20 1.17213E-19
 5.16653E+02 3.10699E-18 0.00000E+00 0.00000E+00 0.00000E+00 0.00000E+00 0.00000E+00 0.00000E+00 0.00000E+00 6.69230E-19 1.89304E-18 5.29642E-20 5.27227E-20 1.16994E-19
 5.17423E+02 3.23162E-18 0.00000E+00 0.00000E+00 0.00000E+00 0.00000E+00 0.00000E+00 0.00000E+00 0.00000E+00 7.30549E-19 1.95755E-18 5.28542E-20 5.26335E-20 1.16775E-19
 5.18194E+02 3.35175E-18 0.00000E+00 0.00000E+00 0.00000E+00 0.00000E+00 0.00000E+00 0.00000E+00 0.00000E+00 7.90860E-19 2.01857E-18 5.27444E-20 5.25444E-20 1.16556E-19
 5.18966E+02 3.46780E-18 0.00000E+00 0.00000E+00 0.00000E+00 0.00000E+00 0.00000E+00 0.00000E+00 0.00000E+00 8.51294E-19 2.07538E-18 5.26348E-20 5.24554E-20 1.16338E-19
 5.19740E+02 3.57787E-18 0.00000E+00 0.00000E+00 0.00000E+00 0.00000E+00 0.00000E+00 0.00000E+00 0.00000E+00 9.10025E-19 2.12790E-18 5.25254E-20 5.23667E-20 1.16120E-19
 5.20514E+02 3.68263E-18 0.00000E+00 0.00000E+00 0.00000E+00 0.00000E+00 0.00000E+00 0.00000E+00 0.00000E+00 9.67782E-19 2.17610E-18 5.24163E-20 5.22780E-20 1.15903E-19
 5.21290E+02 3.78095E-18 0.00000E+00 0.00000E+00 0.00000E+00 0.00000E+00 0.00000E+00 0.00000E+00 0.00000E+00 1.02344E-18 2.21995E-18 5.23074E-20 5.21895E-20 1.15686E-19
 5.22067E+02 3.87310E-18 0.00000E+00 0.00000E+00 0.00000E+00 0.00000E+00 0.00000E+00 0.00000E+00 0.00000E+00 1.07726E-18 2.25945E-18 5.21987E-20 5.21012E-20 1.15468E-19
 5.22845E+02 3.95852E-18 0.00000E+00 0.00000E+00 0.00000E+00 0.00000E+00 0.00000E+00 0.00000E+00 0.00000E+00 1.12865E-18 2.29467E-18 5.20903E-20 5.20130E-20 1.15247E-19
 5.24404E+02 4.10932E-18 0.00000E+00 0.00000E+00 0.00000E+00 0.00000E+00 0.00000E+00 0.00000E+00 0.00000E+00 1.22393E-18 2.35255E-18 5.18740E-20 5.18370E-20 1.14805E-19
 5.25969E+02 4.23363E-18 0.00000E+00 0.00000E+00 0.00000E+00 0.00000E+00 0.00000E+00 0.00000E+00 0.00000E+00 1.30860E-18 2.39454E-18 5.16587E-20 5.16617E-20 1.14366E-19
 5.27538E+02 4.33134E-18 0.00000E+00 0.00000E+00 0.00000E+00 0.00000E+00 0.00000E+00 0.00000E+00 0.00000E+00 1.38196E-18 2.42124E-18 5.14443E-20 5.14869E-20 1.13928E-19
 5.29111E+02 4.40613E-18 0.00000E+00 0.00000E+00 0.00000E+00 0.00000E+00 0.00000E+00 0.00000E+00 0.00000E+00 1.44364E-18 2.43668E-18 5.12307E-20 5.13128E-20 1.13491E-19
 5.30689E+02 4.45696E-18 0.00000E+00 0.00000E+00 0.00000E+00 0.00000E+00 0.00000E+00 0.00000E+00 0.00000E+00 1.49361E-18 2.43986E-18 5.10181E-20 5.11392E-20 1.13056E-19
 5.32272E+02 4.48741E-18 0.00000E+00 0.00000E+00 0.00000E+00 0.00000E+00 0.00000E+00 0.00000E+00 0.00000E+00 1.53125E-18 2.43498E-18 5.08063E-20 5.09662E-20 1.12623E-19
 5.33860E+02 4.50102E-18 0.00000E+00 0.00000E+00 0.00000E+00 0.00000E+00 0.00000E+00 0.00000E+00 0.00000E+00 1.56003E-18 2.42211E-18 5.05954E-20 5.07938E-20 1.12192E-19
 5.35453E+02 4.49780E-18 0.00000E+00 0.00000E+00 0.00000E+00 0.00000E+00 0.00000E+00 0.00000E+00 0.00000E+00 1.57712E-18 2.40409E-18 5.03854E-20 5.06220E-20 1.11762E-19
 5.37050E+02 4.48367E-18 0.00000E+00 0.00000E+00 0.00000E+00 0.00000E+00 0.00000E+00 0.00000E+00 0.00000E+00 1.58731E-18 2.38204E-18 5.01762E-20 5.04508E-20 1.11334E-19
 5.40258E+02 4.42535E-18 0.00000E+00 0.00000E+00 0.00000E+00 0.00000E+00 0.00000E+00 0.00000E+00 0.00000E+00 1.58476E-18 2.33080E-18 4.97605E-20 5.01101E-20 1.10482E-19
 5.43486E+02 4.34508E-18 0.00000E+00 0.00000E+00 0.00000E+00 0.00000E+00 0.00000E+00 0.00000E+00 0.00000E+00 1.56376E-18 2.27602E-18 4.93483E-20 4.97716E-20 1.09637E-19
 5.50000E+02 4.16531E-18 0.00000E+00 0.00000E+00 0.00000E+00 0.00000E+00 0.00000E+00 0.00000E+00 0.00000E+00 1.49629E-18 2.17288E-18 4.85292E-20 4.90933E-20 1.07945E-19
 5.56015E+02 4.01172E-18 0.00000E+00 0.00000E+00 0.00000E+00 0.00000E+00 0.00000E+00 0.00000E+00 0.00000E+00 1.43179E-18 2.09222E-18 4.77794E-20 4.84537E-20 1.06390E-19
 5.62095E+02 3.88025E-18 0.00000E+00 0.00000E+00 0.00000E+00 0.00000E+00 0.00000E+00 0.00000E+00 0.00000E+00 1.37588E-18 2.02496E-18 4.70411E-20 4.78224E-20 1.04857E-19
 5.68242E+02 3.76651E-18 0.00000E+00 0.00000E+00 0.00000E+00 0.00000E+00 0.00000E+00 0.00000E+00 0.00000E+00 1.32939E-18 1.96585E-18 4.63143E-20 4.71993E-20 1.03346E-19
 5.74456E+02 3.66497E-18 0.00000E+00 0.00000E+00 0.00000E+00 0.00000E+00 0.00000E+00 0.00000E+00 0.00000E+00 1.28966E-18 1.91204E-18 4.55986E-20 4.65844E-20 1.01857E-19
 6.00000E+02 3.30679E-18 0.00000E+00 0.00000E+00 0.00000E+00 0.00000E+00 0.00000E+00 0.00000E+00 0.00000E+00 1.15647E-18 1.71799E-18 4.28409E-20 4.41967E-20 9.60871E-20
 6.11673E+02 3.16806E-18 0.00000E+00 0.00000E+00 0.00000E+00 0.00000E+00 0.00000E+00 0.00000E+00 0.00000E+00 1.10511E-18 1.64436E-18 4.16448E-20 4.31247E-20 9.35338E-20
 6.23574E+02 3.04304E-18 0.00000E+00 0.00000E+00 0.00000E+00 0.00000E+00 0.00000E+00 0.00000E+00 0.00000E+00 1.05923E-18 1.57853E-18 4.04820E-20 4.20787E-20 9.10483E-20
 6.48074E+02 2.81952E-18 0.00000E+00 0.00000E+00 0.00000E+00 0.00000E+00 0.00000E+00 0.00000E+00 0.00000E+00 9.79677E-19 1.45992E-18 3.82495E-20 4.00571E-20 8.62568E-20
 7.00000E+02 2.41412E-18 0.00000E+00 0.00000E+00 0.00000E+00 0.00000E+00 0.00000E+00 0.00000E+00 0.00000E+00 8.37039E-19 1.24383E-18 3.40466E-20 3.61396E-20 7.71249E-20
 7.19000E+02 2.28535E-18 0.00000E+00 0.00000E+00 0.00000E+00 0.00000E+00 0.00000E+00 0.00000E+00 0.00000E+00 7.91897E-19 1.17585E-18 3.26681E-20 3.48272E-20 7.41054E-20
 7.19000E+02 2.44225E-18 0.00000E+00 0.00000E+00 0.00000E+00 0.00000E+00 0.00000E+00 0.00000E+00 1.56904E-19 7.91897E-19 1.17585E-18 3.26681E-20 3.48272E-20 7.41054E-20
 7.20277E+02 2.47255E-18 0.00000E+00 0.00000E+00 0.00000E+00 0.00000E+00 0.00000E+00 0.00000E+00 1.95486E-19 7.88994E-19 1.17148E-18 3.25788E-20 3.47419E-20 7.39096E-20
 7.21556E+02 2.49601E-18 0.00000E+00 0.00000E+00 0.00000E+00 0.00000E+00 0.00000E+00 0.00000E+00 2.27201E-19 7.86102E-19 1.16712E-18 3.24897E-20 3.46569E-20 7.37143E-20
 7.22837E+02 2.51244E-18 0.00000E+00 0.00000E+00 0.00000E+00 0.00000E+00 0.00000E+00 0.00000E+00 2.51855E-19 7.83220E-19 1.16278E-18 3.24009E-20 3.45721E-20 7.35196E-20
 7.24121E+02 2.52241E-18 0.00000E+00 0.00000E+00 0.00000E+00 0.00000E+00 0.00000E+00 0.00000E+00 2.70015E-19 7.80349E-19 1.15846E-18 3.23123E-20 3.44875E-20 7.33253E-20
 7.26694E+02 2.52822E-18 0.00000E+00 0.00000E+00 0.00000E+00 0.00000E+00 0.00000E+00 0.00000E+00 2.92117E-19 7.74638E-19 1.14987E-18 3.21358E-20 3.43189E-20 7.29383E-20
 7.29278E+02 2.52176E-18 0.00000E+00 0.00000E+00 0.00000E+00 0.00000E+00 0.00000E+00 0.00000E+00 3.01835E-19 7.68969E-19 1.14134E-18 3.19603E-20 3.41511E-20 7.25534E-20
 7.34471E+02 2.49408E-18 0.00000E+00 0.00000E+00 0.00000E+00 0.00000E+00 0.00000E+00 0.00000E+00 3.06163E-19 7.57755E-19 1.12446E-18 3.16122E-20 3.38179E-20 7.17897E-20
 7.39702E+02 2.46166E-18 0.00000E+00 0.00000E+00 0.00000E+00 0.00000E+00 0.00000E+00 0.00000E+00 3.05277E-19 7.46705E-19 1.10784E-18 3.12679E-20 3.34881E-20 7.10339E-20
 7.61000E+02 2.33791E-18 0.00000E+00 0.00000E+00 0.00000E+00 0.00000E+00 0.00000E+00 0.00000E+00 3.06169E-19 7.03108E-19 1.04184E-18 2.99277E-20 3.21722E-20 6.80308E-20
 7.61000E+02 2.40078E-18 0.00000E+00 0.00000E+00 0.00000E+00 0.00000E+00 0.00000E+00 6.28712E-20 3.06169E-19 7.03108E-19 1.04184E-18 2.99277E-20 3.21722E-20 6.80308E-20
 7.63381E+02 2.41470E-18 0.00000E+00 0.00000E+00 0.00000E+00 0.00000E+00 0.00000E+00 8.99131E-20 3.06371E-19 6.98455E-19 1.03478E-18 2.97837E-20 3.20289E-20 6.77055E-20
 7.65769E+02 2.41861E-18 0.00000E+00 0.00000E+00 0.00000E+00 0.00000E+00 0.00000E+00 1.07040E-19 3.06396E-19 6.93833E-19 1.02777E-18 2.96405E-20 3.18863E-20 6.73817E-20
 7.68165E+02 2.41470E-18 0.00000E+00 0.00000E+00 0.00000E+00 0.00000E+00 0.00000E+00 1.16293E-19 3.06420E-19 6.89201E-19 1.02080E-18 2.94980E-20 3.17444E-20 6.70595E-20
 7.70568E+02 2.40546E-18 0.00000E+00 0.00000E+00 0.00000E+00 0.00000E+00 0.00000E+00 1.20696E-19 3.06149E-19 6.84489E-19 1.01373E-18 2.93561E-20 3.16030E-20 6.67388E-20
 7.80256E+02 2.35319E-18 0.00000E+00 0.00000E+00 0.00000E+00 0.00000E+00 0.00000E+00 1.23136E-19 3.04153E-19 6.65958E-19 9.85791E-19 2.87954E-20 3.10440E-20 6.54715E-20
 8.00000E+02 2.24498E-18 0.00000E+00 0.00000E+00 0.00000E+00 0.00000E+00 0.00000E+00 1.24352E-19 2.96500E-19 6.30167E-19 9.31984E-19 2.77035E-20 2.99531E-20 6.30005E-20
 8.42852E+02 2.02897E-18 0.00000E+00 0.00000E+00 0.00000E+00 0.00000E+00 0.00000E+00 1.22134E-19 2.81035E-19 5.60589E-19 8.27744E-19 2.54971E-20 2.77365E-20 5.80272E-20
 8.88000E+02 1.82624E-18 0.00000E+00 0.00000E+00 0.00000E+00 0.00000E+00 0.00000E+00 1.16971E-19 2.64798E-19 4.96961E-19 7.32330E-19 2.34664E-20 2.56418E-20 5.33626E-20
 8.88000E+02 1.91836E-18 0.00000E+00 0.00000E+00 0.00000E+00 0.00000E+00 9.21187E-20 1.16971E-19 2.64798E-19 4.96961E-19 7.32330E-19 2.34664E-20 2.56418E-20 5.33626E-20
 8.93980E+02 1.88718E-18 0.00000E+00 0.00000E+00 0.00000E+00 0.00000E+00 8.58244E-20 1.16261E-19 2.62671E-19 4.89218E-19 7.20732E-19 2.32172E-20 2.53836E-20 5.27897E-20
 9.00000E+02 1.86102E-18 0.00000E+00 0.00000E+00 0.00000E+00 0.00000E+00 8.46680E-20 1.15554E-19 2.60561E-19 4.81400E-19 7.09097E-19 2.29694E-20 2.51260E-20 5.22164E-20
 9.24021E+02 1.76645E-18 0.00000E+00 0.00000E+00 0.00000E+00 0.00000E+00 8.51593E-20 1.12591E-19 2.52526E-19 4.51904E-19 6.65078E-19 2.20077E-20 2.41161E-20 4.99895E-20
 9.48683E+02 1.67304E-18 0.00000E+00 0.00000E+00 0.00000E+00 0.00000E+00 8.19140E-20 1.09595E-19 2.44629E-19 4.24081E-19 6.23634E-19 2.10863E-20 2.31468E-20 4.78575E-20
 1.00000E+03 1.49983E-18 0.00000E+00 0.00000E+00 0.00000E+00 0.00000E+00 7.71536E-20 1.03737E-19 2.28581E-19 3.72614E-19 5.47081E-19 1.93565E-20 2.13217E-20 4.38564E-20
 1.10000E+03 1.22339E-18 0.00000E+00 0.00000E+00 0.00000E+00 0.00000E+00 6.83304E-20 9.28833E-20 2.00902E-19 2.92363E-19 4.28026E-19 1.65289E-20 1.82677E-20 3.72495E-20
 1.17260E+03 1.06383E-18 0.00000E+00 0.00000E+00 0.00000E+00 0.00000E+00 6.27730E-20 8.56509E-20 1.83103E-19 2.47335E-19 3.61475E-19 1.48435E-20 1.64262E-20 3.33028E-20
 1.25000E+03 9.22997E-19 0.00000E+00 0.00000E+00 0.00000E+00 0.00000E+00 5.75100E-20 7.86219E-20 1.66236E-19 2.08400E-19 3.04044E-19 1.33295E-20 1.47354E-20 2.97043E-20
 1.40000E+03 7.14147E-19 0.00000E+00 0.00000E+00 0.00000E+00 0.00000E+00 4.89113E-20 6.67159E-20 1.38615E-19 1.52687E-19 2.22124E-19 1.09747E-20 1.20886E-20 2.41352E-20
 1.50000E+03 6.09161E-19 0.00000E+00 0.00000E+00 0.00000E+00 0.00000E+00 4.41598E-20 5.99570E-20 1.23341E-19 1.25745E-19 1.82623E-19 9.73754E-21 1.06813E-20 2.12040E-20
 1.75000E+03 4.24497E-19 0.00000E+00 0.00000E+00 0.00000E+00 0.00000E+00 3.48085E-20 4.64532E-20 9.36926E-20 8.06181E-20 1.16644E-19 7.42785E-21 8.03303E-21 1.57472E-20
 2.00000E+03 3.08590E-19 0.00000E+00 0.00000E+00 0.00000E+00 0.00000E+00 2.80618E-20 3.66216E-20 7.27331E-20 5.42246E-20 7.81992E-20 5.85307E-21 6.21806E-21 1.20619E-20
 2.20000E+03 2.44991E-19 0.00000E+00 0.00000E+00 0.00000E+00 0.00000E+00 2.39540E-20 3.06364E-20 6.02267E-20 4.05887E-20 5.83997E-20 4.92828E-21 5.15190E-21 9.92027E-21
 2.50000E+03 1.79115E-19 0.00000E+00 0.00000E+00 0.00000E+00 0.00000E+00 1.92604E-20 2.38720E-20 4.63296E-20 2.72947E-20 3.91499E-20 3.90299E-21 3.97599E-21 7.58163E-21
 3.00000E+03 1.13822E-19 0.00000E+00 0.00000E+00 0.00000E+00 0.00000E+00 1.39748E-20 1.64102E-20 3.13034E-20 1.52511E-20 2.17747E-20 2.78423E-21 2.70950E-21 5.09641E-21
 3.50000E+03 7.71374E-20 0.00000E+00 0.00000E+00 0.00000E+00 0.00000E+00 1.05659E-20 1.17563E-20 2.21209E-20 9.18972E-21 1.30690E-20 2.08167E-21 1.93341E-21 3.59524E-21
 3.93300E+03 5.72710E-20 0.00000E+00 0.00000E+00 0.00000E+00 0.00000E+00 8.50769E-21 9.04565E-21 1.68512E-20 6.21029E-21 8.80435E-21 1.66444E-21 1.48485E-21 2.73744E-21
 3.93300E+03 1.12485E-19 0.00000E+00 0.00000E+00 0.00000E+00 5.52142E-20 8.50769E-21 9.04565E-21 1.68512E-20 6.21029E-21 8.80435E-21 1.66444E-21 1.48485E-21 2.73744E-21
 3.93508E+03 1.38488E-19 0.00000E+00 0.00000E+00 0.00000E+00 8.12939E-20 8.49934E-21 9.03481E-21 1.68302E-20 6.19928E-21 8.78862E-21 1.66275E-21 1.48308E-21 2.73407E-21
 3.93715E+03 1.56381E-19 0.00000E+00 0.00000E+00 0.00000E+00 9.92638E-20 8.49100E-21 9.02399E-21 1.68093E-20 6.18830E-21 8.77293E-21 1.66107E-21 1.48131E-21 2.73070E-21
 3.93923E+03 1.67218E-19 0.00000E+00 0.00000E+00 0.00000E+00 1.10177E-19 8.48267E-21 9.01318E-21 1.67884E-20 6.17733E-21 8.75726E-21 1.65939E-21 1.47954E-21 2.72733E-21
 3.94131E+03 1.73162E-19 0.00000E+00 0.00000E+00 0.00000E+00 1.16198E-19 8.47435E-21 9.00239E-21 1.67676E-20 6.16639E-21 8.74162E-21 1.65771E-21 1.47777E-21 2.72397E-21
 3.94339E+03 1.76136E-19 0.00000E+00 0.00000E+00 0.00000E+00 1.19248E-19 8.46603E-21 8.99160E-21 1.67467E-20 6.15546E-21 8.72600E-21 1.65603E-21 1.47601E-21 2.72061E-21
 3.94548E+03 1.77416E-19 0.00000E+00 0.00000E+00 0.00000E+00 1.20605E-19 8.45773E-21 8.98083E-21 1.67259E-20 6.14455E-21 8.71042E-21 1.65436E-21 1.47425E-21 2.71725E-21
 3.94964E+03 1.77748E-19 0.00000E+00 0.00000E+00 0.00000E+00 1.21089E-19 8.44114E-21 8.95933E-21 1.66844E-20 6.12280E-21 8.67933E-21 1.65101E-21 1.47073E-21 2.71056E-21
 3.95799E+03 1.77195E-19 0.00000E+00 0.00000E+00 0.00000E+00 1.20839E-19 8.40806E-21 8.91648E-21 1.66016E-20 6.07951E-21 8.61749E-21 1.64434E-21 1.46372E-21 2.69722E-21
 3.96636E+03 1.77707E-19 0.00000E+00 0.00000E+00 0.00000E+00 1.21654E-19 8.37511E-21 8.87383E-21 1.65192E-20 6.03654E-21 8.55609E-21 1.63770E-21 1.45674E-21 2.68394E-21
 3.97474E+03 1.78757E-19 0.00000E+00 0.00000E+00 0.00000E+00 1.23004E-19 8.34229E-21 8.83139E-21 1.64372E-20 5.99387E-21 8.49513E-21 1.63108E-21 1.44980E-21 2.67073E-21
 3.98314E+03 1.79301E-19 0.00000E+00 0.00000E+00 0.00000E+00 1.23846E-19 8.30960E-21 8.78915E-21 1.63557E-20 5.95150E-21 8.43460E-21 1.62449E-21 1.44289E-21 2.65758E-21
 3.99156E+03 1.79297E-19 0.00000E+00 0.00000E+00 0.00000E+00 1.24139E-19 8.27703E-21 8.74711E-21 1.62745E-20 5.90943E-21 8.37451E-21 1.61792E-21 1.43601E-21 2.64450E-21
 4.00000E+03 1.78546E-19 0.00000E+00 0.00000E+00 0.00000E+00 1.23684E-19 8.24459E-21 8.70527E-21 1.61937E-20 5.86709E-21 8.31417E-21 1.61137E-21 1.42913E-21 2.63138E-21
 4.07922E+03 1.69914E-19 0.00000E+00 0.00000E+00 0.00000E+00 1.17767E-19 7.94511E-21 8.31828E-21 1.54486E-20 5.48634E-21 7.77039E-21 1.55102E-21 1.36535E-21 2.51031E-21
 4.16000E+03 1.61326E-19 0.00000E+00 0.00000E+00 0.00000E+00 1.11756E-19 7.65520E-21 7.94766E-21 1.47360E-20 5.13029E-21 7.26218E-21 1.49293E-21 1.30442E-21 2.39481E-21
 4.16000E+03 1.87053E-19 0.00000E+00 0.00000E+00 2.57273E-20 1.11756E-19 7.65520E-21 7.94766E-21 1.47360E-20 5.13029E-21 7.26217E-21 1.49293E-21 1.30442E-21 2.39481E-21
 4.16233E+03 2.00392E-19 0.00000E+00 0.00000E+00 3.92978E-20 1.11595E-19 7.64709E-21 7.93733E-21 1.47162E-20 5.12048E-21 7.24817E-21 1.49130E-21 1.30272E-21 2.39159E-21
 4.16466E+03 2.08815E-19 0.00000E+00 0.00000E+00 4.79521E-20 1.11435E-19 7.63898E-21 7.92701E-21 1.46963E-20 5.11068E-21 7.23419E-21 1.48968E-21 1.30103E-21 2.38838E-21
 4.16699E+03 2.13364E-19 0.00000E+00 0.00000E+00 5.27326E-20 1.11275E-19 7.63088E-21 7.91671E-21 1.46765E-20 5.10090E-21 7.22023E-21 1.48806E-21 1.29933E-21 2.38517E-21
 4.16932E+03 2.15432E-19 0.00000E+00 0.00000E+00 5.50319E-20 1.11116E-19 7.62278E-21 7.90641E-21 1.46568E-20 5.09114E-21 7.20630E-21 1.48644E-21 1.29764E-21 2.38197E-21
 4.17166E+03 2.16182E-19 0.00000E+00 0.00000E+00 5.60125E-20 1.10956E-19 7.61470E-21 7.89613E-21 1.46370E-20 5.08140E-21 7.19240E-21 1.48482E-21 1.29595E-21 2.37877E-21
 4.17400E+03 2.16244E-19 0.00000E+00 0.00000E+00 5.63041E-20 1.10797E-19 7.60662E-21 7.88587E-21 1.46173E-20 5.07168E-21 7.17853E-21 1.48320E-21 1.29426E-21 2.37557E-21
 4.17867E+03 2.15796E-19 0.00000E+00 0.00000E+00 5.63155E-20 1.10480E-19 7.59050E-21 7.86538E-21 1.45780E-20 5.05229E-21 7.15086E-21 1.47997E-21 1.29089E-21 2.36919E-21
 4.18804E+03 2.14993E-19 0.00000E+00 0.00000E+00 5.64280E-20 1.09847E-19 7.55835E-21 7.82455E-21 1.44996E-20 5.01373E-21 7.09585E-21 1.47354E-21 1.28418E-21 2.35648E-21
 4.19743E+03 2.14788E-19 0.00000E+00 0.00000E+00 5.71321E-20 1.09218E-19 7.52634E-21 7.78394E-21 1.44216E-20 4.97546E-21 7.04126E-21 1.46713E-21 1.27751E-21 2.34384E-21
 4.21626E+03 2.13960E-19 0.00000E+00 0.00000E+00 5.81079E-20 1.07971E-19 7.46273E-21 7.70335E-21 1.42669E-20 4.89981E-21 6.93334E-21 1.45439E-21 1.26426E-21 2.31877E-21
 4.23519E+03 2.11679E-19 0.00000E+00 0.00000E+00 5.76088E-20 1.06738E-19 7.39965E-21 7.62359E-21 1.41139E-20 4.82531E-21 6.82707E-21 1.44177E-21 1.25115E-21 2.29396E-21
 4.31173E+03 2.02262E-19 0.00000E+00 0.00000E+00 5.51956E-20 1.01866E-19 7.15263E-21 7.31273E-21 1.35180E-20 4.53845E-21 6.41803E-21 1.39237E-21 1.20005E-21 2.19736E-21
 4.46900E+03 1.84456E-19 0.00000E+00 0.00000E+00 5.04777E-20 9.27471E-20 6.68305E-21 6.72851E-21 1.24007E-20 4.01489E-21 5.67200E-21 1.29858E-21 1.10402E-21 2.01619E-21
 4.46900E+03 2.14141E-19 0.00000E+00 2.96852E-20 5.04777E-20 9.27471E-20 6.68305E-21 6.72851E-21 1.24007E-20 4.01489E-21 5.67200E-21 1.29858E-21 1.10402E-21 2.01619E-21
 4.47286E+03 2.12286E-19 0.00000E+00 2.82402E-20 5.03681E-20 9.25376E-20 6.67211E-21 6.71501E-21 1.23749E-20 4.00304E-21 5.65512E-21 1.29640E-21 1.10180E-21 2.01201E-21
 4.47673E+03 2.11356E-19 0.00000E+00 2.77202E-20 5.02588E-20 9.23285E-20 6.66119E-21 6.70154E-21 1.23492E-20 3.99122E-21 5.63829E-21 1.29422E-21 1.09959E-21 2.00784E-21
 4.48447E+03 2.10624E-19 0.00000E+00 2.78034E-20 5.00408E-20 9.19117E-20 6.63941E-21 6.67468E-21 1.22979E-20 3.96769E-21 5.60478E-21 1.28988E-21 1.09517E-21 1.99952E-21
 4.50000E+03 2.09637E-19 0.00000E+00 2.84390E-20 4.96073E-20 9.10838E-20 6.59605E-21 6.62127E-21 1.21960E-20 3.92075E-21 5.53801E-21 1.28122E-21 1.08638E-21 1.98293E-21
 5.00000E+03 1.61047E-19 0.00000E+00 2.40075E-20 3.77817E-20 6.84402E-20 5.38477E-21 5.14974E-21 9.40382E-21 2.71821E-21 3.82798E-21 1.04076E-21 8.44992E-22 1.53035E-21
 5.50000E+03 1.26255E-19 0.00000E+00 2.04009E-20 2.92750E-20 5.25519E-20 4.46962E-21 4.08161E-21 7.39610E-21 1.94271E-21 2.72839E-21 8.60396E-22 6.70016E-22 1.20486E-21
 6.00000E+03 1.00900E-19 0.00000E+00 1.74898E-20 2.31163E-20 4.11740E-20 3.76248E-21 3.28774E-21 5.91579E-21 1.42437E-21 1.99520E-21 7.21838E-22 5.40030E-22 9.64804E-22
 7.00000E+03 6.75495E-20 0.00000E+00 1.31960E-20 1.51034E-20 2.65310E-20 2.75923E-21 2.22024E-21 3.94568E-21 8.14791E-22 1.13580E-21 5.26563E-22 3.65346E-22 6.45132E-22
 8.00000E+03 4.74988E-20 0.00000E+00 1.02462E-20 1.03589E-20 1.79838E-20 2.09808E-21 1.56536E-21 2.75216E-21 4.97788E-22 6.90864E-22 3.98884E-22 2.58157E-22 4.51197E-22
 9.00000E+03 3.47046E-20 0.00000E+00 8.14065E-21 7.38238E-21 1.26863E-20 1.64096E-21 1.14209E-21 1.98880E-21 3.20188E-22 4.42554E-22 3.11133E-22 1.88793E-22 3.26932E-22
 1.00000E+04 2.61495E-20 0.00000E+00 6.59096E-21 5.42776E-21 9.24344E-21 1.31270E-21 8.56735E-22 1.47907E-21 2.14650E-22 2.95561E-22 2.48415E-22 1.41960E-22 2.43778E-22
 1.10000E+04 2.02079E-20 0.00000E+00 5.42174E-21 4.09514E-21 6.91719E-21 1.06973E-21 6.57729E-22 1.12655E-21 1.48918E-22 2.04305E-22 2.02152E-22 1.09231E-22 1.86130E-22
 1.25000E+04 1.42681E-20 0.00000E+00 4.14682E-21 2.79272E-21 4.66567E-21 8.09532E-22 4.58564E-22 7.76966E-22 9.06869E-23 1.23791E-22 1.52756E-22 7.63872E-23 1.28794E-22
 1.40000E+04 1.04590E-20 0.00000E+00 3.25135E-21 1.98024E-21 3.27585E-21 6.29802E-22 3.31173E-22 5.55686E-22 5.81378E-23 7.89794E-23 1.18716E-22 5.53128E-23 9.23694E-23
 1.50000E+04 8.64984E-21 0.00000E+00 2.79681E-21 1.60313E-21 2.63591E-21 5.39550E-22 2.70975E-22 4.51932E-22 4.42538E-23 5.99404E-23 1.01647E-22 4.53283E-23 7.52449E-23
 1.75000E+04 5.64594E-21 0.00000E+00 1.98422E-21 9.94764E-22 1.61311E-21 3.79987E-22 1.71954E-22 2.82855E-22 2.39183E-23 3.21703E-23 7.15143E-23 2.88591E-23 4.72570E-23
 2.00000E+04 3.89269E-21 0.00000E+00 1.46324E-21 6.54318E-22 1.04812E-21 2.78902E-22 1.15158E-22 1.87105E-22 1.39521E-23 1.86460E-23 5.24544E-23 1.93794E-23 3.13478E-23
 2.20000E+04 2.98165E-21 0.00000E+00 1.17267E-21 4.83799E-22 7.68040E-22 2.22946E-22 8.61734E-23 1.38755E-22 9.46723E-24 1.25891E-23 4.19151E-23 1.45289E-23 2.32915E-23
 2.50000E+04 2.08207E-21 0.00000E+00 8.66999E-22 3.21556E-22 5.04174E-22 1.64413E-22 5.81377E-23 9.24510E-23 5.60513E-24 7.40315E-24 3.09004E-23 9.82565E-24 1.55573E-23
 2.92040E+04 1.34167E-21 0.00000E+00 5.95616E-22 1.94586E-22 3.00342E-22 1.12734E-22 3.57638E-23 5.59797E-23 2.94718E-24 3.85773E-24 2.11835E-23 6.06109E-24 9.44647E-24
 2.92040E+04 8.64573E-21 7.30406E-21 5.95616E-22 1.94586E-22 3.00342E-22 1.12734E-22 3.57638E-23 5.59797E-23 2.94718E-24 3.85773E-24 2.11835E-23 6.06109E-24 9.44647E-24
 2.92286E+04 8.32920E-21 6.99071E-21 5.94408E-22 1.94058E-22 2.99502E-22 1.12504E-22 3.56699E-23 5.58280E-23 2.93696E-24 3.84416E-24 2.11403E-23 6.04528E-24 9.42103E-24
 2.92531E+04 8.36949E-21 7.03415E-21 5.93202E-22 1.93532E-22 2.98665E-22 1.12274E-22 3.55763E-23 5.56768E-23 2.92677E-24 3.83064E-24 2.10972E-23 6.02951E-24 9.39565E-24
 2.92777E+04 8.31540E-21 6.98321E-21 5.91999E-22 1.93007E-22 2.97829E-22 1.12046E-22 3.54830E-23 5.55260E-23 2.91661E-24 3.81716E-24 2.10541E-23 6.01378E-24 9.37034E-24
 2.93023E+04 8.33271E-21 7.00367E-21 5.90798E-22 1.92484E-22 2.96996E-22 1.11817E-22 3.53899E-23 5.53756E-23 2.90649E-24 3.80373E-24 2.10112E-23 5.99809E-24 9.34510E-24
 2.94010E+04 8.27982E-21 6.96328E-21 5.86020E-22 1.90404E-22 2.93688E-22 1.10908E-22 3.50200E-23 5.47780E-23 2.86637E-24 3.75049E-24 2.08404E-23 5.93575E-24 9.24481E-24
 2.95993E+04 8.15257E-21 6.86067E-21 5.76579E-22 1.86312E-22 2.87181E-22 1.09113E-22 3.42916E-23 5.36020E-23 2.78776E-24 3.64622E-24 2.05028E-23 5.81300E-24 9.04746E-24
 3.00000E+04 7.88487E-21 6.64085E-21 5.58150E-22 1.78389E-22 2.74596E-22 1.05608E-22 3.28801E-23 5.13254E-23 2.63695E-24 3.44629E-24 1.98439E-23 5.57506E-24 8.66526E-24
 3.50000E+04 5.26410E-21 4.46120E-21 3.81358E-22 1.07813E-22 1.63280E-22 7.20927E-23 2.01620E-23 3.09588E-23 1.38717E-24 1.79553E-24 1.35461E-23 3.42725E-24 5.24003E-24
 4.00000E+04 3.69024E-21 3.14172E-21 2.72538E-22 6.94627E-23 1.03655E-22 5.15100E-23 1.31377E-23 1.98743E-23 7.93161E-25 1.01752E-24 9.67941E-24 2.23761E-24 3.37062E-24
 4.50000E+04 2.68644E-21 2.29498E-21 2.01746E-22 4.70258E-23 6.92314E-23 3.81361E-23 8.97518E-24 1.33932E-23 4.83726E-25 6.15542E-25 7.16718E-24 1.53119E-24 2.27521E-24
 5.00000E+04 2.01603E-21 1.72681E-21 1.53636E-22 3.31201E-23 4.81553E-23 2.90524E-23 6.36895E-24 9.38479E-24 3.10591E-25 3.92349E-25 5.46085E-24 1.08804E-24 1.59642E-24
 5.50000E+04 1.55121E-21 1.33144E-21 1.19764E-22 2.40935E-23 3.46253E-23 2.26581E-23 4.66268E-24 6.78992E-24 2.08050E-25 2.60944E-25 4.25962E-24 7.97468E-25 1.15635E-24
 6.00000E+04 1.21884E-21 1.04790E-21 9.52075E-23 1.80070E-23 2.55960E-23 1.80220E-23 3.50353E-24 5.04590E-24 1.44291E-25 1.79817E-25 3.38862E-24 5.99814E-25 8.60186E-25
 7.00000E+04 7.91954E-22 6.82572E-22 6.31129E-23 1.07364E-23 1.49577E-23 1.19605E-23 2.10732E-24 2.97408E-24 7.55354E-26 9.30312E-26 2.24962E-24 3.61369E-25 5.07820E-25
 8.00000E+04 5.43177E-22 4.68965E-22 4.40084E-23 6.85472E-24 9.37900E-24 8.34961E-24 1.35475E-24 1.87736E-24 4.31874E-26 5.26496E-26 1.57091E-24 2.32611E-25 3.20959E-25
 9.00000E+04 3.88576E-22 3.35908E-22 3.19223E-23 4.61460E-24 6.21052E-24 6.06310E-24 9.16997E-25 1.24983E-24 2.64267E-26 3.19286E-26 1.14103E-24 1.57614E-25 2.13894E-25
 1.00000E+05 2.87525E-22 2.48787E-22 2.39014E-23 3.24026E-24 4.29553E-24 4.54421E-24 6.46773E-25 8.68230E-25 1.70675E-26 2.04532E-26 8.55394E-25 1.11263E-25 1.48715E-25
 1.10000E+05 2.18731E-22 1.89398E-22 1.83685E-23 2.35462E-24 3.07856E-24 3.49549E-24 4.71809E-25 6.24541E-25 1.15154E-26 1.36976E-26 6.58130E-25 8.12196E-26 1.07047E-25
 1.25000E+05 1.51401E-22 1.31203E-22 1.28790E-23 1.53672E-24 1.97154E-24 2.45387E-24 3.09354E-25 4.01779E-25 6.81576E-27 8.03409E-27 4.62147E-25 5.33002E-26 6.89251E-26
 1.40000E+05 1.09196E-22 9.46830E-23 9.38822E-24 1.05478E-24 1.33052E-24 1.79067E-24 2.13106E-25 2.72113E-25 4.29818E-27 5.02979E-27 3.37330E-25 3.67443E-26 4.67139E-26
 1.50000E+05 8.94895E-23 7.76184E-23 7.74119E-24 8.39711E-25 1.04842E-24 1.47747E-24 1.70016E-25 2.14849E-25 3.25349E-27 3.79289E-27 2.78369E-25 2.93253E-26 3.68973E-26
 1.75000E+05 5.73911E-23 4.98051E-23 5.02810E-24 5.06388E-25 6.18052E-25 9.60971E-25 1.02969E-25 1.27175E-25 1.75756E-27 2.03340E-27 1.81114E-25 1.77752E-26 2.18583E-26
 2.00000E+05 3.91145E-23 3.39564E-23 3.46107E-24 3.28458E-25 3.93279E-25 6.62215E-25 6.69992E-26 8.11722E-26 1.03976E-27 1.19734E-27 1.24839E-25 1.15730E-26 1.39596E-26
 2.20000E+05 2.97922E-23 2.58689E-23 2.65331E-24 2.41958E-25 2.85964E-25 5.08041E-25 4.94569E-26 5.91379E-26 7.18987E-28 8.26283E-28 9.57910E-26 8.54654E-27 1.01740E-26
 2.50000E+05 2.07338E-23 1.80076E-23 1.86119E-24 1.61420E-25 1.87660E-25 3.56699E-25 3.30782E-26 3.89012E-26 4.41539E-28 5.07340E-28 6.72697E-26 5.71905E-27 6.69568E-27
 3.00000E+05 1.24546E-23 1.08201E-23 1.12888E-24 9.17219E-26 1.04450E-25 2.16600E-25 1.88521E-26 2.17119E-26 2.23903E-28 2.58582E-28 4.08592E-26 3.26132E-27 3.73913E-27
 3.50000E+05 8.16720E-24 7.09696E-24 7.45307E-25 5.75822E-26 6.46615E-26 1.43118E-25 1.18622E-26 1.34680E-26 1.28386E-28 1.49718E-28 2.70028E-26 2.05289E-27 2.32031E-27
 4.00000E+05 5.71442E-24 4.96659E-24 5.24003E-25 3.88877E-26 4.32702E-26 1.00681E-25 8.02268E-27 9.02471E-27 8.03773E-29 9.50185E-29 1.89985E-26 1.38894E-27 1.55519E-27
 4.50000E+05 4.20200E-24 3.65282E-24 3.86670E-25 2.77485E-26 3.07114E-26 7.43245E-26 5.73169E-27 6.41169E-27 5.37629E-29 6.46033E-29 1.40264E-26 9.92571E-28 1.10513E-27
 5.00000E+05 3.21329E-24 2.79389E-24 2.96447E-25 2.06719E-26 2.28199E-26 5.69987E-26 4.27483E-27 4.76794E-27 3.78963E-29 4.63627E-29 1.07575E-26 7.40331E-28 8.21987E-28
 5.50000E+05 2.53596E-24 2.20539E-24 2.34396E-25 1.59443E-26 1.75900E-26 4.50776E-26 3.29925E-27 3.67750E-27 2.78840E-29 3.46977E-29 8.50801E-27 5.71526E-28 6.34029E-28
 6.00000E+05 2.05377E-24 1.78640E-24 1.90088E-25 1.26502E-26 1.39685E-26 3.65617E-26 2.61909E-27 2.92137E-27 2.11668E-29 2.68338E-29 6.90098E-27 4.53714E-28 5.03739E-28
 7.00000E+05 1.43169E-24 1.24578E-24 1.32738E-25 8.50805E-27 9.44093E-27 2.55348E-26 1.76339E-27 1.97577E-27 1.32430E-29 1.74076E-29 4.81989E-27 3.05533E-28 3.40725E-28
 8.00000E+05 1.06174E-24 9.24192E-25 9.85211E-26 6.12263E-27 6.84186E-27 1.89535E-26 1.26983E-27 1.43250E-27 8.97867E-30 1.22264E-29 3.57767E-27 2.20047E-28 2.47054E-28
 9.00000E+05 8.24293E-25 7.17740E-25 7.65144E-26 4.63392E-27 5.21903E-27 1.47197E-26 9.61285E-28 1.09297E-27 6.47717E-30 9.10436E-30 2.77851E-27 1.66610E-28 1.88500E-28
 1.00000E+06 6.62717E-25 5.77219E-25 6.15201E-26 3.64451E-27 4.13784E-27 1.18345E-26 7.56373E-28 8.66606E-28 4.88342E-30 7.06463E-30 2.23389E-27 1.31085E-28 1.49475E-28
 1.10000E+06 5.47585E-25 4.77068E-25 5.08270E-26 2.95413E-27 3.38044E-27 9.77683E-27 6.13245E-28 7.08160E-28 3.81637E-30 5.67960E-30 1.84547E-27 1.06304E-28 1.22143E-28
 1.25000E+06 4.27916E-25 3.72939E-25 3.97058E-26 2.25344E-27 2.60676E-27 7.63683E-27 4.68047E-28 5.46131E-28 2.78670E-30 4.29216E-30 1.44149E-27 8.11231E-29 9.42017E-29
 1.40000E+06 3.46824E-25 3.02354E-25 3.21675E-26 1.79112E-27 2.09164E-27 6.18631E-27 3.72000E-28 4.38242E-28 2.12659E-30 3.38480E-30 1.16768E-27 6.44890E-29 7.55895E-29
 1.50000E+06 3.06311E-25 2.67081E-25 2.84016E-26 1.56464E-27 1.83737E-27 5.46169E-27 3.24989E-28 3.84930E-28 1.82158E-30 2.94830E-30 1.03089E-27 5.63361E-29 6.63969E-29
 1.75000E+06 2.34278E-25 2.04344E-25 2.17067E-26 1.17055E-27 1.39075E-27 4.17350E-27 2.43148E-28 2.91383E-28 1.29935E-30 2.19084E-30 7.87724E-28 4.21551E-29 5.02594E-29
 2.00000E+06 1.87547E-25 1.63628E-25 1.73652E-26 9.21840E-28 1.10526E-27 3.33831E-27 1.91548E-28 2.31565E-28 9.91148E-31 1.72092E-30 6.30065E-28 3.32078E-29 3.99436E-29
 2.20000E+06 1.60837E-25 1.40336E-25 1.48847E-26 7.90131E-28 9.47314E-28 2.86009E-27 1.64106E-28 1.98389E-28 8.49124E-31 1.47433E-30 5.39756E-28 2.84478E-29 3.42182E-29
 2.50000E+06 1.31687E-25 1.14914E-25 1.21804E-26 6.46546E-28 7.75136E-28 2.33909E-27 1.34209E-28 1.62246E-28 6.94403E-31 1.20568E-30 4.41379E-28 2.32628E-29 2.79813E-29
 3.00000E+06 1.00108E-25 8.73677E-26 9.25293E-27 4.91126E-28 5.88776E-28 1.77559E-27 1.01875E-28 1.23156E-28 5.27078E-31 9.15158E-31 3.34998E-28 1.76558E-29 2.12371E-29
 3.50000E+06 8.03320E-26 7.01436E-26 7.40039E-27 3.92781E-28 4.70860E-28 1.41932E-27 8.14326E-29 9.84423E-29 4.21297E-31 7.31490E-31 2.67752E-28 1.41116E-29 1.69739E-29
 4.00000E+06 6.67607E-26 5.83158E-26 6.13448E-27 3.25581E-28 3.90291E-28 1.17604E-27 6.74734E-29 8.15669E-29 3.49068E-31 6.06080E-31 2.21838E-28 1.16917E-29 1.40631E-29
 4.50000E+06 5.69278E-26 4.97418E-26 5.22040E-27 2.77060E-28 3.32118E-28 1.00046E-27 5.73996E-29 6.93886E-29 2.96945E-31 5.15579E-31 1.88706E-28 9.94549E-30 1.19627E-29
 5.00000E+06 4.95066E-26 4.32680E-26 4.53242E-27 2.40542E-28 2.88338E-28 8.68381E-28 4.98212E-29 6.02271E-29 2.57734E-31 4.47499E-31 1.63784E-28 8.63197E-30 1.03828E-29
 5.50000E+06 4.37245E-26 3.82222E-26 3.99763E-27 2.12156E-28 2.54308E-28 7.65747E-28 4.39325E-29 5.31083E-29 2.27268E-31 3.94600E-31 1.44420E-28 7.61139E-30 9.15520E-30
 6.00000E+06 3.91032E-26 3.41883E-26 3.57103E-27 1.89513E-28 2.27164E-28 6.83904E-28 3.92367E-29 4.74317E-29 2.02973E-31 3.52418E-31 1.28979E-28 6.79761E-30 8.17636E-30
 7.00000E+06 3.22002E-26 2.81605E-26 2.93529E-27 1.55771E-28 1.86715E-28 5.61982E-28 3.22415E-29 3.89754E-29 1.66783E-31 2.89582E-31 1.05979E-28 5.58542E-30 6.71830E-30
 8.00000E+06 2.73091E-26 2.38879E-26 2.48600E-27 1.31926E-28 1.58130E-28 4.75854E-28 2.73001E-29 3.30018E-29 1.41219E-31 2.45196E-31 8.97330E-29 4.72918E-30 5.68839E-30
 9.00000E+06 2.36740E-26 2.07116E-26 2.15276E-27 1.14240E-28 1.36930E-28 4.11993E-28 2.36362E-29 2.85726E-29 1.22265E-31 2.12286E-31 7.76878E-29 4.09436E-30 4.92480E-30
 1.00000E+07 2.08725E-26 1.82629E-26 1.89635E-27 1.00632E-28 1.20618E-28 3.62869E-28 2.08178E-29 2.51656E-29 1.07685E-31 1.86971E-31 6.84225E-29 3.60605E-30 4.33745E-30
 1.10000E+07 1.86508E-26 1.63207E-26 1.69328E-27 8.98548E-29 1.07700E-28 3.23972E-28 1.85863E-29 2.24679E-29 9.61410E-32 1.66927E-31 6.10868E-29 3.21943E-30 3.87241E-30
 1.25000E+07 1.60687E-26 1.40630E-26 1.45758E-27 7.73468E-29 9.27067E-29 2.78838E-28 1.59968E-29 1.93377E-29 8.27458E-32 1.43669E-31 5.25749E-29 2.77083E-30 3.33282E-30
 1.40000E+07 1.41044E-26 1.23452E-26 1.27853E-27 6.78445E-29 8.13167E-29 2.44556E-28 1.40300E-29 1.69601E-29 7.25717E-32 1.26004E-31 4.61100E-29 2.43011E-30 2.92299E-30
 1.50000E+07 1.30378E-26 1.14122E-26 1.18139E-27 6.26894E-29 7.51377E-29 2.25960E-28 1.29632E-29 1.56704E-29 6.70531E-32 1.16422E-31 4.26033E-29 2.24530E-30 2.70070E-30
 1.75000E+07 1.09576E-26 9.59247E-27 9.92125E-28 5.26459E-29 6.30993E-29 1.89737E-28 1.08850E-29 1.31582E-29 5.63031E-32 9.77574E-32 3.57727E-29 1.88530E-30 2.26769E-30
 2.00000E+07 9.44406E-27 8.26823E-27 8.54589E-28 4.53474E-29 5.43512E-29 1.63418E-28 9.37513E-30 1.13330E-29 4.84928E-32 8.41966E-32 3.08100E-29 1.62376E-30 1.95310E-30
 2.20000E+07 8.50188E-27 7.44377E-27 7.69045E-28 4.08079E-29 4.89102E-29 1.47051E-28 8.43614E-30 1.01979E-29 4.36357E-32 7.57634E-32 2.77239E-29 1.46111E-30 1.75746E-30
 2.50000E+07 7.39291E-27 6.47324E-27 6.68431E-28 3.54688E-29 4.25109E-29 1.27803E-28 7.33188E-30 8.86304E-30 3.79238E-32 6.58459E-32 2.40946E-29 1.26984E-30 1.52739E-30
 3.00000E+07 6.06979E-27 5.31515E-27 5.48498E-28 2.91046E-29 3.48829E-29 1.04862E-28 6.01579E-30 7.27209E-30 3.11161E-32 5.40260E-32 1.97693E-29 1.04188E-30 1.25320E-30
 3.50000E+07 5.14661E-27 4.50700E-27 4.64889E-28 2.46680E-29 2.95654E-29 8.88721E-29 5.09845E-30 6.16317E-30 2.63711E-32 4.57874E-32 1.67545E-29 8.82996E-31 1.06209E-30
 4.00000E+07 4.46629E-27 3.91140E-27 4.03316E-28 2.14007E-29 2.56493E-29 7.70974E-29 4.42295E-30 5.34660E-30 2.28771E-32 3.97208E-32 1.45345E-29 7.65999E-31 9.21362E-31
 4.50000E+07 3.94435E-27 3.45443E-27 3.56100E-28 1.88953E-29 2.26465E-29 6.80692E-29 3.90500E-30 4.72049E-30 2.01981E-32 3.50693E-32 1.28324E-29 6.76293E-31 8.13462E-31
 5.00000E+07 3.53135E-27 3.09281E-27 3.18755E-28 1.69137E-29 2.02714E-29 6.09286E-29 3.49536E-30 4.22530E-30 1.80792E-32 3.13904E-32 1.14862E-29 6.05346E-31 7.28124E-31
 5.50000E+07 3.19647E-27 2.79958E-27 2.88483E-28 1.53074E-29 1.83462E-29 5.51409E-29 3.16333E-30 3.82393E-30 1.63618E-32 2.84085E-32 1.03950E-29 5.47839E-31 6.58954E-31
 6.00000E+07 2.91949E-27 2.55704E-27 2.63452E-28 1.39791E-29 1.67542E-29 5.03553E-29 2.88879E-30 3.49205E-30 1.49418E-32 2.59429E-32 9.49284E-30 5.00291E-31 6.01762E-31
 7.00000E+07 2.48809E-27 2.17926E-27 2.24477E-28 1.19111E-29 1.42756E-29 4.29044E-29 2.46134E-30 2.97534E-30 1.27308E-32 2.21041E-32 8.08816E-30 4.26262E-31 5.12718E-31
 8.00000E+07 2.16764E-27 1.89863E-27 1.95536E-28 1.03754E-29 1.24350E-29 3.73720E-29 2.14395E-30 2.59168E-30 1.10892E-32 1.92538E-32 7.04518E-30 3.71295E-31 4.46602E-31
 9.00000E+07 1.92025E-27 1.68197E-27 1.73199E-28 9.19016E-30 1.10145E-29 3.31022E-29 1.89900E-30 2.29557E-30 9.82221E-33 1.70540E-32 6.24023E-30 3.28872E-31 3.95575E-31
 1.00000E+08 1.72350E-27 1.50966E-27 1.55439E-28 8.24774E-30 9.88500E-30 2.97073E-29 1.70424E-30 2.06014E-30 8.81484E-33 1.53049E-32 5.60022E-30 2.95142E-31 3.55004E-31
 1.10000E+08 1.56330E-27 1.36935E-27 1.40980E-28 7.48052E-30 8.96546E-30 2.69435E-29 1.54569E-30 1.86848E-30 7.99476E-33 1.38810E-32 5.07920E-30 2.67683E-31 3.21976E-31
 1.25000E+08 1.37198E-27 1.20178E-27 1.23715E-28 6.56441E-30 7.86750E-30 2.36435E-29 1.35638E-30 1.63963E-30 7.01557E-33 1.21809E-32 4.45709E-30 2.34897E-31 2.82540E-31
 1.40000E+08 1.22236E-27 1.07074E-27 1.10215E-28 5.84812E-30 7.00901E-30 2.10634E-29 1.20836E-30 1.46070E-30 6.24997E-33 1.08516E-32 3.97069E-30 2.09263E-31 2.51707E-31
 1.50000E+08 1.13951E-27 9.98168E-28 1.02741E-28 5.45152E-30 6.53367E-30 1.96348E-29 1.12640E-30 1.36163E-30 5.82607E-33 1.01156E-32 3.70138E-30 1.95070E-31 2.34635E-31
 1.75000E+08 9.74390E-28 8.53538E-28 8.78459E-29 4.66118E-30 5.58644E-30 1.67880E-29 9.63089E-31 1.16421E-30 4.98136E-33 8.64897E-33 3.16472E-30 1.66787E-31 2.00615E-31
 2.00000E+08 8.51056E-28 7.45508E-28 7.67221E-29 4.07093E-30 4.87903E-30 1.46620E-29 8.41126E-31 1.01678E-30 4.35053E-33 7.55368E-33 2.76394E-30 1.45665E-31 1.75209E-31
 2.20000E+08 7.72798E-28 6.76959E-28 6.96645E-29 3.69645E-30 4.43021E-30 1.33132E-29 7.63746E-31 9.23238E-31 3.95030E-33 6.85877E-33 2.50967E-30 1.32264E-31 1.59091E-31
 2.50000E+08 6.79123E-28 5.94905E-28 6.12171E-29 3.24823E-30 3.89301E-30 1.16988E-29 6.71131E-31 8.11282E-31 3.47126E-33 6.02704E-33 2.20533E-30 1.16225E-31 1.39798E-31
 3.00000E+08 5.64976E-28 4.94918E-28 5.09249E-29 2.70211E-30 3.23848E-30 9.73179E-30 5.58290E-31 6.74877E-31 2.88762E-33 5.01369E-33 1.83454E-30 9.66836E-32 1.16293E-31
 3.50000E+08 4.83678E-28 4.23703E-28 4.35951E-29 2.31319E-30 2.77236E-30 8.33101E-30 4.77931E-31 5.77736E-31 2.47198E-33 4.29202E-33 1.57048E-30 8.27670E-32 9.95540E-32
 4.00000E+08 4.22832E-28 3.70403E-28 3.81098E-29 2.02213E-30 2.42352E-30 7.28272E-30 4.17793E-31 5.05039E-31 2.16093E-33 3.75195E-33 1.37286E-30 7.23523E-32 8.70270E-32
 4.50000E+08 3.75583E-28 3.29014E-28 3.38504E-29 1.79613E-30 2.15266E-30 6.46874E-30 3.71097E-31 4.48592E-31 1.91941E-33 3.33260E-33 1.21942E-30 6.42656E-32 7.73001E-32
 5.00000E+08 3.37832E-28 2.95945E-28 3.04475E-29 1.61556E-30 1.93625E-30 5.81842E-30 3.33789E-31 4.03494E-31 1.72644E-33 2.99757E-33 1.09683E-30 5.78047E-32 6.95289E-32
 5.50000E+08 3.06977E-28 2.68916E-28 2.76662E-29 1.46798E-30 1.75938E-30 5.28691E-30 3.03298E-31 3.66634E-31 1.56873E-33 2.72374E-33 9.96630E-31 5.25242E-32 6.31774E-32
 6.00000E+08 2.81286E-28 2.46411E-28 2.53504E-29 1.34511E-30 1.61211E-30 4.84437E-30 2.77910E-31 3.35946E-31 1.43742E-33 2.49575E-33 9.13207E-31 4.81277E-32 5.78891E-32
 7.00000E+08 2.40954E-28 2.11081E-28 2.17152E-29 1.15222E-30 1.38094E-30 4.14968E-30 2.38057E-31 2.87770E-31 1.23129E-33 2.13785E-33 7.82251E-31 4.12261E-32 4.95877E-32
 8.00000E+08 2.10738E-28 1.84611E-28 1.89918E-29 1.00771E-30 1.20774E-30 3.62923E-30 2.08200E-31 2.51678E-31 1.07686E-33 1.86973E-33 6.84142E-31 3.60555E-32 4.33684E-32
 9.00000E+08 1.87256E-28 1.64040E-28 1.68753E-29 8.95414E-31 1.07315E-30 3.22478E-30 1.84998E-31 2.23631E-31 9.56857E-34 1.66136E-33 6.07900E-31 3.20374E-32 3.85354E-32
 1.00000E+09 1.68482E-28 1.47594E-28 1.51833E-29 8.05634E-31 9.65551E-31 2.90144E-30 1.66449E-31 2.01208E-31 8.60915E-34 1.49478E-33 5.46947E-31 2.88251E-32 3.46715E-32
