 ***  Photoelectric cross sections,  IZ = 25,  NSHELL =  7,  NDATA = 223
              0           1           2           3           4           5           6           7
 5.00000E+01 5.86203E-18 0.00000E+00 0.00000E+00 0.00000E+00 0.00000E+00 0.00000E+00 0.00000E+00 0.00000E+00
 5.30000E+01 5.63017E-18 0.00000E+00 0.00000E+00 0.00000E+00 0.00000E+00 0.00000E+00 0.00000E+00 0.00000E+00
 5.30000E+01 6.46275E-18 0.00000E+00 0.00000E+00 0.00000E+00 0.00000E+00 0.00000E+00 0.00000E+00 8.32586E-19
 5.50000E+01 6.23498E-18 0.00000E+00 0.00000E+00 0.00000E+00 0.00000E+00 0.00000E+00 0.00000E+00 7.58606E-19
 5.50000E+01 6.23498E-18 0.00000E+00 0.00000E+00 0.00000E+00 0.00000E+00 0.00000E+00 0.00000E+00 7.58606E-19
 5.50374E+01 6.63103E-18 0.00000E+00 0.00000E+00 0.00000E+00 0.00000E+00 0.00000E+00 4.00518E-19 7.57051E-19
 5.50748E+01 6.62606E-18 0.00000E+00 0.00000E+00 0.00000E+00 0.00000E+00 0.00000E+00 4.00016E-19 7.55499E-19
 5.51498E+01 6.61614E-18 0.00000E+00 0.00000E+00 0.00000E+00 0.00000E+00 0.00000E+00 3.99015E-19 7.52404E-19
 5.52999E+01 6.59606E-18 0.00000E+00 0.00000E+00 0.00000E+00 0.00000E+00 0.00000E+00 3.97019E-19 7.45959E-19
 5.56015E+01 6.55553E-18 0.00000E+00 0.00000E+00 0.00000E+00 0.00000E+00 0.00000E+00 3.92681E-19 7.32970E-19
 5.62095E+01 6.47228E-18 0.00000E+00 0.00000E+00 0.00000E+00 0.00000E+00 0.00000E+00 3.82580E-19 7.06723E-19
 5.74456E+01 6.30078E-18 0.00000E+00 0.00000E+00 0.00000E+00 0.00000E+00 0.00000E+00 3.58708E-19 6.54217E-19
 6.00000E+01 5.95942E-18 0.00000E+00 0.00000E+00 0.00000E+00 0.00000E+00 0.00000E+00 3.07135E-19 5.57921E-19
 6.48074E+01 5.41246E-18 0.00000E+00 0.00000E+00 0.00000E+00 0.00000E+00 0.00000E+00 2.30946E-19 4.40213E-19
 6.73537E+01 5.17631E-18 0.00000E+00 0.00000E+00 0.00000E+00 0.00000E+00 0.00000E+00 2.06198E-19 4.09212E-19
 7.00000E+01 4.96302E-18 0.00000E+00 0.00000E+00 0.00000E+00 0.00000E+00 0.00000E+00 1.90750E-19 3.94089E-19
 7.48331E+01 4.63618E-18 0.00000E+00 0.00000E+00 0.00000E+00 0.00000E+00 0.00000E+00 1.81893E-19 3.96155E-19
 8.00000E+01 4.34316E-18 0.00000E+00 0.00000E+00 0.00000E+00 0.00000E+00 0.00000E+00 1.88356E-19 4.20573E-19
 8.90000E+01 3.90862E-18 0.00000E+00 0.00000E+00 0.00000E+00 0.00000E+00 0.00000E+00 2.13799E-19 4.77930E-19
 8.90000E+01 4.25836E-18 0.00000E+00 0.00000E+00 0.00000E+00 0.00000E+00 3.49740E-19 2.13799E-19 4.77930E-19
 9.00000E+01 4.20954E-18 0.00000E+00 0.00000E+00 0.00000E+00 0.00000E+00 3.44943E-19 2.16892E-19 4.84298E-19
 1.00000E+02 3.77781E-18 0.00000E+00 0.00000E+00 0.00000E+00 0.00000E+00 3.17831E-19 2.46340E-19 5.41993E-19
 1.10000E+02 3.42041E-18 0.00000E+00 0.00000E+00 0.00000E+00 0.00000E+00 3.07828E-19 2.69293E-19 5.83492E-19
 1.17260E+02 3.19395E-18 0.00000E+00 0.00000E+00 0.00000E+00 0.00000E+00 3.03195E-19 2.80898E-19 6.02851E-19
 1.25000E+02 2.97463E-18 0.00000E+00 0.00000E+00 0.00000E+00 0.00000E+00 2.97608E-19 2.88826E-19 6.14013E-19
 1.32288E+02 2.78688E-18 0.00000E+00 0.00000E+00 0.00000E+00 0.00000E+00 2.91419E-19 2.92371E-19 6.17170E-19
 1.40000E+02 2.60242E-18 0.00000E+00 0.00000E+00 0.00000E+00 0.00000E+00 2.83007E-19 2.92763E-19 6.14108E-19
 1.50000E+02 2.38432E-18 0.00000E+00 0.00000E+00 0.00000E+00 0.00000E+00 2.70375E-19 2.89655E-19 6.03089E-19
 1.62019E+02 2.15138E-18 0.00000E+00 0.00000E+00 0.00000E+00 0.00000E+00 2.54120E-19 2.82238E-19 5.83806E-19
 1.75000E+02 1.93187E-18 0.00000E+00 0.00000E+00 0.00000E+00 0.00000E+00 2.36864E-19 2.71613E-19 5.58723E-19
 1.87083E+02 1.75403E-18 0.00000E+00 0.00000E+00 0.00000E+00 0.00000E+00 2.22015E-19 2.60438E-19 5.33419E-19
 2.00000E+02 1.58816E-18 0.00000E+00 0.00000E+00 0.00000E+00 0.00000E+00 2.07524E-19 2.47637E-19 5.05272E-19
 2.20000E+02 1.37136E-18 0.00000E+00 0.00000E+00 0.00000E+00 0.00000E+00 1.87374E-19 2.27474E-19 4.61697E-19
 2.34521E+02 1.23788E-18 0.00000E+00 0.00000E+00 0.00000E+00 0.00000E+00 1.74189E-19 2.12794E-19 4.30623E-19
 2.50000E+02 1.11512E-18 0.00000E+00 0.00000E+00 0.00000E+00 0.00000E+00 1.61308E-19 1.98103E-19 3.99797E-19
 2.73861E+02 9.56305E-19 0.00000E+00 0.00000E+00 0.00000E+00 0.00000E+00 1.43658E-19 1.77203E-19 3.56374E-19
 3.00000E+02 8.16341E-19 0.00000E+00 0.00000E+00 0.00000E+00 0.00000E+00 1.27342E-19 1.56966E-19 3.14675E-19
 3.24037E+02 7.12096E-19 0.00000E+00 0.00000E+00 0.00000E+00 0.00000E+00 1.14659E-19 1.40750E-19 2.81475E-19
 3.50000E+02 6.18753E-19 0.00000E+00 0.00000E+00 0.00000E+00 0.00000E+00 1.02922E-19 1.25218E-19 2.49822E-19
 3.74166E+02 5.46472E-19 0.00000E+00 0.00000E+00 0.00000E+00 0.00000E+00 9.34465E-20 1.12602E-19 2.24230E-19
 4.00000E+02 4.81544E-19 0.00000E+00 0.00000E+00 0.00000E+00 0.00000E+00 8.46097E-20 1.00838E-19 2.00451E-19
 4.50000E+02 3.83252E-19 0.00000E+00 0.00000E+00 0.00000E+00 0.00000E+00 7.06805E-20 8.22131E-20 1.62957E-19
 5.00000E+02 3.10640E-19 0.00000E+00 0.00000E+00 0.00000E+00 0.00000E+00 5.99064E-20 6.77516E-20 1.33964E-19
 5.50000E+02 2.55624E-19 0.00000E+00 0.00000E+00 0.00000E+00 0.00000E+00 5.13521E-20 5.63924E-20 1.11268E-19
 6.00000E+02 2.13239E-19 0.00000E+00 0.00000E+00 0.00000E+00 0.00000E+00 4.44669E-20 4.74225E-20 9.33990E-20
 6.45000E+02 1.82957E-19 0.00000E+00 0.00000E+00 0.00000E+00 0.00000E+00 3.93803E-20 4.08847E-20 8.04045E-20
 6.45000E+02 6.18612E-19 0.00000E+00 0.00000E+00 0.00000E+00 4.35655E-19 3.93803E-20 4.08847E-20 8.04045E-20
 6.45341E+02 6.45326E-19 0.00000E+00 0.00000E+00 0.00000E+00 4.62577E-19 3.93448E-20 4.08392E-20 8.03142E-20
 6.45682E+02 6.70687E-19 0.00000E+00 0.00000E+00 0.00000E+00 4.88146E-19 3.93093E-20 4.07937E-20 8.02240E-20
 6.46023E+02 6.94872E-19 0.00000E+00 0.00000E+00 0.00000E+00 5.12539E-19 3.92738E-20 4.07483E-20 8.01339E-20
 6.46365E+02 7.17555E-19 0.00000E+00 0.00000E+00 0.00000E+00 5.35430E-19 3.92384E-20 4.07029E-20 8.00438E-20
 6.46707E+02 7.39355E-19 0.00000E+00 0.00000E+00 0.00000E+00 5.57438E-19 3.92030E-20 4.06576E-20 7.99539E-20
 6.47048E+02 7.59750E-19 0.00000E+00 0.00000E+00 0.00000E+00 5.78040E-19 3.91676E-20 4.06124E-20 7.98641E-20
 6.47733E+02 7.97864E-19 0.00000E+00 0.00000E+00 0.00000E+00 6.16567E-19 3.90969E-20 4.05220E-20 7.96848E-20
 6.48418E+02 8.32355E-19 0.00000E+00 0.00000E+00 0.00000E+00 6.51472E-19 3.90264E-20 4.04318E-20 7.95059E-20
 6.49103E+02 8.63591E-19 0.00000E+00 0.00000E+00 0.00000E+00 6.83119E-19 3.89560E-20 4.03419E-20 7.93273E-20
 6.49790E+02 8.91865E-19 0.00000E+00 0.00000E+00 0.00000E+00 7.11805E-19 3.88857E-20 4.02521E-20 7.91492E-20
 6.50477E+02 9.17001E-19 0.00000E+00 0.00000E+00 0.00000E+00 7.37351E-19 3.88155E-20 4.01625E-20 7.89715E-20
 6.51165E+02 9.40470E-19 0.00000E+00 0.00000E+00 0.00000E+00 7.61229E-19 3.87455E-20 4.00732E-20 7.87942E-20
 6.51853E+02 9.60801E-19 0.00000E+00 0.00000E+00 0.00000E+00 7.81968E-19 3.86756E-20 3.99840E-20 7.86173E-20
 6.52542E+02 9.79641E-19 0.00000E+00 0.00000E+00 0.00000E+00 8.01215E-19 3.86058E-20 3.98950E-20 7.84407E-20
 6.53233E+02 9.95971E-19 0.00000E+00 0.00000E+00 0.00000E+00 8.17950E-19 3.85361E-20 3.98063E-20 7.82646E-20
 6.54615E+02 1.02367E-18 0.00000E+00 0.00000E+00 0.00000E+00 8.46460E-19 3.83972E-20 3.96293E-20 7.79135E-20
 6.56000E+02 1.04492E-18 0.00000E+00 0.00000E+00 0.00000E+00 8.68515E-19 3.82588E-20 3.94532E-20 7.75640E-20
 6.56000E+02 1.25470E-18 0.00000E+00 0.00000E+00 2.09783E-19 8.68516E-19 3.82588E-20 3.94532E-20 7.75640E-20
 6.56666E+02 1.28789E-18 0.00000E+00 0.00000E+00 2.34761E-19 8.77110E-19 3.81925E-20 3.93689E-20 7.73969E-20
 6.57332E+02 1.31748E-18 0.00000E+00 0.00000E+00 2.57429E-19 8.84413E-19 3.81264E-20 3.92848E-20 7.72301E-20
 6.57999E+02 1.34384E-18 0.00000E+00 0.00000E+00 2.77942E-19 8.90644E-19 3.80604E-20 3.92009E-20 7.70636E-20
 6.58667E+02 1.36668E-18 0.00000E+00 0.00000E+00 2.96309E-19 8.95496E-19 3.79945E-20 3.91172E-20 7.68975E-20
 6.59336E+02 1.38787E-18 0.00000E+00 0.00000E+00 3.13334E-19 9.00052E-19 3.79287E-20 3.90337E-20 7.67318E-20
 6.60005E+02 1.40654E-18 0.00000E+00 0.00000E+00 3.28642E-19 9.03792E-19 3.78630E-20 3.89503E-20 7.65665E-20
 6.61345E+02 1.43705E-18 0.00000E+00 0.00000E+00 3.55141E-19 9.08562E-19 3.77320E-20 3.87841E-20 7.62368E-20
 6.62688E+02 1.46071E-18 0.00000E+00 0.00000E+00 3.77053E-19 9.11063E-19 3.76014E-20 3.86186E-20 7.59085E-20
 6.64034E+02 1.47812E-18 0.00000E+00 0.00000E+00 3.94769E-19 9.11514E-19 3.74713E-20 3.84539E-20 7.55817E-20
 6.65382E+02 1.49033E-18 0.00000E+00 0.00000E+00 4.08996E-19 9.10245E-19 3.73416E-20 3.82898E-20 7.52563E-20
 6.66734E+02 1.49830E-18 0.00000E+00 0.00000E+00 4.20159E-19 9.07794E-19 3.72124E-20 3.81264E-20 7.49323E-20
 6.68088E+02 1.50249E-18 0.00000E+00 0.00000E+00 4.28439E-19 9.04443E-19 3.70836E-20 3.79637E-20 7.46096E-20
 6.69444E+02 1.50366E-18 0.00000E+00 0.00000E+00 4.34722E-19 9.00071E-19 3.69553E-20 3.78018E-20 7.42884E-20
 6.72166E+02 1.49978E-18 0.00000E+00 0.00000E+00 4.41771E-19 8.90611E-19 3.67000E-20 3.74799E-20 7.36501E-20
 6.74899E+02 1.49067E-18 0.00000E+00 0.00000E+00 4.43555E-19 8.81167E-19 3.64465E-20 3.71607E-20 7.30172E-20
 6.77643E+02 1.47772E-18 0.00000E+00 0.00000E+00 4.41940E-19 8.71275E-19 3.61947E-20 3.68443E-20 7.23898E-20
 6.88731E+02 1.41999E-18 0.00000E+00 0.00000E+00 4.24715E-19 8.36406E-19 3.52047E-20 3.56053E-20 6.99336E-20
 7.00000E+02 1.36990E-18 0.00000E+00 0.00000E+00 4.07909E-19 8.08619E-19 3.42348E-20 3.43903E-20 6.75230E-20
 7.13362E+02 1.31661E-18 0.00000E+00 0.00000E+00 3.92554E-19 7.76906E-19 3.31208E-20 3.30153E-20 6.47996E-20
 7.26980E+02 1.26127E-18 0.00000E+00 0.00000E+00 3.77102E-19 7.42969E-19 3.20430E-20 3.16951E-20 6.21860E-20
 7.55000E+02 1.14946E-18 0.00000E+00 0.00000E+00 3.44088E-19 6.75430E-19 2.99916E-20 2.91882E-20 5.72240E-20
 7.55000E+02 1.32546E-18 0.00000E+00 1.75998E-19 3.44088E-19 6.75430E-19 2.99916E-20 2.91882E-20 5.72240E-20
 7.60484E+02 1.29157E-18 0.00000E+00 1.62229E-19 3.38054E-19 6.63400E-19 2.96143E-20 2.87270E-20 5.63121E-20
 7.66007E+02 1.26456E-18 0.00000E+00 1.54991E-19 3.32127E-19 6.51585E-19 2.92417E-20 2.82731E-20 5.54148E-20
 7.77174E+02 1.22160E-18 0.00000E+00 1.49444E-19 3.20581E-19 6.29670E-19 2.85106E-20 2.73867E-20 5.36629E-20
 8.00000E+02 1.14824E-18 0.00000E+00 1.47140E-19 2.98844E-19 5.87911E-19 2.70979E-20 2.56863E-20 5.03023E-20
 9.00000E+02 8.79663E-19 0.00000E+00 1.25591E-19 2.25050E-19 4.41298E-19 2.19458E-20 1.96569E-20 3.84093E-20
 9.48683E+02 7.79153E-19 0.00000E+00 1.16326E-19 1.97838E-19 3.87243E-19 1.99289E-20 1.73821E-20 3.39314E-20
 1.00000E+03 6.88648E-19 0.00000E+00 1.07558E-19 1.73330E-19 3.38849E-19 1.80956E-20 1.53640E-20 2.99615E-20
 1.10000E+03 5.49182E-19 0.00000E+00 9.29797E-20 1.35919E-19 2.65071E-19 1.51577E-20 1.22235E-20 2.37979E-20
 1.25000E+03 4.02356E-19 0.00000E+00 7.57436E-20 9.70570E-20 1.88738E-19 1.18954E-20 8.92398E-21 1.73310E-20
 1.40000E+03 3.03674E-19 0.00000E+00 6.26251E-20 7.14128E-20 1.38534E-19 9.56013E-21 6.70258E-21 1.29898E-20
 1.50000E+03 2.55288E-19 0.00000E+00 5.55478E-20 5.90499E-20 1.14380E-19 8.35233E-21 5.61259E-21 1.08635E-20
 1.75000E+03 1.72353E-19 0.00000E+00 4.20930E-20 3.82932E-20 7.39466E-20 6.14872E-21 3.74261E-21 7.22309E-21
 2.00000E+03 1.22033E-19 0.00000E+00 3.27660E-20 2.60926E-20 5.02533E-20 4.69087E-21 2.61069E-21 5.02561E-21
 2.20000E+03 9.51344E-20 0.00000E+00 2.72466E-20 1.97532E-20 3.79707E-20 3.85523E-21 2.00823E-21 3.85894E-21
 2.50000E+03 6.79205E-20 0.00000E+00 2.11340E-20 1.35213E-20 2.59236E-20 2.95142E-21 1.40297E-21 2.68914E-21
 3.00000E+03 4.17670E-20 0.00000E+00 1.45258E-20 7.78449E-21 1.48695E-20 2.00007E-21 8.29929E-22 1.58492E-21
 3.50000E+03 2.75574E-20 0.00000E+00 1.04599E-20 4.83242E-21 9.20023E-21 1.42801E-21 5.25987E-22 1.00123E-21
 4.00000E+03 1.91629E-20 0.00000E+00 7.80888E-21 3.17481E-21 6.02666E-21 1.06002E-21 3.51201E-22 6.66580E-22
 4.50000E+03 1.38778E-20 0.00000E+00 5.99922E-21 2.17993E-21 4.12719E-21 8.11052E-22 2.44318E-22 4.62479E-22
 5.00000E+03 1.03811E-20 0.00000E+00 4.71702E-21 1.55117E-21 2.92958E-21 6.35842E-22 1.75705E-22 3.31775E-22
 5.50000E+03 7.97383E-21 0.00000E+00 3.78120E-21 1.13671E-21 2.14192E-21 5.08583E-22 1.29884E-22 2.44689E-22
 6.00000E+03 6.26082E-21 0.00000E+00 3.08108E-21 8.53662E-22 1.60505E-21 4.13700E-22 9.82623E-23 1.84719E-22
 6.54400E+03 4.90976E-21 0.00000E+00 2.50272E-21 6.39462E-22 1.19966E-21 3.35574E-22 7.41100E-23 1.38998E-22
 6.54400E+03 4.49182E-20 4.00084E-20 2.50272E-21 6.39462E-22 1.19966E-21 3.35574E-22 7.41100E-23 1.38998E-22
 6.54744E+03 4.28597E-20 3.79571E-20 2.49956E-21 6.38343E-22 1.19754E-21 3.35149E-22 7.39833E-23 1.38758E-22
 6.55089E+03 4.15542E-20 3.66589E-20 2.49641E-21 6.37226E-22 1.19543E-21 3.34724E-22 7.38569E-23 1.38519E-22
 6.55434E+03 4.07468E-20 3.58586E-20 2.49327E-21 6.36110E-22 1.19332E-21 3.34299E-22 7.37306E-23 1.38280E-22
 6.55779E+03 4.02247E-20 3.53437E-20 2.49013E-21 6.34997E-22 1.19122E-21 3.33875E-22 7.36046E-23 1.38042E-22
 6.56124E+03 3.99630E-20 3.50891E-20 2.48699E-21 6.33886E-22 1.18912E-21 3.33452E-22 7.34788E-23 1.37804E-22
 6.56470E+03 3.98387E-20 3.49721E-20 2.48386E-21 6.32776E-22 1.18702E-21 3.33029E-22 7.33532E-23 1.37567E-22
 6.57161E+03 3.98660E-20 3.50136E-20 2.47760E-21 6.30563E-22 1.18284E-21 3.32185E-22 7.31027E-23 1.37093E-22
 6.58546E+03 4.02145E-20 3.53905E-20 2.46514E-21 6.26160E-22 1.17451E-21 3.30503E-22 7.26043E-23 1.36151E-22
 6.59239E+03 4.03278E-20 3.55180E-20 2.45893E-21 6.23970E-22 1.17038E-21 3.29665E-22 7.23563E-23 1.35682E-22
 6.59933E+03 4.03438E-20 3.55481E-20 2.45274E-21 6.21787E-22 1.16625E-21 3.28829E-22 7.21092E-23 1.35215E-22
 6.65514E+03 3.94563E-20 3.47719E-20 2.40376E-21 6.04601E-22 1.13377E-21 3.22219E-22 7.01625E-23 1.31535E-22
 6.76816E+03 3.78890E-20 3.34193E-20 2.30872E-21 5.71640E-22 1.07150E-21 3.09395E-22 6.64252E-23 1.24474E-22
 7.00000E+03 3.48482E-20 3.07783E-20 2.12959E-21 5.10989E-22 9.56992E-22 2.85252E-22 5.95343E-23 1.11461E-22
 7.48331E+03 2.93684E-20 2.59964E-20 1.80880E-21 4.07979E-22 7.62666E-22 2.42101E-22 4.77581E-23 8.92493E-23
 8.00000E+03 2.46747E-20 2.18785E-20 1.53625E-21 3.25724E-22 6.07778E-22 2.05474E-22 3.83098E-23 7.14607E-23
 9.00000E+03 1.80900E-20 1.60854E-20 1.14603E-21 2.17971E-22 4.05347E-22 1.53157E-22 2.58393E-23 4.80353E-23
 1.00000E+04 1.36628E-20 1.21766E-20 8.78329E-22 1.51643E-22 2.81124E-22 1.17338E-22 1.80988E-23 3.35372E-23
 1.10000E+04 1.05681E-20 9.43556E-21 6.88307E-22 1.08928E-22 2.01312E-22 9.19476E-23 1.30748E-23 2.41545E-23
 1.25000E+04 7.45586E-21 6.67076E-21 4.94090E-22 6.96052E-23 1.28097E-22 6.60195E-23 8.41627E-24 1.54812E-23
 1.40000E+04 5.45138E-21 4.88501E-21 3.66693E-22 4.66291E-23 8.54736E-23 4.90204E-23 5.67176E-24 1.03908E-23
 1.50000E+04 4.49764E-21 4.03376E-21 3.05232E-22 3.64828E-23 6.66971E-23 4.08190E-23 4.45214E-24 8.13544E-24
 1.75000E+04 2.91365E-21 2.61733E-21 2.01571E-22 2.09962E-23 3.81580E-23 2.69811E-23 2.57975E-24 4.68552E-24
 2.00000E+04 1.99119E-21 1.79069E-21 1.39949E-22 1.29585E-23 2.34165E-23 1.87489E-23 1.60018E-24 2.89004E-24
 2.20000E+04 1.51375E-21 1.36225E-21 1.07543E-22 9.16146E-24 1.64871E-23 1.44167E-23 1.13517E-24 2.04139E-24
 2.50000E+04 1.04487E-21 9.41019E-22 7.52575E-23 5.74068E-24 1.02674E-23 1.00973E-23 7.14127E-25 1.27645E-24
 3.00000E+04 6.12361E-22 5.51968E-22 4.49135E-23 2.93363E-24 5.19780E-24 6.03359E-24 3.66807E-25 6.49509E-25
 3.50000E+04 3.87902E-22 3.49838E-22 2.88523E-23 1.65687E-24 2.91070E-24 3.88001E-24 2.07996E-25 3.65103E-25
 4.00000E+04 2.60333E-22 2.34874E-22 1.95810E-23 1.00808E-24 1.75665E-24 2.63556E-24 1.26925E-25 2.20997E-25
 4.50000E+04 1.82704E-22 1.64880E-22 1.38675E-23 6.49575E-25 1.12323E-24 1.86795E-24 8.19772E-26 1.41649E-25
 5.00000E+04 1.32872E-22 1.19932E-22 1.01617E-23 4.38071E-25 7.52156E-25 1.36966E-24 5.53997E-26 9.50352E-26
 5.50000E+04 9.94821E-23 8.98071E-23 7.65693E-24 3.06729E-25 5.22957E-25 1.03263E-24 3.88467E-26 6.61829E-26
 6.00000E+04 7.63077E-23 6.88939E-23 5.90551E-24 2.21466E-25 3.75197E-25 7.96821E-25 2.80913E-26 4.75460E-26
 7.00000E+04 4.76021E-23 4.29837E-23 3.71688E-24 1.24466E-25 2.08295E-25 5.01922E-25 1.58227E-26 2.64539E-26
 8.00000E+04 3.15733E-23 2.85126E-23 2.48242E-24 7.56539E-26 1.25181E-25 3.35442E-25 9.63330E-27 1.59253E-26
 9.00000E+04 2.19569E-23 1.98296E-23 1.73595E-24 4.88410E-26 7.99695E-26 2.34700E-25 6.22690E-27 1.01875E-26
 1.00000E+05 1.58561E-23 1.43203E-23 1.25934E-24 3.30698E-26 5.36379E-26 1.70338E-25 4.22121E-27 6.84024E-27
 1.10000E+05 1.18082E-23 1.06647E-23 9.41425E-25 2.32850E-26 3.74322E-26 1.27385E-25 2.97463E-27 4.77753E-27
 1.25000E+05 7.95167E-24 7.18171E-24 6.36928E-25 1.45908E-26 2.31702E-26 8.62235E-26 1.86593E-27 2.96055E-27
 1.40000E+05 5.60223E-24 5.05976E-24 4.50428E-25 9.67353E-27 1.51971E-26 6.09995E-26 1.23812E-27 1.94358E-27
 1.50000E+05 4.52809E-24 4.08962E-24 3.64839E-25 7.54612E-27 1.17803E-26 4.94193E-26 9.66423E-28 1.50706E-27
 1.75000E+05 2.81877E-24 2.54577E-24 2.28097E-25 4.35809E-27 6.70843E-27 3.09106E-26 5.58626E-28 8.59017E-28
 2.00000E+05 1.87458E-24 1.69298E-24 1.52191E-25 2.72910E-27 4.15310E-27 2.06312E-26 3.50046E-28 5.32177E-28
 2.20000E+05 1.40405E-24 1.26801E-24 1.14230E-25 1.96329E-27 2.96525E-27 1.54886E-26 2.51920E-28 3.80203E-28
 2.50000E+05 9.56328E-25 8.63647E-25 7.80019E-26 1.27075E-27 1.90330E-27 1.05792E-26 1.63173E-28 2.44157E-28
 3.00000E+05 5.58225E-25 5.04109E-25 4.56700E-26 6.94092E-28 1.03061E-27 6.19607E-27 8.91639E-29 1.32286E-28
 3.50000E+05 3.58041E-25 3.23326E-25 2.93538E-26 4.22745E-28 6.25898E-28 3.98331E-27 5.43295E-29 8.03752E-29
 4.00000E+05 2.46181E-25 2.22310E-25 2.02129E-26 2.78631E-28 4.13118E-28 2.74331E-27 3.58231E-29 5.30716E-29
 4.50000E+05 1.78532E-25 1.61221E-25 1.46741E-26 1.94912E-28 2.90421E-28 1.99180E-27 2.50796E-29 3.73099E-29
 5.00000E+05 1.35024E-25 1.21932E-25 1.11065E-26 1.42944E-28 2.14416E-28 1.50767E-27 1.83899E-29 2.75443E-29
 5.50000E+05 1.05628E-25 9.53881E-26 8.69331E-27 1.08753E-28 1.64476E-28 1.18015E-27 1.39947E-29 2.11377E-29
 6.00000E+05 8.49490E-26 7.67155E-26 6.99422E-27 8.52805E-29 1.30268E-28 9.49520E-28 1.09741E-29 1.67393E-29
 7.00000E+05 5.86451E-26 5.29636E-26 4.83084E-27 5.63279E-29 8.78424E-29 6.55852E-28 7.24747E-30 1.12893E-29
 8.00000E+05 4.32481E-26 3.90603E-26 3.56334E-27 3.99733E-29 6.36839E-29 4.83779E-28 5.14498E-30 8.18600E-30
 9.00000E+05 3.34840E-26 3.02434E-26 2.75908E-27 2.98963E-29 4.86853E-29 3.74585E-28 3.85099E-30 6.25846E-30
 1.00000E+06 2.69001E-26 2.42979E-26 2.21654E-27 2.33244E-29 3.87324E-29 3.00925E-28 3.00124E-30 4.97868E-30
 1.10000E+06 2.22405E-26 2.00900E-26 1.83250E-27 1.87557E-29 3.17604E-29 2.48780E-28 2.41643E-30 4.08332E-30
 1.25000E+06 1.74252E-26 1.57414E-26 1.43556E-27 1.41985E-29 2.46486E-29 1.94888E-28 1.82778E-30 3.16823E-30
 1.40000E+06 1.41767E-26 1.28076E-26 1.16778E-27 1.11979E-29 1.98944E-29 1.58530E-28 1.44235E-30 2.55806E-30
 1.50000E+06 1.25572E-26 1.13448E-26 1.03428E-27 9.75066E-30 1.75454E-29 1.40405E-28 1.25526E-30 2.25620E-30
 1.75000E+06 9.67986E-27 8.74594E-27 7.97121E-28 7.23780E-30 1.34098E-29 1.08206E-28 9.32319E-31 1.72412E-30
 2.00000E+06 7.81105E-27 7.05786E-27 6.43095E-28 5.67335E-30 1.07473E-29 8.72958E-29 7.30520E-31 1.38175E-30
 2.20000E+06 6.74380E-27 6.09399E-27 5.54839E-28 4.89469E-30 9.27219E-30 7.53087E-29 6.30206E-31 1.19201E-30
 2.50000E+06 5.57365E-27 5.03706E-27 4.58168E-28 4.04180E-30 7.65653E-30 6.21805E-29 5.20342E-31 9.84206E-31
 3.00000E+06 4.29534E-27 3.88228E-27 3.52698E-28 3.11132E-30 5.89386E-30 4.78598E-29 4.00500E-31 7.57530E-31
 3.50000E+06 3.47709E-27 3.14299E-27 2.85277E-28 2.51652E-30 4.76712E-30 3.87069E-29 3.23906E-31 6.12654E-31
 4.00000E+06 2.91199E-27 2.63237E-27 2.38764E-28 2.10619E-30 3.98980E-30 3.23933E-29 2.71071E-31 5.12720E-31
 4.50000E+06 2.49998E-27 2.26004E-27 2.04880E-28 1.80727E-30 3.42355E-30 2.77944E-29 2.32586E-31 4.39927E-31
 5.00000E+06 2.18714E-27 1.97731E-27 1.79169E-28 1.58046E-30 2.99390E-30 2.43052E-29 2.03388E-31 3.84699E-31
 5.50000E+06 1.94200E-27 1.75576E-27 1.59035E-28 1.40284E-30 2.65744E-30 2.15729E-29 1.80523E-31 3.41452E-31
 6.00000E+06 1.74503E-27 1.57772E-27 1.42864E-28 1.26020E-30 2.38722E-30 1.93787E-29 1.62162E-31 3.06722E-31
 7.00000E+06 1.44871E-27 1.30987E-27 1.18551E-28 1.04573E-30 1.98094E-30 1.60799E-29 1.34557E-31 2.54508E-31
 8.00000E+06 1.23690E-27 1.11841E-27 1.01185E-28 8.92530E-31 1.69073E-30 1.37237E-29 1.14840E-31 2.17215E-31
 9.00000E+06 1.07828E-27 9.75007E-28 8.81849E-29 7.77858E-31 1.47351E-30 1.19601E-29 1.00082E-31 1.89301E-31
 1.00000E+07 9.55202E-28 8.63739E-28 7.81026E-29 6.88922E-31 1.30503E-30 1.05924E-29 8.86372E-32 1.67654E-31
 1.10000E+07 8.57021E-28 7.74974E-28 7.00625E-29 6.18000E-31 1.17068E-30 9.50177E-30 7.95107E-32 1.50391E-31
 1.25000E+07 7.42186E-28 6.71148E-28 6.06617E-29 5.35076E-31 1.01360E-30 8.22663E-30 6.88402E-32 1.30208E-31
 1.40000E+07 6.54239E-28 5.91629E-28 5.34644E-29 4.71590E-31 8.93338E-31 7.25041E-30 6.06712E-32 1.14757E-31
 1.50000E+07 6.06246E-28 5.48235E-28 4.95378E-29 4.36954E-31 8.27726E-31 6.71783E-30 5.62145E-32 1.06327E-31
 1.75000E+07 5.12118E-28 4.63123E-28 4.18385E-29 3.69040E-31 6.99075E-31 5.67359E-30 4.74763E-32 8.97993E-32
 2.00000E+07 4.43151E-28 4.00760E-28 3.61989E-29 3.19294E-31 6.04842E-31 4.90873E-30 4.10760E-32 7.76934E-32
 2.20000E+07 3.99991E-28 3.61733E-28 3.26704E-29 2.88171E-31 5.45884E-31 4.43020E-30 3.70717E-32 7.01194E-32
 2.50000E+07 3.48949E-28 3.15577E-28 2.84983E-29 2.51370E-31 4.76172E-31 3.86440E-30 3.23370E-32 6.11641E-32
 3.00000E+07 2.87680E-28 2.60171E-28 2.34913E-29 2.07205E-31 3.92511E-31 3.18539E-30 2.66551E-32 5.04170E-32
 3.50000E+07 2.44670E-28 2.21276E-28 1.99773E-29 1.76209E-31 3.33795E-31 2.70886E-30 2.26675E-32 4.28746E-32
 4.00000E+07 2.12826E-28 1.92478E-28 1.73760E-29 1.53264E-31 2.90330E-31 2.35611E-30 1.97157E-32 3.72914E-32
 4.50000E+07 1.88305E-28 1.70303E-28 1.53731E-29 1.35598E-31 2.56865E-31 2.08451E-30 1.74430E-32 3.29927E-32
 5.00000E+07 1.68844E-28 1.52703E-28 1.37837E-29 1.21579E-31 2.30307E-31 1.86899E-30 1.56395E-32 2.95815E-32
 5.50000E+07 1.53025E-28 1.38396E-28 1.24918E-29 1.10183E-31 2.08721E-31 1.69381E-30 1.41736E-32 2.68088E-32
 6.00000E+07 1.39913E-28 1.26538E-28 1.14211E-29 1.00739E-31 1.90831E-31 1.54862E-30 1.29587E-32 2.45108E-32
 7.00000E+07 1.19440E-28 1.08023E-28 9.74942E-30 8.59941E-32 1.62899E-31 1.32194E-30 1.10619E-32 2.09231E-32
 8.00000E+07 1.04190E-28 9.42314E-29 8.50435E-30 7.50120E-32 1.42096E-31 1.15311E-30 9.64915E-33 1.82509E-32
 9.00000E+07 9.23922E-29 8.35613E-29 7.54114E-30 6.65160E-32 1.26002E-31 1.02251E-30 8.55624E-33 1.61838E-32
 1.00000E+08 8.29933E-29 7.50610E-29 6.77384E-30 5.97481E-32 1.13181E-31 9.18466E-31 7.68564E-33 1.45370E-32
 1.10000E+08 7.53295E-29 6.81298E-29 6.14821E-30 5.42298E-32 1.02728E-31 8.33635E-31 6.97578E-33 1.31944E-32
 1.25000E+08 6.61642E-29 5.98406E-29 5.40004E-30 4.76306E-32 9.02269E-32 7.32189E-31 6.12688E-33 1.15887E-32
 1.40000E+08 5.89868E-29 5.33493E-29 4.81417E-30 4.24629E-32 8.04377E-32 6.52749E-31 5.46214E-33 1.03314E-32
 1.50000E+08 5.50085E-29 4.97512E-29 4.48944E-30 3.95986E-32 7.50119E-32 6.08718E-31 5.09369E-33 9.63449E-33
 1.75000E+08 4.70714E-29 4.25728E-29 3.84159E-30 3.38843E-32 6.41873E-32 5.20875E-31 4.35863E-33 8.24416E-33
 2.00000E+08 4.11357E-29 3.72045E-29 3.35712E-30 2.96111E-32 5.60925E-32 4.55186E-31 3.80895E-33 7.20446E-33
 2.20000E+08 3.73661E-29 3.37952E-29 3.04945E-30 2.68973E-32 5.09518E-32 4.13469E-31 3.45987E-33 6.54419E-33
 2.50000E+08 3.28505E-29 2.97111E-29 2.68090E-30 2.36466E-32 4.47939E-32 3.63498E-31 3.04171E-33 5.75326E-33
 3.00000E+08 2.73431E-29 2.47301E-29 2.23142E-30 1.96820E-32 3.72837E-32 3.02553E-31 2.53173E-33 4.78866E-33
 3.50000E+08 2.34172E-29 2.11793E-29 1.91101E-30 1.68558E-32 3.19301E-32 2.59109E-31 2.16820E-33 4.10105E-33
 4.00000E+08 2.04770E-29 1.85202E-29 1.67106E-30 1.47394E-32 2.79209E-32 2.26575E-31 1.89595E-33 3.58611E-33
 4.50000E+08 1.81928E-29 1.64543E-29 1.48464E-30 1.30951E-32 2.48062E-32 2.01299E-31 1.68445E-33 3.18606E-33
 5.00000E+08 1.63670E-29 1.48030E-29 1.33564E-30 1.17809E-32 2.23166E-32 1.81096E-31 1.51539E-33 2.86630E-33
 5.50000E+08 1.48743E-29 1.34529E-29 1.21382E-30 1.07064E-32 2.02812E-32 1.64579E-31 1.37718E-33 2.60487E-33
 6.00000E+08 1.36311E-29 1.23285E-29 1.11237E-30 9.81150E-33 1.85860E-32 1.50823E-31 1.26207E-33 2.38715E-33
 7.00000E+08 1.16788E-29 1.05628E-29 9.53047E-31 8.40624E-33 1.59240E-32 1.29221E-31 1.08131E-33 2.04524E-33
 8.00000E+08 1.02157E-29 9.23950E-30 8.33647E-31 7.35308E-33 1.39290E-32 1.13032E-31 9.45837E-34 1.78901E-33
 9.00000E+08 9.07838E-30 8.21085E-30 7.40833E-31 6.53443E-33 1.23782E-32 1.00447E-31 8.40533E-34 1.58983E-33
 1.00000E+09 8.16892E-30 7.38829E-30 6.66616E-31 5.87981E-33 1.11381E-32 9.03844E-32 7.56327E-34 1.43056E-33
