 ***  Photoelectric cross sections,  IZ = 20,  NSHELL =  5,  NDATA = 186
              0           1           2           3           4           5
 5.00000E+01 1.25309E-18 0.00000E+00 0.00000E+00 0.00000E+00 0.00000E+00 3.85912E-19
 5.24404E+01 1.28686E-18 0.00000E+00 0.00000E+00 0.00000E+00 0.00000E+00 3.88830E-19
 5.50000E+01 1.32596E-18 0.00000E+00 0.00000E+00 0.00000E+00 0.00000E+00 3.90871E-19
 6.00000E+01 1.40014E-18 0.00000E+00 0.00000E+00 0.00000E+00 0.00000E+00 3.92486E-19
 6.23574E+01 1.43089E-18 0.00000E+00 0.00000E+00 0.00000E+00 0.00000E+00 3.92219E-19
 6.48074E+01 1.45852E-18 0.00000E+00 0.00000E+00 0.00000E+00 0.00000E+00 3.91279E-19
 6.73537E+01 1.48187E-18 0.00000E+00 0.00000E+00 0.00000E+00 0.00000E+00 3.89486E-19
 7.00000E+01 1.50073E-18 0.00000E+00 0.00000E+00 0.00000E+00 0.00000E+00 3.86731E-19
 7.23762E+01 1.51253E-18 0.00000E+00 0.00000E+00 0.00000E+00 0.00000E+00 3.83437E-19
 7.48331E+01 1.51960E-18 0.00000E+00 0.00000E+00 0.00000E+00 0.00000E+00 3.79358E-19
 7.73735E+01 1.52219E-18 0.00000E+00 0.00000E+00 0.00000E+00 0.00000E+00 3.74419E-19
 8.00000E+01 1.52014E-18 0.00000E+00 0.00000E+00 0.00000E+00 0.00000E+00 3.68649E-19
 8.23907E+01 1.51455E-18 0.00000E+00 0.00000E+00 0.00000E+00 0.00000E+00 3.62869E-19
 8.48528E+01 1.50538E-18 0.00000E+00 0.00000E+00 0.00000E+00 0.00000E+00 3.56324E-19
 8.73885E+01 1.49333E-18 0.00000E+00 0.00000E+00 0.00000E+00 0.00000E+00 3.49729E-19
 9.00000E+01 1.47816E-18 0.00000E+00 0.00000E+00 0.00000E+00 0.00000E+00 3.42540E-19
 9.48683E+01 1.44442E-18 0.00000E+00 0.00000E+00 0.00000E+00 0.00000E+00 3.28687E-19
 1.00000E+02 1.40364E-18 0.00000E+00 0.00000E+00 0.00000E+00 0.00000E+00 3.14360E-19
 1.04881E+02 1.36247E-18 0.00000E+00 0.00000E+00 0.00000E+00 0.00000E+00 3.01142E-19
 1.10000E+02 1.31770E-18 0.00000E+00 0.00000E+00 0.00000E+00 0.00000E+00 2.88058E-19
 1.17260E+02 1.25339E-18 0.00000E+00 0.00000E+00 0.00000E+00 0.00000E+00 2.70588E-19
 1.25000E+02 1.18507E-18 0.00000E+00 0.00000E+00 0.00000E+00 0.00000E+00 2.53534E-19
 1.32288E+02 1.12243E-18 0.00000E+00 0.00000E+00 0.00000E+00 0.00000E+00 2.38678E-19
 1.40000E+02 1.05778E-18 0.00000E+00 0.00000E+00 0.00000E+00 0.00000E+00 2.24007E-19
 1.50000E+02 9.78205E-19 0.00000E+00 0.00000E+00 0.00000E+00 0.00000E+00 2.06702E-19
 1.62019E+02 8.89671E-19 0.00000E+00 0.00000E+00 0.00000E+00 0.00000E+00 1.87857E-19
 1.75000E+02 8.04209E-19 0.00000E+00 0.00000E+00 0.00000E+00 0.00000E+00 1.70143E-19
 1.87083E+02 7.33089E-19 0.00000E+00 0.00000E+00 0.00000E+00 0.00000E+00 1.55739E-19
 2.00000E+02 6.65912E-19 0.00000E+00 0.00000E+00 0.00000E+00 0.00000E+00 1.42224E-19
 2.09762E+02 6.20024E-19 0.00000E+00 0.00000E+00 0.00000E+00 0.00000E+00 1.33188E-19
 2.20000E+02 5.75841E-19 0.00000E+00 0.00000E+00 0.00000E+00 0.00000E+00 1.24532E-19
 2.34521E+02 5.19815E-19 0.00000E+00 0.00000E+00 0.00000E+00 0.00000E+00 1.13550E-19
 2.50000E+02 4.67590E-19 0.00000E+00 0.00000E+00 0.00000E+00 0.00000E+00 1.03276E-19
 2.73861E+02 4.00038E-19 0.00000E+00 0.00000E+00 0.00000E+00 0.00000E+00 8.99509E-20
 3.00000E+02 3.40183E-19 0.00000E+00 0.00000E+00 0.00000E+00 0.00000E+00 7.81213E-20
 3.23574E+02 2.96084E-19 0.00000E+00 0.00000E+00 0.00000E+00 0.00000E+00 6.93263E-20
 3.49000E+02 2.56599E-19 0.00000E+00 0.00000E+00 0.00000E+00 0.00000E+00 6.13530E-20
 3.49000E+02 1.61215E-18 0.00000E+00 0.00000E+00 0.00000E+00 1.35555E-18 6.13530E-20
 3.49500E+02 1.65079E-18 0.00000E+00 0.00000E+00 0.00000E+00 1.39490E-18 6.12085E-20
 3.50000E+02 1.68318E-18 0.00000E+00 0.00000E+00 0.00000E+00 1.42799E-18 6.10644E-20
 3.50748E+02 1.72101E-18 0.00000E+00 0.00000E+00 0.00000E+00 1.46687E-18 6.08500E-20
 3.51497E+02 1.75067E-18 0.00000E+00 0.00000E+00 0.00000E+00 1.49757E-18 6.06364E-20
 3.52248E+02 1.77410E-18 0.00000E+00 0.00000E+00 0.00000E+00 1.52205E-18 6.04235E-20
 3.53000E+02 1.79283E-18 0.00000E+00 0.00000E+00 0.00000E+00 1.54181E-18 6.02114E-20
 3.53000E+02 2.45530E-18 0.00000E+00 0.00000E+00 6.62479E-19 1.54181E-18 6.02114E-20
 3.53690E+02 2.49493E-18 0.00000E+00 0.00000E+00 6.88744E-19 1.55611E-18 6.00179E-20
 3.54382E+02 2.52561E-18 0.00000E+00 0.00000E+00 7.09049E-19 1.56742E-18 5.98250E-20
 3.55074E+02 2.54921E-18 0.00000E+00 0.00000E+00 7.24927E-19 1.57608E-18 5.96328E-20
 3.55769E+02 2.56745E-18 0.00000E+00 0.00000E+00 7.37980E-19 1.58221E-18 5.94412E-20
 3.57161E+02 2.59145E-18 0.00000E+00 0.00000E+00 7.57330E-19 1.58871E-18 5.90597E-20
 3.58559E+02 2.60138E-18 0.00000E+00 0.00000E+00 7.69755E-19 1.58806E-18 5.86807E-20
 3.59962E+02 2.60057E-18 0.00000E+00 0.00000E+00 7.76520E-19 1.58231E-18 5.83042E-20
 3.61371E+02 2.59225E-18 0.00000E+00 0.00000E+00 7.79650E-19 1.57267E-18 5.79300E-20
 3.64205E+02 2.55879E-18 0.00000E+00 0.00000E+00 7.76078E-19 1.54638E-18 5.71889E-20
 3.75766E+02 2.38292E-18 0.00000E+00 0.00000E+00 7.23128E-19 1.43742E-18 5.43182E-20
 4.00000E+02 2.13593E-18 0.00000E+00 0.00000E+00 6.48446E-19 1.29087E-18 4.89680E-20
 4.41000E+02 1.73614E-18 0.00000E+00 0.00000E+00 5.27709E-19 1.04696E-18 4.15391E-20
 4.41000E+02 1.99250E-18 0.00000E+00 2.56356E-19 5.27709E-19 1.04696E-18 4.15391E-20
 4.50000E+02 1.90392E-18 0.00000E+00 2.40749E-19 5.05602E-19 1.00270E-18 4.01201E-20
 4.74342E+02 1.71457E-18 0.00000E+00 2.32163E-19 4.50882E-19 8.92727E-19 3.66266E-20
 5.00000E+02 1.53368E-18 0.00000E+00 2.16686E-19 4.00478E-19 7.92177E-19 3.34225E-20
 5.24404E+02 1.38509E-18 0.00000E+00 2.03423E-19 3.59273E-19 7.10038E-19 3.07334E-20
 5.50000E+02 1.24818E-18 0.00000E+00 1.90930E-19 3.21358E-19 6.34394E-19 2.82511E-20
 6.00000E+02 1.02628E-18 0.00000E+00 1.69157E-19 2.60197E-19 5.12917E-19 2.41736E-20
 6.48074E+02 8.59692E-19 0.00000E+00 1.51232E-19 2.14777E-19 4.22816E-19 2.10015E-20
 7.00000E+02 7.17205E-19 0.00000E+00 1.34602E-19 1.76285E-19 3.46652E-19 1.82382E-20
 7.48331E+02 6.11704E-19 0.00000E+00 1.21206E-19 1.48158E-19 2.91056E-19 1.61038E-20
 8.00000E+02 5.20557E-19 0.00000E+00 1.08787E-19 1.24120E-19 2.43607E-19 1.42147E-20
 9.00000E+02 3.90095E-19 0.00000E+00 8.92409E-20 9.03207E-20 1.76999E-19 1.13635E-20
 1.00000E+03 3.00191E-19 0.00000E+00 7.42122E-20 6.75640E-20 1.32233E-19 9.27254E-21
 1.10000E+03 2.36164E-19 0.00000E+00 6.24471E-20 5.17267E-20 1.01124E-19 7.69494E-21
 1.25000E+03 1.70560E-19 0.00000E+00 4.91635E-20 3.59358E-20 7.01308E-20 5.96928E-21
 1.40000E+03 1.27385E-19 0.00000E+00 3.94932E-20 2.58669E-20 5.04076E-20 4.74739E-21
 1.50000E+03 1.06487E-19 0.00000E+00 3.44673E-20 2.11143E-20 4.11110E-20 4.12198E-21
 1.75000E+03 7.10760E-20 0.00000E+00 2.52261E-20 1.33159E-20 2.58759E-20 2.99005E-21
 2.00000E+03 4.98806E-20 0.00000E+00 1.90867E-20 8.86231E-21 1.71901E-20 2.24976E-21
 2.20000E+03 3.86620E-20 0.00000E+00 1.55709E-20 6.59832E-21 1.27823E-20 1.82934E-21
 2.50000E+03 2.74046E-20 0.00000E+00 1.17813E-20 4.41797E-21 8.54385E-21 1.37913E-21
 3.00000E+03 1.67032E-20 0.00000E+00 7.82671E-21 2.46862E-21 4.76122E-21 9.12608E-22
 3.50000E+03 1.09506E-20 0.00000E+00 5.48500E-21 1.49573E-21 2.87820E-21 6.37942E-22
 4.00000E+03 7.57745E-21 0.00000E+00 4.00337E-21 9.62920E-22 1.84900E-21 4.64874E-22
 4.04100E+03 7.36551E-21 0.00000E+00 3.90674E-21 9.30677E-22 1.78678E-21 4.53591E-22
 4.04100E+03 6.89257E-20 6.15601E-20 3.90674E-21 9.30677E-22 1.78678E-21 4.53591E-22
 4.50000E+03 5.23669E-20 4.69015E-20 3.01668E-21 6.49729E-22 1.24511E-21 3.49996E-22
 5.00000E+03 3.98272E-20 3.57533E-20 2.33263E-21 4.55124E-22 8.70625E-22 2.70530E-22
 5.50000E+03 3.10451E-20 2.79262E-20 1.84227E-21 3.28799E-22 6.27884E-22 2.13678E-22
 6.00000E+03 2.46834E-20 2.22423E-20 1.48120E-21 2.43727E-22 4.64607E-22 1.71853E-22
 7.00000E+03 1.63405E-20 1.47630E-20 1.00009E-21 1.42527E-22 2.70883E-22 1.16160E-22
 8.00000E+03 1.13615E-20 1.02837E-20 7.07201E-22 8.90429E-23 1.68735E-22 8.22415E-23
 9.00000E+03 8.20987E-21 7.44125E-21 5.18528E-22 5.85536E-23 1.10659E-22 6.03686E-23
 1.00000E+04 6.11932E-21 5.55220E-21 3.91432E-22 4.01228E-23 7.56259E-23 4.56185E-23
 1.10000E+04 4.67894E-21 4.24873E-21 3.02682E-22 2.84299E-23 5.34631E-23 3.53066E-23
 1.25000E+04 3.25299E-21 2.95656E-21 2.13529E-22 1.78532E-23 3.34519E-23 2.49370E-23
 1.40000E+04 2.34948E-21 2.13681E-21 1.56137E-22 1.17800E-23 2.20009E-23 1.82536E-23
 1.50000E+04 1.92463E-21 1.75103E-21 1.28829E-22 9.13362E-24 1.70208E-23 1.50706E-23
 1.75000E+04 1.22800E-21 1.11796E-21 8.34714E-23 5.15356E-24 9.55567E-24 9.77844E-24
 2.00000E+04 8.28829E-22 7.54899E-22 5.70410E-23 3.12692E-24 5.77130E-24 6.69009E-24
 2.20000E+04 6.24739E-22 5.69162E-22 4.33534E-23 2.18499E-24 4.01758E-24 5.08884E-24
 2.50000E+04 4.26486E-22 3.88658E-22 2.99059E-23 1.34753E-24 2.46504E-24 3.51400E-24
 3.00000E+04 2.46223E-22 2.24454E-22 1.74997E-23 6.73685E-25 1.22230E-24 2.05909E-24
 3.50000E+04 1.54101E-22 1.40503E-22 1.10643E-23 3.73768E-25 6.73007E-25 1.30327E-24
 4.00000E+04 1.02397E-22 9.33727E-23 7.41057E-24 2.24029E-25 4.00518E-25 8.73633E-25
 4.50000E+04 7.12586E-23 6.49843E-23 5.19002E-24 1.42529E-25 2.53120E-25 6.12277E-25
 5.00000E+04 5.14470E-23 4.69197E-23 3.76677E-24 9.50938E-26 1.67814E-25 4.44631E-25
 5.50000E+04 3.82746E-23 3.49078E-23 2.81468E-24 6.59654E-26 1.15677E-25 3.32407E-25
 6.00000E+04 2.91941E-23 2.66268E-23 2.15494E-24 4.72510E-26 8.23626E-26 2.54600E-25
 7.00000E+04 1.80387E-23 1.64528E-23 1.33957E-24 2.61966E-26 4.51631E-26 1.58374E-25
 8.00000E+04 1.18705E-23 1.08270E-23 8.85652E-25 1.57472E-26 2.68758E-26 1.04764E-25
 9.00000E+04 8.20031E-24 7.47942E-24 6.14111E-25 1.00737E-26 1.70319E-26 7.26745E-26
 1.00000E+05 5.88801E-24 5.37034E-24 4.42297E-25 6.76980E-27 1.13460E-26 5.23603E-26
 1.10000E+05 4.36295E-24 3.97930E-24 3.28577E-25 4.73457E-27 7.87147E-27 3.89093E-26
 1.25000E+05 2.91909E-24 2.66234E-24 2.20530E-25 2.94150E-27 4.83721E-27 2.61241E-26
 1.40000E+05 2.04537E-24 1.86543E-24 1.54912E-25 1.93641E-27 3.15368E-27 1.83563E-26
 1.50000E+05 1.64790E-24 1.50290E-24 1.24984E-25 1.50383E-27 2.43572E-27 1.48125E-26
 1.75000E+05 1.01879E-24 9.29116E-25 7.74924E-26 8.61065E-28 1.37687E-27 9.18708E-27
 2.00000E+05 6.73744E-25 6.14419E-25 5.13586E-26 5.35135E-28 8.47507E-28 6.09036E-27
 2.20000E+05 5.02718E-25 4.58442E-25 3.83748E-26 3.83110E-28 6.02809E-28 4.55143E-27
 2.50000E+05 3.40767E-25 3.10746E-25 2.60557E-26 2.46395E-28 3.85096E-28 3.09094E-27
 3.00000E+05 1.97664E-25 1.80243E-25 1.51439E-26 1.33474E-28 2.07213E-28 1.79692E-27
 3.50000E+05 1.26178E-25 1.15056E-25 9.68029E-27 8.07465E-29 1.25335E-28 1.14881E-27
 4.00000E+05 8.64400E-26 7.88195E-26 6.63798E-27 5.29443E-29 8.24668E-29 7.87857E-28
 4.50000E+05 6.25089E-26 5.69979E-26 4.80352E-27 3.68968E-29 5.78409E-29 5.70174E-28
 5.00000E+05 4.71709E-26 4.30122E-26 3.62663E-27 2.69619E-29 4.26336E-29 4.30503E-28
 5.50000E+05 3.68376E-26 3.35901E-26 2.83318E-27 2.04680E-29 3.26802E-29 3.36330E-28
 6.00000E+05 2.95861E-26 2.69782E-26 2.27605E-27 1.60127E-29 2.58459E-29 2.70202E-28
 7.00000E+05 2.03887E-26 1.85919E-26 1.56897E-27 1.05368E-29 1.74200E-29 1.86268E-28
 8.00000E+05 1.50219E-26 1.36985E-26 1.15613E-27 7.45592E-30 1.26306E-29 1.37258E-28
 9.00000E+05 1.16262E-26 1.06022E-26 8.94825E-28 5.56612E-30 9.65575E-30 1.06236E-28
 1.00000E+06 9.34016E-27 8.51778E-27 7.18878E-28 4.32738E-30 7.68407E-30 8.53466E-29
 1.10000E+06 7.72431E-27 7.04439E-27 5.94482E-28 3.48150E-30 6.30867E-30 7.05783E-29
 1.25000E+06 6.05619E-27 5.52332E-27 4.66058E-28 2.62915E-30 4.89846E-30 5.53306E-29
 1.40000E+06 4.93166E-27 4.49789E-27 3.79483E-28 2.07015E-30 3.95792E-30 4.50519E-29
 1.50000E+06 4.37117E-27 3.98677E-27 3.36333E-28 1.80274E-30 3.49407E-30 3.99289E-29
 1.75000E+06 3.37534E-27 3.07864E-27 2.59676E-28 1.33569E-30 2.67341E-30 3.08275E-29
 2.00000E+06 2.72828E-27 2.48855E-27 2.09867E-28 1.04512E-30 2.14702E-30 2.49144E-29
 2.20000E+06 2.35801E-27 2.15091E-27 1.81305E-28 9.02877E-31 1.85480E-30 2.15226E-29
 2.50000E+06 1.95178E-27 1.78045E-27 1.49987E-28 7.46912E-31 1.53439E-30 1.78038E-29
 3.00000E+06 1.50747E-27 1.37523E-27 1.15763E-28 5.76470E-31 1.18425E-30 1.37401E-29
 3.50000E+06 1.22260E-27 1.11541E-27 9.38385E-29 4.67287E-31 9.59953E-31 1.11372E-29
 4.00000E+06 1.02555E-27 9.35672E-28 7.86832E-29 3.91814E-31 8.04909E-31 9.33808E-30
 4.50000E+06 8.81668E-28 8.04425E-28 6.76229E-29 3.36735E-31 6.91760E-31 8.02516E-30
 5.00000E+06 7.72269E-28 7.04628E-28 5.92170E-29 2.94876E-31 6.05766E-31 7.02738E-30
 5.50000E+06 6.86437E-28 6.26326E-28 5.26244E-29 2.62046E-31 5.38324E-31 6.24486E-30
 6.00000E+06 6.17389E-28 5.63335E-28 4.73225E-29 2.35644E-31 4.84086E-31 5.61559E-30
 7.00000E+06 5.13356E-28 4.68423E-28 3.93374E-29 1.95881E-31 4.02399E-31 4.66786E-30
 8.00000E+06 4.38861E-28 4.00456E-28 3.36217E-29 1.67419E-31 3.43930E-31 3.98953E-30
 9.00000E+06 3.82982E-28 3.49474E-28 2.93359E-29 1.46077E-31 3.00087E-31 3.48091E-30
 1.00000E+07 3.39569E-28 3.09862E-28 2.60069E-29 1.29500E-31 2.66033E-31 3.08586E-30
 1.10000E+07 3.04896E-28 2.78226E-28 2.33488E-29 1.16264E-31 2.38841E-31 2.77042E-30
 1.25000E+07 2.64291E-28 2.41176E-28 2.02366E-29 1.00766E-31 2.07005E-31 2.40111E-30
 1.40000E+07 2.33153E-28 2.12764E-28 1.78505E-29 8.88847E-32 1.82597E-31 2.11796E-30
 1.50000E+07 2.16145E-28 1.97244E-28 1.65474E-29 8.23958E-32 1.69266E-31 1.96333E-30
 1.75000E+07 1.82753E-28 1.66774E-28 1.39893E-29 6.96579E-32 1.43099E-31 1.65979E-30
 2.00000E+07 1.58254E-28 1.44418E-28 1.21128E-29 6.03144E-32 1.23904E-31 1.43715E-30
 2.20000E+07 1.42907E-28 1.30414E-28 1.09376E-29 5.44623E-32 1.11882E-31 1.29770E-30
 2.50000E+07 1.24743E-28 1.13838E-28 9.54669E-30 4.75364E-32 9.76543E-32 1.13267E-30
 3.00000E+07 1.02914E-28 9.39187E-29 7.87546E-30 3.92147E-32 8.05589E-32 9.34374E-31
 3.50000E+07 8.75743E-29 7.99200E-29 6.70117E-30 3.33674E-32 6.85469E-32 7.95046E-31
 4.00000E+07 7.62076E-29 6.95471E-29 5.83113E-30 2.90351E-32 5.96470E-32 6.91817E-31
 4.50000E+07 6.74490E-29 6.15542E-29 5.16076E-30 2.56972E-32 5.27898E-32 6.12282E-31
 5.00000E+07 6.04940E-29 5.52072E-29 4.62848E-30 2.30467E-32 4.73450E-32 5.49129E-31
 5.50000E+07 5.48380E-29 5.00456E-29 4.19564E-30 2.08914E-32 4.29174E-32 4.97774E-31
 6.00000E+07 5.01484E-29 4.57659E-29 3.83676E-30 1.91045E-32 3.92464E-32 4.55196E-31
 7.00000E+07 4.28226E-29 3.90805E-29 3.27618E-30 1.63131E-32 3.35122E-32 3.88687E-31
 8.00000E+07 3.73634E-29 3.40984E-29 2.85845E-30 1.42331E-32 2.92392E-32 3.39127E-31
 9.00000E+07 3.31383E-29 3.02425E-29 2.53517E-30 1.26234E-32 2.59323E-32 3.00771E-31
 1.00000E+08 2.97713E-29 2.71698E-29 2.27755E-30 1.13406E-32 2.32971E-32 2.70208E-31
 1.10000E+08 2.70253E-29 2.46638E-29 2.06745E-30 1.02945E-32 2.11480E-32 2.45281E-31
 1.25000E+08 2.37404E-29 2.16659E-29 1.81613E-30 9.04307E-33 1.85772E-32 2.15464E-31
 1.40000E+08 2.11674E-29 1.93178E-29 1.61928E-30 8.06288E-33 1.65636E-32 1.92109E-31
 1.50000E+08 1.97409E-29 1.80160E-29 1.51015E-30 7.51949E-33 1.54473E-32 1.79162E-31
 1.75000E+08 1.68946E-29 1.54184E-29 1.29239E-30 6.43522E-33 1.32199E-32 1.53328E-31
 2.00000E+08 1.47656E-29 1.34754E-29 1.12952E-30 5.62421E-33 1.15538E-32 1.34004E-31
 2.20000E+08 1.34133E-29 1.22413E-29 1.02607E-30 5.10909E-33 1.04956E-32 1.21731E-31
 2.50000E+08 1.17932E-29 1.07627E-29 9.02125E-31 4.49195E-33 9.22785E-33 1.07027E-31
 3.00000E+08 9.81689E-30 8.95915E-30 7.50943E-31 3.73917E-33 7.68140E-33 8.90906E-32
 3.50000E+08 8.40790E-30 7.67327E-30 6.43158E-31 3.20248E-33 6.57886E-33 7.63031E-32
 4.00000E+08 7.35259E-30 6.71017E-30 5.62430E-31 2.80051E-33 5.75309E-33 6.67256E-32
 4.50000E+08 6.53264E-30 5.96186E-30 4.99707E-31 2.48819E-33 5.11150E-33 5.92842E-32
 5.00000E+08 5.87722E-30 5.36371E-30 4.49570E-31 2.23854E-33 4.59865E-33 5.33361E-32
 5.50000E+08 5.34132E-30 4.87464E-30 4.08576E-31 2.03442E-33 4.17933E-33 4.84727E-32
 6.00000E+08 4.89499E-30 4.46730E-30 3.74434E-31 1.86442E-33 3.83008E-33 4.44221E-32
 7.00000E+08 4.19405E-30 3.82761E-30 3.20816E-31 1.59744E-33 3.28163E-33 3.80609E-32
 8.00000E+08 3.66871E-30 3.34817E-30 2.80630E-31 1.39734E-33 2.87057E-33 3.32934E-32
 9.00000E+08 3.26033E-30 2.97547E-30 2.49391E-31 1.24179E-33 2.55102E-33 2.95873E-32
 1.00000E+09 2.93376E-30 2.67743E-30 2.24411E-31 1.11741E-33 2.29550E-33 2.66236E-32
