 ***  Photoelectric cross sections,  IZ = 90,  NSHELL = 16,  NDATA = 380
              0           1           2           3           4           5           6           7           8           9          10          11          12          13          14          15          16
 5.00000E+01 5.42140E-18 0.00000E+00 0.00000E+00 0.00000E+00 0.00000E+00 0.00000E+00 0.00000E+00 0.00000E+00 0.00000E+00 0.00000E+00 0.00000E+00 0.00000E+00 0.00000E+00 0.00000E+00 0.00000E+00 0.00000E+00 0.00000E+00
 5.00372E+01 5.68310E-18 0.00000E+00 0.00000E+00 0.00000E+00 0.00000E+00 0.00000E+00 0.00000E+00 0.00000E+00 0.00000E+00 0.00000E+00 0.00000E+00 0.00000E+00 0.00000E+00 0.00000E+00 0.00000E+00 0.00000E+00 0.00000E+00
 5.00745E+01 5.67240E-18 0.00000E+00 0.00000E+00 0.00000E+00 0.00000E+00 0.00000E+00 0.00000E+00 0.00000E+00 0.00000E+00 0.00000E+00 0.00000E+00 0.00000E+00 0.00000E+00 0.00000E+00 0.00000E+00 0.00000E+00 0.00000E+00
 5.01491E+01 5.65108E-18 0.00000E+00 0.00000E+00 0.00000E+00 0.00000E+00 0.00000E+00 0.00000E+00 0.00000E+00 0.00000E+00 0.00000E+00 0.00000E+00 0.00000E+00 0.00000E+00 0.00000E+00 0.00000E+00 0.00000E+00 0.00000E+00
 5.02987E+01 5.60872E-18 0.00000E+00 0.00000E+00 0.00000E+00 0.00000E+00 0.00000E+00 0.00000E+00 0.00000E+00 0.00000E+00 0.00000E+00 0.00000E+00 0.00000E+00 0.00000E+00 0.00000E+00 0.00000E+00 0.00000E+00 0.00000E+00
 5.05993E+01 5.52513E-18 0.00000E+00 0.00000E+00 0.00000E+00 0.00000E+00 0.00000E+00 0.00000E+00 0.00000E+00 0.00000E+00 0.00000E+00 0.00000E+00 0.00000E+00 0.00000E+00 0.00000E+00 0.00000E+00 0.00000E+00 0.00000E+00
 5.12057E+01 5.36235E-18 0.00000E+00 0.00000E+00 0.00000E+00 0.00000E+00 0.00000E+00 0.00000E+00 0.00000E+00 0.00000E+00 0.00000E+00 0.00000E+00 0.00000E+00 0.00000E+00 0.00000E+00 0.00000E+00 0.00000E+00 0.00000E+00
 5.24404E+01 5.04899E-18 0.00000E+00 0.00000E+00 0.00000E+00 0.00000E+00 0.00000E+00 0.00000E+00 0.00000E+00 0.00000E+00 0.00000E+00 0.00000E+00 0.00000E+00 0.00000E+00 0.00000E+00 0.00000E+00 0.00000E+00 0.00000E+00
 5.50000E+01 4.47546E-18 0.00000E+00 0.00000E+00 0.00000E+00 0.00000E+00 0.00000E+00 0.00000E+00 0.00000E+00 0.00000E+00 0.00000E+00 0.00000E+00 0.00000E+00 0.00000E+00 0.00000E+00 0.00000E+00 0.00000E+00 0.00000E+00
 6.00000E+01 3.58695E-18 0.00000E+00 0.00000E+00 0.00000E+00 0.00000E+00 0.00000E+00 0.00000E+00 0.00000E+00 0.00000E+00 0.00000E+00 0.00000E+00 0.00000E+00 0.00000E+00 0.00000E+00 0.00000E+00 0.00000E+00 0.00000E+00
 6.48074E+01 2.94343E-18 0.00000E+00 0.00000E+00 0.00000E+00 0.00000E+00 0.00000E+00 0.00000E+00 0.00000E+00 0.00000E+00 0.00000E+00 0.00000E+00 0.00000E+00 0.00000E+00 0.00000E+00 0.00000E+00 0.00000E+00 0.00000E+00
 7.00000E+01 2.40748E-18 0.00000E+00 0.00000E+00 0.00000E+00 0.00000E+00 0.00000E+00 0.00000E+00 0.00000E+00 0.00000E+00 0.00000E+00 0.00000E+00 0.00000E+00 0.00000E+00 0.00000E+00 0.00000E+00 0.00000E+00 0.00000E+00
 7.48331E+01 2.01354E-18 0.00000E+00 0.00000E+00 0.00000E+00 0.00000E+00 0.00000E+00 0.00000E+00 0.00000E+00 0.00000E+00 0.00000E+00 0.00000E+00 0.00000E+00 0.00000E+00 0.00000E+00 0.00000E+00 0.00000E+00 0.00000E+00
 8.00000E+01 1.67364E-18 0.00000E+00 0.00000E+00 0.00000E+00 0.00000E+00 0.00000E+00 0.00000E+00 0.00000E+00 0.00000E+00 0.00000E+00 0.00000E+00 0.00000E+00 0.00000E+00 0.00000E+00 0.00000E+00 0.00000E+00 0.00000E+00
 8.48528E+01 1.41280E-18 0.00000E+00 0.00000E+00 0.00000E+00 0.00000E+00 0.00000E+00 0.00000E+00 0.00000E+00 0.00000E+00 0.00000E+00 0.00000E+00 0.00000E+00 0.00000E+00 0.00000E+00 0.00000E+00 0.00000E+00 0.00000E+00
 9.00000E+01 1.18458E-18 0.00000E+00 0.00000E+00 0.00000E+00 0.00000E+00 0.00000E+00 0.00000E+00 0.00000E+00 0.00000E+00 0.00000E+00 0.00000E+00 0.00000E+00 0.00000E+00 0.00000E+00 0.00000E+00 0.00000E+00 0.00000E+00
 9.10000E+01 1.14463E-18 0.00000E+00 0.00000E+00 0.00000E+00 0.00000E+00 0.00000E+00 0.00000E+00 0.00000E+00 0.00000E+00 0.00000E+00 0.00000E+00 0.00000E+00 0.00000E+00 0.00000E+00 0.00000E+00 0.00000E+00 0.00000E+00
 9.10000E+01 3.05114E-18 0.00000E+00 0.00000E+00 0.00000E+00 0.00000E+00 0.00000E+00 0.00000E+00 0.00000E+00 0.00000E+00 0.00000E+00 0.00000E+00 0.00000E+00 0.00000E+00 0.00000E+00 0.00000E+00 0.00000E+00 0.00000E+00
 9.13639E+01 3.26029E-18 0.00000E+00 0.00000E+00 0.00000E+00 0.00000E+00 0.00000E+00 0.00000E+00 0.00000E+00 0.00000E+00 0.00000E+00 0.00000E+00 0.00000E+00 0.00000E+00 0.00000E+00 0.00000E+00 0.00000E+00 0.00000E+00
 9.17292E+01 3.46591E-18 0.00000E+00 0.00000E+00 0.00000E+00 0.00000E+00 0.00000E+00 0.00000E+00 0.00000E+00 0.00000E+00 0.00000E+00 0.00000E+00 0.00000E+00 0.00000E+00 0.00000E+00 0.00000E+00 0.00000E+00 0.00000E+00
 9.20960E+01 3.66514E-18 0.00000E+00 0.00000E+00 0.00000E+00 0.00000E+00 0.00000E+00 0.00000E+00 0.00000E+00 0.00000E+00 0.00000E+00 0.00000E+00 0.00000E+00 0.00000E+00 0.00000E+00 0.00000E+00 0.00000E+00 0.00000E+00
 9.24643E+01 3.85988E-18 0.00000E+00 0.00000E+00 0.00000E+00 0.00000E+00 0.00000E+00 0.00000E+00 0.00000E+00 0.00000E+00 0.00000E+00 0.00000E+00 0.00000E+00 0.00000E+00 0.00000E+00 0.00000E+00 0.00000E+00 0.00000E+00
 9.28340E+01 4.04799E-18 0.00000E+00 0.00000E+00 0.00000E+00 0.00000E+00 0.00000E+00 0.00000E+00 0.00000E+00 0.00000E+00 0.00000E+00 0.00000E+00 0.00000E+00 0.00000E+00 0.00000E+00 0.00000E+00 0.00000E+00 0.00000E+00
 9.32052E+01 4.22949E-18 0.00000E+00 0.00000E+00 0.00000E+00 0.00000E+00 0.00000E+00 0.00000E+00 0.00000E+00 0.00000E+00 0.00000E+00 0.00000E+00 0.00000E+00 0.00000E+00 0.00000E+00 0.00000E+00 0.00000E+00 0.00000E+00
 9.35779E+01 4.40434E-18 0.00000E+00 0.00000E+00 0.00000E+00 0.00000E+00 0.00000E+00 0.00000E+00 0.00000E+00 0.00000E+00 0.00000E+00 0.00000E+00 0.00000E+00 0.00000E+00 0.00000E+00 0.00000E+00 0.00000E+00 0.00000E+00
 9.39521E+01 4.57069E-18 0.00000E+00 0.00000E+00 0.00000E+00 0.00000E+00 0.00000E+00 0.00000E+00 0.00000E+00 0.00000E+00 0.00000E+00 0.00000E+00 0.00000E+00 0.00000E+00 0.00000E+00 0.00000E+00 0.00000E+00 0.00000E+00
 9.43278E+01 4.72995E-18 0.00000E+00 0.00000E+00 0.00000E+00 0.00000E+00 0.00000E+00 0.00000E+00 0.00000E+00 0.00000E+00 0.00000E+00 0.00000E+00 0.00000E+00 0.00000E+00 0.00000E+00 0.00000E+00 0.00000E+00 0.00000E+00
 9.47050E+01 4.87871E-18 0.00000E+00 0.00000E+00 0.00000E+00 0.00000E+00 0.00000E+00 0.00000E+00 0.00000E+00 0.00000E+00 0.00000E+00 0.00000E+00 0.00000E+00 0.00000E+00 0.00000E+00 0.00000E+00 0.00000E+00 0.00000E+00
 9.50837E+01 5.01894E-18 0.00000E+00 0.00000E+00 0.00000E+00 0.00000E+00 0.00000E+00 0.00000E+00 0.00000E+00 0.00000E+00 0.00000E+00 0.00000E+00 0.00000E+00 0.00000E+00 0.00000E+00 0.00000E+00 0.00000E+00 0.00000E+00
 9.54639E+01 5.14766E-18 0.00000E+00 0.00000E+00 0.00000E+00 0.00000E+00 0.00000E+00 0.00000E+00 0.00000E+00 0.00000E+00 0.00000E+00 0.00000E+00 0.00000E+00 0.00000E+00 0.00000E+00 0.00000E+00 0.00000E+00 0.00000E+00
 9.58456E+01 5.26626E-18 0.00000E+00 0.00000E+00 0.00000E+00 0.00000E+00 0.00000E+00 0.00000E+00 0.00000E+00 0.00000E+00 0.00000E+00 0.00000E+00 0.00000E+00 0.00000E+00 0.00000E+00 0.00000E+00 0.00000E+00 0.00000E+00
 9.62289E+01 5.37313E-18 0.00000E+00 0.00000E+00 0.00000E+00 0.00000E+00 0.00000E+00 0.00000E+00 0.00000E+00 0.00000E+00 0.00000E+00 0.00000E+00 0.00000E+00 0.00000E+00 0.00000E+00 0.00000E+00 0.00000E+00 0.00000E+00
 9.66137E+01 5.46822E-18 0.00000E+00 0.00000E+00 0.00000E+00 0.00000E+00 0.00000E+00 0.00000E+00 0.00000E+00 0.00000E+00 0.00000E+00 0.00000E+00 0.00000E+00 0.00000E+00 0.00000E+00 0.00000E+00 0.00000E+00 0.00000E+00
 9.70000E+01 5.55153E-18 0.00000E+00 0.00000E+00 0.00000E+00 0.00000E+00 0.00000E+00 0.00000E+00 0.00000E+00 0.00000E+00 0.00000E+00 0.00000E+00 0.00000E+00 0.00000E+00 0.00000E+00 0.00000E+00 0.00000E+00 0.00000E+00
 9.70000E+01 6.65677E-18 0.00000E+00 0.00000E+00 0.00000E+00 0.00000E+00 0.00000E+00 0.00000E+00 0.00000E+00 0.00000E+00 0.00000E+00 0.00000E+00 0.00000E+00 0.00000E+00 0.00000E+00 0.00000E+00 0.00000E+00 0.00000E+00
 9.73700E+01 6.85117E-18 0.00000E+00 0.00000E+00 0.00000E+00 0.00000E+00 0.00000E+00 0.00000E+00 0.00000E+00 0.00000E+00 0.00000E+00 0.00000E+00 0.00000E+00 0.00000E+00 0.00000E+00 0.00000E+00 0.00000E+00 0.00000E+00
 9.77415E+01 7.03614E-18 0.00000E+00 0.00000E+00 0.00000E+00 0.00000E+00 0.00000E+00 0.00000E+00 0.00000E+00 0.00000E+00 0.00000E+00 0.00000E+00 0.00000E+00 0.00000E+00 0.00000E+00 0.00000E+00 0.00000E+00 0.00000E+00
 9.81143E+01 7.21102E-18 0.00000E+00 0.00000E+00 0.00000E+00 0.00000E+00 0.00000E+00 0.00000E+00 0.00000E+00 0.00000E+00 0.00000E+00 0.00000E+00 0.00000E+00 0.00000E+00 0.00000E+00 0.00000E+00 0.00000E+00 0.00000E+00
 9.84886E+01 7.37367E-18 0.00000E+00 0.00000E+00 0.00000E+00 0.00000E+00 0.00000E+00 0.00000E+00 0.00000E+00 0.00000E+00 0.00000E+00 0.00000E+00 0.00000E+00 0.00000E+00 0.00000E+00 0.00000E+00 0.00000E+00 0.00000E+00
 9.92414E+01 7.66278E-18 0.00000E+00 0.00000E+00 0.00000E+00 0.00000E+00 0.00000E+00 0.00000E+00 0.00000E+00 0.00000E+00 0.00000E+00 0.00000E+00 0.00000E+00 0.00000E+00 0.00000E+00 0.00000E+00 0.00000E+00 0.00000E+00
 1.00000E+02 7.90283E-18 0.00000E+00 0.00000E+00 0.00000E+00 0.00000E+00 0.00000E+00 0.00000E+00 0.00000E+00 0.00000E+00 0.00000E+00 0.00000E+00 0.00000E+00 0.00000E+00 0.00000E+00 0.00000E+00 0.00000E+00 0.00000E+00
 1.00597E+02 8.05395E-18 0.00000E+00 0.00000E+00 0.00000E+00 0.00000E+00 0.00000E+00 0.00000E+00 0.00000E+00 0.00000E+00 0.00000E+00 0.00000E+00 0.00000E+00 0.00000E+00 0.00000E+00 0.00000E+00 0.00000E+00 0.00000E+00
 1.01199E+02 8.17378E-18 0.00000E+00 0.00000E+00 0.00000E+00 0.00000E+00 0.00000E+00 0.00000E+00 0.00000E+00 0.00000E+00 0.00000E+00 0.00000E+00 0.00000E+00 0.00000E+00 0.00000E+00 0.00000E+00 0.00000E+00 0.00000E+00
 1.01803E+02 8.26240E-18 0.00000E+00 0.00000E+00 0.00000E+00 0.00000E+00 0.00000E+00 0.00000E+00 0.00000E+00 0.00000E+00 0.00000E+00 0.00000E+00 0.00000E+00 0.00000E+00 0.00000E+00 0.00000E+00 0.00000E+00 0.00000E+00
 1.02411E+02 8.32005E-18 0.00000E+00 0.00000E+00 0.00000E+00 0.00000E+00 0.00000E+00 0.00000E+00 0.00000E+00 0.00000E+00 0.00000E+00 0.00000E+00 0.00000E+00 0.00000E+00 0.00000E+00 0.00000E+00 0.00000E+00 0.00000E+00
 1.03023E+02 8.34774E-18 0.00000E+00 0.00000E+00 0.00000E+00 0.00000E+00 0.00000E+00 0.00000E+00 0.00000E+00 0.00000E+00 0.00000E+00 0.00000E+00 0.00000E+00 0.00000E+00 0.00000E+00 0.00000E+00 0.00000E+00 0.00000E+00
 1.03639E+02 8.34647E-18 0.00000E+00 0.00000E+00 0.00000E+00 0.00000E+00 0.00000E+00 0.00000E+00 0.00000E+00 0.00000E+00 0.00000E+00 0.00000E+00 0.00000E+00 0.00000E+00 0.00000E+00 0.00000E+00 0.00000E+00 0.00000E+00
 1.04258E+02 8.31833E-18 0.00000E+00 0.00000E+00 0.00000E+00 0.00000E+00 0.00000E+00 0.00000E+00 0.00000E+00 0.00000E+00 0.00000E+00 0.00000E+00 0.00000E+00 0.00000E+00 0.00000E+00 0.00000E+00 0.00000E+00 0.00000E+00
 1.04881E+02 8.26533E-18 0.00000E+00 0.00000E+00 0.00000E+00 0.00000E+00 0.00000E+00 0.00000E+00 0.00000E+00 0.00000E+00 0.00000E+00 0.00000E+00 0.00000E+00 0.00000E+00 0.00000E+00 0.00000E+00 0.00000E+00 0.00000E+00
 1.05508E+02 8.18953E-18 0.00000E+00 0.00000E+00 0.00000E+00 0.00000E+00 0.00000E+00 0.00000E+00 0.00000E+00 0.00000E+00 0.00000E+00 0.00000E+00 0.00000E+00 0.00000E+00 0.00000E+00 0.00000E+00 0.00000E+00 0.00000E+00
 1.06138E+02 8.09405E-18 0.00000E+00 0.00000E+00 0.00000E+00 0.00000E+00 0.00000E+00 0.00000E+00 0.00000E+00 0.00000E+00 0.00000E+00 0.00000E+00 0.00000E+00 0.00000E+00 0.00000E+00 0.00000E+00 0.00000E+00 0.00000E+00
 1.07410E+02 7.85522E-18 0.00000E+00 0.00000E+00 0.00000E+00 0.00000E+00 0.00000E+00 0.00000E+00 0.00000E+00 0.00000E+00 0.00000E+00 0.00000E+00 0.00000E+00 0.00000E+00 0.00000E+00 0.00000E+00 0.00000E+00 0.00000E+00
 1.08697E+02 7.57103E-18 0.00000E+00 0.00000E+00 0.00000E+00 0.00000E+00 0.00000E+00 0.00000E+00 0.00000E+00 0.00000E+00 0.00000E+00 0.00000E+00 0.00000E+00 0.00000E+00 0.00000E+00 0.00000E+00 0.00000E+00 0.00000E+00
 1.10000E+02 7.25876E-18 0.00000E+00 0.00000E+00 0.00000E+00 0.00000E+00 0.00000E+00 0.00000E+00 0.00000E+00 0.00000E+00 0.00000E+00 0.00000E+00 0.00000E+00 0.00000E+00 0.00000E+00 0.00000E+00 0.00000E+00 0.00000E+00
 1.11772E+02 6.82771E-18 0.00000E+00 0.00000E+00 0.00000E+00 0.00000E+00 0.00000E+00 0.00000E+00 0.00000E+00 0.00000E+00 0.00000E+00 0.00000E+00 0.00000E+00 0.00000E+00 0.00000E+00 0.00000E+00 0.00000E+00 0.00000E+00
 1.13572E+02 6.39973E-18 0.00000E+00 0.00000E+00 0.00000E+00 0.00000E+00 0.00000E+00 0.00000E+00 0.00000E+00 0.00000E+00 0.00000E+00 0.00000E+00 0.00000E+00 0.00000E+00 0.00000E+00 0.00000E+00 0.00000E+00 0.00000E+00
 1.17260E+02 5.59907E-18 0.00000E+00 0.00000E+00 0.00000E+00 0.00000E+00 0.00000E+00 0.00000E+00 0.00000E+00 0.00000E+00 0.00000E+00 0.00000E+00 0.00000E+00 0.00000E+00 0.00000E+00 0.00000E+00 0.00000E+00 0.00000E+00
 1.21068E+02 4.88876E-18 0.00000E+00 0.00000E+00 0.00000E+00 0.00000E+00 0.00000E+00 0.00000E+00 0.00000E+00 0.00000E+00 0.00000E+00 0.00000E+00 0.00000E+00 0.00000E+00 0.00000E+00 0.00000E+00 0.00000E+00 0.00000E+00
 1.25000E+02 4.25839E-18 0.00000E+00 0.00000E+00 0.00000E+00 0.00000E+00 0.00000E+00 0.00000E+00 0.00000E+00 0.00000E+00 0.00000E+00 0.00000E+00 0.00000E+00 0.00000E+00 0.00000E+00 0.00000E+00 0.00000E+00 0.00000E+00
 1.28592E+02 3.75837E-18 0.00000E+00 0.00000E+00 0.00000E+00 0.00000E+00 0.00000E+00 0.00000E+00 0.00000E+00 0.00000E+00 0.00000E+00 0.00000E+00 0.00000E+00 0.00000E+00 0.00000E+00 0.00000E+00 0.00000E+00 0.00000E+00
 1.32288E+02 3.30470E-18 0.00000E+00 0.00000E+00 0.00000E+00 0.00000E+00 0.00000E+00 0.00000E+00 0.00000E+00 0.00000E+00 0.00000E+00 0.00000E+00 0.00000E+00 0.00000E+00 0.00000E+00 0.00000E+00 0.00000E+00 0.00000E+00
 1.40000E+02 2.53455E-18 0.00000E+00 0.00000E+00 0.00000E+00 0.00000E+00 0.00000E+00 0.00000E+00 0.00000E+00 0.00000E+00 0.00000E+00 0.00000E+00 0.00000E+00 0.00000E+00 0.00000E+00 0.00000E+00 0.00000E+00 0.00000E+00
 1.50000E+02 1.82676E-18 0.00000E+00 0.00000E+00 0.00000E+00 0.00000E+00 0.00000E+00 0.00000E+00 0.00000E+00 0.00000E+00 0.00000E+00 0.00000E+00 0.00000E+00 0.00000E+00 0.00000E+00 0.00000E+00 0.00000E+00 0.00000E+00
 1.55893E+02 1.52561E-18 0.00000E+00 0.00000E+00 0.00000E+00 0.00000E+00 0.00000E+00 0.00000E+00 0.00000E+00 0.00000E+00 0.00000E+00 0.00000E+00 0.00000E+00 0.00000E+00 0.00000E+00 0.00000E+00 0.00000E+00 0.00000E+00
 1.62019E+02 1.27818E-18 0.00000E+00 0.00000E+00 0.00000E+00 0.00000E+00 0.00000E+00 0.00000E+00 0.00000E+00 0.00000E+00 0.00000E+00 0.00000E+00 0.00000E+00 0.00000E+00 0.00000E+00 0.00000E+00 0.00000E+00 0.00000E+00
 1.68384E+02 1.07525E-18 0.00000E+00 0.00000E+00 0.00000E+00 0.00000E+00 0.00000E+00 0.00000E+00 0.00000E+00 0.00000E+00 0.00000E+00 0.00000E+00 0.00000E+00 0.00000E+00 0.00000E+00 0.00000E+00 0.00000E+00 0.00000E+00
 1.75000E+02 9.08674E-19 0.00000E+00 0.00000E+00 0.00000E+00 0.00000E+00 0.00000E+00 0.00000E+00 0.00000E+00 0.00000E+00 0.00000E+00 0.00000E+00 0.00000E+00 0.00000E+00 0.00000E+00 0.00000E+00 0.00000E+00 0.00000E+00
 1.79931E+02 8.07513E-19 0.00000E+00 0.00000E+00 0.00000E+00 0.00000E+00 0.00000E+00 0.00000E+00 0.00000E+00 0.00000E+00 0.00000E+00 0.00000E+00 0.00000E+00 0.00000E+00 0.00000E+00 0.00000E+00 0.00000E+00 0.00000E+00
 1.85000E+02 7.20118E-19 0.00000E+00 0.00000E+00 0.00000E+00 0.00000E+00 0.00000E+00 0.00000E+00 0.00000E+00 0.00000E+00 0.00000E+00 0.00000E+00 0.00000E+00 0.00000E+00 0.00000E+00 0.00000E+00 0.00000E+00 0.00000E+00
 1.85000E+02 1.09946E-18 0.00000E+00 0.00000E+00 0.00000E+00 0.00000E+00 0.00000E+00 0.00000E+00 0.00000E+00 0.00000E+00 0.00000E+00 0.00000E+00 0.00000E+00 0.00000E+00 0.00000E+00 0.00000E+00 0.00000E+00 0.00000E+00
 1.86812E+02 1.05829E-18 0.00000E+00 0.00000E+00 0.00000E+00 0.00000E+00 0.00000E+00 0.00000E+00 0.00000E+00 0.00000E+00 0.00000E+00 0.00000E+00 0.00000E+00 0.00000E+00 0.00000E+00 0.00000E+00 0.00000E+00 0.00000E+00
 1.88641E+02 1.02220E-18 0.00000E+00 0.00000E+00 0.00000E+00 0.00000E+00 0.00000E+00 0.00000E+00 0.00000E+00 0.00000E+00 0.00000E+00 0.00000E+00 0.00000E+00 0.00000E+00 0.00000E+00 0.00000E+00 0.00000E+00 0.00000E+00
 1.92354E+02 9.60192E-19 0.00000E+00 0.00000E+00 0.00000E+00 0.00000E+00 0.00000E+00 0.00000E+00 0.00000E+00 0.00000E+00 0.00000E+00 0.00000E+00 0.00000E+00 0.00000E+00 0.00000E+00 0.00000E+00 0.00000E+00 0.00000E+00
 1.96140E+02 9.07516E-19 0.00000E+00 0.00000E+00 0.00000E+00 0.00000E+00 0.00000E+00 0.00000E+00 0.00000E+00 0.00000E+00 0.00000E+00 0.00000E+00 0.00000E+00 0.00000E+00 0.00000E+00 0.00000E+00 0.00000E+00 0.00000E+00
 2.00000E+02 8.60217E-19 0.00000E+00 0.00000E+00 0.00000E+00 0.00000E+00 0.00000E+00 0.00000E+00 0.00000E+00 0.00000E+00 0.00000E+00 0.00000E+00 0.00000E+00 0.00000E+00 0.00000E+00 0.00000E+00 0.00000E+00 0.00000E+00
 2.09762E+02 7.59499E-19 0.00000E+00 0.00000E+00 0.00000E+00 0.00000E+00 0.00000E+00 0.00000E+00 0.00000E+00 0.00000E+00 0.00000E+00 0.00000E+00 0.00000E+00 0.00000E+00 0.00000E+00 0.00000E+00 0.00000E+00 0.00000E+00
 2.14820E+02 7.16373E-19 0.00000E+00 0.00000E+00 0.00000E+00 0.00000E+00 0.00000E+00 0.00000E+00 0.00000E+00 0.00000E+00 0.00000E+00 0.00000E+00 0.00000E+00 0.00000E+00 0.00000E+00 0.00000E+00 0.00000E+00 0.00000E+00
 2.20000E+02 6.78153E-19 0.00000E+00 0.00000E+00 0.00000E+00 0.00000E+00 0.00000E+00 0.00000E+00 0.00000E+00 0.00000E+00 0.00000E+00 0.00000E+00 0.00000E+00 0.00000E+00 0.00000E+00 0.00000E+00 0.00000E+00 0.00000E+00
 2.26407E+02 6.38836E-19 0.00000E+00 0.00000E+00 0.00000E+00 0.00000E+00 0.00000E+00 0.00000E+00 0.00000E+00 0.00000E+00 0.00000E+00 0.00000E+00 0.00000E+00 0.00000E+00 0.00000E+00 0.00000E+00 0.00000E+00 0.00000E+00
 2.33000E+02 6.05940E-19 0.00000E+00 0.00000E+00 0.00000E+00 0.00000E+00 0.00000E+00 0.00000E+00 0.00000E+00 0.00000E+00 0.00000E+00 0.00000E+00 0.00000E+00 0.00000E+00 0.00000E+00 0.00000E+00 0.00000E+00 0.00000E+00
 2.33000E+02 7.57932E-19 0.00000E+00 0.00000E+00 0.00000E+00 0.00000E+00 0.00000E+00 0.00000E+00 0.00000E+00 0.00000E+00 0.00000E+00 0.00000E+00 0.00000E+00 0.00000E+00 0.00000E+00 0.00000E+00 0.00000E+00 0.00000E+00
 2.41350E+02 7.12111E-19 0.00000E+00 0.00000E+00 0.00000E+00 0.00000E+00 0.00000E+00 0.00000E+00 0.00000E+00 0.00000E+00 0.00000E+00 0.00000E+00 0.00000E+00 0.00000E+00 0.00000E+00 0.00000E+00 0.00000E+00 0.00000E+00
 2.50000E+02 6.71458E-19 0.00000E+00 0.00000E+00 0.00000E+00 0.00000E+00 0.00000E+00 0.00000E+00 0.00000E+00 0.00000E+00 0.00000E+00 0.00000E+00 0.00000E+00 0.00000E+00 0.00000E+00 0.00000E+00 0.00000E+00 0.00000E+00
 2.60119E+02 6.30393E-19 0.00000E+00 0.00000E+00 0.00000E+00 0.00000E+00 0.00000E+00 0.00000E+00 0.00000E+00 0.00000E+00 0.00000E+00 0.00000E+00 0.00000E+00 0.00000E+00 0.00000E+00 0.00000E+00 0.00000E+00 0.00000E+00
 2.70647E+02 5.96147E-19 0.00000E+00 0.00000E+00 0.00000E+00 0.00000E+00 0.00000E+00 0.00000E+00 0.00000E+00 0.00000E+00 0.00000E+00 0.00000E+00 0.00000E+00 0.00000E+00 0.00000E+00 0.00000E+00 0.00000E+00 0.00000E+00
 2.81602E+02 5.68376E-19 0.00000E+00 0.00000E+00 0.00000E+00 0.00000E+00 0.00000E+00 0.00000E+00 0.00000E+00 0.00000E+00 0.00000E+00 0.00000E+00 0.00000E+00 0.00000E+00 0.00000E+00 0.00000E+00 0.00000E+00 0.00000E+00
 2.93000E+02 5.45566E-19 0.00000E+00 0.00000E+00 0.00000E+00 0.00000E+00 0.00000E+00 0.00000E+00 0.00000E+00 0.00000E+00 0.00000E+00 0.00000E+00 0.00000E+00 0.00000E+00 0.00000E+00 0.00000E+00 0.00000E+00 0.00000E+00
 2.93000E+02 6.01107E-19 0.00000E+00 0.00000E+00 0.00000E+00 0.00000E+00 0.00000E+00 0.00000E+00 0.00000E+00 0.00000E+00 0.00000E+00 0.00000E+00 0.00000E+00 0.00000E+00 0.00000E+00 0.00000E+00 0.00000E+00 0.00000E+00
 2.96479E+02 5.90417E-19 0.00000E+00 0.00000E+00 0.00000E+00 0.00000E+00 0.00000E+00 0.00000E+00 0.00000E+00 0.00000E+00 0.00000E+00 0.00000E+00 0.00000E+00 0.00000E+00 0.00000E+00 0.00000E+00 0.00000E+00 0.00000E+00
 3.00000E+02 5.82495E-19 0.00000E+00 0.00000E+00 0.00000E+00 0.00000E+00 0.00000E+00 0.00000E+00 0.00000E+00 0.00000E+00 0.00000E+00 0.00000E+00 0.00000E+00 0.00000E+00 0.00000E+00 0.00000E+00 0.00000E+00 0.00000E+00
 3.09079E+02 5.67960E-19 0.00000E+00 0.00000E+00 0.00000E+00 0.00000E+00 0.00000E+00 0.00000E+00 0.00000E+00 0.00000E+00 0.00000E+00 0.00000E+00 0.00000E+00 0.00000E+00 0.00000E+00 0.00000E+00 0.00000E+00 0.00000E+00
 3.18434E+02 5.55965E-19 0.00000E+00 0.00000E+00 0.00000E+00 0.00000E+00 0.00000E+00 0.00000E+00 0.00000E+00 0.00000E+00 0.00000E+00 0.00000E+00 0.00000E+00 0.00000E+00 0.00000E+00 0.00000E+00 0.00000E+00 0.00000E+00
 3.38000E+02 5.33406E-19 0.00000E+00 0.00000E+00 0.00000E+00 0.00000E+00 0.00000E+00 0.00000E+00 0.00000E+00 0.00000E+00 0.00000E+00 0.00000E+00 0.00000E+00 0.00000E+00 0.00000E+00 0.00000E+00 0.00000E+00 0.00000E+00
 3.38000E+02 6.23935E-19 0.00000E+00 0.00000E+00 0.00000E+00 0.00000E+00 0.00000E+00 0.00000E+00 0.00000E+00 0.00000E+00 0.00000E+00 0.00000E+00 0.00000E+00 0.00000E+00 0.00000E+00 0.00000E+00 0.00000E+00 9.05293E-20
 3.42470E+02 6.19758E-19 0.00000E+00 0.00000E+00 0.00000E+00 0.00000E+00 0.00000E+00 0.00000E+00 0.00000E+00 0.00000E+00 0.00000E+00 0.00000E+00 0.00000E+00 0.00000E+00 0.00000E+00 0.00000E+00 0.00000E+00 9.09013E-20
 3.47000E+02 6.17027E-19 0.00000E+00 0.00000E+00 0.00000E+00 0.00000E+00 0.00000E+00 0.00000E+00 0.00000E+00 0.00000E+00 0.00000E+00 0.00000E+00 0.00000E+00 0.00000E+00 0.00000E+00 0.00000E+00 0.00000E+00 9.25861E-20
 3.47000E+02 6.78641E-19 0.00000E+00 0.00000E+00 0.00000E+00 0.00000E+00 0.00000E+00 0.00000E+00 0.00000E+00 0.00000E+00 0.00000E+00 0.00000E+00 0.00000E+00 0.00000E+00 0.00000E+00 0.00000E+00 6.16141E-20 9.25861E-20
 3.50000E+02 6.79246E-19 0.00000E+00 0.00000E+00 0.00000E+00 0.00000E+00 0.00000E+00 0.00000E+00 0.00000E+00 0.00000E+00 0.00000E+00 0.00000E+00 0.00000E+00 0.00000E+00 0.00000E+00 0.00000E+00 6.34553E-20 9.41866E-20
 3.52933E+02 6.81349E-19 0.00000E+00 0.00000E+00 0.00000E+00 0.00000E+00 0.00000E+00 0.00000E+00 0.00000E+00 0.00000E+00 0.00000E+00 0.00000E+00 0.00000E+00 0.00000E+00 0.00000E+00 0.00000E+00 6.52928E-20 9.71754E-20
 3.55891E+02 6.86155E-19 0.00000E+00 0.00000E+00 0.00000E+00 0.00000E+00 0.00000E+00 0.00000E+00 0.00000E+00 0.00000E+00 0.00000E+00 0.00000E+00 0.00000E+00 0.00000E+00 0.00000E+00 0.00000E+00 6.71835E-20 1.02740E-19
 3.58874E+02 6.94743E-19 0.00000E+00 0.00000E+00 0.00000E+00 0.00000E+00 0.00000E+00 0.00000E+00 0.00000E+00 0.00000E+00 0.00000E+00 0.00000E+00 0.00000E+00 0.00000E+00 0.00000E+00 0.00000E+00 6.90232E-20 1.12098E-19
 3.60374E+02 7.00617E-19 0.00000E+00 0.00000E+00 0.00000E+00 0.00000E+00 0.00000E+00 0.00000E+00 0.00000E+00 0.00000E+00 0.00000E+00 0.00000E+00 0.00000E+00 0.00000E+00 0.00000E+00 0.00000E+00 6.98709E-20 1.18416E-19
 3.61881E+02 7.08194E-19 0.00000E+00 0.00000E+00 0.00000E+00 0.00000E+00 0.00000E+00 0.00000E+00 0.00000E+00 0.00000E+00 0.00000E+00 0.00000E+00 0.00000E+00 0.00000E+00 0.00000E+00 0.00000E+00 7.10635E-20 1.26083E-19
 3.63394E+02 7.17640E-19 0.00000E+00 0.00000E+00 0.00000E+00 0.00000E+00 0.00000E+00 0.00000E+00 0.00000E+00 0.00000E+00 0.00000E+00 0.00000E+00 0.00000E+00 0.00000E+00 0.00000E+00 0.00000E+00 7.27296E-20 1.35126E-19
 3.64914E+02 7.29175E-19 0.00000E+00 0.00000E+00 0.00000E+00 0.00000E+00 0.00000E+00 0.00000E+00 0.00000E+00 0.00000E+00 0.00000E+00 0.00000E+00 0.00000E+00 0.00000E+00 0.00000E+00 0.00000E+00 7.49312E-20 1.45705E-19
 3.66440E+02 7.43134E-19 0.00000E+00 0.00000E+00 0.00000E+00 0.00000E+00 0.00000E+00 0.00000E+00 0.00000E+00 0.00000E+00 0.00000E+00 0.00000E+00 0.00000E+00 0.00000E+00 0.00000E+00 0.00000E+00 7.78831E-20 1.57950E-19
 3.67972E+02 7.59674E-19 0.00000E+00 0.00000E+00 0.00000E+00 0.00000E+00 0.00000E+00 0.00000E+00 0.00000E+00 0.00000E+00 0.00000E+00 0.00000E+00 0.00000E+00 0.00000E+00 0.00000E+00 0.00000E+00 8.16230E-20 1.71979E-19
 3.69511E+02 7.79025E-19 0.00000E+00 0.00000E+00 0.00000E+00 0.00000E+00 0.00000E+00 0.00000E+00 0.00000E+00 0.00000E+00 0.00000E+00 0.00000E+00 0.00000E+00 0.00000E+00 0.00000E+00 0.00000E+00 8.62784E-20 1.87896E-19
 3.71056E+02 8.01230E-19 0.00000E+00 0.00000E+00 0.00000E+00 0.00000E+00 0.00000E+00 0.00000E+00 0.00000E+00 0.00000E+00 0.00000E+00 0.00000E+00 0.00000E+00 0.00000E+00 0.00000E+00 0.00000E+00 9.18199E-20 2.05774E-19
 3.72608E+02 8.26562E-19 0.00000E+00 0.00000E+00 0.00000E+00 0.00000E+00 0.00000E+00 0.00000E+00 0.00000E+00 0.00000E+00 0.00000E+00 0.00000E+00 0.00000E+00 0.00000E+00 0.00000E+00 0.00000E+00 9.84848E-20 2.25645E-19
 3.74166E+02 8.54910E-19 0.00000E+00 0.00000E+00 0.00000E+00 0.00000E+00 0.00000E+00 0.00000E+00 0.00000E+00 0.00000E+00 0.00000E+00 0.00000E+00 0.00000E+00 0.00000E+00 0.00000E+00 0.00000E+00 1.06274E-19 2.47437E-19
 3.77301E+02 9.21080E-19 0.00000E+00 0.00000E+00 0.00000E+00 0.00000E+00 0.00000E+00 0.00000E+00 0.00000E+00 0.00000E+00 0.00000E+00 0.00000E+00 0.00000E+00 0.00000E+00 0.00000E+00 0.00000E+00 1.25701E-19 2.96663E-19
 3.80464E+02 1.00045E-18 0.00000E+00 0.00000E+00 0.00000E+00 0.00000E+00 0.00000E+00 0.00000E+00 0.00000E+00 0.00000E+00 0.00000E+00 0.00000E+00 0.00000E+00 0.00000E+00 0.00000E+00 0.00000E+00 1.50871E-19 3.53348E-19
 3.86867E+02 1.19194E-18 0.00000E+00 0.00000E+00 0.00000E+00 0.00000E+00 0.00000E+00 0.00000E+00 0.00000E+00 0.00000E+00 0.00000E+00 0.00000E+00 0.00000E+00 0.00000E+00 0.00000E+00 0.00000E+00 2.18238E-19 4.82354E-19
 3.93379E+02 1.42036E-18 0.00000E+00 0.00000E+00 0.00000E+00 0.00000E+00 0.00000E+00 0.00000E+00 0.00000E+00 0.00000E+00 0.00000E+00 0.00000E+00 0.00000E+00 0.00000E+00 0.00000E+00 0.00000E+00 3.05853E-19 6.27874E-19
 3.96676E+02 1.54545E-18 0.00000E+00 0.00000E+00 0.00000E+00 0.00000E+00 0.00000E+00 0.00000E+00 0.00000E+00 0.00000E+00 0.00000E+00 0.00000E+00 0.00000E+00 0.00000E+00 0.00000E+00 0.00000E+00 3.55144E-19 7.05991E-19
 4.00000E+02 1.67595E-18 0.00000E+00 0.00000E+00 0.00000E+00 0.00000E+00 0.00000E+00 0.00000E+00 0.00000E+00 0.00000E+00 0.00000E+00 0.00000E+00 0.00000E+00 0.00000E+00 0.00000E+00 0.00000E+00 4.07397E-19 7.86607E-19
 4.02955E+02 1.79645E-18 0.00000E+00 0.00000E+00 0.00000E+00 0.00000E+00 0.00000E+00 0.00000E+00 0.00000E+00 0.00000E+00 0.00000E+00 0.00000E+00 0.00000E+00 0.00000E+00 0.00000E+00 0.00000E+00 4.55833E-19 8.60838E-19
 4.05933E+02 1.91977E-18 0.00000E+00 0.00000E+00 0.00000E+00 0.00000E+00 0.00000E+00 0.00000E+00 0.00000E+00 0.00000E+00 0.00000E+00 0.00000E+00 0.00000E+00 0.00000E+00 0.00000E+00 0.00000E+00 5.06155E-19 9.35991E-19
 4.08932E+02 2.04579E-18 0.00000E+00 0.00000E+00 0.00000E+00 0.00000E+00 0.00000E+00 0.00000E+00 0.00000E+00 0.00000E+00 0.00000E+00 0.00000E+00 0.00000E+00 0.00000E+00 0.00000E+00 0.00000E+00 5.58497E-19 1.01180E-18
 4.11953E+02 2.17314E-18 0.00000E+00 0.00000E+00 0.00000E+00 0.00000E+00 0.00000E+00 0.00000E+00 0.00000E+00 0.00000E+00 0.00000E+00 0.00000E+00 0.00000E+00 0.00000E+00 0.00000E+00 0.00000E+00 6.12308E-19 1.08745E-18
 4.14997E+02 2.29982E-18 0.00000E+00 0.00000E+00 0.00000E+00 0.00000E+00 0.00000E+00 0.00000E+00 0.00000E+00 0.00000E+00 0.00000E+00 0.00000E+00 0.00000E+00 0.00000E+00 0.00000E+00 0.00000E+00 6.67085E-19 1.16142E-18
 4.18063E+02 2.42720E-18 0.00000E+00 0.00000E+00 0.00000E+00 0.00000E+00 0.00000E+00 0.00000E+00 0.00000E+00 0.00000E+00 0.00000E+00 0.00000E+00 0.00000E+00 0.00000E+00 0.00000E+00 0.00000E+00 7.22679E-19 1.23525E-18
 4.21152E+02 2.55154E-18 0.00000E+00 0.00000E+00 0.00000E+00 0.00000E+00 0.00000E+00 0.00000E+00 0.00000E+00 0.00000E+00 0.00000E+00 0.00000E+00 0.00000E+00 0.00000E+00 0.00000E+00 0.00000E+00 7.78054E-19 1.30625E-18
 4.24264E+02 2.67183E-18 0.00000E+00 0.00000E+00 0.00000E+00 0.00000E+00 0.00000E+00 0.00000E+00 0.00000E+00 0.00000E+00 0.00000E+00 0.00000E+00 0.00000E+00 0.00000E+00 0.00000E+00 0.00000E+00 8.32541E-19 1.37414E-18
 4.27399E+02 2.79023E-18 0.00000E+00 0.00000E+00 0.00000E+00 0.00000E+00 0.00000E+00 0.00000E+00 0.00000E+00 0.00000E+00 0.00000E+00 0.00000E+00 0.00000E+00 0.00000E+00 0.00000E+00 0.00000E+00 8.86289E-19 1.44094E-18
 4.30557E+02 2.90273E-18 0.00000E+00 0.00000E+00 0.00000E+00 0.00000E+00 0.00000E+00 0.00000E+00 0.00000E+00 0.00000E+00 0.00000E+00 0.00000E+00 0.00000E+00 0.00000E+00 0.00000E+00 0.00000E+00 9.38052E-19 1.50381E-18
 4.33738E+02 3.01214E-18 0.00000E+00 0.00000E+00 0.00000E+00 0.00000E+00 0.00000E+00 0.00000E+00 0.00000E+00 0.00000E+00 0.00000E+00 0.00000E+00 0.00000E+00 0.00000E+00 0.00000E+00 0.00000E+00 9.88557E-19 1.56483E-18
 4.36943E+02 3.11698E-18 0.00000E+00 0.00000E+00 0.00000E+00 0.00000E+00 0.00000E+00 0.00000E+00 0.00000E+00 0.00000E+00 0.00000E+00 0.00000E+00 0.00000E+00 0.00000E+00 0.00000E+00 0.00000E+00 1.03699E-18 1.62334E-18
 4.40171E+02 3.21722E-18 0.00000E+00 0.00000E+00 0.00000E+00 0.00000E+00 0.00000E+00 0.00000E+00 0.00000E+00 0.00000E+00 0.00000E+00 0.00000E+00 0.00000E+00 0.00000E+00 0.00000E+00 0.00000E+00 1.08333E-18 1.67931E-18
 4.43423E+02 3.31325E-18 0.00000E+00 0.00000E+00 0.00000E+00 0.00000E+00 0.00000E+00 0.00000E+00 0.00000E+00 0.00000E+00 0.00000E+00 0.00000E+00 0.00000E+00 0.00000E+00 0.00000E+00 0.00000E+00 1.12809E-18 1.73264E-18
 4.46700E+02 3.40495E-18 0.00000E+00 0.00000E+00 0.00000E+00 0.00000E+00 0.00000E+00 0.00000E+00 0.00000E+00 0.00000E+00 0.00000E+00 0.00000E+00 0.00000E+00 0.00000E+00 0.00000E+00 0.00000E+00 1.17114E-18 1.78331E-18
 4.50000E+02 3.49168E-18 0.00000E+00 0.00000E+00 0.00000E+00 0.00000E+00 0.00000E+00 0.00000E+00 0.00000E+00 0.00000E+00 0.00000E+00 0.00000E+00 0.00000E+00 0.00000E+00 0.00000E+00 0.00000E+00 1.21231E-18 1.83096E-18
 4.55966E+02 3.63368E-18 0.00000E+00 0.00000E+00 0.00000E+00 0.00000E+00 0.00000E+00 0.00000E+00 0.00000E+00 0.00000E+00 0.00000E+00 0.00000E+00 0.00000E+00 0.00000E+00 0.00000E+00 0.00000E+00 1.28082E-18 1.90837E-18
 4.62011E+02 3.75829E-18 0.00000E+00 0.00000E+00 0.00000E+00 0.00000E+00 0.00000E+00 0.00000E+00 0.00000E+00 0.00000E+00 0.00000E+00 0.00000E+00 0.00000E+00 0.00000E+00 0.00000E+00 0.00000E+00 1.34241E-18 1.97529E-18
 4.68135E+02 3.86498E-18 0.00000E+00 0.00000E+00 0.00000E+00 0.00000E+00 0.00000E+00 0.00000E+00 0.00000E+00 0.00000E+00 0.00000E+00 0.00000E+00 0.00000E+00 0.00000E+00 0.00000E+00 0.00000E+00 1.39642E-18 2.03180E-18
 4.74342E+02 3.95365E-18 0.00000E+00 0.00000E+00 0.00000E+00 0.00000E+00 0.00000E+00 0.00000E+00 0.00000E+00 0.00000E+00 0.00000E+00 0.00000E+00 0.00000E+00 0.00000E+00 0.00000E+00 0.00000E+00 1.44265E-18 2.07809E-18
 4.80630E+02 4.02759E-18 0.00000E+00 0.00000E+00 0.00000E+00 0.00000E+00 0.00000E+00 0.00000E+00 0.00000E+00 0.00000E+00 0.00000E+00 0.00000E+00 0.00000E+00 0.00000E+00 0.00000E+00 0.00000E+00 1.48143E-18 2.11719E-18
 4.87002E+02 4.08671E-18 0.00000E+00 0.00000E+00 0.00000E+00 0.00000E+00 0.00000E+00 0.00000E+00 0.00000E+00 0.00000E+00 0.00000E+00 0.00000E+00 0.00000E+00 0.00000E+00 0.00000E+00 0.00000E+00 1.51360E-18 2.14804E-18
 4.93458E+02 4.13424E-18 0.00000E+00 0.00000E+00 0.00000E+00 0.00000E+00 0.00000E+00 0.00000E+00 0.00000E+00 0.00000E+00 0.00000E+00 0.00000E+00 0.00000E+00 0.00000E+00 0.00000E+00 0.00000E+00 1.53991E-18 2.17310E-18
 5.00000E+02 4.17167E-18 0.00000E+00 0.00000E+00 0.00000E+00 0.00000E+00 0.00000E+00 0.00000E+00 0.00000E+00 0.00000E+00 0.00000E+00 0.00000E+00 0.00000E+00 0.00000E+00 0.00000E+00 0.00000E+00 1.56172E-18 2.19258E-18
 5.12057E+02 4.21309E-18 0.00000E+00 0.00000E+00 0.00000E+00 0.00000E+00 0.00000E+00 0.00000E+00 0.00000E+00 0.00000E+00 0.00000E+00 0.00000E+00 0.00000E+00 0.00000E+00 0.00000E+00 0.00000E+00 1.58974E-18 2.21333E-18
 5.24404E+02 4.22381E-18 0.00000E+00 0.00000E+00 0.00000E+00 0.00000E+00 0.00000E+00 0.00000E+00 0.00000E+00 0.00000E+00 0.00000E+00 0.00000E+00 0.00000E+00 0.00000E+00 0.00000E+00 0.00000E+00 1.60424E-18 2.21681E-18
 5.37050E+02 4.20715E-18 0.00000E+00 0.00000E+00 0.00000E+00 0.00000E+00 0.00000E+00 0.00000E+00 0.00000E+00 0.00000E+00 0.00000E+00 0.00000E+00 0.00000E+00 0.00000E+00 0.00000E+00 0.00000E+00 1.60616E-18 2.20560E-18
 5.50000E+02 4.16899E-18 0.00000E+00 0.00000E+00 0.00000E+00 0.00000E+00 0.00000E+00 0.00000E+00 0.00000E+00 0.00000E+00 0.00000E+00 0.00000E+00 0.00000E+00 0.00000E+00 0.00000E+00 0.00000E+00 1.59791E-18 2.18293E-18
 5.62095E+02 4.12036E-18 0.00000E+00 0.00000E+00 0.00000E+00 0.00000E+00 0.00000E+00 0.00000E+00 0.00000E+00 0.00000E+00 0.00000E+00 0.00000E+00 0.00000E+00 0.00000E+00 0.00000E+00 0.00000E+00 1.58322E-18 2.15588E-18
 5.74456E+02 4.06199E-18 0.00000E+00 0.00000E+00 0.00000E+00 0.00000E+00 0.00000E+00 0.00000E+00 0.00000E+00 0.00000E+00 0.00000E+00 0.00000E+00 0.00000E+00 0.00000E+00 0.00000E+00 0.00000E+00 1.56442E-18 2.12311E-18
 5.87089E+02 3.99377E-18 0.00000E+00 0.00000E+00 0.00000E+00 0.00000E+00 0.00000E+00 0.00000E+00 0.00000E+00 0.00000E+00 0.00000E+00 0.00000E+00 0.00000E+00 0.00000E+00 0.00000E+00 0.00000E+00 1.54129E-18 2.08491E-18
 6.00000E+02 3.91680E-18 0.00000E+00 0.00000E+00 0.00000E+00 0.00000E+00 0.00000E+00 0.00000E+00 0.00000E+00 0.00000E+00 0.00000E+00 0.00000E+00 0.00000E+00 0.00000E+00 0.00000E+00 0.00000E+00 1.51417E-18 2.04187E-18
 6.18844E+02 3.79461E-18 0.00000E+00 0.00000E+00 0.00000E+00 0.00000E+00 0.00000E+00 0.00000E+00 0.00000E+00 0.00000E+00 0.00000E+00 0.00000E+00 0.00000E+00 0.00000E+00 0.00000E+00 0.00000E+00 1.46959E-18 1.97432E-18
 6.38279E+02 3.66209E-18 0.00000E+00 0.00000E+00 0.00000E+00 0.00000E+00 0.00000E+00 0.00000E+00 0.00000E+00 0.00000E+00 0.00000E+00 0.00000E+00 0.00000E+00 0.00000E+00 0.00000E+00 0.00000E+00 1.41974E-18 1.90141E-18
 6.58325E+02 3.52400E-18 0.00000E+00 0.00000E+00 0.00000E+00 0.00000E+00 0.00000E+00 0.00000E+00 0.00000E+00 0.00000E+00 0.00000E+00 0.00000E+00 0.00000E+00 0.00000E+00 0.00000E+00 0.00000E+00 1.36712E-18 1.82575E-18
 6.79000E+02 3.38032E-18 0.00000E+00 0.00000E+00 0.00000E+00 0.00000E+00 0.00000E+00 0.00000E+00 0.00000E+00 0.00000E+00 0.00000E+00 0.00000E+00 0.00000E+00 0.00000E+00 0.00000E+00 0.00000E+00 1.31203E-18 1.74702E-18
 6.79000E+02 3.49267E-18 0.00000E+00 0.00000E+00 0.00000E+00 0.00000E+00 0.00000E+00 0.00000E+00 0.00000E+00 0.00000E+00 0.00000E+00 0.00000E+00 0.00000E+00 0.00000E+00 0.00000E+00 1.12354E-19 1.31203E-18 1.74702E-18
 6.84190E+02 3.58240E-18 0.00000E+00 0.00000E+00 0.00000E+00 0.00000E+00 0.00000E+00 0.00000E+00 0.00000E+00 0.00000E+00 0.00000E+00 0.00000E+00 0.00000E+00 0.00000E+00 0.00000E+00 2.38236E-19 1.29802E-18 1.72730E-18
 6.86800E+02 3.61362E-18 0.00000E+00 0.00000E+00 0.00000E+00 0.00000E+00 0.00000E+00 0.00000E+00 0.00000E+00 0.00000E+00 0.00000E+00 0.00000E+00 0.00000E+00 0.00000E+00 0.00000E+00 2.87760E-19 1.29094E-18 1.71728E-18
 6.89420E+02 3.62623E-18 0.00000E+00 0.00000E+00 0.00000E+00 0.00000E+00 0.00000E+00 0.00000E+00 0.00000E+00 0.00000E+00 0.00000E+00 0.00000E+00 0.00000E+00 0.00000E+00 0.00000E+00 3.18566E-19 1.28390E-18 1.70732E-18
 6.92050E+02 3.62341E-18 0.00000E+00 0.00000E+00 0.00000E+00 0.00000E+00 0.00000E+00 0.00000E+00 0.00000E+00 0.00000E+00 0.00000E+00 0.00000E+00 0.00000E+00 0.00000E+00 0.00000E+00 3.33844E-19 1.27690E-18 1.69742E-18
 6.94690E+02 3.61212E-18 0.00000E+00 0.00000E+00 0.00000E+00 0.00000E+00 0.00000E+00 0.00000E+00 0.00000E+00 0.00000E+00 0.00000E+00 0.00000E+00 0.00000E+00 0.00000E+00 0.00000E+00 3.40627E-19 1.26987E-18 1.68757E-18
 7.00000E+02 3.58011E-18 0.00000E+00 0.00000E+00 0.00000E+00 0.00000E+00 0.00000E+00 0.00000E+00 0.00000E+00 0.00000E+00 0.00000E+00 0.00000E+00 0.00000E+00 0.00000E+00 0.00000E+00 3.46019E-19 1.25522E-18 1.66721E-18
 7.17000E+02 3.47697E-18 0.00000E+00 0.00000E+00 0.00000E+00 0.00000E+00 0.00000E+00 0.00000E+00 0.00000E+00 0.00000E+00 0.00000E+00 0.00000E+00 0.00000E+00 0.00000E+00 0.00000E+00 3.58547E-19 1.21018E-18 1.60432E-18
 7.17000E+02 3.55189E-18 0.00000E+00 0.00000E+00 0.00000E+00 0.00000E+00 0.00000E+00 0.00000E+00 0.00000E+00 0.00000E+00 0.00000E+00 0.00000E+00 0.00000E+00 0.00000E+00 7.49150E-20 3.58547E-19 1.21018E-18 1.60432E-18
 7.21925E+02 3.57789E-18 0.00000E+00 0.00000E+00 0.00000E+00 0.00000E+00 0.00000E+00 0.00000E+00 0.00000E+00 0.00000E+00 0.00000E+00 0.00000E+00 0.00000E+00 0.00000E+00 1.33647E-19 3.59133E-19 1.19705E-18 1.58630E-18
 7.24401E+02 3.58730E-18 0.00000E+00 0.00000E+00 0.00000E+00 0.00000E+00 0.00000E+00 0.00000E+00 0.00000E+00 0.00000E+00 0.00000E+00 0.00000E+00 0.00000E+00 0.00000E+00 1.60167E-19 3.58791E-19 1.19047E-18 1.57719E-18
 7.26885E+02 3.58788E-18 0.00000E+00 0.00000E+00 0.00000E+00 0.00000E+00 0.00000E+00 0.00000E+00 0.00000E+00 0.00000E+00 0.00000E+00 0.00000E+00 0.00000E+00 0.00000E+00 1.77933E-19 3.58281E-19 1.18393E-18 1.56814E-18
 7.31878E+02 3.56836E-18 0.00000E+00 0.00000E+00 0.00000E+00 0.00000E+00 0.00000E+00 0.00000E+00 0.00000E+00 0.00000E+00 0.00000E+00 0.00000E+00 0.00000E+00 0.00000E+00 1.92666E-19 3.57108E-19 1.17094E-18 1.55018E-18
 7.36906E+02 3.53939E-18 0.00000E+00 0.00000E+00 0.00000E+00 0.00000E+00 0.00000E+00 0.00000E+00 0.00000E+00 0.00000E+00 0.00000E+00 0.00000E+00 0.00000E+00 0.00000E+00 1.96898E-19 3.56625E-19 1.15810E-18 1.53243E-18
 7.57364E+02 3.41688E-18 0.00000E+00 0.00000E+00 0.00000E+00 0.00000E+00 0.00000E+00 0.00000E+00 0.00000E+00 0.00000E+00 0.00000E+00 0.00000E+00 0.00000E+00 0.00000E+00 2.05926E-19 3.56706E-19 1.10631E-18 1.46116E-18
 8.00000E+02 3.15737E-18 0.00000E+00 0.00000E+00 0.00000E+00 0.00000E+00 0.00000E+00 0.00000E+00 0.00000E+00 0.00000E+00 0.00000E+00 0.00000E+00 0.00000E+00 0.00000E+00 2.06627E-19 3.55568E-19 1.00395E-18 1.32123E-18
 8.48528E+02 2.88654E-18 0.00000E+00 0.00000E+00 0.00000E+00 0.00000E+00 0.00000E+00 0.00000E+00 0.00000E+00 0.00000E+00 0.00000E+00 0.00000E+00 0.00000E+00 0.00000E+00 2.07519E-19 3.52634E-19 8.97278E-19 1.17695E-18
 9.00000E+02 2.62634E-18 0.00000E+00 0.00000E+00 0.00000E+00 0.00000E+00 0.00000E+00 0.00000E+00 0.00000E+00 0.00000E+00 0.00000E+00 0.00000E+00 0.00000E+00 0.00000E+00 2.07000E-19 3.46705E-19 7.96402E-19 1.04121E-18
 9.70000E+02 2.31263E-18 0.00000E+00 0.00000E+00 0.00000E+00 0.00000E+00 0.00000E+00 0.00000E+00 0.00000E+00 0.00000E+00 0.00000E+00 0.00000E+00 0.00000E+00 0.00000E+00 2.03618E-19 3.34576E-19 6.77832E-19 8.82721E-19
 9.70000E+02 2.46746E-18 0.00000E+00 0.00000E+00 0.00000E+00 0.00000E+00 0.00000E+00 0.00000E+00 0.00000E+00 0.00000E+00 0.00000E+00 0.00000E+00 0.00000E+00 1.54838E-19 2.03618E-19 3.34576E-19 6.77832E-19 8.82721E-19
 9.84886E+02 2.41297E-18 0.00000E+00 0.00000E+00 0.00000E+00 0.00000E+00 0.00000E+00 0.00000E+00 0.00000E+00 0.00000E+00 0.00000E+00 0.00000E+00 0.00000E+00 1.60957E-19 2.02541E-19 3.31650E-19 6.55177E-19 8.52891E-19
 1.00000E+03 2.34839E-18 0.00000E+00 0.00000E+00 0.00000E+00 0.00000E+00 0.00000E+00 0.00000E+00 0.00000E+00 0.00000E+00 0.00000E+00 0.00000E+00 0.00000E+00 1.56159E-19 2.01347E-19 3.28401E-19 6.33044E-19 8.23739E-19
 1.04881E+03 2.16045E-18 0.00000E+00 0.00000E+00 0.00000E+00 0.00000E+00 0.00000E+00 0.00000E+00 0.00000E+00 0.00000E+00 0.00000E+00 0.00000E+00 0.00000E+00 1.49448E-19 1.96756E-19 3.17474E-19 5.67203E-19 7.36565E-19
 1.10000E+03 1.98319E-18 0.00000E+00 0.00000E+00 0.00000E+00 0.00000E+00 0.00000E+00 0.00000E+00 0.00000E+00 0.00000E+00 0.00000E+00 0.00000E+00 0.00000E+00 1.42730E-19 1.91099E-19 3.05270E-19 5.06490E-19 6.56517E-19
 1.17100E+03 1.76655E-18 0.00000E+00 0.00000E+00 0.00000E+00 0.00000E+00 0.00000E+00 0.00000E+00 0.00000E+00 0.00000E+00 0.00000E+00 0.00000E+00 0.00000E+00 1.33802E-19 1.82394E-19 2.87908E-19 4.34584E-19 5.61927E-19
 1.17100E+03 1.79013E-18 0.00000E+00 0.00000E+00 0.00000E+00 0.00000E+00 0.00000E+00 0.00000E+00 0.00000E+00 0.00000E+00 0.00000E+00 0.00000E+00 2.35819E-20 1.33802E-19 1.82394E-19 2.87908E-19 4.34584E-19 5.61927E-19
 1.25000E+03 1.58459E-18 0.00000E+00 0.00000E+00 0.00000E+00 0.00000E+00 0.00000E+00 0.00000E+00 0.00000E+00 0.00000E+00 0.00000E+00 0.00000E+00 2.46633E-20 1.24595E-19 1.72142E-19 2.68560E-19 3.68309E-19 4.75169E-19
 1.33300E+03 1.39988E-18 0.00000E+00 0.00000E+00 0.00000E+00 0.00000E+00 0.00000E+00 0.00000E+00 0.00000E+00 0.00000E+00 0.00000E+00 0.00000E+00 2.43946E-20 1.15747E-19 1.61240E-19 2.48973E-19 3.11373E-19 4.00821E-19
 1.33300E+03 1.43194E-18 0.00000E+00 0.00000E+00 0.00000E+00 0.00000E+00 0.00000E+00 0.00000E+00 0.00000E+00 0.00000E+00 0.00000E+00 3.20542E-20 2.43946E-20 1.15747E-19 1.61240E-19 2.48973E-19 3.11373E-19 4.00821E-19
 1.40000E+03 1.29923E-18 0.00000E+00 0.00000E+00 0.00000E+00 0.00000E+00 0.00000E+00 0.00000E+00 0.00000E+00 0.00000E+00 0.00000E+00 2.77205E-20 2.40695E-20 1.09138E-19 1.52574E-19 2.33843E-19 2.73158E-19 3.51070E-19
 1.50000E+03 1.13362E-18 0.00000E+00 0.00000E+00 0.00000E+00 0.00000E+00 0.00000E+00 0.00000E+00 0.00000E+00 0.00000E+00 0.00000E+00 2.59258E-20 2.34823E-20 1.00174E-19 1.40219E-19 2.12811E-19 2.26195E-19 2.90067E-19
 1.62019E+03 9.70545E-19 0.00000E+00 0.00000E+00 0.00000E+00 0.00000E+00 0.00000E+00 0.00000E+00 0.00000E+00 0.00000E+00 0.00000E+00 2.39453E-20 2.26611E-20 9.06632E-20 1.26463E-19 1.90015E-19 1.82204E-19 2.33105E-19
 1.75000E+03 8.28600E-19 0.00000E+00 0.00000E+00 0.00000E+00 0.00000E+00 0.00000E+00 0.00000E+00 0.00000E+00 0.00000E+00 0.00000E+00 2.20183E-20 2.16751E-20 8.17214E-20 1.13078E-19 1.68325E-19 1.45952E-19 1.86301E-19
 2.00000E+03 6.26219E-19 0.00000E+00 0.00000E+00 0.00000E+00 0.00000E+00 0.00000E+00 0.00000E+00 0.00000E+00 0.00000E+00 0.00000E+00 1.88400E-20 1.96980E-20 6.76448E-20 9.14445E-20 1.34113E-19 9.81771E-20 1.24833E-19
 2.20000E+03 5.10649E-19 0.00000E+00 0.00000E+00 0.00000E+00 0.00000E+00 0.00000E+00 0.00000E+00 0.00000E+00 0.00000E+00 0.00000E+00 1.67308E-20 1.81547E-20 5.87017E-20 7.75745E-20 1.12672E-19 7.33275E-20 9.29804E-20
 2.50000E+03 3.86497E-19 0.00000E+00 0.00000E+00 0.00000E+00 0.00000E+00 0.00000E+00 0.00000E+00 0.00000E+00 0.00000E+00 0.00000E+00 1.41496E-20 1.60179E-20 4.81399E-20 6.12680E-20 8.79111E-20 4.90212E-20 6.19346E-20
 2.73861E+03 3.15855E-19 0.00000E+00 0.00000E+00 0.00000E+00 0.00000E+00 0.00000E+00 0.00000E+00 0.00000E+00 0.00000E+00 0.00000E+00 1.24916E-20 1.45049E-20 4.15561E-20 5.12656E-20 7.29537E-20 3.65080E-20 4.60066E-20
 3.00000E+03 2.57513E-19 0.00000E+00 0.00000E+00 0.00000E+00 0.00000E+00 0.00000E+00 0.00000E+00 0.00000E+00 0.00000E+00 0.00000E+00 1.09819E-20 1.30371E-20 3.57187E-20 4.25638E-20 6.00910E-20 2.70258E-20 3.39687E-20
 3.33500E+03 2.02451E-19 0.00000E+00 0.00000E+00 0.00000E+00 0.00000E+00 0.00000E+00 0.00000E+00 0.00000E+00 0.00000E+00 0.00000E+00 9.41059E-21 1.14103E-20 2.97978E-20 3.39532E-20 4.75108E-20 1.89112E-20 2.36966E-20
 3.33500E+03 2.48801E-19 0.00000E+00 0.00000E+00 0.00000E+00 0.00000E+00 0.00000E+00 0.00000E+00 0.00000E+00 0.00000E+00 4.63495E-20 9.41059E-21 1.14103E-20 2.97978E-20 3.39532E-20 4.75108E-20 1.89112E-20 2.36966E-20
 3.33743E+03 3.17951E-19 0.00000E+00 0.00000E+00 0.00000E+00 0.00000E+00 0.00000E+00 0.00000E+00 0.00000E+00 0.00000E+00 1.15837E-19 9.40040E-21 1.13994E-20 2.97600E-20 3.38992E-20 4.74324E-20 1.88644E-20 2.36373E-20
 3.33986E+03 3.85541E-19 0.00000E+00 0.00000E+00 0.00000E+00 0.00000E+00 0.00000E+00 0.00000E+00 0.00000E+00 0.00000E+00 1.83763E-19 9.39022E-21 1.13886E-20 2.97222E-20 3.38453E-20 4.73541E-20 1.88176E-20 2.35782E-20
 3.34229E+03 4.40402E-19 0.00000E+00 0.00000E+00 0.00000E+00 0.00000E+00 0.00000E+00 0.00000E+00 0.00000E+00 0.00000E+00 2.38960E-19 9.38006E-21 1.13778E-20 2.96845E-20 3.37915E-20 4.72760E-20 1.87709E-20 2.35193E-20
 3.34472E+03 4.76422E-19 0.00000E+00 0.00000E+00 0.00000E+00 0.00000E+00 0.00000E+00 0.00000E+00 0.00000E+00 0.00000E+00 2.75315E-19 9.36990E-21 1.13669E-20 2.96468E-20 3.37378E-20 4.71980E-20 1.87244E-20 2.34604E-20
 3.34716E+03 4.95281E-19 0.00000E+00 0.00000E+00 0.00000E+00 0.00000E+00 0.00000E+00 0.00000E+00 0.00000E+00 0.00000E+00 2.94509E-19 9.35976E-21 1.13561E-20 2.96092E-20 3.36842E-20 4.71201E-20 1.86780E-20 2.34018E-20
 3.34959E+03 5.02996E-19 0.00000E+00 0.00000E+00 0.00000E+00 0.00000E+00 0.00000E+00 0.00000E+00 0.00000E+00 0.00000E+00 3.02558E-19 9.34963E-21 1.13453E-20 2.95717E-20 3.36306E-20 4.70424E-20 1.86317E-20 2.33433E-20
 3.35203E+03 5.05683E-19 0.00000E+00 0.00000E+00 0.00000E+00 0.00000E+00 0.00000E+00 0.00000E+00 0.00000E+00 0.00000E+00 3.05578E-19 9.33950E-21 1.13345E-20 2.95341E-20 3.35772E-20 4.69648E-20 1.85855E-20 2.32849E-20
 3.35447E+03 5.06293E-19 0.00000E+00 0.00000E+00 0.00000E+00 0.00000E+00 0.00000E+00 0.00000E+00 0.00000E+00 0.00000E+00 3.06521E-19 9.32939E-21 1.13237E-20 2.94967E-20 3.35238E-20 4.68873E-20 1.85394E-20 2.32267E-20
 3.36425E+03 5.08098E-19 0.00000E+00 0.00000E+00 0.00000E+00 0.00000E+00 0.00000E+00 0.00000E+00 0.00000E+00 0.00000E+00 3.09651E-19 9.28906E-21 1.12807E-20 2.93473E-20 3.33111E-20 4.65786E-20 1.83562E-20 2.29952E-20
 3.36915E+03 5.08320E-19 0.00000E+00 0.00000E+00 0.00000E+00 0.00000E+00 0.00000E+00 0.00000E+00 0.00000E+00 0.00000E+00 3.10533E-19 9.26896E-21 1.12593E-20 2.92728E-20 3.32053E-20 4.64251E-20 1.82653E-20 2.28804E-20
 3.37406E+03 5.07092E-19 0.00000E+00 0.00000E+00 0.00000E+00 0.00000E+00 0.00000E+00 0.00000E+00 0.00000E+00 0.00000E+00 3.09962E-19 9.24890E-21 1.12379E-20 2.91986E-20 3.30998E-20 4.62720E-20 1.81749E-20 2.27661E-20
 3.39376E+03 4.93123E-19 0.00000E+00 0.00000E+00 0.00000E+00 0.00000E+00 0.00000E+00 0.00000E+00 0.00000E+00 0.00000E+00 2.98597E-19 9.16910E-21 1.11526E-20 2.89036E-20 3.26811E-20 4.56648E-20 1.78175E-20 2.23146E-20
 3.40365E+03 4.87620E-19 0.00000E+00 0.00000E+00 0.00000E+00 0.00000E+00 0.00000E+00 0.00000E+00 0.00000E+00 0.00000E+00 2.94381E-19 9.12946E-21 1.11103E-20 2.87572E-20 3.24738E-20 4.53642E-20 1.76415E-20 2.20923E-20
 3.41357E+03 4.83238E-19 0.00000E+00 0.00000E+00 0.00000E+00 0.00000E+00 0.00000E+00 0.00000E+00 0.00000E+00 0.00000E+00 2.91278E-19 9.08999E-21 1.10680E-20 2.86115E-20 3.22678E-20 4.50656E-20 1.74672E-20 2.18721E-20
 3.45355E+03 4.65610E-19 0.00000E+00 0.00000E+00 0.00000E+00 0.00000E+00 0.00000E+00 0.00000E+00 0.00000E+00 0.00000E+00 2.78674E-19 8.93381E-21 1.09008E-20 2.80362E-20 3.14567E-20 4.38906E-20 1.67870E-20 2.10133E-20
 3.49400E+03 4.51365E-19 0.00000E+00 0.00000E+00 0.00000E+00 0.00000E+00 0.00000E+00 0.00000E+00 0.00000E+00 0.00000E+00 2.69311E-19 8.78032E-21 1.07361E-20 2.74724E-20 3.06661E-20 4.27462E-20 1.61333E-20 2.01882E-20
 3.49400E+03 4.77947E-19 0.00000E+00 0.00000E+00 0.00000E+00 0.00000E+00 0.00000E+00 0.00000E+00 0.00000E+00 2.65820E-20 2.69311E-19 8.78032E-21 1.07361E-20 2.74724E-20 3.06661E-20 4.27462E-20 1.61333E-20 2.01882E-20
 3.49700E+03 5.28667E-19 0.00000E+00 0.00000E+00 0.00000E+00 0.00000E+00 0.00000E+00 0.00000E+00 0.00000E+00 7.83578E-20 2.68611E-19 8.76911E-21 1.07240E-20 2.74314E-20 3.06086E-20 4.26631E-20 1.60856E-20 2.01280E-20
 3.50000E+03 5.78625E-19 0.00000E+00 0.00000E+00 0.00000E+00 0.00000E+00 0.00000E+00 0.00000E+00 0.00000E+00 1.29370E-19 2.67912E-19 8.75792E-21 1.07120E-20 2.73903E-20 3.05512E-20 4.25801E-20 1.60379E-20 2.00674E-20
 3.50183E+03 6.01892E-19 0.00000E+00 0.00000E+00 0.00000E+00 0.00000E+00 0.00000E+00 0.00000E+00 0.00000E+00 1.53276E-19 2.67489E-19 8.75113E-21 1.07047E-20 2.73654E-20 3.05164E-20 4.25297E-20 1.60090E-20 2.00307E-20
 3.50365E+03 6.18072E-19 0.00000E+00 0.00000E+00 0.00000E+00 0.00000E+00 0.00000E+00 0.00000E+00 0.00000E+00 1.70063E-19 2.67098E-19 8.74433E-21 1.06974E-20 2.73405E-20 3.04816E-20 4.24794E-20 1.59801E-20 1.99940E-20
 3.50548E+03 6.27910E-19 0.00000E+00 0.00000E+00 0.00000E+00 0.00000E+00 0.00000E+00 0.00000E+00 0.00000E+00 1.80489E-19 2.66727E-19 8.73755E-21 1.06901E-20 2.73157E-20 3.04469E-20 4.24292E-20 1.59513E-20 1.99575E-20
 3.50731E+03 6.33217E-19 0.00000E+00 0.00000E+00 0.00000E+00 0.00000E+00 0.00000E+00 0.00000E+00 0.00000E+00 1.86381E-19 2.66357E-19 8.73077E-21 1.06828E-20 2.72908E-20 3.04122E-20 4.23790E-20 1.59226E-20 1.99209E-20
 3.50914E+03 6.35684E-19 0.00000E+00 0.00000E+00 0.00000E+00 0.00000E+00 0.00000E+00 0.00000E+00 0.00000E+00 1.89435E-19 2.65987E-19 8.72399E-21 1.06755E-20 2.72660E-20 3.03767E-20 4.23282E-20 1.58938E-20 1.98845E-20
 3.51097E+03 6.36534E-19 0.00000E+00 0.00000E+00 0.00000E+00 0.00000E+00 0.00000E+00 0.00000E+00 0.00000E+00 1.90871E-19 2.65618E-19 8.71722E-21 1.06683E-20 2.72412E-20 3.03412E-20 4.22768E-20 1.58652E-20 1.98481E-20
 3.51464E+03 6.36761E-19 0.00000E+00 0.00000E+00 0.00000E+00 0.00000E+00 0.00000E+00 0.00000E+00 0.00000E+00 1.92269E-19 2.64881E-19 8.70370E-21 1.06535E-20 2.71917E-20 3.02701E-20 4.21743E-20 1.58080E-20 1.97755E-20
 3.52933E+03 6.35640E-19 0.00000E+00 0.00000E+00 0.00000E+00 0.00000E+00 0.00000E+00 0.00000E+00 0.00000E+00 1.95804E-19 2.61954E-19 8.64960E-21 1.05932E-20 2.69917E-20 2.99877E-20 4.17666E-20 1.55814E-20 1.94879E-20
 3.55891E+03 6.17631E-19 0.00000E+00 0.00000E+00 0.00000E+00 0.00000E+00 0.00000E+00 0.00000E+00 0.00000E+00 1.86962E-19 2.56197E-19 8.53986E-21 1.04736E-20 2.65937E-20 2.94308E-20 4.09630E-20 1.51379E-20 1.89251E-20
 3.61881E+03 5.88854E-19 0.00000E+00 0.00000E+00 0.00000E+00 0.00000E+00 0.00000E+00 0.00000E+00 0.00000E+00 1.75930E-19 2.45059E-19 8.32455E-21 1.02384E-20 2.58151E-20 2.83477E-20 3.94019E-20 1.42884E-20 1.78478E-20
 3.74166E+03 5.40589E-19 0.00000E+00 0.00000E+00 0.00000E+00 0.00000E+00 0.00000E+00 0.00000E+00 0.00000E+00 1.60718E-19 2.24429E-19 7.91008E-21 9.78367E-21 2.43258E-20 2.62996E-20 3.64560E-20 1.27289E-20 1.58736E-20
 4.00000E+03 4.56040E-19 0.00000E+00 0.00000E+00 0.00000E+00 0.00000E+00 0.00000E+00 0.00000E+00 0.00000E+00 1.35341E-19 1.87529E-19 7.14203E-21 8.90726E-21 2.15564E-20 2.25570E-20 3.11003E-20 1.00731E-20 1.25551E-20
 4.04900E+03 4.41832E-19 0.00000E+00 0.00000E+00 0.00000E+00 0.00000E+00 0.00000E+00 0.00000E+00 0.00000E+00 1.31045E-19 1.81367E-19 7.00850E-21 8.75249E-21 2.10790E-20 2.19224E-20 3.01962E-20 9.64550E-21 1.20177E-20
 4.04900E+03 5.12655E-19 0.00000E+00 0.00000E+00 0.00000E+00 0.00000E+00 0.00000E+00 0.00000E+00 7.08228E-20 1.31045E-19 1.81367E-19 7.00850E-21 8.75249E-21 2.10790E-20 2.19224E-20 3.01962E-20 9.64549E-21 1.20177E-20
 4.05569E+03 5.14292E-19 0.00000E+00 0.00000E+00 0.00000E+00 0.00000E+00 0.00000E+00 0.00000E+00 7.43531E-20 1.30474E-19 1.80547E-19 6.99030E-21 8.73154E-21 2.10145E-20 2.18375E-20 3.00753E-20 9.58896E-21 1.19467E-20
 4.06238E+03 5.14450E-19 0.00000E+00 0.00000E+00 0.00000E+00 0.00000E+00 0.00000E+00 0.00000E+00 7.63966E-20 1.29905E-19 1.79730E-19 6.97215E-21 8.71065E-21 2.09502E-20 2.17530E-20 2.99549E-20 9.53276E-21 1.18761E-20
 4.07581E+03 5.08947E-19 0.00000E+00 0.00000E+00 0.00000E+00 0.00000E+00 0.00000E+00 0.00000E+00 7.46378E-20 1.28774E-19 1.78108E-19 6.93599E-21 8.66902E-21 2.08222E-20 2.15848E-20 2.97155E-20 9.42134E-21 1.17361E-20
 4.10280E+03 5.00887E-19 0.00000E+00 0.00000E+00 0.00000E+00 0.00000E+00 0.00000E+00 0.00000E+00 7.39702E-20 1.26542E-19 1.74908E-19 6.86423E-21 8.58635E-21 2.05686E-20 2.12524E-20 2.92424E-20 9.20240E-21 1.14610E-20
 4.15732E+03 4.85142E-19 0.00000E+00 0.00000E+00 0.00000E+00 0.00000E+00 0.00000E+00 0.00000E+00 7.26268E-20 1.22193E-19 1.68679E-19 6.72294E-21 8.42336E-21 2.00705E-20 2.06028E-20 2.83187E-20 8.77966E-21 1.09302E-20
 4.26855E+03 4.54792E-19 0.00000E+00 0.00000E+00 0.00000E+00 0.00000E+00 0.00000E+00 0.00000E+00 6.97007E-20 1.13897E-19 1.56837E-19 6.44901E-21 8.10567E-21 1.91103E-20 1.93588E-20 2.65530E-20 7.99155E-21 9.94104E-21
 4.50000E+03 3.99026E-19 0.00000E+00 0.00000E+00 0.00000E+00 0.00000E+00 0.00000E+00 0.00000E+00 6.39132E-20 9.87434E-20 1.35317E-19 5.93419E-21 7.49167E-21 1.73255E-20 1.70566E-20 2.32977E-20 6.62063E-21 8.22261E-21
 4.83300E+03 3.33448E-19 0.00000E+00 0.00000E+00 0.00000E+00 0.00000E+00 0.00000E+00 0.00000E+00 5.65504E-20 8.11090E-20 1.10483E-19 5.28933E-21 6.71010E-21 1.51217E-20 1.43110E-20 1.94523E-20 5.10847E-21 6.33043E-21
 4.83300E+03 3.51537E-19 0.00000E+00 0.00000E+00 0.00000E+00 0.00000E+00 0.00000E+00 1.80894E-20 5.65504E-20 8.11090E-20 1.10483E-19 5.28933E-21 6.71010E-21 1.51217E-20 1.43110E-20 1.94523E-20 5.10847E-21 6.33043E-21
 4.83813E+03 3.52543E-19 0.00000E+00 0.00000E+00 0.00000E+00 0.00000E+00 0.00000E+00 1.99892E-20 5.64453E-20 8.08697E-20 1.10148E-19 5.28027E-21 6.69910E-21 1.50910E-20 1.42737E-20 1.93995E-20 5.08881E-21 6.30586E-21
 4.84327E+03 3.52594E-19 0.00000E+00 0.00000E+00 0.00000E+00 0.00000E+00 0.00000E+00 2.09315E-20 5.63403E-20 8.06311E-20 1.09813E-19 5.27122E-21 6.68812E-21 1.50605E-20 1.42365E-20 1.93469E-20 5.06923E-21 6.28138E-21
 4.85357E+03 3.50771E-19 0.00000E+00 0.00000E+00 0.00000E+00 0.00000E+00 0.00000E+00 2.08840E-20 5.61310E-20 8.01560E-20 1.09147E-19 5.25318E-21 6.66621E-21 1.49996E-20 1.41623E-20 1.92421E-20 5.03029E-21 6.23272E-21
 4.87422E+03 3.46914E-19 0.00000E+00 0.00000E+00 0.00000E+00 0.00000E+00 0.00000E+00 2.05495E-20 5.57146E-20 7.92143E-20 1.07827E-19 5.21729E-21 6.62260E-21 1.48785E-20 1.40151E-20 1.90343E-20 4.95330E-21 6.13651E-21
 4.91579E+03 3.39910E-19 0.00000E+00 0.00000E+00 0.00000E+00 0.00000E+00 0.00000E+00 2.04718E-20 5.48912E-20 7.73639E-20 1.05235E-19 5.14623E-21 6.53624E-21 1.46392E-20 1.37254E-20 1.86254E-20 4.80285E-21 5.94854E-21
 5.00000E+03 3.26231E-19 0.00000E+00 0.00000E+00 0.00000E+00 0.00000E+00 0.00000E+00 2.01931E-20 5.32806E-20 7.37899E-20 1.00236E-19 5.00700E-21 6.36688E-21 1.41722E-20 1.31637E-20 1.78336E-20 4.51519E-21 5.58937E-21
 5.18500E+03 2.98242E-19 0.00000E+00 0.00000E+00 0.00000E+00 0.00000E+00 0.00000E+00 1.94153E-20 4.99002E-20 6.65853E-20 9.01850E-20 4.71674E-21 6.00667E-21 1.32023E-20 1.20077E-20 1.62210E-20 3.94823E-21 4.88202E-21
 5.18500E+03 3.12670E-19 0.00000E+00 0.00000E+00 0.00000E+00 0.00000E+00 1.44284E-20 1.94153E-20 4.99002E-20 6.65853E-20 9.01850E-20 4.71674E-21 6.00667E-21 1.32023E-20 1.20077E-20 1.62210E-20 3.94823E-21 4.88202E-21
 5.19457E+03 3.09967E-19 0.00000E+00 0.00000E+00 0.00000E+00 0.00000E+00 1.30784E-20 1.93748E-20 4.97340E-20 6.62392E-20 8.97028E-20 4.70243E-21 5.98890E-21 1.31548E-20 1.19518E-20 1.61432E-20 3.92144E-21 4.84862E-21
 5.20415E+03 3.08577E-19 0.00000E+00 0.00000E+00 0.00000E+00 0.00000E+00 1.30347E-20 1.93344E-20 4.95684E-20 6.58949E-20 8.92232E-20 4.68816E-21 5.97118E-21 1.31075E-20 1.18961E-20 1.60657E-20 3.89484E-21 4.81546E-21
 5.22337E+03 3.06043E-19 0.00000E+00 0.00000E+00 0.00000E+00 0.00000E+00 1.31741E-20 1.92538E-20 4.92388E-20 6.52116E-20 8.82715E-20 4.65975E-21 5.93590E-21 1.30133E-20 1.17856E-20 1.59118E-20 3.84218E-21 4.74980E-21
 5.26202E+03 3.00602E-19 0.00000E+00 0.00000E+00 0.00000E+00 0.00000E+00 1.30055E-20 1.90911E-20 4.85862E-20 6.38662E-20 8.63987E-20 4.60345E-21 5.86596E-21 1.28270E-20 1.15675E-20 1.56084E-20 3.73898E-21 4.62116E-21
 5.34018E+03 2.90105E-19 0.00000E+00 0.00000E+00 0.00000E+00 0.00000E+00 1.27651E-20 1.87589E-20 4.73068E-20 6.12581E-20 8.27713E-20 4.49288E-21 5.72855E-21 1.24623E-20 1.11435E-20 1.50189E-20 3.54082E-21 4.37425E-21
 5.50000E+03 2.70263E-19 0.00000E+00 0.00000E+00 0.00000E+00 0.00000E+00 1.22932E-20 1.81119E-20 4.48483E-20 5.63555E-20 7.59671E-20 4.27965E-21 5.46332E-21 1.17637E-20 1.03415E-20 1.39059E-20 3.17527E-21 3.91910E-21
 6.00000E+03 2.18650E-19 0.00000E+00 0.00000E+00 0.00000E+00 0.00000E+00 1.09455E-20 1.61925E-20 3.81089E-20 4.38605E-20 5.87141E-20 3.69900E-21 4.72858E-21 9.88740E-21 8.25042E-21 1.10188E-20 2.29173E-21 2.82058E-21
 7.00000E+03 1.49567E-19 0.00000E+00 0.00000E+00 0.00000E+00 0.00000E+00 8.79493E-21 1.29846E-20 2.82185E-20 2.78327E-20 3.68058E-20 2.84090E-21 3.62213E-21 7.20621E-21 5.45985E-21 7.20453E-21 1.27228E-21 1.55794E-21
 8.00000E+03 1.07226E-19 0.00000E+00 0.00000E+00 0.00000E+00 0.00000E+00 7.19322E-21 1.05181E-20 2.14929E-20 1.85703E-20 2.43000E-20 2.24764E-21 2.84506E-21 5.43121E-21 3.77098E-21 4.92351E-21 7.56003E-22 9.21441E-22
 9.00000E+03 7.97400E-20 0.00000E+00 0.00000E+00 0.00000E+00 0.00000E+00 5.97450E-21 8.61748E-21 1.67525E-20 1.28970E-20 1.67191E-20 1.82058E-21 2.28163E-21 4.20436E-21 2.69570E-21 3.48640E-21 4.73836E-22 5.75115E-22
 1.00000E+04 6.10700E-20 0.00000E+00 0.00000E+00 0.00000E+00 0.00000E+00 5.03011E-21 7.13981E-21 1.33135E-20 9.25549E-21 1.18973E-20 1.50307E-21 1.86175E-21 3.32626E-21 1.98239E-21 2.54191E-21 3.10114E-22 3.74927E-22
 1.10000E+04 4.79123E-20 0.00000E+00 0.00000E+00 0.00000E+00 0.00000E+00 4.28523E-21 5.97835E-21 1.07568E-20 6.82580E-21 8.70628E-21 1.26062E-21 1.54161E-21 2.67968E-21 1.49293E-21 1.89916E-21 2.10346E-22 2.53381E-22
 1.25000E+04 3.45378E-20 0.00000E+00 0.00000E+00 0.00000E+00 0.00000E+00 3.43392E-21 4.66375E-21 8.01933E-21 4.50860E-21 5.68971E-21 9.92049E-22 1.18880E-21 1.99278E-21 1.01246E-21 1.27406E-21 1.24141E-22 1.48781E-22
 1.40000E+04 2.57963E-20 0.00000E+00 0.00000E+00 0.00000E+00 0.00000E+00 2.80555E-21 3.70861E-21 6.13757E-21 3.10317E-21 3.87825E-21 7.99504E-22 9.38221E-22 1.52364E-21 7.12280E-22 8.87523E-22 7.73067E-23 9.22236E-23
 1.50000E+04 2.15822E-20 0.00000E+00 0.00000E+00 0.00000E+00 0.00000E+00 2.47466E-21 3.21328E-21 5.19896E-21 2.46540E-21 3.06275E-21 7.00015E-22 8.09998E-22 1.29046E-21 5.73142E-22 7.09791E-22 5.77845E-23 6.87331E-23
 1.63030E+04 1.73760E-20 0.00000E+00 0.00000E+00 0.00000E+00 0.00000E+00 2.11941E-21 2.69224E-21 4.24132E-21 1.86050E-21 2.29414E-21 5.94914E-22 6.75539E-22 1.05183E-21 4.38804E-22 5.39331E-22 4.05061E-23 4.80043E-23
 1.63030E+04 4.02933E-20 0.00000E+00 0.00000E+00 0.00000E+00 2.29173E-20 2.11941E-21 2.69224E-21 4.24132E-21 1.86050E-21 2.29414E-21 5.94914E-22 6.75539E-22 1.05183E-21 4.38804E-22 5.39331E-22 4.05061E-23 4.80043E-23
 1.63120E+04 4.19625E-20 0.00000E+00 0.00000E+00 0.00000E+00 2.46115E-20 2.11723E-21 2.68902E-21 4.23550E-21 1.85702E-21 2.28974E-21 5.94271E-22 6.74724E-22 1.05040E-21 4.38026E-22 5.38348E-22 4.04106E-23 4.78900E-23
 1.63211E+04 4.21671E-20 0.00000E+00 0.00000E+00 0.00000E+00 2.48411E-20 2.11505E-21 2.68580E-21 4.22970E-21 1.85355E-21 2.28535E-21 5.93629E-22 6.73910E-22 1.04898E-21 4.37249E-22 5.37366E-22 4.03153E-23 4.77759E-23
 1.63301E+04 4.16574E-20 0.00000E+00 0.00000E+00 0.00000E+00 2.43564E-20 2.11287E-21 2.68258E-21 4.22390E-21 1.85008E-21 2.28096E-21 5.92987E-22 6.73098E-22 1.04755E-21 4.36474E-22 5.36386E-22 4.02203E-23 4.76620E-23
 1.63391E+04 4.14749E-20 0.00000E+00 0.00000E+00 0.00000E+00 2.41988E-20 2.11069E-21 2.67937E-21 4.21810E-21 1.84663E-21 2.27659E-21 5.92346E-22 6.72286E-22 1.04613E-21 4.35700E-22 5.35408E-22 4.01254E-23 4.75485E-23
 1.63572E+04 4.15746E-20 0.00000E+00 0.00000E+00 0.00000E+00 2.43481E-20 2.10635E-21 2.67296E-21 4.20654E-21 1.83973E-21 2.26786E-21 5.91066E-22 6.70666E-22 1.04329E-21 4.34156E-22 5.33457E-22 3.99364E-23 4.73222E-23
 1.63754E+04 4.14403E-20 0.00000E+00 0.00000E+00 0.00000E+00 2.42634E-20 2.10201E-21 2.66656E-21 4.19501E-21 1.83286E-21 2.25917E-21 5.89789E-22 6.69049E-22 1.04046E-21 4.32617E-22 5.31513E-22 3.97483E-23 4.70970E-23
 1.64480E+04 4.10439E-20 0.00000E+00 0.00000E+00 0.00000E+00 2.40636E-20 2.08476E-21 2.64113E-21 4.14921E-21 1.80564E-21 2.22473E-21 5.84709E-22 6.62623E-22 1.02921E-21 4.26518E-22 5.23809E-22 3.90046E-23 4.62068E-23
 1.65943E+04 4.01600E-20 0.00000E+00 0.00000E+00 0.00000E+00 2.35661E-20 2.05067E-21 2.59098E-21 4.05911E-21 1.75239E-21 2.15742E-21 5.74679E-22 6.49954E-22 1.00707E-21 4.14575E-22 5.08733E-22 3.75588E-23 4.44767E-23
 1.68909E+04 3.83295E-20 0.00000E+00 0.00000E+00 0.00000E+00 2.24808E-20 1.98416E-21 2.49353E-21 3.88472E-21 1.65057E-21 2.02885E-21 5.55133E-22 6.25338E-22 9.64207E-22 3.91684E-22 4.79870E-22 3.48260E-23 4.12083E-23
 1.75000E+04 3.48726E-20 0.00000E+00 0.00000E+00 0.00000E+00 2.04111E-20 1.85755E-21 2.30948E-21 3.55810E-21 1.46432E-21 1.79423E-21 5.18013E-22 5.78868E-22 8.83884E-22 3.49624E-22 4.26965E-22 2.99418E-23 3.53737E-23
 1.96960E+04 2.53350E-20 0.00000E+00 0.00000E+00 0.00000E+00 1.47180E-20 1.48185E-21 1.77624E-21 2.63900E-21 9.75702E-22 1.18243E-21 4.09558E-22 4.44133E-22 6.56572E-22 2.37391E-22 2.86700E-22 1.79629E-23 2.11037E-23
 1.96960E+04 3.42100E-20 0.00000E+00 0.00000E+00 8.87499E-21 1.47180E-20 1.48185E-21 1.77624E-21 2.63900E-21 9.75701E-22 1.18243E-21 4.09558E-22 4.44133E-22 6.56572E-22 2.37391E-22 2.86700E-22 1.79629E-23 2.11037E-23
 1.97149E+04 3.55576E-20 0.00000E+00 0.00000E+00 1.02879E-20 1.46790E-20 1.47914E-21 1.77247E-21 2.63262E-21 9.72499E-22 1.17845E-21 4.08779E-22 4.43181E-22 6.54993E-22 2.36648E-22 2.85777E-22 1.78888E-23 2.10156E-23
 1.97337E+04 3.52812E-20 0.00000E+00 0.00000E+00 1.00768E-20 1.46400E-20 1.47644E-21 1.76871E-21 2.62626E-21 9.69307E-22 1.17447E-21 4.08002E-22 4.42231E-22 6.53418E-22 2.35907E-22 2.84857E-22 1.78149E-23 2.09279E-23
 1.97526E+04 3.52852E-20 0.00000E+00 0.00000E+00 1.01459E-20 1.46011E-20 1.47374E-21 1.76495E-21 2.61991E-21 9.66125E-22 1.17051E-21 4.07226E-22 4.41283E-22 6.51846E-22 2.35169E-22 2.83940E-22 1.77414E-23 2.08405E-23
 1.97716E+04 3.51851E-20 0.00000E+00 0.00000E+00 1.01107E-20 1.45624E-20 1.47104E-21 1.76120E-21 2.61358E-21 9.62954E-22 1.16657E-21 4.06452E-22 4.40337E-22 6.50278E-22 2.34433E-22 2.83025E-22 1.76681E-23 2.07535E-23
 1.98474E+04 3.48890E-20 0.00000E+00 0.00000E+00 1.00725E-20 1.44084E-20 1.46031E-21 1.74629E-21 2.58840E-21 9.50374E-22 1.15092E-21 4.03370E-22 4.36574E-22 6.44045E-22 2.31511E-22 2.79397E-22 1.73781E-23 2.04092E-23
 2.00000E+04 3.42174E-20 0.00000E+00 0.00000E+00 9.90872E-21 1.41050E-20 1.43908E-21 1.71684E-21 2.53876E-21 9.25698E-22 1.12024E-21 3.97276E-22 4.29143E-22 6.31757E-22 2.25776E-22 2.72280E-22 1.68121E-23 1.97374E-23
 2.04750E+04 3.21700E-20 0.00000E+00 0.00000E+00 9.37412E-21 1.32038E-20 1.37476E-21 1.62743E-21 2.38968E-21 8.53179E-22 1.03016E-21 3.78937E-22 4.06700E-22 5.94903E-22 2.08817E-22 2.51258E-22 1.51745E-23 1.77943E-23
 2.04750E+04 3.76294E-20 0.00000E+00 5.45934E-21 9.37412E-21 1.32038E-20 1.37476E-21 1.62743E-21 2.38968E-21 8.53179E-22 1.03016E-21 3.78937E-22 4.06700E-22 5.94903E-22 2.08817E-22 2.51258E-22 1.51745E-23 1.77943E-23
 2.04865E+04 3.71093E-20 0.00000E+00 4.98705E-21 9.36133E-21 1.31830E-20 1.37325E-21 1.62535E-21 2.38622E-21 8.51516E-22 1.02810E-21 3.78508E-22 4.06178E-22 5.94048E-22 2.08428E-22 2.50776E-22 1.51373E-23 1.77503E-23
 2.04980E+04 3.70966E-20 0.00000E+00 5.02203E-21 9.34855E-21 1.31622E-20 1.37175E-21 1.62327E-21 2.38277E-21 8.49857E-22 1.02604E-21 3.78080E-22 4.05656E-22 5.93194E-22 2.08039E-22 2.50295E-22 1.51003E-23 1.77064E-23
 2.05210E+04 3.70324E-20 0.00000E+00 5.05299E-21 9.32306E-21 1.31207E-20 1.36875E-21 1.61912E-21 2.37588E-21 8.46548E-22 1.02194E-21 3.77226E-22 4.04615E-22 5.91490E-22 2.07263E-22 2.49334E-22 1.50265E-23 1.76188E-23
 2.05671E+04 3.68248E-20 0.00000E+00 5.03492E-21 9.27228E-21 1.30381E-20 1.36277E-21 1.61086E-21 2.36216E-21 8.39968E-22 1.01378E-21 3.75523E-22 4.02540E-22 5.88097E-22 2.05721E-22 2.47425E-22 1.48799E-23 1.74451E-23
 2.06597E+04 3.64076E-20 0.00000E+00 4.99333E-21 9.17155E-21 1.28745E-20 1.35089E-21 1.59446E-21 2.33495E-21 8.26963E-22 9.97650E-22 3.72141E-22 3.98423E-22 5.81369E-22 2.02670E-22 2.43650E-22 1.45910E-23 1.71026E-23
 2.08460E+04 3.55976E-20 0.00000E+00 4.92095E-21 8.97336E-21 1.25534E-20 1.32743E-21 1.56215E-21 2.28147E-21 8.01552E-22 9.66162E-22 3.65467E-22 3.90315E-22 5.68143E-22 1.96704E-22 2.36273E-22 1.40301E-23 1.64378E-23
 2.12238E+04 3.40249E-20 0.00000E+00 4.77512E-21 8.58581E-21 1.19350E-20 1.28173E-21 1.49950E-21 2.17816E-21 7.53049E-22 9.06137E-22 3.52477E-22 3.74589E-22 5.42587E-22 1.85293E-22 2.22181E-22 1.29719E-23 1.51848E-23
 2.20000E+04 3.10825E-20 0.00000E+00 4.48998E-21 7.85794E-21 1.07879E-20 1.19500E-21 1.38162E-21 1.98536E-21 6.64668E-22 7.97042E-22 3.27865E-22 3.45014E-22 4.94872E-22 1.64419E-22 1.96468E-22 1.10890E-23 1.29578E-23
 2.50000E+04 2.24570E-20 0.00000E+00 3.58890E-21 5.70577E-21 7.48692E-21 9.27055E-22 1.02538E-21 1.41873E-21 4.24167E-22 5.02280E-22 2.52545E-22 2.55974E-22 3.54575E-22 1.06798E-22 1.26005E-22 6.31456E-24 7.33130E-24
 3.00000E+04 1.40345E-20 0.00000E+00 2.56457E-21 3.56245E-21 4.40484E-21 6.39786E-22 6.61741E-22 8.68194E-22 2.21564E-22 2.57508E-22 1.72844E-22 1.65364E-22 2.17931E-22 5.70625E-23 6.60700E-23 2.80495E-24 3.22437E-24
 3.50000E+04 9.38678E-21 0.00000E+00 1.90427E-21 2.36797E-21 2.79052E-21 4.63969E-22 4.52106E-22 5.67347E-22 1.27029E-22 1.45213E-22 1.24639E-22 1.13187E-22 1.42983E-22 3.32737E-23 3.78928E-23 1.40380E-24 1.59940E-24
 4.00000E+04 6.60502E-21 0.00000E+00 1.45815E-21 1.65154E-21 1.86884E-21 3.49299E-22 3.22688E-22 3.89697E-22 7.80769E-23 8.79457E-23 9.34546E-23 8.09586E-23 9.85591E-23 2.07250E-23 2.32549E-23 7.68146E-25 8.68184E-25
 4.50000E+04 4.83428E-21 0.00000E+00 1.14466E-21 1.19653E-21 1.30713E-21 2.70792E-22 2.38438E-22 2.78368E-22 5.06614E-23 5.63039E-23 7.22328E-23 5.99479E-23 7.06246E-23 1.35937E-23 1.50493E-23 4.50490E-25 5.05420E-25
 5.00000E+04 3.65132E-21 0.00000E+00 9.17210E-22 8.94076E-22 9.46730E-22 2.14945E-22 1.81213E-22 2.05239E-22 3.43326E-23 3.76884E-23 5.72050E-23 4.56547E-23 5.22176E-23 9.29454E-24 1.01640E-23 2.79228E-25 3.11107E-25
 5.50000E+04 2.82967E-21 0.00000E+00 7.47773E-22 6.85372E-22 7.05657E-22 1.73965E-22 1.40970E-22 1.55331E-22 2.41081E-23 2.61670E-23 4.62174E-23 3.55858E-23 3.96196E-23 6.57607E-24 7.11043E-24 1.81026E-25 2.00409E-25
 6.00000E+04 2.24038E-21 0.00000E+00 6.18692E-22 5.36798E-22 5.38758E-22 1.43115E-22 1.11844E-22 1.20172E-22 1.74385E-23 1.87312E-23 3.79688E-23 2.82857E-23 3.07217E-23 4.78806E-24 5.12314E-24 1.21831E-25 1.34112E-25
 7.00000E+04 1.47901E-21 0.00000E+00 4.39308E-22 3.47040E-22 3.32926E-22 1.00792E-22 7.38809E-23 7.59014E-23 9.80748E-24 1.03367E-23 2.66872E-23 1.87464E-23 1.94800E-23 2.72136E-24 2.85760E-24 6.04275E-26 6.57971E-26
 8.00000E+04 1.03079E-21 0.00000E+00 3.24469E-22 2.37174E-22 2.18797E-22 7.40448E-23 5.13708E-23 5.07532E-23 5.94989E-24 6.16838E-24 1.95795E-23 1.30720E-23 1.30682E-23 1.66461E-24 1.71947E-24 3.29478E-26 3.55308E-26
 9.00000E+04 7.49095E-22 0.00000E+00 2.47252E-22 1.69256E-22 1.50836E-22 5.62196E-23 3.71822E-23 3.54851E-23 3.82762E-24 3.91075E-24 1.48528E-23 9.48510E-24 9.16195E-24 1.07801E-24 1.09751E-24 1.93235E-26 2.06600E-26
 1.00000E+05 5.62805E-22 0.00000E+00 1.93261E-22 1.25047E-22 1.08042E-22 4.38344E-23 2.77975E-23 2.57165E-23 2.58064E-24 2.60245E-24 1.15735E-23 7.10614E-24 6.65518E-24 7.30732E-25 7.34424E-25 1.20099E-26 1.27426E-26
 1.09654E+05 4.38193E-22 0.00000E+00 1.55437E-22 9.59126E-23 8.06560E-23 3.51968E-23 2.15292E-23 1.93818E-23 1.82894E-24 1.82395E-24 9.28902E-24 5.51370E-24 5.02557E-24 5.20139E-25 5.17007E-25 7.93830E-27 8.36720E-27
 1.09654E+05 2.00353E-21 1.56534E-21 1.55437E-22 9.59126E-23 8.06560E-23 3.51968E-23 2.15292E-23 1.93818E-23 1.82894E-24 1.82395E-24 9.28902E-24 5.51370E-24 5.02557E-24 5.20139E-25 5.17007E-25 7.93830E-27 8.36719E-27
 1.09740E+05 1.90209E-21 1.46483E-21 1.55148E-22 9.56954E-23 8.04547E-23 3.51309E-23 2.14822E-23 1.93350E-23 1.82356E-24 1.81842E-24 9.27158E-24 5.50176E-24 5.01352E-24 5.18630E-25 5.15458E-25 7.91026E-27 8.33717E-27
 1.09827E+05 1.89825E-21 1.46193E-21 1.54859E-22 9.54788E-23 8.02540E-23 3.50651E-23 2.14354E-23 1.92883E-23 1.81821E-24 1.81290E-24 9.25417E-24 5.48984E-24 5.00150E-24 5.17126E-25 5.13914E-25 7.88232E-27 8.30725E-27
 1.10000E+05 1.89170E-21 1.45723E-21 1.54284E-22 9.50467E-23 7.98540E-23 3.49338E-23 2.13420E-23 1.91953E-23 1.80754E-24 1.80192E-24 9.21946E-24 5.46609E-24 4.97755E-24 5.14130E-25 5.10840E-25 7.82675E-27 8.24775E-27
 1.25000E+05 1.36850E-21 1.06144E-21 1.13700E-22 6.57706E-23 5.32239E-23 2.57025E-23 1.49542E-23 1.29511E-23 1.12275E-24 1.10250E-24 6.78034E-24 3.83930E-24 3.36685E-24 3.21137E-25 3.14334E-25 4.42416E-27 4.61886E-27
 1.40000E+05 1.02409E-21 7.98270E-22 8.65253E-23 4.74639E-23 3.71581E-23 1.95417E-23 1.09028E-23 9.13169E-24 7.37701E-25 7.15061E-25 5.15384E-24 2.80474E-24 2.37886E-24 2.11914E-25 2.04797E-25 2.67990E-27 2.77593E-27
 1.50000E+05 8.57605E-22 6.70261E-22 7.32017E-23 3.89270E-23 2.98693E-23 1.65268E-23 8.99418E-24 7.38169E-24 5.71903E-25 5.50239E-25 4.35823E-24 2.31644E-24 1.92527E-24 1.64705E-25 1.57994E-25 1.98065E-27 2.04233E-27
 1.75000E+05 5.76143E-22 4.52549E-22 5.02850E-23 2.50317E-23 1.83725E-23 1.13490E-23 5.85322E-24 4.59273E-24 3.25083E-25 3.07943E-25 2.99243E-24 1.51117E-24 1.20082E-24 9.41060E-26 8.88889E-26 1.01392E-27 1.03579E-27
 2.00000E+05 4.08038E-22 3.21649E-22 3.62777E-23 1.71170E-23 1.20972E-23 8.18819E-24 4.03972E-24 3.05066E-24 2.00416E-25 1.87595E-25 2.15898E-24 1.04497E-24 7.99157E-25 5.82338E-26 5.43634E-26 5.73502E-28 5.81818E-28
 2.20000E+05 3.19144E-22 2.52132E-22 2.87329E-23 1.30743E-23 8.99882E-24 6.48651E-24 3.10426E-24 2.28213E-24 1.42400E-25 1.32331E-25 1.71034E-24 8.04001E-25 5.98580E-25 4.14809E-26 3.84465E-26 3.83899E-28 3.88026E-28
 2.50000E+05 2.29918E-22 1.82120E-22 2.10292E-23 9.13683E-24 6.07494E-24 4.74914E-24 2.18531E-24 1.55118E-24 9.05586E-26 8.34624E-26 1.25231E-24 5.66887E-25 4.07469E-25 2.64581E-26 2.43267E-26 2.26233E-28 2.27822E-28
 3.00000E+05 1.44801E-22 1.15082E-22 1.35129E-23 5.52169E-24 3.50245E-24 3.05355E-24 1.33276E-24 9.01754E-25 4.80939E-26 4.39905E-26 8.05286E-25 3.46404E-25 2.37321E-25 1.41050E-26 1.28700E-26 1.08286E-28 1.08919E-28
 3.50000E+05 9.86346E-23 7.85949E-23 9.33871E-24 3.63742E-24 2.22269E-24 2.11131E-24 8.83689E-25 5.75583E-25 2.85527E-26 2.60462E-26 5.56846E-25 2.30012E-25 1.51677E-25 8.39598E-27 7.64154E-27 5.92839E-29 5.97940E-29
 4.00000E+05 7.11916E-23 5.68514E-23 6.81206E-24 2.55254E-24 1.51323E-24 1.54057E-24 6.23116E-25 3.93494E-25 1.83851E-26 1.67890E-26 4.06340E-25 1.62362E-25 1.03793E-25 5.41656E-27 4.93488E-27 3.57310E-29 3.62443E-29
 4.50000E+05 5.37081E-23 4.29710E-23 5.17951E-24 1.87969E-24 1.08680E-24 1.17158E-24 4.60566E-25 2.83488E-25 1.25881E-26 1.15331E-26 3.09025E-25 1.20104E-25 7.48297E-26 3.71474E-27 3.39593E-27 2.31452E-29 2.36641E-29
 5.00000E+05 4.19496E-23 3.36195E-23 4.06931E-24 1.43763E-24 8.13928E-25 9.20533E-25 3.53263E-25 2.12813E-25 9.04940E-27 8.32964E-27 2.42808E-25 9.21822E-26 5.62043E-26 2.67317E-27 2.45510E-27 1.58569E-29 1.63699E-29
 5.50000E+05 3.36906E-23 2.70409E-23 3.28263E-24 1.13354E-24 6.30392E-25 7.42579E-25 2.79178E-25 1.65121E-25 6.76100E-27 6.25973E-27 1.95868E-25 7.28891E-26 4.36269E-26 1.99923E-27 1.84648E-27 1.13528E-29 1.18460E-29
 6.00000E+05 2.76803E-23 2.22467E-23 2.70607E-24 9.16403E-25 5.01827E-25 6.12119E-25 2.26121E-25 1.31628E-25 5.21218E-27 4.85685E-27 1.61453E-25 5.90602E-26 3.47895E-26 1.54259E-27 1.43409E-27 8.45118E-30 8.90481E-30
 7.00000E+05 1.97130E-23 1.58793E-23 1.93591E-24 6.35489E-25 3.39260E-25 4.37820E-25 1.57245E-25 8.91617E-26 3.34026E-27 3.15384E-27 1.15473E-25 4.10943E-26 2.35755E-26 9.89671E-28 9.32280E-28 5.09464E-30 5.49336E-30
 8.00000E+05 1.48237E-23 1.19627E-23 1.45961E-24 4.68206E-25 2.44928E-25 3.30014E-25 1.16067E-25 6.44465E-26 2.30991E-27 2.21009E-27 8.70324E-26 3.03475E-26 1.70453E-26 6.84998E-28 6.53616E-28 3.35616E-30 3.69841E-30
 9.00000E+05 1.16073E-23 9.38076E-24 1.14463E-24 3.60955E-25 1.85668E-25 2.58721E-25 8.95972E-26 4.88915E-26 1.68953E-27 1.63706E-27 6.82253E-26 2.34329E-26 1.29337E-26 5.01523E-28 4.84568E-28 2.36315E-30 2.65462E-30
 1.00000E+06 9.37600E-24 7.58640E-24 9.25325E-25 2.88178E-25 1.46119E-25 2.09089E-25 7.16014E-26 3.84970E-26 1.29126E-27 1.26557E-27 5.51333E-26 1.87303E-26 1.01847E-26 3.83458E-28 3.74807E-28 1.75057E-30 2.00470E-30
 1.10000E+06 7.76227E-24 6.28661E-24 7.66313E-25 2.36528E-25 1.18439E-25 1.73109E-25 5.88093E-26 3.12141E-26 1.02163E-27 1.01169E-27 4.56425E-26 1.53857E-26 8.25860E-27 3.03438E-28 2.99609E-28 1.33953E-30 1.56632E-30
 1.25000E+06 6.06241E-24 4.91522E-24 5.98464E-25 1.83161E-25 9.02441E-26 1.35139E-25 4.55718E-26 2.37886E-26 7.55485E-28 7.58493E-28 3.56271E-26 1.19251E-26 6.29423E-27 2.24439E-28 2.24727E-28 9.55643E-31 1.14226E-30
 1.40000E+06 4.89770E-24 3.97401E-24 4.83264E-25 1.47289E-25 7.15720E-26 1.09086E-25 3.66634E-26 1.88675E-26 5.84848E-28 5.94174E-28 2.87562E-26 9.59490E-27 4.99232E-27 1.73933E-28 1.76096E-28 7.21159E-31 8.78967E-31
 1.50000E+06 4.31246E-24 3.50052E-24 4.25324E-25 1.29495E-25 6.24096E-26 9.59859E-26 3.22417E-26 1.64520E-26 5.03202E-28 5.14749E-28 2.53014E-26 8.43807E-27 4.35302E-27 1.49691E-28 1.52612E-28 6.07115E-31 7.50820E-31
 1.75000E+06 3.26810E-24 2.65457E-24 3.21869E-25 9.81443E-26 4.64614E-26 7.26024E-26 2.44462E-26 1.22460E-26 3.65027E-28 3.78689E-28 1.91353E-26 6.39829E-27 3.23995E-27 1.08595E-28 1.12261E-28 4.26176E-31 5.39861E-31
 2.00000E+06 2.59028E-24 2.10478E-24 2.54703E-25 7.80645E-26 3.64069E-26 5.74280E-26 1.94490E-26 9.59339E-27 2.80673E-28 2.94335E-28 1.51343E-26 5.09026E-27 2.53799E-27 8.34783E-29 8.72679E-29 3.17676E-31 4.13415E-31
 2.20000E+06 2.20327E-24 1.79108E-24 2.16420E-25 6.62910E-26 3.09020E-26 4.86738E-26 1.64835E-26 8.12981E-27 2.37837E-28 2.49408E-28 1.28209E-26 4.31208E-27 2.14994E-27 7.07124E-29 7.39221E-29 2.69083E-31 3.50177E-31
 2.50000E+06 1.78309E-24 1.45046E-24 1.74770E-25 5.35273E-26 2.49382E-26 3.92100E-26 1.32779E-26 6.54793E-27 1.91543E-28 2.00857E-28 1.03217E-26 3.47145E-27 1.73075E-27 5.69231E-29 5.95066E-29 2.16598E-31 2.81874E-31
 3.00000E+06 1.33273E-24 1.08530E-24 1.30117E-25 3.98457E-26 1.85509E-26 2.91017E-26 9.85421E-27 4.85879E-27 1.42116E-28 1.49022E-28 7.65489E-27 2.57445E-27 1.28349E-27 4.22108E-29 4.41262E-29 1.60605E-31 2.09006E-31
 3.50000E+06 1.05186E-24 8.57595E-25 1.02228E-25 3.13020E-26 1.45657E-26 2.28122E-26 7.72411E-27 3.80806E-27 1.11374E-28 1.16783E-28 5.99708E-27 2.01686E-27 1.00547E-27 3.30663E-29 3.45666E-29 1.25805E-31 1.63718E-31
 4.00000E+06 8.62681E-25 7.04242E-25 8.34159E-26 2.55397E-26 1.18796E-26 1.85818E-26 6.29150E-27 3.10149E-27 9.07038E-29 9.51069E-29 4.88284E-27 1.64211E-27 8.18624E-28 2.69209E-29 2.81422E-29 1.02420E-31 1.33285E-31
 4.50000E+06 7.27872E-25 5.94967E-25 6.99998E-26 2.14307E-26 9.96526E-27 1.55718E-26 5.27220E-27 2.59882E-27 7.59995E-29 7.96877E-29 4.09047E-27 1.37561E-27 6.85758E-28 2.25510E-29 2.35740E-29 8.57921E-32 1.11647E-31
 5.00000E+06 6.27584E-25 5.13663E-25 6.00203E-26 1.83745E-26 8.54196E-27 1.33369E-26 4.51542E-27 2.22565E-27 6.50842E-29 6.82418E-29 3.50242E-27 1.17784E-27 5.87159E-28 1.93083E-29 2.01841E-29 7.34535E-32 9.55896E-32
 5.50000E+06 5.50410E-25 4.51077E-25 5.23481E-26 1.60251E-26 7.44821E-27 1.16214E-26 3.93452E-27 1.93924E-27 5.67067E-29 5.94573E-29 3.05120E-27 1.02609E-27 5.11503E-28 1.68201E-29 1.75831E-29 6.39867E-32 8.32698E-32
 6.00000E+06 4.89414E-25 4.01593E-25 4.62913E-26 1.41704E-26 6.58504E-27 1.02688E-26 3.47653E-27 1.71343E-27 5.01025E-29 5.25324E-29 2.69555E-27 9.06482E-28 4.51874E-28 1.48591E-29 1.55331E-29 5.65257E-32 7.35603E-32
 7.00000E+06 3.99495E-25 3.28588E-25 3.73891E-26 1.14447E-26 5.31690E-27 8.28379E-27 2.80443E-27 1.38210E-27 4.04122E-29 4.23715E-29 2.17382E-27 7.31021E-28 3.64402E-28 1.19825E-29 1.25260E-29 4.55815E-32 5.93180E-32
 8.00000E+06 3.36703E-25 2.77538E-25 3.12054E-26 9.55147E-27 4.43641E-27 6.90727E-27 2.33837E-27 1.15236E-27 3.36935E-29 3.53267E-29 1.81217E-27 6.09399E-28 3.03772E-28 9.98870E-30 1.04417E-29 3.79961E-32 4.94466E-32
 9.00000E+06 2.90549E-25 2.39960E-25 2.66882E-26 8.16855E-27 3.79345E-27 5.90304E-27 1.99837E-27 9.84764E-28 2.87926E-29 3.01880E-29 1.54842E-27 5.20700E-28 2.59555E-28 8.53465E-30 8.92168E-30 3.24645E-32 4.22479E-32
 1.00000E+07 2.55286E-25 2.11204E-25 2.32591E-26 7.11881E-27 3.30551E-27 5.14152E-27 1.74055E-27 8.57688E-28 2.50766E-29 2.62918E-29 1.34846E-27 4.53458E-28 2.26034E-28 7.43237E-30 7.76940E-30 2.82712E-32 3.67909E-32
 1.10000E+07 2.27509E-25 1.88518E-25 2.05761E-26 6.29750E-27 2.92382E-27 4.54621E-27 1.53900E-27 7.58353E-28 2.21719E-29 2.32462E-29 1.19219E-27 4.00902E-28 1.99836E-28 6.57087E-30 6.86883E-30 2.49939E-32 3.25260E-32
 1.25000E+07 1.95436E-25 1.62273E-25 1.75029E-26 5.35677E-27 2.48672E-27 3.86490E-27 1.30835E-27 6.44676E-28 1.88480E-29 1.97611E-29 1.01337E-27 3.40769E-28 1.69860E-28 5.58518E-30 5.83843E-30 2.12443E-32 2.76465E-32
 1.40000E+07 1.70119E-25 1.41322E-25 1.52009E-26 4.65214E-27 2.15939E-27 3.35501E-27 1.13573E-27 5.59605E-28 1.63605E-29 1.71530E-29 8.79573E-28 2.95776E-28 1.47432E-28 4.84767E-30 5.06747E-30 1.84389E-32 2.39955E-32
 1.50000E+07 1.56488E-25 1.30034E-25 1.39651E-26 4.27388E-27 1.98369E-27 3.08144E-27 1.04312E-27 5.13965E-28 1.50261E-29 1.57539E-29 8.07800E-28 2.71640E-28 1.35401E-28 4.45206E-30 4.65392E-30 1.69340E-32 2.20371E-32
 1.75000E+07 1.30168E-25 1.08223E-25 1.15865E-26 3.54584E-27 1.64558E-27 2.55524E-27 8.64977E-28 4.26181E-28 1.24594E-29 1.30628E-29 6.69766E-28 2.25222E-28 1.12262E-28 3.69123E-30 3.85859E-30 1.40399E-32 1.82709E-32
 2.00000E+07 1.11262E-25 9.25430E-26 9.88442E-27 3.02490E-27 1.40369E-27 2.17900E-27 7.37609E-28 3.63418E-28 1.06244E-29 1.11389E-29 5.71091E-28 1.92039E-28 9.57221E-29 3.14736E-30 3.29006E-30 1.19711E-32 1.55787E-32
 2.20000E+07 9.96087E-26 8.28722E-26 8.83814E-27 2.70468E-27 1.25502E-27 1.94785E-27 6.59359E-28 3.24860E-28 9.49709E-30 9.95698E-30 5.10476E-28 1.71656E-28 8.55618E-29 2.81327E-30 2.94082E-30 1.07004E-32 1.39250E-32
 2.50000E+07 8.60170E-26 7.15872E-26 7.62071E-27 2.33208E-27 1.08205E-27 1.67902E-27 5.68355E-28 2.80019E-28 8.18608E-30 8.58246E-30 4.39989E-28 1.47953E-28 7.37468E-29 2.42478E-30 2.53472E-30 9.22266E-33 1.20020E-32
 3.00000E+07 6.99937E-26 5.82748E-26 6.18966E-27 1.89412E-27 8.78769E-28 1.36320E-27 4.61446E-28 2.27342E-28 6.64604E-30 6.96782E-30 3.57194E-28 1.20112E-28 5.98691E-29 1.96847E-30 2.05772E-30 7.48702E-33 9.74327E-33
 3.50000E+07 5.89503E-26 4.90944E-26 5.20613E-27 1.59313E-27 7.39080E-28 1.14628E-27 3.88014E-28 1.91161E-28 5.58830E-30 5.85885E-30 3.00334E-28 1.00991E-28 5.03384E-29 1.65510E-30 1.73014E-30 6.29508E-33 8.19213E-33
 4.00000E+07 5.08905E-26 4.23911E-26 4.48982E-27 1.37392E-27 6.37353E-28 9.88354E-28 3.34556E-28 1.64823E-28 4.81829E-30 5.05155E-30 2.58943E-28 8.70731E-29 4.34008E-29 1.42699E-30 1.49169E-30 5.42745E-33 7.06304E-33
 4.50000E+07 4.47550E-26 3.72865E-26 3.94541E-27 1.20732E-27 5.60047E-28 8.68371E-28 2.93941E-28 1.44812E-28 4.23329E-30 4.43823E-30 2.27499E-28 7.64995E-29 3.81304E-29 1.25370E-30 1.31054E-30 4.76834E-33 6.20530E-33
 5.00000E+07 3.99313E-26 3.32722E-26 3.51795E-27 1.07650E-27 4.99352E-28 7.74188E-28 2.62060E-28 1.29105E-28 3.77410E-30 3.95679E-30 2.02818E-28 6.82001E-29 3.39936E-29 1.11768E-30 1.16835E-30 4.25099E-33 5.53204E-33
 5.50000E+07 3.60410E-26 3.00340E-26 3.17357E-27 9.71117E-28 4.50456E-28 6.98325E-28 2.36380E-28 1.16453E-28 3.40424E-30 3.56902E-30 1.82939E-28 6.15155E-29 3.06616E-29 1.00813E-30 1.05383E-30 3.83431E-33 4.98979E-33
 6.00000E+07 3.28380E-26 2.73674E-26 2.89028E-27 8.84427E-28 4.10236E-28 6.35933E-28 2.15260E-28 1.06047E-28 3.10005E-30 3.25011E-30 1.66591E-28 5.60180E-29 2.79215E-29 9.18034E-31 9.59652E-31 3.49163E-33 4.54385E-33
 7.00000E+07 2.78768E-26 2.32360E-26 2.45194E-27 7.50290E-28 3.48006E-28 5.39411E-28 1.82587E-28 8.99507E-29 2.62949E-30 2.75676E-30 1.41300E-28 4.75138E-29 2.36826E-29 7.78663E-31 8.13963E-31 2.96154E-33 3.85401E-33
 8.00000E+07 2.42141E-26 2.01852E-26 2.12869E-27 6.51371E-28 3.02118E-28 4.68247E-28 1.58498E-28 7.80830E-29 2.28255E-30 2.39304E-30 1.22656E-28 4.12442E-29 2.05576E-29 6.75914E-31 7.06555E-31 2.57074E-33 3.34544E-33
 9.00000E+07 2.14000E-26 1.78409E-26 1.88054E-27 5.75437E-28 2.66893E-28 4.13628E-28 1.40010E-28 6.89745E-29 2.01629E-30 2.11388E-30 1.08346E-28 3.64325E-29 1.81592E-29 5.97057E-31 6.24123E-31 2.27082E-33 2.95513E-33
 1.00000E+08 1.91706E-26 1.59834E-26 1.68409E-27 5.15323E-28 2.39008E-28 3.70394E-28 1.25376E-28 6.17648E-29 1.80553E-30 1.89292E-30 9.70198E-29 3.26239E-29 1.62609E-29 5.34641E-31 5.58878E-31 2.03342E-33 2.64620E-33
 1.10000E+08 1.73612E-26 1.44756E-26 1.52474E-27 4.66560E-28 2.16389E-28 3.35328E-28 1.13506E-28 5.59171E-29 1.63458E-30 1.71370E-30 8.78334E-29 2.95349E-29 1.47212E-29 4.84017E-31 5.05959E-31 1.84088E-33 2.39564E-33
 1.25000E+08 1.52073E-26 1.26805E-26 1.33515E-27 4.08546E-28 1.89479E-28 2.93613E-28 9.93855E-29 4.89608E-29 1.43123E-30 1.50050E-30 7.69057E-29 2.58603E-29 1.28897E-29 4.23797E-31 4.43009E-31 1.61184E-33 2.09758E-33
 1.40000E+08 1.35283E-26 1.12811E-26 1.18744E-27 3.63348E-28 1.68515E-28 2.61118E-28 8.83859E-29 4.35419E-29 1.27282E-30 1.33442E-30 6.83932E-29 2.29979E-29 1.14629E-29 3.76888E-31 3.93973E-31 1.43343E-33 1.86540E-33
 1.50000E+08 1.26006E-26 1.05078E-26 1.10586E-27 3.38385E-28 1.56936E-28 2.43171E-28 8.23111E-29 4.05492E-29 1.18534E-30 1.24271E-30 6.36921E-29 2.14171E-29 1.06750E-29 3.50982E-31 3.66892E-31 1.33490E-33 1.73717E-33
 1.75000E+08 1.07562E-26 8.97029E-27 9.43730E-28 2.88773E-28 1.33926E-28 2.07508E-28 7.02393E-29 3.46021E-29 1.01149E-30 1.06044E-30 5.43502E-29 1.82758E-29 9.10926E-30 2.99501E-31 3.13079E-31 1.13910E-33 1.48237E-33
 2.00000E+08 9.38254E-27 7.82503E-27 8.23033E-28 2.51840E-28 1.16796E-28 1.80961E-28 6.12534E-29 3.01753E-29 8.82084E-31 9.24775E-31 4.73967E-29 1.59376E-29 7.94381E-30 2.61183E-31 2.73023E-31 9.93361E-34 1.29271E-33
 2.20000E+08 8.51268E-27 7.09977E-27 7.46630E-28 2.28461E-28 1.05953E-28 1.64158E-28 5.55657E-29 2.73733E-29 8.00175E-31 8.38901E-31 4.29953E-29 1.44576E-29 7.20612E-30 2.36928E-31 2.47669E-31 9.01114E-34 1.17267E-33
 2.50000E+08 7.47329E-27 6.23310E-27 6.55362E-28 2.00534E-28 9.30005E-29 1.44086E-28 4.87717E-29 2.40263E-29 7.02335E-31 7.36326E-31 3.77380E-29 1.26897E-29 6.32498E-30 2.07957E-31 2.17385E-31 7.90927E-34 1.02928E-33
 3.00000E+08 6.20950E-27 5.17925E-27 5.44429E-28 1.66589E-28 7.72574E-29 1.19692E-28 4.05144E-29 1.99585E-29 5.83425E-31 6.11660E-31 3.13485E-29 1.05412E-29 5.25408E-30 1.72747E-31 1.80578E-31 6.57012E-34 8.55004E-34
 3.50000E+08 5.31123E-27 4.43015E-27 4.65607E-28 1.42470E-28 6.60716E-29 1.02360E-28 3.46477E-29 1.70684E-29 4.98941E-31 5.23088E-31 2.68089E-29 9.01473E-30 4.49323E-30 1.47732E-31 1.54429E-31 5.61869E-34 7.31189E-34
 4.00000E+08 4.63997E-27 3.87033E-27 4.06718E-28 1.24451E-28 5.77147E-29 8.94119E-29 3.02649E-29 1.49093E-29 4.35826E-31 4.56918E-31 2.34176E-29 7.87436E-30 3.92483E-30 1.29043E-31 1.34893E-31 4.90791E-34 6.38693E-34
 4.50000E+08 4.11933E-27 3.43611E-27 3.61052E-28 1.10477E-28 5.12342E-29 7.93713E-29 2.68663E-29 1.32350E-29 3.86884E-31 4.05607E-31 2.07878E-29 6.99007E-30 3.48407E-30 1.14552E-31 1.19745E-31 4.35675E-34 5.66967E-34
 5.00000E+08 3.70373E-27 3.08948E-27 3.24604E-28 9.93247E-29 4.60620E-29 7.13578E-29 2.41538E-29 1.18988E-29 3.47823E-31 3.64656E-31 1.86889E-29 6.28432E-30 3.13230E-30 1.02986E-31 1.07655E-31 3.91687E-34 5.09723E-34
 5.50000E+08 3.36429E-27 2.80637E-27 2.94839E-28 9.02171E-29 4.18382E-29 6.48139E-29 2.19388E-29 1.08076E-29 3.15925E-31 3.31215E-31 1.69750E-29 5.70800E-30 2.84504E-30 9.35413E-32 9.77817E-32 3.55766E-34 4.62977E-34
 6.00000E+08 3.08185E-27 2.57079E-27 2.70074E-28 8.26393E-29 3.83239E-29 5.93693E-29 2.00958E-29 9.89971E-30 2.89386E-31 3.03391E-31 1.55490E-29 5.22849E-30 2.60604E-30 8.56833E-32 8.95675E-32 3.25879E-34 4.24084E-34
 7.00000E+08 2.63877E-27 2.20122E-27 2.31229E-28 7.07532E-29 3.28116E-29 5.08295E-29 1.72052E-29 8.47570E-30 2.47759E-31 2.59750E-31 1.33124E-29 4.47639E-30 2.23117E-30 7.33581E-32 7.66835E-32 2.79003E-34 3.63081E-34
 8.00000E+08 2.30708E-27 1.92455E-27 2.02153E-28 6.18562E-29 2.86856E-29 4.44374E-29 1.50415E-29 7.40982E-30 2.16602E-31 2.27085E-31 1.16382E-29 3.91345E-30 1.95058E-30 6.41326E-32 6.70399E-32 2.43916E-34 3.17420E-34
 9.00000E+08 2.04945E-27 1.70966E-27 1.79572E-28 5.49467E-29 2.54813E-29 3.94733E-29 1.33612E-29 6.58207E-30 1.92405E-31 2.01717E-31 1.03381E-29 3.47627E-30 1.73268E-30 5.69683E-32 5.95507E-32 2.16667E-34 2.81961E-34
 1.00000E+09 1.84359E-27 1.53793E-27 1.61529E-28 4.94257E-29 2.29209E-29 3.55068E-29 1.20186E-29 5.92067E-30 1.73071E-31 1.81447E-31 9.29925E-30 3.12695E-30 1.55857E-30 5.12437E-32 5.35667E-32 1.94895E-34 2.53627E-34
