 ***  Photoelectric cross sections,  IZ = 89,  NSHELL = 16,  NDATA = 373
              0           1           2           3           4           5           6           7           8           9          10          11          12          13          14          15          16
 5.00000E+01 2.86376E-18 0.00000E+00 0.00000E+00 0.00000E+00 0.00000E+00 0.00000E+00 0.00000E+00 0.00000E+00 0.00000E+00 0.00000E+00 0.00000E+00 0.00000E+00 0.00000E+00 0.00000E+00 0.00000E+00 0.00000E+00 0.00000E+00
 5.24404E+01 2.46830E-18 0.00000E+00 0.00000E+00 0.00000E+00 0.00000E+00 0.00000E+00 0.00000E+00 0.00000E+00 0.00000E+00 0.00000E+00 0.00000E+00 0.00000E+00 0.00000E+00 0.00000E+00 0.00000E+00 0.00000E+00 0.00000E+00
 5.50000E+01 2.13218E-18 0.00000E+00 0.00000E+00 0.00000E+00 0.00000E+00 0.00000E+00 0.00000E+00 0.00000E+00 0.00000E+00 0.00000E+00 0.00000E+00 0.00000E+00 0.00000E+00 0.00000E+00 0.00000E+00 0.00000E+00 0.00000E+00
 5.74456E+01 1.86986E-18 0.00000E+00 0.00000E+00 0.00000E+00 0.00000E+00 0.00000E+00 0.00000E+00 0.00000E+00 0.00000E+00 0.00000E+00 0.00000E+00 0.00000E+00 0.00000E+00 0.00000E+00 0.00000E+00 0.00000E+00 0.00000E+00
 6.00000E+01 1.64353E-18 0.00000E+00 0.00000E+00 0.00000E+00 0.00000E+00 0.00000E+00 0.00000E+00 0.00000E+00 0.00000E+00 0.00000E+00 0.00000E+00 0.00000E+00 0.00000E+00 0.00000E+00 0.00000E+00 0.00000E+00 0.00000E+00
 6.48074E+01 1.31520E-18 0.00000E+00 0.00000E+00 0.00000E+00 0.00000E+00 0.00000E+00 0.00000E+00 0.00000E+00 0.00000E+00 0.00000E+00 0.00000E+00 0.00000E+00 0.00000E+00 0.00000E+00 0.00000E+00 0.00000E+00 0.00000E+00
 7.00000E+01 1.05983E-18 0.00000E+00 0.00000E+00 0.00000E+00 0.00000E+00 0.00000E+00 0.00000E+00 0.00000E+00 0.00000E+00 0.00000E+00 0.00000E+00 0.00000E+00 0.00000E+00 0.00000E+00 0.00000E+00 0.00000E+00 0.00000E+00
 7.48331E+01 8.83728E-19 0.00000E+00 0.00000E+00 0.00000E+00 0.00000E+00 0.00000E+00 0.00000E+00 0.00000E+00 0.00000E+00 0.00000E+00 0.00000E+00 0.00000E+00 0.00000E+00 0.00000E+00 0.00000E+00 0.00000E+00 0.00000E+00
 8.00000E+01 7.40230E-19 0.00000E+00 0.00000E+00 0.00000E+00 0.00000E+00 0.00000E+00 0.00000E+00 0.00000E+00 0.00000E+00 0.00000E+00 0.00000E+00 0.00000E+00 0.00000E+00 0.00000E+00 0.00000E+00 0.00000E+00 0.00000E+00
 8.30000E+01 6.72886E-19 0.00000E+00 0.00000E+00 0.00000E+00 0.00000E+00 0.00000E+00 0.00000E+00 0.00000E+00 0.00000E+00 0.00000E+00 0.00000E+00 0.00000E+00 0.00000E+00 0.00000E+00 0.00000E+00 0.00000E+00 0.00000E+00
 8.30000E+01 3.50620E-18 0.00000E+00 0.00000E+00 0.00000E+00 0.00000E+00 0.00000E+00 0.00000E+00 0.00000E+00 0.00000E+00 0.00000E+00 0.00000E+00 0.00000E+00 0.00000E+00 0.00000E+00 0.00000E+00 0.00000E+00 0.00000E+00
 8.33040E+01 3.77291E-18 0.00000E+00 0.00000E+00 0.00000E+00 0.00000E+00 0.00000E+00 0.00000E+00 0.00000E+00 0.00000E+00 0.00000E+00 0.00000E+00 0.00000E+00 0.00000E+00 0.00000E+00 0.00000E+00 0.00000E+00 0.00000E+00
 8.34564E+01 3.90111E-18 0.00000E+00 0.00000E+00 0.00000E+00 0.00000E+00 0.00000E+00 0.00000E+00 0.00000E+00 0.00000E+00 0.00000E+00 0.00000E+00 0.00000E+00 0.00000E+00 0.00000E+00 0.00000E+00 0.00000E+00 0.00000E+00
 8.36091E+01 4.02489E-18 0.00000E+00 0.00000E+00 0.00000E+00 0.00000E+00 0.00000E+00 0.00000E+00 0.00000E+00 0.00000E+00 0.00000E+00 0.00000E+00 0.00000E+00 0.00000E+00 0.00000E+00 0.00000E+00 0.00000E+00 0.00000E+00
 8.39154E+01 4.26009E-18 0.00000E+00 0.00000E+00 0.00000E+00 0.00000E+00 0.00000E+00 0.00000E+00 0.00000E+00 0.00000E+00 0.00000E+00 0.00000E+00 0.00000E+00 0.00000E+00 0.00000E+00 0.00000E+00 0.00000E+00 0.00000E+00
 8.42227E+01 4.48186E-18 0.00000E+00 0.00000E+00 0.00000E+00 0.00000E+00 0.00000E+00 0.00000E+00 0.00000E+00 0.00000E+00 0.00000E+00 0.00000E+00 0.00000E+00 0.00000E+00 0.00000E+00 0.00000E+00 0.00000E+00 0.00000E+00
 8.45312E+01 4.68974E-18 0.00000E+00 0.00000E+00 0.00000E+00 0.00000E+00 0.00000E+00 0.00000E+00 0.00000E+00 0.00000E+00 0.00000E+00 0.00000E+00 0.00000E+00 0.00000E+00 0.00000E+00 0.00000E+00 0.00000E+00 0.00000E+00
 8.48408E+01 4.88878E-18 0.00000E+00 0.00000E+00 0.00000E+00 0.00000E+00 0.00000E+00 0.00000E+00 0.00000E+00 0.00000E+00 0.00000E+00 0.00000E+00 0.00000E+00 0.00000E+00 0.00000E+00 0.00000E+00 0.00000E+00 0.00000E+00
 8.51516E+01 5.07615E-18 0.00000E+00 0.00000E+00 0.00000E+00 0.00000E+00 0.00000E+00 0.00000E+00 0.00000E+00 0.00000E+00 0.00000E+00 0.00000E+00 0.00000E+00 0.00000E+00 0.00000E+00 0.00000E+00 0.00000E+00 0.00000E+00
 8.54634E+01 5.25235E-18 0.00000E+00 0.00000E+00 0.00000E+00 0.00000E+00 0.00000E+00 0.00000E+00 0.00000E+00 0.00000E+00 0.00000E+00 0.00000E+00 0.00000E+00 0.00000E+00 0.00000E+00 0.00000E+00 0.00000E+00 0.00000E+00
 8.57765E+01 5.41906E-18 0.00000E+00 0.00000E+00 0.00000E+00 0.00000E+00 0.00000E+00 0.00000E+00 0.00000E+00 0.00000E+00 0.00000E+00 0.00000E+00 0.00000E+00 0.00000E+00 0.00000E+00 0.00000E+00 0.00000E+00 0.00000E+00
 8.60906E+01 5.57662E-18 0.00000E+00 0.00000E+00 0.00000E+00 0.00000E+00 0.00000E+00 0.00000E+00 0.00000E+00 0.00000E+00 0.00000E+00 0.00000E+00 0.00000E+00 0.00000E+00 0.00000E+00 0.00000E+00 0.00000E+00 0.00000E+00
 8.64060E+01 5.72429E-18 0.00000E+00 0.00000E+00 0.00000E+00 0.00000E+00 0.00000E+00 0.00000E+00 0.00000E+00 0.00000E+00 0.00000E+00 0.00000E+00 0.00000E+00 0.00000E+00 0.00000E+00 0.00000E+00 0.00000E+00 0.00000E+00
 8.67224E+01 5.86082E-18 0.00000E+00 0.00000E+00 0.00000E+00 0.00000E+00 0.00000E+00 0.00000E+00 0.00000E+00 0.00000E+00 0.00000E+00 0.00000E+00 0.00000E+00 0.00000E+00 0.00000E+00 0.00000E+00 0.00000E+00 0.00000E+00
 8.70401E+01 5.98733E-18 0.00000E+00 0.00000E+00 0.00000E+00 0.00000E+00 0.00000E+00 0.00000E+00 0.00000E+00 0.00000E+00 0.00000E+00 0.00000E+00 0.00000E+00 0.00000E+00 0.00000E+00 0.00000E+00 0.00000E+00 0.00000E+00
 8.73589E+01 6.10407E-18 0.00000E+00 0.00000E+00 0.00000E+00 0.00000E+00 0.00000E+00 0.00000E+00 0.00000E+00 0.00000E+00 0.00000E+00 0.00000E+00 0.00000E+00 0.00000E+00 0.00000E+00 0.00000E+00 0.00000E+00 0.00000E+00
 8.80000E+01 6.30599E-18 0.00000E+00 0.00000E+00 0.00000E+00 0.00000E+00 0.00000E+00 0.00000E+00 0.00000E+00 0.00000E+00 0.00000E+00 0.00000E+00 0.00000E+00 0.00000E+00 0.00000E+00 0.00000E+00 0.00000E+00 0.00000E+00
 8.80000E+01 7.88035E-18 0.00000E+00 0.00000E+00 0.00000E+00 0.00000E+00 0.00000E+00 0.00000E+00 0.00000E+00 0.00000E+00 0.00000E+00 0.00000E+00 0.00000E+00 0.00000E+00 0.00000E+00 0.00000E+00 0.00000E+00 0.00000E+00
 8.84958E+01 8.26357E-18 0.00000E+00 0.00000E+00 0.00000E+00 0.00000E+00 0.00000E+00 0.00000E+00 0.00000E+00 0.00000E+00 0.00000E+00 0.00000E+00 0.00000E+00 0.00000E+00 0.00000E+00 0.00000E+00 0.00000E+00 0.00000E+00
 8.89944E+01 8.60875E-18 0.00000E+00 0.00000E+00 0.00000E+00 0.00000E+00 0.00000E+00 0.00000E+00 0.00000E+00 0.00000E+00 0.00000E+00 0.00000E+00 0.00000E+00 0.00000E+00 0.00000E+00 0.00000E+00 0.00000E+00 0.00000E+00
 8.94958E+01 8.91208E-18 0.00000E+00 0.00000E+00 0.00000E+00 0.00000E+00 0.00000E+00 0.00000E+00 0.00000E+00 0.00000E+00 0.00000E+00 0.00000E+00 0.00000E+00 0.00000E+00 0.00000E+00 0.00000E+00 0.00000E+00 0.00000E+00
 9.00000E+01 9.17820E-18 0.00000E+00 0.00000E+00 0.00000E+00 0.00000E+00 0.00000E+00 0.00000E+00 0.00000E+00 0.00000E+00 0.00000E+00 0.00000E+00 0.00000E+00 0.00000E+00 0.00000E+00 0.00000E+00 0.00000E+00 0.00000E+00
 9.05946E+01 9.44226E-18 0.00000E+00 0.00000E+00 0.00000E+00 0.00000E+00 0.00000E+00 0.00000E+00 0.00000E+00 0.00000E+00 0.00000E+00 0.00000E+00 0.00000E+00 0.00000E+00 0.00000E+00 0.00000E+00 0.00000E+00 0.00000E+00
 9.11931E+01 9.65716E-18 0.00000E+00 0.00000E+00 0.00000E+00 0.00000E+00 0.00000E+00 0.00000E+00 0.00000E+00 0.00000E+00 0.00000E+00 0.00000E+00 0.00000E+00 0.00000E+00 0.00000E+00 0.00000E+00 0.00000E+00 0.00000E+00
 9.17956E+01 9.82329E-18 0.00000E+00 0.00000E+00 0.00000E+00 0.00000E+00 0.00000E+00 0.00000E+00 0.00000E+00 0.00000E+00 0.00000E+00 0.00000E+00 0.00000E+00 0.00000E+00 0.00000E+00 0.00000E+00 0.00000E+00 0.00000E+00
 9.24021E+01 9.94134E-18 0.00000E+00 0.00000E+00 0.00000E+00 0.00000E+00 0.00000E+00 0.00000E+00 0.00000E+00 0.00000E+00 0.00000E+00 0.00000E+00 0.00000E+00 0.00000E+00 0.00000E+00 0.00000E+00 0.00000E+00 0.00000E+00
 9.30126E+01 1.00148E-17 0.00000E+00 0.00000E+00 0.00000E+00 0.00000E+00 0.00000E+00 0.00000E+00 0.00000E+00 0.00000E+00 0.00000E+00 0.00000E+00 0.00000E+00 0.00000E+00 0.00000E+00 0.00000E+00 0.00000E+00 0.00000E+00
 9.36271E+01 1.00439E-17 0.00000E+00 0.00000E+00 0.00000E+00 0.00000E+00 0.00000E+00 0.00000E+00 0.00000E+00 0.00000E+00 0.00000E+00 0.00000E+00 0.00000E+00 0.00000E+00 0.00000E+00 0.00000E+00 0.00000E+00 0.00000E+00
 9.42457E+01 1.00320E-17 0.00000E+00 0.00000E+00 0.00000E+00 0.00000E+00 0.00000E+00 0.00000E+00 0.00000E+00 0.00000E+00 0.00000E+00 0.00000E+00 0.00000E+00 0.00000E+00 0.00000E+00 0.00000E+00 0.00000E+00 0.00000E+00
 9.48683E+01 9.98352E-18 0.00000E+00 0.00000E+00 0.00000E+00 0.00000E+00 0.00000E+00 0.00000E+00 0.00000E+00 0.00000E+00 0.00000E+00 0.00000E+00 0.00000E+00 0.00000E+00 0.00000E+00 0.00000E+00 0.00000E+00 0.00000E+00
 9.54951E+01 9.89968E-18 0.00000E+00 0.00000E+00 0.00000E+00 0.00000E+00 0.00000E+00 0.00000E+00 0.00000E+00 0.00000E+00 0.00000E+00 0.00000E+00 0.00000E+00 0.00000E+00 0.00000E+00 0.00000E+00 0.00000E+00 0.00000E+00
 9.61260E+01 9.78691E-18 0.00000E+00 0.00000E+00 0.00000E+00 0.00000E+00 0.00000E+00 0.00000E+00 0.00000E+00 0.00000E+00 0.00000E+00 0.00000E+00 0.00000E+00 0.00000E+00 0.00000E+00 0.00000E+00 0.00000E+00 0.00000E+00
 9.67611E+01 9.64843E-18 0.00000E+00 0.00000E+00 0.00000E+00 0.00000E+00 0.00000E+00 0.00000E+00 0.00000E+00 0.00000E+00 0.00000E+00 0.00000E+00 0.00000E+00 0.00000E+00 0.00000E+00 0.00000E+00 0.00000E+00 0.00000E+00
 9.74004E+01 9.48696E-18 0.00000E+00 0.00000E+00 0.00000E+00 0.00000E+00 0.00000E+00 0.00000E+00 0.00000E+00 0.00000E+00 0.00000E+00 0.00000E+00 0.00000E+00 0.00000E+00 0.00000E+00 0.00000E+00 0.00000E+00 0.00000E+00
 9.80439E+01 9.31129E-18 0.00000E+00 0.00000E+00 0.00000E+00 0.00000E+00 0.00000E+00 0.00000E+00 0.00000E+00 0.00000E+00 0.00000E+00 0.00000E+00 0.00000E+00 0.00000E+00 0.00000E+00 0.00000E+00 0.00000E+00 0.00000E+00
 9.86916E+01 9.11779E-18 0.00000E+00 0.00000E+00 0.00000E+00 0.00000E+00 0.00000E+00 0.00000E+00 0.00000E+00 0.00000E+00 0.00000E+00 0.00000E+00 0.00000E+00 0.00000E+00 0.00000E+00 0.00000E+00 0.00000E+00 0.00000E+00
 1.00000E+02 8.70905E-18 0.00000E+00 0.00000E+00 0.00000E+00 0.00000E+00 0.00000E+00 0.00000E+00 0.00000E+00 0.00000E+00 0.00000E+00 0.00000E+00 0.00000E+00 0.00000E+00 0.00000E+00 0.00000E+00 0.00000E+00 0.00000E+00
 1.01199E+02 8.32518E-18 0.00000E+00 0.00000E+00 0.00000E+00 0.00000E+00 0.00000E+00 0.00000E+00 0.00000E+00 0.00000E+00 0.00000E+00 0.00000E+00 0.00000E+00 0.00000E+00 0.00000E+00 0.00000E+00 0.00000E+00 0.00000E+00
 1.02411E+02 7.94111E-18 0.00000E+00 0.00000E+00 0.00000E+00 0.00000E+00 0.00000E+00 0.00000E+00 0.00000E+00 0.00000E+00 0.00000E+00 0.00000E+00 0.00000E+00 0.00000E+00 0.00000E+00 0.00000E+00 0.00000E+00 0.00000E+00
 1.04881E+02 7.19890E-18 0.00000E+00 0.00000E+00 0.00000E+00 0.00000E+00 0.00000E+00 0.00000E+00 0.00000E+00 0.00000E+00 0.00000E+00 0.00000E+00 0.00000E+00 0.00000E+00 0.00000E+00 0.00000E+00 0.00000E+00 0.00000E+00
 1.10000E+02 5.89820E-18 0.00000E+00 0.00000E+00 0.00000E+00 0.00000E+00 0.00000E+00 0.00000E+00 0.00000E+00 0.00000E+00 0.00000E+00 0.00000E+00 0.00000E+00 0.00000E+00 0.00000E+00 0.00000E+00 0.00000E+00 0.00000E+00
 1.17260E+02 4.50227E-18 0.00000E+00 0.00000E+00 0.00000E+00 0.00000E+00 0.00000E+00 0.00000E+00 0.00000E+00 0.00000E+00 0.00000E+00 0.00000E+00 0.00000E+00 0.00000E+00 0.00000E+00 0.00000E+00 0.00000E+00 0.00000E+00
 1.21068E+02 3.91547E-18 0.00000E+00 0.00000E+00 0.00000E+00 0.00000E+00 0.00000E+00 0.00000E+00 0.00000E+00 0.00000E+00 0.00000E+00 0.00000E+00 0.00000E+00 0.00000E+00 0.00000E+00 0.00000E+00 0.00000E+00 0.00000E+00
 1.25000E+02 3.39267E-18 0.00000E+00 0.00000E+00 0.00000E+00 0.00000E+00 0.00000E+00 0.00000E+00 0.00000E+00 0.00000E+00 0.00000E+00 0.00000E+00 0.00000E+00 0.00000E+00 0.00000E+00 0.00000E+00 0.00000E+00 0.00000E+00
 1.40000E+02 2.01170E-18 0.00000E+00 0.00000E+00 0.00000E+00 0.00000E+00 0.00000E+00 0.00000E+00 0.00000E+00 0.00000E+00 0.00000E+00 0.00000E+00 0.00000E+00 0.00000E+00 0.00000E+00 0.00000E+00 0.00000E+00 0.00000E+00
 1.44914E+02 1.71812E-18 0.00000E+00 0.00000E+00 0.00000E+00 0.00000E+00 0.00000E+00 0.00000E+00 0.00000E+00 0.00000E+00 0.00000E+00 0.00000E+00 0.00000E+00 0.00000E+00 0.00000E+00 0.00000E+00 0.00000E+00 0.00000E+00
 1.50000E+02 1.47043E-18 0.00000E+00 0.00000E+00 0.00000E+00 0.00000E+00 0.00000E+00 0.00000E+00 0.00000E+00 0.00000E+00 0.00000E+00 0.00000E+00 0.00000E+00 0.00000E+00 0.00000E+00 0.00000E+00 0.00000E+00 0.00000E+00
 1.55670E+02 1.24674E-18 0.00000E+00 0.00000E+00 0.00000E+00 0.00000E+00 0.00000E+00 0.00000E+00 0.00000E+00 0.00000E+00 0.00000E+00 0.00000E+00 0.00000E+00 0.00000E+00 0.00000E+00 0.00000E+00 0.00000E+00 0.00000E+00
 1.61555E+02 1.05979E-18 0.00000E+00 0.00000E+00 0.00000E+00 0.00000E+00 0.00000E+00 0.00000E+00 0.00000E+00 0.00000E+00 0.00000E+00 0.00000E+00 0.00000E+00 0.00000E+00 0.00000E+00 0.00000E+00 0.00000E+00 0.00000E+00
 1.67662E+02 9.03846E-19 0.00000E+00 0.00000E+00 0.00000E+00 0.00000E+00 0.00000E+00 0.00000E+00 0.00000E+00 0.00000E+00 0.00000E+00 0.00000E+00 0.00000E+00 0.00000E+00 0.00000E+00 0.00000E+00 0.00000E+00 0.00000E+00
 1.74000E+02 7.74033E-19 0.00000E+00 0.00000E+00 0.00000E+00 0.00000E+00 0.00000E+00 0.00000E+00 0.00000E+00 0.00000E+00 0.00000E+00 0.00000E+00 0.00000E+00 0.00000E+00 0.00000E+00 0.00000E+00 0.00000E+00 0.00000E+00
 1.74000E+02 1.17025E-18 0.00000E+00 0.00000E+00 0.00000E+00 0.00000E+00 0.00000E+00 0.00000E+00 0.00000E+00 0.00000E+00 0.00000E+00 0.00000E+00 0.00000E+00 0.00000E+00 0.00000E+00 0.00000E+00 0.00000E+00 0.00000E+00
 1.75000E+02 1.14372E-18 0.00000E+00 0.00000E+00 0.00000E+00 0.00000E+00 0.00000E+00 0.00000E+00 0.00000E+00 0.00000E+00 0.00000E+00 0.00000E+00 0.00000E+00 0.00000E+00 0.00000E+00 0.00000E+00 0.00000E+00 0.00000E+00
 1.76467E+02 1.10770E-18 0.00000E+00 0.00000E+00 0.00000E+00 0.00000E+00 0.00000E+00 0.00000E+00 0.00000E+00 0.00000E+00 0.00000E+00 0.00000E+00 0.00000E+00 0.00000E+00 0.00000E+00 0.00000E+00 0.00000E+00 0.00000E+00
 1.77946E+02 1.07541E-18 0.00000E+00 0.00000E+00 0.00000E+00 0.00000E+00 0.00000E+00 0.00000E+00 0.00000E+00 0.00000E+00 0.00000E+00 0.00000E+00 0.00000E+00 0.00000E+00 0.00000E+00 0.00000E+00 0.00000E+00 0.00000E+00
 1.80941E+02 1.01815E-18 0.00000E+00 0.00000E+00 0.00000E+00 0.00000E+00 0.00000E+00 0.00000E+00 0.00000E+00 0.00000E+00 0.00000E+00 0.00000E+00 0.00000E+00 0.00000E+00 0.00000E+00 0.00000E+00 0.00000E+00 0.00000E+00
 1.83986E+02 9.67575E-19 0.00000E+00 0.00000E+00 0.00000E+00 0.00000E+00 0.00000E+00 0.00000E+00 0.00000E+00 0.00000E+00 0.00000E+00 0.00000E+00 0.00000E+00 0.00000E+00 0.00000E+00 0.00000E+00 0.00000E+00 0.00000E+00
 1.87083E+02 9.21753E-19 0.00000E+00 0.00000E+00 0.00000E+00 0.00000E+00 0.00000E+00 0.00000E+00 0.00000E+00 0.00000E+00 0.00000E+00 0.00000E+00 0.00000E+00 0.00000E+00 0.00000E+00 0.00000E+00 0.00000E+00 0.00000E+00
 1.93434E+02 8.38610E-19 0.00000E+00 0.00000E+00 0.00000E+00 0.00000E+00 0.00000E+00 0.00000E+00 0.00000E+00 0.00000E+00 0.00000E+00 0.00000E+00 0.00000E+00 0.00000E+00 0.00000E+00 0.00000E+00 0.00000E+00 0.00000E+00
 2.00000E+02 7.65806E-19 0.00000E+00 0.00000E+00 0.00000E+00 0.00000E+00 0.00000E+00 0.00000E+00 0.00000E+00 0.00000E+00 0.00000E+00 0.00000E+00 0.00000E+00 0.00000E+00 0.00000E+00 0.00000E+00 0.00000E+00 0.00000E+00
 2.04356E+02 7.24035E-19 0.00000E+00 0.00000E+00 0.00000E+00 0.00000E+00 0.00000E+00 0.00000E+00 0.00000E+00 0.00000E+00 0.00000E+00 0.00000E+00 0.00000E+00 0.00000E+00 0.00000E+00 0.00000E+00 0.00000E+00 0.00000E+00
 2.08806E+02 6.86761E-19 0.00000E+00 0.00000E+00 0.00000E+00 0.00000E+00 0.00000E+00 0.00000E+00 0.00000E+00 0.00000E+00 0.00000E+00 0.00000E+00 0.00000E+00 0.00000E+00 0.00000E+00 0.00000E+00 0.00000E+00 0.00000E+00
 2.13354E+02 6.53791E-19 0.00000E+00 0.00000E+00 0.00000E+00 0.00000E+00 0.00000E+00 0.00000E+00 0.00000E+00 0.00000E+00 0.00000E+00 0.00000E+00 0.00000E+00 0.00000E+00 0.00000E+00 0.00000E+00 0.00000E+00 0.00000E+00
 2.18000E+02 6.24690E-19 0.00000E+00 0.00000E+00 0.00000E+00 0.00000E+00 0.00000E+00 0.00000E+00 0.00000E+00 0.00000E+00 0.00000E+00 0.00000E+00 0.00000E+00 0.00000E+00 0.00000E+00 0.00000E+00 0.00000E+00 0.00000E+00
 2.18000E+02 7.89398E-19 0.00000E+00 0.00000E+00 0.00000E+00 0.00000E+00 0.00000E+00 0.00000E+00 0.00000E+00 0.00000E+00 0.00000E+00 0.00000E+00 0.00000E+00 0.00000E+00 0.00000E+00 0.00000E+00 0.00000E+00 0.00000E+00
 2.20000E+02 7.74280E-19 0.00000E+00 0.00000E+00 0.00000E+00 0.00000E+00 0.00000E+00 0.00000E+00 0.00000E+00 0.00000E+00 0.00000E+00 0.00000E+00 0.00000E+00 0.00000E+00 0.00000E+00 0.00000E+00 0.00000E+00 0.00000E+00
 2.27144E+02 7.26851E-19 0.00000E+00 0.00000E+00 0.00000E+00 0.00000E+00 0.00000E+00 0.00000E+00 0.00000E+00 0.00000E+00 0.00000E+00 0.00000E+00 0.00000E+00 0.00000E+00 0.00000E+00 0.00000E+00 0.00000E+00 0.00000E+00
 2.34521E+02 6.84007E-19 0.00000E+00 0.00000E+00 0.00000E+00 0.00000E+00 0.00000E+00 0.00000E+00 0.00000E+00 0.00000E+00 0.00000E+00 0.00000E+00 0.00000E+00 0.00000E+00 0.00000E+00 0.00000E+00 0.00000E+00 0.00000E+00
 2.42137E+02 6.44694E-19 0.00000E+00 0.00000E+00 0.00000E+00 0.00000E+00 0.00000E+00 0.00000E+00 0.00000E+00 0.00000E+00 0.00000E+00 0.00000E+00 0.00000E+00 0.00000E+00 0.00000E+00 0.00000E+00 0.00000E+00 0.00000E+00
 2.50000E+02 6.10623E-19 0.00000E+00 0.00000E+00 0.00000E+00 0.00000E+00 0.00000E+00 0.00000E+00 0.00000E+00 0.00000E+00 0.00000E+00 0.00000E+00 0.00000E+00 0.00000E+00 0.00000E+00 0.00000E+00 0.00000E+00 0.00000E+00
 2.55795E+02 5.89361E-19 0.00000E+00 0.00000E+00 0.00000E+00 0.00000E+00 0.00000E+00 0.00000E+00 0.00000E+00 0.00000E+00 0.00000E+00 0.00000E+00 0.00000E+00 0.00000E+00 0.00000E+00 0.00000E+00 0.00000E+00 0.00000E+00
 2.61725E+02 5.70368E-19 0.00000E+00 0.00000E+00 0.00000E+00 0.00000E+00 0.00000E+00 0.00000E+00 0.00000E+00 0.00000E+00 0.00000E+00 0.00000E+00 0.00000E+00 0.00000E+00 0.00000E+00 0.00000E+00 0.00000E+00 0.00000E+00
 2.67792E+02 5.53626E-19 0.00000E+00 0.00000E+00 0.00000E+00 0.00000E+00 0.00000E+00 0.00000E+00 0.00000E+00 0.00000E+00 0.00000E+00 0.00000E+00 0.00000E+00 0.00000E+00 0.00000E+00 0.00000E+00 0.00000E+00 0.00000E+00
 2.74000E+02 5.38630E-19 0.00000E+00 0.00000E+00 0.00000E+00 0.00000E+00 0.00000E+00 0.00000E+00 0.00000E+00 0.00000E+00 0.00000E+00 0.00000E+00 0.00000E+00 0.00000E+00 0.00000E+00 0.00000E+00 0.00000E+00 0.00000E+00
 2.74000E+02 5.95232E-19 0.00000E+00 0.00000E+00 0.00000E+00 0.00000E+00 0.00000E+00 0.00000E+00 0.00000E+00 0.00000E+00 0.00000E+00 0.00000E+00 0.00000E+00 0.00000E+00 0.00000E+00 0.00000E+00 0.00000E+00 0.00000E+00
 2.77123E+02 5.84080E-19 0.00000E+00 0.00000E+00 0.00000E+00 0.00000E+00 0.00000E+00 0.00000E+00 0.00000E+00 0.00000E+00 0.00000E+00 0.00000E+00 0.00000E+00 0.00000E+00 0.00000E+00 0.00000E+00 0.00000E+00 0.00000E+00
 2.80281E+02 5.75356E-19 0.00000E+00 0.00000E+00 0.00000E+00 0.00000E+00 0.00000E+00 0.00000E+00 0.00000E+00 0.00000E+00 0.00000E+00 0.00000E+00 0.00000E+00 0.00000E+00 0.00000E+00 0.00000E+00 0.00000E+00 0.00000E+00
 2.86705E+02 5.61715E-19 0.00000E+00 0.00000E+00 0.00000E+00 0.00000E+00 0.00000E+00 0.00000E+00 0.00000E+00 0.00000E+00 0.00000E+00 0.00000E+00 0.00000E+00 0.00000E+00 0.00000E+00 0.00000E+00 0.00000E+00 0.00000E+00
 3.00000E+02 5.40609E-19 0.00000E+00 0.00000E+00 0.00000E+00 0.00000E+00 0.00000E+00 0.00000E+00 0.00000E+00 0.00000E+00 0.00000E+00 0.00000E+00 0.00000E+00 0.00000E+00 0.00000E+00 0.00000E+00 0.00000E+00 0.00000E+00
 3.13000E+02 5.22744E-19 0.00000E+00 0.00000E+00 0.00000E+00 0.00000E+00 0.00000E+00 0.00000E+00 0.00000E+00 0.00000E+00 0.00000E+00 0.00000E+00 0.00000E+00 0.00000E+00 0.00000E+00 0.00000E+00 0.00000E+00 0.00000E+00
 3.13000E+02 6.20191E-19 0.00000E+00 0.00000E+00 0.00000E+00 0.00000E+00 0.00000E+00 0.00000E+00 0.00000E+00 0.00000E+00 0.00000E+00 0.00000E+00 0.00000E+00 0.00000E+00 0.00000E+00 0.00000E+00 0.00000E+00 9.74469E-20
 3.17468E+02 6.14902E-19 0.00000E+00 0.00000E+00 0.00000E+00 0.00000E+00 0.00000E+00 0.00000E+00 0.00000E+00 0.00000E+00 0.00000E+00 0.00000E+00 0.00000E+00 0.00000E+00 0.00000E+00 0.00000E+00 0.00000E+00 9.77901E-20
 3.22000E+02 6.11346E-19 0.00000E+00 0.00000E+00 0.00000E+00 0.00000E+00 0.00000E+00 0.00000E+00 0.00000E+00 0.00000E+00 0.00000E+00 0.00000E+00 0.00000E+00 0.00000E+00 0.00000E+00 0.00000E+00 0.00000E+00 9.95974E-20
 3.22000E+02 6.77996E-19 0.00000E+00 0.00000E+00 0.00000E+00 0.00000E+00 0.00000E+00 0.00000E+00 0.00000E+00 0.00000E+00 0.00000E+00 0.00000E+00 0.00000E+00 0.00000E+00 0.00000E+00 0.00000E+00 6.66497E-20 9.95974E-20
 3.25374E+02 6.78677E-19 0.00000E+00 0.00000E+00 0.00000E+00 0.00000E+00 0.00000E+00 0.00000E+00 0.00000E+00 0.00000E+00 0.00000E+00 0.00000E+00 0.00000E+00 0.00000E+00 0.00000E+00 0.00000E+00 6.88089E-20 1.01873E-19
 3.28783E+02 6.81978E-19 0.00000E+00 0.00000E+00 0.00000E+00 0.00000E+00 0.00000E+00 0.00000E+00 0.00000E+00 0.00000E+00 0.00000E+00 0.00000E+00 0.00000E+00 0.00000E+00 0.00000E+00 0.00000E+00 7.10382E-20 1.06578E-19
 3.32227E+02 6.90069E-19 0.00000E+00 0.00000E+00 0.00000E+00 0.00000E+00 0.00000E+00 0.00000E+00 0.00000E+00 0.00000E+00 0.00000E+00 0.00000E+00 0.00000E+00 0.00000E+00 0.00000E+00 0.00000E+00 7.33396E-20 1.15906E-19
 3.33963E+02 6.96091E-19 0.00000E+00 0.00000E+00 0.00000E+00 0.00000E+00 0.00000E+00 0.00000E+00 0.00000E+00 0.00000E+00 0.00000E+00 0.00000E+00 0.00000E+00 0.00000E+00 0.00000E+00 0.00000E+00 7.42582E-20 1.22752E-19
 3.35708E+02 7.04203E-19 0.00000E+00 0.00000E+00 0.00000E+00 0.00000E+00 0.00000E+00 0.00000E+00 0.00000E+00 0.00000E+00 0.00000E+00 0.00000E+00 0.00000E+00 0.00000E+00 0.00000E+00 0.00000E+00 7.55050E-20 1.31345E-19
 3.37462E+02 7.14956E-19 0.00000E+00 0.00000E+00 0.00000E+00 0.00000E+00 0.00000E+00 0.00000E+00 0.00000E+00 0.00000E+00 0.00000E+00 0.00000E+00 0.00000E+00 0.00000E+00 0.00000E+00 0.00000E+00 7.73456E-20 1.41944E-19
 3.39225E+02 7.28472E-19 0.00000E+00 0.00000E+00 0.00000E+00 0.00000E+00 0.00000E+00 0.00000E+00 0.00000E+00 0.00000E+00 0.00000E+00 0.00000E+00 0.00000E+00 0.00000E+00 0.00000E+00 0.00000E+00 7.99593E-20 1.54512E-19
 3.40998E+02 7.45524E-19 0.00000E+00 0.00000E+00 0.00000E+00 0.00000E+00 0.00000E+00 0.00000E+00 0.00000E+00 0.00000E+00 0.00000E+00 0.00000E+00 0.00000E+00 0.00000E+00 0.00000E+00 0.00000E+00 8.36081E-20 1.69567E-19
 3.42780E+02 7.66021E-19 0.00000E+00 0.00000E+00 0.00000E+00 0.00000E+00 0.00000E+00 0.00000E+00 0.00000E+00 0.00000E+00 0.00000E+00 0.00000E+00 0.00000E+00 0.00000E+00 0.00000E+00 0.00000E+00 8.83338E-20 1.86977E-19
 3.44571E+02 7.90480E-19 0.00000E+00 0.00000E+00 0.00000E+00 0.00000E+00 0.00000E+00 0.00000E+00 0.00000E+00 0.00000E+00 0.00000E+00 0.00000E+00 0.00000E+00 0.00000E+00 0.00000E+00 0.00000E+00 9.43908E-20 2.07003E-19
 3.46371E+02 8.18981E-19 0.00000E+00 0.00000E+00 0.00000E+00 0.00000E+00 0.00000E+00 0.00000E+00 0.00000E+00 0.00000E+00 0.00000E+00 0.00000E+00 0.00000E+00 0.00000E+00 0.00000E+00 0.00000E+00 1.01848E-19 2.29646E-19
 3.48181E+02 8.51644E-19 0.00000E+00 0.00000E+00 0.00000E+00 0.00000E+00 0.00000E+00 0.00000E+00 0.00000E+00 0.00000E+00 0.00000E+00 0.00000E+00 0.00000E+00 0.00000E+00 0.00000E+00 0.00000E+00 1.10916E-19 2.54847E-19
 3.50000E+02 8.88654E-19 0.00000E+00 0.00000E+00 0.00000E+00 0.00000E+00 0.00000E+00 0.00000E+00 0.00000E+00 0.00000E+00 0.00000E+00 0.00000E+00 0.00000E+00 0.00000E+00 0.00000E+00 0.00000E+00 1.21699E-19 2.82666E-19
 3.74166E+02 1.66475E-18 0.00000E+00 0.00000E+00 0.00000E+00 0.00000E+00 0.00000E+00 0.00000E+00 0.00000E+00 0.00000E+00 0.00000E+00 0.00000E+00 0.00000E+00 0.00000E+00 0.00000E+00 0.00000E+00 4.10922E-19 7.89031E-19
 3.77301E+02 1.79007E-18 0.00000E+00 0.00000E+00 0.00000E+00 0.00000E+00 0.00000E+00 0.00000E+00 0.00000E+00 0.00000E+00 0.00000E+00 0.00000E+00 0.00000E+00 0.00000E+00 0.00000E+00 0.00000E+00 4.61310E-19 8.66328E-19
 3.80464E+02 1.91942E-18 0.00000E+00 0.00000E+00 0.00000E+00 0.00000E+00 0.00000E+00 0.00000E+00 0.00000E+00 0.00000E+00 0.00000E+00 0.00000E+00 0.00000E+00 0.00000E+00 0.00000E+00 0.00000E+00 5.14178E-19 9.45142E-19
 3.83652E+02 2.05153E-18 0.00000E+00 0.00000E+00 0.00000E+00 0.00000E+00 0.00000E+00 0.00000E+00 0.00000E+00 0.00000E+00 0.00000E+00 0.00000E+00 0.00000E+00 0.00000E+00 0.00000E+00 0.00000E+00 5.69167E-19 1.02458E-18
 3.86867E+02 2.18510E-18 0.00000E+00 0.00000E+00 0.00000E+00 0.00000E+00 0.00000E+00 0.00000E+00 0.00000E+00 0.00000E+00 0.00000E+00 0.00000E+00 0.00000E+00 0.00000E+00 0.00000E+00 0.00000E+00 6.25904E-19 1.10369E-18
 3.90109E+02 2.31848E-18 0.00000E+00 0.00000E+00 0.00000E+00 0.00000E+00 0.00000E+00 0.00000E+00 0.00000E+00 0.00000E+00 0.00000E+00 0.00000E+00 0.00000E+00 0.00000E+00 0.00000E+00 0.00000E+00 6.83729E-19 1.18147E-18
 3.93379E+02 2.45090E-18 0.00000E+00 0.00000E+00 0.00000E+00 0.00000E+00 0.00000E+00 0.00000E+00 0.00000E+00 0.00000E+00 0.00000E+00 0.00000E+00 0.00000E+00 0.00000E+00 0.00000E+00 0.00000E+00 7.41945E-19 1.25788E-18
 3.96676E+02 2.58076E-18 0.00000E+00 0.00000E+00 0.00000E+00 0.00000E+00 0.00000E+00 0.00000E+00 0.00000E+00 0.00000E+00 0.00000E+00 0.00000E+00 0.00000E+00 0.00000E+00 0.00000E+00 0.00000E+00 7.99775E-19 1.33210E-18
 4.00000E+02 2.70709E-18 0.00000E+00 0.00000E+00 0.00000E+00 0.00000E+00 0.00000E+00 0.00000E+00 0.00000E+00 0.00000E+00 0.00000E+00 0.00000E+00 0.00000E+00 0.00000E+00 0.00000E+00 0.00000E+00 8.56805E-19 1.40370E-18
 4.02955E+02 2.81546E-18 0.00000E+00 0.00000E+00 0.00000E+00 0.00000E+00 0.00000E+00 0.00000E+00 0.00000E+00 0.00000E+00 0.00000E+00 0.00000E+00 0.00000E+00 0.00000E+00 0.00000E+00 0.00000E+00 9.05838E-19 1.46508E-18
 4.05933E+02 2.92111E-18 0.00000E+00 0.00000E+00 0.00000E+00 0.00000E+00 0.00000E+00 0.00000E+00 0.00000E+00 0.00000E+00 0.00000E+00 0.00000E+00 0.00000E+00 0.00000E+00 0.00000E+00 0.00000E+00 9.53991E-19 1.52459E-18
 4.08932E+02 3.02329E-18 0.00000E+00 0.00000E+00 0.00000E+00 0.00000E+00 0.00000E+00 0.00000E+00 0.00000E+00 0.00000E+00 0.00000E+00 0.00000E+00 0.00000E+00 0.00000E+00 0.00000E+00 0.00000E+00 1.00056E-18 1.58221E-18
 4.11953E+02 3.12235E-18 0.00000E+00 0.00000E+00 0.00000E+00 0.00000E+00 0.00000E+00 0.00000E+00 0.00000E+00 0.00000E+00 0.00000E+00 0.00000E+00 0.00000E+00 0.00000E+00 0.00000E+00 0.00000E+00 1.04594E-18 1.63787E-18
 4.18063E+02 3.31003E-18 0.00000E+00 0.00000E+00 0.00000E+00 0.00000E+00 0.00000E+00 0.00000E+00 0.00000E+00 0.00000E+00 0.00000E+00 0.00000E+00 0.00000E+00 0.00000E+00 0.00000E+00 0.00000E+00 1.13264E-18 1.74273E-18
 4.24264E+02 3.48194E-18 0.00000E+00 0.00000E+00 0.00000E+00 0.00000E+00 0.00000E+00 0.00000E+00 0.00000E+00 0.00000E+00 0.00000E+00 0.00000E+00 0.00000E+00 0.00000E+00 0.00000E+00 0.00000E+00 1.21357E-18 1.83769E-18
 4.30557E+02 3.63591E-18 0.00000E+00 0.00000E+00 0.00000E+00 0.00000E+00 0.00000E+00 0.00000E+00 0.00000E+00 0.00000E+00 0.00000E+00 0.00000E+00 0.00000E+00 0.00000E+00 0.00000E+00 0.00000E+00 1.28782E-18 1.92145E-18
 4.36943E+02 3.77038E-18 0.00000E+00 0.00000E+00 0.00000E+00 0.00000E+00 0.00000E+00 0.00000E+00 0.00000E+00 0.00000E+00 0.00000E+00 0.00000E+00 0.00000E+00 0.00000E+00 0.00000E+00 0.00000E+00 1.35423E-18 1.99347E-18
 4.43423E+02 3.88502E-18 0.00000E+00 0.00000E+00 0.00000E+00 0.00000E+00 0.00000E+00 0.00000E+00 0.00000E+00 0.00000E+00 0.00000E+00 0.00000E+00 0.00000E+00 0.00000E+00 0.00000E+00 0.00000E+00 1.41199E-18 2.05424E-18
 4.50000E+02 3.98074E-18 0.00000E+00 0.00000E+00 0.00000E+00 0.00000E+00 0.00000E+00 0.00000E+00 0.00000E+00 0.00000E+00 0.00000E+00 0.00000E+00 0.00000E+00 0.00000E+00 0.00000E+00 0.00000E+00 1.46095E-18 2.10497E-18
 4.55966E+02 4.05276E-18 0.00000E+00 0.00000E+00 0.00000E+00 0.00000E+00 0.00000E+00 0.00000E+00 0.00000E+00 0.00000E+00 0.00000E+00 0.00000E+00 0.00000E+00 0.00000E+00 0.00000E+00 0.00000E+00 1.49852E-18 2.14309E-18
 4.62011E+02 4.11292E-18 0.00000E+00 0.00000E+00 0.00000E+00 0.00000E+00 0.00000E+00 0.00000E+00 0.00000E+00 0.00000E+00 0.00000E+00 0.00000E+00 0.00000E+00 0.00000E+00 0.00000E+00 0.00000E+00 1.53042E-18 2.17496E-18
 4.68135E+02 4.16256E-18 0.00000E+00 0.00000E+00 0.00000E+00 0.00000E+00 0.00000E+00 0.00000E+00 0.00000E+00 0.00000E+00 0.00000E+00 0.00000E+00 0.00000E+00 0.00000E+00 0.00000E+00 0.00000E+00 1.55744E-18 2.20115E-18
 4.74342E+02 4.20215E-18 0.00000E+00 0.00000E+00 0.00000E+00 0.00000E+00 0.00000E+00 0.00000E+00 0.00000E+00 0.00000E+00 0.00000E+00 0.00000E+00 0.00000E+00 0.00000E+00 0.00000E+00 0.00000E+00 1.58014E-18 2.22169E-18
 4.80630E+02 4.23196E-18 0.00000E+00 0.00000E+00 0.00000E+00 0.00000E+00 0.00000E+00 0.00000E+00 0.00000E+00 0.00000E+00 0.00000E+00 0.00000E+00 0.00000E+00 0.00000E+00 0.00000E+00 0.00000E+00 1.59865E-18 2.23668E-18
 4.87002E+02 4.25222E-18 0.00000E+00 0.00000E+00 0.00000E+00 0.00000E+00 0.00000E+00 0.00000E+00 0.00000E+00 0.00000E+00 0.00000E+00 0.00000E+00 0.00000E+00 0.00000E+00 0.00000E+00 0.00000E+00 1.61300E-18 2.24624E-18
 4.93458E+02 4.26327E-18 0.00000E+00 0.00000E+00 0.00000E+00 0.00000E+00 0.00000E+00 0.00000E+00 0.00000E+00 0.00000E+00 0.00000E+00 0.00000E+00 0.00000E+00 0.00000E+00 0.00000E+00 0.00000E+00 1.62320E-18 2.25068E-18
 5.00000E+02 4.26564E-18 0.00000E+00 0.00000E+00 0.00000E+00 0.00000E+00 0.00000E+00 0.00000E+00 0.00000E+00 0.00000E+00 0.00000E+00 0.00000E+00 0.00000E+00 0.00000E+00 0.00000E+00 0.00000E+00 1.62935E-18 2.25059E-18
 5.12057E+02 4.25135E-18 0.00000E+00 0.00000E+00 0.00000E+00 0.00000E+00 0.00000E+00 0.00000E+00 0.00000E+00 0.00000E+00 0.00000E+00 0.00000E+00 0.00000E+00 0.00000E+00 0.00000E+00 0.00000E+00 1.63178E-18 2.24069E-18
 5.24404E+02 4.21647E-18 0.00000E+00 0.00000E+00 0.00000E+00 0.00000E+00 0.00000E+00 0.00000E+00 0.00000E+00 0.00000E+00 0.00000E+00 0.00000E+00 0.00000E+00 0.00000E+00 0.00000E+00 0.00000E+00 1.62425E-18 2.22012E-18
 5.37050E+02 4.17057E-18 0.00000E+00 0.00000E+00 0.00000E+00 0.00000E+00 0.00000E+00 0.00000E+00 0.00000E+00 0.00000E+00 0.00000E+00 0.00000E+00 0.00000E+00 0.00000E+00 0.00000E+00 0.00000E+00 1.61158E-18 2.19372E-18
 5.50000E+02 4.10885E-18 0.00000E+00 0.00000E+00 0.00000E+00 0.00000E+00 0.00000E+00 0.00000E+00 0.00000E+00 0.00000E+00 0.00000E+00 0.00000E+00 0.00000E+00 0.00000E+00 0.00000E+00 0.00000E+00 1.59220E-18 2.15816E-18
 5.62095E+02 4.04164E-18 0.00000E+00 0.00000E+00 0.00000E+00 0.00000E+00 0.00000E+00 0.00000E+00 0.00000E+00 0.00000E+00 0.00000E+00 0.00000E+00 0.00000E+00 0.00000E+00 0.00000E+00 0.00000E+00 1.56907E-18 2.12044E-18
 5.74456E+02 3.96601E-18 0.00000E+00 0.00000E+00 0.00000E+00 0.00000E+00 0.00000E+00 0.00000E+00 0.00000E+00 0.00000E+00 0.00000E+00 0.00000E+00 0.00000E+00 0.00000E+00 0.00000E+00 0.00000E+00 1.54226E-18 2.07791E-18
 6.00000E+02 3.79490E-18 0.00000E+00 0.00000E+00 0.00000E+00 0.00000E+00 0.00000E+00 0.00000E+00 0.00000E+00 0.00000E+00 0.00000E+00 0.00000E+00 0.00000E+00 0.00000E+00 0.00000E+00 0.00000E+00 1.47923E-18 1.98254E-18
 6.22093E+02 3.64084E-18 0.00000E+00 0.00000E+00 0.00000E+00 0.00000E+00 0.00000E+00 0.00000E+00 0.00000E+00 0.00000E+00 0.00000E+00 0.00000E+00 0.00000E+00 0.00000E+00 0.00000E+00 0.00000E+00 1.42063E-18 1.89789E-18
 6.45000E+02 3.47707E-18 0.00000E+00 0.00000E+00 0.00000E+00 0.00000E+00 0.00000E+00 0.00000E+00 0.00000E+00 0.00000E+00 0.00000E+00 0.00000E+00 0.00000E+00 0.00000E+00 0.00000E+00 0.00000E+00 1.35770E-18 1.80749E-18
 6.45000E+02 3.61144E-18 0.00000E+00 0.00000E+00 0.00000E+00 0.00000E+00 0.00000E+00 0.00000E+00 0.00000E+00 0.00000E+00 0.00000E+00 0.00000E+00 0.00000E+00 0.00000E+00 0.00000E+00 1.34363E-19 1.35770E-18 1.80749E-18
 6.49275E+02 3.68816E-18 0.00000E+00 0.00000E+00 0.00000E+00 0.00000E+00 0.00000E+00 0.00000E+00 0.00000E+00 0.00000E+00 0.00000E+00 0.00000E+00 0.00000E+00 0.00000E+00 0.00000E+00 2.42073E-19 1.34573E-18 1.79045E-18
 6.51422E+02 3.71494E-18 0.00000E+00 0.00000E+00 0.00000E+00 0.00000E+00 0.00000E+00 0.00000E+00 0.00000E+00 0.00000E+00 0.00000E+00 0.00000E+00 0.00000E+00 0.00000E+00 0.00000E+00 2.84243E-19 1.33978E-18 1.78198E-18
 6.53577E+02 3.72923E-18 0.00000E+00 0.00000E+00 0.00000E+00 0.00000E+00 0.00000E+00 0.00000E+00 0.00000E+00 0.00000E+00 0.00000E+00 0.00000E+00 0.00000E+00 0.00000E+00 0.00000E+00 3.13855E-19 1.33385E-18 1.77356E-18
 6.55739E+02 3.73079E-18 0.00000E+00 0.00000E+00 0.00000E+00 0.00000E+00 0.00000E+00 0.00000E+00 0.00000E+00 0.00000E+00 0.00000E+00 0.00000E+00 0.00000E+00 0.00000E+00 0.00000E+00 3.31095E-19 1.32774E-18 1.76497E-18
 6.57909E+02 3.72359E-18 0.00000E+00 0.00000E+00 0.00000E+00 0.00000E+00 0.00000E+00 0.00000E+00 0.00000E+00 0.00000E+00 0.00000E+00 0.00000E+00 0.00000E+00 0.00000E+00 0.00000E+00 3.39741E-19 1.32156E-18 1.75628E-18
 6.62269E+02 3.69716E-18 0.00000E+00 0.00000E+00 0.00000E+00 0.00000E+00 0.00000E+00 0.00000E+00 0.00000E+00 0.00000E+00 0.00000E+00 0.00000E+00 0.00000E+00 0.00000E+00 0.00000E+00 3.44767E-19 1.30930E-18 1.73902E-18
 6.80000E+02 3.58096E-18 0.00000E+00 0.00000E+00 0.00000E+00 0.00000E+00 0.00000E+00 0.00000E+00 0.00000E+00 0.00000E+00 0.00000E+00 0.00000E+00 0.00000E+00 0.00000E+00 0.00000E+00 3.56051E-19 1.25930E-18 1.66930E-18
 6.80000E+02 3.66613E-18 0.00000E+00 0.00000E+00 0.00000E+00 0.00000E+00 0.00000E+00 0.00000E+00 0.00000E+00 0.00000E+00 0.00000E+00 0.00000E+00 0.00000E+00 0.00000E+00 8.51628E-20 3.56051E-19 1.25930E-18 1.66930E-18
 6.84946E+02 3.69377E-18 0.00000E+00 0.00000E+00 0.00000E+00 0.00000E+00 0.00000E+00 0.00000E+00 0.00000E+00 0.00000E+00 0.00000E+00 0.00000E+00 0.00000E+00 0.00000E+00 1.46564E-19 3.56885E-19 1.24572E-18 1.65040E-18
 6.87432E+02 3.70021E-18 0.00000E+00 0.00000E+00 0.00000E+00 0.00000E+00 0.00000E+00 0.00000E+00 0.00000E+00 0.00000E+00 0.00000E+00 0.00000E+00 0.00000E+00 0.00000E+00 1.70328E-19 3.56722E-19 1.23898E-18 1.64104E-18
 6.89928E+02 3.69742E-18 0.00000E+00 0.00000E+00 0.00000E+00 0.00000E+00 0.00000E+00 0.00000E+00 0.00000E+00 0.00000E+00 0.00000E+00 0.00000E+00 0.00000E+00 0.00000E+00 1.85007E-19 3.56317E-19 1.23228E-18 1.63173E-18
 6.94946E+02 3.67238E-18 0.00000E+00 0.00000E+00 0.00000E+00 0.00000E+00 0.00000E+00 0.00000E+00 0.00000E+00 0.00000E+00 0.00000E+00 0.00000E+00 0.00000E+00 0.00000E+00 1.95377E-19 3.55236E-19 1.21875E-18 1.61301E-18
 7.00000E+02 3.63888E-18 0.00000E+00 0.00000E+00 0.00000E+00 0.00000E+00 0.00000E+00 0.00000E+00 0.00000E+00 0.00000E+00 0.00000E+00 0.00000E+00 0.00000E+00 0.00000E+00 1.98066E-19 3.54454E-19 1.20478E-18 1.59370E-18
 7.23762E+02 3.48658E-18 0.00000E+00 0.00000E+00 0.00000E+00 0.00000E+00 0.00000E+00 0.00000E+00 0.00000E+00 0.00000E+00 0.00000E+00 0.00000E+00 0.00000E+00 0.00000E+00 2.04943E-19 3.55569E-19 1.14153E-18 1.50648E-18
 7.48331E+02 3.32753E-18 0.00000E+00 0.00000E+00 0.00000E+00 0.00000E+00 0.00000E+00 0.00000E+00 0.00000E+00 0.00000E+00 0.00000E+00 0.00000E+00 0.00000E+00 0.00000E+00 2.05127E-19 3.55783E-19 1.07829E-18 1.41980E-18
 8.00000E+02 3.01916E-18 0.00000E+00 0.00000E+00 0.00000E+00 0.00000E+00 0.00000E+00 0.00000E+00 0.00000E+00 0.00000E+00 0.00000E+00 0.00000E+00 0.00000E+00 0.00000E+00 2.07916E-19 3.55621E-19 9.54323E-19 1.25171E-18
 8.48528E+02 2.75586E-18 0.00000E+00 0.00000E+00 0.00000E+00 0.00000E+00 0.00000E+00 0.00000E+00 0.00000E+00 0.00000E+00 0.00000E+00 0.00000E+00 0.00000E+00 0.00000E+00 2.08893E-19 3.51909E-19 8.50219E-19 1.11161E-18
 9.00000E+02 2.50290E-18 0.00000E+00 0.00000E+00 0.00000E+00 0.00000E+00 0.00000E+00 0.00000E+00 0.00000E+00 0.00000E+00 0.00000E+00 0.00000E+00 0.00000E+00 0.00000E+00 2.07920E-19 3.44713E-19 7.52153E-19 9.80643E-19
 9.28000E+02 2.37645E-18 0.00000E+00 0.00000E+00 0.00000E+00 0.00000E+00 0.00000E+00 0.00000E+00 0.00000E+00 0.00000E+00 0.00000E+00 0.00000E+00 0.00000E+00 0.00000E+00 2.06449E-19 3.39930E-19 7.04031E-19 9.16650E-19
 9.28000E+02 2.53530E-18 0.00000E+00 0.00000E+00 0.00000E+00 0.00000E+00 0.00000E+00 0.00000E+00 0.00000E+00 0.00000E+00 0.00000E+00 0.00000E+00 0.00000E+00 1.58847E-19 2.06449E-19 3.39930E-19 7.04031E-19 9.16650E-19
 9.45499E+02 2.46541E-18 0.00000E+00 0.00000E+00 0.00000E+00 0.00000E+00 0.00000E+00 0.00000E+00 0.00000E+00 0.00000E+00 0.00000E+00 0.00000E+00 0.00000E+00 1.64293E-19 2.05304E-19 3.36471E-19 6.75694E-19 8.79037E-19
 9.63328E+02 2.38522E-18 0.00000E+00 0.00000E+00 0.00000E+00 0.00000E+00 0.00000E+00 0.00000E+00 0.00000E+00 0.00000E+00 0.00000E+00 0.00000E+00 0.00000E+00 1.58766E-19 2.03979E-19 3.32768E-19 6.47806E-19 8.42086E-19
 1.00000E+03 2.23768E-18 0.00000E+00 0.00000E+00 0.00000E+00 0.00000E+00 0.00000E+00 0.00000E+00 0.00000E+00 0.00000E+00 0.00000E+00 0.00000E+00 0.00000E+00 1.54177E-19 2.00686E-19 3.24698E-19 5.95141E-19 7.72433E-19
 1.04881E+03 2.05682E-18 0.00000E+00 0.00000E+00 0.00000E+00 0.00000E+00 0.00000E+00 0.00000E+00 0.00000E+00 0.00000E+00 0.00000E+00 0.00000E+00 0.00000E+00 1.47289E-19 1.95515E-19 3.13177E-19 5.32311E-19 6.89639E-19
 1.10000E+03 1.88644E-18 0.00000E+00 0.00000E+00 0.00000E+00 0.00000E+00 0.00000E+00 0.00000E+00 0.00000E+00 0.00000E+00 0.00000E+00 0.00000E+00 0.00000E+00 1.40507E-19 1.89303E-19 3.00427E-19 4.74560E-19 6.13724E-19
 1.11600E+03 1.83648E-18 0.00000E+00 0.00000E+00 0.00000E+00 0.00000E+00 0.00000E+00 0.00000E+00 0.00000E+00 0.00000E+00 0.00000E+00 0.00000E+00 0.00000E+00 1.38478E-19 1.87263E-19 2.96416E-19 4.57878E-19 5.91851E-19
 1.11600E+03 1.86133E-18 0.00000E+00 0.00000E+00 0.00000E+00 0.00000E+00 0.00000E+00 0.00000E+00 0.00000E+00 0.00000E+00 0.00000E+00 0.00000E+00 2.48521E-20 1.38478E-19 1.87263E-19 2.96416E-19 4.57878E-19 5.91851E-19
 1.18110E+03 1.67750E-18 0.00000E+00 0.00000E+00 0.00000E+00 0.00000E+00 0.00000E+00 0.00000E+00 0.00000E+00 0.00000E+00 0.00000E+00 0.00000E+00 2.59925E-20 1.30329E-19 1.78724E-19 2.80011E-19 3.97570E-19 5.12759E-19
 1.25000E+03 1.50696E-18 0.00000E+00 0.00000E+00 0.00000E+00 0.00000E+00 0.00000E+00 0.00000E+00 0.00000E+00 0.00000E+00 0.00000E+00 0.00000E+00 2.57483E-20 1.22314E-19 1.69354E-19 2.62908E-19 3.43716E-19 4.42572E-19
 1.27400E+03 1.45246E-18 0.00000E+00 0.00000E+00 0.00000E+00 0.00000E+00 0.00000E+00 0.00000E+00 0.00000E+00 0.00000E+00 0.00000E+00 0.00000E+00 2.56349E-20 1.19688E-19 1.66012E-19 2.56971E-19 3.26959E-19 4.20741E-19
 1.27400E+03 1.48597E-18 0.00000E+00 0.00000E+00 0.00000E+00 0.00000E+00 0.00000E+00 0.00000E+00 0.00000E+00 0.00000E+00 0.00000E+00 3.35086E-20 2.56349E-20 1.19688E-19 1.66012E-19 2.56971E-19 3.26959E-19 4.20741E-19
 1.40000E+03 1.23607E-18 0.00000E+00 0.00000E+00 0.00000E+00 0.00000E+00 0.00000E+00 0.00000E+00 0.00000E+00 0.00000E+00 0.00000E+00 2.79100E-20 2.49173E-20 1.06938E-19 1.49374E-19 2.28010E-19 2.54155E-19 3.26091E-19
 1.50000E+03 1.07813E-18 0.00000E+00 0.00000E+00 0.00000E+00 0.00000E+00 0.00000E+00 0.00000E+00 0.00000E+00 0.00000E+00 0.00000E+00 2.60410E-20 2.42002E-20 9.80721E-20 1.36900E-19 2.07056E-19 2.10097E-19 2.69018E-19
 1.62019E+03 9.22737E-19 0.00000E+00 0.00000E+00 0.00000E+00 0.00000E+00 0.00000E+00 0.00000E+00 0.00000E+00 0.00000E+00 0.00000E+00 2.39963E-20 2.32400E-20 8.86717E-20 1.23139E-19 1.84457E-19 1.68924E-19 2.15820E-19
 1.75000E+03 7.87626E-19 0.00000E+00 0.00000E+00 0.00000E+00 0.00000E+00 0.00000E+00 0.00000E+00 0.00000E+00 0.00000E+00 0.00000E+00 2.20197E-20 2.21264E-20 7.98470E-20 1.09837E-19 1.63065E-19 1.35093E-19 1.72226E-19
 2.00000E+03 5.95102E-19 0.00000E+00 0.00000E+00 0.00000E+00 0.00000E+00 0.00000E+00 0.00000E+00 0.00000E+00 0.00000E+00 0.00000E+00 1.87833E-20 1.99631E-20 6.59836E-20 8.84794E-20 1.29515E-19 9.06195E-20 1.15104E-19
 2.20000E+03 4.85220E-19 0.00000E+00 0.00000E+00 0.00000E+00 0.00000E+00 0.00000E+00 0.00000E+00 0.00000E+00 0.00000E+00 0.00000E+00 1.66483E-20 1.83135E-20 5.72006E-20 7.48755E-20 1.08582E-19 6.75525E-20 8.55818E-20
 2.50000E+03 3.67206E-19 0.00000E+00 0.00000E+00 0.00000E+00 0.00000E+00 0.00000E+00 0.00000E+00 0.00000E+00 0.00000E+00 0.00000E+00 1.40454E-20 1.60700E-20 4.68473E-20 5.89594E-20 8.44960E-20 4.50433E-20 5.68695E-20
 2.73861E+03 3.00064E-19 0.00000E+00 0.00000E+00 0.00000E+00 0.00000E+00 0.00000E+00 0.00000E+00 0.00000E+00 0.00000E+00 0.00000E+00 1.23802E-20 1.44996E-20 4.04032E-20 4.92319E-20 6.99935E-20 3.34857E-20 4.21732E-20
 3.00000E+03 2.44614E-19 0.00000E+00 0.00000E+00 0.00000E+00 0.00000E+00 0.00000E+00 0.00000E+00 0.00000E+00 0.00000E+00 0.00000E+00 1.08680E-20 1.29879E-20 3.46971E-20 4.07918E-20 5.75503E-20 2.47454E-20 3.10872E-20
 3.22300E+03 2.07916E-19 0.00000E+00 0.00000E+00 0.00000E+00 0.00000E+00 0.00000E+00 0.00000E+00 0.00000E+00 0.00000E+00 0.00000E+00 9.78329E-21 1.18522E-20 3.06887E-20 3.49923E-20 4.90783E-20 1.94245E-20 2.43541E-20
 3.22300E+03 2.80143E-19 0.00000E+00 0.00000E+00 0.00000E+00 0.00000E+00 0.00000E+00 0.00000E+00 0.00000E+00 0.00000E+00 7.22276E-20 9.78329E-21 1.18522E-20 3.06887E-20 3.49923E-20 4.90783E-20 1.94245E-20 2.43541E-20
 3.22531E+03 3.57456E-19 0.00000E+00 0.00000E+00 0.00000E+00 0.00000E+00 0.00000E+00 0.00000E+00 0.00000E+00 0.00000E+00 1.49875E-19 9.77300E-21 1.18413E-20 3.06511E-20 3.49387E-20 4.90004E-20 1.93776E-20 2.42948E-20
 3.22761E+03 4.24408E-19 0.00000E+00 0.00000E+00 0.00000E+00 0.00000E+00 0.00000E+00 0.00000E+00 0.00000E+00 0.00000E+00 2.17161E-19 9.76272E-21 1.18305E-20 3.06135E-20 3.48853E-20 4.89225E-20 1.93309E-20 2.42357E-20
 3.22992E+03 4.76570E-19 0.00000E+00 0.00000E+00 0.00000E+00 0.00000E+00 0.00000E+00 0.00000E+00 0.00000E+00 0.00000E+00 2.69656E-19 9.75245E-21 1.18197E-20 3.05759E-20 3.48319E-20 4.88448E-20 1.92842E-20 2.41768E-20
 3.23224E+03 5.09798E-19 0.00000E+00 0.00000E+00 0.00000E+00 0.00000E+00 0.00000E+00 0.00000E+00 0.00000E+00 0.00000E+00 3.03218E-19 9.74220E-21 1.18089E-20 3.05384E-20 3.47786E-20 4.87672E-20 1.92377E-20 2.41180E-20
 3.23455E+03 5.26253E-19 0.00000E+00 0.00000E+00 0.00000E+00 0.00000E+00 0.00000E+00 0.00000E+00 0.00000E+00 0.00000E+00 3.20006E-19 9.73195E-21 1.17980E-20 3.05010E-20 3.47254E-20 4.86897E-20 1.91911E-20 2.40591E-20
 3.23686E+03 5.32180E-19 0.00000E+00 0.00000E+00 0.00000E+00 0.00000E+00 0.00000E+00 0.00000E+00 0.00000E+00 0.00000E+00 3.26266E-19 9.72172E-21 1.17872E-20 3.04635E-20 3.46723E-20 4.86124E-20 1.91440E-20 2.39997E-20
 3.23918E+03 5.32986E-19 0.00000E+00 0.00000E+00 0.00000E+00 0.00000E+00 0.00000E+00 0.00000E+00 0.00000E+00 0.00000E+00 3.27406E-19 9.71150E-21 1.17765E-20 3.04262E-20 3.46193E-20 4.85352E-20 1.90971E-20 2.39404E-20
 3.24150E+03 5.32213E-19 0.00000E+00 0.00000E+00 0.00000E+00 0.00000E+00 0.00000E+00 0.00000E+00 0.00000E+00 0.00000E+00 3.26966E-19 9.70128E-21 1.17657E-20 3.03889E-20 3.45663E-20 4.84581E-20 1.90503E-20 2.38812E-20
 3.26010E+03 5.28325E-19 0.00000E+00 0.00000E+00 0.00000E+00 0.00000E+00 0.00000E+00 0.00000E+00 0.00000E+00 0.00000E+00 3.25748E-19 9.61997E-21 1.16779E-20 3.00909E-20 3.41350E-20 4.78324E-20 1.86799E-20 2.34132E-20
 3.27882E+03 5.12802E-19 0.00000E+00 0.00000E+00 0.00000E+00 0.00000E+00 0.00000E+00 0.00000E+00 0.00000E+00 0.00000E+00 3.12873E-19 9.53798E-21 1.15889E-20 2.97903E-20 3.37067E-20 4.72105E-20 1.83168E-20 2.29544E-20
 3.28821E+03 5.06720E-19 0.00000E+00 0.00000E+00 0.00000E+00 0.00000E+00 0.00000E+00 0.00000E+00 0.00000E+00 0.00000E+00 3.08100E-19 9.49706E-21 1.15446E-20 2.96412E-20 3.34946E-20 4.69026E-20 1.81379E-20 2.27283E-20
 3.29764E+03 5.02038E-19 0.00000E+00 0.00000E+00 0.00000E+00 0.00000E+00 0.00000E+00 0.00000E+00 0.00000E+00 0.00000E+00 3.04720E-19 9.45630E-21 1.15005E-20 2.94928E-20 3.32839E-20 4.65967E-20 1.79607E-20 2.25045E-20
 3.33560E+03 4.83645E-19 0.00000E+00 0.00000E+00 0.00000E+00 0.00000E+00 0.00000E+00 0.00000E+00 0.00000E+00 0.00000E+00 2.91438E-19 9.29503E-21 1.13257E-20 2.89066E-20 3.24539E-20 4.53928E-20 1.72691E-20 2.16311E-20
 3.37400E+03 4.69182E-19 0.00000E+00 0.00000E+00 0.00000E+00 0.00000E+00 0.00000E+00 0.00000E+00 0.00000E+00 0.00000E+00 2.81944E-19 9.13651E-21 1.11535E-20 2.83321E-20 3.16447E-20 4.42201E-20 1.66042E-20 2.07916E-20
 3.37400E+03 5.08819E-19 0.00000E+00 0.00000E+00 0.00000E+00 0.00000E+00 0.00000E+00 0.00000E+00 0.00000E+00 3.96368E-20 2.81944E-19 9.13651E-21 1.11535E-20 2.83321E-20 3.16447E-20 4.42200E-20 1.66042E-20 2.07916E-20
 3.37593E+03 5.48343E-19 0.00000E+00 0.00000E+00 0.00000E+00 0.00000E+00 0.00000E+00 0.00000E+00 0.00000E+00 7.98565E-20 2.81493E-19 9.12865E-21 1.11450E-20 2.83036E-20 3.16048E-20 4.41622E-20 1.65716E-20 2.07504E-20
 3.37787E+03 5.85536E-19 0.00000E+00 0.00000E+00 0.00000E+00 0.00000E+00 0.00000E+00 0.00000E+00 0.00000E+00 1.17744E-19 2.81044E-19 9.12080E-21 1.11365E-20 2.82752E-20 3.15648E-20 4.41043E-20 1.65391E-20 2.07094E-20
 3.37980E+03 6.17637E-19 0.00000E+00 0.00000E+00 0.00000E+00 0.00000E+00 0.00000E+00 0.00000E+00 0.00000E+00 1.50539E-19 2.80595E-19 9.11295E-21 1.11279E-20 2.82468E-20 3.15250E-20 4.40466E-20 1.65066E-20 2.06684E-20
 3.38174E+03 6.41489E-19 0.00000E+00 0.00000E+00 0.00000E+00 0.00000E+00 0.00000E+00 0.00000E+00 0.00000E+00 1.75083E-19 2.80146E-19 9.10511E-21 1.11194E-20 2.82185E-20 3.14852E-20 4.39889E-20 1.64742E-20 2.06275E-20
 3.38368E+03 6.56603E-19 0.00000E+00 0.00000E+00 0.00000E+00 0.00000E+00 0.00000E+00 0.00000E+00 0.00000E+00 1.90888E-19 2.79699E-19 9.09727E-21 1.11109E-20 2.81901E-20 3.14454E-20 4.39314E-20 1.64419E-20 2.05867E-20
 3.38562E+03 6.64382E-19 0.00000E+00 0.00000E+00 0.00000E+00 0.00000E+00 0.00000E+00 0.00000E+00 0.00000E+00 1.99357E-19 2.79252E-19 9.08944E-21 1.11024E-20 2.81618E-20 3.14057E-20 4.38738E-20 1.64096E-20 2.05459E-20
 3.38756E+03 6.67660E-19 0.00000E+00 0.00000E+00 0.00000E+00 0.00000E+00 0.00000E+00 0.00000E+00 0.00000E+00 2.03325E-19 2.78806E-19 9.08162E-21 1.10939E-20 2.81335E-20 3.13660E-20 4.38164E-20 1.63774E-20 2.05053E-20
 3.38950E+03 6.68212E-19 0.00000E+00 0.00000E+00 0.00000E+00 0.00000E+00 0.00000E+00 0.00000E+00 0.00000E+00 2.04564E-19 2.78360E-19 9.07381E-21 1.10854E-20 2.81053E-20 3.13264E-20 4.37590E-20 1.63452E-20 2.04647E-20
 3.40507E+03 6.64298E-19 0.00000E+00 0.00000E+00 0.00000E+00 0.00000E+00 0.00000E+00 0.00000E+00 0.00000E+00 2.06117E-19 2.74822E-19 9.01153E-21 1.10176E-20 2.78803E-20 3.10113E-20 4.33028E-20 1.60903E-20 2.01429E-20
 3.41288E+03 6.60450E-19 0.00000E+00 0.00000E+00 0.00000E+00 0.00000E+00 0.00000E+00 0.00000E+00 0.00000E+00 2.04978E-19 2.73070E-19 8.98055E-21 1.09839E-20 2.77685E-20 3.08549E-20 4.30765E-20 1.59643E-20 1.99839E-20
 3.42071E+03 6.54384E-19 0.00000E+00 0.00000E+00 0.00000E+00 0.00000E+00 0.00000E+00 0.00000E+00 0.00000E+00 2.01603E-19 2.71329E-19 8.94968E-21 1.09502E-20 2.76571E-20 3.06994E-20 4.28514E-20 1.58393E-20 1.98262E-20
 3.43642E+03 6.43181E-19 0.00000E+00 0.00000E+00 0.00000E+00 0.00000E+00 0.00000E+00 0.00000E+00 0.00000E+00 1.95632E-19 2.67982E-19 8.88825E-21 1.08833E-20 2.74357E-20 3.03906E-20 4.24047E-20 1.55922E-20 1.95144E-20
 3.50000E+03 6.10391E-19 0.00000E+00 0.00000E+00 0.00000E+00 0.00000E+00 0.00000E+00 0.00000E+00 0.00000E+00 1.82800E-19 2.55360E-19 8.64674E-21 1.06196E-20 2.65676E-20 2.91861E-20 4.06638E-20 1.46406E-20 1.83142E-20
 3.92100E+03 4.56865E-19 0.00000E+00 0.00000E+00 0.00000E+00 0.00000E+00 0.00000E+00 0.00000E+00 0.00000E+00 1.35909E-19 1.88531E-19 7.25874E-21 9.05173E-21 2.16546E-20 2.25089E-20 3.10802E-20 9.84183E-21 1.22718E-20
 3.92100E+03 5.30071E-19 0.00000E+00 0.00000E+00 0.00000E+00 0.00000E+00 0.00000E+00 0.00000E+00 7.32067E-20 1.35909E-19 1.88531E-19 7.25874E-21 9.05173E-21 2.16546E-20 2.25089E-20 3.10802E-20 9.84183E-21 1.22718E-20
 3.93079E+03 5.32201E-19 0.00000E+00 0.00000E+00 0.00000E+00 0.00000E+00 0.00000E+00 0.00000E+00 7.82498E-20 1.35029E-19 1.87260E-19 7.23087E-21 9.01937E-21 2.15564E-20 2.23791E-20 3.08948E-20 9.75580E-21 1.21637E-20
 3.93569E+03 5.31339E-19 0.00000E+00 0.00000E+00 0.00000E+00 0.00000E+00 0.00000E+00 0.00000E+00 7.88364E-20 1.34591E-19 1.86628E-19 7.21697E-21 9.00323E-21 2.15075E-20 2.23144E-20 3.08026E-20 9.71307E-21 1.21099E-20
 3.94060E+03 5.29161E-19 0.00000E+00 0.00000E+00 0.00000E+00 0.00000E+00 0.00000E+00 0.00000E+00 7.81028E-20 1.34154E-19 1.85998E-19 7.20310E-21 8.98712E-21 2.14587E-20 2.22499E-20 3.07105E-20 9.67052E-21 1.20565E-20
 3.95044E+03 5.24761E-19 0.00000E+00 0.00000E+00 0.00000E+00 0.00000E+00 0.00000E+00 0.00000E+00 7.65778E-20 1.33286E-19 1.84745E-19 7.17545E-21 8.95499E-21 2.13614E-20 2.21216E-20 3.05274E-20 9.58598E-21 1.19502E-20
 3.96030E+03 5.21652E-19 0.00000E+00 0.00000E+00 0.00000E+00 0.00000E+00 0.00000E+00 0.00000E+00 7.63260E-20 1.32422E-19 1.83499E-19 7.14789E-21 8.92297E-21 2.12646E-20 2.19939E-20 3.03453E-20 9.50218E-21 1.18449E-20
 4.00000E+03 5.09690E-19 0.00000E+00 0.00000E+00 0.00000E+00 0.00000E+00 0.00000E+00 0.00000E+00 7.56198E-20 1.29013E-19 1.78601E-19 7.03874E-21 8.79605E-21 2.08816E-20 2.14907E-20 2.96277E-20 9.17338E-21 1.14318E-20
 4.24264E+03 4.41185E-19 0.00000E+00 0.00000E+00 0.00000E+00 0.00000E+00 0.00000E+00 0.00000E+00 6.90743E-20 1.10214E-19 1.51763E-19 6.41202E-21 8.05418E-21 1.87119E-20 1.86912E-20 2.56503E-20 7.42955E-21 9.24255E-21
 4.50000E+03 3.81024E-19 0.00000E+00 0.00000E+00 0.00000E+00 0.00000E+00 0.00000E+00 0.00000E+00 6.25899E-20 9.38760E-20 1.28620E-19 5.83953E-21 7.37363E-21 1.67646E-20 1.62123E-20 2.21479E-20 6.01661E-21 7.47184E-21
 4.66100E+03 3.48712E-19 0.00000E+00 0.00000E+00 0.00000E+00 0.00000E+00 0.00000E+00 0.00000E+00 5.89123E-20 8.51886E-20 1.16380E-19 5.51604E-21 6.97867E-21 1.56743E-20 1.48606E-20 2.02470E-20 5.29217E-21 6.56535E-21
 4.66100E+03 3.67817E-19 0.00000E+00 0.00000E+00 0.00000E+00 0.00000E+00 0.00000E+00 1.91054E-20 5.89123E-20 8.51886E-20 1.16380E-19 5.51604E-21 6.97867E-21 1.56743E-20 1.48606E-20 2.02470E-20 5.29217E-21 6.56535E-21
 4.66612E+03 3.68794E-19 0.00000E+00 0.00000E+00 0.00000E+00 0.00000E+00 0.00000E+00 2.10445E-20 5.88007E-20 8.49309E-20 1.16017E-19 5.50620E-21 6.96665E-21 1.56414E-20 1.48202E-20 2.01903E-20 5.27102E-21 6.53890E-21
 4.67124E+03 3.68768E-19 0.00000E+00 0.00000E+00 0.00000E+00 0.00000E+00 0.00000E+00 2.19771E-20 5.86894E-20 8.46739E-20 1.15656E-19 5.49638E-21 6.95466E-21 1.56085E-20 1.47800E-20 2.01338E-20 5.24996E-21 6.51256E-21
 4.68150E+03 3.66715E-19 0.00000E+00 0.00000E+00 0.00000E+00 0.00000E+00 0.00000E+00 2.18338E-20 5.84673E-20 8.41622E-20 1.14936E-19 5.47680E-21 6.93073E-21 1.55429E-20 1.46998E-20 2.00213E-20 5.20809E-21 6.46020E-21
 4.70208E+03 3.62634E-19 0.00000E+00 0.00000E+00 0.00000E+00 0.00000E+00 0.00000E+00 2.15396E-20 5.80256E-20 8.31482E-20 1.13510E-19 5.43783E-21 6.88311E-21 1.54126E-20 1.45409E-20 1.97981E-20 5.12535E-21 6.35675E-21
 4.74353E+03 3.55090E-19 0.00000E+00 0.00000E+00 0.00000E+00 0.00000E+00 0.00000E+00 2.14444E-20 5.71523E-20 8.11534E-20 1.10711E-19 5.36074E-21 6.78887E-21 1.51553E-20 1.42280E-20 1.93591E-20 4.96378E-21 6.15477E-21
 4.82753E+03 3.40263E-19 0.00000E+00 0.00000E+00 0.00000E+00 0.00000E+00 0.00000E+00 2.11432E-20 5.54107E-20 7.72652E-20 1.05260E-19 5.20980E-21 6.60423E-21 1.46535E-20 1.36224E-20 1.85101E-20 4.65578E-21 5.76987E-21
 5.00000E+03 3.12340E-19 0.00000E+00 0.00000E+00 0.00000E+00 0.00000E+00 0.00000E+00 2.03534E-20 5.20683E-20 7.00355E-20 9.51498E-20 4.92057E-21 6.24989E-21 1.36991E-20 1.24873E-20 1.69222E-20 4.09559E-21 5.07038E-21
 5.00500E+03 3.11572E-19 0.00000E+00 0.00000E+00 0.00000E+00 0.00000E+00 0.00000E+00 2.03306E-20 5.19762E-20 6.98369E-20 9.48725E-20 4.91257E-21 6.24008E-21 1.36728E-20 1.24564E-20 1.68791E-20 4.08043E-21 5.05146E-21
 5.00500E+03 3.26646E-19 0.00000E+00 0.00000E+00 0.00000E+00 0.00000E+00 1.50734E-20 2.03306E-20 5.19762E-20 6.98369E-20 9.48725E-20 4.91257E-21 6.24008E-21 1.36728E-20 1.24564E-20 1.68791E-20 4.08043E-21 5.05146E-21
 5.01238E+03 3.24249E-19 0.00000E+00 0.00000E+00 0.00000E+00 0.00000E+00 1.38088E-20 2.02953E-20 5.18406E-20 6.95451E-20 9.44651E-20 4.90081E-21 6.22553E-21 1.36342E-20 1.24096E-20 1.68140E-20 4.05819E-21 5.02369E-21
 5.01977E+03 3.22908E-19 0.00000E+00 0.00000E+00 0.00000E+00 0.00000E+00 1.35984E-20 2.02601E-20 5.17040E-20 6.92546E-20 9.40595E-20 4.88907E-21 6.21058E-21 1.35953E-20 1.23631E-20 1.67490E-20 4.03606E-21 4.99607E-21
 5.03459E+03 3.20855E-19 0.00000E+00 0.00000E+00 0.00000E+00 0.00000E+00 1.38009E-20 2.01897E-20 5.14265E-20 6.86771E-20 9.32535E-20 4.86534E-21 6.18078E-21 1.35168E-20 1.22705E-20 1.66198E-20 3.99217E-21 4.94129E-21
 5.06435E+03 3.16248E-19 0.00000E+00 0.00000E+00 0.00000E+00 0.00000E+00 1.36520E-20 2.00497E-20 5.08760E-20 6.75365E-20 9.16621E-20 4.81796E-21 6.12163E-21 1.33611E-20 1.20873E-20 1.63644E-20 3.90581E-21 4.83353E-21
 5.12441E+03 3.07367E-19 0.00000E+00 0.00000E+00 0.00000E+00 0.00000E+00 1.34832E-20 1.97727E-20 4.97925E-20 6.53119E-20 8.85603E-20 4.72458E-21 6.00501E-21 1.30549E-20 1.17293E-20 1.58652E-20 3.73866E-21 4.62501E-21
 5.24667E+03 2.90318E-19 0.00000E+00 0.00000E+00 0.00000E+00 0.00000E+00 1.30714E-20 1.92300E-20 4.76943E-20 6.10801E-20 8.26681E-20 4.54320E-21 5.77839E-21 1.24636E-20 1.10446E-20 1.49121E-20 3.42551E-21 4.23456E-21
 5.50000E+03 2.59121E-19 0.00000E+00 0.00000E+00 0.00000E+00 0.00000E+00 1.22886E-20 1.81284E-20 4.37594E-20 5.34184E-20 7.20334E-20 4.20107E-21 5.35049E-21 1.13600E-20 9.79282E-21 1.31741E-20 2.87552E-21 3.54954E-21
 6.00000E+03 2.09553E-19 0.00000E+00 0.00000E+00 0.00000E+00 0.00000E+00 1.09151E-20 1.61326E-20 3.71367E-20 4.15239E-20 5.56146E-20 3.62761E-21 4.62141E-21 9.53985E-21 7.80027E-21 1.04238E-20 2.07234E-21 2.55095E-21
 7.00000E+03 1.43252E-19 0.00000E+00 0.00000E+00 0.00000E+00 0.00000E+00 8.73958E-21 1.28518E-20 2.74389E-20 2.62916E-20 3.47959E-20 2.78149E-21 3.52757E-21 6.94229E-21 5.14792E-21 6.79851E-21 1.14742E-21 1.40550E-21
 8.00000E+03 1.02643E-19 0.00000E+00 0.00000E+00 0.00000E+00 0.00000E+00 7.12788E-21 1.03586E-20 2.08597E-20 1.75098E-20 2.29363E-20 2.19761E-21 2.76288E-21 5.22517E-21 3.54742E-21 4.63621E-21 6.80285E-22 8.29536E-22
 9.00000E+03 7.62967E-20 0.00000E+00 0.00000E+00 0.00000E+00 0.00000E+00 5.90681E-21 8.45279E-21 1.62323E-20 1.21419E-20 1.57599E-20 1.77805E-21 2.21029E-21 4.04004E-21 2.53081E-21 3.27696E-21 4.25579E-22 5.16827E-22
 1.00000E+04 5.84094E-20 0.00000E+00 0.00000E+00 0.00000E+00 0.00000E+00 4.96378E-21 6.98013E-21 1.28817E-20 8.70223E-21 1.12020E-20 1.46649E-21 1.79968E-21 3.19279E-21 1.85794E-21 2.38539E-21 2.78083E-22 3.36398E-22
 1.10000E+04 4.58080E-20 0.00000E+00 0.00000E+00 0.00000E+00 0.00000E+00 4.22200E-21 5.82824E-21 1.03950E-20 6.41032E-21 8.18901E-21 1.22888E-21 1.48740E-21 2.56965E-21 1.39703E-21 1.77967E-21 1.88337E-22 2.27039E-22
 1.25000E+04 3.30046E-20 0.00000E+00 0.00000E+00 0.00000E+00 0.00000E+00 3.37660E-21 4.53080E-21 7.73721E-21 4.22755E-21 5.34424E-21 9.66006E-22 1.14420E-21 1.90847E-21 9.45493E-22 1.19168E-21 1.10950E-22 1.33080E-22
 1.40000E+04 2.46400E-20 0.00000E+00 0.00000E+00 0.00000E+00 0.00000E+00 2.75437E-21 3.59256E-21 5.91338E-21 2.90568E-21 3.63831E-21 7.77792E-22 9.01090E-22 1.45748E-21 6.64014E-22 8.28799E-22 6.89804E-23 8.23626E-23
 1.50000E+04 2.06090E-20 0.00000E+00 0.00000E+00 0.00000E+00 0.00000E+00 2.42733E-21 3.10754E-21 5.00486E-21 2.30654E-21 2.87112E-21 6.80625E-22 7.76948E-22 1.23356E-21 5.33724E-22 6.62184E-22 5.15127E-23 6.13250E-23
 1.58740E+04 1.77774E-20 0.00000E+00 0.00000E+00 0.00000E+00 0.00000E+00 2.18316E-21 2.75221E-21 4.35562E-21 1.90347E-21 2.35760E-21 6.09102E-22 6.86045E-22 1.07287E-21 4.44724E-22 5.48970E-22 4.04259E-23 4.80081E-23
 1.58740E+04 4.14383E-20 0.00000E+00 0.00000E+00 0.00000E+00 2.36609E-20 2.18316E-21 2.75221E-21 4.35561E-21 1.90347E-21 2.35760E-21 6.09102E-22 6.86045E-22 1.07287E-21 4.44724E-22 5.48970E-22 4.04259E-23 4.80081E-23
 1.58861E+04 4.34192E-20 0.00000E+00 0.00000E+00 0.00000E+00 2.56770E-20 2.18004E-21 2.74771E-21 4.34748E-21 1.89856E-21 2.35135E-21 6.08193E-22 6.84897E-22 1.07085E-21 4.43634E-22 5.47587E-22 4.02943E-23 4.78503E-23
 1.58982E+04 4.28867E-20 0.00000E+00 0.00000E+00 0.00000E+00 2.51796E-20 2.17693E-21 2.74323E-21 4.33936E-21 1.89366E-21 2.34513E-21 6.07285E-22 6.83751E-22 1.06884E-21 4.42546E-22 5.46207E-22 4.01632E-23 4.76929E-23
 1.59103E+04 4.26192E-20 0.00000E+00 0.00000E+00 0.00000E+00 2.49471E-20 2.17383E-21 2.73875E-21 4.33125E-21 1.88877E-21 2.33892E-21 6.06378E-22 6.82608E-22 1.06684E-21 4.41461E-22 5.44831E-22 4.00324E-23 4.75361E-23
 1.59224E+04 4.27228E-20 0.00000E+00 0.00000E+00 0.00000E+00 2.50857E-20 2.17073E-21 2.73428E-21 4.32316E-21 1.88389E-21 2.33273E-21 6.05473E-22 6.81466E-22 1.06484E-21 4.40379E-22 5.43458E-22 3.99021E-23 4.73798E-23
 1.59710E+04 4.24722E-20 0.00000E+00 0.00000E+00 0.00000E+00 2.49742E-20 2.15837E-21 2.71647E-21 4.29095E-21 1.86452E-21 2.30812E-21 6.01865E-22 6.76917E-22 1.05687E-21 4.36077E-22 5.38002E-22 3.93851E-23 4.67597E-23
 1.60687E+04 4.18741E-20 0.00000E+00 0.00000E+00 0.00000E+00 2.46509E-20 2.13386E-21 2.68120E-21 4.22724E-21 1.82638E-21 2.25969E-21 5.94714E-22 6.67910E-22 1.04110E-21 4.27598E-22 5.27253E-22 3.83711E-23 4.55438E-23
 1.62658E+04 4.05688E-20 0.00000E+00 0.00000E+00 0.00000E+00 2.38826E-20 2.08568E-21 2.61162E-21 4.10223E-21 1.75241E-21 2.16584E-21 5.80664E-22 6.50254E-22 1.01028E-21 4.11132E-22 5.06395E-22 3.64208E-23 4.32060E-23
 1.66672E+04 3.80257E-20 0.00000E+00 0.00000E+00 0.00000E+00 2.23658E-20 1.99256E-21 2.47601E-21 3.86053E-21 1.61334E-21 1.98969E-21 5.53554E-22 6.16329E-22 9.51347E-22 3.80077E-22 4.67122E-22 3.28124E-23 3.88842E-23
 1.75000E+04 3.33652E-20 0.00000E+00 0.00000E+00 0.00000E+00 1.95645E-20 1.81861E-21 2.22556E-21 3.41902E-21 1.36741E-21 1.67919E-21 5.03072E-22 5.53698E-22 8.43590E-22 3.24828E-22 3.97477E-22 2.66322E-23 3.14936E-23
 1.90860E+04 2.63785E-20 0.00000E+00 0.00000E+00 0.00000E+00 1.53870E-20 1.53923E-21 1.83210E-21 2.74302E-21 1.01405E-21 1.23537E-21 4.23133E-22 4.55147E-22 6.77635E-22 2.44172E-22 2.96394E-22 1.82798E-23 2.15314E-23
 1.90860E+04 3.56368E-20 0.00000E+00 0.00000E+00 9.25826E-21 1.53870E-20 1.53923E-21 1.83209E-21 2.74302E-21 1.01405E-21 1.23537E-21 4.23133E-22 4.55147E-22 6.77635E-22 2.44172E-22 2.96394E-22 1.82798E-23 2.15314E-23
 1.90977E+04 3.70460E-20 0.00000E+00 0.00000E+00 1.07113E-20 1.53607E-20 1.53742E-21 1.82958E-21 2.73875E-21 1.01191E-21 1.23269E-21 4.22616E-22 4.54517E-22 6.76586E-22 2.43679E-22 2.95779E-22 1.82313E-23 2.14736E-23
 1.91094E+04 3.68077E-20 0.00000E+00 0.00000E+00 1.05169E-20 1.53345E-20 1.53561E-21 1.82706E-21 2.73449E-21 1.00977E-21 1.23002E-21 4.22099E-22 4.53887E-22 6.75539E-22 2.43188E-22 2.95166E-22 1.81828E-23 2.14160E-23
 1.91211E+04 3.66746E-20 0.00000E+00 0.00000E+00 1.04274E-20 1.53083E-20 1.53380E-21 1.82455E-21 2.73024E-21 1.00764E-21 1.22735E-21 4.21583E-22 4.53259E-22 6.74493E-22 2.42698E-22 2.94555E-22 1.81345E-23 2.13585E-23
 1.91329E+04 3.66881E-20 0.00000E+00 0.00000E+00 1.04846E-20 1.52821E-20 1.53199E-21 1.82204E-21 2.72599E-21 1.00552E-21 1.22469E-21 4.21067E-22 4.52631E-22 6.73449E-22 2.42209E-22 2.93944E-22 1.80863E-23 2.13011E-23
 1.91799E+04 3.65037E-20 0.00000E+00 0.00000E+00 1.04740E-20 1.51780E-20 1.52478E-21 1.81205E-21 2.70906E-21 9.97051E-22 1.21411E-21 4.19011E-22 4.50129E-22 6.69290E-22 2.40262E-22 2.91515E-22 1.78949E-23 2.10733E-23
 1.92742E+04 3.60747E-20 0.00000E+00 0.00000E+00 1.03891E-20 1.49719E-20 1.51046E-21 1.79222E-21 2.67551E-21 9.80335E-22 1.19322E-21 4.14930E-22 4.45166E-22 6.61047E-22 2.36414E-22 2.86717E-22 1.75181E-23 2.06250E-23
 1.94643E+04 3.51750E-20 0.00000E+00 0.00000E+00 1.01637E-20 1.45679E-20 1.48221E-21 1.75321E-21 2.60965E-21 9.47740E-22 1.15250E-21 4.06886E-22 4.35404E-22 6.44866E-22 2.28904E-22 2.77356E-22 1.67881E-23 1.97567E-23
 1.98500E+04 3.34166E-20 0.00000E+00 0.00000E+00 9.70042E-21 1.37924E-20 1.42731E-21 1.67772E-21 2.48277E-21 8.85765E-22 1.07520E-21 3.91262E-22 4.16518E-22 6.13682E-22 2.14591E-22 2.59541E-22 1.54181E-23 1.81283E-23
 1.98500E+04 3.90866E-20 0.00000E+00 5.66998E-21 9.70042E-21 1.37924E-20 1.42731E-21 1.67772E-21 2.48277E-21 8.85765E-22 1.07520E-21 3.91262E-22 4.16518E-22 6.13682E-22 2.14591E-22 2.59541E-22 1.54181E-23 1.81283E-23
 1.98687E+04 3.85315E-20 0.00000E+00 5.19729E-21 9.67843E-21 1.37563E-20 1.42473E-21 1.67418E-21 2.47684E-21 8.82897E-22 1.07162E-21 3.90528E-22 4.15633E-22 6.12225E-22 2.13927E-22 2.58717E-22 1.53553E-23 1.80536E-23
 1.98874E+04 3.85235E-20 0.00000E+00 5.27140E-21 9.65649E-21 1.37202E-20 1.42215E-21 1.67065E-21 2.47093E-21 8.80038E-22 1.06806E-21 3.89795E-22 4.14750E-22 6.10772E-22 2.13266E-22 2.57894E-22 1.52928E-23 1.79793E-23
 1.99249E+04 3.83280E-20 0.00000E+00 5.23967E-21 9.61270E-21 1.36484E-20 1.41701E-21 1.66362E-21 2.45915E-21 8.74349E-22 1.06097E-21 3.88334E-22 4.12990E-22 6.07875E-22 2.11949E-22 2.56258E-22 1.51684E-23 1.78316E-23
 2.00000E+04 3.79720E-20 0.00000E+00 5.21028E-21 9.52428E-21 1.35058E-20 1.40679E-21 1.64963E-21 2.43575E-21 8.63071E-22 1.04693E-21 3.85429E-22 4.09492E-22 6.02124E-22 2.09341E-22 2.53015E-22 1.49226E-23 1.75396E-23
 2.20000E+04 2.98458E-20 0.00000E+00 4.42684E-21 7.52446E-21 1.03185E-20 1.16701E-21 1.32489E-21 1.90273E-21 6.18997E-22 7.44146E-22 3.17862E-22 3.28657E-22 4.71191E-22 1.52240E-22 1.82334E-22 9.82979E-24 1.15001E-23
 2.50000E+04 2.15362E-20 0.00000E+00 3.53046E-21 5.44592E-21 7.15246E-21 9.04174E-22 9.80737E-22 1.35773E-21 3.94432E-22 4.68332E-22 2.44607E-22 2.43285E-22 3.37154E-22 9.86998E-23 1.16741E-22 5.58789E-24 6.49475E-24
 3.00000E+04 1.34382E-20 0.00000E+00 2.51495E-21 3.38740E-21 4.20141E-21 6.22917E-22 6.30712E-22 8.29211E-22 2.05607E-22 2.39663E-22 1.67185E-22 1.56670E-22 2.06827E-22 5.25994E-23 6.10688E-23 2.47628E-24 2.85020E-24
 3.50000E+04 8.97730E-21 0.00000E+00 1.86317E-21 2.24522E-21 2.65815E-21 4.51106E-22 4.29685E-22 5.40987E-22 1.17674E-22 1.34946E-22 1.20421E-22 1.06954E-22 1.35480E-22 3.06066E-23 3.49576E-23 1.23705E-24 1.41142E-24
 4.00000E+04 6.31082E-21 0.00000E+00 1.42406E-21 1.56230E-21 1.77822E-21 3.39221E-22 3.05963E-22 3.71077E-22 7.22193E-23 8.16211E-23 9.02039E-23 7.63286E-23 9.32592E-23 1.90306E-23 2.14192E-23 6.75934E-25 7.65068E-25
 4.50000E+04 4.61523E-21 0.00000E+00 1.11617E-21 1.12970E-21 1.24258E-21 2.62715E-22 2.25622E-22 2.64751E-22 4.68015E-23 5.21950E-23 6.96599E-23 5.64107E-23 6.67467E-23 1.24629E-23 1.38422E-23 3.95899E-25 4.44831E-25
 5.00000E+04 3.48347E-21 0.00000E+00 8.93206E-22 8.42748E-22 8.99229E-22 2.08348E-22 1.71169E-22 1.94993E-22 3.16800E-23 3.49035E-23 5.51249E-23 4.28871E-23 4.92984E-23 8.51032E-24 9.33789E-24 2.45064E-25 2.73525E-25
 5.50000E+04 2.69796E-21 0.00000E+00 7.27370E-22 6.45097E-22 6.69761E-22 1.68491E-22 1.32947E-22 1.47437E-22 2.22224E-23 2.42120E-23 4.45053E-23 3.33780E-23 3.73692E-23 6.01417E-24 6.52557E-24 1.58711E-25 1.76067E-25
 6.00000E+04 2.13495E-21 0.00000E+00 6.01203E-22 5.04612E-22 5.11016E-22 1.38511E-22 1.05331E-22 1.13970E-22 1.60599E-23 1.73175E-23 3.65387E-23 2.64942E-23 2.89521E-23 4.37431E-24 4.69739E-24 1.06745E-25 1.17714E-25
 7.00000E+04 1.40812E-21 0.00000E+00 4.26158E-22 3.25522E-22 3.15422E-22 9.74246E-23 6.94104E-23 7.18783E-23 9.01817E-24 9.54350E-24 2.56521E-23 1.75174E-23 1.83307E-23 2.48172E-24 2.61591E-24 5.28434E-26 5.76649E-26
 8.00000E+04 9.80633E-22 0.00000E+00 3.14308E-22 2.22068E-22 2.07094E-22 7.14918E-23 4.81639E-23 4.80038E-23 5.46354E-24 5.68847E-24 1.88009E-23 1.21903E-23 1.22817E-23 1.51581E-24 1.57196E-24 2.87659E-26 3.10931E-26
 9.00000E+04 7.12174E-22 0.00000E+00 2.39218E-22 1.58232E-22 1.42650E-22 5.42283E-23 3.48008E-23 3.35275E-23 3.51097E-24 3.60287E-24 1.42492E-23 8.82987E-24 8.60117E-24 9.80394E-25 1.00222E-24 1.68493E-26 1.80578E-26
 1.00000E+05 5.34753E-22 0.00000E+00 1.86784E-22 1.16746E-22 1.02105E-22 4.22449E-23 2.59779E-23 2.42754E-23 2.36482E-24 2.39564E-24 1.10940E-23 6.60534E-24 6.24201E-24 6.63785E-25 6.69972E-25 1.04621E-26 1.11271E-26
 1.06759E+05 4.47522E-22 0.00000E+00 1.59931E-22 9.66352E-23 8.29383E-23 3.61326E-23 2.16494E-23 1.98502E-23 1.85101E-24 1.86057E-24 9.48628E-24 5.51177E-24 5.11108E-24 5.21165E-25 5.21931E-25 7.79472E-27 8.25062E-27
 1.06759E+05 2.06762E-21 1.62009E-21 1.59931E-22 9.66352E-23 8.29383E-23 3.61326E-23 2.16494E-23 1.98502E-23 1.85101E-24 1.86057E-24 9.48628E-24 5.51177E-24 5.11108E-24 5.21165E-25 5.21931E-25 7.79472E-27 8.25062E-27
 1.06859E+05 1.96386E-21 1.51747E-21 1.59576E-22 9.63745E-23 8.26923E-23 3.60520E-23 2.15931E-23 1.97932E-23 1.84454E-24 1.85387E-24 9.46508E-24 5.49753E-24 5.09650E-24 5.19366E-25 5.20072E-25 7.76200E-27 8.21544E-27
 1.06959E+05 1.95869E-21 1.51344E-21 1.59223E-22 9.61145E-23 8.24470E-23 3.59716E-23 2.15370E-23 1.97364E-23 1.83810E-24 1.84718E-24 9.44393E-24 5.48333E-24 5.08196E-24 5.17574E-25 5.18219E-25 7.72943E-27 8.18040E-27
 1.07159E+05 1.95016E-21 1.50716E-21 1.58518E-22 9.55966E-23 8.19586E-23 3.58112E-23 2.14251E-23 1.96232E-23 1.82527E-24 1.83389E-24 9.40177E-24 5.45504E-24 5.05301E-24 5.14009E-25 5.14534E-25 7.66469E-27 8.11078E-27
 1.07560E+05 1.93215E-21 1.49363E-21 1.57118E-22 9.45692E-23 8.09904E-23 3.54927E-23 2.12030E-23 1.93988E-23 1.79990E-24 1.80758E-24 9.31801E-24 5.39890E-24 4.99561E-24 5.06951E-25 5.07243E-25 7.53683E-27 7.97330E-27
 1.08367E+05 1.89568E-21 1.46599E-21 1.54355E-22 9.25473E-23 7.90883E-23 3.48642E-23 2.07658E-23 1.89576E-23 1.75019E-24 1.75610E-24 9.15272E-24 5.28834E-24 4.88275E-24 4.93125E-25 4.92969E-25 7.28748E-27 7.70530E-27
 1.10000E+05 1.82566E-21 1.41306E-21 1.48973E-22 8.86322E-23 7.54170E-23 3.36404E-23 1.99182E-23 1.81051E-23 1.65486E-24 1.65749E-24 8.83089E-24 5.07397E-24 4.66462E-24 4.66594E-25 4.65614E-25 6.81326E-27 7.19602E-27
 1.25000E+05 1.31877E-21 1.02737E-21 1.09651E-22 6.12379E-23 5.02246E-23 2.47246E-23 1.39325E-23 1.22029E-23 1.02686E-24 1.01314E-24 6.48796E-24 3.55770E-24 3.15177E-24 2.91095E-25 2.86202E-25 3.84619E-27 4.02550E-27
 1.40000E+05 9.85842E-22 7.71673E-22 8.33546E-23 4.41348E-23 3.50392E-23 1.87805E-23 1.01430E-23 8.59645E-24 6.74056E-25 6.56630E-25 4.92712E-24 2.59516E-24 2.22487E-24 1.91895E-25 1.86307E-25 2.32753E-27 2.41714E-27
 1.50000E+05 8.25076E-22 6.47460E-22 7.04738E-23 3.61688E-23 2.81542E-23 1.58739E-23 8.36002E-24 6.94541E-24 5.22243E-25 5.05035E-25 4.16419E-24 2.14141E-24 1.79967E-24 1.49037E-25 1.43641E-25 1.71948E-27 1.77734E-27
 1.75000E+05 5.53564E-22 4.36486E-22 4.83425E-23 2.32193E-23 1.73021E-23 1.08866E-23 5.43026E-24 4.31654E-24 2.96542E-25 2.82363E-25 2.85562E-24 1.39434E-24 1.12119E-24 8.50434E-26 8.07278E-26 8.79056E-28 9.00492E-28
 2.00000E+05 3.91620E-22 3.09844E-22 3.48341E-23 1.58558E-23 1.13841E-23 7.84582E-24 3.74208E-24 2.86464E-24 1.82627E-25 1.71891E-25 2.05803E-24 9.62673E-25 7.45480E-25 5.25707E-26 4.93298E-26 4.96736E-28 5.05392E-28
 2.20000E+05 3.06072E-22 2.42669E-22 2.75660E-23 1.20994E-23 8.46423E-24 6.21034E-24 2.87246E-24 2.14173E-24 1.29677E-25 1.21181E-25 1.62909E-24 7.39872E-25 5.58040E-25 3.74254E-26 3.48663E-26 3.32310E-28 3.36882E-28
 2.50000E+05 2.20281E-22 1.75090E-22 2.01524E-23 8.44523E-24 5.71062E-24 4.54212E-24 2.01940E-24 1.45469E-24 8.24128E-26 7.63930E-26 1.19158E-24 5.20960E-25 3.79589E-25 2.38513E-26 2.20467E-26 1.95693E-28 1.97688E-28
 3.00000E+05 1.38542E-22 1.10469E-22 1.29291E-23 5.09549E-24 3.28998E-24 2.91610E-24 1.22939E-24 8.44897E-25 4.37132E-26 4.02295E-26 7.65113E-25 3.17761E-25 2.20874E-25 1.26983E-26 1.16542E-26 9.35330E-29 9.44012E-29
 3.50000E+05 9.42648E-23 7.53504E-23 8.92389E-24 3.35249E-24 2.08679E-24 2.01382E-24 8.14012E-25 5.38950E-25 2.59350E-26 2.38126E-26 5.28431E-25 2.10699E-25 1.41074E-25 7.55161E-27 6.91632E-27 5.11945E-29 5.18196E-29
 4.00000E+05 6.79741E-23 5.44478E-23 6.50263E-24 2.35023E-24 1.42020E-24 1.46795E-24 5.73372E-25 3.68292E-25 1.66838E-26 1.53414E-26 3.85222E-25 1.48566E-25 9.64950E-26 4.86840E-27 4.46476E-27 3.08074E-29 3.13689E-29
 4.50000E+05 5.12407E-23 4.11184E-23 4.93993E-24 1.72927E-24 1.01975E-24 1.11542E-24 4.23408E-25 2.65258E-25 1.14207E-26 1.05377E-26 2.92721E-25 1.09797E-25 6.95463E-26 3.33734E-27 3.07136E-27 1.99393E-29 2.04680E-29
 5.00000E+05 3.99963E-23 3.21467E-23 3.87826E-24 1.32166E-24 7.63611E-25 8.75793E-25 3.24518E-25 1.99088E-25 8.20560E-27 7.61061E-27 2.29840E-25 8.42082E-26 5.22251E-26 2.40055E-27 2.22024E-27 1.36676E-29 1.41644E-29
 5.50000E+05 3.21044E-23 2.58405E-23 3.12662E-24 1.04150E-24 5.91383E-25 7.06074E-25 2.56310E-25 1.54455E-25 6.12623E-27 5.71766E-27 1.85299E-25 6.65426E-26 4.05345E-26 1.79408E-27 1.66991E-27 9.79602E-30 1.02658E-29
 6.00000E+05 2.63651E-23 2.12483E-23 2.57615E-24 8.41572E-25 4.70768E-25 5.81746E-25 2.07491E-25 1.23122E-25 4.72202E-27 4.43612E-27 1.52669E-25 5.38888E-26 3.23208E-26 1.38420E-27 1.29662E-27 7.26967E-30 7.70905E-30
 7.00000E+05 1.87634E-23 1.51550E-23 1.84155E-24 5.83138E-25 3.18284E-25 4.15791E-25 1.44161E-25 8.33999E-26 3.02512E-27 2.88160E-27 1.09110E-25 3.74648E-26 2.19029E-26 8.87510E-28 8.42915E-28 4.39330E-30 4.76393E-30
 8.00000E+05 1.41032E-23 1.14110E-23 1.38775E-24 4.29379E-25 2.29814E-25 3.13251E-25 1.06343E-25 6.02888E-26 2.08984E-27 2.01878E-27 8.21967E-26 2.76480E-26 1.58382E-26 6.13881E-28 5.91065E-28 2.89370E-30 3.20854E-30
 9.00000E+05 1.10398E-23 8.94511E-24 1.08790E-24 3.30864E-25 1.74242E-25 2.45498E-25 8.20522E-26 4.57460E-26 1.52851E-27 1.49573E-27 6.44138E-26 2.13383E-26 1.20194E-26 4.49184E-28 4.38293E-28 2.03010E-30 2.30171E-30
 1.00000E+06 8.91598E-24 7.23253E-24 8.79276E-25 2.64050E-25 1.37153E-25 1.98363E-25 6.55437E-26 3.60267E-26 1.16823E-27 1.15681E-27 5.20426E-26 1.70486E-26 9.46672E-27 3.43435E-28 3.38984E-28 1.49878E-30 1.73064E-30
 1.10000E+06 7.38067E-24 5.99265E-24 7.28086E-25 2.16653E-25 1.11194E-25 1.64210E-25 5.38140E-26 2.92164E-26 9.23704E-28 9.24746E-28 4.30788E-26 1.40003E-26 7.67772E-27 2.71585E-28 2.71068E-28 1.15615E-30 1.35690E-30
 1.25000E+06 5.76410E-24 4.68508E-24 5.68569E-25 1.67702E-25 8.47497E-26 1.28184E-25 4.16848E-26 2.22728E-26 6.82447E-28 6.93202E-28 3.36244E-26 1.08464E-26 5.85338E-27 2.00871E-28 2.03323E-28 8.22834E-31 9.92417E-31
 1.40000E+06 4.65684E-24 3.78802E-24 4.59133E-25 1.34815E-25 6.72332E-26 1.03474E-25 3.35274E-26 1.76705E-26 5.28341E-28 5.43226E-28 2.71403E-26 8.72477E-27 4.64379E-27 1.55566E-28 1.59371E-28 6.15927E-31 7.59812E-31
 1.50000E+06 4.10057E-24 3.33685E-24 4.04104E-25 1.18508E-25 5.86362E-26 9.10530E-26 2.94794E-26 1.54108E-26 4.54686E-28 4.70776E-28 2.38811E-26 7.67141E-27 4.04991E-27 1.33899E-28 1.38113E-28 5.23149E-31 6.52546E-31
 1.75000E+06 3.10802E-24 2.53088E-24 3.05866E-25 8.97862E-26 4.36678E-26 6.88851E-26 2.23436E-26 1.14747E-26 3.29741E-28 3.46452E-28 1.80647E-26 5.81490E-27 3.01535E-27 9.70710E-29 1.01638E-28 3.64436E-31 4.68813E-31
 2.00000E+06 2.46385E-24 2.00710E-24 2.42092E-25 7.13987E-26 3.42273E-26 5.45005E-26 1.77708E-26 8.99173E-27 2.53284E-28 2.69225E-28 1.42908E-26 4.62512E-27 2.36282E-27 7.46247E-29 7.90146E-29 2.72351E-31 3.56733E-31
 2.20000E+06 2.09599E-24 1.70822E-24 2.05643E-25 6.06434E-26 2.90589E-26 4.62049E-26 1.50653E-26 7.62204E-27 2.14687E-28 2.28195E-28 1.21097E-26 3.91917E-27 2.00212E-27 6.32308E-29 6.69501E-29 2.30758E-31 3.02252E-31
 2.50000E+06 1.69668E-24 1.38366E-24 1.66118E-25 4.89822E-26 2.34587E-26 3.72352E-26 1.21400E-26 6.14132E-27 1.72966E-28 1.83844E-28 9.75308E-27 3.15639E-27 1.61240E-27 5.09209E-29 5.39158E-29 1.85823E-31 2.43396E-31
 3.00000E+06 1.26857E-24 1.03561E-24 1.23735E-25 3.64799E-26 1.74595E-26 2.76518E-26 9.01491E-27 4.55972E-27 1.28407E-28 1.36479E-28 7.23746E-27 2.34219E-27 1.19643E-27 3.77824E-29 4.00044E-29 1.37868E-31 1.80582E-31
 3.50000E+06 1.00149E-24 8.18498E-25 9.72564E-26 2.86705E-26 1.37151E-26 2.16865E-26 7.06979E-27 3.57548E-27 1.00682E-28 1.07009E-28 5.67300E-27 1.83586E-27 9.37763E-28 2.96128E-29 3.13541E-29 1.08052E-31 1.41528E-31
 4.00000E+06 8.21541E-25 6.72232E-25 7.93905E-26 2.34019E-26 1.11906E-26 1.76728E-26 5.76111E-27 2.91338E-27 8.20333E-29 8.71863E-29 4.62110E-27 1.49543E-27 7.63851E-28 2.41204E-29 2.55386E-29 8.80071E-32 1.15273E-31
 4.50000E+06 6.93271E-25 5.67979E-25 6.66457E-26 1.96439E-26 9.39079E-27 1.48159E-26 4.82966E-27 2.44218E-27 6.87624E-29 7.30807E-29 3.87278E-27 1.25325E-27 6.40138E-28 2.02134E-29 2.14018E-29 7.37496E-32 9.65986E-32
 5.00000E+06 5.97827E-25 4.90395E-25 5.71630E-26 1.68480E-26 8.05228E-27 1.26940E-26 4.13788E-27 2.09226E-27 5.89077E-29 6.26065E-29 3.31724E-27 1.07346E-27 5.48298E-28 1.73131E-29 1.83310E-29 6.31663E-32 8.27362E-32
 5.50000E+06 5.24365E-25 4.30662E-25 4.98709E-26 1.46982E-26 7.02339E-27 1.10647E-26 3.60672E-27 1.82361E-27 5.13420E-29 5.45653E-29 2.89083E-27 9.35466E-28 4.77808E-28 1.50871E-29 1.59741E-29 5.50436E-32 7.20969E-32
 6.00000E+06 4.66294E-25 3.83428E-25 4.41127E-26 1.30006E-26 6.21120E-27 9.77981E-27 3.18782E-27 1.61174E-27 4.53761E-29 4.82244E-29 2.55464E-27 8.26670E-28 4.22234E-28 1.33322E-29 1.41159E-29 4.86400E-32 6.37094E-32
 7.00000E+06 3.80673E-25 3.13733E-25 3.56465E-26 1.05050E-26 5.01753E-27 7.89338E-27 2.57286E-27 1.30074E-27 3.66188E-29 3.89169E-29 2.06126E-27 6.67006E-28 3.40678E-28 1.07568E-29 1.13891E-29 3.92432E-32 5.14013E-32
 8.00000E+06 3.20870E-25 2.64993E-25 2.97631E-26 8.77076E-27 4.18838E-27 6.58459E-27 2.14622E-27 1.08500E-27 3.05441E-29 3.24607E-29 1.71909E-27 5.56279E-28 2.84120E-28 8.97088E-30 9.49820E-30 3.27270E-32 4.28663E-32
 9.00000E+06 2.76909E-25 2.29113E-25 2.54636E-26 7.50351E-27 3.58265E-27 5.62937E-27 1.83484E-27 9.27551E-28 2.61111E-29 2.77493E-29 1.46944E-27 4.75492E-28 2.42856E-28 7.66789E-30 8.11861E-30 2.79731E-32 3.66395E-32
 1.00000E+07 2.43314E-25 2.01653E-25 2.21987E-26 6.54124E-27 3.12280E-27 4.90474E-27 1.59863E-27 8.08120E-28 2.27486E-29 2.41757E-29 1.28011E-27 4.14223E-28 2.11561E-28 6.67975E-30 7.07237E-30 2.43679E-32 3.19174E-32
 1.10000E+07 2.16851E-25 1.79991E-25 1.96433E-26 5.78813E-27 2.76297E-27 4.33807E-27 1.41392E-27 7.14729E-28 2.01193E-29 2.13813E-29 1.13207E-27 3.66320E-28 1.87094E-28 5.90718E-30 6.25439E-30 2.15494E-32 2.82256E-32
 1.25000E+07 1.85045E-25 1.53685E-25 1.67152E-26 4.92520E-27 2.35076E-27 3.68930E-27 1.20245E-27 6.07813E-28 1.71093E-29 1.81824E-29 9.62629E-28 3.11489E-28 1.59088E-28 5.02291E-30 5.31814E-30 1.83233E-32 2.40000E-32
 1.40000E+07 1.61113E-25 1.33873E-25 1.45211E-26 4.27860E-27 2.04193E-27 3.20355E-27 1.04412E-27 5.27770E-28 1.48559E-29 1.57876E-29 8.35792E-28 2.70445E-28 1.38125E-28 4.36100E-30 4.61732E-30 1.59085E-32 2.08372E-32
 1.50000E+07 1.48225E-25 1.23196E-25 1.33429E-26 3.93139E-27 1.87612E-27 2.94287E-27 9.59150E-28 4.84814E-28 1.36467E-29 1.45025E-29 7.67731E-28 2.48422E-28 1.26877E-28 4.00584E-30 4.24128E-30 1.46128E-32 1.91400E-32
 1.75000E+07 1.23332E-25 1.02562E-25 1.10742E-26 3.26289E-27 1.55692E-27 2.44125E-27 7.95654E-28 4.02162E-28 1.13200E-29 1.20298E-29 6.36788E-28 2.06051E-28 1.05236E-28 3.32254E-30 3.51782E-30 1.21201E-32 1.58750E-32
 2.00000E+07 1.05445E-25 8.77225E-26 9.45022E-27 2.78434E-27 1.32846E-27 2.08243E-27 6.78701E-28 3.43042E-28 9.65573E-30 1.02612E-29 5.43139E-28 1.75747E-28 8.97583E-29 2.83387E-30 3.00042E-30 1.03374E-32 1.35401E-32
 2.20000E+07 9.44164E-26 7.85680E-26 8.45157E-27 2.49007E-27 1.18800E-27 1.86191E-27 6.06825E-28 3.06709E-28 8.63298E-30 9.17427E-30 4.85591E-28 1.57126E-28 8.02476E-29 2.53359E-30 2.68249E-30 9.24198E-33 1.21052E-32
 2.50000E+07 8.15504E-26 6.78829E-26 7.28920E-27 2.14757E-27 1.02453E-27 1.60535E-27 5.23205E-28 2.64441E-28 7.44317E-30 7.90984E-30 4.18649E-28 1.35464E-28 6.91844E-29 2.18429E-30 2.31266E-30 7.96775E-33 1.04362E-32
 3.00000E+07 6.63773E-26 5.52740E-26 5.92229E-27 1.74482E-27 8.32321E-28 1.30382E-27 4.24930E-28 2.14766E-28 6.04491E-30 6.42388E-30 3.39984E-28 1.10010E-28 5.61840E-29 1.77383E-30 1.87808E-30 6.47044E-33 8.47505E-33
 3.50000E+07 5.59163E-26 4.65756E-26 4.98246E-27 1.46791E-27 7.00186E-28 1.09662E-27 3.57398E-28 1.80632E-28 5.08411E-30 5.40283E-30 2.85935E-28 9.25206E-29 4.72518E-29 1.49182E-30 1.57949E-30 5.44171E-33 7.12760E-33
 4.00000E+07 4.82792E-26 4.02226E-26 4.29773E-27 1.26617E-27 6.03929E-28 9.45724E-28 3.08218E-28 1.55775E-28 4.38443E-30 4.65928E-30 2.46577E-28 7.97855E-29 4.07477E-29 1.28647E-30 1.36207E-30 4.69263E-33 6.14645E-33
 4.50000E+07 4.24641E-26 3.53837E-26 3.77719E-27 1.11280E-27 5.30759E-28 8.31046E-28 2.70843E-28 1.36884E-28 3.85272E-30 4.09423E-30 2.16669E-28 7.01079E-29 3.58051E-29 1.13042E-30 1.19685E-30 4.12340E-33 5.40087E-33
 5.00000E+07 3.78915E-26 3.15776E-26 3.36838E-27 9.92354E-28 4.73298E-28 7.41006E-28 2.41498E-28 1.22052E-28 3.43525E-30 3.65058E-30 1.93188E-28 6.25100E-29 3.19247E-29 1.00791E-30 1.06714E-30 3.67651E-33 4.81552E-33
 5.50000E+07 3.42030E-26 2.85068E-26 3.03895E-27 8.95299E-28 4.26998E-28 6.68467E-28 2.17857E-28 1.10103E-28 3.09893E-30 3.29318E-30 1.74272E-28 5.63892E-29 2.87987E-29 9.09213E-31 9.62646E-31 3.31650E-33 4.34398E-33
 6.00000E+07 3.11658E-26 2.59778E-26 2.76793E-27 8.15450E-28 3.88908E-28 6.08798E-28 1.98410E-28 1.00275E-28 2.82228E-30 2.99919E-30 1.58712E-28 5.13546E-29 2.62274E-29 8.28034E-31 8.76695E-31 3.02037E-33 3.95611E-33
 7.00000E+07 2.64606E-26 2.20589E-26 2.34848E-27 6.91872E-28 3.29961E-28 5.16470E-28 1.68319E-28 8.50665E-29 2.39423E-30 2.54430E-30 1.34638E-28 4.35648E-29 2.22490E-29 7.02430E-31 7.43709E-31 2.56221E-33 3.35600E-33
 8.00000E+07 2.29861E-26 1.91644E-26 2.03908E-27 6.00721E-28 2.86483E-28 4.48383E-28 1.46129E-28 7.38515E-29 2.07857E-30 2.20886E-30 1.16885E-28 3.78206E-29 1.93154E-29 6.09809E-31 6.45645E-31 2.22435E-33 2.91348E-33
 9.00000E+07 2.03163E-26 1.69399E-26 1.80154E-27 5.30737E-28 2.53103E-28 3.96116E-28 1.29095E-28 6.52425E-29 1.83626E-30 1.95136E-30 1.03258E-28 3.34112E-29 1.70634E-29 5.38712E-31 5.70371E-31 1.96502E-33 2.57380E-33
 1.00000E+08 1.82010E-26 1.51771E-26 1.61346E-27 4.75327E-28 2.26676E-28 3.54739E-28 1.15610E-28 5.84271E-29 1.64444E-30 1.74751E-30 9.24706E-29 2.99206E-29 1.52808E-29 4.82431E-31 5.10781E-31 1.75972E-33 2.30490E-33
 1.10000E+08 1.64839E-26 1.37461E-26 1.46087E-27 4.30373E-28 2.05236E-28 3.21174E-28 1.04671E-28 5.28986E-29 1.48883E-30 1.58215E-30 8.37200E-29 2.70892E-29 1.38347E-29 4.36777E-31 4.62444E-31 1.59319E-33 2.08677E-33
 1.25000E+08 1.44397E-26 1.20422E-26 1.27931E-27 3.76885E-28 1.79726E-28 2.81240E-28 9.16563E-29 4.63211E-29 1.30371E-30 1.38542E-30 7.33094E-29 2.37206E-29 1.21143E-29 3.82462E-31 4.04938E-31 1.39507E-33 1.82728E-33
 1.40000E+08 1.28461E-26 1.07137E-26 1.13785E-27 3.35209E-28 1.59850E-28 2.50128E-28 8.15168E-29 4.11968E-29 1.15948E-30 1.23215E-30 6.51988E-29 2.10963E-29 1.07741E-29 3.40148E-31 3.60137E-31 1.24072E-33 1.62511E-33
 1.50000E+08 1.19656E-26 9.97963E-27 1.05971E-27 3.12188E-28 1.48871E-28 2.32944E-28 7.59166E-29 3.83665E-29 1.07982E-30 1.14750E-30 6.07192E-29 1.96468E-29 1.00338E-29 3.16777E-31 3.35393E-31 1.15548E-33 1.51345E-33
 1.75000E+08 1.02147E-26 8.51984E-27 9.04399E-28 2.66434E-28 1.27051E-28 1.98794E-28 6.47868E-29 3.27416E-29 9.21510E-31 9.79266E-31 5.18168E-29 1.67663E-29 8.56267E-30 2.70332E-31 2.86218E-31 9.86061E-34 1.29155E-33
 2.00000E+08 8.91055E-27 7.43240E-27 7.88771E-28 2.32370E-28 1.10806E-28 1.73370E-28 5.65013E-29 2.85543E-29 8.03656E-31 8.54026E-31 4.51896E-29 1.46219E-29 7.46752E-30 2.35757E-31 2.49611E-31 8.59944E-34 1.12636E-33
 2.20000E+08 8.08468E-27 6.74371E-27 7.15571E-28 2.10805E-28 1.00522E-28 1.57277E-28 5.12564E-29 2.59036E-29 7.29053E-31 7.74746E-31 4.09945E-29 1.32645E-29 6.77428E-30 2.13871E-31 2.26439E-31 7.80112E-34 1.02180E-33
 2.50000E+08 7.09777E-27 5.92070E-27 6.28122E-28 1.85043E-28 8.82370E-29 1.38052E-28 4.49910E-29 2.27372E-29 6.39934E-31 6.80042E-31 3.59832E-29 1.16430E-29 5.94617E-30 1.87726E-31 1.98758E-31 6.84747E-34 8.96887E-34
 3.00000E+08 5.89773E-27 4.91986E-27 5.21824E-28 1.53727E-28 7.33037E-29 1.14685E-28 3.73756E-29 1.88886E-29 5.31614E-31 5.64932E-31 2.98922E-29 9.67216E-30 4.93964E-30 1.55949E-31 1.65113E-31 5.68836E-34 7.45066E-34
 3.50000E+08 5.04471E-27 4.20840E-27 4.46289E-28 1.31475E-28 6.26924E-29 9.80811E-29 3.19645E-29 1.61539E-29 4.54648E-31 4.83142E-31 2.55644E-29 8.27181E-30 4.22447E-30 1.33370E-31 1.41208E-31 4.86479E-34 6.37194E-34
 4.00000E+08 4.40723E-27 3.67668E-27 3.89854E-28 1.14849E-28 5.47643E-29 8.56764E-29 2.79218E-29 1.41109E-29 3.97146E-31 4.22036E-31 2.23310E-29 7.22560E-30 3.69016E-30 1.16502E-31 1.23348E-31 4.24949E-34 5.56602E-34
 4.50000E+08 3.91277E-27 3.26424E-27 3.46087E-28 1.01956E-28 4.86161E-29 7.60568E-29 2.47868E-29 1.25265E-29 3.52554E-31 3.74650E-31 1.98237E-29 6.41430E-30 3.27582E-30 1.03421E-31 1.09498E-31 3.77235E-34 4.94105E-34
 5.00000E+08 3.51806E-27 2.93499E-27 3.11155E-28 9.16646E-29 4.37088E-29 6.83791E-29 2.22846E-29 1.12620E-29 3.16964E-31 3.36830E-31 1.78224E-29 5.76677E-30 2.94513E-30 9.29803E-32 9.84442E-32 3.39152E-34 4.44224E-34
 5.50000E+08 3.19568E-27 2.66607E-27 2.82627E-28 8.32604E-29 3.97013E-29 6.21092E-29 2.02413E-29 1.02293E-29 2.87901E-31 3.05944E-31 1.61882E-29 5.23798E-30 2.67507E-30 8.44543E-32 8.94173E-32 3.08053E-34 4.03491E-34
 6.00000E+08 2.92742E-27 2.44228E-27 2.58890E-28 7.62677E-29 3.63669E-29 5.68924E-29 1.85411E-29 9.37011E-30 2.63719E-31 2.80247E-31 1.48285E-29 4.79801E-30 2.45038E-30 7.73605E-32 8.19066E-32 2.82178E-34 3.69599E-34
 7.00000E+08 2.50658E-27 2.09122E-27 2.21658E-28 6.52992E-29 3.11366E-29 4.87097E-29 1.58744E-29 8.02242E-30 2.25788E-31 2.39939E-31 1.26957E-29 4.10791E-30 2.09794E-30 6.62336E-32 7.01258E-32 2.41592E-34 3.16439E-34
 8.00000E+08 2.19153E-27 1.82839E-27 1.93788E-28 5.70887E-29 2.72216E-29 4.25847E-29 1.38783E-29 7.01364E-30 1.97396E-31 2.09768E-31 1.10992E-29 3.59135E-30 1.83413E-30 5.79049E-32 6.13077E-32 2.11212E-34 2.76647E-34
 9.00000E+08 1.94682E-27 1.62425E-27 1.72143E-28 5.07123E-29 2.41811E-29 3.78280E-29 1.23281E-29 6.23021E-30 1.75347E-31 1.86336E-31 9.85942E-30 3.19019E-30 1.62925E-30 5.14368E-32 5.44595E-32 1.87619E-34 2.45745E-34
 1.00000E+09 1.75128E-27 1.46112E-27 1.54847E-28 4.56171E-29 2.17515E-29 3.40271E-29 1.10894E-29 5.60421E-30 1.57728E-31 1.67613E-31 8.86875E-30 2.86964E-30 1.46554E-30 4.62684E-32 4.89874E-32 1.68767E-34 2.21053E-34
