 ***  Photoelectric cross sections,  IZ = 15,  NSHELL =  4,  NDATA = 214
              0           1           2           3           4
 5.00000E+01 7.19864E-19 0.00000E+00 0.00000E+00 0.00000E+00 0.00000E+00
 5.24404E+01 7.15093E-19 0.00000E+00 0.00000E+00 0.00000E+00 0.00000E+00
 5.50000E+01 7.05517E-19 0.00000E+00 0.00000E+00 0.00000E+00 0.00000E+00
 5.74456E+01 6.93397E-19 0.00000E+00 0.00000E+00 0.00000E+00 0.00000E+00
 6.00000E+01 6.78081E-19 0.00000E+00 0.00000E+00 0.00000E+00 0.00000E+00
 6.23574E+01 6.62210E-19 0.00000E+00 0.00000E+00 0.00000E+00 0.00000E+00
 6.48074E+01 6.43809E-19 0.00000E+00 0.00000E+00 0.00000E+00 0.00000E+00
 6.73537E+01 6.25030E-19 0.00000E+00 0.00000E+00 0.00000E+00 0.00000E+00
 7.00000E+01 6.03995E-19 0.00000E+00 0.00000E+00 0.00000E+00 0.00000E+00
 7.23762E+01 5.85583E-19 0.00000E+00 0.00000E+00 0.00000E+00 0.00000E+00
 7.48331E+01 5.65952E-19 0.00000E+00 0.00000E+00 0.00000E+00 0.00000E+00
 7.73735E+01 5.46485E-19 0.00000E+00 0.00000E+00 0.00000E+00 0.00000E+00
 8.00000E+01 5.26345E-19 0.00000E+00 0.00000E+00 0.00000E+00 0.00000E+00
 8.23907E+01 5.08887E-19 0.00000E+00 0.00000E+00 0.00000E+00 0.00000E+00
 8.48528E+01 4.90822E-19 0.00000E+00 0.00000E+00 0.00000E+00 0.00000E+00
 9.00000E+01 4.56011E-19 0.00000E+00 0.00000E+00 0.00000E+00 0.00000E+00
 9.24021E+01 4.40932E-19 0.00000E+00 0.00000E+00 0.00000E+00 0.00000E+00
 9.48683E+01 4.25426E-19 0.00000E+00 0.00000E+00 0.00000E+00 0.00000E+00
 1.00000E+02 3.95843E-19 0.00000E+00 0.00000E+00 0.00000E+00 0.00000E+00
 1.10000E+02 3.45083E-19 0.00000E+00 0.00000E+00 0.00000E+00 0.00000E+00
 1.17260E+02 3.13055E-19 0.00000E+00 0.00000E+00 0.00000E+00 0.00000E+00
 1.25000E+02 2.83164E-19 0.00000E+00 0.00000E+00 0.00000E+00 0.00000E+00
 1.34000E+02 2.52547E-19 0.00000E+00 0.00000E+00 0.00000E+00 0.00000E+00
 1.34000E+02 1.41875E-18 0.00000E+00 0.00000E+00 0.00000E+00 1.16620E-18
 1.34249E+02 1.53328E-18 0.00000E+00 0.00000E+00 0.00000E+00 1.28151E-18
 1.34499E+02 1.65203E-18 0.00000E+00 0.00000E+00 0.00000E+00 1.40104E-18
 1.34749E+02 1.77234E-18 0.00000E+00 0.00000E+00 0.00000E+00 1.52212E-18
 1.35000E+02 1.89257E-18 0.00000E+00 0.00000E+00 0.00000E+00 1.64313E-18
 1.35000E+02 2.46717E-18 0.00000E+00 0.00000E+00 5.74594E-19 1.64313E-18
 1.35307E+02 2.68481E-18 0.00000E+00 0.00000E+00 6.44820E-19 1.79149E-18
 1.35615E+02 2.90182E-18 0.00000E+00 0.00000E+00 7.18172E-19 1.93608E-18
 1.35924E+02 3.11370E-18 0.00000E+00 0.00000E+00 7.91997E-19 2.07507E-18
 1.36233E+02 3.31870E-18 0.00000E+00 0.00000E+00 8.65640E-19 2.20736E-18
 1.36543E+02 3.51386E-18 0.00000E+00 0.00000E+00 9.37956E-19 2.33113E-18
 1.36854E+02 3.69696E-18 0.00000E+00 0.00000E+00 1.00790E-18 2.44521E-18
 1.37165E+02 3.86624E-18 0.00000E+00 0.00000E+00 1.07454E-18 2.54877E-18
 1.37477E+02 4.02044E-18 0.00000E+00 0.00000E+00 1.13706E-18 2.64137E-18
 1.37790E+02 4.15881E-18 0.00000E+00 0.00000E+00 1.19483E-18 2.72288E-18
 1.38104E+02 4.27949E-18 0.00000E+00 0.00000E+00 1.24684E-18 2.79246E-18
 1.38418E+02 4.38740E-18 0.00000E+00 0.00000E+00 1.29452E-18 2.85360E-18
 1.38733E+02 4.47673E-18 0.00000E+00 0.00000E+00 1.33550E-18 2.90285E-18
 1.39049E+02 4.55446E-18 0.00000E+00 0.00000E+00 1.37214E-18 2.94484E-18
 1.39365E+02 4.61557E-18 0.00000E+00 0.00000E+00 1.40236E-18 2.97664E-18
 1.39682E+02 4.66693E-18 0.00000E+00 0.00000E+00 1.42867E-18 3.00259E-18
 1.40000E+02 4.70432E-18 0.00000E+00 0.00000E+00 1.44927E-18 3.02028E-18
 1.40605E+02 4.75087E-18 0.00000E+00 0.00000E+00 1.47803E-18 3.03977E-18
 1.41213E+02 4.76884E-18 0.00000E+00 0.00000E+00 1.49434E-18 3.04311E-18
 1.41823E+02 4.76452E-18 0.00000E+00 0.00000E+00 1.50096E-18 3.03384E-18
 1.42436E+02 4.74619E-18 0.00000E+00 0.00000E+00 1.50032E-18 3.01783E-18
 1.43669E+02 4.67836E-18 0.00000E+00 0.00000E+00 1.48473E-18 2.96898E-18
 1.44914E+02 4.59485E-18 0.00000E+00 0.00000E+00 1.45981E-18 2.91372E-18
 1.47435E+02 4.42646E-18 0.00000E+00 0.00000E+00 1.40511E-18 2.80655E-18
 1.50000E+02 4.28804E-18 0.00000E+00 0.00000E+00 1.35858E-18 2.72101E-18
 1.51452E+02 4.22642E-18 0.00000E+00 0.00000E+00 1.33781E-18 2.68363E-18
 1.52918E+02 4.17519E-18 0.00000E+00 0.00000E+00 1.32058E-18 2.65311E-18
 1.55893E+02 4.09641E-18 0.00000E+00 0.00000E+00 1.29490E-18 2.60686E-18
 1.58926E+02 4.04100E-18 0.00000E+00 0.00000E+00 1.27785E-18 2.57510E-18
 1.62019E+02 3.99583E-18 0.00000E+00 0.00000E+00 1.26478E-18 2.54938E-18
 1.68384E+02 3.90964E-18 0.00000E+00 0.00000E+00 1.24113E-18 2.49896E-18
 1.71660E+02 3.85696E-18 0.00000E+00 0.00000E+00 1.22664E-18 2.46652E-18
 1.75000E+02 3.79486E-18 0.00000E+00 0.00000E+00 1.20867E-18 2.42794E-18
 1.78870E+02 3.71063E-18 0.00000E+00 0.00000E+00 1.18391E-18 2.37463E-18
 1.82825E+02 3.61374E-18 0.00000E+00 0.00000E+00 1.15486E-18 2.31277E-18
 1.86868E+02 3.50556E-18 0.00000E+00 0.00000E+00 1.12161E-18 2.24359E-18
 1.91000E+02 3.39045E-18 0.00000E+00 0.00000E+00 1.08577E-18 2.16984E-18
 1.91000E+02 3.79718E-18 0.00000E+00 4.06734E-19 1.08577E-18 2.16984E-18
 2.00000E+02 3.53910E-18 0.00000E+00 4.02635E-19 1.00558E-18 2.00695E-18
 2.09762E+02 3.28375E-18 0.00000E+00 4.03044E-19 9.24259E-19 1.84301E-18
 2.20000E+02 3.03532E-18 0.00000E+00 3.98060E-19 8.46520E-19 1.68694E-18
 2.27144E+02 2.87234E-18 0.00000E+00 3.89775E-19 7.97103E-19 1.58777E-18
 2.34521E+02 2.71206E-18 0.00000E+00 3.78322E-19 7.49532E-19 1.49230E-18
 2.42137E+02 2.55557E-18 0.00000E+00 3.65677E-19 7.03504E-19 1.39993E-18
 2.50000E+02 2.40324E-18 0.00000E+00 3.52635E-19 6.58665E-19 1.31060E-18
 2.61659E+02 2.19462E-18 0.00000E+00 3.34813E-19 5.97661E-19 1.18781E-18
 2.73861E+02 1.99718E-18 0.00000E+00 3.18007E-19 5.39571E-19 1.07170E-18
 3.00000E+02 1.64547E-18 0.00000E+00 2.86316E-19 4.36458E-19 8.66092E-19
 3.24037E+02 1.39186E-18 0.00000E+00 2.59371E-19 3.63437E-19 7.20732E-19
 3.50000E+02 1.17306E-18 0.00000E+00 2.32704E-19 3.01530E-19 5.97564E-19
 3.74166E+02 1.00839E-18 0.00000E+00 2.11058E-19 2.55443E-19 5.06011E-19
 4.00000E+02 8.64452E-19 0.00000E+00 1.91072E-19 2.15527E-19 4.26652E-19
 4.50000E+02 6.56271E-19 0.00000E+00 1.58911E-19 1.58859E-19 3.14213E-19
 5.00000E+02 5.10753E-19 0.00000E+00 1.33393E-19 1.20278E-19 2.37705E-19
 5.50000E+02 4.05626E-19 0.00000E+00 1.13376E-19 9.29396E-20 1.83542E-19
 6.00000E+02 3.27796E-19 0.00000E+00 9.72751E-20 7.31399E-20 1.44355E-19
 7.00000E+02 2.23480E-19 0.00000E+00 7.33481E-20 4.74180E-20 9.34954E-20
 8.00000E+02 1.59490E-19 0.00000E+00 5.69231E-20 3.22520E-20 6.35232E-20
 9.00000E+02 1.18033E-19 0.00000E+00 4.51585E-20 2.28125E-20 4.48933E-20
 1.00000E+03 8.99338E-20 0.00000E+00 3.65278E-20 1.66410E-20 3.27253E-20
 1.10000E+03 7.01958E-20 0.00000E+00 3.00097E-20 1.24660E-20 2.44970E-20
 1.25000E+03 5.02190E-20 0.00000E+00 2.29227E-20 8.41197E-21 1.65138E-20
 1.40000E+03 3.72293E-20 0.00000E+00 1.79438E-20 5.90410E-21 1.15813E-20
 1.50000E+03 3.09968E-20 0.00000E+00 1.54228E-20 4.74689E-21 9.30609E-21
 1.75000E+03 2.05293E-20 0.00000E+00 1.09174E-20 2.89789E-21 5.67379E-21
 2.00000E+03 1.43194E-20 0.00000E+00 8.03114E-21 1.87543E-21 3.66782E-21
 2.14800E+03 1.17948E-20 0.00000E+00 6.79480E-21 1.48177E-21 2.89597E-21
 2.14800E+03 1.21257E-19 1.09463E-19 6.79480E-21 1.48177E-21 2.89597E-21
 2.17384E+03 1.27699E-19 1.16280E-19 6.60706E-21 1.42442E-21 2.78357E-21
 2.18035E+03 1.28191E-19 1.16865E-19 6.56094E-21 1.41043E-21 2.75616E-21
 2.18688E+03 1.27825E-19 1.16590E-19 6.51514E-21 1.39658E-21 2.72902E-21
 2.19343E+03 1.27097E-19 1.15952E-19 6.46966E-21 1.38287E-21 2.70215E-21
 2.20000E+03 1.26017E-19 1.14962E-19 6.42450E-21 1.36918E-21 2.67532E-21
 2.21765E+03 1.23155E-19 1.12340E-19 6.30361E-21 1.33309E-21 2.60461E-21
 2.23544E+03 1.21092E-19 1.10511E-19 6.18452E-21 1.29795E-21 2.53576E-21
 2.25337E+03 1.19331E-19 1.08980E-19 6.06768E-21 1.26373E-21 2.46873E-21
 2.27144E+03 1.17307E-19 1.07180E-19 5.95305E-21 1.23042E-21 2.40348E-21
 2.34521E+03 1.07946E-19 9.86674E-20 5.51576E-21 1.10572E-21 2.15926E-21
 2.50000E+03 9.15475E-20 8.37537E-20 4.73519E-21 8.92882E-22 1.74259E-21
 3.00000E+03 5.72788E-20 5.25656E-20 3.03233E-21 4.80552E-22 9.36089E-22
 3.24037E+03 4.68571E-20 4.30566E-20 2.49989E-21 3.68212E-22 7.16682E-22
 3.50000E+03 3.82535E-20 3.51857E-20 2.06083E-21 2.82118E-22 5.48671E-22
 4.00000E+03 2.67758E-20 2.46669E-20 1.46524E-21 1.76788E-22 3.43281E-22
 4.50000E+03 1.94519E-20 1.79400E-20 1.07936E-21 1.16556E-22 2.25963E-22
 5.00000E+03 1.45625E-20 1.34418E-20 8.18139E-22 8.00049E-23 1.54915E-22
 5.50000E+03 1.11765E-20 1.03230E-20 6.34905E-22 5.67824E-23 1.09791E-22
 6.00000E+03 8.75850E-21 8.09357E-21 5.02546E-22 4.14226E-23 7.99953E-23
 7.00000E+03 5.65929E-21 5.23327E-21 3.30355E-22 2.35752E-23 4.54184E-23
 8.00000E+03 3.85926E-21 3.57041E-21 2.28478E-22 1.43950E-23 2.76690E-23
 9.00000E+03 2.74410E-21 2.53953E-21 1.64390E-22 9.27976E-24 1.77997E-23
 1.00000E+04 2.01734E-21 1.86737E-21 1.22081E-22 6.24678E-24 1.19592E-23
 1.10000E+04 1.52421E-21 1.41113E-21 9.30421E-23 4.35739E-24 8.32469E-24
 1.25000E+04 1.04363E-21 9.66376E-22 6.44040E-23 2.67869E-24 5.10278E-24
 1.40000E+04 7.43987E-22 6.88998E-22 4.63271E-23 1.73494E-24 3.29587E-24
 1.50000E+04 6.04751E-22 5.60086E-22 3.78518E-23 1.32987E-24 2.52239E-24
 1.75000E+04 3.79479E-22 3.51487E-22 2.40068E-23 7.32090E-25 1.38259E-24
 2.00000E+04 2.52626E-22 2.34005E-22 1.61150E-23 4.35152E-25 8.18435E-25
 2.20000E+04 1.88625E-22 1.74727E-22 1.20978E-23 2.99691E-25 5.62018E-25
 2.50000E+04 1.27198E-22 1.17830E-22 8.21292E-24 1.81507E-25 3.38817E-25
 3.00000E+04 7.22294E-23 6.69105E-23 4.70325E-24 8.85698E-26 1.64181E-25
 3.50000E+04 4.46128E-23 4.13273E-23 2.92327E-24 4.82376E-26 8.88288E-26
 4.00000E+04 2.93227E-23 2.71628E-23 1.93078E-24 2.84886E-26 5.21330E-26
 4.50000E+04 2.02185E-23 1.87288E-23 1.33652E-24 1.79111E-26 3.25744E-26
 5.00000E+04 1.44814E-23 1.34141E-23 9.60371E-25 1.18283E-26 2.13920E-26
 5.50000E+04 1.06986E-23 9.90986E-24 7.11429E-25 8.13053E-27 1.46264E-26
 6.00000E+04 8.11000E-24 7.51192E-24 5.40533E-25 5.77773E-27 1.03408E-26
 7.00000E+04 4.95832E-24 4.59246E-24 3.31705E-25 3.16100E-27 5.60162E-27
 8.00000E+04 3.23452E-24 2.99573E-24 2.17005E-25 1.87957E-27 3.29972E-27
 9.00000E+04 2.21803E-24 2.05421E-24 1.49148E-25 1.19063E-27 2.07375E-27
 1.00000E+05 1.58253E-24 1.46560E-24 1.06612E-25 7.93861E-28 1.37129E-27
 1.10000E+05 1.16619E-24 1.08000E-24 7.86851E-26 5.51153E-28 9.45495E-28
 1.25000E+05 7.74760E-25 7.17471E-25 5.23725E-26 3.39292E-28 5.76219E-28
 1.40000E+05 5.39640E-25 4.99722E-25 3.65331E-26 2.21508E-28 3.73142E-28
 1.50000E+05 4.33259E-25 4.01203E-25 2.93557E-26 1.71287E-28 2.87066E-28
 1.75000E+05 2.65883E-25 2.46202E-25 1.80454E-26 9.71028E-29 1.60899E-28
 2.00000E+05 1.74785E-25 1.61843E-25 1.18777E-26 5.98773E-29 9.83890E-29
 2.20000E+05 1.29893E-25 1.20273E-25 8.83415E-27 4.26605E-29 6.96894E-29
 2.50000E+05 8.76038E-26 8.11135E-26 5.96372E-27 2.72558E-29 4.42794E-29
 3.00000E+05 5.04829E-26 4.67415E-26 3.44062E-27 1.46282E-29 2.36892E-29
 3.50000E+05 3.20681E-26 2.96910E-26 2.18728E-27 8.79378E-30 1.42580E-29
 4.00000E+05 2.18868E-26 2.02641E-26 1.49366E-27 5.73886E-30 9.35617E-30
 4.50000E+05 1.57819E-26 1.46118E-26 1.07745E-27 3.98698E-30 6.54633E-30
 5.00000E+05 1.18830E-26 1.10019E-26 8.11491E-28 2.90081E-30 4.81839E-30
 5.50000E+05 9.26397E-27 8.57708E-27 6.32767E-28 2.19416E-30 3.68751E-30
 6.00000E+05 7.43067E-27 6.87973E-27 5.07618E-28 1.71299E-30 2.91494E-30
 7.00000E+05 5.11198E-27 4.73299E-27 3.49276E-28 1.12227E-30 1.96305E-30
 8.00000E+05 3.76311E-27 3.48416E-27 2.57135E-28 7.93160E-31 1.42380E-30
 9.00000E+05 2.91162E-27 2.69583E-27 1.98955E-28 5.90237E-31 1.08904E-30
 1.00000E+06 2.33932E-27 2.16597E-27 1.59847E-28 4.58300E-31 8.66818E-31
 1.10000E+06 1.93523E-27 1.79184E-27 1.32233E-28 3.67850E-31 7.11828E-31
 1.25000E+06 1.51846E-27 1.40598E-27 1.03750E-28 2.77270E-31 5.53127E-31
 1.40000E+06 1.23770E-27 1.14603E-27 8.45617E-29 2.18326E-31 4.47469E-31
 1.50000E+06 1.09779E-27 1.01649E-27 7.50001E-29 1.89972E-31 3.95543E-31
 1.75000E+06 8.49191E-28 7.86316E-28 5.80117E-29 1.40483E-31 3.03059E-31
 2.00000E+06 6.87577E-28 6.36678E-28 4.69677E-29 1.09848E-31 2.43646E-31
 2.20000E+06 5.94925E-28 5.50895E-28 4.06288E-29 9.50219E-32 2.10762E-31
 2.50000E+06 4.93196E-28 4.56707E-28 3.36713E-29 7.87492E-32 1.74668E-31
 3.00000E+06 3.81787E-28 3.53551E-28 2.60551E-29 6.09362E-32 1.35158E-31
 3.50000E+06 3.10232E-28 2.87295E-28 2.11658E-29 4.95010E-32 1.09795E-31
 4.00000E+06 2.60654E-28 2.41386E-28 1.77794E-29 4.15808E-32 9.22275E-32
 4.50000E+06 2.24396E-28 2.07812E-28 1.53036E-29 3.57904E-32 7.93843E-32
 5.00000E+06 1.96789E-28 1.82247E-28 1.34189E-29 3.13826E-32 6.96075E-32
 5.50000E+06 1.75101E-28 1.62163E-28 1.19386E-29 2.79206E-32 6.19286E-32
 6.00000E+06 1.57633E-28 1.45987E-28 1.07466E-29 2.51327E-32 5.57451E-32
 7.00000E+06 1.31274E-28 1.21577E-28 8.94816E-30 2.09268E-32 4.64162E-32
 8.00000E+06 1.12364E-28 1.04065E-28 7.65830E-30 1.79101E-32 3.97252E-32
 9.00000E+06 9.81585E-29 9.09092E-29 6.68945E-30 1.56443E-32 3.46995E-32
 1.00000E+07 8.71065E-29 8.06739E-29 5.93582E-30 1.38818E-32 3.07902E-32
 1.10000E+07 7.82695E-29 7.24899E-29 5.33330E-30 1.24727E-32 2.76648E-32
 1.25000E+07 6.79080E-29 6.28939E-29 4.62692E-30 1.08207E-32 2.40006E-32
 1.40000E+07 5.99521E-29 5.55257E-29 4.08461E-30 9.55241E-33 2.11875E-32
 1.50000E+07 5.56025E-29 5.14974E-29 3.78814E-30 8.85907E-33 1.96497E-32
 1.75000E+07 4.70538E-29 4.35800E-29 3.20551E-30 7.49650E-33 1.66275E-32
 2.00000E+07 4.07739E-29 3.77639E-29 2.77756E-30 6.49568E-33 1.44076E-32
 2.20000E+07 3.68364E-29 3.41172E-29 2.50926E-30 5.86821E-33 1.30159E-32
 2.50000E+07 3.21719E-29 2.97971E-29 2.19143E-30 5.12493E-33 1.13672E-32
 3.00000E+07 2.65605E-29 2.46000E-29 1.80912E-30 4.23084E-33 9.38413E-33
 3.50000E+07 2.26130E-29 2.09439E-29 1.54019E-30 3.60191E-33 7.98915E-33
 4.00000E+07 1.96856E-29 1.82326E-29 1.34077E-30 3.13554E-33 6.95471E-33
 4.50000E+07 1.74284E-29 1.61421E-29 1.18701E-30 2.77596E-33 6.15717E-33
 5.00000E+07 1.56352E-29 1.44812E-29 1.06486E-30 2.49030E-33 5.52356E-33
 5.50000E+07 1.41763E-29 1.31300E-29 9.65487E-31 2.25790E-33 5.00809E-33
 6.00000E+07 1.29662E-29 1.20092E-29 8.83064E-31 2.06514E-33 4.58055E-33
 7.00000E+07 1.10751E-29 1.02577E-29 7.54260E-31 1.76392E-33 3.91242E-33
 8.00000E+07 9.66524E-30 8.95193E-30 6.58233E-31 1.53935E-33 3.41432E-33
 9.00000E+07 8.57367E-30 7.94092E-30 5.83888E-31 1.36548E-33 3.02868E-33
 1.00000E+08 7.70357E-30 7.13504E-30 5.24628E-31 1.22690E-33 2.72130E-33
 1.10000E+08 6.99377E-30 6.47763E-30 4.76285E-31 1.11385E-33 2.47054E-33
 1.25000E+08 6.14449E-30 5.69103E-30 4.18445E-31 9.78579E-34 2.17052E-33
 1.40000E+08 5.47911E-30 5.07476E-30 3.73130E-31 8.72605E-34 1.93546E-33
 1.50000E+08 5.11018E-30 4.73306E-30 3.48005E-31 8.13846E-34 1.80513E-33
 1.75000E+08 4.37388E-30 4.05110E-30 2.97861E-31 6.96579E-34 1.54503E-33
 2.00000E+08 3.82303E-30 3.54090E-30 2.60346E-31 6.08847E-34 1.35044E-33
 2.20000E+08 3.47309E-30 3.21679E-30 2.36515E-31 5.53115E-34 1.22682E-33
 2.50000E+08 3.05380E-30 2.82844E-30 2.07961E-31 4.86338E-34 1.07871E-33
 3.00000E+08 2.54226E-30 2.35465E-30 1.73125E-31 4.04870E-34 8.98013E-34
 3.50000E+08 2.17751E-30 2.01681E-30 1.48285E-31 3.46779E-34 7.69166E-34
 4.00000E+08 1.90428E-30 1.76375E-30 1.29678E-31 3.03266E-34 6.72653E-34
 4.50000E+08 1.69198E-30 1.56712E-30 1.15221E-31 2.69455E-34 5.97660E-34
 5.00000E+08 1.52227E-30 1.40993E-30 1.03663E-31 2.42427E-34 5.37710E-34
 5.50000E+08 1.38349E-30 1.28140E-30 9.42130E-32 2.20327E-34 4.88691E-34
 6.00000E+08 1.26791E-30 1.17434E-30 8.63419E-32 2.01919E-34 4.47863E-34
 7.00000E+08 1.08638E-30 1.00621E-30 7.39803E-32 1.73011E-34 3.83742E-34
 8.00000E+08 9.50327E-31 8.80197E-31 6.47150E-32 1.51343E-34 3.35682E-34
 9.00000E+08 8.44556E-31 7.82231E-31 5.75122E-32 1.34498E-34 2.98321E-34
 1.00000E+09 7.59971E-31 7.03888E-31 5.17521E-32 1.21028E-34 2.68443E-34
