 ***  Photoelectric cross sections,  IZ = 75,  NSHELL = 16,  NDATA = 329
              0           1           2           3           4           5           6           7           8           9          10          11          12          13          14          15          16
 5.00000E+01 9.20552E-18 0.00000E+00 0.00000E+00 0.00000E+00 0.00000E+00 0.00000E+00 0.00000E+00 0.00000E+00 0.00000E+00 0.00000E+00 0.00000E+00 0.00000E+00 0.00000E+00 0.00000E+00 0.00000E+00 2.72358E-19 4.11429E-19
 5.12057E+01 8.67081E-18 0.00000E+00 0.00000E+00 0.00000E+00 0.00000E+00 0.00000E+00 0.00000E+00 0.00000E+00 0.00000E+00 0.00000E+00 0.00000E+00 0.00000E+00 0.00000E+00 0.00000E+00 0.00000E+00 2.81457E-19 4.14640E-19
 5.24404E+01 8.15066E-18 0.00000E+00 0.00000E+00 0.00000E+00 0.00000E+00 0.00000E+00 0.00000E+00 0.00000E+00 0.00000E+00 0.00000E+00 0.00000E+00 0.00000E+00 0.00000E+00 0.00000E+00 0.00000E+00 2.87449E-19 4.15844E-19
 5.50000E+01 7.16137E-18 0.00000E+00 0.00000E+00 0.00000E+00 0.00000E+00 0.00000E+00 0.00000E+00 0.00000E+00 0.00000E+00 0.00000E+00 0.00000E+00 0.00000E+00 0.00000E+00 0.00000E+00 0.00000E+00 2.92737E-19 4.14349E-19
 5.60000E+01 6.80839E-18 0.00000E+00 0.00000E+00 0.00000E+00 0.00000E+00 0.00000E+00 0.00000E+00 0.00000E+00 0.00000E+00 0.00000E+00 0.00000E+00 0.00000E+00 0.00000E+00 0.00000E+00 0.00000E+00 2.93252E-19 4.12923E-19
 5.60000E+01 8.34802E-18 0.00000E+00 0.00000E+00 0.00000E+00 0.00000E+00 0.00000E+00 0.00000E+00 0.00000E+00 0.00000E+00 0.00000E+00 0.00000E+00 0.00000E+00 0.00000E+00 0.00000E+00 0.00000E+00 2.93252E-19 4.12923E-19
 5.69743E+01 8.07453E-18 0.00000E+00 0.00000E+00 0.00000E+00 0.00000E+00 0.00000E+00 0.00000E+00 0.00000E+00 0.00000E+00 0.00000E+00 0.00000E+00 0.00000E+00 0.00000E+00 0.00000E+00 0.00000E+00 2.93198E-19 4.11556E-19
 5.79655E+01 7.77952E-18 0.00000E+00 0.00000E+00 0.00000E+00 0.00000E+00 0.00000E+00 0.00000E+00 0.00000E+00 0.00000E+00 0.00000E+00 0.00000E+00 0.00000E+00 0.00000E+00 0.00000E+00 0.00000E+00 2.92611E-19 4.10264E-19
 6.00000E+01 7.16241E-18 0.00000E+00 0.00000E+00 0.00000E+00 0.00000E+00 0.00000E+00 0.00000E+00 0.00000E+00 0.00000E+00 0.00000E+00 0.00000E+00 0.00000E+00 0.00000E+00 0.00000E+00 0.00000E+00 2.91440E-19 4.08398E-19
 6.23574E+01 6.47827E-18 0.00000E+00 0.00000E+00 0.00000E+00 0.00000E+00 0.00000E+00 0.00000E+00 0.00000E+00 0.00000E+00 0.00000E+00 0.00000E+00 0.00000E+00 0.00000E+00 0.00000E+00 0.00000E+00 2.90312E-19 4.09352E-19
 6.48074E+01 5.83460E-18 0.00000E+00 0.00000E+00 0.00000E+00 0.00000E+00 0.00000E+00 0.00000E+00 0.00000E+00 0.00000E+00 0.00000E+00 0.00000E+00 0.00000E+00 0.00000E+00 0.00000E+00 0.00000E+00 2.91224E-19 4.15168E-19
 7.00000E+01 4.72568E-18 0.00000E+00 0.00000E+00 0.00000E+00 0.00000E+00 0.00000E+00 0.00000E+00 0.00000E+00 0.00000E+00 0.00000E+00 0.00000E+00 0.00000E+00 0.00000E+00 0.00000E+00 0.00000E+00 3.05740E-19 4.49639E-19
 7.23762E+01 4.33040E-18 0.00000E+00 0.00000E+00 0.00000E+00 0.00000E+00 0.00000E+00 0.00000E+00 0.00000E+00 0.00000E+00 0.00000E+00 0.00000E+00 0.00000E+00 0.00000E+00 0.00000E+00 0.00000E+00 3.19640E-19 4.76911E-19
 7.48331E+01 3.99281E-18 0.00000E+00 0.00000E+00 0.00000E+00 0.00000E+00 0.00000E+00 0.00000E+00 0.00000E+00 0.00000E+00 0.00000E+00 0.00000E+00 0.00000E+00 0.00000E+00 0.00000E+00 0.00000E+00 3.39360E-19 5.12383E-19
 7.60927E+01 3.84350E-18 0.00000E+00 0.00000E+00 0.00000E+00 0.00000E+00 0.00000E+00 0.00000E+00 0.00000E+00 0.00000E+00 0.00000E+00 0.00000E+00 0.00000E+00 0.00000E+00 0.00000E+00 0.00000E+00 3.51539E-19 5.33384E-19
 7.73735E+01 3.70821E-18 0.00000E+00 0.00000E+00 0.00000E+00 0.00000E+00 0.00000E+00 0.00000E+00 0.00000E+00 0.00000E+00 0.00000E+00 0.00000E+00 0.00000E+00 0.00000E+00 0.00000E+00 0.00000E+00 3.65315E-19 5.56565E-19
 7.86758E+01 3.58593E-18 0.00000E+00 0.00000E+00 0.00000E+00 0.00000E+00 0.00000E+00 0.00000E+00 0.00000E+00 0.00000E+00 0.00000E+00 0.00000E+00 0.00000E+00 0.00000E+00 0.00000E+00 0.00000E+00 3.80704E-19 5.82307E-19
 8.00000E+01 3.47636E-18 0.00000E+00 0.00000E+00 0.00000E+00 0.00000E+00 0.00000E+00 0.00000E+00 0.00000E+00 0.00000E+00 0.00000E+00 0.00000E+00 0.00000E+00 0.00000E+00 0.00000E+00 0.00000E+00 3.97708E-19 6.09408E-19
 8.14596E+01 3.37112E-18 0.00000E+00 0.00000E+00 0.00000E+00 0.00000E+00 0.00000E+00 0.00000E+00 0.00000E+00 0.00000E+00 0.00000E+00 0.00000E+00 0.00000E+00 0.00000E+00 0.00000E+00 0.00000E+00 4.17930E-19 6.41775E-19
 8.29458E+01 3.27991E-18 0.00000E+00 0.00000E+00 0.00000E+00 0.00000E+00 0.00000E+00 0.00000E+00 0.00000E+00 0.00000E+00 0.00000E+00 0.00000E+00 0.00000E+00 0.00000E+00 0.00000E+00 0.00000E+00 4.40128E-19 6.76094E-19
 8.44591E+01 3.20301E-18 0.00000E+00 0.00000E+00 0.00000E+00 0.00000E+00 0.00000E+00 0.00000E+00 0.00000E+00 0.00000E+00 0.00000E+00 0.00000E+00 0.00000E+00 0.00000E+00 0.00000E+00 0.00000E+00 4.63860E-19 7.13038E-19
 8.60000E+01 3.13847E-18 0.00000E+00 0.00000E+00 0.00000E+00 0.00000E+00 0.00000E+00 0.00000E+00 0.00000E+00 0.00000E+00 0.00000E+00 0.00000E+00 0.00000E+00 0.00000E+00 0.00000E+00 0.00000E+00 4.89582E-19 7.52001E-19
 8.60000E+01 3.19978E-18 0.00000E+00 0.00000E+00 0.00000E+00 0.00000E+00 0.00000E+00 0.00000E+00 0.00000E+00 0.00000E+00 0.00000E+00 0.00000E+00 0.00000E+00 0.00000E+00 0.00000E+00 0.00000E+00 4.89582E-19 7.52001E-19
 8.79773E+01 3.13193E-18 0.00000E+00 0.00000E+00 0.00000E+00 0.00000E+00 0.00000E+00 0.00000E+00 0.00000E+00 0.00000E+00 0.00000E+00 0.00000E+00 0.00000E+00 0.00000E+00 0.00000E+00 0.00000E+00 5.24176E-19 8.03925E-19
 9.00000E+01 3.08411E-18 0.00000E+00 0.00000E+00 0.00000E+00 0.00000E+00 0.00000E+00 0.00000E+00 0.00000E+00 0.00000E+00 0.00000E+00 0.00000E+00 0.00000E+00 0.00000E+00 0.00000E+00 0.00000E+00 5.61390E-19 8.59075E-19
 9.24021E+01 3.05113E-18 0.00000E+00 0.00000E+00 0.00000E+00 0.00000E+00 0.00000E+00 0.00000E+00 0.00000E+00 0.00000E+00 0.00000E+00 0.00000E+00 0.00000E+00 0.00000E+00 0.00000E+00 0.00000E+00 6.07749E-19 9.27730E-19
 9.48683E+01 3.04061E-18 0.00000E+00 0.00000E+00 0.00000E+00 0.00000E+00 0.00000E+00 0.00000E+00 0.00000E+00 0.00000E+00 0.00000E+00 0.00000E+00 0.00000E+00 0.00000E+00 0.00000E+00 0.00000E+00 6.57417E-19 1.00040E-18
 9.74004E+01 3.05073E-18 0.00000E+00 0.00000E+00 0.00000E+00 0.00000E+00 0.00000E+00 0.00000E+00 0.00000E+00 0.00000E+00 0.00000E+00 0.00000E+00 0.00000E+00 0.00000E+00 0.00000E+00 0.00000E+00 7.10294E-19 1.07733E-18
 1.00000E+02 3.08062E-18 0.00000E+00 0.00000E+00 0.00000E+00 0.00000E+00 0.00000E+00 0.00000E+00 0.00000E+00 0.00000E+00 0.00000E+00 0.00000E+00 0.00000E+00 0.00000E+00 0.00000E+00 0.00000E+00 7.66318E-19 1.15856E-18
 1.02411E+02 3.12353E-18 0.00000E+00 0.00000E+00 0.00000E+00 0.00000E+00 0.00000E+00 0.00000E+00 0.00000E+00 0.00000E+00 0.00000E+00 0.00000E+00 0.00000E+00 0.00000E+00 0.00000E+00 0.00000E+00 8.20474E-19 1.23567E-18
 1.04881E+02 3.18009E-18 0.00000E+00 0.00000E+00 0.00000E+00 0.00000E+00 0.00000E+00 0.00000E+00 0.00000E+00 0.00000E+00 0.00000E+00 0.00000E+00 0.00000E+00 0.00000E+00 0.00000E+00 0.00000E+00 8.76947E-19 1.31592E-18
 1.07410E+02 3.25076E-18 0.00000E+00 0.00000E+00 0.00000E+00 0.00000E+00 0.00000E+00 0.00000E+00 0.00000E+00 0.00000E+00 0.00000E+00 0.00000E+00 0.00000E+00 0.00000E+00 0.00000E+00 0.00000E+00 9.35972E-19 1.39980E-18
 1.10000E+02 3.33448E-18 0.00000E+00 0.00000E+00 0.00000E+00 0.00000E+00 0.00000E+00 0.00000E+00 0.00000E+00 0.00000E+00 0.00000E+00 0.00000E+00 0.00000E+00 0.00000E+00 0.00000E+00 0.00000E+00 9.97810E-19 1.48725E-18
 1.13572E+02 3.46280E-18 0.00000E+00 0.00000E+00 0.00000E+00 0.00000E+00 0.00000E+00 0.00000E+00 0.00000E+00 0.00000E+00 0.00000E+00 0.00000E+00 0.00000E+00 0.00000E+00 0.00000E+00 0.00000E+00 1.08453E-18 1.60814E-18
 1.17260E+02 3.60826E-18 0.00000E+00 0.00000E+00 0.00000E+00 0.00000E+00 0.00000E+00 0.00000E+00 0.00000E+00 0.00000E+00 0.00000E+00 0.00000E+00 0.00000E+00 0.00000E+00 0.00000E+00 0.00000E+00 1.17462E-18 1.73279E-18
 1.25000E+02 3.93486E-18 0.00000E+00 0.00000E+00 0.00000E+00 0.00000E+00 0.00000E+00 0.00000E+00 0.00000E+00 0.00000E+00 0.00000E+00 0.00000E+00 0.00000E+00 0.00000E+00 0.00000E+00 0.00000E+00 1.36139E-18 1.98693E-18
 1.32288E+02 4.24104E-18 0.00000E+00 0.00000E+00 0.00000E+00 0.00000E+00 0.00000E+00 0.00000E+00 0.00000E+00 0.00000E+00 0.00000E+00 0.00000E+00 0.00000E+00 0.00000E+00 0.00000E+00 0.00000E+00 1.52689E-18 2.20687E-18
 1.40000E+02 4.54032E-18 0.00000E+00 0.00000E+00 0.00000E+00 0.00000E+00 0.00000E+00 0.00000E+00 0.00000E+00 0.00000E+00 0.00000E+00 0.00000E+00 0.00000E+00 0.00000E+00 0.00000E+00 0.00000E+00 1.68405E-18 2.41201E-18
 1.44914E+02 4.71233E-18 0.00000E+00 0.00000E+00 0.00000E+00 0.00000E+00 0.00000E+00 0.00000E+00 0.00000E+00 0.00000E+00 0.00000E+00 0.00000E+00 0.00000E+00 0.00000E+00 0.00000E+00 0.00000E+00 1.77349E-18 2.52629E-18
 1.50000E+02 4.87348E-18 0.00000E+00 0.00000E+00 0.00000E+00 0.00000E+00 0.00000E+00 0.00000E+00 0.00000E+00 0.00000E+00 0.00000E+00 0.00000E+00 0.00000E+00 0.00000E+00 0.00000E+00 0.00000E+00 1.85654E-18 2.63224E-18
 1.55893E+02 5.04103E-18 0.00000E+00 0.00000E+00 0.00000E+00 0.00000E+00 0.00000E+00 0.00000E+00 0.00000E+00 0.00000E+00 0.00000E+00 0.00000E+00 0.00000E+00 0.00000E+00 0.00000E+00 0.00000E+00 1.94248E-18 2.74060E-18
 1.62019E+02 5.19400E-18 0.00000E+00 0.00000E+00 0.00000E+00 0.00000E+00 0.00000E+00 0.00000E+00 0.00000E+00 0.00000E+00 0.00000E+00 0.00000E+00 0.00000E+00 0.00000E+00 0.00000E+00 0.00000E+00 2.02085E-18 2.83828E-18
 1.68384E+02 5.33110E-18 0.00000E+00 0.00000E+00 0.00000E+00 0.00000E+00 0.00000E+00 0.00000E+00 0.00000E+00 0.00000E+00 0.00000E+00 0.00000E+00 0.00000E+00 0.00000E+00 0.00000E+00 0.00000E+00 2.09117E-18 2.92491E-18
 1.75000E+02 5.45296E-18 0.00000E+00 0.00000E+00 0.00000E+00 0.00000E+00 0.00000E+00 0.00000E+00 0.00000E+00 0.00000E+00 0.00000E+00 0.00000E+00 0.00000E+00 0.00000E+00 0.00000E+00 0.00000E+00 2.15442E-18 3.00064E-18
 1.80941E+02 5.54133E-18 0.00000E+00 0.00000E+00 0.00000E+00 0.00000E+00 0.00000E+00 0.00000E+00 0.00000E+00 0.00000E+00 0.00000E+00 0.00000E+00 0.00000E+00 0.00000E+00 0.00000E+00 0.00000E+00 2.20095E-18 3.05541E-18
 1.87083E+02 5.61598E-18 0.00000E+00 0.00000E+00 0.00000E+00 0.00000E+00 0.00000E+00 0.00000E+00 0.00000E+00 0.00000E+00 0.00000E+00 0.00000E+00 0.00000E+00 0.00000E+00 0.00000E+00 0.00000E+00 2.24153E-18 3.10106E-18
 1.93434E+02 5.67106E-18 0.00000E+00 0.00000E+00 0.00000E+00 0.00000E+00 0.00000E+00 0.00000E+00 0.00000E+00 0.00000E+00 0.00000E+00 0.00000E+00 0.00000E+00 0.00000E+00 0.00000E+00 0.00000E+00 2.27312E-18 3.13475E-18
 2.00000E+02 5.70647E-18 0.00000E+00 0.00000E+00 0.00000E+00 0.00000E+00 0.00000E+00 0.00000E+00 0.00000E+00 0.00000E+00 0.00000E+00 0.00000E+00 0.00000E+00 0.00000E+00 0.00000E+00 0.00000E+00 2.29620E-18 3.15628E-18
 2.09762E+02 5.72266E-18 0.00000E+00 0.00000E+00 0.00000E+00 0.00000E+00 0.00000E+00 0.00000E+00 0.00000E+00 0.00000E+00 0.00000E+00 0.00000E+00 0.00000E+00 0.00000E+00 0.00000E+00 0.00000E+00 2.31356E-18 3.16670E-18
 2.20000E+02 5.70011E-18 0.00000E+00 0.00000E+00 0.00000E+00 0.00000E+00 0.00000E+00 0.00000E+00 0.00000E+00 0.00000E+00 0.00000E+00 0.00000E+00 0.00000E+00 0.00000E+00 0.00000E+00 0.00000E+00 2.31354E-18 3.15446E-18
 2.27144E+02 5.66421E-18 0.00000E+00 0.00000E+00 0.00000E+00 0.00000E+00 0.00000E+00 0.00000E+00 0.00000E+00 0.00000E+00 0.00000E+00 0.00000E+00 0.00000E+00 0.00000E+00 0.00000E+00 0.00000E+00 2.30407E-18 3.13415E-18
 2.34521E+02 5.61389E-18 0.00000E+00 0.00000E+00 0.00000E+00 0.00000E+00 0.00000E+00 0.00000E+00 0.00000E+00 0.00000E+00 0.00000E+00 0.00000E+00 0.00000E+00 0.00000E+00 0.00000E+00 0.00000E+00 2.28837E-18 3.10544E-18
 2.42137E+02 5.55097E-18 0.00000E+00 0.00000E+00 0.00000E+00 0.00000E+00 0.00000E+00 0.00000E+00 0.00000E+00 0.00000E+00 0.00000E+00 0.00000E+00 0.00000E+00 0.00000E+00 0.00000E+00 0.00000E+00 2.26692E-18 3.06946E-18
 2.50000E+02 5.47587E-18 0.00000E+00 0.00000E+00 0.00000E+00 0.00000E+00 0.00000E+00 0.00000E+00 0.00000E+00 0.00000E+00 0.00000E+00 0.00000E+00 0.00000E+00 0.00000E+00 0.00000E+00 0.00000E+00 2.23981E-18 3.02674E-18
 2.64000E+02 5.32323E-18 0.00000E+00 0.00000E+00 0.00000E+00 0.00000E+00 0.00000E+00 0.00000E+00 0.00000E+00 0.00000E+00 0.00000E+00 0.00000E+00 0.00000E+00 0.00000E+00 0.00000E+00 0.00000E+00 2.18284E-18 2.93959E-18
 2.64000E+02 5.57910E-18 0.00000E+00 0.00000E+00 0.00000E+00 0.00000E+00 0.00000E+00 0.00000E+00 0.00000E+00 0.00000E+00 0.00000E+00 0.00000E+00 0.00000E+00 0.00000E+00 0.00000E+00 2.55870E-19 2.18284E-18 2.93959E-18
 2.78000E+02 5.35482E-18 0.00000E+00 0.00000E+00 0.00000E+00 0.00000E+00 0.00000E+00 0.00000E+00 0.00000E+00 0.00000E+00 0.00000E+00 0.00000E+00 0.00000E+00 0.00000E+00 0.00000E+00 2.04765E-19 2.11615E-18 2.84077E-18
 2.78000E+02 5.53728E-18 0.00000E+00 0.00000E+00 0.00000E+00 0.00000E+00 0.00000E+00 0.00000E+00 0.00000E+00 0.00000E+00 0.00000E+00 0.00000E+00 0.00000E+00 0.00000E+00 1.82466E-19 2.04765E-19 2.11615E-18 2.84077E-18
 3.00000E+02 5.14770E-18 0.00000E+00 0.00000E+00 0.00000E+00 0.00000E+00 0.00000E+00 0.00000E+00 0.00000E+00 0.00000E+00 0.00000E+00 0.00000E+00 0.00000E+00 0.00000E+00 1.32803E-19 1.70012E-19 1.99534E-18 2.66699E-18
 3.50000E+02 4.43066E-18 0.00000E+00 0.00000E+00 0.00000E+00 0.00000E+00 0.00000E+00 0.00000E+00 0.00000E+00 0.00000E+00 0.00000E+00 0.00000E+00 0.00000E+00 0.00000E+00 1.15361E-19 1.97515E-19 1.70023E-18 2.25564E-18
 3.74166E+02 4.14746E-18 0.00000E+00 0.00000E+00 0.00000E+00 0.00000E+00 0.00000E+00 0.00000E+00 0.00000E+00 0.00000E+00 0.00000E+00 0.00000E+00 0.00000E+00 0.00000E+00 1.30567E-19 2.33471E-19 1.56283E-18 2.06746E-18
 4.00000E+02 3.86931E-18 0.00000E+00 0.00000E+00 0.00000E+00 0.00000E+00 0.00000E+00 0.00000E+00 0.00000E+00 0.00000E+00 0.00000E+00 0.00000E+00 0.00000E+00 0.00000E+00 1.52064E-19 2.71148E-19 1.42349E-18 1.87799E-18
 4.24264E+02 3.62204E-18 0.00000E+00 0.00000E+00 0.00000E+00 0.00000E+00 0.00000E+00 0.00000E+00 0.00000E+00 0.00000E+00 0.00000E+00 0.00000E+00 0.00000E+00 0.00000E+00 1.71222E-19 3.00953E-19 1.30067E-18 1.71208E-18
 4.50000E+02 3.37698E-18 0.00000E+00 0.00000E+00 0.00000E+00 0.00000E+00 0.00000E+00 0.00000E+00 0.00000E+00 0.00000E+00 0.00000E+00 0.00000E+00 0.00000E+00 0.00000E+00 1.88873E-19 3.26799E-19 1.18063E-18 1.55082E-18
 4.50000E+02 3.37698E-18 0.00000E+00 0.00000E+00 0.00000E+00 0.00000E+00 0.00000E+00 0.00000E+00 0.00000E+00 0.00000E+00 0.00000E+00 0.00000E+00 0.00000E+00 0.00000E+00 1.88873E-19 3.26799E-19 1.18063E-18 1.55082E-18
 4.50371E+02 3.56553E-18 0.00000E+00 0.00000E+00 0.00000E+00 0.00000E+00 0.00000E+00 0.00000E+00 0.00000E+00 0.00000E+00 0.00000E+00 0.00000E+00 0.00000E+00 1.91942E-19 1.89106E-19 3.27114E-19 1.17899E-18 1.54862E-18
 4.50741E+02 3.56459E-18 0.00000E+00 0.00000E+00 0.00000E+00 0.00000E+00 0.00000E+00 0.00000E+00 0.00000E+00 0.00000E+00 0.00000E+00 0.00000E+00 0.00000E+00 1.94417E-19 1.89329E-19 3.27421E-19 1.17735E-18 1.54642E-18
 4.51484E+02 3.56214E-18 0.00000E+00 0.00000E+00 0.00000E+00 0.00000E+00 0.00000E+00 0.00000E+00 0.00000E+00 0.00000E+00 0.00000E+00 0.00000E+00 0.00000E+00 1.98771E-19 1.89776E-19 3.28036E-19 1.17408E-18 1.54203E-18
 4.52973E+02 3.55521E-18 0.00000E+00 0.00000E+00 0.00000E+00 0.00000E+00 0.00000E+00 0.00000E+00 0.00000E+00 0.00000E+00 0.00000E+00 0.00000E+00 0.00000E+00 2.05380E-19 1.90672E-19 3.29268E-19 1.16757E-18 1.53330E-18
 4.55966E+02 3.53731E-18 0.00000E+00 0.00000E+00 0.00000E+00 0.00000E+00 0.00000E+00 0.00000E+00 0.00000E+00 0.00000E+00 0.00000E+00 0.00000E+00 0.00000E+00 2.14681E-19 1.92476E-19 3.31748E-19 1.15444E-18 1.51578E-18
 4.62011E+02 3.49395E-18 0.00000E+00 0.00000E+00 0.00000E+00 0.00000E+00 0.00000E+00 0.00000E+00 0.00000E+00 0.00000E+00 0.00000E+00 0.00000E+00 0.00000E+00 2.25267E-19 1.96137E-19 3.36763E-19 1.12838E-18 1.48087E-18
 4.74342E+02 3.39081E-18 0.00000E+00 0.00000E+00 0.00000E+00 0.00000E+00 0.00000E+00 0.00000E+00 0.00000E+00 0.00000E+00 0.00000E+00 0.00000E+00 0.00000E+00 2.29441E-19 2.02850E-19 3.45513E-19 1.07722E-18 1.41250E-18
 5.00000E+02 3.16886E-18 0.00000E+00 0.00000E+00 0.00000E+00 0.00000E+00 0.00000E+00 0.00000E+00 0.00000E+00 0.00000E+00 0.00000E+00 0.00000E+00 0.00000E+00 2.19837E-19 2.14140E-19 3.59076E-19 9.78035E-19 1.28072E-18
 5.22000E+02 2.99221E-18 0.00000E+00 0.00000E+00 0.00000E+00 0.00000E+00 0.00000E+00 0.00000E+00 0.00000E+00 0.00000E+00 0.00000E+00 0.00000E+00 0.00000E+00 2.14268E-19 2.21016E-19 3.66452E-19 9.00862E-19 1.17774E-18
 5.22000E+02 3.03495E-18 0.00000E+00 0.00000E+00 0.00000E+00 0.00000E+00 0.00000E+00 0.00000E+00 0.00000E+00 0.00000E+00 0.00000E+00 0.00000E+00 4.27386E-20 2.14268E-19 2.21016E-19 3.66453E-19 9.00862E-19 1.17774E-18
 5.50000E+02 2.83155E-18 0.00000E+00 0.00000E+00 0.00000E+00 0.00000E+00 0.00000E+00 0.00000E+00 0.00000E+00 0.00000E+00 0.00000E+00 0.00000E+00 4.83052E-20 2.07519E-19 2.26953E-19 3.71767E-19 8.11654E-19 1.05946E-18
 6.00000E+02 2.49778E-18 0.00000E+00 0.00000E+00 0.00000E+00 0.00000E+00 0.00000E+00 0.00000E+00 0.00000E+00 0.00000E+00 0.00000E+00 0.00000E+00 4.75233E-20 1.95567E-19 2.31146E-19 3.71622E-19 6.75767E-19 8.79970E-19
 6.29000E+02 2.32585E-18 0.00000E+00 0.00000E+00 0.00000E+00 0.00000E+00 0.00000E+00 0.00000E+00 0.00000E+00 0.00000E+00 0.00000E+00 0.00000E+00 4.72985E-20 1.88759E-19 2.30417E-19 3.67110E-19 6.09075E-19 7.92133E-19
 6.29000E+02 2.39723E-18 0.00000E+00 0.00000E+00 0.00000E+00 0.00000E+00 0.00000E+00 0.00000E+00 0.00000E+00 0.00000E+00 0.00000E+00 7.13768E-20 4.72985E-20 1.88759E-19 2.30417E-19 3.67110E-19 6.09075E-19 7.92133E-19
 6.37465E+02 2.33956E-18 0.00000E+00 0.00000E+00 0.00000E+00 0.00000E+00 0.00000E+00 0.00000E+00 0.00000E+00 0.00000E+00 0.00000E+00 6.07770E-20 4.72314E-20 1.86821E-19 2.29899E-19 3.65413E-19 5.91184E-19 7.68581E-19
 6.46045E+02 2.28991E-18 0.00000E+00 0.00000E+00 0.00000E+00 0.00000E+00 0.00000E+00 0.00000E+00 0.00000E+00 0.00000E+00 0.00000E+00 5.79299E-20 4.71644E-20 1.84903E-19 2.29221E-19 3.63508E-19 5.73519E-19 7.45388E-19
 6.63551E+02 2.19768E-18 0.00000E+00 0.00000E+00 0.00000E+00 0.00000E+00 0.00000E+00 0.00000E+00 0.00000E+00 0.00000E+00 0.00000E+00 5.74905E-20 4.69999E-20 1.81006E-19 2.27408E-19 3.59079E-19 5.39516E-19 7.00684E-19
 7.00000E+02 2.01996E-18 0.00000E+00 0.00000E+00 0.00000E+00 0.00000E+00 0.00000E+00 0.00000E+00 0.00000E+00 0.00000E+00 0.00000E+00 5.59649E-20 4.65592E-20 1.73037E-19 2.22775E-19 3.48853E-19 4.75645E-19 6.16952E-19
 7.48331E+02 1.81102E-18 0.00000E+00 0.00000E+00 0.00000E+00 0.00000E+00 0.00000E+00 0.00000E+00 0.00000E+00 0.00000E+00 0.00000E+00 5.30563E-20 4.57596E-20 1.62885E-19 2.14568E-19 3.32745E-19 4.04484E-19 5.23820E-19
 8.00000E+02 1.61777E-18 0.00000E+00 0.00000E+00 0.00000E+00 0.00000E+00 0.00000E+00 0.00000E+00 0.00000E+00 0.00000E+00 0.00000E+00 5.00745E-20 4.47230E-20 1.52629E-19 2.04246E-19 3.14045E-19 3.42026E-19 4.42282E-19
 8.48528E+02 1.46070E-18 0.00000E+00 0.00000E+00 0.00000E+00 0.00000E+00 0.00000E+00 0.00000E+00 0.00000E+00 0.00000E+00 0.00000E+00 4.74007E-20 4.35714E-20 1.43690E-19 1.94002E-19 2.96279E-19 2.93762E-19 3.79375E-19
 9.00000E+02 1.31564E-18 0.00000E+00 0.00000E+00 0.00000E+00 0.00000E+00 0.00000E+00 0.00000E+00 0.00000E+00 0.00000E+00 0.00000E+00 4.47237E-20 4.22564E-20 1.34805E-19 1.82976E-19 2.77635E-19 2.51273E-19 3.24084E-19
 1.00000E+03 1.08487E-18 0.00000E+00 0.00000E+00 0.00000E+00 0.00000E+00 0.00000E+00 0.00000E+00 0.00000E+00 0.00000E+00 0.00000E+00 3.99974E-20 3.95148E-20 1.19402E-19 1.62085E-19 2.43426E-19 1.88226E-19 2.42240E-19
 1.10000E+03 9.06298E-19 0.00000E+00 0.00000E+00 0.00000E+00 0.00000E+00 0.00000E+00 0.00000E+00 0.00000E+00 0.00000E+00 0.00000E+00 3.58553E-20 3.67515E-20 1.06150E-19 1.43033E-19 2.12999E-19 1.43570E-19 1.84412E-19
 1.25000E+03 7.06796E-19 0.00000E+00 0.00000E+00 0.00000E+00 0.00000E+00 0.00000E+00 0.00000E+00 0.00000E+00 0.00000E+00 0.00000E+00 3.06793E-20 3.27906E-20 8.97559E-20 1.18427E-19 1.74578E-19 9.84802E-20 1.26171E-19
 1.40000E+03 5.63286E-19 0.00000E+00 0.00000E+00 0.00000E+00 0.00000E+00 0.00000E+00 0.00000E+00 0.00000E+00 0.00000E+00 0.00000E+00 2.64884E-20 2.92168E-20 7.66134E-20 9.83728E-20 1.43836E-19 6.96500E-20 8.90367E-20
 1.50000E+03 4.89314E-19 0.00000E+00 0.00000E+00 0.00000E+00 0.00000E+00 0.00000E+00 0.00000E+00 0.00000E+00 0.00000E+00 0.00000E+00 2.41404E-20 2.70747E-20 6.92945E-20 8.72168E-20 1.26928E-19 5.61142E-20 7.16344E-20
 1.62019E+03 4.17065E-19 0.00000E+00 0.00000E+00 0.00000E+00 0.00000E+00 0.00000E+00 0.00000E+00 0.00000E+00 0.00000E+00 0.00000E+00 2.16950E-20 2.47372E-20 6.17356E-20 7.57434E-20 1.09680E-19 4.38702E-20 5.59183E-20
 1.75000E+03 3.54739E-19 0.00000E+00 0.00000E+00 0.00000E+00 0.00000E+00 0.00000E+00 0.00000E+00 0.00000E+00 0.00000E+00 0.00000E+00 1.94407E-20 2.24947E-20 5.48006E-20 6.53733E-20 9.42060E-20 3.41448E-20 4.34568E-20
 1.88700E+03 3.02032E-19 0.00000E+00 0.00000E+00 0.00000E+00 0.00000E+00 0.00000E+00 0.00000E+00 0.00000E+00 0.00000E+00 0.00000E+00 1.74014E-20 2.04031E-20 4.86178E-20 5.62468E-20 8.06847E-20 2.66008E-20 3.38036E-20
 1.88700E+03 3.15381E-19 0.00000E+00 0.00000E+00 0.00000E+00 0.00000E+00 0.00000E+00 0.00000E+00 0.00000E+00 0.00000E+00 1.33486E-20 1.74014E-20 2.04031E-20 4.86178E-20 5.62468E-20 8.06847E-20 2.66008E-20 3.38036E-20
 1.88801E+03 3.16284E-19 0.00000E+00 0.00000E+00 0.00000E+00 0.00000E+00 0.00000E+00 0.00000E+00 0.00000E+00 0.00000E+00 1.46028E-20 1.73876E-20 2.03884E-20 4.85753E-20 5.61848E-20 8.05932E-20 2.65529E-20 3.37424E-20
 1.88903E+03 3.18068E-19 0.00000E+00 0.00000E+00 0.00000E+00 0.00000E+00 0.00000E+00 0.00000E+00 0.00000E+00 0.00000E+00 1.67364E-20 1.73738E-20 2.03737E-20 4.85328E-20 5.61229E-20 8.05019E-20 2.65051E-20 3.36814E-20
 1.89004E+03 3.20927E-19 0.00000E+00 0.00000E+00 0.00000E+00 0.00000E+00 0.00000E+00 0.00000E+00 0.00000E+00 0.00000E+00 1.99450E-20 1.73601E-20 2.03591E-20 4.84904E-20 5.60610E-20 8.04106E-20 2.64574E-20 3.36204E-20
 1.89106E+03 3.25060E-19 0.00000E+00 0.00000E+00 0.00000E+00 0.00000E+00 0.00000E+00 0.00000E+00 0.00000E+00 0.00000E+00 2.44266E-20 1.73463E-20 2.03444E-20 4.84480E-20 5.59992E-20 8.03194E-20 2.64099E-20 3.35596E-20
 1.89207E+03 3.30718E-19 0.00000E+00 0.00000E+00 0.00000E+00 0.00000E+00 0.00000E+00 0.00000E+00 0.00000E+00 0.00000E+00 3.04341E-20 1.73326E-20 2.03298E-20 4.84057E-20 5.59375E-20 8.02284E-20 2.63623E-20 3.34988E-20
 1.89309E+03 3.38104E-19 0.00000E+00 0.00000E+00 0.00000E+00 0.00000E+00 0.00000E+00 0.00000E+00 0.00000E+00 0.00000E+00 3.81680E-20 1.73189E-20 2.03151E-20 4.83633E-20 5.58759E-20 8.01374E-20 2.63149E-20 3.34382E-20
 1.89411E+03 3.47395E-19 0.00000E+00 0.00000E+00 0.00000E+00 0.00000E+00 0.00000E+00 0.00000E+00 0.00000E+00 0.00000E+00 4.78068E-20 1.73051E-20 2.03005E-20 4.83210E-20 5.58143E-20 8.00466E-20 2.62676E-20 3.33777E-20
 1.89513E+03 3.58789E-19 0.00000E+00 0.00000E+00 0.00000E+00 0.00000E+00 0.00000E+00 0.00000E+00 0.00000E+00 0.00000E+00 5.95481E-20 1.72914E-20 2.02859E-20 4.82788E-20 5.57528E-20 7.99559E-20 2.62203E-20 3.33172E-20
 1.89614E+03 3.72319E-19 0.00000E+00 0.00000E+00 0.00000E+00 0.00000E+00 0.00000E+00 0.00000E+00 0.00000E+00 0.00000E+00 7.34252E-20 1.72777E-20 2.02712E-20 4.82366E-20 5.56914E-20 7.98652E-20 2.61732E-20 3.32569E-20
 1.89716E+03 3.87912E-19 0.00000E+00 0.00000E+00 0.00000E+00 0.00000E+00 0.00000E+00 0.00000E+00 0.00000E+00 0.00000E+00 8.93643E-20 1.72641E-20 2.02566E-20 4.81944E-20 5.56300E-20 7.97747E-20 2.61261E-20 3.31968E-20
 1.89920E+03 4.24517E-19 0.00000E+00 0.00000E+00 0.00000E+00 0.00000E+00 0.00000E+00 0.00000E+00 0.00000E+00 0.00000E+00 1.26661E-19 1.72367E-20 2.02275E-20 4.81102E-20 5.55074E-20 7.95939E-20 2.60322E-20 3.30767E-20
 1.90124E+03 4.65756E-19 0.00000E+00 0.00000E+00 0.00000E+00 0.00000E+00 0.00000E+00 0.00000E+00 0.00000E+00 0.00000E+00 1.68590E-19 1.72094E-20 2.01983E-20 4.80261E-20 5.53852E-20 7.94136E-20 2.59386E-20 3.29571E-20
 1.90227E+03 4.87211E-19 0.00000E+00 0.00000E+00 0.00000E+00 0.00000E+00 0.00000E+00 0.00000E+00 0.00000E+00 0.00000E+00 1.90390E-19 1.71958E-20 2.01838E-20 4.79841E-20 5.53241E-20 7.93235E-20 2.58919E-20 3.28974E-20
 1.90329E+03 5.08129E-19 0.00000E+00 0.00000E+00 0.00000E+00 0.00000E+00 0.00000E+00 0.00000E+00 0.00000E+00 0.00000E+00 2.11651E-19 1.71822E-20 2.01692E-20 4.79421E-20 5.52632E-20 7.92336E-20 2.58453E-20 3.28379E-20
 1.90431E+03 5.28766E-19 0.00000E+00 0.00000E+00 0.00000E+00 0.00000E+00 0.00000E+00 0.00000E+00 0.00000E+00 0.00000E+00 2.32632E-19 1.71686E-20 2.01547E-20 4.79002E-20 5.52023E-20 7.91438E-20 2.57988E-20 3.27784E-20
 1.90533E+03 5.48286E-19 0.00000E+00 0.00000E+00 0.00000E+00 0.00000E+00 0.00000E+00 0.00000E+00 0.00000E+00 0.00000E+00 2.52495E-19 1.71550E-20 2.01402E-20 4.78584E-20 5.51415E-20 7.90541E-20 2.57524E-20 3.27191E-20
 1.90636E+03 5.66599E-19 0.00000E+00 0.00000E+00 0.00000E+00 0.00000E+00 0.00000E+00 0.00000E+00 0.00000E+00 0.00000E+00 2.71150E-19 1.71414E-20 2.01257E-20 4.78165E-20 5.50807E-20 7.89645E-20 2.57061E-20 3.26599E-20
 1.90738E+03 5.83998E-19 0.00000E+00 0.00000E+00 0.00000E+00 0.00000E+00 0.00000E+00 0.00000E+00 0.00000E+00 0.00000E+00 2.88891E-19 1.71278E-20 2.01112E-20 4.77747E-20 5.50200E-20 7.88749E-20 2.56599E-20 3.26008E-20
 1.90841E+03 5.99991E-19 0.00000E+00 0.00000E+00 0.00000E+00 0.00000E+00 0.00000E+00 0.00000E+00 0.00000E+00 0.00000E+00 3.05226E-19 1.71142E-20 2.00967E-20 4.77329E-20 5.49594E-20 7.87855E-20 2.56137E-20 3.25418E-20
 1.90943E+03 6.14754E-19 0.00000E+00 0.00000E+00 0.00000E+00 0.00000E+00 0.00000E+00 0.00000E+00 0.00000E+00 0.00000E+00 3.20330E-19 1.71007E-20 2.00822E-20 4.76912E-20 5.48988E-20 7.86962E-20 2.55676E-20 3.24829E-20
 1.91148E+03 6.40985E-19 0.00000E+00 0.00000E+00 0.00000E+00 0.00000E+00 0.00000E+00 0.00000E+00 0.00000E+00 0.00000E+00 3.47243E-19 1.70736E-20 2.00533E-20 4.76078E-20 5.47779E-20 7.85179E-20 2.54757E-20 3.23654E-20
 1.91354E+03 6.63590E-19 0.00000E+00 0.00000E+00 0.00000E+00 0.00000E+00 0.00000E+00 0.00000E+00 0.00000E+00 0.00000E+00 3.70527E-19 1.70466E-20 2.00244E-20 4.75246E-20 5.46572E-20 7.83400E-20 2.53841E-20 3.22483E-20
 1.91560E+03 6.83033E-19 0.00000E+00 0.00000E+00 0.00000E+00 0.00000E+00 0.00000E+00 0.00000E+00 0.00000E+00 0.00000E+00 3.90648E-19 1.70196E-20 1.99956E-20 4.74416E-20 5.45368E-20 7.81625E-20 2.52929E-20 3.21317E-20
 1.91766E+03 7.00622E-19 0.00000E+00 0.00000E+00 0.00000E+00 0.00000E+00 0.00000E+00 0.00000E+00 0.00000E+00 0.00000E+00 4.08913E-19 1.69926E-20 1.99668E-20 4.73586E-20 5.44167E-20 7.79854E-20 2.52020E-20 3.20155E-20
 1.91972E+03 7.16178E-19 0.00000E+00 0.00000E+00 0.00000E+00 0.00000E+00 0.00000E+00 0.00000E+00 0.00000E+00 0.00000E+00 4.25143E-19 1.69657E-20 1.99380E-20 4.72759E-20 5.42968E-20 7.78086E-20 2.51114E-20 3.18997E-20
 1.92178E+03 7.30576E-19 0.00000E+00 0.00000E+00 0.00000E+00 0.00000E+00 0.00000E+00 0.00000E+00 0.00000E+00 0.00000E+00 4.40214E-19 1.69389E-20 1.99093E-20 4.71932E-20 5.41772E-20 7.76323E-20 2.50211E-20 3.17843E-20
 1.92385E+03 7.43586E-19 0.00000E+00 0.00000E+00 0.00000E+00 0.00000E+00 0.00000E+00 0.00000E+00 0.00000E+00 0.00000E+00 4.53895E-19 1.69120E-20 1.98807E-20 4.71108E-20 5.40579E-20 7.74564E-20 2.49312E-20 3.16694E-20
 1.92798E+03 7.66491E-19 0.00000E+00 0.00000E+00 0.00000E+00 0.00000E+00 0.00000E+00 0.00000E+00 0.00000E+00 0.00000E+00 4.78136E-19 1.68585E-20 1.98234E-20 4.69462E-20 5.38200E-20 7.71058E-20 2.47522E-20 3.14407E-20
 1.93006E+03 7.76434E-19 0.00000E+00 0.00000E+00 0.00000E+00 0.00000E+00 0.00000E+00 0.00000E+00 0.00000E+00 0.00000E+00 4.88746E-19 1.68318E-20 1.97949E-20 4.68642E-20 5.37014E-20 7.69311E-20 2.46633E-20 3.13270E-20
 1.93213E+03 7.84902E-19 0.00000E+00 0.00000E+00 0.00000E+00 0.00000E+00 0.00000E+00 0.00000E+00 0.00000E+00 0.00000E+00 4.97879E-19 1.68052E-20 1.97664E-20 4.67823E-20 5.35831E-20 7.67568E-20 2.45746E-20 3.12137E-20
 1.93629E+03 7.99733E-19 0.00000E+00 0.00000E+00 0.00000E+00 0.00000E+00 0.00000E+00 0.00000E+00 0.00000E+00 0.00000E+00 5.14033E-19 1.67520E-20 1.97095E-20 4.66189E-20 5.33473E-20 7.64093E-20 2.43982E-20 3.09883E-20
 1.94045E+03 8.10320E-19 0.00000E+00 0.00000E+00 0.00000E+00 0.00000E+00 0.00000E+00 0.00000E+00 0.00000E+00 0.00000E+00 5.25937E-19 1.66990E-20 1.96528E-20 4.64560E-20 5.31126E-20 7.60634E-20 2.42231E-20 3.07646E-20
 1.94463E+03 8.17132E-19 0.00000E+00 0.00000E+00 0.00000E+00 0.00000E+00 0.00000E+00 0.00000E+00 0.00000E+00 0.00000E+00 5.34059E-19 1.66461E-20 1.95962E-20 4.62938E-20 5.28788E-20 7.57191E-20 2.40493E-20 3.05425E-20
 1.94881E+03 8.21211E-19 0.00000E+00 0.00000E+00 0.00000E+00 0.00000E+00 0.00000E+00 0.00000E+00 0.00000E+00 0.00000E+00 5.39442E-19 1.65935E-20 1.95398E-20 4.61321E-20 5.26461E-20 7.53763E-20 2.38767E-20 3.03219E-20
 1.95300E+03 8.23166E-19 0.00000E+00 0.00000E+00 0.00000E+00 0.00000E+00 0.00000E+00 0.00000E+00 0.00000E+00 0.00000E+00 5.42694E-19 1.65410E-20 1.94836E-20 4.59710E-20 5.24145E-20 7.50351E-20 2.37054E-20 3.01030E-20
 1.95300E+03 8.33674E-19 0.00000E+00 0.00000E+00 0.00000E+00 0.00000E+00 0.00000E+00 0.00000E+00 0.00000E+00 1.05079E-20 5.42694E-19 1.65410E-20 1.94836E-20 4.59710E-20 5.24145E-20 7.50351E-20 2.37054E-20 3.01030E-20
 1.95590E+03 8.37144E-19 0.00000E+00 0.00000E+00 0.00000E+00 0.00000E+00 0.00000E+00 0.00000E+00 0.00000E+00 1.38025E-20 5.43763E-19 1.65047E-20 1.94448E-20 4.58599E-20 5.22548E-20 7.48000E-20 2.35876E-20 2.99525E-20
 1.95736E+03 8.40993E-19 0.00000E+00 0.00000E+00 0.00000E+00 0.00000E+00 0.00000E+00 0.00000E+00 0.00000E+00 1.77164E-20 5.44143E-19 1.64867E-20 1.94254E-20 4.58044E-20 5.21752E-20 7.46827E-20 2.35289E-20 2.98775E-20
 1.95881E+03 8.46874E-19 0.00000E+00 0.00000E+00 0.00000E+00 0.00000E+00 0.00000E+00 0.00000E+00 0.00000E+00 2.36620E-20 5.44524E-19 1.64686E-20 1.94060E-20 4.57490E-20 5.20956E-20 7.45656E-20 2.34703E-20 2.98027E-20
 1.96027E+03 8.55173E-19 0.00000E+00 0.00000E+00 0.00000E+00 0.00000E+00 0.00000E+00 0.00000E+00 0.00000E+00 3.20234E-20 5.44905E-19 1.64506E-20 1.93867E-20 4.56937E-20 5.20162E-20 7.44487E-20 2.34119E-20 2.97281E-20
 1.96173E+03 8.65898E-19 0.00000E+00 0.00000E+00 0.00000E+00 0.00000E+00 0.00000E+00 0.00000E+00 0.00000E+00 4.30827E-20 5.45014E-19 1.64325E-20 1.93674E-20 4.56384E-20 5.19369E-20 7.43320E-20 2.33537E-20 2.96537E-20
 1.96319E+03 8.79293E-19 0.00000E+00 0.00000E+00 0.00000E+00 0.00000E+00 0.00000E+00 0.00000E+00 0.00000E+00 5.69089E-20 5.45026E-19 1.64145E-20 1.93481E-20 4.55832E-20 5.18578E-20 7.42154E-20 2.32956E-20 2.95795E-20
 1.96465E+03 8.95106E-19 0.00000E+00 0.00000E+00 0.00000E+00 0.00000E+00 0.00000E+00 0.00000E+00 0.00000E+00 7.31513E-20 5.45038E-19 1.63965E-20 1.93288E-20 4.55281E-20 5.17787E-20 7.40990E-20 2.32376E-20 2.95055E-20
 1.97049E+03 9.68705E-19 0.00000E+00 0.00000E+00 0.00000E+00 0.00000E+00 0.00000E+00 0.00000E+00 0.00000E+00 1.48798E-19 5.44749E-19 1.63248E-20 1.92519E-20 4.53082E-20 5.14638E-20 7.36354E-20 2.30072E-20 2.92111E-20
 1.97343E+03 1.00126E-18 0.00000E+00 0.00000E+00 0.00000E+00 0.00000E+00 0.00000E+00 0.00000E+00 0.00000E+00 1.82527E-19 5.44446E-19 1.62891E-20 1.92135E-20 4.51987E-20 5.13070E-20 7.34047E-20 2.28929E-20 2.90651E-20
 1.97636E+03 1.02756E-18 0.00000E+00 0.00000E+00 0.00000E+00 0.00000E+00 0.00000E+00 0.00000E+00 0.00000E+00 2.10011E-19 5.44142E-19 1.62534E-20 1.91753E-20 4.50895E-20 5.11507E-20 7.31747E-20 2.27791E-20 2.89198E-20
 1.97930E+03 1.04853E-18 0.00000E+00 0.00000E+00 0.00000E+00 0.00000E+00 0.00000E+00 0.00000E+00 0.00000E+00 2.32152E-19 5.43839E-19 1.62178E-20 1.91371E-20 4.49805E-20 5.09949E-20 7.29454E-20 2.26659E-20 2.87752E-20
 1.98224E+03 1.06554E-18 0.00000E+00 0.00000E+00 0.00000E+00 0.00000E+00 0.00000E+00 0.00000E+00 0.00000E+00 2.50390E-19 5.43471E-19 1.61823E-20 1.90989E-20 4.48717E-20 5.08396E-20 7.27168E-20 2.25533E-20 2.86313E-20
 1.98815E+03 1.09222E-18 0.00000E+00 0.00000E+00 0.00000E+00 0.00000E+00 0.00000E+00 0.00000E+00 0.00000E+00 2.79783E-19 5.42486E-19 1.61115E-20 1.90229E-20 4.46551E-20 5.05303E-20 7.22618E-20 2.23297E-20 2.83457E-20
 1.99406E+03 1.11203E-18 0.00000E+00 0.00000E+00 0.00000E+00 0.00000E+00 0.00000E+00 0.00000E+00 0.00000E+00 3.02714E-19 5.41079E-19 1.60410E-20 1.89472E-20 4.44395E-20 5.02229E-20 7.18096E-20 2.21069E-20 2.80618E-20
 2.00000E+03 1.12570E-18 0.00000E+00 0.00000E+00 0.00000E+00 0.00000E+00 0.00000E+00 0.00000E+00 0.00000E+00 3.20129E-19 5.39038E-19 1.59708E-20 1.88718E-20 4.42249E-20 4.99174E-20 7.13603E-20 2.18839E-20 2.77770E-20
 2.00597E+03 1.13379E-18 0.00000E+00 0.00000E+00 0.00000E+00 0.00000E+00 0.00000E+00 0.00000E+00 0.00000E+00 3.32115E-19 5.36870E-19 1.59008E-20 1.87962E-20 4.40109E-20 4.96018E-20 7.09012E-20 2.16627E-20 2.74946E-20
 2.01195E+03 1.13652E-18 0.00000E+00 0.00000E+00 0.00000E+00 0.00000E+00 0.00000E+00 0.00000E+00 0.00000E+00 3.39491E-19 5.33944E-19 1.58311E-20 1.87179E-20 4.37941E-20 4.92878E-20 7.04448E-20 2.14437E-20 2.72150E-20
 2.01795E+03 1.13544E-18 0.00000E+00 0.00000E+00 0.00000E+00 0.00000E+00 0.00000E+00 0.00000E+00 0.00000E+00 3.43197E-19 5.30869E-19 1.57599E-20 1.86399E-20 4.35766E-20 4.89758E-20 6.99914E-20 2.12270E-20 2.69383E-20
 2.02397E+03 1.13208E-18 0.00000E+00 0.00000E+00 0.00000E+00 0.00000E+00 0.00000E+00 0.00000E+00 0.00000E+00 3.45124E-19 5.27288E-19 1.56886E-20 1.85623E-20 4.33602E-20 4.86658E-20 6.95409E-20 2.10124E-20 2.66645E-20
 2.04823E+03 1.11104E-18 0.00000E+00 0.00000E+00 0.00000E+00 0.00000E+00 0.00000E+00 0.00000E+00 0.00000E+00 3.45251E-19 5.12800E-19 1.54066E-20 1.82549E-20 4.25052E-20 4.74453E-20 6.77678E-20 2.01756E-20 2.55964E-20
 2.07278E+03 1.08692E-18 0.00000E+00 0.00000E+00 0.00000E+00 0.00000E+00 0.00000E+00 0.00000E+00 0.00000E+00 3.41542E-19 4.98889E-19 1.51297E-20 1.79527E-20 4.16671E-20 4.62554E-20 6.60398E-20 1.93722E-20 2.45712E-20
 2.09762E+03 1.05879E-18 0.00000E+00 0.00000E+00 0.00000E+00 0.00000E+00 0.00000E+00 0.00000E+00 0.00000E+00 3.33578E-19 4.85037E-19 1.48578E-20 1.76554E-20 4.08455E-20 4.50953E-20 6.43559E-20 1.86007E-20 2.35871E-20
 2.20000E+03 9.44614E-19 0.00000E+00 0.00000E+00 0.00000E+00 0.00000E+00 0.00000E+00 0.00000E+00 0.00000E+00 2.98431E-19 4.29700E-19 1.38180E-20 1.65148E-20 3.77181E-20 4.07387E-20 5.79224E-20 1.58057E-20 2.00240E-20
 2.37100E+03 7.84081E-19 0.00000E+00 0.00000E+00 0.00000E+00 0.00000E+00 0.00000E+00 0.00000E+00 0.00000E+00 2.47014E-19 3.53671E-19 1.22938E-20 1.48039E-20 3.31699E-20 3.45225E-20 4.88775E-20 1.21746E-20 1.53996E-20
 2.37100E+03 8.67141E-19 0.00000E+00 0.00000E+00 0.00000E+00 0.00000E+00 0.00000E+00 0.00000E+00 8.30602E-20 2.47014E-19 3.53671E-19 1.22938E-20 1.48039E-20 3.31699E-20 3.45225E-20 4.88775E-20 1.21746E-20 1.53996E-20
 2.37296E+03 8.79479E-19 0.00000E+00 0.00000E+00 0.00000E+00 0.00000E+00 0.00000E+00 0.00000E+00 9.70322E-20 2.46489E-19 3.52899E-19 1.22779E-20 1.47856E-20 3.31220E-20 3.44579E-20 4.87839E-20 1.21395E-20 1.53549E-20
 2.37493E+03 8.87179E-19 0.00000E+00 0.00000E+00 0.00000E+00 0.00000E+00 0.00000E+00 0.00000E+00 1.06363E-19 2.45966E-19 3.52130E-19 1.22620E-20 1.47672E-20 3.30741E-20 3.43935E-20 4.86904E-20 1.21045E-20 1.53104E-20
 2.37886E+03 8.95875E-19 0.00000E+00 0.00000E+00 0.00000E+00 0.00000E+00 0.00000E+00 0.00000E+00 1.18311E-19 2.44922E-19 3.50596E-19 1.22303E-20 1.47306E-20 3.29785E-20 3.42650E-20 4.85040E-20 1.20348E-20 1.52218E-20
 2.38281E+03 8.99432E-19 0.00000E+00 0.00000E+00 0.00000E+00 0.00000E+00 0.00000E+00 0.00000E+00 1.25105E-19 2.43883E-19 3.49068E-19 1.21986E-20 1.46941E-20 3.28833E-20 3.41370E-20 4.83184E-20 1.19656E-20 1.51336E-20
 2.38675E+03 8.99797E-19 0.00000E+00 0.00000E+00 0.00000E+00 0.00000E+00 0.00000E+00 0.00000E+00 1.28694E-19 2.42849E-19 3.47548E-19 1.21671E-20 1.46577E-20 3.27883E-20 3.40094E-20 4.81334E-20 1.18967E-20 1.50460E-20
 2.39467E+03 8.94618E-19 0.00000E+00 0.00000E+00 0.00000E+00 0.00000E+00 0.00000E+00 0.00000E+00 1.29921E-19 2.40793E-19 3.44526E-19 1.21042E-20 1.45851E-20 3.25991E-20 3.37558E-20 4.77656E-20 1.17601E-20 1.48722E-20
 2.40261E+03 8.86302E-19 0.00000E+00 0.00000E+00 0.00000E+00 0.00000E+00 0.00000E+00 0.00000E+00 1.27958E-19 2.38754E-19 3.41530E-19 1.20416E-20 1.45128E-20 3.24110E-20 3.35040E-20 4.74006E-20 1.16251E-20 1.47005E-20
 2.41858E+03 8.70537E-19 0.00000E+00 0.00000E+00 0.00000E+00 0.00000E+00 0.00000E+00 0.00000E+00 1.24737E-19 2.34729E-19 3.35617E-19 1.19175E-20 1.43694E-20 3.20381E-20 3.30061E-20 4.66790E-20 1.13597E-20 1.43629E-20
 2.43465E+03 8.57064E-19 0.00000E+00 0.00000E+00 0.00000E+00 0.00000E+00 0.00000E+00 0.00000E+00 1.23597E-19 2.30771E-19 3.29807E-19 1.17947E-20 1.42274E-20 3.16695E-20 3.25156E-20 4.59684E-20 1.11004E-20 1.40331E-20
 2.50000E+03 8.05027E-19 0.00000E+00 0.00000E+00 0.00000E+00 0.00000E+00 0.00000E+00 0.00000E+00 1.18926E-19 2.15558E-19 3.07523E-19 1.13158E-20 1.36734E-20 3.02370E-20 3.06254E-20 4.32323E-20 1.01186E-20 1.27850E-20
 2.68600E+03 6.77761E-19 0.00000E+00 0.00000E+00 0.00000E+00 0.00000E+00 0.00000E+00 0.00000E+00 1.06918E-19 1.78613E-19 2.53598E-19 1.00865E-20 1.22355E-20 2.65980E-20 2.59142E-20 3.64377E-20 7.83745E-21 9.88770E-21
 2.68600E+03 7.03139E-19 0.00000E+00 0.00000E+00 0.00000E+00 0.00000E+00 0.00000E+00 2.53784E-20 1.06918E-19 1.78613E-19 2.53598E-19 1.00865E-20 1.22355E-20 2.65980E-20 2.59142E-20 3.64377E-20 7.83745E-21 9.88770E-21
 2.68788E+03 7.06868E-19 0.00000E+00 0.00000E+00 0.00000E+00 0.00000E+00 0.00000E+00 3.02402E-20 1.06804E-19 1.78287E-19 2.53123E-19 1.00752E-20 1.22223E-20 2.65648E-20 2.58722E-20 3.63771E-20 7.81800E-21 9.86302E-21
 2.68975E+03 7.09114E-19 0.00000E+00 0.00000E+00 0.00000E+00 0.00000E+00 0.00000E+00 3.36172E-20 1.06689E-19 1.77961E-19 2.52649E-19 1.00640E-20 1.22091E-20 2.65317E-20 2.58302E-20 3.63167E-20 7.79860E-21 9.83840E-21
 2.69351E+03 7.11325E-19 0.00000E+00 0.00000E+00 0.00000E+00 0.00000E+00 0.00000E+00 3.80851E-20 1.06460E-19 1.77311E-19 2.51703E-19 1.00414E-20 1.21827E-20 2.64655E-20 2.57464E-20 3.61961E-20 7.75995E-21 9.78934E-21
 2.70104E+03 7.10871E-19 0.00000E+00 0.00000E+00 0.00000E+00 0.00000E+00 0.00000E+00 4.21201E-20 1.06004E-19 1.76019E-19 2.49822E-19 9.99652E-21 1.21301E-20 2.63337E-20 2.55796E-20 3.59561E-20 7.68321E-21 9.69197E-21
 2.71616E+03 7.02253E-19 0.00000E+00 0.00000E+00 0.00000E+00 0.00000E+00 0.00000E+00 4.23877E-20 1.05098E-19 1.73463E-19 2.46102E-19 9.90731E-21 1.20256E-20 2.60720E-20 2.52493E-20 3.54809E-20 7.53200E-21 9.50010E-21
 2.74666E+03 6.83627E-19 0.00000E+00 0.00000E+00 0.00000E+00 0.00000E+00 0.00000E+00 4.12848E-20 1.03309E-19 1.68408E-19 2.38782E-19 9.73128E-21 1.18186E-20 2.55563E-20 2.45962E-20 3.45438E-20 7.23596E-21 9.12467E-21
 2.80870E+03 6.48621E-19 0.00000E+00 0.00000E+00 0.00000E+00 0.00000E+00 0.00000E+00 4.03235E-20 9.97030E-20 1.58650E-19 2.24668E-19 9.38259E-21 1.14024E-20 2.45294E-20 2.33110E-20 3.27130E-20 6.67418E-21 8.41221E-21
 2.93700E+03 5.83739E-19 0.00000E+00 0.00000E+00 0.00000E+00 0.00000E+00 0.00000E+00 3.84059E-20 9.27771E-20 1.40702E-19 1.98714E-19 8.72123E-21 1.06134E-20 2.25976E-20 2.09386E-20 2.93111E-20 5.67807E-21 7.14985E-21
 2.93700E+03 6.15122E-19 0.00000E+00 0.00000E+00 0.00000E+00 0.00000E+00 3.13836E-20 3.84059E-20 9.27770E-20 1.40702E-19 1.98714E-19 8.72123E-21 1.06134E-20 2.25976E-20 2.09386E-20 2.93110E-20 5.67807E-21 7.14985E-21
 2.94480E+03 6.07431E-19 0.00000E+00 0.00000E+00 0.00000E+00 0.00000E+00 2.73469E-20 3.82885E-20 9.23759E-20 1.39699E-19 1.97263E-19 8.68345E-21 1.05683E-20 2.24878E-20 2.08056E-20 2.91192E-20 5.62383E-21 7.08113E-21
 2.95262E+03 6.02603E-19 0.00000E+00 0.00000E+00 0.00000E+00 0.00000E+00 2.61489E-20 3.81714E-20 9.19764E-20 1.38703E-19 1.95823E-19 8.64583E-21 1.05234E-20 2.23785E-20 2.06734E-20 2.89286E-20 5.57010E-21 7.01308E-21
 2.96833E+03 5.95308E-19 0.00000E+00 0.00000E+00 0.00000E+00 0.00000E+00 2.60419E-20 3.79384E-20 9.11827E-20 1.36732E-19 1.92973E-19 8.57108E-21 1.04341E-20 2.21615E-20 2.04115E-20 2.85512E-20 5.46417E-21 6.87893E-21
 3.00000E+03 5.81271E-19 0.00000E+00 0.00000E+00 0.00000E+00 0.00000E+00 2.61295E-20 3.74766E-20 8.96157E-20 1.32857E-19 1.87386E-19 8.42353E-21 1.02579E-20 2.17338E-20 1.98976E-20 2.78110E-20 5.25756E-21 6.61740E-21
 3.24037E+03 4.85040E-19 0.00000E+00 0.00000E+00 0.00000E+00 0.00000E+00 2.35750E-20 3.40251E-20 7.87011E-20 1.07524E-19 1.50979E-19 7.40432E-21 9.02962E-21 1.88063E-20 1.64496E-20 2.28969E-20 3.96098E-21 4.97712E-21
 3.50000E+03 4.03917E-19 0.00000E+00 0.00000E+00 0.00000E+00 0.00000E+00 2.12310E-20 3.06378E-20 6.88113E-20 8.66620E-20 1.21147E-19 6.50732E-21 7.92022E-21 1.62258E-20 1.35372E-20 1.87646E-20 2.97327E-21 3.72965E-21
 4.00000E+03 2.92772E-19 0.00000E+00 0.00000E+00 0.00000E+00 0.00000E+00 1.75368E-20 2.51640E-20 5.39588E-20 5.90753E-20 8.19630E-20 5.17322E-21 6.26173E-21 1.24770E-20 9.55937E-21 1.31564E-20 1.79388E-21 2.24344E-21
 4.50000E+03 2.19472E-19 0.00000E+00 0.00000E+00 0.00000E+00 0.00000E+00 1.46867E-20 2.08480E-20 4.30855E-20 4.17362E-20 5.75351E-20 4.20745E-21 5.04897E-21 9.82589E-21 6.96055E-21 9.51877E-21 1.13898E-21 1.42053E-21
 5.00000E+03 1.69106E-19 0.00000E+00 0.00000E+00 0.00000E+00 0.00000E+00 1.24527E-20 1.74312E-20 3.49492E-20 3.03809E-20 4.16394E-20 3.48648E-21 4.13899E-21 7.89194E-21 5.19941E-21 7.06961E-21 7.53731E-22 9.37707E-22
 5.50000E+03 1.33292E-19 0.00000E+00 0.00000E+00 0.00000E+00 0.00000E+00 1.06741E-20 1.47056E-20 2.87414E-20 2.26758E-20 3.09173E-20 2.93390E-21 3.44141E-21 6.44349E-21 3.96875E-21 5.36811E-21 5.16204E-22 6.40694E-22
 6.00000E+03 1.07094E-19 0.00000E+00 0.00000E+00 0.00000E+00 0.00000E+00 9.23871E-21 1.25142E-20 2.39223E-20 1.72909E-20 2.34623E-20 2.50139E-21 2.89644E-21 5.33528E-21 3.08619E-21 4.15404E-21 3.63863E-22 4.50630E-22
 7.00000E+03 7.24301E-20 0.00000E+00 0.00000E+00 0.00000E+00 0.00000E+00 7.09508E-21 9.27540E-21 1.70910E-20 1.05981E-20 1.42564E-20 1.87755E-21 2.11519E-21 3.78707E-21 1.95424E-21 2.60753E-21 1.94009E-22 2.39314E-22
 8.00000E+03 5.14517E-20 0.00000E+00 0.00000E+00 0.00000E+00 0.00000E+00 5.60062E-21 7.06395E-21 1.26339E-20 6.87118E-21 9.17194E-21 1.45811E-21 1.59667E-21 2.79024E-21 1.30073E-21 1.72205E-21 1.11450E-22 1.36981E-22
 9.00000E+03 3.79676E-20 0.00000E+00 0.00000E+00 0.00000E+00 0.00000E+00 4.52142E-21 5.50481E-21 9.60035E-21 4.65549E-21 6.17116E-21 1.16292E-21 1.23752E-21 2.11737E-21 9.00684E-22 1.18405E-21 6.78463E-23 8.31114E-23
 1.00000E+04 2.88818E-20 0.00000E+00 0.00000E+00 0.00000E+00 0.00000E+00 3.71846E-21 4.37402E-21 7.46312E-21 3.26877E-21 4.30543E-21 9.47487E-22 9.80073E-22 1.64562E-21 6.44114E-22 8.41300E-22 4.32677E-23 5.28375E-23
 1.05400E+04 2.51691E-20 0.00000E+00 0.00000E+00 0.00000E+00 0.00000E+00 3.36691E-21 3.88823E-21 6.56398E-21 2.73346E-21 3.58852E-21 8.54413E-22 8.70305E-22 1.44771E-21 5.43295E-22 7.07267E-22 3.44761E-23 4.20332E-23
 1.05400E+04 5.06664E-20 0.00000E+00 0.00000E+00 0.00000E+00 2.54973E-20 3.36691E-21 3.88823E-21 6.56398E-21 2.73346E-21 3.58852E-21 8.54413E-22 8.70305E-22 1.44771E-21 5.43295E-22 7.07266E-22 3.44761E-23 4.20332E-23
 1.05470E+04 6.23556E-20 0.00000E+00 0.00000E+00 0.00000E+00 3.72303E-20 3.36267E-21 3.88243E-21 6.55329E-21 2.72726E-21 3.58023E-21 8.53292E-22 8.68994E-22 1.44536E-21 5.42122E-22 7.05710E-22 3.43769E-23 4.19113E-23
 1.05541E+04 6.62863E-20 0.00000E+00 0.00000E+00 0.00000E+00 4.12047E-20 3.35843E-21 3.87663E-21 6.54262E-21 2.72108E-21 3.57196E-21 8.52173E-22 8.67684E-22 1.44301E-21 5.40953E-22 7.04158E-22 3.42779E-23 4.17898E-23
 1.05611E+04 6.71517E-20 0.00000E+00 0.00000E+00 0.00000E+00 4.21137E-20 3.35419E-21 3.87084E-21 6.53196E-21 2.71491E-21 3.56372E-21 8.51055E-22 8.66377E-22 1.44066E-21 5.39785E-22 7.02609E-22 3.41793E-23 4.16687E-23
 1.05682E+04 6.67454E-20 0.00000E+00 0.00000E+00 0.00000E+00 4.17509E-20 3.34996E-21 3.86506E-21 6.52132E-21 2.70876E-21 3.55549E-21 8.49939E-22 8.65072E-22 1.43832E-21 5.38620E-22 7.01063E-22 3.40809E-23 4.15479E-23
 1.05752E+04 6.61012E-20 0.00000E+00 0.00000E+00 0.00000E+00 4.11502E-20 3.34574E-21 3.85928E-21 6.51070E-21 2.70262E-21 3.54728E-21 8.48824E-22 8.63768E-22 1.43598E-21 5.37458E-22 6.99521E-22 3.39828E-23 4.14274E-23
 1.05823E+04 6.56075E-20 0.00000E+00 0.00000E+00 0.00000E+00 4.06999E-20 3.34152E-21 3.85352E-21 6.50010E-21 2.69649E-21 3.53909E-21 8.47710E-22 8.62467E-22 1.43365E-21 5.36298E-22 6.97982E-22 3.38849E-23 4.13073E-23
 1.05894E+04 6.53336E-20 0.00000E+00 0.00000E+00 0.00000E+00 4.04693E-20 3.33731E-21 3.84776E-21 6.48951E-21 2.69037E-21 3.53092E-21 8.46598E-22 8.61167E-22 1.43132E-21 5.35141E-22 6.96446E-22 3.37874E-23 4.11876E-23
 1.05964E+04 6.52209E-20 0.00000E+00 0.00000E+00 0.00000E+00 4.03998E-20 3.33310E-21 3.84202E-21 6.47894E-21 2.68427E-21 3.52276E-21 8.45488E-22 8.59870E-22 1.42899E-21 5.33986E-22 6.94914E-22 3.36901E-23 4.10682E-23
 1.06532E+04 6.43629E-20 0.00000E+00 0.00000E+00 0.00000E+00 3.98848E-20 3.29963E-21 3.79635E-21 6.39501E-21 2.63597E-21 3.45822E-21 8.36656E-22 8.49560E-22 1.41052E-21 5.24836E-22 6.82777E-22 3.29221E-23 4.01253E-23
 1.07102E+04 6.35841E-20 0.00000E+00 0.00000E+00 0.00000E+00 3.94440E-20 3.26650E-21 3.75122E-21 6.31216E-21 2.58854E-21 3.39486E-21 8.27916E-22 8.39374E-22 1.39228E-21 5.15844E-22 6.70852E-22 3.21715E-23 3.92041E-23
 1.07675E+04 6.26739E-20 0.00000E+00 0.00000E+00 0.00000E+00 3.88669E-20 3.23370E-21 3.70663E-21 6.23039E-21 2.54196E-21 3.33265E-21 8.19268E-22 8.29310E-22 1.37428E-21 5.07005E-22 6.59135E-22 3.14381E-23 3.83040E-23
 1.10000E+04 5.93061E-20 0.00000E+00 0.00000E+00 0.00000E+00 3.67844E-20 3.10577E-21 3.53352E-21 5.91374E-21 2.36379E-21 3.09497E-21 7.85568E-22 7.90246E-22 1.30457E-21 4.73139E-22 6.14280E-22 2.86667E-23 3.49044E-23
 1.19630E+04 4.73197E-20 0.00000E+00 0.00000E+00 0.00000E+00 2.92598E-20 2.64254E-21 2.91354E-21 4.79582E-21 1.76978E-21 2.30464E-21 6.64705E-22 6.51056E-22 1.05889E-21 3.58817E-22 4.63328E-22 1.98622E-23 2.41185E-23
 1.19630E+04 5.76772E-20 0.00000E+00 0.00000E+00 1.03575E-20 2.92598E-20 2.64254E-21 2.91354E-21 4.79582E-21 1.76978E-21 2.30464E-21 6.64705E-22 6.51056E-22 1.05889E-21 3.58817E-22 4.63328E-22 1.98622E-23 2.41184E-23
 1.19712E+04 6.38258E-20 0.00000E+00 0.00000E+00 1.65936E-20 2.92048E-20 2.63905E-21 2.90894E-21 4.78761E-21 1.76559E-21 2.29909E-21 6.63798E-22 6.50026E-22 1.05708E-21 3.58006E-22 4.62261E-22 1.98027E-23 2.40457E-23
 1.19794E+04 6.54340E-20 0.00000E+00 0.00000E+00 1.82892E-20 2.91498E-20 2.63556E-21 2.90436E-21 4.77941E-21 1.76142E-21 2.29355E-21 6.62892E-22 6.48997E-22 1.05528E-21 3.57198E-22 4.61196E-22 1.97434E-23 2.39731E-23
 1.19876E+04 6.54700E-20 0.00000E+00 0.00000E+00 1.84123E-20 2.90949E-20 2.63208E-21 2.89978E-21 4.77123E-21 1.75726E-21 2.28803E-21 6.61987E-22 6.47970E-22 1.05348E-21 3.56391E-22 4.60134E-22 1.96843E-23 2.39008E-23
 1.19959E+04 6.51145E-20 0.00000E+00 0.00000E+00 1.81439E-20 2.90401E-20 2.62861E-21 2.89521E-21 4.76306E-21 1.75311E-21 2.28252E-21 6.61083E-22 6.46944E-22 1.05169E-21 3.55586E-22 4.59075E-22 1.96253E-23 2.38287E-23
 1.20123E+04 6.46106E-20 0.00000E+00 0.00000E+00 1.78135E-20 2.89309E-20 2.62167E-21 2.88609E-21 4.74677E-21 1.74483E-21 2.27154E-21 6.59280E-22 6.44898E-22 1.04810E-21 3.53982E-22 4.56963E-22 1.95079E-23 2.36851E-23
 1.20288E+04 6.44186E-20 0.00000E+00 0.00000E+00 1.77943E-20 2.88220E-20 2.61475E-21 2.87700E-21 4.73053E-21 1.73659E-21 2.26062E-21 6.57481E-22 6.42858E-22 1.04453E-21 3.52384E-22 4.54860E-22 1.93912E-23 2.35424E-23
 1.20950E+04 6.34855E-20 0.00000E+00 0.00000E+00 1.75462E-20 2.83908E-20 2.58726E-21 2.84091E-21 4.66613E-21 1.70403E-21 2.21744E-21 6.50335E-22 6.34762E-22 1.03037E-21 3.46068E-22 4.46548E-22 1.89314E-23 2.29801E-23
 1.22286E+04 6.17432E-20 0.00000E+00 0.00000E+00 1.71433E-20 2.75475E-20 2.53315E-21 2.77010E-21 4.53994E-21 1.64073E-21 2.13355E-21 6.36275E-22 6.18875E-22 1.00263E-21 3.33771E-22 4.30375E-22 1.80443E-23 2.18954E-23
 1.25000E+04 5.82885E-20 0.00000E+00 0.00000E+00 1.62497E-20 2.59355E-20 2.42829E-21 2.63373E-21 4.29772E-21 1.52104E-21 1.97512E-21 6.09061E-22 5.88285E-22 9.49355E-22 3.10474E-22 3.99766E-22 1.63922E-23 1.98766E-23
 1.25320E+04 5.78914E-20 0.00000E+00 0.00000E+00 1.61454E-20 2.57511E-20 2.41631E-21 2.61799E-21 4.26994E-21 1.50750E-21 1.95720E-21 6.05943E-22 5.84756E-22 9.43241E-22 3.07821E-22 3.96282E-22 1.62078E-23 1.96513E-23
 1.25320E+04 6.86146E-20 0.00000E+00 1.07232E-20 1.61454E-20 2.57511E-20 2.41631E-21 2.61799E-21 4.26994E-21 1.50749E-21 1.95720E-21 6.05943E-22 5.84756E-22 9.43241E-22 3.07821E-22 3.96282E-22 1.62078E-23 1.96513E-23
 1.25429E+04 6.69853E-20 0.00000E+00 9.22799E-21 1.61102E-20 2.56889E-20 2.41221E-21 2.61264E-21 4.26051E-21 1.50294E-21 1.95117E-21 6.04886E-22 5.83562E-22 9.41169E-22 3.06928E-22 3.95109E-22 1.61458E-23 1.95755E-23
 1.25537E+04 6.66199E-20 0.00000E+00 8.99643E-21 1.60751E-20 2.56268E-20 2.40812E-21 2.60731E-21 4.25109E-21 1.49839E-21 1.94516E-21 6.03830E-22 5.82370E-22 9.39103E-22 3.06038E-22 3.93940E-22 1.60841E-23 1.95001E-23
 1.25755E+04 6.65131E-20 0.00000E+00 9.15613E-21 1.60052E-20 2.55032E-20 2.39995E-21 2.59668E-21 4.23233E-21 1.48935E-21 1.93320E-21 6.01725E-22 5.79994E-22 9.34983E-22 3.04265E-22 3.91612E-22 1.59613E-23 1.93502E-23
 1.26191E+04 6.59352E-20 0.00000E+00 9.10771E-21 1.58662E-20 2.52577E-20 2.38370E-21 2.57554E-21 4.19504E-21 1.47142E-21 1.90949E-21 5.97535E-22 5.75271E-22 9.26797E-22 3.00750E-22 3.86997E-22 1.57187E-23 1.90537E-23
 1.27067E+04 6.48056E-20 0.00000E+00 9.02215E-21 1.55918E-20 2.47737E-20 2.35154E-21 2.53378E-21 4.12145E-21 1.43621E-21 1.86294E-21 5.89243E-22 5.65940E-22 9.10640E-22 2.93841E-22 3.77931E-22 1.52443E-23 1.84744E-23
 1.28839E+04 6.25742E-20 0.00000E+00 8.82164E-21 1.50565E-20 2.38335E-20 2.28850E-21 2.45228E-21 3.97813E-21 1.36829E-21 1.77321E-21 5.73004E-22 5.47730E-22 8.79167E-22 2.80495E-22 3.60430E-22 1.43382E-23 1.73679E-23
 1.32457E+04 5.83265E-20 0.00000E+00 8.41828E-21 1.40359E-20 2.20588E-20 2.16745E-21 2.29706E-21 3.70626E-21 1.24194E-21 1.60651E-21 5.41855E-22 5.13048E-22 8.19446E-22 2.55594E-22 3.27821E-22 1.26842E-23 1.53499E-23
 1.40000E+04 5.06710E-20 0.00000E+00 7.65489E-21 1.21794E-20 1.88959E-20 1.94422E-21 2.01548E-21 3.21699E-21 1.02314E-21 1.31864E-21 4.84544E-22 4.50134E-22 7.11898E-22 2.12228E-22 2.71188E-22 9.92648E-24 1.19898E-23
 1.50000E+04 4.24419E-20 0.00000E+00 6.78298E-21 1.01760E-20 1.55371E-20 1.69494E-21 1.70726E-21 2.68895E-21 8.01696E-22 1.02841E-21 4.20956E-22 3.81396E-22 5.95806E-22 1.67826E-22 2.13437E-22 7.29588E-24 8.79076E-24
 1.75000E+04 2.84418E-20 0.00000E+00 5.12352E-21 6.75109E-21 9.96929E-21 1.24106E-21 1.16875E-21 1.78722E-21 4.61938E-22 5.86116E-22 3.06161E-22 2.61454E-22 3.97291E-22 9.85376E-23 1.23949E-22 3.64432E-24 4.36584E-24
 2.00000E+04 2.00295E-20 0.00000E+00 3.97743E-21 4.69486E-21 6.74278E-21 9.42217E-22 8.34487E-22 1.24404E-21 2.84560E-22 3.57507E-22 2.31297E-22 1.87021E-22 2.77398E-22 6.16009E-23 7.67197E-23 1.98557E-24 2.36624E-24
 2.20000E+04 1.55635E-20 0.00000E+00 3.30275E-21 3.60795E-21 5.08175E-21 7.71642E-22 6.53126E-22 9.56149E-22 2.00615E-22 2.50221E-22 1.88844E-22 1.46605E-22 2.13693E-22 4.38545E-23 5.42174E-23 1.28352E-24 1.52368E-24
 2.50000E+04 1.10689E-20 0.00000E+00 2.55728E-21 2.52171E-21 3.46129E-21 5.87962E-22 4.67483E-22 6.67854E-22 1.24964E-22 1.54285E-22 1.43378E-22 1.05184E-22 1.49736E-22 2.76505E-23 3.38375E-23 7.12510E-25 8.41236E-25
 3.00000E+04 6.77870E-21 0.00000E+00 1.75357E-21 1.49937E-21 1.98441E-21 3.95840E-22 2.87043E-22 3.95924E-22 6.30834E-23 7.67103E-23 9.61337E-23 6.48342E-23 8.91843E-23 1.41810E-23 1.70912E-23 3.05800E-25 3.58155E-25
 3.50000E+04 4.46264E-21 0.00000E+00 1.26087E-21 9.59031E-22 1.23087E-21 2.81254E-22 1.88315E-22 2.52035E-22 3.51498E-23 4.21662E-23 6.81241E-23 4.26831E-23 5.70005E-23 7.99734E-24 9.50857E-24 1.48752E-25 1.72938E-25
 4.00000E+04 3.09992E-21 0.00000E+00 9.40366E-22 6.48112E-22 8.09845E-22 2.08068E-22 1.29895E-22 1.69301E-22 2.10869E-23 2.49873E-23 5.03073E-23 2.95332E-23 3.84211E-23 4.84330E-24 5.68836E-24 7.93846E-26 9.16697E-26
 4.50000E+04 2.24442E-21 0.00000E+00 7.21998E-22 4.57226E-22 5.57866E-22 1.58844E-22 9.31963E-23 1.18621E-22 1.33971E-23 1.56990E-23 3.83581E-23 2.12474E-23 2.69997E-23 3.10084E-24 3.60130E-24 4.55165E-26 5.22358E-26
 5.00000E+04 1.67946E-21 0.00000E+00 5.67612E-22 3.33882E-22 3.98685E-22 1.24369E-22 6.90283E-23 8.59869E-23 8.91323E-24 1.03363E-23 3.00061E-23 1.57751E-23 1.96217E-23 2.07585E-24 2.38615E-24 2.76437E-26 3.15360E-26
 5.50000E+04 1.29091E-21 0.00000E+00 4.55100E-22 2.50819E-22 2.93654E-22 9.94207E-23 5.24866E-23 6.41029E-23 6.15727E-24 7.07268E-24 2.39712E-23 1.20203E-23 1.46604E-23 1.44153E-24 1.64128E-24 1.76012E-26 1.99666E-26
 6.00000E+04 1.01462E-21 0.00000E+00 3.71003E-22 1.92934E-22 2.21817E-22 8.08725E-23 4.07985E-23 4.89266E-23 4.38913E-24 4.99732E-24 1.94897E-23 9.36105E-24 1.12115E-23 1.03217E-24 1.16485E-24 1.16546E-26 1.31544E-26
 7.00000E+04 6.61404E-22 0.00000E+00 2.56838E-22 1.20919E-22 1.34555E-22 5.58305E-23 2.60151E-23 3.01884E-23 2.40735E-24 2.69702E-24 1.34463E-23 5.98792E-24 6.94015E-24 5.70134E-25 6.33194E-25 5.62336E-27 6.28547E-27
 7.16810E+04 6.19011E-22 0.00000E+00 2.42463E-22 1.12489E-22 1.24536E-22 5.26916E-23 2.42602E-23 2.80071E-23 2.19455E-24 2.45250E-24 1.26895E-23 5.58655E-24 6.44167E-24 5.20249E-25 5.76354E-25 5.02849E-27 5.61254E-27
 7.16810E+04 3.51176E-21 2.89275E-21 2.42463E-22 1.12489E-22 1.24536E-22 5.26916E-23 2.42602E-23 2.80071E-23 2.19455E-24 2.45250E-24 1.26895E-23 5.58655E-24 6.44167E-24 5.20249E-25 5.76354E-25 5.02849E-27 5.61254E-27
 7.17425E+04 3.12281E-21 2.50528E-21 2.41958E-22 1.12196E-22 1.24188E-22 5.25814E-23 2.41990E-23 2.79313E-23 2.18722E-24 2.44409E-24 1.26629E-23 5.57255E-24 6.42434E-24 5.18530E-25 5.74397E-25 5.00821E-27 5.58961E-27
 7.18041E+04 3.11086E-21 2.49480E-21 2.41455E-22 1.11903E-22 1.23841E-22 5.24715E-23 2.41380E-23 2.78556E-23 2.17991E-24 2.43571E-24 1.26364E-23 5.55859E-24 6.40705E-24 5.16816E-25 5.72448E-25 4.98801E-27 5.56678E-27
 7.19274E+04 3.09939E-21 2.48628E-21 2.40451E-22 1.11320E-22 1.23150E-22 5.22524E-23 2.40164E-23 2.77050E-23 2.16537E-24 2.41903E-24 1.25836E-23 5.53078E-24 6.37262E-24 5.13407E-25 5.68568E-25 4.94785E-27 5.52139E-27
 7.21746E+04 3.07169E-21 2.46442E-21 2.38456E-22 1.10163E-22 1.21780E-22 5.18170E-23 2.37751E-23 2.74062E-23 2.13659E-24 2.38601E-24 1.24786E-23 5.47557E-24 6.30431E-24 5.06654E-25 5.60888E-25 4.86850E-27 5.43173E-27
 7.26716E+04 3.01952E-21 2.42375E-21 2.34516E-22 1.07885E-22 1.19085E-22 5.09569E-23 2.32997E-23 2.68181E-23 2.08016E-24 2.32133E-24 1.22713E-23 5.36680E-24 6.16987E-24 4.93414E-25 5.45838E-25 4.71360E-27 5.25674E-27
 7.36759E+04 2.91680E-21 2.34340E-21 2.26831E-22 1.03469E-22 1.13873E-22 4.92794E-23 2.23772E-23 2.56796E-23 1.97174E-24 2.19717E-24 1.18669E-23 5.15569E-24 5.90953E-24 4.67964E-25 5.16938E-25 4.41843E-27 4.92349E-27
 7.57263E+04 2.71876E-21 2.18755E-21 2.12206E-22 9.51715E-23 1.04124E-22 4.60881E-23 2.06404E-23 2.35455E-23 1.77155E-24 1.96842E-24 1.10977E-23 4.75806E-24 5.42135E-24 4.20933E-25 4.63647E-25 3.88239E-27 4.31903E-27
 8.00000E+04 2.35882E-21 1.90276E-21 1.85726E-22 8.05197E-23 8.70571E-23 4.03123E-23 1.75607E-23 1.97946E-23 1.43008E-24 1.57989E-24 9.70554E-24 4.05244E-24 4.56264E-24 3.40577E-25 3.72980E-25 2.99752E-27 3.32364E-27
 9.00000E+04 1.73507E-21 1.40669E-21 1.38986E-22 5.62000E-23 5.92165E-23 3.01453E-23 1.23925E-23 1.36104E-23 9.03919E-25 9.86106E-25 7.25650E-24 2.86589E-24 3.14389E-24 2.16194E-25 2.33847E-25 1.72565E-27 1.89944E-27
 1.00000E+05 1.31450E-21 1.06981E-21 1.06932E-22 4.07260E-23 4.19230E-23 2.31868E-23 9.06262E-24 9.72151E-24 6.00033E-25 6.47492E-25 5.58108E-24 2.09961E-24 2.24966E-24 1.44048E-25 1.54106E-25 1.05596E-27 1.15458E-27
 1.10000E+05 1.02060E-21 8.33092E-22 8.41780E-23 3.04322E-23 3.06675E-23 1.82532E-23 6.82402E-24 7.16466E-24 4.14700E-25 4.43043E-25 4.39354E-24 1.58345E-24 1.66052E-24 9.98508E-26 1.05781E-25 6.79036E-28 7.37846E-28
 1.25000E+05 7.25102E-22 5.93886E-22 6.09043E-23 2.05959E-23 2.01683E-23 1.32110E-23 4.66260E-24 4.75522E-24 2.53194E-25 2.67087E-25 3.18010E-24 1.08399E-24 1.10419E-24 6.11939E-26 6.40062E-26 3.77016E-28 4.06517E-28
 1.40000E+05 5.34597E-22 4.38940E-22 4.56143E-23 1.45829E-23 1.39203E-23 9.89967E-24 3.32678E-24 3.30644E-24 1.63937E-25 1.71056E-25 2.38329E-24 7.74674E-25 7.68977E-25 3.97400E-26 4.11212E-26 2.25007E-28 2.40963E-28
 1.50000E+05 4.43814E-22 3.64876E-22 3.82229E-23 1.18259E-23 1.11147E-23 8.29891E-24 2.70958E-24 2.65108E-24 1.26026E-25 1.30680E-25 1.99810E-24 6.31522E-25 6.17107E-25 3.05960E-26 3.14679E-26 1.64754E-28 1.75844E-28
 1.75000E+05 2.92643E-22 2.41183E-22 2.57114E-23 7.42174E-24 6.73915E-24 5.58841E-24 1.71566E-24 1.62106E-24 7.03474E-26 7.20394E-26 1.34583E-24 4.00621E-25 3.78034E-25 1.71384E-26 1.74075E-26 8.27593E-29 8.76950E-29
 2.00000E+05 2.04087E-22 1.68487E-22 1.82225E-23 4.97402E-24 4.38615E-24 3.96482E-24 1.15771E-24 1.06191E-24 4.27409E-26 4.33743E-26 9.55053E-25 2.70734E-25 2.47982E-25 1.04382E-26 1.05071E-26 4.60532E-29 4.85596E-29
 2.20000E+05 1.57934E-22 1.30522E-22 1.42541E-23 3.74720E-24 3.23754E-24 3.10376E-24 8.76066E-25 7.87076E-25 3.00701E-26 3.03578E-26 7.47771E-25 2.05061E-25 1.83971E-25 7.35681E-27 7.36719E-27 3.05010E-29 3.20942E-29
 2.50000E+05 1.12207E-22 9.28464E-23 1.02631E-23 2.57280E-24 2.16472E-24 2.23702E-24 6.04734E-25 5.28909E-25 1.88914E-26 1.89753E-26 5.39077E-25 1.41720E-25 1.23760E-25 4.62997E-27 4.61314E-27 1.77326E-29 1.86327E-29
 3.00000E+05 6.93260E-23 5.74520E-23 6.44776E-24 1.51874E-24 1.23329E-24 1.40731E-24 3.59350E-25 3.03144E-25 9.87101E-27 9.88814E-27 3.39240E-25 8.43336E-26 7.10287E-26 2.42511E-27 2.41012E-27 8.35009E-30 8.80398E-30
 3.50000E+05 4.64935E-23 3.85762E-23 4.37591E-24 9.82319E-25 7.76198E-25 9.56046E-25 2.33525E-25 1.91593E-25 5.78543E-27 5.81221E-27 2.30514E-25 5.48617E-26 4.49333E-26 1.42395E-27 1.41913E-27 4.50967E-30 4.79055E-30
 4.00000E+05 3.31288E-23 2.75151E-23 3.14501E-24 6.79247E-25 5.25430E-25 6.87608E-25 1.62052E-25 1.30093E-25 3.68939E-27 3.72788E-27 1.65818E-25 3.81002E-26 3.05305E-26 9.08972E-28 9.11169E-28 2.68786E-30 2.88272E-30
 4.50000E+05 2.47269E-23 2.05554E-23 2.36227E-24 4.94192E-25 3.75936E-25 5.16733E-25 1.18221E-25 9.32879E-26 2.50463E-27 2.55273E-27 1.24625E-25 2.78121E-26 2.19041E-26 6.17910E-28 6.24675E-28 1.72590E-30 1.87769E-30
 5.00000E+05 1.91419E-23 1.59256E-23 1.83728E-24 3.74201E-25 2.80887E-25 4.02032E-25 8.97082E-26 6.98174E-26 1.78815E-27 1.83977E-27 9.69698E-26 2.11133E-26 1.63994E-26 4.41320E-28 4.50552E-28 1.17525E-30 1.29611E-30
 5.50000E+05 1.52596E-23 1.27052E-23 1.46975E-24 2.92576E-25 2.17267E-25 3.21683E-25 7.02530E-26 5.40741E-26 1.32783E-27 1.38117E-27 7.75936E-26 1.65415E-26 1.27047E-26 3.27939E-28 3.38344E-28 8.39962E-31 9.36672E-31
 6.00000E+05 1.24602E-23 1.03817E-23 1.20325E-24 2.34835E-25 1.72865E-25 2.63390E-25 5.64624E-26 4.30653E-26 1.01807E-27 1.07087E-27 6.35347E-26 1.32984E-26 1.01209E-26 2.51678E-28 2.62521E-28 6.20619E-31 7.05561E-31
 7.00000E+05 8.79176E-24 7.33426E-24 8.51882E-25 1.60961E-25 1.16928E-25 1.86493E-25 3.87806E-26 2.91720E-26 6.47013E-28 6.95842E-28 4.49868E-26 9.13766E-27 6.85774E-27 1.59936E-28 1.70665E-28 3.72265E-31 4.34730E-31
 8.00000E+05 6.57040E-24 5.48699E-24 6.37821E-25 1.17522E-25 8.45766E-26 1.39626E-25 2.83544E-26 2.11197E-26 4.43831E-28 4.87945E-28 3.36809E-26 6.68338E-27 4.96583E-27 1.09838E-28 1.19772E-28 2.43380E-31 2.93426E-31
 9.00000E+05 5.12442E-24 4.28331E-24 4.97917E-25 8.99544E-26 6.42860E-26 1.08987E-25 2.17266E-26 1.60615E-26 3.23014E-28 3.62254E-28 2.62894E-26 5.12199E-27 3.77707E-27 7.99251E-29 8.89323E-29 1.70676E-31 2.10615E-31
 1.00000E+06 4.12959E-24 3.45441E-24 4.01407E-25 7.14038E-26 5.07472E-26 8.78490E-26 1.72589E-26 1.26835E-26 2.45623E-28 2.80688E-28 2.11898E-26 4.06950E-27 2.98282E-27 6.08062E-29 6.89187E-29 1.25173E-31 1.58990E-31
 1.10000E+06 3.41469E-24 2.85825E-24 3.31931E-25 5.83293E-26 4.12641E-26 7.26323E-26 1.41054E-26 1.03154E-26 1.93288E-28 2.24699E-28 1.75187E-26 3.32642E-27 2.42602E-27 4.79033E-29 5.52027E-29 9.62057E-32 1.24431E-31
 1.25000E+06 2.66595E-24 2.23330E-24 2.59072E-25 4.49123E-26 3.15871E-26 5.66750E-26 1.08668E-26 7.89758E-27 1.42212E-28 1.69001E-28 1.36689E-26 2.56296E-27 1.85753E-27 3.52344E-29 4.15191E-29 6.79804E-32 9.11481E-32
 1.40000E+06 2.15539E-24 1.80672E-24 2.09345E-25 3.59546E-26 2.51598E-26 4.57848E-26 8.70314E-27 6.29137E-27 1.09680E-28 1.32855E-28 1.10419E-26 2.05282E-27 1.47972E-27 2.71599E-29 3.26285E-29 5.11261E-32 7.01845E-32
 1.50000E+06 1.89948E-24 1.59276E-24 1.84411E-25 3.15318E-26 2.19973E-26 4.03253E-26 7.63405E-27 5.50078E-27 9.40942E-29 1.15290E-28 9.72485E-27 1.80067E-27 1.29376E-27 2.33250E-29 2.83313E-29 4.30873E-32 6.00880E-32
 1.75000E+06 1.44359E-24 1.21127E-24 1.39988E-25 2.37775E-26 1.64728E-26 3.06007E-26 5.75841E-27 4.11901E-27 6.78249E-29 8.51001E-29 7.37902E-27 1.35850E-27 9.68796E-28 1.68265E-29 2.09240E-29 2.98395E-32 4.33440E-32
 2.00000E+06 1.14782E-24 9.63537E-25 1.11174E-25 1.88405E-26 1.29712E-26 2.42949E-26 4.56396E-27 3.24304E-27 5.19563E-29 6.63840E-29 5.85800E-27 1.07670E-27 7.62729E-28 1.28743E-29 1.63117E-29 2.23351E-32 3.31879E-32
 2.20000E+06 9.79018E-25 8.22058E-25 9.47235E-26 1.60516E-26 1.10489E-26 2.06739E-26 3.88361E-27 2.75948E-27 4.42069E-29 5.64822E-29 4.98340E-27 9.15933E-28 6.48839E-28 1.09517E-29 1.38757E-29 1.89990E-32 2.82309E-32
 2.50000E+06 7.95438E-25 6.68136E-25 7.68557E-26 1.30227E-26 8.96188E-27 1.67481E-26 3.14603E-27 2.23529E-27 3.58071E-29 4.57494E-29 4.03562E-27 7.41721E-28 5.25422E-28 8.86832E-30 1.12361E-29 1.53843E-32 2.28596E-32
 3.00000E+06 5.97889E-25 5.02465E-25 5.76391E-26 9.76552E-27 6.71839E-27 1.25359E-26 2.35469E-27 1.67292E-27 2.67963E-29 3.42362E-29 3.01924E-27 5.54907E-28 3.93080E-28 6.63436E-30 8.40566E-30 1.15084E-32 1.71004E-32
 3.50000E+06 4.74018E-25 3.98580E-25 4.55838E-26 7.72245E-27 5.31166E-27 9.89977E-27 1.85946E-27 1.32101E-27 2.11583E-29 2.70326E-29 2.38351E-27 4.38059E-28 3.10305E-28 5.23716E-30 6.63541E-30 9.08442E-33 1.34986E-32
 4.00000E+06 3.90158E-25 3.28255E-25 3.74157E-26 6.33830E-27 4.35888E-27 8.11687E-27 1.52454E-27 1.08304E-27 1.73459E-29 2.21615E-29 1.95374E-27 3.59068E-28 2.54348E-28 4.29268E-30 5.43875E-30 7.44592E-33 1.10639E-32
 4.50000E+06 3.30129E-25 2.77918E-25 3.15651E-26 5.34695E-27 3.67663E-27 6.84168E-27 1.28500E-27 9.12841E-28 1.46196E-29 1.86781E-29 1.64645E-27 3.02591E-28 2.14341E-28 3.61742E-30 4.58320E-30 6.27451E-33 9.32334E-33
 5.00000E+06 2.85298E-25 2.40323E-25 2.71950E-26 4.60650E-27 3.16715E-27 5.89028E-27 1.10629E-27 7.85871E-28 1.25857E-29 1.60796E-29 1.41726E-27 2.60467E-28 1.84502E-28 3.11378E-30 3.94509E-30 5.40085E-33 8.02515E-33
 5.50000E+06 2.50685E-25 2.11294E-25 2.38219E-26 4.03501E-27 2.77398E-27 5.15666E-27 9.68489E-28 6.87969E-28 1.10175E-29 1.40760E-29 1.24057E-27 2.27993E-28 1.61498E-28 2.72553E-30 3.45318E-30 4.72736E-33 7.02441E-33
 6.00000E+06 2.23251E-25 1.88285E-25 2.11489E-26 3.58216E-27 2.46247E-27 4.57579E-27 8.59384E-28 6.10456E-28 9.77599E-30 1.24898E-29 1.10070E-27 2.02286E-28 1.43288E-28 2.41818E-30 3.06379E-30 4.19423E-33 6.23224E-33
 7.00000E+06 1.82671E-25 1.54239E-25 1.72002E-26 2.91321E-27 2.00238E-27 3.71852E-27 6.98366E-28 4.96065E-28 7.94386E-30 1.01490E-29 8.94314E-28 1.64356E-28 1.16420E-28 1.96472E-30 2.48925E-30 3.40766E-33 5.06345E-33
 8.00000E+06 1.54230E-25 1.30365E-25 1.44396E-26 2.44557E-27 1.68080E-27 3.11985E-27 5.85922E-28 4.16186E-28 6.66452E-30 8.51449E-30 7.50224E-28 1.37874E-28 9.76614E-29 1.64813E-30 2.08814E-30 2.85852E-33 4.24749E-33
 9.00000E+06 1.32892E-25 1.12382E-25 1.24114E-26 2.10200E-27 1.44456E-27 2.68036E-27 5.03379E-28 3.57549E-28 5.72544E-30 7.31471E-30 6.44470E-28 1.18439E-28 8.38940E-29 1.41578E-30 1.79376E-30 2.45551E-33 3.64865E-33
 1.00000E+07 1.16551E-25 9.86003E-26 1.08637E-26 1.83985E-27 1.26434E-27 2.34525E-27 4.40439E-28 3.12839E-28 5.00942E-30 6.39992E-30 5.63843E-28 1.03621E-28 7.33979E-29 1.23864E-30 1.56933E-30 2.14826E-33 3.19212E-33
 1.10000E+07 1.03668E-25 8.77287E-26 9.64714E-27 1.63379E-27 1.12268E-27 2.08196E-27 3.90991E-28 2.77714E-28 4.44691E-30 5.68126E-30 5.00507E-28 9.19809E-29 6.51528E-29 1.09950E-30 1.39303E-30 1.90692E-33 2.83350E-33
 1.25000E+07 8.87912E-26 7.51673E-26 8.24644E-27 1.39655E-27 9.59597E-28 1.77901E-27 3.34093E-28 2.37297E-28 3.79968E-30 4.85436E-30 4.27637E-28 7.85889E-29 5.56667E-29 9.39405E-31 1.19020E-30 1.62925E-33 2.42091E-33
 1.40000E+07 7.75524E-26 6.56724E-26 7.19140E-27 1.21785E-27 8.36776E-28 1.55094E-27 2.91260E-28 2.06872E-28 3.31246E-30 4.23190E-30 3.72788E-28 6.85088E-29 4.85265E-29 8.18907E-31 1.03753E-30 1.42025E-33 2.11036E-33
 1.50000E+07 7.14813E-26 6.05414E-26 6.62265E-27 1.12153E-27 7.70571E-28 1.42804E-27 2.68180E-28 1.90478E-28 3.04993E-30 3.89649E-30 3.43234E-28 6.30774E-29 4.46793E-29 7.53981E-31 9.55273E-31 1.30765E-33 1.94304E-33
 1.75000E+07 5.97129E-26 5.05909E-26 5.52261E-27 9.35221E-28 6.42532E-28 1.19044E-27 2.23557E-28 1.58782E-28 2.54238E-30 3.24806E-30 2.86102E-28 5.25779E-29 3.72422E-29 6.28473E-31 7.96257E-31 1.08996E-33 1.61958E-33
 2.00000E+07 5.12167E-26 4.34035E-26 4.73054E-27 8.01078E-28 5.50350E-28 1.01944E-27 1.91444E-28 1.35973E-28 2.17714E-30 2.78143E-30 2.44992E-28 4.50228E-29 3.18906E-29 5.38161E-31 6.81835E-31 9.33331E-34 1.38684E-33
 2.20000E+07 4.59590E-26 3.89541E-26 4.24132E-27 7.18225E-28 4.93417E-28 9.13864E-28 1.71616E-28 1.21889E-28 1.95163E-30 2.49333E-30 2.19610E-28 4.03583E-29 2.85866E-29 4.82405E-31 6.11193E-31 8.36630E-34 1.24315E-33
 2.50000E+07 3.98041E-26 3.37439E-26 3.66955E-27 6.21395E-28 4.26882E-28 7.90511E-28 1.48451E-28 1.05436E-28 1.68817E-30 2.15674E-30 1.89959E-28 3.49091E-29 2.47268E-29 4.17268E-31 5.28666E-31 7.23660E-34 1.07529E-33
 3.00000E+07 3.25125E-26 2.75690E-26 2.99355E-27 5.06917E-28 3.48226E-28 6.44729E-28 1.21074E-28 8.59906E-29 1.37681E-30 1.75896E-30 1.54918E-28 2.84696E-29 2.01655E-29 3.40295E-31 4.31143E-31 5.90164E-34 8.76927E-34
 3.50000E+07 2.74616E-26 2.32900E-26 2.52620E-27 4.27772E-28 2.93850E-28 5.43978E-28 1.02153E-28 7.25523E-29 1.16164E-30 1.48406E-30 1.30704E-28 2.40197E-29 1.70136E-29 2.87104E-31 3.63752E-31 4.97914E-34 7.39853E-34
 4.00000E+07 2.37603E-26 2.01536E-26 2.18422E-27 3.69862E-28 2.54064E-28 4.70278E-28 8.83128E-29 6.27221E-29 1.00424E-30 1.28297E-30 1.12992E-28 2.07647E-29 1.47080E-29 2.48197E-31 3.14458E-31 4.30438E-34 6.39589E-34
 4.50000E+07 2.09336E-26 1.77577E-26 1.92334E-27 3.25683E-28 2.23714E-28 4.14065E-28 7.77564E-29 5.52245E-29 8.84196E-31 1.12961E-30 9.94837E-29 1.82822E-29 1.29496E-29 2.18523E-31 2.76862E-31 3.78975E-34 5.63121E-34
 5.00000E+07 1.87051E-26 1.58686E-26 1.71785E-27 2.90887E-28 1.99810E-28 3.69797E-28 6.94433E-29 4.93202E-29 7.89660E-31 1.00883E-30 8.88461E-29 1.63273E-29 1.15649E-29 1.95156E-31 2.47257E-31 3.38451E-34 5.02905E-34
 5.50000E+07 1.69038E-26 1.43414E-26 1.55187E-27 2.62780E-28 1.80501E-28 3.34044E-28 6.27294E-29 4.45517E-29 7.13310E-31 9.11289E-31 8.02550E-29 1.47485E-29 1.04466E-29 1.76285E-31 2.23348E-31 3.05723E-34 4.54274E-34
 6.00000E+07 1.54178E-26 1.30814E-26 1.41503E-27 2.39609E-28 1.64584E-28 3.04572E-28 5.71948E-29 4.06209E-29 6.50373E-31 8.30883E-31 7.31733E-29 1.34471E-29 9.52477E-30 1.60729E-31 2.03639E-31 2.78745E-34 4.14188E-34
 7.00000E+07 1.31107E-26 1.11249E-26 1.20273E-27 2.03658E-28 1.39888E-28 2.58853E-28 4.86092E-29 3.45231E-29 5.52740E-31 7.06153E-31 6.21880E-29 1.14283E-29 8.09483E-30 1.36599E-31 1.73067E-31 2.36896E-34 3.52005E-34
 8.00000E+07 1.14029E-26 9.67640E-27 1.04570E-27 1.77068E-28 1.21622E-28 2.25042E-28 4.22598E-29 3.00136E-29 4.80538E-31 6.13911E-31 5.40641E-29 9.93537E-30 7.03736E-30 1.18754E-31 1.50458E-31 2.05949E-34 3.06020E-34
 9.00000E+07 1.00881E-26 8.56109E-27 9.24873E-28 1.56608E-28 1.07568E-28 1.99028E-28 3.73748E-29 2.65441E-29 4.24989E-31 5.42944E-31 4.78141E-29 8.78679E-30 6.22381E-30 1.05026E-31 1.33064E-31 1.82140E-34 2.70642E-34
 1.00000E+08 9.04474E-27 7.67598E-27 8.29038E-28 1.40380E-28 9.64210E-29 1.78398E-28 3.35006E-29 2.37926E-29 3.80934E-31 4.86662E-31 4.28574E-29 7.87590E-30 5.57860E-30 9.41379E-32 1.19270E-31 1.63257E-34 2.42585E-34
 1.10000E+08 8.19674E-27 6.95654E-27 7.51176E-28 1.27195E-28 8.73646E-29 1.61637E-28 3.03532E-29 2.15572E-29 3.45145E-31 4.40938E-31 3.88306E-29 7.13590E-30 5.05445E-30 8.52929E-32 1.08063E-31 1.47918E-34 2.19792E-34
 1.25000E+08 7.18586E-27 6.09886E-27 6.58394E-28 1.11484E-28 7.65731E-29 1.41667E-28 2.66030E-29 1.88938E-29 3.02500E-31 3.86458E-31 3.40327E-29 6.25418E-30 4.42992E-30 7.47540E-32 9.47109E-32 1.29641E-34 1.92634E-34
 1.40000E+08 6.39677E-27 5.42930E-27 5.85996E-28 9.92252E-29 6.81525E-29 1.26085E-28 2.36769E-29 1.68156E-29 2.69227E-31 3.43950E-31 3.02892E-29 5.56624E-30 3.94264E-30 6.65311E-32 8.42928E-32 1.15380E-34 1.71444E-34
 1.50000E+08 5.96036E-27 5.05898E-27 5.45966E-28 9.24468E-29 6.34967E-29 1.17470E-28 2.20591E-29 1.56666E-29 2.50831E-31 3.20448E-31 2.82195E-29 5.18588E-30 3.67323E-30 6.19849E-32 7.85328E-32 1.07496E-34 1.59729E-34
 1.75000E+08 5.09177E-27 4.32190E-27 4.66316E-28 7.89598E-29 5.42329E-29 1.00328E-28 1.88402E-29 1.33805E-29 2.14229E-31 2.73687E-31 2.41015E-29 4.42912E-30 3.13720E-30 5.29395E-32 6.70727E-32 9.18094E-35 1.36420E-34
 2.00000E+08 4.44405E-27 3.77221E-27 4.06938E-28 6.89054E-29 4.73269E-29 8.75509E-29 1.64408E-29 1.16764E-29 1.86945E-31 2.38831E-31 2.10318E-29 3.86501E-30 2.73764E-30 4.61969E-32 5.85301E-32 8.01161E-35 1.19045E-34
 2.20000E+08 4.03352E-27 3.42380E-27 3.69313E-28 6.25345E-29 4.29510E-29 7.94547E-29 1.49204E-29 1.05966E-29 1.69657E-31 2.16745E-31 1.90869E-29 3.50758E-30 2.48446E-30 4.19247E-32 5.31173E-32 7.27071E-35 1.08036E-34
 2.50000E+08 3.54260E-27 3.00715E-27 3.24329E-28 5.49174E-29 3.77192E-29 6.97753E-29 1.31028E-29 9.30568E-30 1.48989E-31 1.90340E-31 1.67616E-29 3.08026E-30 2.18179E-30 3.68171E-32 4.66461E-32 6.38493E-35 9.48739E-35
 3.00000E+08 2.94513E-27 2.50005E-27 2.69594E-28 4.56493E-29 3.13534E-29 5.79983E-29 1.08912E-29 7.73502E-30 1.23841E-31 1.58213E-31 1.39324E-29 2.56035E-30 1.81352E-30 3.06027E-32 3.87727E-32 5.30721E-35 7.88600E-35
 3.50000E+08 2.52008E-27 2.13927E-27 2.30664E-28 3.90573E-29 2.68258E-29 4.96222E-29 9.31830E-30 6.61792E-30 1.05956E-31 1.35363E-31 1.19202E-29 2.19057E-30 1.55161E-30 2.61830E-32 3.31730E-32 4.54072E-35 6.74708E-35
 4.00000E+08 2.20223E-27 1.86948E-27 2.01557E-28 3.41287E-29 2.34406E-29 4.33599E-29 8.14233E-30 5.78274E-30 9.25842E-32 1.18280E-31 1.04159E-29 1.91412E-30 1.35579E-30 2.28786E-32 2.89865E-32 3.96767E-35 5.89557E-35
 4.50000E+08 1.95558E-27 1.66011E-27 1.78972E-28 3.03045E-29 2.08140E-29 3.85009E-29 7.22989E-30 5.13471E-30 8.22090E-32 1.05026E-31 9.24862E-30 1.69961E-30 1.20386E-30 2.03147E-32 2.57381E-32 3.52304E-35 5.23489E-35
 5.00000E+08 1.75860E-27 1.49291E-27 1.60938E-28 2.72509E-29 1.87167E-29 3.46212E-29 6.50133E-30 4.61728E-30 7.39247E-32 9.44421E-32 8.31661E-30 1.52834E-30 1.08254E-30 1.82676E-32 2.31444E-32 3.16801E-35 4.70736E-35
 5.50000E+08 1.59768E-27 1.35631E-27 1.46206E-28 2.47564E-29 1.70033E-29 3.14517E-29 5.90615E-30 4.19458E-30 6.71571E-32 8.57961E-32 7.55524E-30 1.38842E-30 9.83435E-31 1.65952E-32 2.10256E-32 2.87798E-35 4.27640E-35
 6.00000E+08 1.46373E-27 1.24261E-27 1.33944E-28 2.26802E-29 1.55773E-29 2.88138E-29 5.41080E-30 3.84278E-30 6.15246E-32 7.86004E-32 6.92157E-30 1.27197E-30 9.00953E-31 1.52033E-32 1.92621E-32 2.63660E-35 3.91773E-35
 7.00000E+08 1.25354E-27 1.06418E-27 1.14705E-28 1.94224E-29 1.33398E-29 2.46748E-29 4.63355E-30 3.29078E-30 5.26867E-32 6.73096E-32 5.92730E-30 1.08925E-30 7.71532E-31 1.30194E-32 1.64951E-32 2.25785E-35 3.35495E-35
 8.00000E+08 1.09614E-27 9.30558E-28 1.00298E-28 1.69829E-29 1.16643E-29 2.15755E-29 4.05155E-30 2.87743E-30 4.60689E-32 5.88551E-32 5.18279E-30 9.52437E-31 6.74622E-31 1.13841E-32 1.44232E-32 1.97425E-35 2.93355E-35
 9.00000E+08 9.73852E-28 8.26749E-28 8.91060E-29 1.50879E-29 1.03627E-29 1.91679E-29 3.59944E-30 2.55634E-30 4.09281E-32 5.22874E-32 4.60443E-30 8.46153E-31 5.99340E-31 1.01137E-32 1.28137E-32 1.75394E-35 2.60619E-35
 1.00000E+09 8.76112E-28 7.43775E-28 8.01611E-29 1.35733E-29 9.32245E-30 1.72437E-29 3.23810E-30 2.29971E-30 3.68194E-32 4.70384E-32 4.14220E-30 7.61208E-31 5.39173E-31 9.09839E-33 1.15274E-32 1.57786E-35 2.34455E-35
