 ***  Photoelectric cross sections,  IZ = 35,  NSHELL =  9,  NDATA = 273
              0           1           2           3           4           5           6           7           8           9
 5.00000E+01 5.44857E-19 0.00000E+00 0.00000E+00 0.00000E+00 0.00000E+00 0.00000E+00 0.00000E+00 0.00000E+00 0.00000E+00 0.00000E+00
 5.12057E+01 5.14718E-19 0.00000E+00 0.00000E+00 0.00000E+00 0.00000E+00 0.00000E+00 0.00000E+00 0.00000E+00 0.00000E+00 0.00000E+00
 5.24404E+01 4.87881E-19 0.00000E+00 0.00000E+00 0.00000E+00 0.00000E+00 0.00000E+00 0.00000E+00 0.00000E+00 0.00000E+00 0.00000E+00
 5.37050E+01 4.63759E-19 0.00000E+00 0.00000E+00 0.00000E+00 0.00000E+00 0.00000E+00 0.00000E+00 0.00000E+00 0.00000E+00 0.00000E+00
 5.50000E+01 4.42107E-19 0.00000E+00 0.00000E+00 0.00000E+00 0.00000E+00 0.00000E+00 0.00000E+00 0.00000E+00 0.00000E+00 0.00000E+00
 5.62095E+01 4.24509E-19 0.00000E+00 0.00000E+00 0.00000E+00 0.00000E+00 0.00000E+00 0.00000E+00 0.00000E+00 0.00000E+00 0.00000E+00
 5.74456E+01 4.08613E-19 0.00000E+00 0.00000E+00 0.00000E+00 0.00000E+00 0.00000E+00 0.00000E+00 0.00000E+00 0.00000E+00 0.00000E+00
 5.87089E+01 3.94118E-19 0.00000E+00 0.00000E+00 0.00000E+00 0.00000E+00 0.00000E+00 0.00000E+00 0.00000E+00 0.00000E+00 0.00000E+00
 6.00000E+01 3.80924E-19 0.00000E+00 0.00000E+00 0.00000E+00 0.00000E+00 0.00000E+00 0.00000E+00 0.00000E+00 0.00000E+00 0.00000E+00
 6.23574E+01 3.60454E-19 0.00000E+00 0.00000E+00 0.00000E+00 0.00000E+00 0.00000E+00 0.00000E+00 0.00000E+00 0.00000E+00 0.00000E+00
 6.48074E+01 3.43118E-19 0.00000E+00 0.00000E+00 0.00000E+00 0.00000E+00 0.00000E+00 0.00000E+00 0.00000E+00 0.00000E+00 0.00000E+00
 6.73537E+01 3.28296E-19 0.00000E+00 0.00000E+00 0.00000E+00 0.00000E+00 0.00000E+00 0.00000E+00 0.00000E+00 0.00000E+00 0.00000E+00
 7.00000E+01 3.15504E-19 0.00000E+00 0.00000E+00 0.00000E+00 0.00000E+00 0.00000E+00 0.00000E+00 0.00000E+00 0.00000E+00 0.00000E+00
 7.60000E+01 2.93124E-19 0.00000E+00 0.00000E+00 0.00000E+00 0.00000E+00 0.00000E+00 0.00000E+00 0.00000E+00 0.00000E+00 0.00000E+00
 7.60000E+01 6.65847E-19 0.00000E+00 0.00000E+00 0.00000E+00 0.00000E+00 0.00000E+00 0.00000E+00 0.00000E+00 0.00000E+00 3.72724E-19
 7.70000E+01 6.64715E-19 0.00000E+00 0.00000E+00 0.00000E+00 0.00000E+00 0.00000E+00 0.00000E+00 0.00000E+00 0.00000E+00 3.74614E-19
 7.70000E+01 9.08027E-19 0.00000E+00 0.00000E+00 0.00000E+00 0.00000E+00 0.00000E+00 0.00000E+00 0.00000E+00 2.43312E-19 3.74614E-19
 7.84857E+01 9.10571E-19 0.00000E+00 0.00000E+00 0.00000E+00 0.00000E+00 0.00000E+00 0.00000E+00 0.00000E+00 2.45942E-19 3.78918E-19
 8.00000E+01 9.20223E-19 0.00000E+00 0.00000E+00 0.00000E+00 0.00000E+00 0.00000E+00 0.00000E+00 0.00000E+00 2.50502E-19 3.88140E-19
 8.11865E+01 9.34581E-19 0.00000E+00 0.00000E+00 0.00000E+00 0.00000E+00 0.00000E+00 0.00000E+00 0.00000E+00 2.56261E-19 3.99835E-19
 8.17864E+01 9.44596E-19 0.00000E+00 0.00000E+00 0.00000E+00 0.00000E+00 0.00000E+00 0.00000E+00 0.00000E+00 2.60098E-19 4.07476E-19
 8.23907E+01 9.56706E-19 0.00000E+00 0.00000E+00 0.00000E+00 0.00000E+00 0.00000E+00 0.00000E+00 0.00000E+00 2.64675E-19 4.16463E-19
 8.29994E+01 9.71102E-19 0.00000E+00 0.00000E+00 0.00000E+00 0.00000E+00 0.00000E+00 0.00000E+00 0.00000E+00 2.70071E-19 4.26909E-19
 8.36127E+01 9.87974E-19 0.00000E+00 0.00000E+00 0.00000E+00 0.00000E+00 0.00000E+00 0.00000E+00 0.00000E+00 2.76363E-19 4.38928E-19
 8.42305E+01 1.00751E-18 0.00000E+00 0.00000E+00 0.00000E+00 0.00000E+00 0.00000E+00 0.00000E+00 0.00000E+00 2.83629E-19 4.52631E-19
 8.48528E+01 1.02988E-18 0.00000E+00 0.00000E+00 0.00000E+00 0.00000E+00 0.00000E+00 0.00000E+00 0.00000E+00 2.91969E-19 4.68130E-19
 8.54798E+01 1.05530E-18 0.00000E+00 0.00000E+00 0.00000E+00 0.00000E+00 0.00000E+00 0.00000E+00 0.00000E+00 3.01442E-19 4.85534E-19
 8.61113E+01 1.08401E-18 0.00000E+00 0.00000E+00 0.00000E+00 0.00000E+00 0.00000E+00 0.00000E+00 0.00000E+00 3.12120E-19 5.04950E-19
 8.67476E+01 1.11615E-18 0.00000E+00 0.00000E+00 0.00000E+00 0.00000E+00 0.00000E+00 0.00000E+00 0.00000E+00 3.24075E-19 5.26479E-19
 8.73885E+01 1.15184E-18 0.00000E+00 0.00000E+00 0.00000E+00 0.00000E+00 0.00000E+00 0.00000E+00 0.00000E+00 3.37379E-19 5.50213E-19
 8.86846E+01 1.23454E-18 0.00000E+00 0.00000E+00 0.00000E+00 0.00000E+00 0.00000E+00 0.00000E+00 0.00000E+00 3.68238E-19 6.04710E-19
 9.00000E+01 1.33295E-18 0.00000E+00 0.00000E+00 0.00000E+00 0.00000E+00 0.00000E+00 0.00000E+00 0.00000E+00 4.05353E-19 6.68676E-19
 9.11931E+01 1.43503E-18 0.00000E+00 0.00000E+00 0.00000E+00 0.00000E+00 0.00000E+00 0.00000E+00 0.00000E+00 4.43917E-19 7.34550E-19
 9.24021E+01 1.55043E-18 0.00000E+00 0.00000E+00 0.00000E+00 0.00000E+00 0.00000E+00 0.00000E+00 0.00000E+00 4.87786E-19 8.08341E-19
 9.48683E+01 1.81944E-18 0.00000E+00 0.00000E+00 0.00000E+00 0.00000E+00 0.00000E+00 0.00000E+00 0.00000E+00 5.91167E-19 9.78463E-19
 9.74004E+01 2.13219E-18 0.00000E+00 0.00000E+00 0.00000E+00 0.00000E+00 0.00000E+00 0.00000E+00 0.00000E+00 7.13094E-19 1.17384E-18
 9.86916E+01 2.30135E-18 0.00000E+00 0.00000E+00 0.00000E+00 0.00000E+00 0.00000E+00 0.00000E+00 0.00000E+00 7.79630E-19 1.27870E-18
 1.00000E+02 2.47544E-18 0.00000E+00 0.00000E+00 0.00000E+00 0.00000E+00 0.00000E+00 0.00000E+00 0.00000E+00 8.48640E-19 1.38602E-18
 1.01199E+02 2.63562E-18 0.00000E+00 0.00000E+00 0.00000E+00 0.00000E+00 0.00000E+00 0.00000E+00 0.00000E+00 9.12562E-19 1.48433E-18
 1.02411E+02 2.79637E-18 0.00000E+00 0.00000E+00 0.00000E+00 0.00000E+00 0.00000E+00 0.00000E+00 0.00000E+00 9.77084E-19 1.58258E-18
 1.03639E+02 2.95599E-18 0.00000E+00 0.00000E+00 0.00000E+00 0.00000E+00 0.00000E+00 0.00000E+00 0.00000E+00 1.04165E-18 1.67964E-18
 1.04881E+02 3.11352E-18 0.00000E+00 0.00000E+00 0.00000E+00 0.00000E+00 0.00000E+00 0.00000E+00 0.00000E+00 1.10547E-18 1.77533E-18
 1.06138E+02 3.26698E-18 0.00000E+00 0.00000E+00 0.00000E+00 0.00000E+00 0.00000E+00 0.00000E+00 0.00000E+00 1.16799E-18 1.86823E-18
 1.07410E+02 3.41513E-18 0.00000E+00 0.00000E+00 0.00000E+00 0.00000E+00 0.00000E+00 0.00000E+00 0.00000E+00 1.22870E-18 1.95762E-18
 1.08697E+02 3.55831E-18 0.00000E+00 0.00000E+00 0.00000E+00 0.00000E+00 0.00000E+00 0.00000E+00 0.00000E+00 1.28727E-18 2.04416E-18
 1.10000E+02 3.69505E-18 0.00000E+00 0.00000E+00 0.00000E+00 0.00000E+00 0.00000E+00 0.00000E+00 0.00000E+00 1.34373E-18 2.12637E-18
 1.11772E+02 3.86814E-18 0.00000E+00 0.00000E+00 0.00000E+00 0.00000E+00 0.00000E+00 0.00000E+00 0.00000E+00 1.41530E-18 2.23057E-18
 1.13572E+02 4.02799E-18 0.00000E+00 0.00000E+00 0.00000E+00 0.00000E+00 0.00000E+00 0.00000E+00 0.00000E+00 1.48150E-18 2.32689E-18
 1.15402E+02 4.17938E-18 0.00000E+00 0.00000E+00 0.00000E+00 0.00000E+00 0.00000E+00 0.00000E+00 0.00000E+00 1.54454E-18 2.41788E-18
 1.17260E+02 4.31865E-18 0.00000E+00 0.00000E+00 0.00000E+00 0.00000E+00 0.00000E+00 0.00000E+00 0.00000E+00 1.60255E-18 2.50175E-18
 1.19149E+02 4.44729E-18 0.00000E+00 0.00000E+00 0.00000E+00 0.00000E+00 0.00000E+00 0.00000E+00 0.00000E+00 1.65616E-18 2.57942E-18
 1.21068E+02 4.56880E-18 0.00000E+00 0.00000E+00 0.00000E+00 0.00000E+00 0.00000E+00 0.00000E+00 0.00000E+00 1.70700E-18 2.65268E-18
 1.25000E+02 4.78688E-18 0.00000E+00 0.00000E+00 0.00000E+00 0.00000E+00 0.00000E+00 0.00000E+00 0.00000E+00 1.79829E-18 2.78458E-18
 1.28592E+02 4.95882E-18 0.00000E+00 0.00000E+00 0.00000E+00 0.00000E+00 0.00000E+00 0.00000E+00 0.00000E+00 1.87064E-18 2.88890E-18
 1.32288E+02 5.11066E-18 0.00000E+00 0.00000E+00 0.00000E+00 0.00000E+00 0.00000E+00 0.00000E+00 0.00000E+00 1.93496E-18 2.98107E-18
 1.36089E+02 5.24916E-18 0.00000E+00 0.00000E+00 0.00000E+00 0.00000E+00 0.00000E+00 0.00000E+00 0.00000E+00 1.99388E-18 3.06519E-18
 1.40000E+02 5.36735E-18 0.00000E+00 0.00000E+00 0.00000E+00 0.00000E+00 0.00000E+00 0.00000E+00 0.00000E+00 2.04487E-18 3.13682E-18
 1.44914E+02 5.48241E-18 0.00000E+00 0.00000E+00 0.00000E+00 0.00000E+00 0.00000E+00 0.00000E+00 0.00000E+00 2.09578E-18 3.20657E-18
 1.50000E+02 5.56194E-18 0.00000E+00 0.00000E+00 0.00000E+00 0.00000E+00 0.00000E+00 0.00000E+00 0.00000E+00 2.13258E-18 3.25476E-18
 1.52918E+02 5.59033E-18 0.00000E+00 0.00000E+00 0.00000E+00 0.00000E+00 0.00000E+00 0.00000E+00 0.00000E+00 2.14669E-18 3.27222E-18
 1.55893E+02 5.60553E-18 0.00000E+00 0.00000E+00 0.00000E+00 0.00000E+00 0.00000E+00 0.00000E+00 0.00000E+00 2.15586E-18 3.28139E-18
 1.58926E+02 5.60867E-18 0.00000E+00 0.00000E+00 0.00000E+00 0.00000E+00 0.00000E+00 0.00000E+00 0.00000E+00 2.16001E-18 3.28346E-18
 1.62019E+02 5.59949E-18 0.00000E+00 0.00000E+00 0.00000E+00 0.00000E+00 0.00000E+00 0.00000E+00 0.00000E+00 2.15919E-18 3.27813E-18
 1.65171E+02 5.57837E-18 0.00000E+00 0.00000E+00 0.00000E+00 0.00000E+00 0.00000E+00 0.00000E+00 0.00000E+00 2.15354E-18 3.26568E-18
 1.68384E+02 5.54602E-18 0.00000E+00 0.00000E+00 0.00000E+00 0.00000E+00 0.00000E+00 0.00000E+00 0.00000E+00 2.14331E-18 3.24652E-18
 1.75000E+02 5.45159E-18 0.00000E+00 0.00000E+00 0.00000E+00 0.00000E+00 0.00000E+00 0.00000E+00 0.00000E+00 2.11065E-18 3.19051E-18
 1.81865E+02 5.32332E-18 0.00000E+00 0.00000E+00 0.00000E+00 0.00000E+00 0.00000E+00 0.00000E+00 0.00000E+00 2.06409E-18 3.11475E-18
 1.89000E+02 5.16829E-18 0.00000E+00 0.00000E+00 0.00000E+00 0.00000E+00 0.00000E+00 0.00000E+00 0.00000E+00 2.00646E-18 3.02308E-18
 1.89000E+02 5.39594E-18 0.00000E+00 0.00000E+00 0.00000E+00 0.00000E+00 0.00000E+00 0.00000E+00 2.27657E-19 2.00646E-18 3.02308E-18
 1.90969E+02 5.40852E-18 0.00000E+00 0.00000E+00 0.00000E+00 0.00000E+00 0.00000E+00 0.00000E+00 2.82980E-19 1.99049E-18 2.99780E-18
 1.92959E+02 5.40894E-18 0.00000E+00 0.00000E+00 0.00000E+00 0.00000E+00 0.00000E+00 0.00000E+00 3.29471E-19 1.97311E-18 2.97060E-18
 1.94969E+02 5.39143E-18 0.00000E+00 0.00000E+00 0.00000E+00 0.00000E+00 0.00000E+00 0.00000E+00 3.58528E-19 1.95551E-18 2.94310E-18
 1.97000E+02 5.35860E-18 0.00000E+00 0.00000E+00 0.00000E+00 0.00000E+00 0.00000E+00 0.00000E+00 3.73335E-19 1.93751E-18 2.91492E-18
 1.97000E+02 5.45578E-18 0.00000E+00 0.00000E+00 0.00000E+00 0.00000E+00 0.00000E+00 9.71743E-20 3.73335E-19 1.93751E-18 2.91492E-18
 2.00000E+02 5.42514E-18 0.00000E+00 0.00000E+00 0.00000E+00 0.00000E+00 0.00000E+00 1.30071E-19 3.81448E-19 1.91029E-18 2.87259E-18
 2.02397E+02 5.38782E-18 0.00000E+00 0.00000E+00 0.00000E+00 0.00000E+00 0.00000E+00 1.47429E-19 3.83201E-19 1.88886E-18 2.83928E-18
 2.04823E+02 5.33875E-18 0.00000E+00 0.00000E+00 0.00000E+00 0.00000E+00 0.00000E+00 1.55854E-19 3.84605E-19 1.86642E-18 2.80450E-18
 2.09762E+02 5.22765E-18 0.00000E+00 0.00000E+00 0.00000E+00 0.00000E+00 0.00000E+00 1.61007E-19 3.87127E-19 1.82107E-18 2.73437E-18
 2.20000E+02 4.99602E-18 0.00000E+00 0.00000E+00 0.00000E+00 0.00000E+00 0.00000E+00 1.65057E-19 3.98405E-19 1.72633E-18 2.58848E-18
 2.27144E+02 4.84098E-18 0.00000E+00 0.00000E+00 0.00000E+00 0.00000E+00 0.00000E+00 1.69692E-19 4.09152E-19 1.66077E-18 2.48783E-18
 2.34521E+02 4.68126E-18 0.00000E+00 0.00000E+00 0.00000E+00 0.00000E+00 0.00000E+00 1.75340E-19 4.20391E-19 1.59255E-18 2.38351E-18
 2.42137E+02 4.51864E-18 0.00000E+00 0.00000E+00 0.00000E+00 0.00000E+00 0.00000E+00 1.81315E-19 4.30120E-19 1.52352E-18 2.27814E-18
 2.50000E+02 4.35016E-18 0.00000E+00 0.00000E+00 0.00000E+00 0.00000E+00 0.00000E+00 1.86925E-19 4.38086E-19 1.45279E-18 2.17058E-18
 2.62000E+02 4.09453E-18 0.00000E+00 0.00000E+00 0.00000E+00 0.00000E+00 0.00000E+00 1.93117E-19 4.44471E-19 1.34839E-18 2.01229E-18
 2.62000E+02 4.26679E-18 0.00000E+00 0.00000E+00 0.00000E+00 0.00000E+00 1.72267E-19 1.93117E-19 4.44471E-19 1.34839E-18 2.01229E-18
 2.71023E+02 4.09412E-18 0.00000E+00 0.00000E+00 0.00000E+00 0.00000E+00 1.86789E-19 1.95972E-19 4.46164E-19 1.27357E-18 1.89917E-18
 2.80357E+02 3.91176E-18 0.00000E+00 0.00000E+00 0.00000E+00 0.00000E+00 1.92760E-19 1.97690E-19 4.45859E-19 1.19940E-18 1.78736E-18
 2.90012E+02 3.72992E-18 0.00000E+00 0.00000E+00 0.00000E+00 0.00000E+00 1.93874E-19 1.98559E-19 4.44427E-19 1.12807E-18 1.67998E-18
 3.00000E+02 3.54726E-18 0.00000E+00 0.00000E+00 0.00000E+00 0.00000E+00 1.90817E-19 1.98861E-19 4.41867E-19 1.05861E-18 1.57562E-18
 3.24037E+02 3.14613E-18 0.00000E+00 0.00000E+00 0.00000E+00 0.00000E+00 1.78003E-19 1.97338E-19 4.31817E-19 9.11117E-19 1.35434E-18
 3.50000E+02 2.77205E-18 0.00000E+00 0.00000E+00 0.00000E+00 0.00000E+00 1.65347E-19 1.92559E-19 4.15154E-19 7.77870E-19 1.15480E-18
 3.74166E+02 2.46914E-18 0.00000E+00 0.00000E+00 0.00000E+00 0.00000E+00 1.55247E-19 1.85667E-19 3.95871E-19 6.73381E-19 9.98621E-19
 4.00000E+02 2.18831E-18 0.00000E+00 0.00000E+00 0.00000E+00 0.00000E+00 1.45227E-19 1.76999E-19 3.74014E-19 5.79128E-19 8.58025E-19
 4.50000E+02 1.75348E-18 0.00000E+00 0.00000E+00 0.00000E+00 0.00000E+00 1.26592E-19 1.59771E-19 3.33084E-19 4.38766E-19 6.49092E-19
 4.74342E+02 1.58356E-18 0.00000E+00 0.00000E+00 0.00000E+00 0.00000E+00 1.18772E-19 1.51448E-19 3.14015E-19 3.86026E-19 5.70696E-19
 5.00000E+02 1.42720E-18 0.00000E+00 0.00000E+00 0.00000E+00 0.00000E+00 1.11301E-19 1.42858E-19 2.94577E-19 3.38723E-19 5.00428E-19
 5.50000E+02 1.17632E-18 0.00000E+00 0.00000E+00 0.00000E+00 0.00000E+00 9.83334E-20 1.27152E-19 2.60051E-19 2.65371E-19 3.91558E-19
 6.00000E+02 9.81752E-19 0.00000E+00 0.00000E+00 0.00000E+00 0.00000E+00 8.72270E-20 1.13317E-19 2.30232E-19 2.10788E-19 3.10732E-19
 6.48074E+02 8.34054E-19 0.00000E+00 0.00000E+00 0.00000E+00 0.00000E+00 7.82662E-20 1.01565E-19 2.05209E-19 1.71094E-19 2.52003E-19
 7.00000E+02 7.06524E-19 0.00000E+00 0.00000E+00 0.00000E+00 0.00000E+00 7.00076E-20 9.04065E-20 1.81723E-19 1.38204E-19 2.03381E-19
 8.00000E+02 5.26652E-19 0.00000E+00 0.00000E+00 0.00000E+00 0.00000E+00 5.72304E-20 7.29240E-20 1.45429E-19 9.43609E-20 1.38647E-19
 9.00000E+02 4.04221E-19 0.00000E+00 0.00000E+00 0.00000E+00 0.00000E+00 4.76314E-20 5.95027E-20 1.17893E-19 6.67086E-20 9.78913E-20
 1.00000E+03 3.17681E-19 0.00000E+00 0.00000E+00 0.00000E+00 0.00000E+00 4.02000E-20 4.91090E-20 9.67916E-20 4.85006E-20 7.10871E-20
 1.10000E+03 2.54770E-19 0.00000E+00 0.00000E+00 0.00000E+00 0.00000E+00 3.43704E-20 4.09644E-20 8.03700E-20 3.61444E-20 5.29175E-20
 1.25000E+03 1.88646E-19 0.00000E+00 0.00000E+00 0.00000E+00 0.00000E+00 2.76903E-20 3.17708E-20 6.19740E-20 2.41376E-20 3.52879E-20
 1.40000E+03 1.43988E-19 0.00000E+00 0.00000E+00 0.00000E+00 0.00000E+00 2.27643E-20 2.51054E-20 4.87343E-20 1.67449E-20 2.44465E-20
 1.50000E+03 1.21943E-19 0.00000E+00 0.00000E+00 0.00000E+00 0.00000E+00 2.01592E-20 2.16596E-20 4.19260E-20 1.33511E-20 1.94753E-20
 1.55600E+03 1.11537E-19 0.00000E+00 0.00000E+00 0.00000E+00 0.00000E+00 1.88771E-20 1.99925E-20 3.86404E-20 1.18195E-20 1.72337E-20
 1.55600E+03 2.62971E-19 0.00000E+00 0.00000E+00 0.00000E+00 1.51434E-19 1.88771E-20 1.99925E-20 3.86404E-20 1.18195E-20 1.72337E-20
 1.55742E+03 3.42813E-19 0.00000E+00 0.00000E+00 0.00000E+00 2.31523E-19 1.88462E-20 1.99527E-20 3.85620E-20 1.17838E-20 1.71814E-20
 1.55884E+03 4.12746E-19 0.00000E+00 0.00000E+00 0.00000E+00 3.01702E-19 1.88154E-20 1.99129E-20 3.84838E-20 1.17482E-20 1.71293E-20
 1.56026E+03 4.62419E-19 0.00000E+00 0.00000E+00 0.00000E+00 3.51620E-19 1.87846E-20 1.98733E-20 3.84057E-20 1.17127E-20 1.70773E-20
 1.56168E+03 4.91195E-19 0.00000E+00 0.00000E+00 0.00000E+00 3.80641E-19 1.87539E-20 1.98337E-20 3.83278E-20 1.16773E-20 1.70255E-20
 1.56310E+03 5.04096E-19 0.00000E+00 0.00000E+00 0.00000E+00 3.93787E-19 1.87232E-20 1.97942E-20 3.82501E-20 1.16420E-20 1.69739E-20
 1.56452E+03 5.06954E-19 0.00000E+00 0.00000E+00 0.00000E+00 3.96888E-19 1.86925E-20 1.97548E-20 3.81725E-20 1.16069E-20 1.69224E-20
 1.56595E+03 5.04200E-19 0.00000E+00 0.00000E+00 0.00000E+00 3.94377E-19 1.86619E-20 1.97155E-20 3.80951E-20 1.15718E-20 1.68711E-20
 1.56737E+03 4.98792E-19 0.00000E+00 0.00000E+00 0.00000E+00 3.89212E-19 1.86314E-20 1.96762E-20 3.80178E-20 1.15368E-20 1.68199E-20
 1.57023E+03 4.86098E-19 0.00000E+00 0.00000E+00 0.00000E+00 3.77001E-19 1.85704E-20 1.95979E-20 3.78637E-20 1.14672E-20 1.67181E-20
 1.57309E+03 4.74769E-19 0.00000E+00 0.00000E+00 0.00000E+00 3.66154E-19 1.85097E-20 1.95199E-20 3.77103E-20 1.13980E-20 1.66168E-20
 1.57596E+03 4.65943E-19 0.00000E+00 0.00000E+00 0.00000E+00 3.57806E-19 1.84492E-20 1.94423E-20 3.75575E-20 1.13292E-20 1.65162E-20
 1.57883E+03 4.59830E-19 0.00000E+00 0.00000E+00 0.00000E+00 3.52171E-19 1.83888E-20 1.93649E-20 3.74053E-20 1.12608E-20 1.64161E-20
 1.58171E+03 4.55633E-19 0.00000E+00 0.00000E+00 0.00000E+00 3.48448E-19 1.83287E-20 1.92878E-20 3.72537E-20 1.11929E-20 1.63167E-20
 1.58459E+03 4.53197E-19 0.00000E+00 0.00000E+00 0.00000E+00 3.46484E-19 1.82687E-20 1.92111E-20 3.71027E-20 1.11253E-20 1.62179E-20
 1.59037E+03 4.51294E-19 0.00000E+00 0.00000E+00 0.00000E+00 3.45519E-19 1.81494E-20 1.90585E-20 3.68026E-20 1.09915E-20 1.60220E-20
 1.60200E+03 4.52039E-19 0.00000E+00 0.00000E+00 0.00000E+00 3.48115E-19 1.79132E-20 1.87570E-20 3.62096E-20 1.07285E-20 1.56374E-20
 1.60200E+03 5.25002E-19 0.00000E+00 0.00000E+00 7.29629E-20 3.48115E-19 1.79132E-20 1.87570E-20 3.62096E-20 1.07285E-20 1.56374E-20
 1.60311E+03 5.55585E-19 0.00000E+00 0.00000E+00 1.03475E-19 3.48360E-19 1.78909E-20 1.87287E-20 3.61539E-20 1.07039E-20 1.56014E-20
 1.60421E+03 5.84056E-19 0.00000E+00 0.00000E+00 1.31974E-19 3.48505E-19 1.78687E-20 1.87004E-20 3.60983E-20 1.06794E-20 1.55655E-20
 1.60532E+03 6.07238E-19 0.00000E+00 0.00000E+00 1.55184E-19 3.48650E-19 1.78465E-20 1.86721E-20 3.60428E-20 1.06549E-20 1.55297E-20
 1.60643E+03 6.23854E-19 0.00000E+00 0.00000E+00 1.71827E-19 3.48795E-19 1.78244E-20 1.86439E-20 3.59873E-20 1.06305E-20 1.54940E-20
 1.60754E+03 6.34322E-19 0.00000E+00 0.00000E+00 1.82323E-19 3.48940E-19 1.78023E-20 1.86158E-20 3.59320E-20 1.06061E-20 1.54584E-20
 1.60865E+03 6.39935E-19 0.00000E+00 0.00000E+00 1.87963E-19 3.49086E-19 1.77802E-20 1.85877E-20 3.58767E-20 1.05818E-20 1.54228E-20
 1.60976E+03 6.41979E-19 0.00000E+00 0.00000E+00 1.90185E-19 3.49078E-19 1.77581E-20 1.85596E-20 3.58215E-20 1.05576E-20 1.53873E-20
 1.61087E+03 6.41766E-19 0.00000E+00 0.00000E+00 1.90199E-19 3.49023E-19 1.77360E-20 1.85316E-20 3.57664E-20 1.05334E-20 1.53519E-20
 1.61979E+03 6.22715E-19 0.00000E+00 0.00000E+00 1.73821E-19 3.47713E-19 1.75607E-20 1.83088E-20 3.53286E-20 1.03412E-20 1.50709E-20
 1.62427E+03 6.15408E-19 0.00000E+00 0.00000E+00 1.68678E-19 3.46225E-19 1.74737E-20 1.81985E-20 3.51117E-20 1.02456E-20 1.49310E-20
 1.62876E+03 6.10331E-19 0.00000E+00 0.00000E+00 1.66138E-19 3.44367E-19 1.73871E-20 1.80867E-20 3.48913E-20 1.01508E-20 1.47924E-20
 1.63778E+03 6.03943E-19 0.00000E+00 0.00000E+00 1.65418E-19 3.40043E-19 1.72152E-20 1.78640E-20 3.44541E-20 9.96392E-21 1.45190E-20
 1.65597E+03 5.94471E-19 0.00000E+00 0.00000E+00 1.67367E-19 3.31253E-19 1.68765E-20 1.74268E-20 3.35961E-20 9.60039E-21 1.39873E-20
 1.67437E+03 5.82102E-19 0.00000E+00 0.00000E+00 1.65401E-19 3.23408E-19 1.65444E-20 1.70003E-20 3.27594E-20 9.25013E-21 1.34750E-20
 1.71177E+03 5.54078E-19 0.00000E+00 0.00000E+00 1.57273E-19 3.08414E-19 1.58998E-20 1.61784E-20 3.11481E-20 8.58747E-21 1.25062E-20
 1.75000E+03 5.25444E-19 0.00000E+00 0.00000E+00 1.50403E-19 2.91285E-19 1.52802E-20 1.53962E-20 2.96161E-20 7.97159E-21 1.16060E-20
 1.78700E+03 4.98248E-19 0.00000E+00 0.00000E+00 1.42820E-19 2.75897E-19 1.47057E-20 1.46786E-20 2.82121E-20 7.42025E-21 1.08003E-20
 1.78700E+03 5.59831E-19 0.00000E+00 6.15830E-20 1.42820E-19 2.75897E-19 1.47057E-20 1.46786E-20 2.82121E-20 7.42025E-21 1.08003E-20
 1.79330E+03 5.60275E-19 0.00000E+00 6.65321E-20 1.41508E-19 2.73394E-19 1.46105E-20 1.45610E-20 2.79821E-20 7.33133E-21 1.06704E-20
 1.79962E+03 5.58478E-19 0.00000E+00 6.91984E-20 1.40208E-19 2.70914E-19 1.45160E-20 1.44442E-20 2.77540E-20 7.24349E-21 1.05420E-20
 1.81233E+03 5.52623E-19 0.00000E+00 7.21222E-20 1.37672E-19 2.66020E-19 1.43287E-20 1.42136E-20 2.73033E-20 7.07094E-21 1.02900E-20
 1.82513E+03 5.44445E-19 0.00000E+00 7.24809E-20 1.35264E-19 2.61215E-19 1.41438E-20 1.39866E-20 2.68599E-20 6.90250E-21 1.00439E-20
 1.83802E+03 5.35020E-19 0.00000E+00 7.14395E-20 1.32898E-19 2.56497E-19 1.39614E-20 1.37633E-20 2.64238E-20 6.73807E-21 9.80374E-21
 1.89050E+03 4.99400E-19 0.00000E+00 6.80843E-20 1.23728E-19 2.38386E-19 1.32547E-20 1.29006E-20 2.47400E-20 6.11861E-21 8.89914E-21
 2.00000E+03 4.35318E-19 0.00000E+00 6.25607E-20 1.06917E-19 2.05641E-19 1.19469E-20 1.13139E-20 2.16501E-20 5.04491E-21 7.33210E-21
 2.20000E+03 3.44428E-19 0.00000E+00 5.36583E-20 8.34973E-20 1.59838E-19 9.98801E-21 9.01991E-21 1.71972E-20 3.61796E-21 5.25152E-21
 2.50000E+03 2.50468E-19 0.00000E+00 4.33466E-20 5.95418E-20 1.13237E-19 7.82016E-21 6.59942E-21 1.25205E-20 2.29923E-21 3.33128E-21
 2.73861E+03 1.98887E-19 0.00000E+00 3.70478E-20 4.65195E-20 8.81029E-20 6.54863E-21 5.25157E-21 9.92897E-21 1.65572E-21 2.39578E-21
 3.00000E+03 1.57493E-19 0.00000E+00 3.15211E-20 3.61840E-20 6.82516E-20 5.46951E-21 4.16014E-21 7.83801E-21 1.18746E-21 1.71580E-21
 3.50000E+03 1.05551E-19 0.00000E+00 2.37483E-20 2.34412E-20 4.39219E-20 4.01076E-21 2.77747E-21 5.20214E-21 6.70992E-22 9.67169E-22
 4.00000E+03 7.42727E-20 0.00000E+00 1.84031E-20 1.59587E-20 2.97336E-20 3.04863E-21 1.93863E-21 3.61213E-21 4.05731E-22 5.83544E-22
 4.50000E+03 5.42932E-20 0.00000E+00 1.45919E-20 1.12980E-20 2.09464E-20 2.38316E-21 1.40177E-21 2.59990E-21 2.58662E-22 3.71283E-22
 5.00000E+03 4.09271E-20 0.00000E+00 1.17932E-20 8.25723E-21 1.52414E-20 1.90557E-21 1.04325E-21 1.92675E-21 1.72070E-22 2.46505E-22
 5.50000E+03 3.16409E-20 0.00000E+00 9.68577E-21 6.19623E-21 1.13913E-20 1.55229E-21 7.95134E-22 1.46291E-21 1.18518E-22 1.69486E-22
 6.00000E+03 2.49833E-20 0.00000E+00 8.06536E-21 4.75373E-21 8.70720E-21 1.28436E-21 6.18402E-22 1.13367E-21 8.40428E-23 1.19986E-22
 7.00000E+03 1.63905E-20 0.00000E+00 5.78662E-21 2.95280E-21 5.37270E-21 9.13205E-22 3.92963E-22 7.15753E-22 4.53588E-23 6.45470E-23
 8.00000E+03 1.13448E-20 0.00000E+00 4.30705E-21 1.94181E-21 3.51244E-21 6.75785E-22 2.63193E-22 4.76611E-22 2.63734E-23 3.74183E-23
 9.00000E+03 8.18451E-21 0.00000E+00 3.30052E-21 1.33520E-21 2.40233E-21 5.15864E-22 1.83692E-22 3.30885E-22 1.62504E-23 2.29895E-23
 1.00000E+04 6.10235E-21 0.00000E+00 2.58984E-21 9.51531E-22 1.70356E-21 4.03707E-22 1.32534E-22 2.37579E-22 1.04909E-23 1.48003E-23
 1.10000E+04 4.67365E-21 0.00000E+00 2.07240E-21 6.98298E-22 1.24449E-21 3.22455E-22 9.82880E-23 1.75388E-22 7.03731E-24 9.90172E-24
 1.25000E+04 3.26268E-21 0.00000E+00 1.52905E-21 4.59168E-22 8.13216E-22 2.37488E-22 6.54728E-23 1.16095E-22 4.10022E-24 5.74785E-24
 1.34810E+04 2.63495E-21 0.00000E+00 1.27354E-21 3.57507E-22 6.30689E-22 1.97660E-22 5.13310E-23 9.06665E-23 2.97187E-24 4.15645E-24
 1.34810E+04 1.65252E-20 1.38902E-20 1.27354E-21 3.57507E-22 6.30689E-22 1.97660E-22 5.13310E-23 9.06665E-23 2.97187E-24 4.15645E-24
 1.34890E+04 1.78624E-20 1.52318E-20 1.27172E-21 3.56809E-22 6.29438E-22 1.97376E-22 5.12335E-23 9.04916E-23 2.96440E-24 4.14594E-24
 1.34969E+04 1.85971E-20 1.59709E-20 1.26991E-21 3.56112E-22 6.28189E-22 1.97093E-22 5.11362E-23 9.03170E-23 2.95696E-24 4.13545E-24
 1.35049E+04 1.90646E-20 1.64427E-20 1.26810E-21 3.55416E-22 6.26943E-22 1.96811E-22 5.10391E-23 9.01427E-23 2.94953E-24 4.12499E-24
 1.35129E+04 1.92903E-20 1.66728E-20 1.26628E-21 3.54722E-22 6.25699E-22 1.96529E-22 5.09421E-23 8.99687E-23 2.94213E-24 4.11456E-24
 1.35208E+04 1.93216E-20 1.67085E-20 1.26448E-21 3.54029E-22 6.24457E-22 1.96247E-22 5.08453E-23 8.97951E-23 2.93474E-24 4.10415E-24
 1.35288E+04 1.92689E-20 1.66601E-20 1.26267E-21 3.53337E-22 6.23219E-22 1.95966E-22 5.07488E-23 8.96218E-23 2.92737E-24 4.09377E-24
 1.35448E+04 1.90895E-20 1.64894E-20 1.25907E-21 3.51958E-22 6.20748E-22 1.95405E-22 5.05562E-23 8.92763E-23 2.91268E-24 4.07309E-24
 1.35608E+04 1.89806E-20 1.63892E-20 1.25547E-21 3.50585E-22 6.18288E-22 1.94845E-22 5.03643E-23 8.89321E-23 2.89807E-24 4.05251E-24
 1.35768E+04 1.89514E-20 1.63686E-20 1.25189E-21 3.49217E-22 6.15837E-22 1.94287E-22 5.01732E-23 8.85892E-23 2.88354E-24 4.03203E-24
 1.36089E+04 1.89246E-20 1.63589E-20 1.24476E-21 3.46496E-22 6.10964E-22 1.93175E-22 4.97930E-23 8.79074E-23 2.85468E-24 3.99140E-24
 1.37380E+04 1.84599E-20 1.59616E-20 1.21662E-21 3.35825E-22 5.91857E-22 1.88792E-22 4.83012E-23 8.52322E-23 2.74211E-24 3.83290E-24
 1.40000E+04 1.75595E-20 1.51905E-20 1.16224E-21 3.15458E-22 5.55416E-22 1.80323E-22 4.54502E-23 8.01235E-23 2.53011E-24 3.53451E-24
 1.50000E+04 1.46950E-20 1.27468E-20 9.81418E-22 2.50587E-22 4.39581E-22 1.52197E-22 3.63176E-23 6.37899E-23 1.88310E-24 2.62440E-24
 1.75000E+04 9.79585E-21 8.53947E-21 6.68782E-22 1.49143E-22 2.59429E-22 1.03657E-22 2.18814E-23 3.81069E-23 9.69559E-25 1.34431E-24
 2.00000E+04 6.85355E-21 5.99605E-21 4.76792E-22 9.47076E-23 1.63468E-22 7.38972E-23 1.40280E-23 2.42398E-23 5.43744E-25 7.50114E-25
 2.20000E+04 5.29482E-21 4.64267E-21 3.73227E-22 6.83196E-23 1.17232E-22 5.78563E-23 1.01833E-23 1.74936E-23 3.59154E-25 4.93665E-25
 2.50000E+04 3.73074E-21 3.27968E-21 2.67574E-22 4.39452E-23 7.48035E-23 4.14992E-23 6.60244E-24 1.12497E-23 2.05442E-25 2.80962E-25
 3.00000E+04 2.24736E-21 1.98154E-21 1.65090E-22 2.32928E-23 3.91585E-23 2.56329E-23 3.53517E-24 5.94881E-24 9.22643E-26 1.25156E-25
 3.50000E+04 1.45486E-21 1.28534E-21 1.08955E-22 1.35558E-23 2.25360E-23 1.69374E-23 2.07333E-24 3.44966E-24 4.67348E-26 6.29302E-26
 4.00000E+04 9.93981E-22 8.79400E-22 7.56309E-23 8.45863E-24 1.39159E-23 1.17705E-23 1.30135E-24 2.14278E-24 2.58787E-26 3.46144E-26
 4.50000E+04 7.08167E-22 6.27182E-22 5.46046E-23 5.56975E-24 9.07549E-24 8.50703E-24 8.60996E-25 1.40400E-24 1.53578E-26 2.04113E-26
 5.00000E+04 5.21745E-22 4.62441E-22 4.06871E-23 3.82852E-24 6.18207E-24 6.34482E-24 5.94148E-25 9.60078E-25 9.62748E-27 1.27180E-26
 5.50000E+04 3.95105E-22 3.50409E-22 3.11124E-23 2.72587E-24 4.36374E-24 4.85587E-24 4.24362E-25 6.79867E-25 6.31335E-27 8.29442E-27
 6.00000E+04 3.06141E-22 2.71640E-22 2.43118E-23 1.99806E-24 3.17310E-24 3.79740E-24 3.11924E-25 4.95693E-25 4.29593E-27 5.61545E-27
 7.00000E+04 1.94289E-22 1.72514E-22 1.56474E-23 1.15218E-24 1.80239E-24 2.44732E-24 1.80659E-25 2.82800E-25 2.17816E-27 2.81971E-27
 8.00000E+04 1.30711E-22 1.16117E-22 1.06454E-23 7.15297E-25 1.10389E-24 1.66685E-24 1.12548E-25 1.73778E-25 1.21288E-27 1.55726E-27
 9.00000E+04 9.19993E-23 8.17549E-23 7.56147E-24 4.70171E-25 7.16470E-25 1.18508E-24 7.41736E-26 1.13094E-25 7.25773E-28 9.25080E-28
 1.00000E+05 6.71293E-23 5.96687E-23 5.55952E-24 3.23330E-25 4.87099E-25 8.72019E-25 5.11216E-26 7.70502E-26 4.59631E-28 5.82164E-28
 1.10000E+05 5.04470E-23 4.48484E-23 4.20487E-24 2.30714E-25 3.43860E-25 6.59999E-25 3.65454E-26 5.44948E-26 3.04941E-28 3.84144E-28
 1.25000E+05 3.43708E-23 3.05621E-23 2.88784E-24 1.47053E-25 2.16014E-25 4.53676E-25 2.33465E-26 3.43069E-26 1.76650E-28 2.20975E-28
 1.40000E+05 2.44574E-23 2.17500E-23 2.06828E-24 9.89128E-26 1.43409E-25 3.25161E-25 1.57312E-26 2.28181E-26 1.09431E-28 1.36131E-28
 1.50000E+05 1.98843E-23 1.76842E-23 1.68775E-24 7.78191E-26 1.11936E-25 2.65449E-25 1.23879E-26 1.78268E-26 8.20009E-29 1.01690E-28
 1.75000E+05 1.25347E-23 1.11489E-23 1.07198E-24 4.57452E-26 6.46721E-26 1.68748E-25 7.29752E-27 1.03205E-26 4.33091E-29 5.34403E-29
 2.00000E+05 8.42230E-24 7.49159E-24 7.24468E-25 2.90560E-26 4.04990E-26 1.14121E-25 4.64268E-27 6.47191E-27 2.51870E-29 3.10028E-29
 2.20000E+05 6.35268E-24 5.65083E-24 5.48485E-25 2.11038E-26 2.91325E-26 8.64384E-26 3.37516E-27 4.66043E-27 1.71824E-29 2.11555E-29
 2.50000E+05 4.36592E-24 3.88367E-24 3.78648E-25 1.38282E-26 1.88715E-26 5.97052E-26 2.21435E-27 3.02200E-27 1.04004E-29 1.28327E-29
 3.00000E+05 2.57880E-24 2.29402E-24 2.24877E-25 7.67314E-27 1.03328E-26 3.54820E-26 1.23026E-27 1.65687E-27 5.16926E-30 6.43589E-30
 3.50000E+05 1.66906E-24 1.48479E-24 1.46095E-25 4.72992E-27 6.32333E-27 2.30621E-26 7.59234E-28 1.01500E-27 2.91774E-30 3.68732E-30
 4.00000E+05 1.15574E-24 1.02818E-24 1.01433E-25 3.14786E-27 4.19751E-27 1.60171E-26 5.05695E-28 6.74131E-28 1.80379E-30 2.31854E-30
 4.50000E+05 8.42820E-25 7.49832E-25 7.41116E-26 2.22020E-27 2.96181E-27 1.17055E-26 3.56820E-28 4.75960E-28 1.19530E-30 1.56720E-30
 5.00000E+05 6.40227E-25 5.69622E-25 5.63749E-26 1.63814E-27 2.19252E-27 8.90558E-27 2.63375E-28 3.52424E-28 8.36234E-31 1.12079E-30
 5.50000E+05 5.02576E-25 4.47179E-25 4.42987E-26 1.25295E-27 1.68523E-27 6.99869E-27 2.01550E-28 2.70999E-28 6.08609E-31 8.35046E-31
 6.00000E+05 4.05281E-25 3.60631E-25 3.57486E-26 9.87424E-28 1.33610E-27 5.64835E-27 1.58833E-28 2.14876E-28 4.60889E-31 6.46200E-31
 7.00000E+05 2.80824E-25 2.49919E-25 2.47927E-26 6.56610E-28 9.01836E-28 3.91763E-27 1.05711E-28 1.45089E-28 2.85622E-31 4.17542E-31
 8.00000E+05 2.07518E-25 1.84706E-25 1.83284E-26 4.68739E-28 6.54017E-28 2.89628E-27 7.54492E-29 1.05222E-28 1.92437E-31 2.93142E-31
 9.00000E+05 1.60814E-25 1.43155E-25 1.42056E-26 3.52228E-28 4.99578E-28 2.24477E-27 5.67332E-29 8.03856E-29 1.37511E-31 2.18646E-31
 1.00000E+06 1.29211E-25 1.15036E-25 1.14138E-26 2.75566E-28 3.96884E-28 1.80358E-27 4.43872E-29 6.38718E-29 1.03402E-31 1.69628E-31
 1.10000E+06 1.06788E-25 9.50836E-26 9.43207E-27 2.22487E-28 3.25115E-28 1.49040E-27 3.58272E-29 5.23165E-29 8.02916E-32 1.36478E-31
 1.25000E+06 8.35657E-26 7.44181E-26 7.37935E-27 1.68778E-28 2.51671E-28 1.16597E-27 2.71951E-29 4.05037E-29 5.83746E-32 1.03571E-31
 1.40000E+06 6.78747E-26 6.04527E-26 5.99217E-27 1.33604E-28 2.02708E-28 9.46748E-28 2.15263E-29 3.26277E-29 4.45208E-32 8.17943E-32
 1.50000E+06 6.00464E-26 5.34846E-26 5.30010E-27 1.16471E-28 1.78534E-28 8.37375E-28 1.87655E-29 2.87346E-29 3.79453E-32 7.14701E-32
 1.75000E+06 4.61357E-26 4.11007E-26 4.07057E-27 8.67256E-29 1.35949E-28 6.43066E-28 1.39757E-29 2.18810E-29 2.68808E-32 5.33028E-32
 2.00000E+06 3.71062E-26 3.30608E-26 3.27272E-27 6.80632E-29 1.08607E-28 5.16985E-28 1.09733E-29 1.74831E-29 2.03559E-32 4.20228E-32
 2.20000E+06 3.19739E-26 2.84930E-26 2.81612E-27 5.85661E-29 9.34521E-29 4.44767E-28 9.44035E-30 1.50408E-29 1.75119E-32 3.61518E-32
 2.50000E+06 2.63522E-26 2.34884E-26 2.31698E-27 4.81842E-29 7.68855E-29 3.65843E-28 7.76507E-30 1.23716E-29 1.44040E-32 2.97357E-32
 3.00000E+06 2.02230E-26 1.80302E-26 1.77418E-27 3.68949E-29 5.88710E-29 2.80048E-28 5.94398E-30 9.47020E-30 1.10257E-32 2.27615E-32
 3.50000E+06 1.63109E-26 1.45452E-26 1.42865E-27 2.97086E-29 4.74039E-29 2.25453E-28 4.78518E-30 7.62393E-30 8.87602E-33 1.83237E-32
 4.00000E+06 1.36168E-26 1.21447E-26 1.19120E-27 2.47703E-29 3.95239E-29 1.87947E-28 3.98909E-30 6.35557E-30 7.39926E-33 1.52751E-32
 4.50000E+06 1.16580E-26 1.03989E-26 1.01884E-27 2.11858E-29 3.38043E-29 1.60729E-28 3.41137E-30 5.43513E-30 6.32760E-33 1.30627E-32
 5.00000E+06 1.01746E-26 9.07659E-27 8.88480E-28 1.84749E-29 2.94787E-29 1.40148E-28 2.97454E-30 4.73915E-30 5.51730E-33 1.13899E-32
 5.50000E+06 9.01499E-27 8.04280E-27 7.86700E-28 1.63583E-29 2.61014E-29 1.24081E-28 2.63353E-30 4.19583E-30 4.88473E-33 1.00841E-32
 6.00000E+06 8.08532E-27 7.21389E-27 7.05179E-28 1.46631E-29 2.33964E-29 1.11214E-28 2.36043E-30 3.76072E-30 4.37816E-33 9.03829E-33
 7.00000E+06 6.69086E-27 5.97038E-27 5.83041E-28 1.21232E-29 1.93437E-29 9.19399E-29 1.95134E-30 3.10894E-30 3.61933E-33 7.47177E-33
 8.00000E+06 5.69771E-27 5.08459E-27 4.96164E-28 1.03167E-29 1.64612E-29 7.82325E-29 1.66041E-30 2.64541E-30 3.07969E-33 6.35773E-33
 9.00000E+06 4.95623E-27 4.42319E-27 4.31366E-28 8.96929E-30 1.43112E-29 6.80104E-29 1.44345E-30 2.29975E-30 2.67727E-33 5.52696E-33
 1.00000E+07 4.38247E-27 3.91134E-27 3.81266E-28 7.92752E-30 1.26490E-29 6.01077E-29 1.27572E-30 2.03252E-30 2.36616E-33 4.88470E-33
 1.10000E+07 3.92584E-27 3.50395E-27 3.41421E-28 7.09899E-30 1.13270E-29 5.38232E-29 1.14234E-30 1.82000E-30 2.11875E-33 4.37396E-33
 1.25000E+07 3.39310E-27 3.02862E-27 2.94965E-28 6.13301E-30 9.78566E-30 4.64968E-29 9.86838E-31 1.57226E-30 1.83034E-33 3.77855E-33
 1.40000E+07 2.98618E-27 2.66552E-27 2.59504E-28 5.39566E-30 8.60915E-30 4.09049E-29 8.68154E-31 1.38317E-30 1.61020E-33 3.32411E-33
 1.50000E+07 2.76454E-27 2.46774E-27 2.40198E-28 4.99425E-30 7.96866E-30 3.78608E-29 8.03547E-31 1.28024E-30 1.49037E-33 3.07672E-33
 1.75000E+07 2.33081E-27 2.08067E-27 2.02437E-28 4.20909E-30 6.71587E-30 3.19070E-29 6.77185E-31 1.07891E-30 1.25599E-33 2.59288E-33
 2.00000E+07 2.01388E-27 1.79781E-27 1.74861E-28 3.63571E-30 5.80100E-30 2.75595E-29 5.84913E-31 9.31901E-31 1.08485E-33 2.23957E-33
 2.20000E+07 1.81594E-27 1.62115E-27 1.57646E-28 3.27777E-30 5.22988E-30 2.48457E-29 5.27315E-31 8.40133E-31 9.78021E-34 2.01903E-33
 2.50000E+07 1.58228E-27 1.41259E-27 1.37332E-28 2.85538E-30 4.55593E-30 2.16433E-29 4.59349E-31 7.31849E-31 8.51963E-34 1.75879E-33
 3.00000E+07 1.30245E-27 1.16281E-27 1.13014E-28 2.34976E-30 3.74918E-30 1.78102E-29 3.77996E-31 6.02234E-31 7.01073E-34 1.44730E-33
 3.50000E+07 1.10647E-27 9.87863E-28 9.59902E-29 1.99579E-30 3.18440E-30 1.51269E-29 3.21046E-31 5.11500E-31 5.95447E-34 1.22924E-33
 4.00000E+07 9.61624E-28 8.58559E-28 8.34122E-29 1.73427E-30 2.76713E-30 1.31445E-29 2.78972E-31 4.44467E-31 5.17411E-34 1.06814E-33
 4.50000E+07 8.50242E-28 7.59125E-28 7.37424E-29 1.53322E-30 2.44634E-30 1.16205E-29 2.46628E-31 3.92934E-31 4.57421E-34 9.44300E-34
 5.00000E+07 7.61943E-28 6.80296E-28 6.60782E-29 1.37387E-30 2.19208E-30 1.04126E-29 2.20992E-31 3.52090E-31 4.09873E-34 8.46144E-34
 5.50000E+07 6.90233E-28 6.16276E-28 5.98548E-29 1.24447E-30 1.98562E-30 9.43183E-30 2.00176E-31 3.18926E-31 3.71266E-34 7.66444E-34
 6.00000E+07 6.30844E-28 5.63255E-28 5.47014E-29 1.13732E-30 1.81466E-30 8.61968E-30 1.82940E-31 2.91464E-31 3.39298E-34 7.00447E-34
 7.00000E+07 5.38198E-28 4.80541E-28 4.66634E-29 9.70201E-31 1.54801E-30 7.35298E-30 1.56056E-31 2.48632E-31 2.89436E-34 5.97512E-34
 8.00000E+07 4.69261E-28 4.18993E-28 4.06834E-29 8.45867E-31 1.34962E-30 6.41061E-30 1.36055E-31 2.16767E-31 2.52341E-34 5.20933E-34
 9.00000E+07 4.15970E-28 3.71412E-28 3.60611E-29 7.49762E-31 1.19628E-30 5.68221E-30 1.20596E-31 1.92137E-31 2.23669E-34 4.61742E-34
 1.00000E+08 3.73542E-28 3.33531E-28 3.23815E-29 6.73257E-31 1.07422E-30 5.10237E-30 1.08290E-31 1.72530E-31 2.00844E-34 4.14624E-34
 1.10000E+08 3.38964E-28 3.02659E-28 2.93829E-29 6.10912E-31 9.74742E-31 4.62986E-30 9.82616E-32 1.56553E-31 1.82245E-34 3.76227E-34
 1.25000E+08 2.97634E-28 2.65756E-28 2.57991E-29 5.36398E-31 8.55850E-31 4.06513E-30 8.62759E-32 1.37457E-31 1.60015E-34 3.30336E-34
 1.40000E+08 2.65284E-28 2.36873E-28 2.29942E-29 4.78080E-31 7.62801E-31 3.62314E-30 7.68955E-32 1.22512E-31 1.42617E-34 2.94420E-34
 1.50000E+08 2.47359E-28 2.20868E-28 2.14401E-29 4.45769E-31 7.11246E-31 3.37826E-30 7.16983E-32 1.14232E-31 1.32978E-34 2.74520E-34
 1.75000E+08 2.11612E-28 1.88950E-28 1.83409E-29 3.81333E-31 6.08436E-31 2.88992E-30 6.13340E-32 9.77190E-32 1.13755E-34 2.34837E-34
 2.00000E+08 1.84891E-28 1.65091E-28 1.60245E-29 3.33171E-31 5.31590E-31 2.52491E-30 5.35873E-32 8.53767E-32 9.93877E-35 2.05176E-34
 2.20000E+08 1.67927E-28 1.49944E-28 1.45539E-29 3.02595E-31 4.82806E-31 2.29319E-30 4.86694E-32 7.75414E-32 9.02665E-35 1.86346E-34
 2.50000E+08 1.47610E-28 1.31804E-28 1.27928E-29 2.65980E-31 4.24384E-31 2.01570E-30 4.27801E-32 6.81584E-32 7.93437E-35 1.63797E-34
 3.00000E+08 1.22840E-28 1.09686E-28 1.06458E-29 2.21341E-31 3.53160E-31 1.67740E-30 3.56002E-32 5.67192E-32 6.60271E-35 1.36307E-34
 3.50000E+08 1.05188E-28 9.39250E-29 9.11586E-30 1.89531E-31 3.02405E-31 1.43633E-30 3.04838E-32 4.85677E-32 5.65379E-35 1.16717E-34
 4.00000E+08 9.19721E-29 8.21240E-29 7.97038E-30 1.65715E-31 2.64406E-31 1.25584E-30 2.66532E-32 4.24647E-32 4.94334E-35 1.02050E-34
 4.50000E+08 8.17060E-29 7.29573E-29 7.08064E-30 1.47216E-31 2.34890E-31 1.11565E-30 2.36779E-32 3.77242E-32 4.39150E-35 9.06582E-35
 5.00000E+08 7.35016E-29 6.56314E-29 6.36959E-30 1.32432E-31 2.11302E-31 1.00361E-30 2.13000E-32 3.39358E-32 3.95049E-35 8.15540E-35
 5.50000E+08 6.67945E-29 5.96425E-29 5.78831E-30 1.20346E-31 1.92019E-31 9.12023E-31 1.93562E-32 3.08389E-32 3.58997E-35 7.41114E-35
 6.00000E+08 6.12091E-29 5.46552E-29 5.30425E-30 1.10282E-31 1.75961E-31 8.35752E-31 1.77375E-32 2.82599E-32 3.28975E-35 6.79137E-35
 7.00000E+08 5.24390E-29 4.68243E-29 4.54421E-30 9.44800E-32 1.50747E-31 7.15997E-31 1.51959E-32 2.42105E-32 2.81836E-35 5.81823E-35
 8.00000E+08 4.58671E-29 4.09561E-29 3.97468E-30 8.26387E-32 1.31854E-31 6.26260E-31 1.32914E-32 2.11762E-32 2.46513E-35 5.08902E-35
 9.00000E+08 4.07590E-29 3.63949E-29 3.53201E-30 7.34350E-32 1.17169E-31 5.56511E-31 1.18111E-32 1.88177E-32 2.19058E-35 4.52224E-35
 1.00000E+09 3.66746E-29 3.27479E-29 3.17806E-30 6.60760E-32 1.05427E-31 5.00742E-31 1.06274E-32 1.69319E-32 1.97106E-35 4.06905E-35
