 ***  Photoelectric cross sections,  IZ =  5,  NSHELL =  1,  NDATA = 162
              0           1
 5.00000E+01 8.56728E-19 0.00000E+00
 5.50000E+01 7.21044E-19 0.00000E+00
 6.00000E+01 6.13608E-19 0.00000E+00
 6.48074E+01 5.30507E-19 0.00000E+00
 7.00000E+01 4.56889E-19 0.00000E+00
 7.48331E+01 4.00482E-19 0.00000E+00
 8.00000E+01 3.50031E-19 0.00000E+00
 9.00000E+01 2.74549E-19 0.00000E+00
 1.00000E+02 2.19692E-19 0.00000E+00
 1.10000E+02 1.78899E-19 0.00000E+00
 1.25000E+02 1.35112E-19 0.00000E+00
 1.40000E+02 1.04873E-19 0.00000E+00
 1.50000E+02 8.96750E-20 0.00000E+00
 1.62019E+02 7.51490E-20 0.00000E+00
 1.75000E+02 6.28425E-20 0.00000E+00
 1.92000E+02 5.05437E-20 0.00000E+00
 1.92000E+02 1.48867E-18 1.43813E-18
 1.92982E+02 1.44507E-18 1.39513E-18
 1.93969E+02 1.40630E-18 1.35696E-18
 1.94962E+02 1.37240E-18 1.32364E-18
 1.95959E+02 1.34208E-18 1.29389E-18
 1.97969E+02 1.29070E-18 1.24366E-18
 2.00000E+02 1.24875E-18 1.20283E-18
 2.02397E+02 1.20890E-18 1.16426E-18
 2.04823E+02 1.17621E-18 1.13281E-18
 2.07278E+02 1.14755E-18 1.10536E-18
 2.09762E+02 1.12215E-18 1.08112E-18
 2.20000E+02 1.03507E-18 9.98427E-19
 2.27144E+02 9.79882E-19 9.45916E-19
 2.30803E+02 9.51517E-19 9.18816E-19
 2.34521E+02 9.22017E-19 8.90534E-19
 2.42137E+02 8.63944E-19 8.34762E-19
 2.50000E+02 8.05009E-19 7.77962E-19
 2.61659E+02 7.24049E-19 6.99793E-19
 2.73861E+02 6.49581E-19 6.27826E-19
 3.00000E+02 5.22227E-19 5.04730E-19
 3.24037E+02 4.34010E-19 4.19491E-19
 3.50000E+02 3.58910E-19 3.46897E-19
 3.74166E+02 3.02985E-19 2.92820E-19
 4.00000E+02 2.54970E-19 2.46368E-19
 4.50000E+02 1.87539E-19 1.81169E-19
 5.00000E+02 1.42089E-19 1.37238E-19
 5.50000E+02 1.10041E-19 1.06259E-19
 6.00000E+02 8.68858E-20 8.38781E-20
 7.00000E+02 5.69601E-20 5.49608E-20
 8.00000E+02 3.92678E-20 3.78707E-20
 9.00000E+02 2.81726E-20 2.71614E-20
 1.00000E+03 2.08671E-20 2.01139E-20
 1.10000E+03 1.58601E-20 1.52850E-20
 1.25000E+03 1.09471E-20 1.05478E-20
 1.40000E+03 7.85323E-21 7.56480E-21
 1.50000E+03 6.40740E-21 6.17127E-21
 1.75000E+03 4.05356E-21 3.90356E-21
 2.00000E+03 2.71619E-21 2.61535E-21
 2.20000E+03 2.03693E-21 1.96102E-21
 2.50000E+03 1.38144E-21 1.32975E-21
 3.00000E+03 7.89665E-22 7.59974E-22
 3.50000E+03 4.89891E-22 4.71367E-22
 4.00000E+03 3.22887E-22 3.10637E-22
 4.50000E+03 2.22965E-22 2.14475E-22
 5.00000E+03 1.59806E-22 1.53707E-22
 5.50000E+03 1.18064E-22 1.13549E-22
 6.00000E+03 8.94515E-23 8.60241E-23
 7.00000E+03 5.45716E-23 5.24750E-23
 8.00000E+03 3.54811E-23 3.41149E-23
 9.00000E+03 2.42264E-23 2.32920E-23
 1.00000E+04 1.71986E-23 1.65343E-23
 1.10000E+04 1.26020E-23 1.21146E-23
 1.25000E+04 8.29238E-24 7.97123E-24
 1.40000E+04 5.71474E-24 5.49316E-24
 1.50000E+04 4.55325E-24 4.37659E-24
 1.75000E+04 2.73684E-24 2.63052E-24
 2.00000E+04 1.75842E-24 1.69004E-24
 2.20000E+04 1.28133E-24 1.23147E-24
 2.50000E+04 8.37362E-25 8.04751E-25
 3.00000E+04 4.55766E-25 4.37998E-25
 3.50000E+04 2.72183E-25 2.61565E-25
 4.00000E+04 1.74026E-25 1.67234E-25
 4.50000E+04 1.17245E-25 1.12667E-25
 5.00000E+04 8.23304E-26 7.91144E-26
 5.50000E+04 5.97891E-26 5.74529E-26
 6.00000E+04 4.46445E-26 4.28997E-26
 7.00000E+04 2.66126E-26 2.55721E-26
 8.00000E+04 1.70073E-26 1.63421E-26
 9.00000E+04 1.14646E-26 1.10162E-26
 1.00000E+05 8.06197E-27 7.74655E-27
 1.10000E+05 5.86710E-27 5.63751E-27
 1.25000E+05 3.83635E-27 3.68620E-27
 1.40000E+05 2.63690E-27 2.53368E-27
 1.50000E+05 2.10083E-27 2.01859E-27
 1.75000E+05 1.26849E-27 1.21882E-27
 2.00000E+05 8.23118E-28 7.90887E-28
 2.20000E+05 6.06436E-28 5.82688E-28
 2.50000E+05 4.04592E-28 3.88747E-28
 3.00000E+05 2.29941E-28 2.20935E-28
 3.50000E+05 1.44578E-28 1.38915E-28
 4.00000E+05 9.79189E-29 9.40831E-29
 4.50000E+05 7.01942E-29 6.74444E-29
 5.00000E+05 5.26174E-29 5.05561E-29
 5.50000E+05 4.08821E-29 3.92805E-29
 6.00000E+05 3.27084E-29 3.14271E-29
 7.00000E+05 2.24296E-29 2.15509E-29
 8.00000E+05 1.64867E-29 1.58409E-29
 9.00000E+05 1.27515E-29 1.22519E-29
 1.00000E+06 1.02487E-29 9.84716E-30
 1.10000E+06 8.48534E-30 8.15293E-30
 1.25000E+06 6.66955E-30 6.40827E-30
 1.40000E+06 5.44755E-30 5.23414E-30
 1.50000E+06 4.83870E-30 4.64914E-30
 1.75000E+06 3.75662E-30 3.60946E-30
 2.00000E+06 3.05226E-30 2.93269E-30
 2.20000E+06 2.64724E-30 2.54354E-30
 2.50000E+06 2.20175E-30 2.11550E-30
 3.00000E+06 1.71240E-30 1.64532E-30
 3.50000E+06 1.39690E-30 1.34218E-30
 4.00000E+06 1.17751E-30 1.13139E-30
 4.50000E+06 1.01654E-30 9.76719E-31
 5.00000E+06 8.93604E-31 8.58603E-31
 5.50000E+06 7.96769E-31 7.65562E-31
 6.00000E+06 7.18588E-31 6.90443E-31
 7.00000E+06 6.00245E-31 5.76735E-31
 8.00000E+06 5.15030E-31 4.94858E-31
 9.00000E+06 4.50813E-31 4.33156E-31
 1.00000E+07 4.00720E-31 3.85025E-31
 1.10000E+07 3.60574E-31 3.46452E-31
 1.25000E+07 3.13389E-31 3.01115E-31
 1.40000E+07 2.77068E-31 2.66217E-31
 1.50000E+07 2.57176E-31 2.47103E-31
 1.75000E+07 2.18000E-31 2.09462E-31
 2.00000E+07 1.89150E-31 1.81742E-31
 2.20000E+07 1.71029E-31 1.64331E-31
 2.50000E+07 1.49527E-31 1.43671E-31
 3.00000E+07 1.23607E-31 1.18766E-31
 3.50000E+07 1.05336E-31 1.01211E-31
 4.00000E+07 9.17666E-32 8.81726E-32
 4.50000E+07 8.12914E-32 7.81077E-32
 5.00000E+07 7.29612E-32 7.01037E-32
 5.50000E+07 6.61786E-32 6.35868E-32
 6.00000E+07 6.05492E-32 5.81778E-32
 7.00000E+07 5.17448E-32 4.97183E-32
 8.00000E+07 4.51752E-32 4.34060E-32
 9.00000E+07 4.00854E-32 3.85155E-32
 1.00000E+08 3.60262E-32 3.46153E-32
 1.10000E+08 3.27134E-32 3.14322E-32
 1.25000E+08 2.87479E-32 2.76220E-32
 1.40000E+08 2.56397E-32 2.46356E-32
 1.50000E+08 2.39159E-32 2.29793E-32
 1.75000E+08 2.04744E-32 1.96725E-32
 2.00000E+08 1.78987E-32 1.71977E-32
 2.20000E+08 1.62621E-32 1.56252E-32
 2.50000E+08 1.43006E-32 1.37405E-32
 3.00000E+08 1.19070E-32 1.14406E-32
 3.50000E+08 1.01997E-32 9.80024E-33
 4.00000E+08 8.92063E-33 8.57126E-33
 4.50000E+08 7.92660E-33 7.61617E-33
 5.00000E+08 7.13189E-33 6.85258E-33
 5.50000E+08 6.48202E-33 6.22816E-33
 6.00000E+08 5.94068E-33 5.70803E-33
 7.00000E+08 5.09044E-33 4.89109E-33
 8.00000E+08 4.45311E-33 4.27871E-33
 9.00000E+08 3.95761E-33 3.80261E-33
 1.00000E+09 3.56133E-33 3.42186E-33
