 ***  Photoelectric cross sections,  IZ = 74,  NSHELL = 14,  NDATA = 332
              0           1           2           3           4           5           6           7           8           9          10          11          12          13          14
 5.00000E+01 7.30311E-18 0.00000E+00 0.00000E+00 0.00000E+00 0.00000E+00 0.00000E+00 0.00000E+00 0.00000E+00 0.00000E+00 0.00000E+00 0.00000E+00 0.00000E+00 0.00000E+00 0.00000E+00 0.00000E+00
 5.10000E+01 6.92359E-18 0.00000E+00 0.00000E+00 0.00000E+00 0.00000E+00 0.00000E+00 0.00000E+00 0.00000E+00 0.00000E+00 0.00000E+00 0.00000E+00 0.00000E+00 0.00000E+00 0.00000E+00 0.00000E+00
 5.10000E+01 8.86960E-18 0.00000E+00 0.00000E+00 0.00000E+00 0.00000E+00 0.00000E+00 0.00000E+00 0.00000E+00 0.00000E+00 0.00000E+00 0.00000E+00 0.00000E+00 0.00000E+00 0.00000E+00 0.00000E+00
 5.19719E+01 8.55727E-18 0.00000E+00 0.00000E+00 0.00000E+00 0.00000E+00 0.00000E+00 0.00000E+00 0.00000E+00 0.00000E+00 0.00000E+00 0.00000E+00 0.00000E+00 0.00000E+00 0.00000E+00 0.00000E+00
 5.29623E+01 8.22053E-18 0.00000E+00 0.00000E+00 0.00000E+00 0.00000E+00 0.00000E+00 0.00000E+00 0.00000E+00 0.00000E+00 0.00000E+00 0.00000E+00 0.00000E+00 0.00000E+00 0.00000E+00 0.00000E+00
 5.50000E+01 7.52619E-18 0.00000E+00 0.00000E+00 0.00000E+00 0.00000E+00 0.00000E+00 0.00000E+00 0.00000E+00 0.00000E+00 0.00000E+00 0.00000E+00 0.00000E+00 0.00000E+00 0.00000E+00 0.00000E+00
 6.00000E+01 6.05332E-18 0.00000E+00 0.00000E+00 0.00000E+00 0.00000E+00 0.00000E+00 0.00000E+00 0.00000E+00 0.00000E+00 0.00000E+00 0.00000E+00 0.00000E+00 0.00000E+00 0.00000E+00 0.00000E+00
 6.23574E+01 5.50023E-18 0.00000E+00 0.00000E+00 0.00000E+00 0.00000E+00 0.00000E+00 0.00000E+00 0.00000E+00 0.00000E+00 0.00000E+00 0.00000E+00 0.00000E+00 0.00000E+00 0.00000E+00 0.00000E+00
 6.48074E+01 5.02246E-18 0.00000E+00 0.00000E+00 0.00000E+00 0.00000E+00 0.00000E+00 0.00000E+00 0.00000E+00 0.00000E+00 0.00000E+00 0.00000E+00 0.00000E+00 0.00000E+00 0.00000E+00 0.00000E+00
 6.73537E+01 4.61775E-18 0.00000E+00 0.00000E+00 0.00000E+00 0.00000E+00 0.00000E+00 0.00000E+00 0.00000E+00 0.00000E+00 0.00000E+00 0.00000E+00 0.00000E+00 0.00000E+00 0.00000E+00 0.00000E+00
 6.86641E+01 4.44119E-18 0.00000E+00 0.00000E+00 0.00000E+00 0.00000E+00 0.00000E+00 0.00000E+00 0.00000E+00 0.00000E+00 0.00000E+00 0.00000E+00 0.00000E+00 0.00000E+00 0.00000E+00 0.00000E+00
 7.00000E+01 4.28318E-18 0.00000E+00 0.00000E+00 0.00000E+00 0.00000E+00 0.00000E+00 0.00000E+00 0.00000E+00 0.00000E+00 0.00000E+00 0.00000E+00 0.00000E+00 0.00000E+00 0.00000E+00 0.00000E+00
 7.11782E+01 4.15942E-18 0.00000E+00 0.00000E+00 0.00000E+00 0.00000E+00 0.00000E+00 0.00000E+00 0.00000E+00 0.00000E+00 0.00000E+00 0.00000E+00 0.00000E+00 0.00000E+00 0.00000E+00 0.00000E+00
 7.23762E+01 4.04796E-18 0.00000E+00 0.00000E+00 0.00000E+00 0.00000E+00 0.00000E+00 0.00000E+00 0.00000E+00 0.00000E+00 0.00000E+00 0.00000E+00 0.00000E+00 0.00000E+00 0.00000E+00 0.00000E+00
 7.35944E+01 3.94874E-18 0.00000E+00 0.00000E+00 0.00000E+00 0.00000E+00 0.00000E+00 0.00000E+00 0.00000E+00 0.00000E+00 0.00000E+00 0.00000E+00 0.00000E+00 0.00000E+00 0.00000E+00 0.00000E+00
 7.48331E+01 3.86171E-18 0.00000E+00 0.00000E+00 0.00000E+00 0.00000E+00 0.00000E+00 0.00000E+00 0.00000E+00 0.00000E+00 0.00000E+00 0.00000E+00 0.00000E+00 0.00000E+00 0.00000E+00 0.00000E+00
 7.60927E+01 3.78528E-18 0.00000E+00 0.00000E+00 0.00000E+00 0.00000E+00 0.00000E+00 0.00000E+00 0.00000E+00 0.00000E+00 0.00000E+00 0.00000E+00 0.00000E+00 0.00000E+00 0.00000E+00 0.00000E+00
 7.73735E+01 3.71945E-18 0.00000E+00 0.00000E+00 0.00000E+00 0.00000E+00 0.00000E+00 0.00000E+00 0.00000E+00 0.00000E+00 0.00000E+00 0.00000E+00 0.00000E+00 0.00000E+00 0.00000E+00 0.00000E+00
 7.86758E+01 3.66443E-18 0.00000E+00 0.00000E+00 0.00000E+00 0.00000E+00 0.00000E+00 0.00000E+00 0.00000E+00 0.00000E+00 0.00000E+00 0.00000E+00 0.00000E+00 0.00000E+00 0.00000E+00 0.00000E+00
 8.00000E+01 3.61947E-18 0.00000E+00 0.00000E+00 0.00000E+00 0.00000E+00 0.00000E+00 0.00000E+00 0.00000E+00 0.00000E+00 0.00000E+00 0.00000E+00 0.00000E+00 0.00000E+00 0.00000E+00 0.00000E+00
 8.00000E+01 3.61947E-18 0.00000E+00 0.00000E+00 0.00000E+00 0.00000E+00 0.00000E+00 0.00000E+00 0.00000E+00 0.00000E+00 0.00000E+00 0.00000E+00 0.00000E+00 0.00000E+00 0.00000E+00 0.00000E+00
 8.00736E+01 3.67605E-18 0.00000E+00 0.00000E+00 0.00000E+00 0.00000E+00 0.00000E+00 0.00000E+00 0.00000E+00 0.00000E+00 0.00000E+00 0.00000E+00 0.00000E+00 0.00000E+00 0.00000E+00 0.00000E+00
 8.01474E+01 3.67375E-18 0.00000E+00 0.00000E+00 0.00000E+00 0.00000E+00 0.00000E+00 0.00000E+00 0.00000E+00 0.00000E+00 0.00000E+00 0.00000E+00 0.00000E+00 0.00000E+00 0.00000E+00 0.00000E+00
 8.02950E+01 3.66925E-18 0.00000E+00 0.00000E+00 0.00000E+00 0.00000E+00 0.00000E+00 0.00000E+00 0.00000E+00 0.00000E+00 0.00000E+00 0.00000E+00 0.00000E+00 0.00000E+00 0.00000E+00 0.00000E+00
 8.05911E+01 3.66058E-18 0.00000E+00 0.00000E+00 0.00000E+00 0.00000E+00 0.00000E+00 0.00000E+00 0.00000E+00 0.00000E+00 0.00000E+00 0.00000E+00 0.00000E+00 0.00000E+00 0.00000E+00 0.00000E+00
 8.11865E+01 3.64419E-18 0.00000E+00 0.00000E+00 0.00000E+00 0.00000E+00 0.00000E+00 0.00000E+00 0.00000E+00 0.00000E+00 0.00000E+00 0.00000E+00 0.00000E+00 0.00000E+00 0.00000E+00 0.00000E+00
 8.23907E+01 3.61707E-18 0.00000E+00 0.00000E+00 0.00000E+00 0.00000E+00 0.00000E+00 0.00000E+00 0.00000E+00 0.00000E+00 0.00000E+00 0.00000E+00 0.00000E+00 0.00000E+00 0.00000E+00 0.00000E+00
 8.48528E+01 3.58436E-18 0.00000E+00 0.00000E+00 0.00000E+00 0.00000E+00 0.00000E+00 0.00000E+00 0.00000E+00 0.00000E+00 0.00000E+00 0.00000E+00 0.00000E+00 0.00000E+00 0.00000E+00 0.00000E+00
 8.73885E+01 3.57945E-18 0.00000E+00 0.00000E+00 0.00000E+00 0.00000E+00 0.00000E+00 0.00000E+00 0.00000E+00 0.00000E+00 0.00000E+00 0.00000E+00 0.00000E+00 0.00000E+00 0.00000E+00 0.00000E+00
 9.00000E+01 3.59943E-18 0.00000E+00 0.00000E+00 0.00000E+00 0.00000E+00 0.00000E+00 0.00000E+00 0.00000E+00 0.00000E+00 0.00000E+00 0.00000E+00 0.00000E+00 0.00000E+00 0.00000E+00 0.00000E+00
 9.24021E+01 3.63603E-18 0.00000E+00 0.00000E+00 0.00000E+00 0.00000E+00 0.00000E+00 0.00000E+00 0.00000E+00 0.00000E+00 0.00000E+00 0.00000E+00 0.00000E+00 0.00000E+00 0.00000E+00 0.00000E+00
 9.48683E+01 3.68956E-18 0.00000E+00 0.00000E+00 0.00000E+00 0.00000E+00 0.00000E+00 0.00000E+00 0.00000E+00 0.00000E+00 0.00000E+00 0.00000E+00 0.00000E+00 0.00000E+00 0.00000E+00 0.00000E+00
 9.74004E+01 3.75826E-18 0.00000E+00 0.00000E+00 0.00000E+00 0.00000E+00 0.00000E+00 0.00000E+00 0.00000E+00 0.00000E+00 0.00000E+00 0.00000E+00 0.00000E+00 0.00000E+00 0.00000E+00 0.00000E+00
 1.00000E+02 3.84085E-18 0.00000E+00 0.00000E+00 0.00000E+00 0.00000E+00 0.00000E+00 0.00000E+00 0.00000E+00 0.00000E+00 0.00000E+00 0.00000E+00 0.00000E+00 0.00000E+00 0.00000E+00 0.00000E+00
 1.04881E+02 4.01835E-18 0.00000E+00 0.00000E+00 0.00000E+00 0.00000E+00 0.00000E+00 0.00000E+00 0.00000E+00 0.00000E+00 0.00000E+00 0.00000E+00 0.00000E+00 0.00000E+00 0.00000E+00 0.00000E+00
 1.10000E+02 4.22667E-18 0.00000E+00 0.00000E+00 0.00000E+00 0.00000E+00 0.00000E+00 0.00000E+00 0.00000E+00 0.00000E+00 0.00000E+00 0.00000E+00 0.00000E+00 0.00000E+00 0.00000E+00 0.00000E+00
 1.17260E+02 4.52535E-18 0.00000E+00 0.00000E+00 0.00000E+00 0.00000E+00 0.00000E+00 0.00000E+00 0.00000E+00 0.00000E+00 0.00000E+00 0.00000E+00 0.00000E+00 0.00000E+00 0.00000E+00 0.00000E+00
 1.25000E+02 4.82296E-18 0.00000E+00 0.00000E+00 0.00000E+00 0.00000E+00 0.00000E+00 0.00000E+00 0.00000E+00 0.00000E+00 0.00000E+00 0.00000E+00 0.00000E+00 0.00000E+00 0.00000E+00 0.00000E+00
 1.32288E+02 5.06834E-18 0.00000E+00 0.00000E+00 0.00000E+00 0.00000E+00 0.00000E+00 0.00000E+00 0.00000E+00 0.00000E+00 0.00000E+00 0.00000E+00 0.00000E+00 0.00000E+00 0.00000E+00 0.00000E+00
 1.40000E+02 5.28921E-18 0.00000E+00 0.00000E+00 0.00000E+00 0.00000E+00 0.00000E+00 0.00000E+00 0.00000E+00 0.00000E+00 0.00000E+00 0.00000E+00 0.00000E+00 0.00000E+00 0.00000E+00 0.00000E+00
 1.44914E+02 5.41061E-18 0.00000E+00 0.00000E+00 0.00000E+00 0.00000E+00 0.00000E+00 0.00000E+00 0.00000E+00 0.00000E+00 0.00000E+00 0.00000E+00 0.00000E+00 0.00000E+00 0.00000E+00 0.00000E+00
 1.50000E+02 5.52128E-18 0.00000E+00 0.00000E+00 0.00000E+00 0.00000E+00 0.00000E+00 0.00000E+00 0.00000E+00 0.00000E+00 0.00000E+00 0.00000E+00 0.00000E+00 0.00000E+00 0.00000E+00 0.00000E+00
 1.55893E+02 5.63363E-18 0.00000E+00 0.00000E+00 0.00000E+00 0.00000E+00 0.00000E+00 0.00000E+00 0.00000E+00 0.00000E+00 0.00000E+00 0.00000E+00 0.00000E+00 0.00000E+00 0.00000E+00 0.00000E+00
 1.62019E+02 5.73019E-18 0.00000E+00 0.00000E+00 0.00000E+00 0.00000E+00 0.00000E+00 0.00000E+00 0.00000E+00 0.00000E+00 0.00000E+00 0.00000E+00 0.00000E+00 0.00000E+00 0.00000E+00 0.00000E+00
 1.68384E+02 5.80916E-18 0.00000E+00 0.00000E+00 0.00000E+00 0.00000E+00 0.00000E+00 0.00000E+00 0.00000E+00 0.00000E+00 0.00000E+00 0.00000E+00 0.00000E+00 0.00000E+00 0.00000E+00 0.00000E+00
 1.75000E+02 5.86785E-18 0.00000E+00 0.00000E+00 0.00000E+00 0.00000E+00 0.00000E+00 0.00000E+00 0.00000E+00 0.00000E+00 0.00000E+00 0.00000E+00 0.00000E+00 0.00000E+00 0.00000E+00 0.00000E+00
 1.80941E+02 5.90037E-18 0.00000E+00 0.00000E+00 0.00000E+00 0.00000E+00 0.00000E+00 0.00000E+00 0.00000E+00 0.00000E+00 0.00000E+00 0.00000E+00 0.00000E+00 0.00000E+00 0.00000E+00 0.00000E+00
 1.87083E+02 5.91603E-18 0.00000E+00 0.00000E+00 0.00000E+00 0.00000E+00 0.00000E+00 0.00000E+00 0.00000E+00 0.00000E+00 0.00000E+00 0.00000E+00 0.00000E+00 0.00000E+00 0.00000E+00 0.00000E+00
 1.93434E+02 5.91321E-18 0.00000E+00 0.00000E+00 0.00000E+00 0.00000E+00 0.00000E+00 0.00000E+00 0.00000E+00 0.00000E+00 0.00000E+00 0.00000E+00 0.00000E+00 0.00000E+00 0.00000E+00 0.00000E+00
 2.00000E+02 5.89210E-18 0.00000E+00 0.00000E+00 0.00000E+00 0.00000E+00 0.00000E+00 0.00000E+00 0.00000E+00 0.00000E+00 0.00000E+00 0.00000E+00 0.00000E+00 0.00000E+00 0.00000E+00 0.00000E+00
 2.09762E+02 5.83591E-18 0.00000E+00 0.00000E+00 0.00000E+00 0.00000E+00 0.00000E+00 0.00000E+00 0.00000E+00 0.00000E+00 0.00000E+00 0.00000E+00 0.00000E+00 0.00000E+00 0.00000E+00 0.00000E+00
 2.20000E+02 5.75174E-18 0.00000E+00 0.00000E+00 0.00000E+00 0.00000E+00 0.00000E+00 0.00000E+00 0.00000E+00 0.00000E+00 0.00000E+00 0.00000E+00 0.00000E+00 0.00000E+00 0.00000E+00 0.00000E+00
 2.33581E+02 5.61032E-18 0.00000E+00 0.00000E+00 0.00000E+00 0.00000E+00 0.00000E+00 0.00000E+00 0.00000E+00 0.00000E+00 0.00000E+00 0.00000E+00 0.00000E+00 0.00000E+00 0.00000E+00 0.00000E+00
 2.48000E+02 5.43489E-18 0.00000E+00 0.00000E+00 0.00000E+00 0.00000E+00 0.00000E+00 0.00000E+00 0.00000E+00 0.00000E+00 0.00000E+00 0.00000E+00 0.00000E+00 0.00000E+00 0.00000E+00 0.00000E+00
 2.48000E+02 5.70631E-18 0.00000E+00 0.00000E+00 0.00000E+00 0.00000E+00 0.00000E+00 0.00000E+00 0.00000E+00 0.00000E+00 0.00000E+00 0.00000E+00 0.00000E+00 0.00000E+00 0.00000E+00 2.71413E-19
 2.50000E+02 5.66731E-18 0.00000E+00 0.00000E+00 0.00000E+00 0.00000E+00 0.00000E+00 0.00000E+00 0.00000E+00 0.00000E+00 0.00000E+00 0.00000E+00 0.00000E+00 0.00000E+00 0.00000E+00 2.58664E-19
 2.61000E+02 5.49010E-18 0.00000E+00 0.00000E+00 0.00000E+00 0.00000E+00 0.00000E+00 0.00000E+00 0.00000E+00 0.00000E+00 0.00000E+00 0.00000E+00 0.00000E+00 0.00000E+00 0.00000E+00 2.32682E-19
 2.61000E+02 5.68281E-18 0.00000E+00 0.00000E+00 0.00000E+00 0.00000E+00 0.00000E+00 0.00000E+00 0.00000E+00 0.00000E+00 0.00000E+00 0.00000E+00 0.00000E+00 0.00000E+00 1.92708E-19 2.32682E-19
 2.79821E+02 5.32421E-18 0.00000E+00 0.00000E+00 0.00000E+00 0.00000E+00 0.00000E+00 0.00000E+00 0.00000E+00 0.00000E+00 0.00000E+00 0.00000E+00 0.00000E+00 0.00000E+00 1.55682E-19 1.92127E-19
 3.00000E+02 4.95234E-18 0.00000E+00 0.00000E+00 0.00000E+00 0.00000E+00 0.00000E+00 0.00000E+00 0.00000E+00 0.00000E+00 0.00000E+00 0.00000E+00 0.00000E+00 0.00000E+00 1.26639E-19 1.66845E-19
 3.24037E+02 4.57279E-18 0.00000E+00 0.00000E+00 0.00000E+00 0.00000E+00 0.00000E+00 0.00000E+00 0.00000E+00 0.00000E+00 0.00000E+00 0.00000E+00 0.00000E+00 0.00000E+00 1.11322E-19 1.75593E-19
 3.50000E+02 4.23098E-18 0.00000E+00 0.00000E+00 0.00000E+00 0.00000E+00 0.00000E+00 0.00000E+00 0.00000E+00 0.00000E+00 0.00000E+00 0.00000E+00 0.00000E+00 0.00000E+00 1.19990E-19 2.09838E-19
 3.74166E+02 3.94931E-18 0.00000E+00 0.00000E+00 0.00000E+00 0.00000E+00 0.00000E+00 0.00000E+00 0.00000E+00 0.00000E+00 0.00000E+00 0.00000E+00 0.00000E+00 0.00000E+00 1.39047E-19 2.47606E-19
 4.00000E+02 3.67064E-18 0.00000E+00 0.00000E+00 0.00000E+00 0.00000E+00 0.00000E+00 0.00000E+00 0.00000E+00 0.00000E+00 0.00000E+00 0.00000E+00 0.00000E+00 0.00000E+00 1.61022E-19 2.84077E-19
 4.28000E+02 3.39270E-18 0.00000E+00 0.00000E+00 0.00000E+00 0.00000E+00 0.00000E+00 0.00000E+00 0.00000E+00 0.00000E+00 0.00000E+00 0.00000E+00 0.00000E+00 0.00000E+00 1.82664E-19 3.16990E-19
 4.28000E+02 3.59511E-18 0.00000E+00 0.00000E+00 0.00000E+00 0.00000E+00 0.00000E+00 0.00000E+00 0.00000E+00 0.00000E+00 0.00000E+00 0.00000E+00 0.00000E+00 2.02408E-19 1.82664E-19 3.16990E-19
 4.33397E+02 3.56349E-18 0.00000E+00 0.00000E+00 0.00000E+00 0.00000E+00 0.00000E+00 0.00000E+00 0.00000E+00 0.00000E+00 0.00000E+00 0.00000E+00 0.00000E+00 2.21632E-19 1.86430E-19 3.22460E-19
 4.38862E+02 3.52162E-18 0.00000E+00 0.00000E+00 0.00000E+00 0.00000E+00 0.00000E+00 0.00000E+00 0.00000E+00 0.00000E+00 0.00000E+00 0.00000E+00 0.00000E+00 2.30206E-19 1.90247E-19 3.27689E-19
 4.50000E+02 3.42497E-18 0.00000E+00 0.00000E+00 0.00000E+00 0.00000E+00 0.00000E+00 0.00000E+00 0.00000E+00 0.00000E+00 0.00000E+00 0.00000E+00 0.00000E+00 2.33991E-19 1.97293E-19 3.37250E-19
 4.71964E+02 3.22669E-18 0.00000E+00 0.00000E+00 0.00000E+00 0.00000E+00 0.00000E+00 0.00000E+00 0.00000E+00 0.00000E+00 0.00000E+00 0.00000E+00 0.00000E+00 2.25310E-19 2.08953E-19 3.52127E-19
 4.95000E+02 3.03362E-18 0.00000E+00 0.00000E+00 0.00000E+00 0.00000E+00 0.00000E+00 0.00000E+00 0.00000E+00 0.00000E+00 0.00000E+00 0.00000E+00 0.00000E+00 2.18930E-19 2.18209E-19 3.63056E-19
 4.95000E+02 3.07937E-18 0.00000E+00 0.00000E+00 0.00000E+00 0.00000E+00 0.00000E+00 0.00000E+00 0.00000E+00 0.00000E+00 0.00000E+00 0.00000E+00 4.57448E-20 2.18930E-19 2.18209E-19 3.63056E-19
 5.00000E+02 3.04073E-18 0.00000E+00 0.00000E+00 0.00000E+00 0.00000E+00 0.00000E+00 0.00000E+00 0.00000E+00 0.00000E+00 0.00000E+00 0.00000E+00 4.76276E-20 2.17763E-19 2.19916E-19 3.64978E-19
 5.24404E+02 2.85555E-18 0.00000E+00 0.00000E+00 0.00000E+00 0.00000E+00 0.00000E+00 0.00000E+00 0.00000E+00 0.00000E+00 0.00000E+00 0.00000E+00 5.01617E-20 2.11757E-19 2.26396E-19 3.71550E-19
 5.50000E+02 2.67239E-18 0.00000E+00 0.00000E+00 0.00000E+00 0.00000E+00 0.00000E+00 0.00000E+00 0.00000E+00 0.00000E+00 0.00000E+00 0.00000E+00 4.94704E-20 2.05399E-19 2.30683E-19 3.74559E-19
 5.99000E+02 2.36025E-18 0.00000E+00 0.00000E+00 0.00000E+00 0.00000E+00 0.00000E+00 0.00000E+00 0.00000E+00 0.00000E+00 0.00000E+00 0.00000E+00 4.91146E-20 1.93728E-19 2.32705E-19 3.71368E-19
 5.99000E+02 2.43358E-18 0.00000E+00 0.00000E+00 0.00000E+00 0.00000E+00 0.00000E+00 0.00000E+00 0.00000E+00 0.00000E+00 0.00000E+00 7.33258E-20 4.91146E-20 1.93728E-19 2.32705E-19 3.71368E-19
 6.00000E+02 2.42557E-18 0.00000E+00 0.00000E+00 0.00000E+00 0.00000E+00 0.00000E+00 0.00000E+00 0.00000E+00 0.00000E+00 0.00000E+00 7.12252E-20 4.91070E-20 1.93493E-19 2.32688E-19 3.71226E-19
 6.11673E+02 2.34785E-18 0.00000E+00 0.00000E+00 0.00000E+00 0.00000E+00 0.00000E+00 0.00000E+00 0.00000E+00 0.00000E+00 0.00000E+00 6.13085E-20 4.90023E-20 1.90733E-19 2.32077E-19 3.69019E-19
 6.23574E+02 2.28033E-18 0.00000E+00 0.00000E+00 0.00000E+00 0.00000E+00 0.00000E+00 0.00000E+00 0.00000E+00 0.00000E+00 0.00000E+00 6.00894E-20 4.88753E-20 1.87842E-19 2.31409E-19 3.66747E-19
 6.48074E+02 2.15103E-18 0.00000E+00 0.00000E+00 0.00000E+00 0.00000E+00 0.00000E+00 0.00000E+00 0.00000E+00 0.00000E+00 0.00000E+00 5.99674E-20 4.86221E-20 1.82189E-19 2.29086E-19 3.60820E-19
 7.00000E+02 1.90348E-18 0.00000E+00 0.00000E+00 0.00000E+00 0.00000E+00 0.00000E+00 0.00000E+00 0.00000E+00 0.00000E+00 0.00000E+00 5.64674E-20 4.78391E-20 1.70678E-19 2.21556E-19 3.44906E-19
 7.48331E+02 1.70541E-18 0.00000E+00 0.00000E+00 0.00000E+00 0.00000E+00 0.00000E+00 0.00000E+00 0.00000E+00 0.00000E+00 0.00000E+00 5.33687E-20 4.68759E-20 1.60359E-19 2.12313E-19 3.27592E-19
 8.00000E+02 1.52288E-18 0.00000E+00 0.00000E+00 0.00000E+00 0.00000E+00 0.00000E+00 0.00000E+00 0.00000E+00 0.00000E+00 0.00000E+00 5.02481E-20 4.56299E-20 1.50117E-19 2.01347E-19 3.08235E-19
 8.48528E+02 1.37425E-18 0.00000E+00 0.00000E+00 0.00000E+00 0.00000E+00 0.00000E+00 0.00000E+00 0.00000E+00 0.00000E+00 0.00000E+00 4.74737E-20 4.43195E-20 1.41115E-19 1.90618E-19 2.89905E-19
 9.00000E+02 1.23722E-18 0.00000E+00 0.00000E+00 0.00000E+00 0.00000E+00 0.00000E+00 0.00000E+00 0.00000E+00 0.00000E+00 0.00000E+00 4.46866E-20 4.28430E-20 1.32226E-19 1.79177E-19 2.70870E-19
 1.00000E+03 1.01997E-18 0.00000E+00 0.00000E+00 0.00000E+00 0.00000E+00 0.00000E+00 0.00000E+00 0.00000E+00 0.00000E+00 0.00000E+00 3.98362E-20 3.98532E-20 1.16901E-19 1.57995E-19 2.36543E-19
 1.10000E+03 8.51718E-19 0.00000E+00 0.00000E+00 0.00000E+00 0.00000E+00 0.00000E+00 0.00000E+00 0.00000E+00 0.00000E+00 0.00000E+00 3.56299E-20 3.68860E-20 1.03759E-19 1.38818E-19 2.06177E-19
 1.17260E+03 7.52834E-19 0.00000E+00 0.00000E+00 0.00000E+00 0.00000E+00 0.00000E+00 0.00000E+00 0.00000E+00 0.00000E+00 0.00000E+00 3.29439E-20 3.48327E-20 9.54463E-20 1.26362E-19 1.86753E-19
 1.25000E+03 6.64043E-19 0.00000E+00 0.00000E+00 0.00000E+00 0.00000E+00 0.00000E+00 0.00000E+00 0.00000E+00 0.00000E+00 0.00000E+00 3.03861E-20 3.27436E-20 8.75281E-20 1.14372E-19 1.68233E-19
 1.40000E+03 5.29166E-19 0.00000E+00 0.00000E+00 0.00000E+00 0.00000E+00 0.00000E+00 0.00000E+00 0.00000E+00 0.00000E+00 0.00000E+00 2.61642E-20 2.90517E-20 7.45754E-20 9.46260E-20 1.38114E-19
 1.50000E+03 4.59577E-19 0.00000E+00 0.00000E+00 0.00000E+00 0.00000E+00 0.00000E+00 0.00000E+00 0.00000E+00 0.00000E+00 0.00000E+00 2.38127E-20 2.68490E-20 6.73890E-20 8.36809E-20 1.21592E-19
 1.62019E+03 3.91729E-19 0.00000E+00 0.00000E+00 0.00000E+00 0.00000E+00 0.00000E+00 0.00000E+00 0.00000E+00 0.00000E+00 0.00000E+00 2.13658E-20 2.44725E-20 5.99631E-20 7.25016E-20 1.04843E-19
 1.75000E+03 3.33107E-19 0.00000E+00 0.00000E+00 0.00000E+00 0.00000E+00 0.00000E+00 0.00000E+00 0.00000E+00 0.00000E+00 0.00000E+00 1.91175E-20 2.21967E-20 5.31704E-20 6.24068E-20 8.98252E-20
 1.81100E+03 3.09593E-19 0.00000E+00 0.00000E+00 0.00000E+00 0.00000E+00 0.00000E+00 0.00000E+00 0.00000E+00 0.00000E+00 0.00000E+00 1.81713E-20 2.12178E-20 5.03353E-20 5.82398E-20 8.36603E-20
 1.81100E+03 3.23787E-19 0.00000E+00 0.00000E+00 0.00000E+00 0.00000E+00 0.00000E+00 0.00000E+00 0.00000E+00 0.00000E+00 1.41932E-20 1.81713E-20 2.12178E-20 5.03353E-20 5.82398E-20 8.36603E-20
 1.81197E+03 3.25169E-19 0.00000E+00 0.00000E+00 0.00000E+00 0.00000E+00 0.00000E+00 0.00000E+00 0.00000E+00 0.00000E+00 1.59276E-20 1.81568E-20 2.12028E-20 5.02922E-20 5.81770E-20 8.35675E-20
 1.81294E+03 3.27591E-19 0.00000E+00 0.00000E+00 0.00000E+00 0.00000E+00 0.00000E+00 0.00000E+00 0.00000E+00 0.00000E+00 1.87022E-20 1.81423E-20 2.11878E-20 5.02490E-20 5.81143E-20 8.34749E-20
 1.81391E+03 3.31257E-19 0.00000E+00 0.00000E+00 0.00000E+00 0.00000E+00 0.00000E+00 0.00000E+00 0.00000E+00 0.00000E+00 2.27196E-20 1.81279E-20 2.11729E-20 5.02059E-20 5.80516E-20 8.33823E-20
 1.81487E+03 3.36400E-19 0.00000E+00 0.00000E+00 0.00000E+00 0.00000E+00 0.00000E+00 0.00000E+00 0.00000E+00 0.00000E+00 2.82143E-20 1.81134E-20 2.11579E-20 5.01629E-20 5.79890E-20 8.32898E-20
 1.81584E+03 3.43211E-19 0.00000E+00 0.00000E+00 0.00000E+00 0.00000E+00 0.00000E+00 0.00000E+00 0.00000E+00 0.00000E+00 3.53758E-20 1.80990E-20 2.11430E-20 5.01199E-20 5.79265E-20 8.31974E-20
 1.81682E+03 3.51881E-19 0.00000E+00 0.00000E+00 0.00000E+00 0.00000E+00 0.00000E+00 0.00000E+00 0.00000E+00 0.00000E+00 4.43958E-20 1.80846E-20 2.11281E-20 5.00769E-20 5.78641E-20 8.31052E-20
 1.81779E+03 3.62611E-19 0.00000E+00 0.00000E+00 0.00000E+00 0.00000E+00 0.00000E+00 0.00000E+00 0.00000E+00 0.00000E+00 5.54756E-20 1.80701E-20 2.11131E-20 5.00340E-20 5.78017E-20 8.30130E-20
 1.81876E+03 3.75432E-19 0.00000E+00 0.00000E+00 0.00000E+00 0.00000E+00 0.00000E+00 0.00000E+00 0.00000E+00 0.00000E+00 6.86458E-20 1.80557E-20 2.10982E-20 4.99911E-20 5.77394E-20 8.29209E-20
 1.81973E+03 3.90411E-19 0.00000E+00 0.00000E+00 0.00000E+00 0.00000E+00 0.00000E+00 0.00000E+00 0.00000E+00 0.00000E+00 8.39746E-20 1.80413E-20 2.10833E-20 4.99482E-20 5.76772E-20 8.28290E-20
 1.82070E+03 4.07354E-19 0.00000E+00 0.00000E+00 0.00000E+00 0.00000E+00 0.00000E+00 0.00000E+00 0.00000E+00 0.00000E+00 1.01266E-19 1.80270E-20 2.10684E-20 4.99054E-20 5.76150E-20 8.27371E-20
 1.82265E+03 4.46111E-19 0.00000E+00 0.00000E+00 0.00000E+00 0.00000E+00 0.00000E+00 0.00000E+00 0.00000E+00 0.00000E+00 1.40718E-19 1.79982E-20 2.10387E-20 4.98198E-20 5.74908E-20 8.25537E-20
 1.82460E+03 4.88617E-19 0.00000E+00 0.00000E+00 0.00000E+00 0.00000E+00 0.00000E+00 0.00000E+00 0.00000E+00 0.00000E+00 1.83918E-19 1.79695E-20 2.10090E-20 4.97344E-20 5.73669E-20 8.23707E-20
 1.82557E+03 5.10285E-19 0.00000E+00 0.00000E+00 0.00000E+00 0.00000E+00 0.00000E+00 0.00000E+00 0.00000E+00 0.00000E+00 2.05933E-19 1.79552E-20 2.09942E-20 4.96918E-20 5.73051E-20 8.22794E-20
 1.82655E+03 5.31598E-19 0.00000E+00 0.00000E+00 0.00000E+00 0.00000E+00 0.00000E+00 0.00000E+00 0.00000E+00 0.00000E+00 2.27592E-19 1.79409E-20 2.09793E-20 4.96492E-20 5.72433E-20 8.21881E-20
 1.82752E+03 5.52124E-19 0.00000E+00 0.00000E+00 0.00000E+00 0.00000E+00 0.00000E+00 0.00000E+00 0.00000E+00 0.00000E+00 2.48464E-19 1.79266E-20 2.09645E-20 4.96066E-20 5.71816E-20 8.20970E-20
 1.82850E+03 5.71604E-19 0.00000E+00 0.00000E+00 0.00000E+00 0.00000E+00 0.00000E+00 0.00000E+00 0.00000E+00 0.00000E+00 2.68289E-19 1.79123E-20 2.09497E-20 4.95641E-20 5.71200E-20 8.20059E-20
 1.82948E+03 5.90124E-19 0.00000E+00 0.00000E+00 0.00000E+00 0.00000E+00 0.00000E+00 0.00000E+00 0.00000E+00 0.00000E+00 2.87153E-19 1.78980E-20 2.09349E-20 4.95216E-20 5.70584E-20 8.19150E-20
 1.83046E+03 6.07444E-19 0.00000E+00 0.00000E+00 0.00000E+00 0.00000E+00 0.00000E+00 0.00000E+00 0.00000E+00 0.00000E+00 3.04817E-19 1.78838E-20 2.09201E-20 4.94791E-20 5.69969E-20 8.18241E-20
 1.83143E+03 6.23494E-19 0.00000E+00 0.00000E+00 0.00000E+00 0.00000E+00 0.00000E+00 0.00000E+00 0.00000E+00 0.00000E+00 3.21211E-19 1.78695E-20 2.09054E-20 4.94367E-20 5.69354E-20 8.17334E-20
 1.83241E+03 6.38545E-19 0.00000E+00 0.00000E+00 0.00000E+00 0.00000E+00 0.00000E+00 0.00000E+00 0.00000E+00 0.00000E+00 3.36606E-19 1.78553E-20 2.08906E-20 4.93943E-20 5.68741E-20 8.16427E-20
 1.83437E+03 6.65203E-19 0.00000E+00 0.00000E+00 0.00000E+00 0.00000E+00 0.00000E+00 0.00000E+00 0.00000E+00 0.00000E+00 3.63949E-19 1.78268E-20 2.08611E-20 4.93096E-20 5.67515E-20 8.14618E-20
 1.83633E+03 6.88338E-19 0.00000E+00 0.00000E+00 0.00000E+00 0.00000E+00 0.00000E+00 0.00000E+00 0.00000E+00 0.00000E+00 3.87768E-19 1.77984E-20 2.08317E-20 4.92251E-20 5.66292E-20 8.12812E-20
 1.83830E+03 7.08584E-19 0.00000E+00 0.00000E+00 0.00000E+00 0.00000E+00 0.00000E+00 0.00000E+00 0.00000E+00 0.00000E+00 4.08696E-19 1.77700E-20 2.08022E-20 4.91407E-20 5.65072E-20 8.11010E-20
 1.84026E+03 7.26863E-19 0.00000E+00 0.00000E+00 0.00000E+00 0.00000E+00 0.00000E+00 0.00000E+00 0.00000E+00 0.00000E+00 4.27656E-19 1.77417E-20 2.07729E-20 4.90565E-20 5.63854E-20 8.09212E-20
 1.84223E+03 7.43297E-19 0.00000E+00 0.00000E+00 0.00000E+00 0.00000E+00 0.00000E+00 0.00000E+00 0.00000E+00 0.00000E+00 4.44768E-19 1.77134E-20 2.07435E-20 4.89724E-20 5.62639E-20 8.07418E-20
 1.84420E+03 7.58501E-19 0.00000E+00 0.00000E+00 0.00000E+00 0.00000E+00 0.00000E+00 0.00000E+00 0.00000E+00 0.00000E+00 4.60649E-19 1.76852E-20 2.07143E-20 4.88884E-20 5.61427E-20 8.05628E-20
 1.84617E+03 7.72068E-19 0.00000E+00 0.00000E+00 0.00000E+00 0.00000E+00 0.00000E+00 0.00000E+00 0.00000E+00 0.00000E+00 4.74891E-19 1.76570E-20 2.06850E-20 4.88046E-20 5.60217E-20 8.03842E-20
 1.84815E+03 7.85116E-19 0.00000E+00 0.00000E+00 0.00000E+00 0.00000E+00 0.00000E+00 0.00000E+00 0.00000E+00 0.00000E+00 4.88613E-19 1.76289E-20 2.06558E-20 4.87210E-20 5.59010E-20 8.02061E-20
 1.85012E+03 7.96755E-19 0.00000E+00 0.00000E+00 0.00000E+00 0.00000E+00 0.00000E+00 0.00000E+00 0.00000E+00 0.00000E+00 5.00924E-19 1.76008E-20 2.06267E-20 4.86375E-20 5.57805E-20 8.00283E-20
 1.85408E+03 8.16988E-19 0.00000E+00 0.00000E+00 0.00000E+00 0.00000E+00 0.00000E+00 0.00000E+00 0.00000E+00 0.00000E+00 5.22497E-19 1.75447E-20 2.05684E-20 4.84708E-20 5.55404E-20 7.96738E-20
 1.85805E+03 8.32672E-19 0.00000E+00 0.00000E+00 0.00000E+00 0.00000E+00 0.00000E+00 0.00000E+00 0.00000E+00 0.00000E+00 5.39513E-19 1.74889E-20 2.05104E-20 4.83048E-20 5.53013E-20 7.93210E-20
 1.86202E+03 8.44160E-19 0.00000E+00 0.00000E+00 0.00000E+00 0.00000E+00 0.00000E+00 0.00000E+00 0.00000E+00 0.00000E+00 5.52327E-19 1.74332E-20 2.04525E-20 4.81394E-20 5.50632E-20 7.89697E-20
 1.86601E+03 8.52061E-19 0.00000E+00 0.00000E+00 0.00000E+00 0.00000E+00 0.00000E+00 0.00000E+00 0.00000E+00 0.00000E+00 5.61550E-19 1.73776E-20 2.03948E-20 4.79745E-20 5.48261E-20 7.86200E-20
 1.87000E+03 8.56904E-19 0.00000E+00 0.00000E+00 0.00000E+00 0.00000E+00 0.00000E+00 0.00000E+00 0.00000E+00 0.00000E+00 5.67712E-19 1.73223E-20 2.03373E-20 4.78101E-20 5.45901E-20 7.82718E-20
 1.87400E+03 8.59025E-19 0.00000E+00 0.00000E+00 0.00000E+00 0.00000E+00 0.00000E+00 0.00000E+00 0.00000E+00 0.00000E+00 5.71153E-19 1.72671E-20 2.02799E-20 4.76463E-20 5.43517E-20 7.79202E-20
 1.87400E+03 8.70047E-19 0.00000E+00 0.00000E+00 0.00000E+00 0.00000E+00 0.00000E+00 0.00000E+00 0.00000E+00 1.10222E-20 5.71153E-19 1.72671E-20 2.02799E-20 4.76463E-20 5.43517E-20 7.79202E-20
 1.87591E+03 8.72850E-19 0.00000E+00 0.00000E+00 0.00000E+00 0.00000E+00 0.00000E+00 0.00000E+00 0.00000E+00 1.33731E-20 5.72236E-19 1.72409E-20 2.02527E-20 4.75686E-20 5.42365E-20 7.77506E-20
 1.87781E+03 8.78696E-19 0.00000E+00 0.00000E+00 0.00000E+00 0.00000E+00 0.00000E+00 0.00000E+00 0.00000E+00 1.87640E-20 5.73321E-19 1.72148E-20 2.02252E-20 4.74910E-20 5.41216E-20 7.75814E-20
 1.87972E+03 8.88063E-19 0.00000E+00 0.00000E+00 0.00000E+00 0.00000E+00 0.00000E+00 0.00000E+00 0.00000E+00 2.81854E-20 5.73895E-19 1.71887E-20 2.01970E-20 4.74136E-20 5.40069E-20 7.74125E-20
 1.88164E+03 9.02123E-19 0.00000E+00 0.00000E+00 0.00000E+00 0.00000E+00 0.00000E+00 0.00000E+00 0.00000E+00 4.24910E-20 5.74279E-19 1.71626E-20 2.01688E-20 4.73345E-20 5.38925E-20 7.72441E-20
 1.88355E+03 9.21141E-19 0.00000E+00 0.00000E+00 0.00000E+00 0.00000E+00 0.00000E+00 0.00000E+00 0.00000E+00 6.19209E-20 5.74495E-19 1.71366E-20 2.01407E-20 4.72555E-20 5.37783E-20 7.70760E-20
 1.88547E+03 9.44320E-19 0.00000E+00 0.00000E+00 0.00000E+00 0.00000E+00 0.00000E+00 0.00000E+00 0.00000E+00 8.57016E-20 5.74519E-19 1.71106E-20 2.01126E-20 4.71766E-20 5.36644E-20 7.69082E-20
 1.88931E+03 9.96444E-19 0.00000E+00 0.00000E+00 0.00000E+00 0.00000E+00 0.00000E+00 0.00000E+00 0.00000E+00 1.39094E-19 5.74499E-19 1.70588E-20 2.00564E-20 4.70193E-20 5.34372E-20 7.65738E-20
 1.89123E+03 1.02121E-18 0.00000E+00 0.00000E+00 0.00000E+00 0.00000E+00 0.00000E+00 0.00000E+00 0.00000E+00 1.64655E-19 5.74323E-19 1.70329E-20 2.00285E-20 4.69409E-20 5.33239E-20 7.64071E-20
 1.89315E+03 1.04345E-18 0.00000E+00 0.00000E+00 0.00000E+00 0.00000E+00 0.00000E+00 0.00000E+00 0.00000E+00 1.87722E-19 5.74121E-19 1.70071E-20 2.00005E-20 4.68626E-20 5.32110E-20 7.62409E-20
 1.89508E+03 1.06278E-18 0.00000E+00 0.00000E+00 0.00000E+00 0.00000E+00 0.00000E+00 0.00000E+00 0.00000E+00 2.07867E-19 5.73919E-19 1.69813E-20 1.99726E-20 4.67844E-20 5.30982E-20 7.60749E-20
 1.89700E+03 1.07948E-18 0.00000E+00 0.00000E+00 0.00000E+00 0.00000E+00 0.00000E+00 0.00000E+00 0.00000E+00 2.25389E-19 5.73718E-19 1.69555E-20 1.99447E-20 4.67063E-20 5.29857E-20 7.59094E-20
 1.90087E+03 1.10667E-18 0.00000E+00 0.00000E+00 0.00000E+00 0.00000E+00 0.00000E+00 0.00000E+00 0.00000E+00 2.54216E-19 5.73314E-19 1.69041E-20 1.98891E-20 4.65506E-20 5.27614E-20 7.55793E-20
 1.90474E+03 1.12787E-18 0.00000E+00 0.00000E+00 0.00000E+00 0.00000E+00 0.00000E+00 0.00000E+00 0.00000E+00 2.77425E-19 5.72526E-19 1.68529E-20 1.98336E-20 4.63954E-20 5.25380E-20 7.52507E-20
 1.90861E+03 1.14541E-18 0.00000E+00 0.00000E+00 0.00000E+00 0.00000E+00 0.00000E+00 0.00000E+00 0.00000E+00 2.96994E-19 5.71718E-19 1.68018E-20 1.97783E-20 4.62407E-20 5.23156E-20 7.49235E-20
 1.91250E+03 1.16011E-18 0.00000E+00 0.00000E+00 0.00000E+00 0.00000E+00 0.00000E+00 0.00000E+00 0.00000E+00 3.13707E-19 5.70911E-19 1.67509E-20 1.97231E-20 4.60865E-20 5.20941E-20 7.45977E-20
 1.91639E+03 1.17144E-18 0.00000E+00 0.00000E+00 0.00000E+00 0.00000E+00 0.00000E+00 0.00000E+00 0.00000E+00 3.27697E-19 5.69458E-19 1.67002E-20 1.96681E-20 4.59328E-20 5.18736E-20 7.42734E-20
 1.92029E+03 1.18006E-18 0.00000E+00 0.00000E+00 0.00000E+00 0.00000E+00 0.00000E+00 0.00000E+00 0.00000E+00 3.38998E-19 5.67985E-19 1.66496E-20 1.96132E-20 4.57797E-20 5.16540E-20 7.39504E-20
 1.92420E+03 1.18591E-18 0.00000E+00 0.00000E+00 0.00000E+00 0.00000E+00 0.00000E+00 0.00000E+00 0.00000E+00 3.47504E-19 5.66517E-19 1.65991E-20 1.95585E-20 4.56270E-20 5.14353E-20 7.36289E-20
 1.92812E+03 1.18907E-18 0.00000E+00 0.00000E+00 0.00000E+00 0.00000E+00 0.00000E+00 0.00000E+00 0.00000E+00 3.54014E-19 5.64356E-19 1.65488E-20 1.95039E-20 4.54749E-20 5.12176E-20 7.33087E-20
 1.93598E+03 1.18945E-18 0.00000E+00 0.00000E+00 0.00000E+00 0.00000E+00 0.00000E+00 0.00000E+00 0.00000E+00 3.61081E-19 5.60035E-19 1.64486E-20 1.93953E-20 4.51721E-20 5.07848E-20 7.26726E-20
 1.95179E+03 1.17742E-18 0.00000E+00 0.00000E+00 0.00000E+00 0.00000E+00 0.00000E+00 0.00000E+00 0.00000E+00 3.64118E-19 5.49626E-19 1.62502E-20 1.91798E-20 4.45727E-20 4.99303E-20 7.14169E-20
 1.96773E+03 1.16187E-18 0.00000E+00 0.00000E+00 0.00000E+00 0.00000E+00 0.00000E+00 0.00000E+00 0.00000E+00 3.63645E-19 5.39116E-19 1.60541E-20 1.89667E-20 4.39812E-20 4.90902E-20 7.01829E-20
 1.98380E+03 1.14514E-18 0.00000E+00 0.00000E+00 0.00000E+00 0.00000E+00 0.00000E+00 0.00000E+00 0.00000E+00 3.61428E-19 5.29093E-19 1.58604E-20 1.87559E-20 4.33975E-20 4.82642E-20 6.89702E-20
 2.00000E+03 1.12571E-18 0.00000E+00 0.00000E+00 0.00000E+00 0.00000E+00 0.00000E+00 0.00000E+00 0.00000E+00 3.56412E-19 5.19086E-19 1.56690E-20 1.85475E-20 4.28216E-20 4.74520E-20 6.77784E-20
 2.09762E+03 1.00500E-18 0.00000E+00 0.00000E+00 0.00000E+00 0.00000E+00 0.00000E+00 0.00000E+00 0.00000E+00 3.19486E-19 4.60109E-19 1.45665E-20 1.73285E-20 3.95209E-20 4.28107E-20 6.09877E-20
 2.20000E+03 8.93527E-19 0.00000E+00 0.00000E+00 0.00000E+00 0.00000E+00 0.00000E+00 0.00000E+00 0.00000E+00 2.83586E-19 4.06740E-19 1.35371E-20 1.61865E-20 3.64674E-20 3.86213E-20 5.48746E-20
 2.28300E+03 8.14395E-19 0.00000E+00 0.00000E+00 0.00000E+00 0.00000E+00 0.00000E+00 0.00000E+00 0.00000E+00 2.57998E-19 3.69247E-19 1.27709E-20 1.53229E-20 3.41921E-20 3.55564E-20 5.04177E-20
 2.28300E+03 9.09145E-19 0.00000E+00 0.00000E+00 0.00000E+00 0.00000E+00 0.00000E+00 0.00000E+00 9.47501E-20 2.57998E-19 3.69247E-19 1.27709E-20 1.53229E-20 3.41921E-20 3.55564E-20 5.04177E-20
 2.28462E+03 9.18792E-19 0.00000E+00 0.00000E+00 0.00000E+00 0.00000E+00 0.00000E+00 0.00000E+00 1.05841E-19 2.57531E-19 3.68563E-19 1.27566E-20 1.53067E-20 3.41498E-20 3.55001E-20 5.03360E-20
 2.28624E+03 9.24830E-19 0.00000E+00 0.00000E+00 0.00000E+00 0.00000E+00 0.00000E+00 0.00000E+00 1.13321E-19 2.57065E-19 3.67881E-19 1.27423E-20 1.52906E-20 3.41075E-20 3.54439E-20 5.02543E-20
 2.28949E+03 9.31860E-19 0.00000E+00 0.00000E+00 0.00000E+00 0.00000E+00 0.00000E+00 0.00000E+00 1.23227E-19 2.56136E-19 3.66521E-19 1.27137E-20 1.52584E-20 3.40231E-20 3.53318E-20 5.00914E-20
 2.29274E+03 9.35191E-19 0.00000E+00 0.00000E+00 0.00000E+00 0.00000E+00 0.00000E+00 0.00000E+00 1.29424E-19 2.55209E-19 3.65165E-19 1.26853E-20 1.52263E-20 3.39390E-20 3.52200E-20 4.99290E-20
 2.29599E+03 9.35954E-19 0.00000E+00 0.00000E+00 0.00000E+00 0.00000E+00 0.00000E+00 0.00000E+00 1.33042E-19 2.54287E-19 3.63815E-19 1.26568E-20 1.51943E-20 3.38550E-20 3.51085E-20 4.97672E-20
 2.30252E+03 9.32450E-19 0.00000E+00 0.00000E+00 0.00000E+00 0.00000E+00 0.00000E+00 0.00000E+00 1.35218E-19 2.52451E-19 3.61129E-19 1.26002E-20 1.51304E-20 3.36877E-20 3.48867E-20 4.94450E-20
 2.30906E+03 9.25597E-19 0.00000E+00 0.00000E+00 0.00000E+00 0.00000E+00 0.00000E+00 0.00000E+00 1.34003E-19 2.50628E-19 3.58463E-19 1.25438E-20 1.50668E-20 3.35212E-20 3.46662E-20 4.91250E-20
 2.32220E+03 9.10677E-19 0.00000E+00 0.00000E+00 0.00000E+00 0.00000E+00 0.00000E+00 0.00000E+00 1.30239E-19 2.47023E-19 3.53190E-19 1.24317E-20 1.49403E-20 3.31907E-20 3.42295E-20 4.84911E-20
 2.33542E+03 8.97911E-19 0.00000E+00 0.00000E+00 0.00000E+00 0.00000E+00 0.00000E+00 0.00000E+00 1.28468E-19 2.43469E-19 3.47994E-19 1.23207E-20 1.48149E-20 3.28634E-20 3.37983E-20 4.78654E-20
 2.38904E+03 8.51042E-19 0.00000E+00 0.00000E+00 0.00000E+00 0.00000E+00 0.00000E+00 0.00000E+00 1.24568E-19 2.29570E-19 3.27700E-19 1.18864E-20 1.43144E-20 3.15864E-20 3.20952E-20 4.53975E-20
 2.50000E+03 7.64282E-19 0.00000E+00 0.00000E+00 0.00000E+00 0.00000E+00 0.00000E+00 0.00000E+00 1.16742E-19 2.04058E-19 2.90515E-19 1.10631E-20 1.33556E-20 2.91792E-20 2.89266E-20 4.08154E-20
 2.57700E+03 7.10340E-19 0.00000E+00 0.00000E+00 0.00000E+00 0.00000E+00 0.00000E+00 0.00000E+00 1.11524E-19 1.88333E-19 2.67678E-19 1.05348E-20 1.27343E-20 2.76312E-20 2.69324E-20 3.79406E-20
 2.57700E+03 7.39647E-19 0.00000E+00 0.00000E+00 0.00000E+00 0.00000E+00 0.00000E+00 2.93069E-20 1.11524E-19 1.88333E-19 2.67678E-19 1.05348E-20 1.27343E-20 2.76312E-20 2.69324E-20 3.79406E-20
 2.57884E+03 7.43063E-19 0.00000E+00 0.00000E+00 0.00000E+00 0.00000E+00 0.00000E+00 3.39412E-20 1.11404E-19 1.87978E-19 2.67163E-19 1.05227E-20 1.27200E-20 2.75958E-20 2.68872E-20 3.78755E-20
 2.58067E+03 7.44952E-19 0.00000E+00 0.00000E+00 0.00000E+00 0.00000E+00 0.00000E+00 3.70460E-20 1.11285E-19 1.87625E-19 2.66650E-19 1.05105E-20 1.27057E-20 2.75603E-20 2.68421E-20 3.78106E-20
 2.58435E+03 7.46555E-19 0.00000E+00 0.00000E+00 0.00000E+00 0.00000E+00 0.00000E+00 4.10751E-20 1.11046E-19 1.86919E-19 2.65627E-19 1.04863E-20 1.26773E-20 2.74896E-20 2.67522E-20 3.76811E-20
 2.59173E+03 7.45211E-19 0.00000E+00 0.00000E+00 0.00000E+00 0.00000E+00 0.00000E+00 4.45560E-20 1.10569E-19 1.85517E-19 2.63592E-19 1.04380E-20 1.26205E-20 2.73487E-20 2.65732E-20 3.74233E-20
 2.60654E+03 7.35450E-19 0.00000E+00 0.00000E+00 0.00000E+00 0.00000E+00 0.00000E+00 4.43424E-20 1.09623E-19 1.82743E-19 2.59570E-19 1.03420E-20 1.25078E-20 2.70691E-20 2.62188E-20 3.69132E-20
 2.63641E+03 7.15575E-19 0.00000E+00 0.00000E+00 0.00000E+00 0.00000E+00 0.00000E+00 4.31755E-20 1.07735E-19 1.77319E-19 2.51707E-19 1.01528E-20 1.22853E-20 2.65183E-20 2.55241E-20 3.59135E-20
 2.69720E+03 6.78630E-19 0.00000E+00 0.00000E+00 0.00000E+00 0.00000E+00 0.00000E+00 4.21919E-20 1.03945E-19 1.66950E-19 2.36689E-19 9.78458E-21 1.18522E-20 2.54502E-20 2.41896E-20 3.39948E-20
 2.82300E+03 6.09648E-19 0.00000E+00 0.00000E+00 0.00000E+00 0.00000E+00 0.00000E+00 4.01108E-20 9.66489E-20 1.47788E-19 2.08953E-19 9.08093E-21 1.10140E-20 2.34115E-20 2.16784E-20 3.03928E-20
 2.82300E+03 6.41992E-19 0.00000E+00 0.00000E+00 0.00000E+00 0.00000E+00 3.23434E-20 4.01108E-20 9.66489E-20 1.47788E-19 2.08953E-19 9.08093E-21 1.10140E-20 2.34115E-20 2.16784E-20 3.03928E-20
 2.82837E+03 6.36104E-19 0.00000E+00 0.00000E+00 0.00000E+00 0.00000E+00 2.91849E-20 4.00236E-20 9.63526E-20 1.47035E-19 2.07864E-19 9.05248E-21 1.09800E-20 2.33293E-20 2.15785E-20 3.02498E-20
 2.83375E+03 6.32012E-19 0.00000E+00 0.00000E+00 0.00000E+00 0.00000E+00 2.78095E-20 3.99366E-20 9.60572E-20 1.46286E-19 2.06781E-19 9.02413E-21 1.09460E-20 2.32474E-20 2.14791E-20 3.01074E-20
 2.84454E+03 6.25956E-19 0.00000E+00 0.00000E+00 0.00000E+00 0.00000E+00 2.71472E-20 3.97633E-20 9.54691E-20 1.44800E-19 2.04632E-19 8.96769E-21 1.08784E-20 2.30845E-20 2.12816E-20 2.98247E-20
 2.86625E+03 6.15639E-19 0.00000E+00 0.00000E+00 0.00000E+00 0.00000E+00 2.74841E-20 3.94188E-20 9.43037E-20 1.41862E-19 2.00392E-19 8.85588E-21 1.07444E-20 2.27620E-20 2.08922E-20 2.92673E-20
 2.91015E+03 5.94235E-19 0.00000E+00 0.00000E+00 0.00000E+00 0.00000E+00 2.69605E-20 3.87225E-20 9.19741E-20 1.36114E-19 1.92111E-19 8.63640E-21 1.04813E-20 2.21305E-20 2.01345E-20 2.81834E-20
 3.00000E+03 5.53677E-19 0.00000E+00 0.00000E+00 0.00000E+00 0.00000E+00 2.59557E-20 3.73092E-20 8.74551E-20 1.25295E-19 1.76549E-19 8.21364E-21 9.97433E-21 2.09196E-20 1.87005E-20 2.61346E-20
 3.24037E+03 4.61694E-19 0.00000E+00 0.00000E+00 0.00000E+00 0.00000E+00 2.34088E-20 3.37185E-20 7.66794E-20 1.01238E-19 1.42033E-19 7.21268E-21 8.76292E-21 1.80822E-20 1.54293E-20 2.14756E-20
 3.50000E+03 3.84206E-19 0.00000E+00 0.00000E+00 0.00000E+00 0.00000E+00 2.10355E-20 3.02659E-20 6.69340E-20 8.14577E-20 1.13797E-19 6.33254E-21 7.67239E-21 1.55836E-20 1.26731E-20 1.75682E-20
 4.00000E+03 2.78182E-19 0.00000E+00 0.00000E+00 0.00000E+00 0.00000E+00 1.73196E-20 2.47265E-20 5.23498E-20 5.53695E-20 7.68000E-20 5.02567E-21 6.04790E-21 1.19606E-20 8.92037E-21 1.22803E-20
 4.50000E+03 2.08365E-19 0.00000E+00 0.00000E+00 0.00000E+00 0.00000E+00 1.44670E-20 2.03970E-20 4.17080E-20 3.90313E-20 5.38016E-20 4.08219E-21 4.86400E-21 9.40432E-21 6.47774E-21 8.86224E-21
 5.00000E+03 1.60441E-19 0.00000E+00 0.00000E+00 0.00000E+00 0.00000E+00 1.22402E-20 1.69927E-20 3.37638E-20 2.83579E-20 3.88738E-20 3.37883E-21 3.97863E-21 7.54237E-21 4.82752E-21 6.56781E-21
 5.50000E+03 1.26396E-19 0.00000E+00 0.00000E+00 0.00000E+00 0.00000E+00 1.04731E-20 1.42934E-20 2.77198E-20 2.11322E-20 2.88225E-20 2.84056E-21 3.30173E-21 6.15036E-21 3.67753E-21 4.97751E-21
 6.00000E+03 1.01507E-19 0.00000E+00 0.00000E+00 0.00000E+00 0.00000E+00 9.05125E-21 1.21317E-20 2.30370E-20 1.60910E-20 2.18447E-20 2.41988E-21 2.77410E-21 5.08691E-21 2.85451E-21 3.84530E-21
 7.00000E+03 6.85995E-20 0.00000E+00 0.00000E+00 0.00000E+00 0.00000E+00 6.93360E-21 8.95392E-21 1.64163E-20 9.83833E-21 1.32445E-20 1.81389E-21 2.01991E-21 3.60374E-21 1.80196E-21 2.40668E-21
 8.00000E+03 4.87008E-20 0.00000E+00 0.00000E+00 0.00000E+00 0.00000E+00 5.46303E-21 6.79633E-21 1.21099E-20 6.36487E-21 8.50449E-21 1.40718E-21 1.52099E-21 2.65075E-21 1.19618E-21 1.58550E-21
 9.00000E+03 3.59187E-20 0.00000E+00 0.00000E+00 0.00000E+00 0.00000E+00 4.40370E-21 5.28150E-21 9.18541E-21 4.30439E-21 5.71250E-21 1.12130E-21 1.17631E-21 2.00854E-21 8.26415E-22 1.08781E-21
 1.00000E+04 2.73105E-20 0.00000E+00 0.00000E+00 0.00000E+00 0.00000E+00 3.61705E-21 4.18645E-21 7.12927E-21 3.01732E-21 3.97954E-21 9.12861E-22 9.29805E-22 1.55896E-21 5.89785E-22 7.71437E-22
 1.02090E+04 2.58674E-20 0.00000E+00 0.00000E+00 0.00000E+00 0.00000E+00 3.47785E-21 3.99531E-21 6.77646E-21 2.81147E-21 3.70336E-21 8.76368E-22 8.87045E-22 1.48198E-21 5.51379E-22 7.20278E-22
 1.02090E+04 5.53393E-20 0.00000E+00 0.00000E+00 0.00000E+00 2.94719E-20 3.47785E-21 3.99531E-21 6.77646E-21 2.81147E-21 3.70336E-21 8.76368E-22 8.87045E-22 1.48198E-21 5.51379E-22 7.20278E-22
 1.02150E+04 6.49158E-20 0.00000E+00 0.00000E+00 0.00000E+00 3.90880E-20 3.47399E-21 3.99005E-21 6.76676E-21 2.80588E-21 3.69586E-21 8.75360E-22 8.85868E-22 1.47987E-21 5.50333E-22 7.18886E-22
 1.02209E+04 6.84926E-20 0.00000E+00 0.00000E+00 0.00000E+00 4.27042E-20 3.47014E-21 3.98479E-21 6.75708E-21 2.80030E-21 3.68837E-21 8.74353E-22 8.84693E-22 1.47775E-21 5.49289E-22 7.17497E-22
 1.02269E+04 6.95647E-20 0.00000E+00 0.00000E+00 0.00000E+00 4.38157E-20 3.46630E-21 3.97954E-21 6.74740E-21 2.79473E-21 3.68090E-21 8.73347E-22 8.83519E-22 1.47564E-21 5.48248E-22 7.16110E-22
 1.02328E+04 6.93582E-20 0.00000E+00 0.00000E+00 0.00000E+00 4.36485E-20 3.46246E-21 3.97430E-21 6.73775E-21 2.78917E-21 3.67345E-21 8.72343E-22 8.82346E-22 1.47354E-21 5.47208E-22 7.14727E-22
 1.02448E+04 6.81364E-20 0.00000E+00 0.00000E+00 0.00000E+00 4.25053E-20 3.45479E-21 3.96383E-21 6.71847E-21 2.77808E-21 3.65858E-21 8.70338E-22 8.80006E-22 1.46933E-21 5.45135E-22 7.11967E-22
 1.02507E+04 6.77205E-20 0.00000E+00 0.00000E+00 0.00000E+00 4.21285E-20 3.45096E-21 3.95861E-21 6.70886E-21 2.77255E-21 3.65117E-21 8.69337E-22 8.78838E-22 1.46724E-21 5.44101E-22 7.10591E-22
 1.02567E+04 6.74891E-20 0.00000E+00 0.00000E+00 0.00000E+00 4.19362E-20 3.44714E-21 3.95339E-21 6.69926E-21 2.76704E-21 3.64378E-21 8.68337E-22 8.77672E-22 1.46514E-21 5.43069E-22 7.09218E-22
 1.02807E+04 6.72816E-20 0.00000E+00 0.00000E+00 0.00000E+00 4.18844E-20 3.43188E-21 3.93260E-21 6.66098E-21 2.74508E-21 3.61435E-21 8.64349E-22 8.73023E-22 1.45679E-21 5.38961E-22 7.03752E-22
 1.03047E+04 6.68066E-20 0.00000E+00 0.00000E+00 0.00000E+00 4.15642E-20 3.41670E-21 3.91191E-21 6.62293E-21 2.72330E-21 3.58516E-21 8.60379E-22 8.68399E-22 1.44849E-21 5.34885E-22 6.98328E-22
 1.04013E+04 6.52399E-20 0.00000E+00 0.00000E+00 0.00000E+00 4.06066E-20 3.35663E-21 3.83024E-21 6.47288E-21 2.63789E-21 3.47073E-21 8.44683E-22 8.50144E-22 1.41576E-21 5.18884E-22 6.77047E-22
 1.05971E+04 6.21950E-20 0.00000E+00 0.00000E+00 0.00000E+00 3.87341E-20 3.23964E-21 3.67199E-21 6.18290E-21 2.47502E-21 3.25272E-21 8.14143E-22 8.14778E-22 1.35250E-21 4.88305E-22 6.36411E-22
 1.10000E+04 5.62938E-20 0.00000E+00 0.00000E+00 0.00000E+00 3.50062E-20 3.01774E-21 3.37483E-21 5.64133E-21 2.17877E-21 2.85687E-21 7.56336E-22 7.48399E-22 1.23434E-21 4.32446E-22 5.62309E-22
 1.15460E+04 4.94013E-20 0.00000E+00 0.00000E+00 0.00000E+00 3.06698E-20 2.74774E-21 3.01612E-21 4.99525E-21 1.84219E-21 2.40816E-21 6.86565E-22 6.68625E-22 1.09360E-21 3.68298E-22 4.77421E-22
 1.15460E+04 6.14395E-20 0.00000E+00 0.00000E+00 1.20382E-20 3.06698E-20 2.74774E-21 3.01612E-21 4.99525E-21 1.84219E-21 2.40816E-21 6.86565E-22 6.68625E-22 1.09360E-21 3.68298E-22 4.77421E-22
 1.15545E+04 6.72252E-20 0.00000E+00 0.00000E+00 1.79217E-20 3.06082E-20 2.74383E-21 3.01097E-21 4.98602E-21 1.83750E-21 2.40192E-21 6.85556E-22 6.67481E-22 1.09159E-21 3.67400E-22 4.76235E-22
 1.15630E+04 6.84585E-20 0.00000E+00 0.00000E+00 1.92526E-20 3.05467E-20 2.73992E-21 3.00583E-21 4.97681E-21 1.83282E-21 2.39569E-21 6.84548E-22 6.66338E-22 1.08958E-21 3.66505E-22 4.75052E-22
 1.15715E+04 6.82316E-20 0.00000E+00 0.00000E+00 1.91233E-20 3.04854E-20 2.73602E-21 3.00070E-21 4.96762E-21 1.82815E-21 2.38948E-21 6.83542E-22 6.65197E-22 1.08758E-21 3.65611E-22 4.73872E-22
 1.15800E+04 6.77974E-20 0.00000E+00 0.00000E+00 1.87863E-20 3.04242E-20 2.73212E-21 2.99558E-21 4.95844E-21 1.82350E-21 2.38328E-21 6.82537E-22 6.64059E-22 1.08558E-21 3.64720E-22 4.72695E-22
 1.15886E+04 6.74824E-20 0.00000E+00 0.00000E+00 1.85684E-20 3.03631E-20 2.72823E-21 2.99046E-21 4.94928E-21 1.81885E-21 2.37710E-21 6.81533E-22 6.62922E-22 1.08358E-21 3.63832E-22 4.71521E-22
 1.15971E+04 6.73251E-20 0.00000E+00 0.00000E+00 1.85080E-20 3.03022E-20 2.72434E-21 2.98536E-21 4.94013E-21 1.81422E-21 2.37094E-21 6.80531E-22 6.61787E-22 1.08159E-21 3.62945E-22 4.70349E-22
 1.16142E+04 6.70857E-20 0.00000E+00 0.00000E+00 1.84618E-20 3.01806E-20 2.71658E-21 2.97517E-21 4.92189E-21 1.80499E-21 2.35866E-21 6.78532E-22 6.59523E-22 1.07762E-21 3.61178E-22 4.68016E-22
 1.16828E+04 6.60973E-20 0.00000E+00 0.00000E+00 1.82383E-20 2.96993E-20 2.68578E-21 2.93479E-21 4.84961E-21 1.76854E-21 2.31017E-21 6.70592E-22 6.50546E-22 1.06187E-21 3.54196E-22 4.58796E-22
 1.18212E+04 6.41192E-20 0.00000E+00 0.00000E+00 1.77606E-20 2.87523E-20 2.62521E-21 2.85565E-21 4.70822E-21 1.69784E-21 2.21616E-21 6.54991E-22 6.32955E-22 1.03106E-21 3.40634E-22 4.40898E-22
 1.21030E+04 6.02672E-20 0.00000E+00 0.00000E+00 1.67747E-20 2.69410E-20 2.50814E-21 2.70373E-21 4.43769E-21 1.56480E-21 2.03947E-21 6.24868E-22 5.99188E-22 9.72090E-22 3.15048E-22 4.07169E-22
 1.21030E+04 7.12692E-20 0.00000E+00 1.10019E-20 1.67747E-20 2.69410E-20 2.50814E-21 2.70373E-21 4.43769E-21 1.56480E-21 2.03947E-21 6.24868E-22 5.99188E-22 9.72090E-22 3.15048E-22 4.07169E-22
 1.21091E+04 7.01060E-20 0.00000E+00 9.91941E-21 1.67534E-20 2.69035E-20 2.50569E-21 2.70056E-21 4.43207E-21 1.56207E-21 2.03585E-21 6.24239E-22 5.98485E-22 9.70866E-22 3.14521E-22 4.06476E-22
 1.21152E+04 6.96090E-20 0.00000E+00 9.50290E-21 1.67322E-20 2.68661E-20 2.50325E-21 2.69741E-21 4.42646E-21 1.55934E-21 2.03223E-21 6.23610E-22 5.97783E-22 9.69643E-22 3.13996E-22 4.05784E-22
 1.21274E+04 6.93355E-20 0.00000E+00 9.39015E-21 1.66897E-20 2.67913E-20 2.49836E-21 2.69110E-21 4.41526E-21 1.55391E-21 2.02501E-21 6.22354E-22 5.96382E-22 9.67201E-22 3.12948E-22 4.04404E-22
 1.21519E+04 6.91969E-20 0.00000E+00 9.57161E-21 1.66052E-20 2.66425E-20 2.48862E-21 2.67853E-21 4.39294E-21 1.54309E-21 2.01066E-21 6.19850E-22 5.93589E-22 9.62336E-22 3.10863E-22 4.01657E-22
 1.22011E+04 6.84689E-20 0.00000E+00 9.47871E-21 1.64374E-20 2.63472E-20 2.46925E-21 2.65357E-21 4.34864E-21 1.52167E-21 1.98225E-21 6.14873E-22 5.88041E-22 9.52679E-22 3.06733E-22 3.96220E-22
 1.22999E+04 6.71034E-20 0.00000E+00 9.36287E-21 1.61068E-20 2.57665E-20 2.43097E-21 2.60434E-21 4.26138E-21 1.47973E-21 1.92663E-21 6.05037E-22 5.77102E-22 9.33655E-22 2.98638E-22 3.85565E-22
 1.25000E+04 6.44350E-20 0.00000E+00 9.11502E-21 1.54644E-20 2.46433E-20 2.35617E-21 2.50861E-21 4.09209E-21 1.39925E-21 1.82000E-21 5.85834E-22 5.55830E-22 8.96739E-22 2.83084E-22 3.65107E-22
 1.40000E+04 4.82576E-20 0.00000E+00 7.50512E-21 1.15547E-20 1.79233E-20 1.88430E-21 1.91525E-21 3.05811E-21 9.39622E-22 1.21325E-21 4.65670E-22 4.24404E-22 6.71428E-22 1.93091E-22 2.47188E-22
 1.50000E+04 4.03907E-20 0.00000E+00 6.64032E-21 9.63709E-21 1.47252E-20 1.64156E-21 1.62011E-21 2.55369E-21 7.35533E-22 9.45349E-22 4.04344E-22 3.59143E-22 5.61423E-22 1.52505E-22 1.94318E-22
 1.75000E+04 2.70310E-20 0.00000E+00 5.00103E-21 6.37389E-21 9.43241E-21 1.20018E-21 1.10573E-21 1.69372E-21 4.22882E-22 5.37709E-22 2.93729E-22 2.45505E-22 3.73595E-22 8.92946E-23 1.12555E-22
 2.00000E+04 1.90166E-20 0.00000E+00 3.87395E-21 4.42193E-21 6.37047E-21 9.10040E-22 7.87509E-22 1.17687E-21 2.60000E-22 3.27419E-22 2.21674E-22 1.75195E-22 2.60393E-22 5.56932E-23 6.95177E-23
 2.20000E+04 1.47661E-20 0.00000E+00 3.21218E-21 3.39252E-21 4.79621E-21 7.44644E-22 6.15280E-22 9.03390E-22 1.83054E-22 2.28884E-22 1.80855E-22 1.37102E-22 2.00347E-22 3.95855E-23 4.90559E-23
 2.50000E+04 1.04924E-20 0.00000E+00 2.48247E-21 2.36602E-21 3.26240E-21 5.66733E-22 4.39379E-22 6.29966E-22 1.13824E-22 1.40898E-22 1.37176E-22 9.81469E-23 1.40155E-22 2.49075E-23 3.05576E-23
 3.00000E+04 6.41812E-21 0.00000E+00 1.69790E-21 1.40272E-21 1.86696E-21 3.80920E-22 2.68923E-22 3.72599E-22 5.73119E-23 6.98942E-23 9.18442E-23 6.03075E-23 8.32855E-23 1.27368E-23 1.53928E-23
 3.50000E+04 4.22136E-21 0.00000E+00 1.21835E-21 8.95123E-22 1.15628E-21 2.70275E-22 1.75963E-22 2.36733E-22 3.18685E-23 3.83459E-23 6.50039E-23 3.95997E-23 5.31281E-23 7.16598E-24 8.54498E-24
 4.00000E+04 2.93010E-21 0.00000E+00 9.07127E-22 6.03755E-22 7.59807E-22 1.99702E-22 1.21102E-22 1.58763E-22 1.90834E-23 2.26875E-23 4.79505E-23 2.73389E-23 3.57520E-23 4.33110E-24 5.10245E-24
 4.50000E+04 2.12010E-21 0.00000E+00 6.95482E-22 4.25227E-22 5.22822E-22 1.52294E-22 8.67214E-23 1.11082E-22 1.21064E-23 1.42341E-23 3.65251E-23 1.96308E-23 2.50879E-23 2.76810E-24 3.22520E-24
 5.00000E+04 1.58555E-21 0.00000E+00 5.46088E-22 3.10065E-22 3.73280E-22 1.19126E-22 6.41244E-23 8.04228E-23 8.04374E-24 9.36103E-24 2.85465E-23 1.45499E-23 1.82093E-23 1.85027E-24 2.13397E-24
 5.50000E+04 1.21812E-21 0.00000E+00 4.37362E-22 2.32627E-22 2.74706E-22 9.51459E-23 4.86845E-23 5.98896E-23 5.54989E-24 6.39871E-24 2.27865E-23 1.10698E-23 1.35899E-23 1.28315E-24 1.46602E-24
 6.00000E+04 9.56986E-22 0.00000E+00 3.56195E-22 1.78734E-22 2.07344E-22 7.73336E-23 3.77927E-23 4.56669E-23 3.95238E-24 4.51676E-24 1.85125E-23 8.60923E-24 1.03825E-23 9.17708E-25 1.03934E-24
 6.95290E+04 6.35115E-22 0.00000E+00 2.50188E-22 1.14117E-22 1.28395E-22 5.41879E-23 2.45239E-23 2.87332E-23 2.22163E-24 2.50072E-24 1.29647E-23 5.60318E-24 6.55255E-24 5.19276E-25 5.79268E-25
 6.95290E+04 3.59275E-21 2.95763E-21 2.50188E-22 1.14117E-22 1.28395E-22 5.41879E-23 2.45239E-23 2.87332E-23 2.22163E-24 2.50072E-24 1.29647E-23 5.60318E-24 6.55255E-24 5.19276E-25 5.79268E-25
 6.95877E+04 3.23380E-21 2.60016E-21 2.49683E-22 1.13825E-22 1.28043E-22 5.40777E-23 2.44633E-23 2.86571E-23 2.21432E-24 2.49227E-24 1.29383E-23 5.58941E-24 6.53531E-24 5.17586E-25 5.77332E-25
 6.96465E+04 3.21913E-21 2.58698E-21 2.49178E-22 1.13533E-22 1.27692E-22 5.39676E-23 2.44028E-23 2.85811E-23 2.20703E-24 2.48385E-24 1.29120E-23 5.57569E-24 6.51811E-24 5.15901E-25 5.75403E-25
 6.97641E+04 3.20882E-21 2.57962E-21 2.48172E-22 1.12951E-22 1.26994E-22 5.37483E-23 2.42822E-23 2.84299E-23 2.19252E-24 2.46709E-24 1.28594E-23 5.54833E-24 6.48385E-24 5.12548E-25 5.71564E-25
 7.00000E+04 3.18047E-21 2.55712E-21 2.46172E-22 1.11796E-22 1.25607E-22 5.33122E-23 2.40429E-23 2.81298E-23 2.16378E-24 2.43391E-24 1.27549E-23 5.49402E-24 6.41586E-24 5.05907E-25 5.63963E-25
 7.48331E+04 2.68213E-21 2.16484E-21 2.09191E-22 9.11523E-23 1.00977E-22 4.52739E-23 1.97344E-23 2.27625E-23 1.66657E-24 1.86156E-24 1.08301E-23 4.51524E-24 5.19834E-24 3.90696E-25 4.32513E-25
 8.00000E+04 2.25556E-21 1.82602E-21 1.77762E-22 7.43207E-23 8.11770E-23 3.84471E-23 1.61980E-23 1.84192E-23 1.28362E-24 1.42380E-24 9.19571E-24 3.71082E-24 4.21185E-24 3.01723E-25 3.31702E-25
 9.00000E+04 1.65714E-21 1.34804E-21 1.32866E-22 5.17993E-23 5.51638E-23 2.87198E-23 1.14120E-23 1.26496E-23 8.10238E-25 8.87758E-25 6.86818E-24 2.61985E-24 2.89861E-24 1.91260E-25 2.07705E-25
 1.00000E+05 1.25420E-21 1.02399E-21 1.02116E-22 3.74899E-23 3.90212E-23 2.20693E-23 8.33340E-24 9.02592E-24 5.37292E-25 5.82299E-25 5.27752E-24 1.91651E-24 2.07194E-24 1.27285E-25 1.36734E-25
 1.10000E+05 9.72926E-22 7.96605E-22 8.03111E-23 2.79828E-23 2.85237E-23 1.73586E-23 6.26712E-24 6.64611E-24 3.71012E-25 3.98143E-25 4.15109E-24 1.44347E-24 1.52791E-24 8.81395E-26 9.37699E-26
 1.25000E+05 6.90464E-22 5.67151E-22 5.80353E-23 1.89109E-23 1.87403E-23 1.25492E-23 4.27496E-24 4.40587E-24 2.26218E-25 2.39747E-25 3.00126E-24 9.86491E-25 1.01480E-24 5.39456E-26 5.66728E-26
 1.40000E+05 5.08582E-22 4.18737E-22 4.34196E-23 1.33734E-23 1.29243E-23 9.39436E-24 3.04591E-24 3.06056E-24 1.46348E-25 1.53428E-25 2.24704E-24 7.03979E-25 7.05999E-25 3.49946E-26 3.63744E-26
 1.50000E+05 4.21987E-22 3.47869E-22 3.63607E-23 1.08372E-23 1.03144E-23 7.87056E-24 2.47881E-24 2.45250E-24 1.12417E-25 1.17156E-25 1.88275E-24 5.73412E-25 5.66223E-25 2.69256E-26 2.78199E-26
 1.75000E+05 2.77925E-22 2.29645E-22 2.44249E-23 6.79045E-24 6.24759E-24 5.29291E-24 1.56668E-24 1.49783E-24 6.26885E-26 6.45143E-26 1.26646E-24 3.63084E-25 3.46430E-25 1.50616E-26 1.53724E-26
 2.00000E+05 1.93636E-22 1.60259E-22 1.72906E-23 4.54491E-24 4.06282E-24 3.75091E-24 1.05567E-24 9.80206E-25 3.80378E-26 3.88091E-26 8.97720E-25 2.44999E-25 2.27020E-25 9.16404E-27 9.26970E-27
 2.20000E+05 1.49747E-22 1.24059E-22 1.35142E-23 3.42085E-24 2.99723E-24 2.93399E-24 7.98024E-25 7.26063E-25 2.67527E-26 2.71501E-26 7.02328E-25 1.85379E-25 1.68308E-25 6.45422E-27 6.49576E-27
 2.50000E+05 1.06298E-22 8.81666E-23 9.72002E-24 2.34607E-24 2.00270E-24 2.11245E-24 5.50184E-25 4.87512E-25 1.67863E-26 1.69592E-26 5.05792E-25 1.27951E-25 1.13129E-25 4.05767E-27 4.06517E-27
 3.00000E+05 6.55973E-23 5.44870E-23 6.09777E-24 1.38280E-24 1.14001E-24 1.32705E-24 3.26368E-25 2.79146E-25 8.76367E-27 8.83288E-27 3.17842E-25 7.60103E-26 6.48611E-26 2.12278E-27 2.12208E-27
 3.50000E+05 4.39507E-23 3.65479E-23 4.13363E-24 8.93297E-25 7.17054E-25 9.00500E-25 2.11824E-25 1.76300E-25 5.13289E-27 5.18774E-27 2.15729E-25 4.93806E-26 4.10018E-26 1.24563E-27 1.24857E-27
 4.00000E+05 3.12923E-23 2.60466E-23 2.96811E-24 6.17095E-25 4.85194E-25 6.47064E-25 1.46834E-25 1.19652E-25 3.26945E-27 3.32651E-27 1.55040E-25 3.42571E-26 2.78451E-26 7.94299E-28 8.01513E-28
 4.50000E+05 2.33409E-23 1.94447E-23 2.22770E-24 4.48632E-25 3.47056E-25 4.85898E-25 1.07035E-25 8.57705E-26 2.21943E-27 2.27710E-27 1.16438E-25 2.49852E-26 1.99705E-26 5.39653E-28 5.49240E-28
 5.00000E+05 1.80592E-23 1.50564E-23 1.73154E-24 3.39489E-25 2.59262E-25 3.77810E-25 8.11567E-26 6.41792E-26 1.58344E-27 1.64141E-27 9.05435E-26 1.89539E-26 1.49483E-26 3.85250E-28 3.96039E-28
 5.50000E+05 1.43901E-23 1.20059E-23 1.38446E-24 2.65290E-25 2.00516E-25 3.02149E-25 6.35206E-26 4.96980E-26 1.17482E-27 1.23136E-27 7.24150E-26 1.48408E-26 1.15788E-26 2.86118E-28 2.97385E-28
 6.00000E+05 1.17459E-23 9.80638E-24 1.13295E-24 2.12829E-25 1.59527E-25 2.47293E-25 5.10284E-26 3.95777E-26 9.01243E-28 9.55160E-28 5.92700E-26 1.19249E-26 9.22317E-27 2.19490E-28 2.30770E-28
 7.00000E+05 8.28312E-24 6.92364E-24 8.01608E-25 1.45760E-25 1.07906E-25 1.74989E-25 3.50165E-26 2.68091E-26 5.71804E-28 6.20385E-28 4.19415E-26 8.18715E-27 6.24927E-27 1.39455E-28 1.49976E-28
 8.00000E+05 6.18803E-24 5.17770E-24 5.99931E-25 1.06362E-25 7.80617E-26 1.30959E-25 2.55890E-26 1.94104E-26 3.92511E-28 4.35267E-28 3.13883E-26 5.98442E-27 4.52560E-27 9.57442E-29 1.05283E-28
 9.00000E+05 4.82511E-24 4.04083E-24 4.68218E-25 8.13768E-26 5.93449E-26 1.02197E-25 1.95970E-26 1.47646E-26 2.85360E-28 3.23169E-28 2.44938E-26 4.58406E-27 3.44274E-27 6.96413E-29 7.81824E-29
 1.00000E+06 3.88789E-24 3.25836E-24 3.77409E-25 6.45728E-26 4.68556E-26 8.23646E-26 1.55603E-26 1.16609E-26 2.16787E-28 2.50263E-28 1.97398E-26 3.64065E-27 2.71932E-27 5.29507E-29 6.05829E-29
 1.10000E+06 3.21464E-24 2.69583E-24 3.12066E-25 5.27332E-26 3.81070E-26 6.80931E-26 1.27140E-26 9.48563E-27 1.70770E-28 2.00518E-28 1.63189E-26 2.97493E-27 2.21214E-27 4.16809E-29 4.85292E-29
 1.25000E+06 2.50978E-24 2.10636E-24 2.43566E-25 4.05874E-26 2.91788E-26 5.31326E-26 9.79138E-27 7.26499E-27 1.25548E-28 1.50856E-28 1.27328E-26 2.29123E-27 1.69428E-27 3.06470E-29 3.65094E-29
 1.40000E+06 2.02927E-24 1.70413E-24 1.96829E-25 3.24814E-26 2.32484E-26 4.29268E-26 7.83863E-27 5.78893E-27 9.66800E-29 1.18509E-28 1.02865E-26 1.83462E-27 1.35010E-27 2.36285E-29 2.87048E-29
 1.50000E+06 1.78847E-24 1.50242E-24 1.73398E-25 2.84805E-26 2.03302E-26 3.78113E-26 6.87445E-27 5.06228E-27 8.29753E-29 1.02876E-28 9.06025E-27 1.60899E-27 1.18063E-27 2.02807E-29 2.49191E-29
 1.75000E+06 1.35951E-24 1.14281E-24 1.31658E-25 2.14689E-26 1.52312E-26 2.86995E-26 5.18437E-27 3.79246E-27 5.98841E-29 7.60372E-29 6.87641E-27 1.21348E-27 8.84474E-28 1.46235E-29 1.84089E-29
 2.00000E+06 1.08123E-24 9.09291E-25 1.04585E-25 1.70073E-26 1.19981E-26 2.27914E-26 4.10799E-27 2.98712E-27 4.57855E-29 5.92773E-29 5.46046E-27 9.61539E-28 6.96612E-28 1.11883E-29 1.43564E-29
 2.20000E+06 9.22406E-25 7.75925E-25 8.91297E-26 1.44930E-26 1.02225E-26 1.93997E-26 3.49654E-27 2.54241E-27 3.89672E-29 5.04493E-29 4.64650E-27 8.18198E-28 5.92759E-28 9.52009E-30 1.22158E-29
 2.50000E+06 7.49654E-25 6.30810E-25 7.23406E-26 1.17620E-26 8.29441E-27 1.57218E-26 2.83355E-27 2.06023E-27 3.15749E-29 4.08784E-29 3.76426E-27 6.62833E-28 4.80197E-28 7.71207E-30 9.89585E-30
 3.00000E+06 5.63706E-25 4.74577E-25 5.42799E-26 8.82458E-27 6.22122E-27 1.17743E-26 2.12200E-27 1.54278E-27 2.36426E-29 3.06085E-29 2.81785E-27 4.96175E-28 3.59454E-28 5.77273E-30 7.40733E-30
 3.50000E+06 4.47068E-25 3.76574E-25 4.29463E-26 6.98148E-27 4.92084E-27 9.30285E-27 1.67652E-27 1.21885E-27 1.86774E-29 2.41801E-29 2.22564E-27 3.91891E-28 2.83903E-28 4.55928E-30 5.85028E-30
 4.00000E+06 3.68076E-25 3.10207E-25 3.52646E-26 5.73240E-27 4.03980E-27 7.63073E-27 1.37514E-27 9.99710E-28 1.53186E-29 1.98316E-29 1.82513E-27 3.21366E-28 2.32809E-28 3.73869E-30 4.79732E-30
 4.50000E+06 3.11513E-25 2.62686E-25 2.97609E-26 4.83751E-27 3.40872E-27 6.43435E-27 1.15952E-27 8.42930E-28 1.29158E-29 1.67209E-29 1.53867E-27 2.70924E-28 1.96266E-28 3.15180E-30 4.04424E-30
 5.00000E+06 2.69259E-25 2.27186E-25 2.56486E-26 4.16892E-27 2.93731E-27 5.54146E-27 9.98597E-28 7.25930E-28 1.11228E-29 1.43995E-29 1.32493E-27 2.33288E-28 1.69001E-28 2.71392E-30 3.48237E-30
 5.50000E+06 2.36627E-25 1.99767E-25 2.24736E-26 3.65275E-27 2.57341E-27 4.85274E-27 8.74475E-28 6.35688E-28 9.73984E-30 1.26091E-29 1.16011E-27 2.04265E-28 1.47975E-28 2.37625E-30 3.04909E-30
 6.00000E+06 2.10758E-25 1.78030E-25 1.99570E-26 3.24364E-27 2.28502E-27 4.30728E-27 7.76172E-28 5.64219E-28 8.64464E-30 1.11912E-29 1.02959E-27 1.81284E-28 1.31326E-28 2.10888E-30 2.70601E-30
 7.00000E+06 1.72482E-25 1.45858E-25 1.62381E-26 2.63908E-27 1.85892E-27 3.50196E-27 6.31041E-28 4.58709E-28 7.02785E-30 9.09810E-30 8.36940E-28 1.47362E-28 1.06752E-28 1.71423E-30 2.19962E-30
 8.00000E+06 1.45293E-25 1.22937E-25 1.36370E-26 2.21627E-27 1.56097E-27 2.93930E-27 5.29645E-28 3.84996E-28 5.89836E-30 7.63585E-30 7.02373E-28 1.23668E-28 8.95868E-29 1.43858E-30 1.84591E-30
 9.00000E+06 1.25223E-25 1.06003E-25 1.17252E-26 1.90552E-27 1.34201E-27 2.52609E-27 4.55181E-28 3.30864E-28 5.06893E-30 6.56208E-30 6.03567E-28 1.06270E-28 7.69836E-29 1.23619E-30 1.58621E-30
 1.00000E+07 1.09849E-25 9.30232E-26 1.02659E-26 1.66833E-27 1.17490E-27 2.21089E-27 3.98382E-28 2.89574E-28 4.43628E-30 5.74306E-30 5.28210E-28 9.30017E-29 6.73715E-29 1.08183E-30 1.38815E-30
 1.10000E+07 9.77258E-26 8.27816E-26 9.11845E-27 1.48183E-27 1.04352E-27 1.96318E-27 3.53743E-28 2.57125E-28 3.93911E-30 5.09943E-30 4.68994E-28 8.25753E-29 5.98184E-29 9.60543E-31 1.23252E-30
 1.25000E+07 8.37226E-26 7.09454E-26 7.79689E-27 1.26704E-27 8.92212E-28 1.67804E-27 3.02361E-28 2.19774E-28 3.36686E-30 4.35860E-30 4.00840E-28 7.05753E-29 5.11253E-29 8.20947E-31 1.05339E-30
 1.40000E+07 7.31408E-26 6.19964E-26 6.80110E-27 1.10520E-27 7.78216E-28 1.46330E-27 2.63667E-28 1.91647E-28 2.93592E-30 3.80072E-30 3.49521E-28 6.15394E-29 4.45796E-29 7.15835E-31 9.18520E-31
 1.50000E+07 6.74235E-26 5.71593E-26 6.26415E-27 1.01794E-27 7.16752E-28 1.34755E-27 2.42810E-28 1.76486E-28 2.70365E-30 3.50002E-30 3.21862E-28 5.66694E-29 4.10517E-29 6.59184E-31 8.45828E-31
 1.75000E+07 5.63380E-26 4.77767E-26 5.22528E-27 8.49104E-28 5.97845E-28 1.12371E-27 2.02474E-28 1.47166E-28 2.25446E-30 2.91852E-30 2.68375E-28 4.72520E-29 3.42295E-29 5.49635E-31 7.05260E-31
 2.00000E+07 4.83323E-26 4.09975E-26 4.47698E-27 7.27495E-28 5.12202E-28 9.62544E-28 1.73434E-28 1.26058E-28 1.93108E-30 2.49988E-30 2.29871E-28 4.04726E-29 2.93185E-29 4.70774E-31 6.04071E-31
 2.20000E+07 4.33768E-26 3.67998E-26 4.01464E-27 6.52360E-28 4.59292E-28 8.63005E-28 1.55498E-28 1.13021E-28 1.73135E-30 2.24132E-30 2.06092E-28 3.62858E-29 2.62855E-29 4.22072E-31 5.41579E-31
 2.50000E+07 3.75744E-26 3.18832E-26 3.47414E-27 5.64527E-28 3.97442E-28 7.46676E-28 1.34537E-28 9.77853E-29 1.49795E-30 1.93916E-30 1.78304E-28 3.13932E-29 2.27413E-29 3.65160E-31 4.68552E-31
 3.00000E+07 3.06983E-26 2.60546E-26 2.83489E-27 4.60647E-28 3.24297E-28 6.09144E-28 1.09756E-28 7.97729E-29 1.22201E-30 1.58194E-30 1.45453E-28 2.56093E-29 1.85514E-29 2.97881E-31 3.82224E-31
 3.50000E+07 2.59337E-26 2.20143E-26 2.39278E-27 3.88804E-28 2.73712E-28 5.14059E-28 9.26230E-29 6.73201E-29 1.03124E-30 1.33499E-30 1.22744E-28 2.16109E-29 1.56549E-29 2.51372E-31 3.22545E-31
 4.00000E+07 2.24414E-26 1.90522E-26 2.06919E-27 3.36220E-28 2.36690E-28 4.44482E-28 8.00864E-29 5.82080E-29 8.91653E-31 1.15428E-30 1.06127E-28 1.86853E-29 1.35356E-29 2.17341E-31 2.78880E-31
 4.50000E+07 1.97737E-26 1.67890E-26 1.82227E-27 2.96097E-28 2.08441E-28 3.91402E-28 7.05223E-29 5.12565E-29 7.85164E-31 1.01643E-30 9.34514E-29 1.64535E-29 1.19189E-29 1.91381E-31 2.45569E-31
 5.00000E+07 1.76703E-26 1.50043E-26 1.62774E-27 2.64488E-28 1.86187E-28 3.49593E-28 6.29891E-29 4.57812E-29 7.01289E-31 9.07847E-31 8.34675E-29 1.46957E-29 1.06455E-29 1.70935E-31 2.19333E-31
 5.50000E+07 1.59698E-26 1.35612E-26 1.47059E-27 2.38952E-28 1.68210E-28 3.15821E-28 5.69040E-29 4.13584E-29 6.33538E-31 8.20140E-31 7.54031E-29 1.32758E-29 9.61695E-30 1.54419E-31 1.98141E-31
 6.00000E+07 1.45669E-26 1.23705E-26 1.34102E-27 2.17897E-28 1.53387E-28 2.87978E-28 5.18873E-29 3.77121E-29 5.77681E-31 7.47831E-31 6.87546E-29 1.21052E-29 8.76899E-30 1.40803E-31 1.80670E-31
 7.00000E+07 1.23883E-26 1.05213E-26 1.13995E-27 1.85226E-28 1.30386E-28 2.44778E-28 4.41035E-29 3.20547E-29 4.91019E-31 6.35643E-31 5.84395E-29 1.02891E-29 7.45338E-30 1.19678E-31 1.53564E-31
 8.00000E+07 1.07755E-26 9.15212E-27 9.91202E-28 1.61056E-28 1.13371E-28 2.12824E-28 3.83461E-29 2.78701E-29 4.26917E-31 5.52661E-31 5.08098E-29 8.94579E-30 6.48029E-30 1.04053E-31 1.33515E-31
 9.00000E+07 9.53359E-27 8.09772E-27 8.76732E-28 1.42456E-28 1.00277E-28 1.88237E-28 3.39159E-29 2.46502E-29 3.77593E-31 4.88809E-31 4.49392E-29 7.91218E-30 5.73155E-30 9.20307E-32 1.18088E-31
 1.00000E+08 8.54801E-27 7.26086E-27 7.85929E-28 1.27701E-28 8.98909E-29 1.68734E-28 3.04020E-29 2.20962E-29 3.38471E-31 4.38163E-31 4.02828E-29 7.09235E-30 5.13767E-30 8.24948E-32 1.05853E-31
 1.10000E+08 7.74689E-27 6.58059E-27 7.12148E-28 1.15713E-28 8.14517E-29 1.52889E-28 2.75470E-29 2.00212E-29 3.06685E-31 3.97015E-31 3.64997E-29 6.42628E-30 4.65517E-30 7.47473E-32 9.59113E-32
 1.25000E+08 6.79183E-27 5.76954E-27 6.24222E-28 1.01426E-28 7.13946E-29 1.34007E-28 2.41449E-29 1.75485E-29 2.68808E-31 3.47982E-31 3.19916E-29 5.63257E-30 4.08021E-30 6.55152E-32 8.40653E-32
 1.40000E+08 6.04625E-27 5.13634E-27 5.55606E-28 9.02767E-29 6.35463E-29 1.19273E-28 2.14901E-29 1.56190E-29 2.39252E-31 3.09720E-31 2.84739E-29 5.01323E-30 3.63156E-30 5.83113E-32 7.48216E-32
 1.50000E+08 5.63387E-27 4.78610E-27 5.17664E-28 8.41118E-29 5.92066E-29 1.11126E-28 2.00222E-29 1.45522E-29 2.22909E-31 2.88564E-31 2.65289E-29 4.67078E-30 3.38349E-30 5.43281E-32 6.97106E-32
 1.75000E+08 4.81308E-27 4.08896E-27 4.42165E-28 7.18443E-29 5.05712E-29 9.49152E-29 1.71014E-29 1.24293E-29 1.90392E-31 2.46469E-31 2.26588E-29 3.98939E-30 2.88989E-30 4.64025E-32 5.95409E-32
 2.00000E+08 4.20095E-27 3.56901E-27 3.85877E-28 6.26984E-29 4.41332E-29 8.28303E-29 1.49240E-29 1.08468E-29 1.66150E-31 2.15087E-31 1.97737E-29 3.48142E-30 2.52192E-30 4.04940E-32 5.19596E-32
 2.20000E+08 3.81296E-27 3.23944E-27 3.50208E-28 5.69027E-29 4.00535E-29 7.51725E-29 1.35443E-29 9.84394E-30 1.50789E-31 1.95201E-31 1.79455E-29 3.15955E-30 2.28876E-30 3.67501E-32 4.71556E-32
 2.50000E+08 3.34897E-27 2.84530E-27 3.07560E-28 4.99731E-29 3.51757E-29 6.60167E-29 1.18946E-29 8.64497E-30 1.32423E-31 1.71426E-31 1.57597E-29 2.77471E-30 2.00998E-30 3.22739E-32 4.14120E-32
 3.00000E+08 2.78425E-27 2.36556E-27 2.55664E-28 4.15409E-29 2.92402E-29 5.48761E-29 9.88733E-30 7.18609E-30 1.10076E-31 1.42497E-31 1.31001E-29 2.30645E-30 1.67078E-30 2.68274E-32 3.44233E-32
 3.50000E+08 2.38247E-27 2.02424E-27 2.18751E-28 3.55431E-29 2.50184E-29 4.69522E-29 8.45963E-30 6.14843E-30 9.41809E-32 1.21920E-31 1.12084E-29 1.97340E-30 1.42952E-30 2.29535E-32 2.94525E-32
 4.00000E+08 2.08202E-27 1.76898E-27 1.91151E-28 3.10586E-29 2.18617E-29 4.10276E-29 7.39217E-30 5.37260E-30 8.22968E-32 1.06536E-31 9.79411E-30 1.72438E-30 1.24913E-30 2.00571E-32 2.57360E-32
 4.50000E+08 1.84885E-27 1.57089E-27 1.69735E-28 2.75788E-29 1.94123E-29 3.64306E-29 6.56389E-30 4.77061E-30 7.30756E-32 9.45989E-32 8.69668E-30 1.53117E-30 1.10917E-30 1.78097E-32 2.28523E-32
 5.00000E+08 1.66265E-27 1.41269E-27 1.52634E-28 2.48002E-29 1.74565E-29 3.27599E-29 5.90252E-30 4.28993E-30 6.57125E-32 8.50671E-32 7.82039E-30 1.37688E-30 9.97407E-31 1.60151E-32 2.05497E-32
 5.50000E+08 1.51051E-27 1.28344E-27 1.38663E-28 2.25302E-29 1.58586E-29 2.97611E-29 5.36221E-30 3.89723E-30 5.96972E-32 7.72801E-32 7.10452E-30 1.25085E-30 9.06105E-31 1.45491E-32 1.86686E-32
 6.00000E+08 1.38389E-27 1.17585E-27 1.27035E-28 2.06408E-29 1.45288E-29 2.72653E-29 4.91252E-30 3.57040E-30 5.46909E-32 7.07992E-32 6.50871E-30 1.14595E-30 8.30116E-31 1.33290E-32 1.71030E-32
 7.00000E+08 1.18518E-27 1.00702E-27 1.08789E-28 1.76762E-29 1.24420E-29 2.33490E-29 4.20691E-30 3.05756E-30 4.68353E-32 6.06299E-32 5.57382E-30 9.81345E-31 7.10880E-31 1.14144E-32 1.46463E-32
 8.00000E+08 1.03637E-27 8.80587E-28 9.51262E-29 1.54562E-29 1.08794E-29 2.04164E-29 3.67854E-30 2.67354E-30 4.09529E-32 5.30149E-32 4.87376E-30 8.58090E-31 6.21595E-31 9.98081E-33 1.28068E-32
 9.00000E+08 9.20754E-28 7.82357E-28 8.45121E-29 1.37317E-29 9.66547E-30 1.81383E-29 3.26807E-30 2.37522E-30 3.63832E-32 4.70993E-32 4.32992E-30 7.62340E-31 5.52235E-31 8.86711E-33 1.13777E-32
 1.00000E+09 8.28348E-28 7.03843E-28 7.60289E-29 1.23533E-29 8.69525E-30 1.63175E-29 2.94002E-30 2.13679E-30 3.27310E-32 4.23714E-32 3.89527E-30 6.85814E-31 4.96799E-31 7.97699E-33 1.02356E-32
