 ***  Photoelectric cross sections,  IZ = 31,  NSHELL =  7,  NDATA = 225
              0           1           2           3           4           5           6           7
 5.00000E+01 6.18213E-18 0.00000E+00 0.00000E+00 0.00000E+00 0.00000E+00 0.00000E+00 0.00000E+00 0.00000E+00
 5.24404E+01 6.44339E-18 0.00000E+00 0.00000E+00 0.00000E+00 0.00000E+00 0.00000E+00 0.00000E+00 0.00000E+00
 5.50000E+01 6.66207E-18 0.00000E+00 0.00000E+00 0.00000E+00 0.00000E+00 0.00000E+00 0.00000E+00 0.00000E+00
 5.74456E+01 6.82553E-18 0.00000E+00 0.00000E+00 0.00000E+00 0.00000E+00 0.00000E+00 0.00000E+00 0.00000E+00
 6.00000E+01 6.95524E-18 0.00000E+00 0.00000E+00 0.00000E+00 0.00000E+00 0.00000E+00 0.00000E+00 0.00000E+00
 6.23574E+01 7.04452E-18 0.00000E+00 0.00000E+00 0.00000E+00 0.00000E+00 0.00000E+00 0.00000E+00 0.00000E+00
 6.48074E+01 7.11129E-18 0.00000E+00 0.00000E+00 0.00000E+00 0.00000E+00 0.00000E+00 0.00000E+00 0.00000E+00
 6.73537E+01 7.15645E-18 0.00000E+00 0.00000E+00 0.00000E+00 0.00000E+00 0.00000E+00 0.00000E+00 0.00000E+00
 7.00000E+01 7.18655E-18 0.00000E+00 0.00000E+00 0.00000E+00 0.00000E+00 0.00000E+00 0.00000E+00 0.00000E+00
 7.48331E+01 7.19731E-18 0.00000E+00 0.00000E+00 0.00000E+00 0.00000E+00 0.00000E+00 0.00000E+00 0.00000E+00
 8.00000E+01 7.16416E-18 0.00000E+00 0.00000E+00 0.00000E+00 0.00000E+00 0.00000E+00 0.00000E+00 0.00000E+00
 8.48528E+01 7.09746E-18 0.00000E+00 0.00000E+00 0.00000E+00 0.00000E+00 0.00000E+00 0.00000E+00 0.00000E+00
 9.00000E+01 6.99295E-18 0.00000E+00 0.00000E+00 0.00000E+00 0.00000E+00 0.00000E+00 0.00000E+00 0.00000E+00
 9.48683E+01 6.86461E-18 0.00000E+00 0.00000E+00 0.00000E+00 0.00000E+00 0.00000E+00 0.00000E+00 0.00000E+00
 1.00000E+02 6.70158E-18 0.00000E+00 0.00000E+00 0.00000E+00 0.00000E+00 0.00000E+00 0.00000E+00 0.00000E+00
 1.03441E+02 6.57892E-18 0.00000E+00 0.00000E+00 0.00000E+00 0.00000E+00 0.00000E+00 0.00000E+00 0.00000E+00
 1.07000E+02 6.44194E-18 0.00000E+00 0.00000E+00 0.00000E+00 0.00000E+00 0.00000E+00 0.00000E+00 0.00000E+00
 1.07000E+02 6.77231E-18 0.00000E+00 0.00000E+00 0.00000E+00 0.00000E+00 0.00000E+00 0.00000E+00 3.30369E-19
 1.10000E+02 6.63578E-18 0.00000E+00 0.00000E+00 0.00000E+00 0.00000E+00 0.00000E+00 0.00000E+00 3.15723E-19
 1.11000E+02 6.58907E-18 0.00000E+00 0.00000E+00 0.00000E+00 0.00000E+00 0.00000E+00 0.00000E+00 3.10482E-19
 1.11000E+02 6.73929E-18 0.00000E+00 0.00000E+00 0.00000E+00 0.00000E+00 0.00000E+00 1.50219E-19 3.10482E-19
 1.17792E+02 6.40589E-18 0.00000E+00 0.00000E+00 0.00000E+00 0.00000E+00 0.00000E+00 1.35043E-19 2.85613E-19
 1.25000E+02 6.07639E-18 0.00000E+00 0.00000E+00 0.00000E+00 0.00000E+00 0.00000E+00 1.25707E-19 2.84816E-19
 1.40000E+02 5.47129E-18 0.00000E+00 0.00000E+00 0.00000E+00 0.00000E+00 0.00000E+00 1.34591E-19 3.21048E-19
 1.50000E+02 5.11513E-18 0.00000E+00 0.00000E+00 0.00000E+00 0.00000E+00 0.00000E+00 1.48377E-19 3.53161E-19
 1.62000E+02 4.72661E-18 0.00000E+00 0.00000E+00 0.00000E+00 0.00000E+00 0.00000E+00 1.66587E-19 3.90704E-19
 1.62000E+02 4.99832E-18 0.00000E+00 0.00000E+00 0.00000E+00 0.00000E+00 2.71713E-19 1.66587E-19 3.90704E-19
 1.68375E+02 4.77162E-18 0.00000E+00 0.00000E+00 0.00000E+00 0.00000E+00 2.38017E-19 1.75775E-19 4.08145E-19
 1.75000E+02 4.56829E-18 0.00000E+00 0.00000E+00 0.00000E+00 0.00000E+00 2.27758E-19 1.84393E-19 4.23595E-19
 1.87083E+02 4.23130E-18 0.00000E+00 0.00000E+00 0.00000E+00 0.00000E+00 2.24580E-19 1.96934E-19 4.44280E-19
 2.00000E+02 3.89569E-18 0.00000E+00 0.00000E+00 0.00000E+00 0.00000E+00 2.22541E-19 2.05752E-19 4.56792E-19
 2.09762E+02 3.65965E-18 0.00000E+00 0.00000E+00 0.00000E+00 0.00000E+00 2.18710E-19 2.09794E-19 4.61172E-19
 2.20000E+02 3.42667E-18 0.00000E+00 0.00000E+00 0.00000E+00 0.00000E+00 2.12789E-19 2.12165E-19 4.62284E-19
 2.34521E+02 3.12369E-18 0.00000E+00 0.00000E+00 0.00000E+00 0.00000E+00 2.03091E-19 2.13004E-19 4.59221E-19
 2.50000E+02 2.83873E-18 0.00000E+00 0.00000E+00 0.00000E+00 0.00000E+00 1.93097E-19 2.11335E-19 4.51256E-19
 2.73861E+02 2.45960E-18 0.00000E+00 0.00000E+00 0.00000E+00 0.00000E+00 1.78848E-19 2.04820E-19 4.32034E-19
 2.86633E+02 2.28225E-18 0.00000E+00 0.00000E+00 0.00000E+00 0.00000E+00 1.71675E-19 1.99950E-19 4.19507E-19
 3.00000E+02 2.11316E-18 0.00000E+00 0.00000E+00 0.00000E+00 0.00000E+00 1.64266E-19 1.94241E-19 4.05548E-19
 3.24037E+02 1.84659E-18 0.00000E+00 0.00000E+00 0.00000E+00 0.00000E+00 1.51399E-19 1.83256E-19 3.79854E-19
 3.50000E+02 1.60614E-18 0.00000E+00 0.00000E+00 0.00000E+00 0.00000E+00 1.38755E-19 1.71235E-19 3.52663E-19
 3.74166E+02 1.41915E-18 0.00000E+00 0.00000E+00 0.00000E+00 0.00000E+00 1.28247E-19 1.60263E-19 3.28374E-19
 4.00000E+02 1.25035E-18 0.00000E+00 0.00000E+00 0.00000E+00 0.00000E+00 1.18255E-19 1.48921E-19 3.03670E-19
 4.24264E+02 1.11533E-18 0.00000E+00 0.00000E+00 0.00000E+00 0.00000E+00 1.09791E-19 1.38792E-19 2.81921E-19
 4.50000E+02 9.92664E-19 0.00000E+00 0.00000E+00 0.00000E+00 0.00000E+00 1.01629E-19 1.28765E-19 2.60625E-19
 5.00000E+02 8.02191E-19 0.00000E+00 0.00000E+00 0.00000E+00 0.00000E+00 8.79850E-20 1.11540E-19 2.24450E-19
 5.50000E+02 6.58616E-19 0.00000E+00 0.00000E+00 0.00000E+00 0.00000E+00 7.69042E-20 9.69099E-20 1.94060E-19
 6.00000E+02 5.48047E-19 0.00000E+00 0.00000E+00 0.00000E+00 0.00000E+00 6.77248E-20 8.44648E-20 1.68452E-19
 6.48074E+02 4.64439E-19 0.00000E+00 0.00000E+00 0.00000E+00 0.00000E+00 6.02954E-20 7.43425E-20 1.47771E-19
 7.00000E+02 3.92750E-19 0.00000E+00 0.00000E+00 0.00000E+00 0.00000E+00 5.35484E-20 6.51010E-20 1.28985E-19
 8.00000E+02 2.92138E-19 0.00000E+00 0.00000E+00 0.00000E+00 0.00000E+00 4.33426E-20 5.10396E-20 1.00597E-19
 9.00000E+02 2.23841E-19 0.00000E+00 0.00000E+00 0.00000E+00 0.00000E+00 3.57321E-20 4.06864E-20 7.98517E-20
 1.00000E+03 1.75724E-19 0.00000E+00 0.00000E+00 0.00000E+00 0.00000E+00 2.99432E-20 3.29060E-20 6.43433E-20
 1.10000E+03 1.40723E-19 0.00000E+00 0.00000E+00 0.00000E+00 0.00000E+00 2.54159E-20 2.69634E-20 5.25556E-20
 1.11900E+03 1.35140E-19 0.00000E+00 0.00000E+00 0.00000E+00 0.00000E+00 2.46654E-20 2.59900E-20 5.06303E-20
 1.11900E+03 2.86762E-19 0.00000E+00 0.00000E+00 0.00000E+00 1.51622E-19 2.46654E-20 2.59900E-20 5.06303E-20
 1.11983E+03 3.21025E-19 0.00000E+00 0.00000E+00 0.00000E+00 1.86123E-19 2.46331E-20 2.59485E-20 5.05481E-20
 1.12067E+03 3.54622E-19 0.00000E+00 0.00000E+00 0.00000E+00 2.19957E-19 2.46008E-20 2.59070E-20 5.04661E-20
 1.12150E+03 3.86596E-19 0.00000E+00 0.00000E+00 0.00000E+00 2.52168E-19 2.45686E-20 2.58656E-20 5.03842E-20
 1.12234E+03 4.17133E-19 0.00000E+00 0.00000E+00 0.00000E+00 2.82940E-19 2.45365E-20 2.58242E-20 5.03025E-20
 1.12318E+03 4.45459E-19 0.00000E+00 0.00000E+00 0.00000E+00 3.11503E-19 2.45043E-20 2.57829E-20 5.02209E-20
 1.12401E+03 4.71455E-19 0.00000E+00 0.00000E+00 0.00000E+00 3.37734E-19 2.44722E-20 2.57417E-20 5.01394E-20
 1.12485E+03 4.95288E-19 0.00000E+00 0.00000E+00 0.00000E+00 3.61803E-19 2.44402E-20 2.57006E-20 5.00580E-20
 1.12569E+03 5.16833E-19 0.00000E+00 0.00000E+00 0.00000E+00 3.83581E-19 2.44082E-20 2.56595E-20 4.99768E-20
 1.12653E+03 5.35950E-19 0.00000E+00 0.00000E+00 0.00000E+00 4.02934E-19 2.43762E-20 2.56185E-20 4.98957E-20
 1.12737E+03 5.52846E-19 0.00000E+00 0.00000E+00 0.00000E+00 4.20062E-19 2.43443E-20 2.55775E-20 4.98148E-20
 1.12821E+03 5.67451E-19 0.00000E+00 0.00000E+00 0.00000E+00 4.34901E-19 2.43124E-20 2.55367E-20 4.97339E-20
 1.12905E+03 5.80663E-19 0.00000E+00 0.00000E+00 0.00000E+00 4.48346E-19 2.42806E-20 2.54958E-20 4.96532E-20
 1.12989E+03 5.91531E-19 0.00000E+00 0.00000E+00 0.00000E+00 4.59447E-19 2.42488E-20 2.54551E-20 4.95727E-20
 1.13073E+03 6.01279E-19 0.00000E+00 0.00000E+00 0.00000E+00 4.69427E-19 2.42171E-20 2.54144E-20 4.94923E-20
 1.13242E+03 6.16149E-19 0.00000E+00 0.00000E+00 0.00000E+00 4.84759E-19 2.41537E-20 2.53332E-20 4.93318E-20
 1.13411E+03 6.26463E-19 0.00000E+00 0.00000E+00 0.00000E+00 4.95534E-19 2.40905E-20 2.52523E-20 4.91718E-20
 1.13580E+03 6.33338E-19 0.00000E+00 0.00000E+00 0.00000E+00 5.02869E-19 2.40274E-20 2.51716E-20 4.90124E-20
 1.13749E+03 6.37717E-19 0.00000E+00 0.00000E+00 0.00000E+00 5.07706E-19 2.39645E-20 2.50912E-20 4.88535E-20
 1.13919E+03 6.40073E-19 0.00000E+00 0.00000E+00 0.00000E+00 5.10517E-19 2.39018E-20 2.50111E-20 4.86951E-20
 1.14259E+03 6.41619E-19 0.00000E+00 0.00000E+00 0.00000E+00 5.12970E-19 2.37769E-20 2.48516E-20 4.83798E-20
 1.14600E+03 6.40826E-19 0.00000E+00 0.00000E+00 0.00000E+00 5.13077E-19 2.36526E-20 2.46930E-20 4.80666E-20
 1.14600E+03 7.12594E-19 0.00000E+00 0.00000E+00 7.17682E-20 5.13077E-19 2.36526E-20 2.46930E-20 4.80666E-20
 1.14756E+03 7.42357E-19 0.00000E+00 0.00000E+00 1.02376E-19 5.12640E-19 2.35962E-20 2.46212E-20 4.79247E-20
 1.14912E+03 7.70041E-19 0.00000E+00 0.00000E+00 1.30902E-19 5.12204E-19 2.35399E-20 2.45495E-20 4.77831E-20
 1.15068E+03 7.94545E-19 0.00000E+00 0.00000E+00 1.56238E-19 5.11777E-19 2.34838E-20 2.44781E-20 4.76420E-20
 1.15224E+03 8.15157E-19 0.00000E+00 0.00000E+00 1.77675E-19 5.11356E-19 2.34278E-20 2.44069E-20 4.75012E-20
 1.15380E+03 8.32004E-19 0.00000E+00 0.00000E+00 1.95345E-19 5.10935E-19 2.33719E-20 2.43359E-20 4.73609E-20
 1.15537E+03 8.45226E-19 0.00000E+00 0.00000E+00 2.09388E-19 5.10515E-19 2.33162E-20 2.42650E-20 4.72211E-20
 1.15694E+03 8.55259E-19 0.00000E+00 0.00000E+00 2.20240E-19 5.10095E-19 2.32606E-20 2.41944E-20 4.70816E-20
 1.15851E+03 8.62614E-19 0.00000E+00 0.00000E+00 2.28414E-19 5.09675E-19 2.32052E-20 2.41240E-20 4.69425E-20
 1.16166E+03 8.71288E-19 0.00000E+00 0.00000E+00 2.38718E-19 5.08837E-19 2.30947E-20 2.39838E-20 4.66656E-20
 1.16482E+03 8.74576E-19 0.00000E+00 0.00000E+00 2.43631E-19 5.08000E-19 2.29847E-20 2.38445E-20 4.63904E-20
 1.17116E+03 8.73779E-19 0.00000E+00 0.00000E+00 2.46244E-19 5.06149E-19 2.27663E-20 2.35681E-20 4.58447E-20
 1.18395E+03 8.63238E-19 0.00000E+00 0.00000E+00 2.45189E-19 4.99754E-19 2.23356E-20 2.30145E-20 4.47519E-20
 1.19687E+03 8.47948E-19 0.00000E+00 0.00000E+00 2.44071E-19 4.88593E-19 2.19132E-20 2.24725E-20 4.36829E-20
 1.20994E+03 8.28506E-19 0.00000E+00 0.00000E+00 2.41411E-19 4.74742E-19 2.14987E-20 2.19433E-20 4.26395E-20
 1.22315E+03 8.07224E-19 0.00000E+00 0.00000E+00 2.36341E-19 4.61381E-19 2.10920E-20 2.14265E-20 4.16210E-20
 1.25000E+03 7.63343E-19 0.00000E+00 0.00000E+00 2.23368E-19 4.35960E-19 2.03017E-20 2.04292E-20 3.96560E-20
 1.30200E+03 6.88511E-19 0.00000E+00 0.00000E+00 2.01632E-19 3.92590E-19 1.88668E-20 1.86378E-20 3.61320E-20
 1.30200E+03 8.02727E-19 0.00000E+00 1.14217E-19 2.01632E-19 3.92590E-19 1.88668E-20 1.86378E-20 3.61320E-20
 1.30496E+03 7.89951E-19 0.00000E+00 1.05380E-19 2.00486E-19 3.90308E-19 1.87899E-20 1.85429E-20 3.59454E-20
 1.30792E+03 7.81060E-19 0.00000E+00 1.00406E-19 1.99347E-19 3.88039E-19 1.87132E-20 1.84484E-20 3.57597E-20
 1.31386E+03 7.68902E-19 0.00000E+00 9.60157E-20 1.97089E-19 3.83541E-19 1.85609E-20 1.82610E-20 3.53913E-20
 1.32584E+03 7.52551E-19 0.00000E+00 9.49358E-20 1.92600E-19 3.74746E-19 1.82600E-20 1.78918E-20 3.46658E-20
 1.35011E+03 7.23345E-19 0.00000E+00 9.52023E-20 1.83866E-19 3.57847E-19 1.76726E-20 1.71756E-20 3.32591E-20
 1.40000E+03 6.63393E-19 0.00000E+00 9.02734E-20 1.67585E-19 3.26283E-19 1.65540E-20 1.58281E-20 3.06143E-20
 1.50000E+03 5.62699E-19 0.00000E+00 8.16006E-20 1.40770E-19 2.73289E-19 1.45909E-20 1.34926E-20 2.60410E-20
 1.62019E+03 4.67607E-19 0.00000E+00 7.24485E-20 1.15730E-19 2.23921E-19 1.26340E-20 1.12485E-20 2.16594E-20
 1.75000E+03 3.87677E-19 0.00000E+00 6.40758E-20 9.47896E-20 1.82898E-19 1.09383E-20 9.34562E-21 1.79528E-20
 2.00000E+03 2.78356E-19 0.00000E+00 5.13160E-20 6.64853E-20 1.27635E-19 8.47092E-21 6.72171E-21 1.28601E-20
 2.20000E+03 2.18858E-19 0.00000E+00 4.35254E-20 5.12939E-20 9.81431E-20 7.03435E-21 5.28052E-21 1.00740E-20
 2.50000E+03 1.57771E-19 0.00000E+00 3.46236E-20 3.59511E-20 6.84844E-20 5.45916E-21 3.79177E-21 7.20569E-21
 2.73861E+03 1.24573E-19 0.00000E+00 2.92553E-20 2.77700E-20 5.27420E-20 4.53736E-21 2.97899E-21 5.64565E-21
 3.00000E+03 9.81590E-20 0.00000E+00 2.46164E-20 2.13702E-20 4.04673E-20 3.77091E-21 2.33077E-21 4.40469E-21
 3.50000E+03 6.53133E-20 0.00000E+00 1.82123E-20 1.36144E-20 2.56514E-20 2.73769E-21 1.52546E-21 2.86915E-21
 4.00000E+03 4.57146E-20 0.00000E+00 1.39035E-20 9.14324E-21 1.71520E-20 2.06336E-21 1.04725E-21 1.96152E-21
 4.50000E+03 3.32837E-20 0.00000E+00 1.08870E-20 6.40000E-21 1.19595E-20 1.60107E-21 7.46565E-22 1.39304E-21
 5.00000E+03 2.50072E-20 0.00000E+00 8.70466E-21 4.63096E-21 8.62349E-21 1.27170E-21 5.48659E-22 1.02024E-21
 5.50000E+03 1.92780E-20 0.00000E+00 7.08183E-21 3.44381E-21 6.39215E-21 1.02959E-21 4.13490E-22 7.66455E-22
 6.00000E+03 1.51837E-20 0.00000E+00 5.84721E-21 2.62057E-21 4.84954E-21 8.47039E-22 3.18298E-22 5.88244E-22
 7.00000E+03 9.92142E-21 0.00000E+00 4.13457E-21 1.60499E-21 2.95394E-21 5.95989E-22 1.98651E-22 3.65141E-22
 8.00000E+03 6.84509E-21 0.00000E+00 3.04022E-21 1.04290E-21 1.91001E-21 4.36887E-22 1.31006E-22 2.39631E-22
 9.00000E+03 4.92498E-21 0.00000E+00 2.30539E-21 7.09702E-22 1.29404E-21 3.30656E-22 9.02143E-23 1.64278E-22
 1.00000E+04 3.66374E-21 0.00000E+00 1.79249E-21 5.01224E-22 9.10093E-22 2.56758E-22 6.43333E-23 1.16663E-22
 1.03710E+04 3.30546E-21 0.00000E+00 1.64108E-21 4.43969E-22 8.04921E-22 2.34990E-22 5.71609E-23 1.03501E-22
 1.03710E+04 2.85292E-20 2.52237E-20 1.64108E-21 4.43969E-22 8.04921E-22 2.34990E-22 5.71609E-23 1.03501E-22
 1.03805E+04 2.48984E-20 2.16015E-20 1.63742E-21 4.42611E-22 8.02428E-22 2.34465E-22 5.69906E-23 1.03189E-22
 1.03901E+04 2.45303E-20 2.12419E-20 1.63377E-21 4.41257E-22 7.99943E-22 2.33941E-22 5.68207E-23 1.02877E-22
 1.04092E+04 2.50096E-20 2.17382E-20 1.62650E-21 4.38562E-22 7.94997E-22 2.32896E-22 5.64824E-23 1.02257E-22
 1.04188E+04 2.51217E-20 2.18589E-20 1.62288E-21 4.37220E-22 7.92535E-22 2.32375E-22 5.63140E-23 1.01948E-22
 1.04284E+04 2.50936E-20 2.18393E-20 1.61927E-21 4.35883E-22 7.90080E-22 2.31856E-22 5.61462E-23 1.01641E-22
 1.04476E+04 2.49334E-20 2.16958E-20 1.61206E-21 4.33220E-22 7.85195E-22 2.30821E-22 5.58119E-23 1.01028E-22
 1.05248E+04 2.45864E-20 2.14154E-20 1.58356E-21 4.22732E-22 7.65952E-22 2.26725E-22 5.44947E-23 9.86137E-23
 1.06809E+04 2.36793E-20 2.06371E-20 1.52806E-21 4.02511E-22 7.28870E-22 2.18751E-22 5.19529E-23 9.39571E-23
 1.10000E+04 2.19743E-20 1.91738E-20 1.42282E-21 3.64920E-22 6.59999E-22 2.03635E-22 4.72194E-23 8.52930E-23
 1.17260E+04 1.86397E-20 1.63038E-20 1.21574E-21 2.94355E-22 5.30963E-22 1.73933E-22 3.82811E-23 6.89595E-23
 1.25000E+04 1.57717E-20 1.38216E-20 1.03877E-21 2.37434E-22 4.27150E-22 1.48562E-22 3.10347E-23 5.57537E-23
 1.40000E+04 1.16878E-20 1.02751E-20 7.82419E-22 1.61625E-22 2.89297E-22 1.11867E-22 2.12989E-23 3.80697E-23
 1.50000E+04 9.72191E-21 8.56173E-21 6.57106E-22 1.27675E-22 2.27804E-22 9.39467E-23 1.69040E-23 3.01173E-23
 1.75000E+04 6.41026E-21 5.66446E-21 4.42503E-22 7.50565E-23 1.32935E-22 6.32823E-23 1.00357E-23 1.77472E-23
 2.00000E+04 4.44440E-21 3.93687E-21 3.12324E-22 4.71580E-23 8.29517E-23 4.46921E-23 6.35463E-24 1.11605E-23
 2.20000E+04 3.41188E-21 3.02675E-21 2.42770E-22 3.37621E-23 5.90836E-23 3.47592E-23 4.57304E-24 7.99005E-24
 2.50000E+04 2.38452E-21 2.11896E-21 1.72444E-22 2.15010E-23 3.73572E-23 2.47133E-23 2.93131E-24 5.08429E-24
 3.00000E+04 1.42090E-21 1.26514E-21 1.05043E-22 1.12388E-23 1.93103E-23 1.50767E-23 1.54466E-24 2.64941E-24
 3.50000E+04 9.12059E-22 8.13131E-22 6.86082E-23 6.46682E-24 1.09990E-23 9.86053E-24 8.94131E-25 1.51805E-24
 4.00000E+04 6.18833E-22 5.52213E-22 4.72123E-23 3.99661E-24 6.73401E-24 6.79338E-24 5.55131E-25 9.33610E-25
 4.50000E+04 4.38338E-22 3.91408E-22 3.38349E-23 2.61022E-24 4.35940E-24 4.87348E-24 3.63894E-25 6.06606E-25
 5.00000E+04 3.21341E-22 2.87079E-22 2.50497E-23 1.78148E-24 2.95073E-24 3.61130E-24 2.49092E-25 4.11795E-25
 5.50000E+04 2.42281E-22 2.16532E-22 1.90467E-23 1.26020E-24 2.07118E-24 2.74805E-24 1.76656E-25 2.89762E-25
 6.00000E+04 1.87000E-22 1.67176E-22 1.48086E-23 9.18622E-25 1.49843E-24 2.13809E-24 1.29040E-25 2.10083E-25
 7.00000E+04 1.17895E-22 1.05442E-22 9.44910E-24 5.24495E-25 8.43879E-25 1.36591E-24 7.39377E-26 1.18712E-25
 8.00000E+04 7.88833E-23 7.05709E-23 6.38266E-24 3.22993E-25 5.13136E-25 9.23544E-25 4.56508E-26 7.23724E-26
 9.00000E+04 5.52648E-23 4.94510E-23 4.50615E-24 2.10821E-25 3.31023E-25 6.52553E-25 2.98580E-26 4.67881E-26
 1.00000E+05 4.01643E-23 3.59439E-23 3.29581E-24 1.44104E-25 2.23878E-25 4.77607E-25 2.04453E-26 3.16944E-26
 1.10000E+05 3.00774E-23 2.69197E-23 2.48136E-24 1.02289E-25 1.57328E-25 3.59795E-25 1.45331E-26 2.23062E-26
 1.25000E+05 2.03999E-23 1.82600E-23 1.69415E-24 6.47507E-26 9.82643E-26 2.45831E-25 9.21647E-27 1.39550E-26
 1.40000E+05 1.44603E-23 1.29442E-23 1.20731E-24 4.33109E-26 6.49239E-26 1.75295E-25 6.17215E-27 9.23330E-27
 1.50000E+05 1.17298E-23 1.05003E-23 9.82309E-25 3.39535E-26 5.05353E-26 1.42675E-25 4.84314E-27 7.19191E-27
 1.75000E+05 7.35826E-24 6.58728E-24 6.20031E-25 1.98215E-26 2.90285E-26 9.01207E-26 2.83141E-27 4.13749E-27
 2.00000E+05 4.92438E-24 4.40848E-24 4.16909E-25 1.25176E-26 1.80924E-26 6.06308E-26 1.79019E-27 2.58197E-27
 2.20000E+05 3.70415E-24 3.31611E-24 3.14555E-25 9.05609E-27 1.29787E-26 4.57620E-26 1.29631E-27 1.85320E-27
 2.50000E+05 2.53680E-24 2.27105E-24 2.16212E-25 5.90598E-27 8.37510E-27 3.14685E-26 8.46028E-28 1.19702E-27
 3.00000E+05 1.49147E-24 1.33523E-24 1.27680E-25 3.25594E-27 4.56516E-27 1.85930E-26 4.66934E-28 6.53161E-28
 3.50000E+05 9.61885E-25 8.61123E-25 8.25945E-26 1.99719E-27 2.78542E-27 1.20320E-26 2.86657E-28 3.98808E-28
 4.00000E+05 6.64199E-25 5.94630E-25 5.71557E-26 1.32421E-27 1.84509E-27 8.32834E-27 1.90168E-28 2.64249E-28
 4.50000E+05 4.83298E-25 4.32687E-25 4.16531E-26 9.31166E-28 1.29988E-27 6.07051E-27 1.33750E-28 1.86268E-28
 5.00000E+05 3.66484E-25 3.28117E-25 3.16205E-26 6.85137E-28 9.61237E-28 4.60899E-27 9.84825E-29 1.37763E-28
 5.50000E+05 2.87292E-25 2.57225E-25 2.48078E-26 5.23104E-28 7.38318E-28 3.61629E-27 7.51845E-29 1.05848E-28
 6.00000E+05 2.31423E-25 2.07212E-25 1.99949E-26 4.11380E-28 5.85160E-28 2.91491E-27 5.91446E-29 8.38824E-29
 7.00000E+05 1.60115E-25 1.43378E-25 1.38438E-26 2.72882E-28 3.94790E-28 2.01833E-27 3.92449E-29 5.66181E-29
 8.00000E+05 1.18219E-25 1.05872E-25 1.02248E-26 1.94221E-28 2.86314E-28 1.49075E-27 2.79447E-29 4.10608E-29
 9.00000E+05 9.15772E-26 8.20200E-26 7.92145E-27 1.45806E-28 2.18784E-28 1.15492E-27 2.09758E-29 3.13844E-29
 1.00000E+06 7.35747E-26 6.59022E-26 6.36410E-27 1.13874E-28 1.73942E-28 9.27861E-28 1.63848E-29 2.49468E-29
 1.10000E+06 6.08146E-26 5.44774E-26 5.25997E-27 9.17899E-29 1.42507E-28 7.66861E-28 1.32107E-29 2.04440E-29
 1.25000E+06 4.76118E-26 4.26552E-26 4.11724E-27 6.96043E-29 1.10461E-28 6.00239E-28 1.00159E-29 1.58451E-29
 1.40000E+06 3.86966E-26 3.46716E-26 3.34558E-27 5.50031E-29 8.90515E-29 4.87724E-28 7.92013E-30 1.27759E-29
 1.50000E+06 3.42502E-26 3.06894E-26 2.96076E-27 4.79098E-29 7.84591E-29 4.31609E-28 6.89781E-30 1.12574E-29
 1.75000E+06 2.63496E-26 2.36131E-26 2.27703E-27 3.56603E-29 5.98477E-29 3.31921E-28 5.13194E-30 8.58470E-30
 2.00000E+06 2.12201E-26 1.90182E-26 1.83322E-27 2.79532E-29 4.78754E-29 2.67215E-28 4.02512E-30 6.86809E-30
 2.20000E+06 1.82988E-26 1.64021E-26 1.57912E-27 2.40782E-29 4.12385E-29 2.30142E-28 3.46666E-30 5.91518E-30
 2.50000E+06 1.50978E-26 1.35351E-26 1.30113E-27 1.98389E-29 3.39778E-29 1.89591E-28 2.85582E-30 4.87290E-30
 3.00000E+06 1.16053E-26 1.04062E-26 9.98435E-28 1.52232E-29 2.60723E-29 1.45450E-28 2.19090E-30 3.73833E-30
 3.50000E+06 9.37376E-27 8.40645E-27 8.05426E-28 1.22801E-29 2.10317E-29 1.17312E-28 1.76705E-30 3.01511E-30
 4.00000E+06 7.83534E-27 7.02758E-27 6.72583E-28 1.02545E-29 1.75625E-29 9.79499E-29 1.47539E-30 2.51746E-30
 4.50000E+06 6.71558E-27 6.02380E-27 5.76019E-28 8.78211E-30 1.50407E-29 8.38779E-29 1.26342E-30 2.15578E-30
 5.00000E+06 5.86670E-27 5.26275E-27 5.02892E-28 7.66712E-30 1.31311E-29 7.32231E-29 1.10293E-30 1.88193E-30
 5.50000E+06 5.20251E-27 4.66722E-27 4.45727E-28 6.79552E-30 1.16383E-29 6.48949E-29 9.77481E-31 1.66788E-30
 6.00000E+06 4.66955E-27 4.18931E-27 3.99891E-28 6.09666E-30 1.04414E-29 5.82179E-29 8.76906E-31 1.49626E-30
 7.00000E+06 3.86919E-27 3.47155E-27 3.31120E-28 5.04814E-30 8.64565E-30 4.82013E-29 7.26029E-31 1.23882E-30
 8.00000E+06 3.29836E-27 2.95956E-27 2.82120E-28 4.30106E-30 7.36617E-30 4.10654E-29 6.18542E-31 1.05542E-30
 9.00000E+06 2.87165E-27 2.57681E-27 2.45521E-28 3.74306E-30 6.41050E-30 3.57359E-29 5.38266E-31 9.18442E-31
 1.00000E+07 2.54110E-27 2.28029E-27 2.17187E-28 3.31108E-30 5.67068E-30 3.16104E-29 4.76126E-31 8.12413E-31
 1.10000E+07 2.27779E-27 2.04406E-27 1.94628E-28 2.96715E-30 5.08164E-30 2.83260E-29 4.26655E-31 7.28000E-31
 1.25000E+07 1.97027E-27 1.76817E-27 1.68297E-28 2.56571E-30 4.39411E-30 2.44926E-29 3.68914E-31 6.29477E-31
 1.40000E+07 1.73513E-27 1.55720E-27 1.48173E-28 2.25890E-30 3.86866E-30 2.15631E-29 3.24788E-31 5.54186E-31
 1.50000E+07 1.60696E-27 1.44219E-27 1.37207E-28 2.09173E-30 3.58236E-30 1.99669E-29 3.00747E-31 5.13163E-31
 1.75000E+07 1.35591E-27 1.21693E-27 1.15738E-28 1.76442E-30 3.02179E-30 1.68419E-29 2.53677E-31 4.32848E-31
 2.00000E+07 1.17226E-27 1.05213E-27 1.00040E-28 1.52510E-30 2.61192E-30 1.45572E-29 2.19263E-31 3.74127E-31
 2.20000E+07 1.05748E-27 9.49122E-28 9.02313E-29 1.37556E-30 2.35582E-30 1.31296E-29 1.97760E-31 3.37438E-31
 2.50000E+07 9.21870E-28 8.27428E-28 7.86471E-29 1.19896E-30 2.05337E-30 1.14437E-29 1.72367E-31 2.94109E-31
 3.00000E+07 7.59315E-28 6.81543E-28 6.47656E-29 9.87336E-31 1.69093E-30 9.42358E-30 1.41939E-31 2.42190E-31
 3.50000E+07 6.45360E-28 5.79270E-28 5.50376E-29 8.39032E-31 1.43694E-30 8.00795E-30 1.20617E-31 2.05808E-31
 4.00000E+07 5.61079E-28 5.03626E-28 4.78445E-29 7.29374E-31 1.24914E-30 6.96125E-30 1.04851E-31 1.78907E-31
 4.50000E+07 4.96231E-28 4.45424E-28 4.23111E-29 6.45018E-31 1.10467E-30 6.15608E-30 9.27235E-32 1.58214E-31
 5.00000E+07 4.44800E-28 3.99261E-28 3.79231E-29 5.78124E-31 9.90106E-31 5.51759E-30 8.31065E-32 1.41804E-31
 5.50000E+07 4.03015E-28 3.61757E-28 3.43586E-29 5.23783E-31 8.97042E-31 4.99893E-30 7.52944E-32 1.28474E-31
 6.00000E+07 3.68398E-28 3.30686E-28 3.14058E-29 4.78770E-31 8.19950E-31 4.56930E-30 6.88232E-32 1.17433E-31
 7.00000E+07 3.14376E-28 2.82196E-28 2.67984E-29 4.08531E-31 6.99658E-31 3.89892E-30 5.87258E-32 1.00204E-31
 8.00000E+07 2.74162E-28 2.46100E-28 2.33691E-29 3.56252E-31 6.10124E-31 3.39995E-30 5.12104E-32 8.73800E-32
 9.00000E+07 2.43064E-28 2.18186E-28 2.07174E-29 3.15828E-31 5.40893E-31 3.01415E-30 4.53993E-32 7.74646E-32
 1.00000E+08 2.18299E-28 1.95957E-28 1.86059E-29 2.83639E-31 4.85766E-31 2.70693E-30 4.07721E-32 6.95692E-32
 1.10000E+08 1.98112E-28 1.77836E-28 1.68849E-29 2.57402E-31 4.40832E-31 2.45653E-30 3.70005E-32 6.31337E-32
 1.25000E+08 1.73977E-28 1.56172E-28 1.48274E-29 2.26037E-31 3.87114E-31 2.15718E-30 3.24916E-32 5.54403E-32
 1.40000E+08 1.55083E-28 1.39212E-28 1.32167E-29 2.01483E-31 3.45063E-31 1.92285E-30 2.89620E-32 4.94178E-32
 1.50000E+08 1.44612E-28 1.29813E-28 1.23242E-29 1.87876E-31 3.21760E-31 1.79299E-30 2.70062E-32 4.60805E-32
 1.75000E+08 1.23727E-28 1.11066E-28 1.05440E-29 1.60738E-31 2.75283E-31 1.53399E-30 2.31051E-32 3.94241E-32
 2.00000E+08 1.08112E-28 9.70493E-29 9.21310E-30 1.40449E-31 2.40536E-31 1.34036E-30 2.01886E-32 3.44478E-32
 2.20000E+08 9.81979E-29 8.81495E-29 8.36809E-30 1.27567E-31 2.18474E-31 1.21742E-30 1.83369E-32 3.12882E-32
 2.50000E+08 8.63231E-29 7.74899E-29 7.35603E-30 1.12139E-31 1.92051E-31 1.07018E-30 1.61192E-32 2.75040E-32
 3.00000E+08 7.18431E-29 6.44918E-29 6.12198E-30 9.33265E-32 1.59833E-31 8.90646E-31 1.34150E-32 2.28899E-32
 3.50000E+08 6.15228E-29 5.52277E-29 5.24248E-30 7.99190E-32 1.36871E-31 7.62692E-31 1.14877E-32 1.96014E-32
 4.00000E+08 5.37951E-29 4.82907E-29 4.58393E-30 6.98797E-32 1.19677E-31 6.66883E-31 1.00446E-32 1.71391E-32
 4.50000E+08 4.77920E-29 4.29019E-29 4.07236E-30 6.20811E-32 1.06321E-31 5.92458E-31 8.92364E-33 1.52264E-32
 5.00000E+08 4.29942E-29 3.85950E-29 3.66351E-30 5.58484E-32 9.56469E-32 5.32977E-31 8.02773E-33 1.36977E-32
 5.50000E+08 3.90717E-29 3.50739E-29 3.32927E-30 5.07529E-32 8.69203E-32 4.84349E-31 7.29530E-33 1.24479E-32
 6.00000E+08 3.58052E-29 3.21416E-29 3.05091E-30 4.65095E-32 7.96530E-32 4.43853E-31 6.68534E-33 1.14072E-32
 7.00000E+08 3.06759E-29 2.75372E-29 2.61383E-30 3.98464E-32 6.82417E-32 3.80265E-31 5.72757E-33 9.77293E-33
 8.00000E+08 2.68320E-29 2.40866E-29 2.28629E-30 3.48533E-32 5.96902E-32 3.32613E-31 5.00984E-33 8.54827E-33
 9.00000E+08 2.38442E-29 2.14045E-29 2.03169E-30 3.09721E-32 5.30433E-32 2.95575E-31 4.45196E-33 7.59636E-33
 1.00000E+09 2.14551E-29 1.92599E-29 1.82812E-30 2.78687E-32 4.77284E-32 2.65958E-31 4.00587E-33 6.83520E-33
