 ***  Photoelectric cross sections,  IZ = 97,  NSHELL = 16,  NDATA = 396
              0           1           2           3           4           5           6           7           8           9          10          11          12          13          14          15          16
 5.00000E+01 1.70918E-17 0.00000E+00 0.00000E+00 0.00000E+00 0.00000E+00 0.00000E+00 0.00000E+00 0.00000E+00 0.00000E+00 0.00000E+00 0.00000E+00 0.00000E+00 0.00000E+00 0.00000E+00 0.00000E+00 0.00000E+00 0.00000E+00
 5.24404E+01 1.69965E-17 0.00000E+00 0.00000E+00 0.00000E+00 0.00000E+00 0.00000E+00 0.00000E+00 0.00000E+00 0.00000E+00 0.00000E+00 0.00000E+00 0.00000E+00 0.00000E+00 0.00000E+00 0.00000E+00 0.00000E+00 0.00000E+00
 5.50000E+01 1.69619E-17 0.00000E+00 0.00000E+00 0.00000E+00 0.00000E+00 0.00000E+00 0.00000E+00 0.00000E+00 0.00000E+00 0.00000E+00 0.00000E+00 0.00000E+00 0.00000E+00 0.00000E+00 0.00000E+00 0.00000E+00 0.00000E+00
 6.00000E+01 1.69730E-17 0.00000E+00 0.00000E+00 0.00000E+00 0.00000E+00 0.00000E+00 0.00000E+00 0.00000E+00 0.00000E+00 0.00000E+00 0.00000E+00 0.00000E+00 0.00000E+00 0.00000E+00 0.00000E+00 0.00000E+00 0.00000E+00
 6.30000E+01 1.69537E-17 0.00000E+00 0.00000E+00 0.00000E+00 0.00000E+00 0.00000E+00 0.00000E+00 0.00000E+00 0.00000E+00 0.00000E+00 0.00000E+00 0.00000E+00 0.00000E+00 0.00000E+00 0.00000E+00 0.00000E+00 0.00000E+00
 6.30000E+01 1.73093E-17 0.00000E+00 0.00000E+00 0.00000E+00 0.00000E+00 0.00000E+00 0.00000E+00 0.00000E+00 0.00000E+00 0.00000E+00 0.00000E+00 0.00000E+00 0.00000E+00 0.00000E+00 0.00000E+00 0.00000E+00 0.00000E+00
 6.64078E+01 1.71381E-17 0.00000E+00 0.00000E+00 0.00000E+00 0.00000E+00 0.00000E+00 0.00000E+00 0.00000E+00 0.00000E+00 0.00000E+00 0.00000E+00 0.00000E+00 0.00000E+00 0.00000E+00 0.00000E+00 0.00000E+00 0.00000E+00
 6.81803E+01 1.70095E-17 0.00000E+00 0.00000E+00 0.00000E+00 0.00000E+00 0.00000E+00 0.00000E+00 0.00000E+00 0.00000E+00 0.00000E+00 0.00000E+00 0.00000E+00 0.00000E+00 0.00000E+00 0.00000E+00 0.00000E+00 0.00000E+00
 7.00000E+01 1.68415E-17 0.00000E+00 0.00000E+00 0.00000E+00 0.00000E+00 0.00000E+00 0.00000E+00 0.00000E+00 0.00000E+00 0.00000E+00 0.00000E+00 0.00000E+00 0.00000E+00 0.00000E+00 0.00000E+00 0.00000E+00 0.00000E+00
 7.23762E+01 1.65677E-17 0.00000E+00 0.00000E+00 0.00000E+00 0.00000E+00 0.00000E+00 0.00000E+00 0.00000E+00 0.00000E+00 0.00000E+00 0.00000E+00 0.00000E+00 0.00000E+00 0.00000E+00 0.00000E+00 0.00000E+00 0.00000E+00
 7.48331E+01 1.62308E-17 0.00000E+00 0.00000E+00 0.00000E+00 0.00000E+00 0.00000E+00 0.00000E+00 0.00000E+00 0.00000E+00 0.00000E+00 0.00000E+00 0.00000E+00 0.00000E+00 0.00000E+00 0.00000E+00 0.00000E+00 0.00000E+00
 7.73735E+01 1.58189E-17 0.00000E+00 0.00000E+00 0.00000E+00 0.00000E+00 0.00000E+00 0.00000E+00 0.00000E+00 0.00000E+00 0.00000E+00 0.00000E+00 0.00000E+00 0.00000E+00 0.00000E+00 0.00000E+00 0.00000E+00 0.00000E+00
 8.00000E+01 1.53344E-17 0.00000E+00 0.00000E+00 0.00000E+00 0.00000E+00 0.00000E+00 0.00000E+00 0.00000E+00 0.00000E+00 0.00000E+00 0.00000E+00 0.00000E+00 0.00000E+00 0.00000E+00 0.00000E+00 0.00000E+00 0.00000E+00
 8.23907E+01 1.48560E-17 0.00000E+00 0.00000E+00 0.00000E+00 0.00000E+00 0.00000E+00 0.00000E+00 0.00000E+00 0.00000E+00 0.00000E+00 0.00000E+00 0.00000E+00 0.00000E+00 0.00000E+00 0.00000E+00 0.00000E+00 0.00000E+00
 8.48528E+01 1.43222E-17 0.00000E+00 0.00000E+00 0.00000E+00 0.00000E+00 0.00000E+00 0.00000E+00 0.00000E+00 0.00000E+00 0.00000E+00 0.00000E+00 0.00000E+00 0.00000E+00 0.00000E+00 0.00000E+00 0.00000E+00 0.00000E+00
 8.73885E+01 1.37518E-17 0.00000E+00 0.00000E+00 0.00000E+00 0.00000E+00 0.00000E+00 0.00000E+00 0.00000E+00 0.00000E+00 0.00000E+00 0.00000E+00 0.00000E+00 0.00000E+00 0.00000E+00 0.00000E+00 0.00000E+00 0.00000E+00
 9.00000E+01 1.31381E-17 0.00000E+00 0.00000E+00 0.00000E+00 0.00000E+00 0.00000E+00 0.00000E+00 0.00000E+00 0.00000E+00 0.00000E+00 0.00000E+00 0.00000E+00 0.00000E+00 0.00000E+00 0.00000E+00 0.00000E+00 0.00000E+00
 9.24021E+01 1.25562E-17 0.00000E+00 0.00000E+00 0.00000E+00 0.00000E+00 0.00000E+00 0.00000E+00 0.00000E+00 0.00000E+00 0.00000E+00 0.00000E+00 0.00000E+00 0.00000E+00 0.00000E+00 0.00000E+00 0.00000E+00 0.00000E+00
 9.48683E+01 1.19534E-17 0.00000E+00 0.00000E+00 0.00000E+00 0.00000E+00 0.00000E+00 0.00000E+00 0.00000E+00 0.00000E+00 0.00000E+00 0.00000E+00 0.00000E+00 0.00000E+00 0.00000E+00 0.00000E+00 0.00000E+00 0.00000E+00
 9.74004E+01 1.13241E-17 0.00000E+00 0.00000E+00 0.00000E+00 0.00000E+00 0.00000E+00 0.00000E+00 0.00000E+00 0.00000E+00 0.00000E+00 0.00000E+00 0.00000E+00 0.00000E+00 0.00000E+00 0.00000E+00 0.00000E+00 0.00000E+00
 1.00000E+02 1.06806E-17 0.00000E+00 0.00000E+00 0.00000E+00 0.00000E+00 0.00000E+00 0.00000E+00 0.00000E+00 0.00000E+00 0.00000E+00 0.00000E+00 0.00000E+00 0.00000E+00 0.00000E+00 0.00000E+00 0.00000E+00 0.00000E+00
 1.02411E+02 1.00858E-17 0.00000E+00 0.00000E+00 0.00000E+00 0.00000E+00 0.00000E+00 0.00000E+00 0.00000E+00 0.00000E+00 0.00000E+00 0.00000E+00 0.00000E+00 0.00000E+00 0.00000E+00 0.00000E+00 0.00000E+00 0.00000E+00
 1.04881E+02 9.48363E-18 0.00000E+00 0.00000E+00 0.00000E+00 0.00000E+00 0.00000E+00 0.00000E+00 0.00000E+00 0.00000E+00 0.00000E+00 0.00000E+00 0.00000E+00 0.00000E+00 0.00000E+00 0.00000E+00 0.00000E+00 0.00000E+00
 1.07410E+02 8.87874E-18 0.00000E+00 0.00000E+00 0.00000E+00 0.00000E+00 0.00000E+00 0.00000E+00 0.00000E+00 0.00000E+00 0.00000E+00 0.00000E+00 0.00000E+00 0.00000E+00 0.00000E+00 0.00000E+00 0.00000E+00 0.00000E+00
 1.10000E+02 8.27742E-18 0.00000E+00 0.00000E+00 0.00000E+00 0.00000E+00 0.00000E+00 0.00000E+00 0.00000E+00 0.00000E+00 0.00000E+00 0.00000E+00 0.00000E+00 0.00000E+00 0.00000E+00 0.00000E+00 0.00000E+00 0.00000E+00
 1.13344E+02 7.52838E-18 0.00000E+00 0.00000E+00 0.00000E+00 0.00000E+00 0.00000E+00 0.00000E+00 0.00000E+00 0.00000E+00 0.00000E+00 0.00000E+00 0.00000E+00 0.00000E+00 0.00000E+00 0.00000E+00 0.00000E+00 0.00000E+00
 1.16790E+02 6.79663E-18 0.00000E+00 0.00000E+00 0.00000E+00 0.00000E+00 0.00000E+00 0.00000E+00 0.00000E+00 0.00000E+00 0.00000E+00 0.00000E+00 0.00000E+00 0.00000E+00 0.00000E+00 0.00000E+00 0.00000E+00 0.00000E+00
 1.18553E+02 6.44065E-18 0.00000E+00 0.00000E+00 0.00000E+00 0.00000E+00 0.00000E+00 0.00000E+00 0.00000E+00 0.00000E+00 0.00000E+00 0.00000E+00 0.00000E+00 0.00000E+00 0.00000E+00 0.00000E+00 0.00000E+00 0.00000E+00
 1.20341E+02 6.08939E-18 0.00000E+00 0.00000E+00 0.00000E+00 0.00000E+00 0.00000E+00 0.00000E+00 0.00000E+00 0.00000E+00 0.00000E+00 0.00000E+00 0.00000E+00 0.00000E+00 0.00000E+00 0.00000E+00 0.00000E+00 0.00000E+00
 1.24000E+02 5.42113E-18 0.00000E+00 0.00000E+00 0.00000E+00 0.00000E+00 0.00000E+00 0.00000E+00 0.00000E+00 0.00000E+00 0.00000E+00 0.00000E+00 0.00000E+00 0.00000E+00 0.00000E+00 0.00000E+00 0.00000E+00 0.00000E+00
 1.24000E+02 6.19113E-18 0.00000E+00 0.00000E+00 0.00000E+00 0.00000E+00 0.00000E+00 0.00000E+00 0.00000E+00 0.00000E+00 0.00000E+00 0.00000E+00 0.00000E+00 0.00000E+00 0.00000E+00 0.00000E+00 0.00000E+00 0.00000E+00
 1.25000E+02 6.10379E-18 0.00000E+00 0.00000E+00 0.00000E+00 0.00000E+00 0.00000E+00 0.00000E+00 0.00000E+00 0.00000E+00 0.00000E+00 0.00000E+00 0.00000E+00 0.00000E+00 0.00000E+00 0.00000E+00 0.00000E+00 0.00000E+00
 1.25889E+02 6.04418E-18 0.00000E+00 0.00000E+00 0.00000E+00 0.00000E+00 0.00000E+00 0.00000E+00 0.00000E+00 0.00000E+00 0.00000E+00 0.00000E+00 0.00000E+00 0.00000E+00 0.00000E+00 0.00000E+00 0.00000E+00 0.00000E+00
 1.26783E+02 5.99912E-18 0.00000E+00 0.00000E+00 0.00000E+00 0.00000E+00 0.00000E+00 0.00000E+00 0.00000E+00 0.00000E+00 0.00000E+00 0.00000E+00 0.00000E+00 0.00000E+00 0.00000E+00 0.00000E+00 0.00000E+00 0.00000E+00
 1.28592E+02 5.93256E-18 0.00000E+00 0.00000E+00 0.00000E+00 0.00000E+00 0.00000E+00 0.00000E+00 0.00000E+00 0.00000E+00 0.00000E+00 0.00000E+00 0.00000E+00 0.00000E+00 0.00000E+00 0.00000E+00 0.00000E+00 0.00000E+00
 1.30427E+02 5.88174E-18 0.00000E+00 0.00000E+00 0.00000E+00 0.00000E+00 0.00000E+00 0.00000E+00 0.00000E+00 0.00000E+00 0.00000E+00 0.00000E+00 0.00000E+00 0.00000E+00 0.00000E+00 0.00000E+00 0.00000E+00 0.00000E+00
 1.32288E+02 5.80743E-18 0.00000E+00 0.00000E+00 0.00000E+00 0.00000E+00 0.00000E+00 0.00000E+00 0.00000E+00 0.00000E+00 0.00000E+00 0.00000E+00 0.00000E+00 0.00000E+00 0.00000E+00 0.00000E+00 0.00000E+00 0.00000E+00
 1.33228E+02 5.75603E-18 0.00000E+00 0.00000E+00 0.00000E+00 0.00000E+00 0.00000E+00 0.00000E+00 0.00000E+00 0.00000E+00 0.00000E+00 0.00000E+00 0.00000E+00 0.00000E+00 0.00000E+00 0.00000E+00 0.00000E+00 0.00000E+00
 1.34175E+02 5.69317E-18 0.00000E+00 0.00000E+00 0.00000E+00 0.00000E+00 0.00000E+00 0.00000E+00 0.00000E+00 0.00000E+00 0.00000E+00 0.00000E+00 0.00000E+00 0.00000E+00 0.00000E+00 0.00000E+00 0.00000E+00 0.00000E+00
 1.35129E+02 5.61388E-18 0.00000E+00 0.00000E+00 0.00000E+00 0.00000E+00 0.00000E+00 0.00000E+00 0.00000E+00 0.00000E+00 0.00000E+00 0.00000E+00 0.00000E+00 0.00000E+00 0.00000E+00 0.00000E+00 0.00000E+00 0.00000E+00
 1.36089E+02 5.52270E-18 0.00000E+00 0.00000E+00 0.00000E+00 0.00000E+00 0.00000E+00 0.00000E+00 0.00000E+00 0.00000E+00 0.00000E+00 0.00000E+00 0.00000E+00 0.00000E+00 0.00000E+00 0.00000E+00 0.00000E+00 0.00000E+00
 1.37057E+02 5.41999E-18 0.00000E+00 0.00000E+00 0.00000E+00 0.00000E+00 0.00000E+00 0.00000E+00 0.00000E+00 0.00000E+00 0.00000E+00 0.00000E+00 0.00000E+00 0.00000E+00 0.00000E+00 0.00000E+00 0.00000E+00 0.00000E+00
 1.38031E+02 5.30829E-18 0.00000E+00 0.00000E+00 0.00000E+00 0.00000E+00 0.00000E+00 0.00000E+00 0.00000E+00 0.00000E+00 0.00000E+00 0.00000E+00 0.00000E+00 0.00000E+00 0.00000E+00 0.00000E+00 0.00000E+00 0.00000E+00
 1.40000E+02 5.05562E-18 0.00000E+00 0.00000E+00 0.00000E+00 0.00000E+00 0.00000E+00 0.00000E+00 0.00000E+00 0.00000E+00 0.00000E+00 0.00000E+00 0.00000E+00 0.00000E+00 0.00000E+00 0.00000E+00 0.00000E+00 0.00000E+00
 1.42000E+02 4.78668E-18 0.00000E+00 0.00000E+00 0.00000E+00 0.00000E+00 0.00000E+00 0.00000E+00 0.00000E+00 0.00000E+00 0.00000E+00 0.00000E+00 0.00000E+00 0.00000E+00 0.00000E+00 0.00000E+00 0.00000E+00 0.00000E+00
 1.42000E+02 5.28292E-18 0.00000E+00 0.00000E+00 0.00000E+00 0.00000E+00 0.00000E+00 0.00000E+00 0.00000E+00 0.00000E+00 0.00000E+00 0.00000E+00 0.00000E+00 0.00000E+00 0.00000E+00 0.00000E+00 0.00000E+00 0.00000E+00
 1.43959E+02 5.09975E-18 0.00000E+00 0.00000E+00 0.00000E+00 0.00000E+00 0.00000E+00 0.00000E+00 0.00000E+00 0.00000E+00 0.00000E+00 0.00000E+00 0.00000E+00 0.00000E+00 0.00000E+00 0.00000E+00 0.00000E+00 0.00000E+00
 1.44949E+02 5.02761E-18 0.00000E+00 0.00000E+00 0.00000E+00 0.00000E+00 0.00000E+00 0.00000E+00 0.00000E+00 0.00000E+00 0.00000E+00 0.00000E+00 0.00000E+00 0.00000E+00 0.00000E+00 0.00000E+00 0.00000E+00 0.00000E+00
 1.45945E+02 4.96664E-18 0.00000E+00 0.00000E+00 0.00000E+00 0.00000E+00 0.00000E+00 0.00000E+00 0.00000E+00 0.00000E+00 0.00000E+00 0.00000E+00 0.00000E+00 0.00000E+00 0.00000E+00 0.00000E+00 0.00000E+00 0.00000E+00
 1.50000E+02 4.76791E-18 0.00000E+00 0.00000E+00 0.00000E+00 0.00000E+00 0.00000E+00 0.00000E+00 0.00000E+00 0.00000E+00 0.00000E+00 0.00000E+00 0.00000E+00 0.00000E+00 0.00000E+00 0.00000E+00 0.00000E+00 0.00000E+00
 1.51452E+02 4.68511E-18 0.00000E+00 0.00000E+00 0.00000E+00 0.00000E+00 0.00000E+00 0.00000E+00 0.00000E+00 0.00000E+00 0.00000E+00 0.00000E+00 0.00000E+00 0.00000E+00 0.00000E+00 0.00000E+00 0.00000E+00 0.00000E+00
 1.52918E+02 4.58613E-18 0.00000E+00 0.00000E+00 0.00000E+00 0.00000E+00 0.00000E+00 0.00000E+00 0.00000E+00 0.00000E+00 0.00000E+00 0.00000E+00 0.00000E+00 0.00000E+00 0.00000E+00 0.00000E+00 0.00000E+00 0.00000E+00
 1.54399E+02 4.46790E-18 0.00000E+00 0.00000E+00 0.00000E+00 0.00000E+00 0.00000E+00 0.00000E+00 0.00000E+00 0.00000E+00 0.00000E+00 0.00000E+00 0.00000E+00 0.00000E+00 0.00000E+00 0.00000E+00 0.00000E+00 0.00000E+00
 1.55893E+02 4.33339E-18 0.00000E+00 0.00000E+00 0.00000E+00 0.00000E+00 0.00000E+00 0.00000E+00 0.00000E+00 0.00000E+00 0.00000E+00 0.00000E+00 0.00000E+00 0.00000E+00 0.00000E+00 0.00000E+00 0.00000E+00 0.00000E+00
 1.57403E+02 4.18648E-18 0.00000E+00 0.00000E+00 0.00000E+00 0.00000E+00 0.00000E+00 0.00000E+00 0.00000E+00 0.00000E+00 0.00000E+00 0.00000E+00 0.00000E+00 0.00000E+00 0.00000E+00 0.00000E+00 0.00000E+00 0.00000E+00
 1.58926E+02 4.03292E-18 0.00000E+00 0.00000E+00 0.00000E+00 0.00000E+00 0.00000E+00 0.00000E+00 0.00000E+00 0.00000E+00 0.00000E+00 0.00000E+00 0.00000E+00 0.00000E+00 0.00000E+00 0.00000E+00 0.00000E+00 0.00000E+00
 1.60465E+02 3.87540E-18 0.00000E+00 0.00000E+00 0.00000E+00 0.00000E+00 0.00000E+00 0.00000E+00 0.00000E+00 0.00000E+00 0.00000E+00 0.00000E+00 0.00000E+00 0.00000E+00 0.00000E+00 0.00000E+00 0.00000E+00 0.00000E+00
 1.62019E+02 3.71532E-18 0.00000E+00 0.00000E+00 0.00000E+00 0.00000E+00 0.00000E+00 0.00000E+00 0.00000E+00 0.00000E+00 0.00000E+00 0.00000E+00 0.00000E+00 0.00000E+00 0.00000E+00 0.00000E+00 0.00000E+00 0.00000E+00
 1.65171E+02 3.40010E-18 0.00000E+00 0.00000E+00 0.00000E+00 0.00000E+00 0.00000E+00 0.00000E+00 0.00000E+00 0.00000E+00 0.00000E+00 0.00000E+00 0.00000E+00 0.00000E+00 0.00000E+00 0.00000E+00 0.00000E+00 0.00000E+00
 1.68384E+02 3.09939E-18 0.00000E+00 0.00000E+00 0.00000E+00 0.00000E+00 0.00000E+00 0.00000E+00 0.00000E+00 0.00000E+00 0.00000E+00 0.00000E+00 0.00000E+00 0.00000E+00 0.00000E+00 0.00000E+00 0.00000E+00 0.00000E+00
 1.71660E+02 2.81767E-18 0.00000E+00 0.00000E+00 0.00000E+00 0.00000E+00 0.00000E+00 0.00000E+00 0.00000E+00 0.00000E+00 0.00000E+00 0.00000E+00 0.00000E+00 0.00000E+00 0.00000E+00 0.00000E+00 0.00000E+00 0.00000E+00
 1.75000E+02 2.55527E-18 0.00000E+00 0.00000E+00 0.00000E+00 0.00000E+00 0.00000E+00 0.00000E+00 0.00000E+00 0.00000E+00 0.00000E+00 0.00000E+00 0.00000E+00 0.00000E+00 0.00000E+00 0.00000E+00 0.00000E+00 0.00000E+00
 1.80941E+02 2.14926E-18 0.00000E+00 0.00000E+00 0.00000E+00 0.00000E+00 0.00000E+00 0.00000E+00 0.00000E+00 0.00000E+00 0.00000E+00 0.00000E+00 0.00000E+00 0.00000E+00 0.00000E+00 0.00000E+00 0.00000E+00 0.00000E+00
 1.87083E+02 1.80058E-18 0.00000E+00 0.00000E+00 0.00000E+00 0.00000E+00 0.00000E+00 0.00000E+00 0.00000E+00 0.00000E+00 0.00000E+00 0.00000E+00 0.00000E+00 0.00000E+00 0.00000E+00 0.00000E+00 0.00000E+00 0.00000E+00
 2.00000E+02 1.26249E-18 0.00000E+00 0.00000E+00 0.00000E+00 0.00000E+00 0.00000E+00 0.00000E+00 0.00000E+00 0.00000E+00 0.00000E+00 0.00000E+00 0.00000E+00 0.00000E+00 0.00000E+00 0.00000E+00 0.00000E+00 0.00000E+00
 2.04823E+02 1.11661E-18 0.00000E+00 0.00000E+00 0.00000E+00 0.00000E+00 0.00000E+00 0.00000E+00 0.00000E+00 0.00000E+00 0.00000E+00 0.00000E+00 0.00000E+00 0.00000E+00 0.00000E+00 0.00000E+00 0.00000E+00 0.00000E+00
 2.09762E+02 9.91346E-19 0.00000E+00 0.00000E+00 0.00000E+00 0.00000E+00 0.00000E+00 0.00000E+00 0.00000E+00 0.00000E+00 0.00000E+00 0.00000E+00 0.00000E+00 0.00000E+00 0.00000E+00 0.00000E+00 0.00000E+00 0.00000E+00
 2.14820E+02 8.84726E-19 0.00000E+00 0.00000E+00 0.00000E+00 0.00000E+00 0.00000E+00 0.00000E+00 0.00000E+00 0.00000E+00 0.00000E+00 0.00000E+00 0.00000E+00 0.00000E+00 0.00000E+00 0.00000E+00 0.00000E+00 0.00000E+00
 2.20000E+02 7.94464E-19 0.00000E+00 0.00000E+00 0.00000E+00 0.00000E+00 0.00000E+00 0.00000E+00 0.00000E+00 0.00000E+00 0.00000E+00 0.00000E+00 0.00000E+00 0.00000E+00 0.00000E+00 0.00000E+00 0.00000E+00 0.00000E+00
 2.23319E+02 7.45405E-19 0.00000E+00 0.00000E+00 0.00000E+00 0.00000E+00 0.00000E+00 0.00000E+00 0.00000E+00 0.00000E+00 0.00000E+00 0.00000E+00 0.00000E+00 0.00000E+00 0.00000E+00 0.00000E+00 0.00000E+00 0.00000E+00
 2.26689E+02 7.01350E-19 0.00000E+00 0.00000E+00 0.00000E+00 0.00000E+00 0.00000E+00 0.00000E+00 0.00000E+00 0.00000E+00 0.00000E+00 0.00000E+00 0.00000E+00 0.00000E+00 0.00000E+00 0.00000E+00 0.00000E+00 0.00000E+00
 2.30109E+02 6.62220E-19 0.00000E+00 0.00000E+00 0.00000E+00 0.00000E+00 0.00000E+00 0.00000E+00 0.00000E+00 0.00000E+00 0.00000E+00 0.00000E+00 0.00000E+00 0.00000E+00 0.00000E+00 0.00000E+00 0.00000E+00 0.00000E+00
 2.33581E+02 6.27287E-19 0.00000E+00 0.00000E+00 0.00000E+00 0.00000E+00 0.00000E+00 0.00000E+00 0.00000E+00 0.00000E+00 0.00000E+00 0.00000E+00 0.00000E+00 0.00000E+00 0.00000E+00 0.00000E+00 0.00000E+00 0.00000E+00
 2.37105E+02 5.96465E-19 0.00000E+00 0.00000E+00 0.00000E+00 0.00000E+00 0.00000E+00 0.00000E+00 0.00000E+00 0.00000E+00 0.00000E+00 0.00000E+00 0.00000E+00 0.00000E+00 0.00000E+00 0.00000E+00 0.00000E+00 0.00000E+00
 2.40682E+02 5.69335E-19 0.00000E+00 0.00000E+00 0.00000E+00 0.00000E+00 0.00000E+00 0.00000E+00 0.00000E+00 0.00000E+00 0.00000E+00 0.00000E+00 0.00000E+00 0.00000E+00 0.00000E+00 0.00000E+00 0.00000E+00 0.00000E+00
 2.44314E+02 5.45500E-19 0.00000E+00 0.00000E+00 0.00000E+00 0.00000E+00 0.00000E+00 0.00000E+00 0.00000E+00 0.00000E+00 0.00000E+00 0.00000E+00 0.00000E+00 0.00000E+00 0.00000E+00 0.00000E+00 0.00000E+00 0.00000E+00
 2.48000E+02 5.24981E-19 0.00000E+00 0.00000E+00 0.00000E+00 0.00000E+00 0.00000E+00 0.00000E+00 0.00000E+00 0.00000E+00 0.00000E+00 0.00000E+00 0.00000E+00 0.00000E+00 0.00000E+00 0.00000E+00 0.00000E+00 0.00000E+00
 2.48000E+02 8.39874E-19 0.00000E+00 0.00000E+00 0.00000E+00 0.00000E+00 0.00000E+00 0.00000E+00 0.00000E+00 0.00000E+00 0.00000E+00 0.00000E+00 0.00000E+00 0.00000E+00 0.00000E+00 0.00000E+00 0.00000E+00 0.00000E+00
 2.50000E+02 8.20020E-19 0.00000E+00 0.00000E+00 0.00000E+00 0.00000E+00 0.00000E+00 0.00000E+00 0.00000E+00 0.00000E+00 0.00000E+00 0.00000E+00 0.00000E+00 0.00000E+00 0.00000E+00 0.00000E+00 0.00000E+00 0.00000E+00
 2.52865E+02 7.97973E-19 0.00000E+00 0.00000E+00 0.00000E+00 0.00000E+00 0.00000E+00 0.00000E+00 0.00000E+00 0.00000E+00 0.00000E+00 0.00000E+00 0.00000E+00 0.00000E+00 0.00000E+00 0.00000E+00 0.00000E+00 0.00000E+00
 2.55763E+02 7.80632E-19 0.00000E+00 0.00000E+00 0.00000E+00 0.00000E+00 0.00000E+00 0.00000E+00 0.00000E+00 0.00000E+00 0.00000E+00 0.00000E+00 0.00000E+00 0.00000E+00 0.00000E+00 0.00000E+00 0.00000E+00 0.00000E+00
 2.58694E+02 7.66466E-19 0.00000E+00 0.00000E+00 0.00000E+00 0.00000E+00 0.00000E+00 0.00000E+00 0.00000E+00 0.00000E+00 0.00000E+00 0.00000E+00 0.00000E+00 0.00000E+00 0.00000E+00 0.00000E+00 0.00000E+00 0.00000E+00
 2.61659E+02 7.54182E-19 0.00000E+00 0.00000E+00 0.00000E+00 0.00000E+00 0.00000E+00 0.00000E+00 0.00000E+00 0.00000E+00 0.00000E+00 0.00000E+00 0.00000E+00 0.00000E+00 0.00000E+00 0.00000E+00 0.00000E+00 0.00000E+00
 2.67691E+02 7.33468E-19 0.00000E+00 0.00000E+00 0.00000E+00 0.00000E+00 0.00000E+00 0.00000E+00 0.00000E+00 0.00000E+00 0.00000E+00 0.00000E+00 0.00000E+00 0.00000E+00 0.00000E+00 0.00000E+00 0.00000E+00 0.00000E+00
 2.73861E+02 7.15707E-19 0.00000E+00 0.00000E+00 0.00000E+00 0.00000E+00 0.00000E+00 0.00000E+00 0.00000E+00 0.00000E+00 0.00000E+00 0.00000E+00 0.00000E+00 0.00000E+00 0.00000E+00 0.00000E+00 0.00000E+00 0.00000E+00
 2.80174E+02 7.00387E-19 0.00000E+00 0.00000E+00 0.00000E+00 0.00000E+00 0.00000E+00 0.00000E+00 0.00000E+00 0.00000E+00 0.00000E+00 0.00000E+00 0.00000E+00 0.00000E+00 0.00000E+00 0.00000E+00 0.00000E+00 0.00000E+00
 2.86633E+02 6.88139E-19 0.00000E+00 0.00000E+00 0.00000E+00 0.00000E+00 0.00000E+00 0.00000E+00 0.00000E+00 0.00000E+00 0.00000E+00 0.00000E+00 0.00000E+00 0.00000E+00 0.00000E+00 0.00000E+00 0.00000E+00 0.00000E+00
 2.93240E+02 6.78652E-19 0.00000E+00 0.00000E+00 0.00000E+00 0.00000E+00 0.00000E+00 0.00000E+00 0.00000E+00 0.00000E+00 0.00000E+00 0.00000E+00 0.00000E+00 0.00000E+00 0.00000E+00 0.00000E+00 0.00000E+00 0.00000E+00
 3.00000E+02 6.71791E-19 0.00000E+00 0.00000E+00 0.00000E+00 0.00000E+00 0.00000E+00 0.00000E+00 0.00000E+00 0.00000E+00 0.00000E+00 0.00000E+00 0.00000E+00 0.00000E+00 0.00000E+00 0.00000E+00 0.00000E+00 0.00000E+00
 3.07001E+02 6.67446E-19 0.00000E+00 0.00000E+00 0.00000E+00 0.00000E+00 0.00000E+00 0.00000E+00 0.00000E+00 0.00000E+00 0.00000E+00 0.00000E+00 0.00000E+00 0.00000E+00 0.00000E+00 0.00000E+00 0.00000E+00 0.00000E+00
 3.14166E+02 6.64699E-19 0.00000E+00 0.00000E+00 0.00000E+00 0.00000E+00 0.00000E+00 0.00000E+00 0.00000E+00 0.00000E+00 0.00000E+00 0.00000E+00 0.00000E+00 0.00000E+00 0.00000E+00 0.00000E+00 0.00000E+00 0.00000E+00
 3.29000E+02 6.62564E-19 0.00000E+00 0.00000E+00 0.00000E+00 0.00000E+00 0.00000E+00 0.00000E+00 0.00000E+00 0.00000E+00 0.00000E+00 0.00000E+00 0.00000E+00 0.00000E+00 0.00000E+00 0.00000E+00 0.00000E+00 0.00000E+00
 3.29000E+02 7.74064E-19 0.00000E+00 0.00000E+00 0.00000E+00 0.00000E+00 0.00000E+00 0.00000E+00 0.00000E+00 0.00000E+00 0.00000E+00 0.00000E+00 0.00000E+00 0.00000E+00 0.00000E+00 0.00000E+00 0.00000E+00 0.00000E+00
 3.34129E+02 7.67724E-19 0.00000E+00 0.00000E+00 0.00000E+00 0.00000E+00 0.00000E+00 0.00000E+00 0.00000E+00 0.00000E+00 0.00000E+00 0.00000E+00 0.00000E+00 0.00000E+00 0.00000E+00 0.00000E+00 0.00000E+00 0.00000E+00
 3.39338E+02 7.63145E-19 0.00000E+00 0.00000E+00 0.00000E+00 0.00000E+00 0.00000E+00 0.00000E+00 0.00000E+00 0.00000E+00 0.00000E+00 0.00000E+00 0.00000E+00 0.00000E+00 0.00000E+00 0.00000E+00 0.00000E+00 0.00000E+00
 3.50000E+02 7.54463E-19 0.00000E+00 0.00000E+00 0.00000E+00 0.00000E+00 0.00000E+00 0.00000E+00 0.00000E+00 0.00000E+00 0.00000E+00 0.00000E+00 0.00000E+00 0.00000E+00 0.00000E+00 0.00000E+00 0.00000E+00 0.00000E+00
 3.74166E+02 7.35664E-19 0.00000E+00 0.00000E+00 0.00000E+00 0.00000E+00 0.00000E+00 0.00000E+00 0.00000E+00 0.00000E+00 0.00000E+00 0.00000E+00 0.00000E+00 0.00000E+00 0.00000E+00 0.00000E+00 0.00000E+00 0.00000E+00
 4.00000E+02 7.20592E-19 0.00000E+00 0.00000E+00 0.00000E+00 0.00000E+00 0.00000E+00 0.00000E+00 0.00000E+00 0.00000E+00 0.00000E+00 0.00000E+00 0.00000E+00 0.00000E+00 0.00000E+00 0.00000E+00 0.00000E+00 0.00000E+00
 4.01000E+02 7.19957E-19 0.00000E+00 0.00000E+00 0.00000E+00 0.00000E+00 0.00000E+00 0.00000E+00 0.00000E+00 0.00000E+00 0.00000E+00 0.00000E+00 0.00000E+00 0.00000E+00 0.00000E+00 0.00000E+00 0.00000E+00 0.00000E+00
 4.01000E+02 7.67800E-19 0.00000E+00 0.00000E+00 0.00000E+00 0.00000E+00 0.00000E+00 0.00000E+00 0.00000E+00 0.00000E+00 0.00000E+00 0.00000E+00 0.00000E+00 0.00000E+00 0.00000E+00 0.00000E+00 0.00000E+00 0.00000E+00
 4.03900E+02 7.62362E-19 0.00000E+00 0.00000E+00 0.00000E+00 0.00000E+00 0.00000E+00 0.00000E+00 0.00000E+00 0.00000E+00 0.00000E+00 0.00000E+00 0.00000E+00 0.00000E+00 0.00000E+00 0.00000E+00 0.00000E+00 0.00000E+00
 4.06821E+02 7.58516E-19 0.00000E+00 0.00000E+00 0.00000E+00 0.00000E+00 0.00000E+00 0.00000E+00 0.00000E+00 0.00000E+00 0.00000E+00 0.00000E+00 0.00000E+00 0.00000E+00 0.00000E+00 0.00000E+00 0.00000E+00 0.00000E+00
 4.12726E+02 7.53196E-19 0.00000E+00 0.00000E+00 0.00000E+00 0.00000E+00 0.00000E+00 0.00000E+00 0.00000E+00 0.00000E+00 0.00000E+00 0.00000E+00 0.00000E+00 0.00000E+00 0.00000E+00 0.00000E+00 0.00000E+00 0.00000E+00
 4.24794E+02 7.45684E-19 0.00000E+00 0.00000E+00 0.00000E+00 0.00000E+00 0.00000E+00 0.00000E+00 0.00000E+00 0.00000E+00 0.00000E+00 0.00000E+00 0.00000E+00 0.00000E+00 0.00000E+00 0.00000E+00 0.00000E+00 0.00000E+00
 4.50000E+02 7.28647E-19 0.00000E+00 0.00000E+00 0.00000E+00 0.00000E+00 0.00000E+00 0.00000E+00 0.00000E+00 0.00000E+00 0.00000E+00 0.00000E+00 0.00000E+00 0.00000E+00 0.00000E+00 0.00000E+00 0.00000E+00 0.00000E+00
 4.74342E+02 7.10840E-19 0.00000E+00 0.00000E+00 0.00000E+00 0.00000E+00 0.00000E+00 0.00000E+00 0.00000E+00 0.00000E+00 0.00000E+00 0.00000E+00 0.00000E+00 0.00000E+00 0.00000E+00 0.00000E+00 0.00000E+00 0.00000E+00
 5.00000E+02 6.91665E-19 0.00000E+00 0.00000E+00 0.00000E+00 0.00000E+00 0.00000E+00 0.00000E+00 0.00000E+00 0.00000E+00 0.00000E+00 0.00000E+00 0.00000E+00 0.00000E+00 0.00000E+00 0.00000E+00 0.00000E+00 0.00000E+00
 5.04000E+02 6.88404E-19 0.00000E+00 0.00000E+00 0.00000E+00 0.00000E+00 0.00000E+00 0.00000E+00 0.00000E+00 0.00000E+00 0.00000E+00 0.00000E+00 0.00000E+00 0.00000E+00 0.00000E+00 0.00000E+00 0.00000E+00 0.00000E+00
 5.04000E+02 7.58109E-19 0.00000E+00 0.00000E+00 0.00000E+00 0.00000E+00 0.00000E+00 0.00000E+00 0.00000E+00 0.00000E+00 0.00000E+00 0.00000E+00 0.00000E+00 0.00000E+00 0.00000E+00 0.00000E+00 0.00000E+00 6.97043E-20
 5.05973E+02 7.52630E-19 0.00000E+00 0.00000E+00 0.00000E+00 0.00000E+00 0.00000E+00 0.00000E+00 0.00000E+00 0.00000E+00 0.00000E+00 0.00000E+00 0.00000E+00 0.00000E+00 0.00000E+00 0.00000E+00 0.00000E+00 6.58161E-20
 5.07953E+02 7.49138E-19 0.00000E+00 0.00000E+00 0.00000E+00 0.00000E+00 0.00000E+00 0.00000E+00 0.00000E+00 0.00000E+00 0.00000E+00 0.00000E+00 0.00000E+00 0.00000E+00 0.00000E+00 0.00000E+00 0.00000E+00 6.39073E-20
 5.11937E+02 7.44853E-19 0.00000E+00 0.00000E+00 0.00000E+00 0.00000E+00 0.00000E+00 0.00000E+00 0.00000E+00 0.00000E+00 0.00000E+00 0.00000E+00 0.00000E+00 0.00000E+00 0.00000E+00 0.00000E+00 0.00000E+00 6.27677E-20
 5.20000E+02 7.39353E-19 0.00000E+00 0.00000E+00 0.00000E+00 0.00000E+00 0.00000E+00 0.00000E+00 0.00000E+00 0.00000E+00 0.00000E+00 0.00000E+00 0.00000E+00 0.00000E+00 0.00000E+00 0.00000E+00 0.00000E+00 6.34715E-20
 5.20000E+02 7.84561E-19 0.00000E+00 0.00000E+00 0.00000E+00 0.00000E+00 0.00000E+00 0.00000E+00 0.00000E+00 0.00000E+00 0.00000E+00 0.00000E+00 0.00000E+00 0.00000E+00 0.00000E+00 0.00000E+00 4.52081E-20 6.34715E-20
 5.23659E+02 7.83637E-19 0.00000E+00 0.00000E+00 0.00000E+00 0.00000E+00 0.00000E+00 0.00000E+00 0.00000E+00 0.00000E+00 0.00000E+00 0.00000E+00 0.00000E+00 0.00000E+00 0.00000E+00 0.00000E+00 4.56086E-20 6.50345E-20
 5.27343E+02 7.84383E-19 0.00000E+00 0.00000E+00 0.00000E+00 0.00000E+00 0.00000E+00 0.00000E+00 0.00000E+00 0.00000E+00 0.00000E+00 0.00000E+00 0.00000E+00 0.00000E+00 0.00000E+00 0.00000E+00 4.60125E-20 6.84412E-20
 5.31053E+02 7.87892E-19 0.00000E+00 0.00000E+00 0.00000E+00 0.00000E+00 0.00000E+00 0.00000E+00 0.00000E+00 0.00000E+00 0.00000E+00 0.00000E+00 0.00000E+00 0.00000E+00 0.00000E+00 0.00000E+00 4.64201E-20 7.46025E-20
 5.34790E+02 7.95192E-19 0.00000E+00 0.00000E+00 0.00000E+00 0.00000E+00 0.00000E+00 0.00000E+00 0.00000E+00 0.00000E+00 0.00000E+00 0.00000E+00 0.00000E+00 0.00000E+00 0.00000E+00 0.00000E+00 4.68441E-20 8.45150E-20
 5.38552E+02 8.07785E-19 0.00000E+00 0.00000E+00 0.00000E+00 0.00000E+00 0.00000E+00 0.00000E+00 0.00000E+00 0.00000E+00 0.00000E+00 0.00000E+00 0.00000E+00 0.00000E+00 0.00000E+00 0.00000E+00 4.76493E-20 9.93126E-20
 5.40444E+02 8.16691E-19 0.00000E+00 0.00000E+00 0.00000E+00 0.00000E+00 0.00000E+00 0.00000E+00 0.00000E+00 0.00000E+00 0.00000E+00 0.00000E+00 0.00000E+00 0.00000E+00 0.00000E+00 0.00000E+00 4.84433E-20 1.08915E-19
 5.42342E+02 8.27865E-19 0.00000E+00 0.00000E+00 0.00000E+00 0.00000E+00 0.00000E+00 0.00000E+00 0.00000E+00 0.00000E+00 0.00000E+00 0.00000E+00 0.00000E+00 0.00000E+00 0.00000E+00 0.00000E+00 4.96165E-20 1.20402E-19
 5.44246E+02 8.41208E-19 0.00000E+00 0.00000E+00 0.00000E+00 0.00000E+00 0.00000E+00 0.00000E+00 0.00000E+00 0.00000E+00 0.00000E+00 0.00000E+00 0.00000E+00 0.00000E+00 0.00000E+00 0.00000E+00 5.12400E-20 1.33602E-19
 5.46157E+02 8.57257E-19 0.00000E+00 0.00000E+00 0.00000E+00 0.00000E+00 0.00000E+00 0.00000E+00 0.00000E+00 0.00000E+00 0.00000E+00 0.00000E+00 0.00000E+00 0.00000E+00 0.00000E+00 0.00000E+00 5.34151E-20 1.48987E-19
 5.48075E+02 8.76348E-19 0.00000E+00 0.00000E+00 0.00000E+00 0.00000E+00 0.00000E+00 0.00000E+00 0.00000E+00 0.00000E+00 0.00000E+00 0.00000E+00 0.00000E+00 0.00000E+00 0.00000E+00 0.00000E+00 5.63034E-20 1.66701E-19
 5.50000E+02 8.98333E-19 0.00000E+00 0.00000E+00 0.00000E+00 0.00000E+00 0.00000E+00 0.00000E+00 0.00000E+00 0.00000E+00 0.00000E+00 0.00000E+00 0.00000E+00 0.00000E+00 0.00000E+00 0.00000E+00 5.99297E-20 1.86687E-19
 5.52999E+02 9.39145E-19 0.00000E+00 0.00000E+00 0.00000E+00 0.00000E+00 0.00000E+00 0.00000E+00 0.00000E+00 0.00000E+00 0.00000E+00 0.00000E+00 0.00000E+00 0.00000E+00 0.00000E+00 0.00000E+00 6.73163E-20 2.22710E-19
 5.56015E+02 9.88907E-19 0.00000E+00 0.00000E+00 0.00000E+00 0.00000E+00 0.00000E+00 0.00000E+00 0.00000E+00 0.00000E+00 0.00000E+00 0.00000E+00 0.00000E+00 0.00000E+00 0.00000E+00 0.00000E+00 7.72587E-20 2.65116E-19
 5.59047E+02 1.04772E-18 0.00000E+00 0.00000E+00 0.00000E+00 0.00000E+00 0.00000E+00 0.00000E+00 0.00000E+00 0.00000E+00 0.00000E+00 0.00000E+00 0.00000E+00 0.00000E+00 0.00000E+00 0.00000E+00 9.02654E-20 3.13495E-19
 5.62095E+02 1.11652E-18 0.00000E+00 0.00000E+00 0.00000E+00 0.00000E+00 0.00000E+00 0.00000E+00 0.00000E+00 0.00000E+00 0.00000E+00 0.00000E+00 0.00000E+00 0.00000E+00 0.00000E+00 0.00000E+00 1.06865E-19 3.68249E-19
 5.65160E+02 1.19484E-18 0.00000E+00 0.00000E+00 0.00000E+00 0.00000E+00 0.00000E+00 0.00000E+00 0.00000E+00 0.00000E+00 0.00000E+00 0.00000E+00 0.00000E+00 0.00000E+00 0.00000E+00 0.00000E+00 1.27565E-19 4.28416E-19
 5.68242E+02 1.28275E-18 0.00000E+00 0.00000E+00 0.00000E+00 0.00000E+00 0.00000E+00 0.00000E+00 0.00000E+00 0.00000E+00 0.00000E+00 0.00000E+00 0.00000E+00 0.00000E+00 0.00000E+00 0.00000E+00 1.52692E-19 4.93731E-19
 5.74456E+02 1.48627E-18 0.00000E+00 0.00000E+00 0.00000E+00 0.00000E+00 0.00000E+00 0.00000E+00 0.00000E+00 0.00000E+00 0.00000E+00 0.00000E+00 0.00000E+00 0.00000E+00 0.00000E+00 0.00000E+00 2.17188E-19 6.37875E-19
 5.80738E+02 1.72250E-18 0.00000E+00 0.00000E+00 0.00000E+00 0.00000E+00 0.00000E+00 0.00000E+00 0.00000E+00 0.00000E+00 0.00000E+00 0.00000E+00 0.00000E+00 0.00000E+00 0.00000E+00 0.00000E+00 2.99915E-19 7.96489E-19
 5.87089E+02 1.98358E-18 0.00000E+00 0.00000E+00 0.00000E+00 0.00000E+00 0.00000E+00 0.00000E+00 0.00000E+00 0.00000E+00 0.00000E+00 0.00000E+00 0.00000E+00 0.00000E+00 0.00000E+00 0.00000E+00 3.98542E-19 9.63987E-19
 5.90291E+02 2.12017E-18 0.00000E+00 0.00000E+00 0.00000E+00 0.00000E+00 0.00000E+00 0.00000E+00 0.00000E+00 0.00000E+00 0.00000E+00 0.00000E+00 0.00000E+00 0.00000E+00 0.00000E+00 0.00000E+00 4.52901E-19 1.04873E-18
 5.93510E+02 2.25847E-18 0.00000E+00 0.00000E+00 0.00000E+00 0.00000E+00 0.00000E+00 0.00000E+00 0.00000E+00 0.00000E+00 0.00000E+00 0.00000E+00 0.00000E+00 0.00000E+00 0.00000E+00 0.00000E+00 5.09979E-19 1.13244E-18
 5.96746E+02 2.39792E-18 0.00000E+00 0.00000E+00 0.00000E+00 0.00000E+00 0.00000E+00 0.00000E+00 0.00000E+00 0.00000E+00 0.00000E+00 0.00000E+00 0.00000E+00 0.00000E+00 0.00000E+00 0.00000E+00 5.69607E-19 1.21479E-18
 6.00000E+02 2.53589E-18 0.00000E+00 0.00000E+00 0.00000E+00 0.00000E+00 0.00000E+00 0.00000E+00 0.00000E+00 0.00000E+00 0.00000E+00 0.00000E+00 0.00000E+00 0.00000E+00 0.00000E+00 0.00000E+00 6.30913E-19 1.29408E-18
 6.02897E+02 2.65464E-18 0.00000E+00 0.00000E+00 0.00000E+00 0.00000E+00 0.00000E+00 0.00000E+00 0.00000E+00 0.00000E+00 0.00000E+00 0.00000E+00 0.00000E+00 0.00000E+00 0.00000E+00 0.00000E+00 6.85691E-19 1.36055E-18
 6.05809E+02 2.77246E-18 0.00000E+00 0.00000E+00 0.00000E+00 0.00000E+00 0.00000E+00 0.00000E+00 0.00000E+00 0.00000E+00 0.00000E+00 0.00000E+00 0.00000E+00 0.00000E+00 0.00000E+00 0.00000E+00 7.41509E-19 1.42502E-18
 6.08734E+02 2.88477E-18 0.00000E+00 0.00000E+00 0.00000E+00 0.00000E+00 0.00000E+00 0.00000E+00 0.00000E+00 0.00000E+00 0.00000E+00 0.00000E+00 0.00000E+00 0.00000E+00 0.00000E+00 0.00000E+00 7.96593E-19 1.48472E-18
 6.11673E+02 2.99268E-18 0.00000E+00 0.00000E+00 0.00000E+00 0.00000E+00 0.00000E+00 0.00000E+00 0.00000E+00 0.00000E+00 0.00000E+00 0.00000E+00 0.00000E+00 0.00000E+00 0.00000E+00 0.00000E+00 8.50325E-19 1.54134E-18
 6.14627E+02 3.09620E-18 0.00000E+00 0.00000E+00 0.00000E+00 0.00000E+00 0.00000E+00 0.00000E+00 0.00000E+00 0.00000E+00 0.00000E+00 0.00000E+00 0.00000E+00 0.00000E+00 0.00000E+00 0.00000E+00 9.03379E-19 1.59425E-18
 6.17595E+02 3.19370E-18 0.00000E+00 0.00000E+00 0.00000E+00 0.00000E+00 0.00000E+00 0.00000E+00 0.00000E+00 0.00000E+00 0.00000E+00 0.00000E+00 0.00000E+00 0.00000E+00 0.00000E+00 0.00000E+00 9.54046E-19 1.64351E-18
 6.20577E+02 3.28491E-18 0.00000E+00 0.00000E+00 0.00000E+00 0.00000E+00 0.00000E+00 0.00000E+00 0.00000E+00 0.00000E+00 0.00000E+00 0.00000E+00 0.00000E+00 0.00000E+00 0.00000E+00 0.00000E+00 1.00200E-18 1.68922E-18
 6.23574E+02 3.37084E-18 0.00000E+00 0.00000E+00 0.00000E+00 0.00000E+00 0.00000E+00 0.00000E+00 0.00000E+00 0.00000E+00 0.00000E+00 0.00000E+00 0.00000E+00 0.00000E+00 0.00000E+00 0.00000E+00 1.04808E-18 1.73153E-18
 6.26585E+02 3.45041E-18 0.00000E+00 0.00000E+00 0.00000E+00 0.00000E+00 0.00000E+00 0.00000E+00 0.00000E+00 0.00000E+00 0.00000E+00 0.00000E+00 0.00000E+00 0.00000E+00 0.00000E+00 0.00000E+00 1.09104E-18 1.77056E-18
 6.29611E+02 3.52377E-18 0.00000E+00 0.00000E+00 0.00000E+00 0.00000E+00 0.00000E+00 0.00000E+00 0.00000E+00 0.00000E+00 0.00000E+00 0.00000E+00 0.00000E+00 0.00000E+00 0.00000E+00 0.00000E+00 1.13093E-18 1.80644E-18
 6.35706E+02 3.65386E-18 0.00000E+00 0.00000E+00 0.00000E+00 0.00000E+00 0.00000E+00 0.00000E+00 0.00000E+00 0.00000E+00 0.00000E+00 0.00000E+00 0.00000E+00 0.00000E+00 0.00000E+00 0.00000E+00 1.20307E-18 1.86919E-18
 6.41860E+02 3.76216E-18 0.00000E+00 0.00000E+00 0.00000E+00 0.00000E+00 0.00000E+00 0.00000E+00 0.00000E+00 0.00000E+00 0.00000E+00 0.00000E+00 0.00000E+00 0.00000E+00 0.00000E+00 0.00000E+00 1.26483E-18 1.92047E-18
 6.48074E+02 3.84964E-18 0.00000E+00 0.00000E+00 0.00000E+00 0.00000E+00 0.00000E+00 0.00000E+00 0.00000E+00 0.00000E+00 0.00000E+00 0.00000E+00 0.00000E+00 0.00000E+00 0.00000E+00 0.00000E+00 1.31702E-18 1.96064E-18
 6.54348E+02 3.91847E-18 0.00000E+00 0.00000E+00 0.00000E+00 0.00000E+00 0.00000E+00 0.00000E+00 0.00000E+00 0.00000E+00 0.00000E+00 0.00000E+00 0.00000E+00 0.00000E+00 0.00000E+00 0.00000E+00 1.36028E-18 1.99136E-18
 6.60683E+02 3.96947E-18 0.00000E+00 0.00000E+00 0.00000E+00 0.00000E+00 0.00000E+00 0.00000E+00 0.00000E+00 0.00000E+00 0.00000E+00 0.00000E+00 0.00000E+00 0.00000E+00 0.00000E+00 0.00000E+00 1.39511E-18 2.01262E-18
 6.67079E+02 4.00502E-18 0.00000E+00 0.00000E+00 0.00000E+00 0.00000E+00 0.00000E+00 0.00000E+00 0.00000E+00 0.00000E+00 0.00000E+00 0.00000E+00 0.00000E+00 0.00000E+00 0.00000E+00 0.00000E+00 1.42194E-18 2.02641E-18
 6.73537E+02 4.02729E-18 0.00000E+00 0.00000E+00 0.00000E+00 0.00000E+00 0.00000E+00 0.00000E+00 0.00000E+00 0.00000E+00 0.00000E+00 0.00000E+00 0.00000E+00 0.00000E+00 0.00000E+00 0.00000E+00 1.44182E-18 2.03386E-18
 6.80057E+02 4.03806E-18 0.00000E+00 0.00000E+00 0.00000E+00 0.00000E+00 0.00000E+00 0.00000E+00 0.00000E+00 0.00000E+00 0.00000E+00 0.00000E+00 0.00000E+00 0.00000E+00 0.00000E+00 0.00000E+00 1.45525E-18 2.03625E-18
 6.86641E+02 4.03973E-18 0.00000E+00 0.00000E+00 0.00000E+00 0.00000E+00 0.00000E+00 0.00000E+00 0.00000E+00 0.00000E+00 0.00000E+00 0.00000E+00 0.00000E+00 0.00000E+00 0.00000E+00 0.00000E+00 1.46354E-18 2.03463E-18
 7.00000E+02 4.02185E-18 0.00000E+00 0.00000E+00 0.00000E+00 0.00000E+00 0.00000E+00 0.00000E+00 0.00000E+00 0.00000E+00 0.00000E+00 0.00000E+00 0.00000E+00 0.00000E+00 0.00000E+00 0.00000E+00 1.46832E-18 2.02196E-18
 7.11782E+02 3.98760E-18 0.00000E+00 0.00000E+00 0.00000E+00 0.00000E+00 0.00000E+00 0.00000E+00 0.00000E+00 0.00000E+00 0.00000E+00 0.00000E+00 0.00000E+00 0.00000E+00 0.00000E+00 0.00000E+00 1.46308E-18 2.00207E-18
 7.23762E+02 3.94284E-18 0.00000E+00 0.00000E+00 0.00000E+00 0.00000E+00 0.00000E+00 0.00000E+00 0.00000E+00 0.00000E+00 0.00000E+00 0.00000E+00 0.00000E+00 0.00000E+00 0.00000E+00 0.00000E+00 1.45307E-18 1.97629E-18
 7.35944E+02 3.88623E-18 0.00000E+00 0.00000E+00 0.00000E+00 0.00000E+00 0.00000E+00 0.00000E+00 0.00000E+00 0.00000E+00 0.00000E+00 0.00000E+00 0.00000E+00 0.00000E+00 0.00000E+00 0.00000E+00 1.43657E-18 1.94497E-18
 7.48331E+02 3.82097E-18 0.00000E+00 0.00000E+00 0.00000E+00 0.00000E+00 0.00000E+00 0.00000E+00 0.00000E+00 0.00000E+00 0.00000E+00 0.00000E+00 0.00000E+00 0.00000E+00 0.00000E+00 0.00000E+00 1.41617E-18 1.90883E-18
 7.73735E+02 3.67658E-18 0.00000E+00 0.00000E+00 0.00000E+00 0.00000E+00 0.00000E+00 0.00000E+00 0.00000E+00 0.00000E+00 0.00000E+00 0.00000E+00 0.00000E+00 0.00000E+00 0.00000E+00 0.00000E+00 1.36631E-18 1.83227E-18
 8.00000E+02 3.52033E-18 0.00000E+00 0.00000E+00 0.00000E+00 0.00000E+00 0.00000E+00 0.00000E+00 0.00000E+00 0.00000E+00 0.00000E+00 0.00000E+00 0.00000E+00 0.00000E+00 0.00000E+00 0.00000E+00 1.31027E-18 1.74966E-18
 8.23449E+02 3.37948E-18 0.00000E+00 0.00000E+00 0.00000E+00 0.00000E+00 0.00000E+00 0.00000E+00 0.00000E+00 0.00000E+00 0.00000E+00 0.00000E+00 0.00000E+00 0.00000E+00 0.00000E+00 0.00000E+00 1.25949E-18 1.67527E-18
 8.47585E+02 3.23448E-18 0.00000E+00 0.00000E+00 0.00000E+00 0.00000E+00 0.00000E+00 0.00000E+00 0.00000E+00 0.00000E+00 0.00000E+00 0.00000E+00 0.00000E+00 0.00000E+00 0.00000E+00 0.00000E+00 1.20577E-18 1.59915E-18
 8.98000E+02 2.94571E-18 0.00000E+00 0.00000E+00 0.00000E+00 0.00000E+00 0.00000E+00 0.00000E+00 0.00000E+00 0.00000E+00 0.00000E+00 0.00000E+00 0.00000E+00 0.00000E+00 0.00000E+00 0.00000E+00 1.09724E-18 1.44820E-18
 8.98000E+02 3.00928E-18 0.00000E+00 0.00000E+00 0.00000E+00 0.00000E+00 0.00000E+00 0.00000E+00 0.00000E+00 0.00000E+00 0.00000E+00 0.00000E+00 0.00000E+00 0.00000E+00 0.00000E+00 6.35779E-20 1.09724E-18 1.44820E-18
 9.00000E+02 3.01832E-18 0.00000E+00 0.00000E+00 0.00000E+00 0.00000E+00 0.00000E+00 0.00000E+00 0.00000E+00 0.00000E+00 0.00000E+00 0.00000E+00 0.00000E+00 0.00000E+00 0.00000E+00 8.37456E-20 1.09305E-18 1.44239E-18
 9.03343E+02 3.05128E-18 0.00000E+00 0.00000E+00 0.00000E+00 0.00000E+00 0.00000E+00 0.00000E+00 0.00000E+00 0.00000E+00 0.00000E+00 0.00000E+00 0.00000E+00 0.00000E+00 0.00000E+00 1.35226E-19 1.08610E-18 1.43276E-18
 9.06698E+02 3.09313E-18 0.00000E+00 0.00000E+00 0.00000E+00 0.00000E+00 0.00000E+00 0.00000E+00 0.00000E+00 0.00000E+00 0.00000E+00 0.00000E+00 0.00000E+00 0.00000E+00 0.00000E+00 1.95467E-19 1.07919E-18 1.42319E-18
 9.10066E+02 3.12482E-18 0.00000E+00 0.00000E+00 0.00000E+00 0.00000E+00 0.00000E+00 0.00000E+00 0.00000E+00 0.00000E+00 0.00000E+00 0.00000E+00 0.00000E+00 0.00000E+00 0.00000E+00 2.45437E-19 1.07233E-18 1.41369E-18
 9.13446E+02 3.13906E-18 0.00000E+00 0.00000E+00 0.00000E+00 0.00000E+00 0.00000E+00 0.00000E+00 0.00000E+00 0.00000E+00 0.00000E+00 0.00000E+00 0.00000E+00 0.00000E+00 0.00000E+00 2.77829E-19 1.06552E-18 1.40425E-18
 9.16838E+02 3.14004E-18 0.00000E+00 0.00000E+00 0.00000E+00 0.00000E+00 0.00000E+00 0.00000E+00 0.00000E+00 0.00000E+00 0.00000E+00 0.00000E+00 0.00000E+00 0.00000E+00 0.00000E+00 2.96861E-19 1.05874E-18 1.39488E-18
 9.20244E+02 3.13311E-18 0.00000E+00 0.00000E+00 0.00000E+00 0.00000E+00 0.00000E+00 0.00000E+00 0.00000E+00 0.00000E+00 0.00000E+00 0.00000E+00 0.00000E+00 0.00000E+00 0.00000E+00 3.08475E-19 1.05174E-18 1.38521E-18
 9.27092E+02 3.11139E-18 0.00000E+00 0.00000E+00 0.00000E+00 0.00000E+00 0.00000E+00 0.00000E+00 0.00000E+00 0.00000E+00 0.00000E+00 0.00000E+00 0.00000E+00 0.00000E+00 0.00000E+00 3.23577E-19 1.03783E-18 1.36604E-18
 9.40943E+02 3.05692E-18 0.00000E+00 0.00000E+00 0.00000E+00 0.00000E+00 0.00000E+00 0.00000E+00 0.00000E+00 0.00000E+00 0.00000E+00 0.00000E+00 0.00000E+00 0.00000E+00 0.00000E+00 3.41281E-19 1.01057E-18 1.32850E-18
 9.55000E+02 2.98767E-18 0.00000E+00 0.00000E+00 0.00000E+00 0.00000E+00 0.00000E+00 0.00000E+00 0.00000E+00 0.00000E+00 0.00000E+00 0.00000E+00 0.00000E+00 0.00000E+00 0.00000E+00 3.44420E-19 9.83049E-19 1.29095E-18
 9.55000E+02 3.03582E-18 0.00000E+00 0.00000E+00 0.00000E+00 0.00000E+00 0.00000E+00 0.00000E+00 0.00000E+00 0.00000E+00 0.00000E+00 0.00000E+00 0.00000E+00 0.00000E+00 4.81527E-20 3.44420E-19 9.83049E-19 1.29095E-18
 9.57752E+02 3.03326E-18 0.00000E+00 0.00000E+00 0.00000E+00 0.00000E+00 0.00000E+00 0.00000E+00 0.00000E+00 0.00000E+00 0.00000E+00 0.00000E+00 0.00000E+00 0.00000E+00 5.97983E-20 3.44064E-19 9.77785E-19 1.28377E-18
 9.60512E+02 3.04044E-18 0.00000E+00 0.00000E+00 0.00000E+00 0.00000E+00 0.00000E+00 0.00000E+00 0.00000E+00 0.00000E+00 0.00000E+00 0.00000E+00 0.00000E+00 0.00000E+00 8.11305E-20 3.43688E-19 9.72549E-19 1.27664E-18
 9.66057E+02 3.06155E-18 0.00000E+00 0.00000E+00 0.00000E+00 0.00000E+00 0.00000E+00 0.00000E+00 0.00000E+00 0.00000E+00 0.00000E+00 0.00000E+00 0.00000E+00 0.00000E+00 1.30231E-19 3.43037E-19 9.62160E-19 1.26248E-18
 9.71633E+02 3.06256E-18 0.00000E+00 0.00000E+00 0.00000E+00 0.00000E+00 0.00000E+00 0.00000E+00 0.00000E+00 0.00000E+00 0.00000E+00 0.00000E+00 0.00000E+00 0.00000E+00 1.59413E-19 3.42412E-19 9.51648E-19 1.24822E-18
 9.77241E+02 3.04798E-18 0.00000E+00 0.00000E+00 0.00000E+00 0.00000E+00 0.00000E+00 0.00000E+00 0.00000E+00 0.00000E+00 0.00000E+00 0.00000E+00 0.00000E+00 0.00000E+00 1.72599E-19 3.42010E-19 9.41196E-19 1.23406E-18
 9.88555E+02 3.00727E-18 0.00000E+00 0.00000E+00 0.00000E+00 0.00000E+00 0.00000E+00 0.00000E+00 0.00000E+00 0.00000E+00 0.00000E+00 0.00000E+00 0.00000E+00 0.00000E+00 1.86148E-19 3.41571E-19 9.20636E-19 1.20622E-18
 1.00000E+03 2.95978E-18 0.00000E+00 0.00000E+00 0.00000E+00 0.00000E+00 0.00000E+00 0.00000E+00 0.00000E+00 0.00000E+00 0.00000E+00 0.00000E+00 0.00000E+00 0.00000E+00 1.93007E-19 3.40811E-19 9.00250E-19 1.17842E-18
 1.04881E+03 2.73896E-18 0.00000E+00 0.00000E+00 0.00000E+00 0.00000E+00 0.00000E+00 0.00000E+00 0.00000E+00 0.00000E+00 0.00000E+00 0.00000E+00 0.00000E+00 0.00000E+00 1.94671E-19 3.33366E-19 8.18215E-19 1.06783E-18
 1.10000E+03 2.52460E-18 0.00000E+00 0.00000E+00 0.00000E+00 0.00000E+00 0.00000E+00 0.00000E+00 0.00000E+00 0.00000E+00 0.00000E+00 0.00000E+00 0.00000E+00 0.00000E+00 1.92359E-19 3.24836E-19 7.40337E-19 9.63427E-19
 1.16602E+03 2.27610E-18 0.00000E+00 0.00000E+00 0.00000E+00 0.00000E+00 0.00000E+00 0.00000E+00 0.00000E+00 0.00000E+00 0.00000E+00 0.00000E+00 0.00000E+00 0.00000E+00 1.87993E-19 3.12500E-19 6.51739E-19 8.45423E-19
 1.23600E+03 2.04360E-18 0.00000E+00 0.00000E+00 0.00000E+00 0.00000E+00 0.00000E+00 0.00000E+00 0.00000E+00 0.00000E+00 0.00000E+00 0.00000E+00 0.00000E+00 0.00000E+00 1.82322E-19 2.98398E-19 5.70282E-19 7.37530E-19
 1.23600E+03 2.18707E-18 0.00000E+00 0.00000E+00 0.00000E+00 0.00000E+00 0.00000E+00 0.00000E+00 0.00000E+00 0.00000E+00 0.00000E+00 0.00000E+00 0.00000E+00 1.43470E-19 1.82322E-19 2.98398E-19 5.70282E-19 7.37530E-19
 1.23949E+03 2.16949E-18 0.00000E+00 0.00000E+00 0.00000E+00 0.00000E+00 0.00000E+00 0.00000E+00 0.00000E+00 0.00000E+00 0.00000E+00 0.00000E+00 0.00000E+00 1.36585E-19 1.82013E-19 2.97704E-19 5.66569E-19 7.32628E-19
 1.24298E+03 2.15781E-18 0.00000E+00 0.00000E+00 0.00000E+00 0.00000E+00 0.00000E+00 0.00000E+00 0.00000E+00 0.00000E+00 0.00000E+00 0.00000E+00 0.00000E+00 1.35538E-19 1.81705E-19 2.97010E-19 5.62880E-19 7.27758E-19
 1.25000E+03 2.13747E-18 0.00000E+00 0.00000E+00 0.00000E+00 0.00000E+00 0.00000E+00 0.00000E+00 0.00000E+00 0.00000E+00 0.00000E+00 0.00000E+00 0.00000E+00 1.36730E-19 1.81085E-19 2.95629E-19 5.55390E-19 7.17880E-19
 1.40000E+03 1.72394E-18 0.00000E+00 0.00000E+00 0.00000E+00 0.00000E+00 0.00000E+00 0.00000E+00 0.00000E+00 0.00000E+00 0.00000E+00 0.00000E+00 0.00000E+00 1.19381E-19 1.66229E-19 2.64630E-19 4.21758E-19 5.42343E-19
 1.50000E+03 1.50546E-18 0.00000E+00 0.00000E+00 0.00000E+00 0.00000E+00 0.00000E+00 0.00000E+00 0.00000E+00 0.00000E+00 0.00000E+00 0.00000E+00 0.00000E+00 1.10484E-19 1.55754E-19 2.44541E-19 3.53823E-19 4.53694E-19
 1.55400E+03 1.40215E-18 0.00000E+00 0.00000E+00 0.00000E+00 0.00000E+00 0.00000E+00 0.00000E+00 0.00000E+00 0.00000E+00 0.00000E+00 0.00000E+00 0.00000E+00 1.05954E-19 1.50110E-19 2.34110E-19 3.22614E-19 4.13098E-19
 1.55400E+03 1.41891E-18 0.00000E+00 0.00000E+00 0.00000E+00 0.00000E+00 0.00000E+00 0.00000E+00 0.00000E+00 0.00000E+00 0.00000E+00 0.00000E+00 1.67573E-20 1.05954E-19 1.50110E-19 2.34110E-19 3.22614E-19 4.13098E-19
 1.72900E+03 1.14290E-18 0.00000E+00 0.00000E+00 0.00000E+00 0.00000E+00 0.00000E+00 0.00000E+00 0.00000E+00 0.00000E+00 0.00000E+00 0.00000E+00 1.67756E-20 9.30266E-20 1.32500E-19 2.02886E-19 2.42063E-19 3.08731E-19
 1.72900E+03 1.16621E-18 0.00000E+00 0.00000E+00 0.00000E+00 0.00000E+00 0.00000E+00 0.00000E+00 0.00000E+00 0.00000E+00 0.00000E+00 2.33116E-20 1.67756E-20 9.30266E-20 1.32500E-19 2.02886E-19 2.42063E-19 3.08731E-19
 1.73947E+03 1.14949E-18 0.00000E+00 0.00000E+00 0.00000E+00 0.00000E+00 0.00000E+00 0.00000E+00 0.00000E+00 0.00000E+00 0.00000E+00 2.05434E-20 1.67568E-20 9.23317E-20 1.31511E-19 2.01166E-19 2.38130E-19 3.03647E-19
 1.75000E+03 1.13536E-18 0.00000E+00 0.00000E+00 0.00000E+00 0.00000E+00 0.00000E+00 0.00000E+00 0.00000E+00 0.00000E+00 0.00000E+00 2.03370E-20 1.67380E-20 9.16420E-20 1.30527E-19 1.99461E-19 2.34195E-19 2.98563E-19
 1.87083E+03 9.89479E-19 0.00000E+00 0.00000E+00 0.00000E+00 0.00000E+00 0.00000E+00 0.00000E+00 0.00000E+00 0.00000E+00 0.00000E+00 1.92592E-20 1.64710E-20 8.40610E-20 1.19469E-19 1.80710E-19 1.94411E-19 2.47263E-19
 2.00000E+03 8.60451E-19 0.00000E+00 0.00000E+00 0.00000E+00 0.00000E+00 0.00000E+00 0.00000E+00 0.00000E+00 0.00000E+00 0.00000E+00 1.79946E-20 1.61051E-20 7.68697E-20 1.08648E-19 1.62762E-19 1.60699E-19 2.03920E-19
 2.20000E+03 7.02538E-19 0.00000E+00 0.00000E+00 0.00000E+00 0.00000E+00 0.00000E+00 0.00000E+00 0.00000E+00 0.00000E+00 0.00000E+00 1.62266E-20 1.54229E-20 6.73067E-20 9.39125E-20 1.38885E-19 1.21650E-19 1.53875E-19
 2.50000E+03 5.32391E-19 0.00000E+00 0.00000E+00 0.00000E+00 0.00000E+00 0.00000E+00 0.00000E+00 0.00000E+00 0.00000E+00 0.00000E+00 1.39974E-20 1.42659E-20 5.58273E-20 7.59061E-20 1.10487E-19 8.27661E-20 1.04258E-19
 2.73861E+03 4.35364E-19 0.00000E+00 0.00000E+00 0.00000E+00 0.00000E+00 0.00000E+00 0.00000E+00 0.00000E+00 0.00000E+00 0.00000E+00 1.25188E-20 1.33175E-20 4.85730E-20 6.44907E-20 9.28922E-20 6.24041E-20 7.83801E-20
 3.00000E+03 3.55188E-19 0.00000E+00 0.00000E+00 0.00000E+00 0.00000E+00 0.00000E+00 0.00000E+00 0.00000E+00 0.00000E+00 0.00000E+00 1.11430E-20 1.23100E-20 4.20642E-20 5.43291E-20 7.74801E-20 4.67645E-20 5.85652E-20
 3.50000E+03 2.50431E-19 0.00000E+00 0.00000E+00 0.00000E+00 0.00000E+00 0.00000E+00 0.00000E+00 0.00000E+00 0.00000E+00 0.00000E+00 9.06164E-21 1.05601E-20 3.26471E-20 3.99374E-20 5.60549E-20 2.83233E-20 3.52944E-20
 4.00000E+03 1.84118E-19 0.00000E+00 0.00000E+00 0.00000E+00 0.00000E+00 0.00000E+00 0.00000E+00 0.00000E+00 0.00000E+00 0.00000E+00 7.50731E-21 9.07569E-21 2.59582E-20 3.00750E-20 4.16615E-20 1.80973E-20 2.24541E-20
 4.13300E+03 1.70546E-19 0.00000E+00 0.00000E+00 0.00000E+00 0.00000E+00 0.00000E+00 0.00000E+00 0.00000E+00 0.00000E+00 0.00000E+00 7.15621E-21 8.72085E-21 2.44919E-20 2.79822E-20 3.86412E-20 1.61727E-20 2.00445E-20
 4.13300E+03 1.81541E-19 0.00000E+00 0.00000E+00 0.00000E+00 0.00000E+00 0.00000E+00 0.00000E+00 0.00000E+00 0.00000E+00 1.09946E-20 7.15621E-21 8.72085E-21 2.44919E-20 2.79822E-20 3.86412E-20 1.61727E-20 2.00445E-20
 4.13654E+03 2.14445E-19 0.00000E+00 0.00000E+00 0.00000E+00 0.00000E+00 0.00000E+00 0.00000E+00 0.00000E+00 0.00000E+00 4.42397E-20 7.14724E-21 8.71174E-21 2.44546E-20 2.79294E-20 3.85651E-20 1.61252E-20 1.99850E-20
 4.14009E+03 2.63410E-19 0.00000E+00 0.00000E+00 0.00000E+00 0.00000E+00 0.00000E+00 0.00000E+00 0.00000E+00 0.00000E+00 9.35451E-20 7.13828E-21 8.70264E-21 2.44174E-20 2.78767E-20 3.84891E-20 1.60777E-20 1.99257E-20
 4.14364E+03 3.10248E-19 0.00000E+00 0.00000E+00 0.00000E+00 0.00000E+00 0.00000E+00 0.00000E+00 0.00000E+00 0.00000E+00 1.40721E-19 7.12933E-21 8.69355E-21 2.43802E-20 2.78241E-20 3.84133E-20 1.60304E-20 1.98665E-20
 4.14719E+03 3.42509E-19 0.00000E+00 0.00000E+00 0.00000E+00 0.00000E+00 0.00000E+00 0.00000E+00 0.00000E+00 0.00000E+00 1.73321E-19 7.12039E-21 8.68447E-21 2.43431E-20 2.77715E-20 3.83377E-20 1.59833E-20 1.98075E-20
 4.15075E+03 3.60818E-19 0.00000E+00 0.00000E+00 0.00000E+00 0.00000E+00 0.00000E+00 0.00000E+00 0.00000E+00 0.00000E+00 1.91968E-19 7.11146E-21 8.67540E-21 2.43060E-20 2.77191E-20 3.82621E-20 1.59363E-20 1.97487E-20
 4.15430E+03 3.70910E-19 0.00000E+00 0.00000E+00 0.00000E+00 0.00000E+00 0.00000E+00 0.00000E+00 0.00000E+00 0.00000E+00 2.02397E-19 7.10254E-21 8.66634E-21 2.42690E-20 2.76668E-20 3.81868E-20 1.58894E-20 1.96900E-20
 4.15787E+03 3.77355E-19 0.00000E+00 0.00000E+00 0.00000E+00 0.00000E+00 0.00000E+00 0.00000E+00 0.00000E+00 0.00000E+00 2.09178E-19 7.09363E-21 8.65729E-21 2.42321E-20 2.76146E-20 3.81115E-20 1.58427E-20 1.96316E-20
 4.16143E+03 3.82062E-19 0.00000E+00 0.00000E+00 0.00000E+00 0.00000E+00 0.00000E+00 0.00000E+00 0.00000E+00 0.00000E+00 2.14221E-19 7.08474E-21 8.64825E-21 2.41952E-20 2.75624E-20 3.80365E-20 1.57961E-20 1.95733E-20
 4.16857E+03 3.89141E-19 0.00000E+00 0.00000E+00 0.00000E+00 0.00000E+00 0.00000E+00 0.00000E+00 0.00000E+00 0.00000E+00 2.21969E-19 7.06698E-21 8.63020E-21 2.41216E-20 2.74585E-20 3.78868E-20 1.57033E-20 1.94572E-20
 4.17214E+03 3.91502E-19 0.00000E+00 0.00000E+00 0.00000E+00 0.00000E+00 0.00000E+00 0.00000E+00 0.00000E+00 0.00000E+00 2.24663E-19 7.05811E-21 8.62119E-21 2.40849E-20 2.74066E-20 3.78121E-20 1.56571E-20 1.93994E-20
 4.17572E+03 3.93015E-19 0.00000E+00 0.00000E+00 0.00000E+00 0.00000E+00 0.00000E+00 0.00000E+00 0.00000E+00 0.00000E+00 2.26509E-19 7.04926E-21 8.61218E-21 2.40482E-20 2.73549E-20 3.77377E-20 1.56110E-20 1.93418E-20
 4.18288E+03 3.93832E-19 0.00000E+00 0.00000E+00 0.00000E+00 0.00000E+00 0.00000E+00 0.00000E+00 0.00000E+00 0.00000E+00 2.27989E-19 7.03159E-21 8.59420E-21 2.39751E-20 2.72517E-20 3.75891E-20 1.55193E-20 1.92271E-20
 4.19006E+03 3.92439E-19 0.00000E+00 0.00000E+00 0.00000E+00 0.00000E+00 0.00000E+00 0.00000E+00 0.00000E+00 0.00000E+00 2.27256E-19 7.01397E-21 8.57626E-21 2.39021E-20 2.71489E-20 3.74412E-20 1.54282E-20 1.91131E-20
 4.24790E+03 3.77688E-19 0.00000E+00 0.00000E+00 0.00000E+00 0.00000E+00 0.00000E+00 0.00000E+00 0.00000E+00 0.00000E+00 2.17691E-19 6.87455E-21 8.43357E-21 2.33266E-20 2.63387E-20 3.62765E-20 1.47179E-20 1.82249E-20
 4.36600E+03 3.51077E-19 0.00000E+00 0.00000E+00 0.00000E+00 0.00000E+00 0.00000E+00 0.00000E+00 0.00000E+00 0.00000E+00 2.01008E-19 6.60397E-21 8.14550E-21 2.22167E-20 2.47609E-20 3.40151E-20 1.33939E-20 1.65704E-20
 4.36600E+03 3.58694E-19 0.00000E+00 0.00000E+00 0.00000E+00 0.00000E+00 0.00000E+00 0.00000E+00 0.00000E+00 7.61720E-21 2.01008E-19 6.60397E-21 8.14550E-21 2.22167E-20 2.47609E-20 3.40151E-20 1.33939E-20 1.65704E-20
 4.37013E+03 3.80868E-19 0.00000E+00 0.00000E+00 0.00000E+00 0.00000E+00 0.00000E+00 0.00000E+00 0.00000E+00 3.06599E-20 2.00470E-19 6.59485E-21 8.13575E-21 2.21795E-20 2.47083E-20 3.39398E-20 1.33505E-20 1.65162E-20
 4.37426E+03 4.15751E-19 0.00000E+00 0.00000E+00 0.00000E+00 0.00000E+00 0.00000E+00 0.00000E+00 0.00000E+00 6.64084E-20 1.99933E-19 6.58573E-21 8.12602E-21 2.21422E-20 2.46557E-20 3.38646E-20 1.33072E-20 1.64621E-20
 4.37839E+03 4.45493E-19 0.00000E+00 0.00000E+00 0.00000E+00 0.00000E+00 0.00000E+00 0.00000E+00 0.00000E+00 9.70134E-20 1.99398E-19 6.57662E-21 8.11629E-21 2.21051E-20 2.46033E-20 3.37896E-20 1.32641E-20 1.64083E-20
 4.38253E+03 4.62458E-19 0.00000E+00 0.00000E+00 0.00000E+00 0.00000E+00 0.00000E+00 0.00000E+00 0.00000E+00 1.14840E-19 1.98864E-19 6.56753E-21 8.10658E-21 2.20680E-20 2.45510E-20 3.37148E-20 1.32211E-20 1.63546E-20
 4.38667E+03 4.70889E-19 0.00000E+00 0.00000E+00 0.00000E+00 0.00000E+00 0.00000E+00 0.00000E+00 0.00000E+00 1.24131E-19 1.98332E-19 6.55845E-21 8.09688E-21 2.20310E-20 2.44988E-20 3.36401E-20 1.31782E-20 1.63010E-20
 4.39082E+03 4.75583E-19 0.00000E+00 0.00000E+00 0.00000E+00 0.00000E+00 0.00000E+00 0.00000E+00 0.00000E+00 1.29681E-19 1.97801E-19 6.54939E-21 8.08719E-21 2.19940E-20 2.44467E-20 3.35656E-20 1.31355E-20 1.62477E-20
 4.39912E+03 4.81221E-19 0.00000E+00 0.00000E+00 0.00000E+00 0.00000E+00 0.00000E+00 0.00000E+00 0.00000E+00 1.37027E-19 1.96743E-19 6.53129E-21 8.06785E-21 2.19203E-20 2.43429E-20 3.34171E-20 1.30504E-20 1.61415E-20
 4.40744E+03 4.83883E-19 0.00000E+00 0.00000E+00 0.00000E+00 0.00000E+00 0.00000E+00 0.00000E+00 0.00000E+00 1.41377E-19 1.95701E-19 6.51325E-21 8.04855E-21 2.18468E-20 2.42395E-20 3.32692E-20 1.29659E-20 1.60360E-20
 4.41578E+03 4.83695E-19 0.00000E+00 0.00000E+00 0.00000E+00 0.00000E+00 0.00000E+00 0.00000E+00 0.00000E+00 1.42839E-19 1.94695E-19 6.49525E-21 8.02930E-21 2.17735E-20 2.41366E-20 3.31220E-20 1.28820E-20 1.59312E-20
 4.43249E+03 4.79151E-19 0.00000E+00 0.00000E+00 0.00000E+00 0.00000E+00 0.00000E+00 0.00000E+00 0.00000E+00 1.41570E-19 1.92698E-19 6.45941E-21 7.99094E-21 2.16277E-20 2.39320E-20 3.28295E-20 1.27158E-20 1.57236E-20
 4.46612E+03 4.70235E-19 0.00000E+00 0.00000E+00 0.00000E+00 0.00000E+00 0.00000E+00 0.00000E+00 0.00000E+00 1.39107E-19 1.88766E-19 6.38832E-21 7.91477E-21 2.13391E-20 2.35280E-20 3.22523E-20 1.23897E-20 1.53166E-20
 4.50000E+03 4.60478E-19 0.00000E+00 0.00000E+00 0.00000E+00 0.00000E+00 0.00000E+00 0.00000E+00 0.00000E+00 1.35679E-19 1.84914E-19 6.31801E-21 7.83931E-21 2.10543E-20 2.31307E-20 3.16852E-20 1.20706E-20 1.49184E-20
 4.96800E+03 3.56072E-19 0.00000E+00 0.00000E+00 0.00000E+00 0.00000E+00 0.00000E+00 0.00000E+00 0.00000E+00 1.04137E-19 1.41152E-19 5.44160E-21 6.87233E-21 1.75651E-20 1.83935E-20 2.49653E-20 8.52953E-21 1.05065E-20
 4.96800E+03 4.20910E-19 0.00000E+00 0.00000E+00 0.00000E+00 0.00000E+00 0.00000E+00 0.00000E+00 6.48380E-20 1.04137E-19 1.41152E-19 5.44160E-21 6.87233E-21 1.75651E-20 1.83935E-20 2.49653E-20 8.52953E-21 1.05065E-20
 4.97199E+03 4.16601E-19 0.00000E+00 0.00000E+00 0.00000E+00 0.00000E+00 0.00000E+00 0.00000E+00 6.12695E-20 1.03917E-19 1.40841E-19 5.43501E-21 6.86499E-21 1.75393E-20 1.83590E-20 2.49167E-20 8.50554E-21 1.04766E-20
 4.97598E+03 4.15898E-19 0.00000E+00 0.00000E+00 0.00000E+00 0.00000E+00 0.00000E+00 0.00000E+00 6.13050E-20 1.03697E-19 1.40531E-19 5.42843E-21 6.85766E-21 1.75136E-20 1.83246E-20 2.48681E-20 8.48161E-21 1.04469E-20
 4.98397E+03 4.15386E-19 0.00000E+00 0.00000E+00 0.00000E+00 0.00000E+00 0.00000E+00 0.00000E+00 6.22646E-20 1.03258E-19 1.39912E-19 5.41530E-21 6.84303E-21 1.74622E-20 1.82559E-20 2.47712E-20 8.43397E-21 1.03876E-20
 5.00000E+03 4.10901E-19 0.00000E+00 0.00000E+00 0.00000E+00 0.00000E+00 0.00000E+00 0.00000E+00 6.07064E-20 1.02386E-19 1.38683E-19 5.38912E-21 6.81386E-21 1.73598E-20 1.81193E-20 2.45787E-20 8.33875E-21 1.02692E-20
 5.50000E+03 3.24066E-19 0.00000E+00 0.00000E+00 0.00000E+00 0.00000E+00 0.00000E+00 0.00000E+00 5.18007E-20 7.91332E-20 1.06134E-19 4.65056E-21 5.96049E-21 1.45136E-20 1.44221E-20 1.93924E-20 5.93158E-21 7.28074E-21
 6.00000E+03 2.59929E-19 0.00000E+00 0.00000E+00 0.00000E+00 0.00000E+00 0.00000E+00 0.00000E+00 4.44840E-20 6.21488E-20 8.26682E-20 4.05349E-21 5.24585E-21 1.22797E-20 1.16404E-20 1.55282E-20 4.32542E-21 5.29310E-21
 6.14900E+03 2.44030E-19 0.00000E+00 0.00000E+00 0.00000E+00 0.00000E+00 0.00000E+00 0.00000E+00 4.25453E-20 5.79821E-20 7.69542E-20 3.89545E-21 5.05348E-21 1.17037E-20 1.09422E-20 1.45644E-20 3.95236E-21 4.82959E-21
 6.14900E+03 2.57913E-19 0.00000E+00 0.00000E+00 0.00000E+00 0.00000E+00 0.00000E+00 1.38829E-20 4.25453E-20 5.79821E-20 7.69542E-20 3.89545E-21 5.05348E-21 1.17037E-20 1.09422E-20 1.45644E-20 3.95236E-21 4.82959E-21
 6.16036E+03 2.57872E-19 0.00000E+00 0.00000E+00 0.00000E+00 0.00000E+00 0.00000E+00 1.49962E-20 4.24030E-20 5.76802E-20 7.65407E-20 3.88382E-21 5.03930E-21 1.16615E-20 1.08914E-20 1.44944E-20 3.92564E-21 4.79642E-21
 6.17173E+03 2.56823E-19 0.00000E+00 0.00000E+00 0.00000E+00 0.00000E+00 0.00000E+00 1.50959E-20 4.22611E-20 5.73799E-20 7.61294E-20 3.87222E-21 5.02515E-21 1.16194E-20 1.08409E-20 1.44247E-20 3.89909E-21 4.76347E-21
 6.19455E+03 2.54199E-19 0.00000E+00 0.00000E+00 0.00000E+00 0.00000E+00 0.00000E+00 1.47516E-20 4.19787E-20 5.67840E-20 7.53135E-20 3.84912E-21 4.99699E-21 1.15358E-20 1.07404E-20 1.42863E-20 3.84654E-21 4.69824E-21
 6.24044E+03 2.49670E-19 0.00000E+00 0.00000E+00 0.00000E+00 0.00000E+00 0.00000E+00 1.47162E-20 4.14196E-20 5.56106E-20 7.37078E-20 3.80333E-21 4.94113E-21 1.13702E-20 1.05424E-20 1.40135E-20 3.74356E-21 4.57047E-21
 6.33324E+03 2.40772E-19 0.00000E+00 0.00000E+00 0.00000E+00 0.00000E+00 0.00000E+00 1.45442E-20 4.03237E-20 5.33361E-20 7.05984E-20 3.71339E-21 4.83128E-21 1.10462E-20 1.01572E-20 1.34834E-20 3.54578E-21 4.32525E-21
 6.52300E+03 2.23846E-19 0.00000E+00 0.00000E+00 0.00000E+00 0.00000E+00 0.00000E+00 1.41313E-20 3.82041E-20 4.90485E-20 6.47497E-20 3.53984E-21 4.61738E-21 1.04232E-20 9.42520E-21 1.24783E-20 3.17996E-21 3.87357E-21
 6.52300E+03 2.34344E-19 0.00000E+00 0.00000E+00 0.00000E+00 0.00000E+00 1.04981E-20 1.41313E-20 3.82041E-20 4.90485E-20 6.47497E-20 3.53984E-21 4.61738E-21 1.04232E-20 9.42520E-21 1.24783E-20 3.17996E-21 3.87357E-21
 6.53020E+03 2.32893E-19 0.00000E+00 0.00000E+00 0.00000E+00 0.00000E+00 9.66239E-21 1.41153E-20 3.81253E-20 4.88933E-20 6.45385E-20 3.53352E-21 4.60938E-21 1.04003E-20 9.39847E-21 1.24417E-20 3.16693E-21 3.85764E-21
 6.53740E+03 2.32049E-19 0.00000E+00 0.00000E+00 0.00000E+00 0.00000E+00 9.43288E-21 1.40993E-20 3.80466E-20 4.87387E-20 6.43280E-20 3.52720E-21 4.60139E-21 1.03775E-20 9.37182E-21 1.24052E-20 3.15396E-21 3.84178E-21
 6.55184E+03 2.30895E-19 0.00000E+00 0.00000E+00 0.00000E+00 0.00000E+00 9.50171E-21 1.40675E-20 3.78898E-20 4.84309E-20 6.39091E-20 3.51461E-21 4.58546E-21 1.03320E-20 9.31874E-21 1.23325E-20 3.12818E-21 3.81026E-21
 6.58080E+03 2.28459E-19 0.00000E+00 0.00000E+00 0.00000E+00 0.00000E+00 9.49136E-21 1.40018E-20 3.75781E-20 4.78211E-20 6.30794E-20 3.48957E-21 4.55376E-21 1.02415E-20 9.21349E-21 1.21883E-20 3.07724E-21 3.74798E-21
 6.63911E+03 2.23586E-19 0.00000E+00 0.00000E+00 0.00000E+00 0.00000E+00 9.38658E-21 1.38697E-20 3.69623E-20 4.66245E-20 6.14522E-20 3.44001E-21 4.49103E-21 1.00629E-20 9.00655E-21 1.19050E-20 2.97785E-21 3.62647E-21
 6.75729E+03 2.14161E-19 0.00000E+00 0.00000E+00 0.00000E+00 0.00000E+00 9.17204E-21 1.36091E-20 3.57609E-20 4.43203E-20 5.83227E-20 3.34300E-21 4.36814E-21 9.71499E-21 8.60650E-21 1.13581E-20 2.78859E-21 3.39514E-21
 7.00000E+03 1.96558E-19 0.00000E+00 0.00000E+00 0.00000E+00 0.00000E+00 8.77472E-21 1.30759E-20 3.34739E-20 4.00478E-20 5.25336E-20 3.15711E-21 4.13236E-21 9.05487E-21 7.85889E-21 1.03384E-20 2.44524E-21 2.97555E-21
 8.00000E+03 1.41520E-19 0.00000E+00 0.00000E+00 0.00000E+00 0.00000E+00 7.34430E-21 1.10516E-20 2.58307E-20 2.70807E-20 3.51009E-20 2.52655E-21 3.32124E-21 6.89359E-21 5.51979E-21 7.17339E-21 1.47549E-21 1.78661E-21
 9.00000E+03 1.05631E-19 0.00000E+00 0.00000E+00 0.00000E+00 0.00000E+00 6.21233E-21 9.35650E-21 2.03669E-20 1.90241E-20 2.43990E-20 2.06641E-21 2.71541E-21 5.38402E-21 4.00326E-21 5.14673E-21 9.37263E-22 1.12966E-21
 1.00000E+04 8.11595E-20 0.00000E+00 0.00000E+00 0.00000E+00 0.00000E+00 5.31028E-21 7.96320E-21 1.63516E-20 1.37864E-20 1.75145E-20 1.72017E-21 2.25288E-21 4.29343E-21 2.98147E-21 3.79590E-21 6.20589E-22 7.44822E-22
 1.10000E+04 6.38563E-20 0.00000E+00 0.00000E+00 0.00000E+00 0.00000E+00 4.58228E-21 6.81981E-21 1.33307E-20 1.02539E-20 1.29146E-20 1.45313E-21 1.89298E-21 3.48369E-21 2.27072E-21 2.86523E-21 4.25243E-22 5.08377E-22
 1.25000E+04 4.62097E-20 0.00000E+00 0.00000E+00 0.00000E+00 0.00000E+00 3.73117E-21 5.47081E-21 1.00541E-20 6.84849E-21 8.52483E-21 1.15426E-21 1.48783E-21 2.61565E-21 1.56284E-21 1.94812E-21 2.54325E-22 3.02358E-22
 1.40000E+04 3.46346E-20 0.00000E+00 0.00000E+00 0.00000E+00 0.00000E+00 3.08838E-21 4.45063E-21 7.77154E-21 4.75990E-21 5.86229E-21 9.37567E-22 1.19358E-21 2.01676E-21 1.11360E-21 1.37293E-21 1.60182E-22 1.89489E-22
 1.50000E+04 2.90388E-20 0.00000E+00 0.00000E+00 0.00000E+00 0.00000E+00 2.74431E-21 3.90687E-21 6.62214E-21 3.80417E-21 4.65431E-21 8.24675E-22 1.04054E-21 1.71681E-21 9.02918E-22 1.10559E-21 1.20552E-22 1.42148E-22
 1.75000E+04 1.95537E-20 0.00000E+00 0.00000E+00 0.00000E+00 0.00000E+00 2.09163E-21 2.88606E-21 4.59117E-21 2.28944E-21 2.75892E-21 6.16313E-22 7.59626E-22 1.18930E-21 5.60071E-22 6.75193E-22 6.34136E-23 7.42265E-23
 1.94400E+04 1.49020E-20 0.00000E+00 0.00000E+00 0.00000E+00 0.00000E+00 1.72716E-21 2.32540E-21 3.55003E-21 1.60970E-21 1.91926E-21 5.03316E-22 6.08714E-22 9.20024E-22 4.01365E-22 4.78588E-22 4.06730E-23 4.73544E-23
 1.94400E+04 3.62247E-20 0.00000E+00 0.00000E+00 0.00000E+00 2.13227E-20 1.72716E-21 2.32540E-21 3.55003E-21 1.60970E-21 1.91926E-21 5.03316E-22 6.08714E-22 9.20024E-22 4.01365E-22 4.78588E-22 4.06730E-23 4.73544E-23
 1.94573E+04 3.53600E-20 0.00000E+00 0.00000E+00 0.00000E+00 2.04919E-20 1.72437E-21 2.32116E-21 3.54233E-21 1.60492E-21 1.91338E-21 5.02456E-22 6.07577E-22 9.18033E-22 4.00237E-22 4.77200E-22 4.05208E-23 4.71750E-23
 1.94745E+04 3.47557E-20 0.00000E+00 0.00000E+00 0.00000E+00 1.99213E-20 1.72159E-21 2.31693E-21 3.53465E-21 1.60015E-21 1.90753E-21 5.01597E-22 6.06442E-22 9.16045E-22 3.99113E-22 4.75815E-22 4.03692E-23 4.69964E-23
 1.94918E+04 3.45995E-20 0.00000E+00 0.00000E+00 0.00000E+00 1.97989E-20 1.71881E-21 2.31271E-21 3.52698E-21 1.59540E-21 1.90170E-21 5.00740E-22 6.05309E-22 9.14062E-22 3.97992E-22 4.74435E-22 4.02181E-23 4.68184E-23
 1.95091E+04 3.46187E-20 0.00000E+00 0.00000E+00 0.00000E+00 1.98518E-20 1.71603E-21 2.30850E-21 3.51933E-21 1.59067E-21 1.89588E-21 4.99885E-22 6.04179E-22 9.12083E-22 3.96874E-22 4.73058E-22 4.00677E-23 4.66411E-23
 1.95438E+04 3.44374E-20 0.00000E+00 0.00000E+00 0.00000E+00 1.97374E-20 1.71050E-21 2.30010E-21 3.50408E-21 1.58123E-21 1.88430E-21 4.98179E-22 6.01924E-22 9.08139E-22 3.94648E-22 4.70318E-22 3.97683E-23 4.62885E-23
 1.95785E+04 3.43364E-20 0.00000E+00 0.00000E+00 0.00000E+00 1.97032E-20 1.70498E-21 2.29172E-21 3.48890E-21 1.57186E-21 1.87279E-21 4.96478E-22 5.99677E-22 9.04211E-22 3.92434E-22 4.67593E-22 3.94713E-23 4.59386E-23
 1.97180E+04 3.37332E-20 0.00000E+00 0.00000E+00 0.00000E+00 1.93637E-20 1.68307E-21 2.25854E-21 3.42883E-21 1.53491E-21 1.82745E-21 4.89733E-22 5.90774E-22 8.88670E-22 3.83703E-22 4.56850E-22 3.83050E-23 4.45651E-23
 2.00000E+04 3.25178E-20 0.00000E+00 0.00000E+00 0.00000E+00 1.86608E-20 1.64010E-21 2.19359E-21 3.31177E-21 1.46359E-21 1.74004E-21 4.76518E-22 5.73364E-22 8.58383E-22 3.66817E-22 4.36100E-22 3.60743E-23 4.19395E-23
 2.20000E+04 2.52025E-20 0.00000E+00 0.00000E+00 0.00000E+00 1.43758E-20 1.37296E-21 1.79218E-21 2.60972E-21 1.05918E-21 1.24679E-21 3.95476E-22 4.66813E-22 6.77090E-22 2.69795E-22 3.17510E-22 2.40163E-23 2.77850E-23
 2.43720E+04 1.91035E-20 0.00000E+00 0.00000E+00 0.00000E+00 1.08097E-20 1.12949E-21 1.43354E-21 2.01000E-21 7.45354E-22 8.67784E-22 3.22773E-22 3.72491E-22 5.22323E-22 1.92971E-22 2.24570E-22 1.54523E-23 1.77761E-23
 2.43720E+04 2.66677E-20 0.00000E+00 0.00000E+00 7.56416E-21 1.08097E-20 1.12949E-21 1.43354E-21 2.01000E-21 7.45354E-22 8.67784E-22 3.22773E-22 3.72491E-22 5.22323E-22 1.92971E-22 2.24570E-22 1.54523E-23 1.77761E-23
 2.43914E+04 2.72689E-20 0.00000E+00 0.00000E+00 8.20635E-21 1.07858E-20 1.12778E-21 1.43106E-21 2.00593E-21 7.43323E-22 8.65345E-22 3.22265E-22 3.71839E-22 5.21271E-22 1.92470E-22 2.23967E-22 1.53995E-23 1.77146E-23
 2.44108E+04 2.69701E-20 0.00000E+00 0.00000E+00 7.94838E-21 1.07620E-20 1.12607E-21 1.42858E-21 2.00187E-21 7.41298E-22 8.62914E-22 3.21757E-22 3.71187E-22 5.20222E-22 1.91969E-22 2.23366E-22 1.53469E-23 1.76533E-23
 2.44496E+04 2.69071E-20 0.00000E+00 0.00000E+00 7.96677E-21 1.07144E-20 1.12266E-21 1.42363E-21 1.99377E-21 7.37264E-22 8.58071E-22 3.20743E-22 3.69889E-22 5.18130E-22 1.90973E-22 2.22168E-22 1.52421E-23 1.75313E-23
 2.45275E+04 2.66981E-20 0.00000E+00 0.00000E+00 7.91959E-21 1.06200E-20 1.11587E-21 1.41379E-21 1.97767E-21 7.29261E-22 8.48468E-22 3.18726E-22 3.67305E-22 5.13970E-22 1.88996E-22 2.19791E-22 1.50348E-23 1.72897E-23
 2.46840E+04 2.62836E-20 0.00000E+00 0.00000E+00 7.82440E-21 1.04336E-20 1.10243E-21 1.39432E-21 1.94585E-21 7.13516E-22 8.29582E-22 3.14729E-22 3.62191E-22 5.05751E-22 1.85102E-22 2.15113E-22 1.46286E-23 1.68167E-23
 2.50000E+04 2.54429E-20 0.00000E+00 0.00000E+00 7.60626E-21 1.00701E-20 1.07601E-21 1.35617E-21 1.88374E-21 6.83039E-22 7.93062E-22 3.06886E-22 3.52176E-22 4.89706E-22 1.77554E-22 2.06054E-22 1.38485E-23 1.59087E-23
 2.52600E+04 2.47644E-20 0.00000E+00 0.00000E+00 7.42663E-21 9.77970E-21 1.05441E-21 1.32516E-21 1.83379E-21 6.58870E-22 7.64118E-22 3.00530E-22 3.44007E-22 4.76726E-22 1.71527E-22 1.98828E-22 1.32381E-23 1.51984E-23
 2.52600E+04 2.89035E-20 0.00000E+00 4.13917E-21 7.42663E-21 9.77970E-21 1.05441E-21 1.32516E-21 1.83379E-21 6.58870E-22 7.64118E-22 3.00530E-22 3.44007E-22 4.76726E-22 1.71527E-22 1.98828E-22 1.32381E-23 1.51983E-23
 2.52770E+04 2.85093E-20 0.00000E+00 3.78855E-21 7.41495E-21 9.76113E-21 1.05302E-21 1.32317E-21 1.83059E-21 6.57331E-22 7.62276E-22 3.00121E-22 3.43483E-22 4.75895E-22 1.71143E-22 1.98367E-22 1.31994E-23 1.51533E-23
 2.52940E+04 2.85129E-20 0.00000E+00 3.83556E-21 7.40329E-21 9.74260E-21 1.05163E-21 1.32118E-21 1.82740E-21 6.55795E-22 7.60438E-22 2.99714E-22 3.42960E-22 4.75066E-22 1.70759E-22 1.97908E-22 1.31608E-23 1.51085E-23
 2.53280E+04 2.84139E-20 0.00000E+00 3.82334E-21 7.38003E-21 9.70565E-21 1.04887E-21 1.31722E-21 1.82103E-21 6.52734E-22 7.56775E-22 2.98900E-22 3.41917E-22 4.73411E-22 1.69995E-22 1.96992E-22 1.30840E-23 1.50191E-23
 2.53961E+04 2.82268E-20 0.00000E+00 3.80888E-21 7.33372E-21 9.63216E-21 1.04336E-21 1.30932E-21 1.80836E-21 6.46656E-22 7.49503E-22 2.97280E-22 3.39839E-22 4.70120E-22 1.68478E-22 1.95174E-22 1.29317E-23 1.48420E-23
 2.55330E+04 2.78532E-20 0.00000E+00 3.77771E-21 7.24101E-21 9.48685E-21 1.03242E-21 1.29368E-21 1.78329E-21 6.34668E-22 7.35167E-22 2.94065E-22 3.35722E-22 4.63605E-22 1.65482E-22 1.91588E-22 1.26323E-23 1.44939E-23
 2.58089E+04 2.71169E-20 0.00000E+00 3.71268E-21 7.05803E-21 9.20278E-21 1.01090E-21 1.26295E-21 1.73419E-21 6.11354E-22 7.07312E-22 2.87740E-22 3.27636E-22 4.50846E-22 1.59651E-22 1.84612E-22 1.20543E-23 1.38222E-23
 2.63697E+04 2.56975E-20 0.00000E+00 3.58091E-21 6.70415E-21 8.65990E-21 9.69182E-22 1.20367E-21 1.64000E-21 5.67265E-22 6.54730E-22 2.75494E-22 3.12044E-22 4.26372E-22 1.48597E-22 1.71413E-22 1.09765E-23 1.25706E-23
 2.75282E+04 2.30739E-20 0.00000E+00 3.32650E-21 6.04477E-21 7.66680E-21 8.90845E-22 1.09308E-21 1.46639E-21 4.88396E-22 5.61001E-22 2.52545E-22 2.83050E-22 3.81336E-22 1.28733E-22 1.47779E-22 9.10126E-24 1.03971E-23
 3.00000E+04 1.85846E-20 0.00000E+00 2.86320E-21 4.90270E-21 5.99421E-21 7.52654E-22 8.98470E-22 1.16897E-21 3.62029E-22 4.11876E-22 2.12222E-22 2.32895E-22 3.05033E-22 9.66149E-23 1.09837E-22 6.25711E-24 7.11255E-24
 3.50000E+04 1.25498E-20 0.00000E+00 2.16403E-21 3.33406E-21 3.83256E-21 5.51647E-22 6.26868E-22 7.72668E-22 2.10058E-22 2.34753E-22 1.54352E-22 1.62521E-22 2.02381E-22 5.71867E-23 6.38479E-23 3.17343E-24 3.57335E-24
 4.00000E+04 8.89841E-21 0.00000E+00 1.68002E-21 2.36753E-21 2.58675E-21 4.18965E-22 4.55300E-22 5.35852E-22 1.30446E-22 1.43460E-22 1.16582E-22 1.18161E-22 1.40844E-22 3.60692E-23 3.96259E-23 1.75509E-24 1.95946E-24
 4.50000E+04 6.55445E-21 0.00000E+00 1.33393E-21 1.74102E-21 1.82133E-21 3.27232E-22 3.41461E-22 3.85956E-22 8.54017E-23 9.25671E-23 9.06829E-23 8.87445E-23 1.01767E-22 2.39116E-23 2.58899E-23 1.03851E-24 1.15024E-24
 5.00000E+04 4.97752E-21 0.00000E+00 1.07929E-21 1.31746E-21 1.32680E-21 2.61443E-22 2.62884E-22 2.86639E-22 5.83274E-23 6.23917E-23 7.22233E-23 6.84304E-23 7.57975E-23 1.65021E-23 1.76311E-23 6.48598E-25 7.13048E-25
 5.50000E+04 3.87567E-21 0.00000E+00 8.87332E-22 1.02101E-21 9.94004E-22 2.12829E-22 2.06853E-22 2.18346E-22 4.12435E-23 4.35839E-23 5.86487E-23 5.39333E-23 5.78883E-23 1.17714E-23 1.24244E-23 4.23324E-25 4.62327E-25
 6.00000E+04 3.08133E-21 0.00000E+00 7.39586E-22 8.07386E-22 7.62371E-22 1.76007E-22 1.65800E-22 1.69910E-22 3.00231E-23 3.13705E-23 4.84061E-23 4.32981E-23 4.51533E-23 8.63355E-24 9.01007E-24 2.86762E-25 3.11139E-25
 7.00000E+04 2.04867E-21 0.00000E+00 5.31743E-22 5.30553E-22 4.74840E-22 1.25098E-22 1.11464E-22 1.08402E-22 1.70697E-23 1.74781E-23 3.43054E-23 2.91967E-23 2.89262E-23 4.96876E-24 5.08174E-24 1.43800E-25 1.54237E-25
 8.00000E+04 1.43627E-21 0.00000E+00 3.96792E-22 3.67502E-22 3.14139E-22 9.26250E-23 7.86501E-23 7.31020E-23 1.04500E-23 1.05130E-23 2.53506E-23 2.06580E-23 1.95740E-23 3.07125E-24 3.08621E-24 7.91571E-26 8.40384E-26
 9.00000E+04 1.04906E-21 0.00000E+00 3.05013E-22 2.65266E-22 2.17803E-22 7.08137E-23 5.76478E-23 5.14830E-23 6.77553E-24 6.71038E-24 1.93540E-23 1.51787E-23 1.38257E-23 2.00676E-24 1.98543E-24 4.68123E-26 4.92524E-26
 1.00000E+05 7.91668E-22 0.00000E+00 2.40225E-22 1.97919E-22 1.56787E-22 5.55545E-23 4.35709E-23 3.75461E-23 4.59889E-24 4.49179E-24 1.51683E-23 1.14970E-23 1.01084E-23 1.37065E-24 1.33753E-24 2.93117E-26 3.05937E-26
 1.10000E+05 6.13557E-22 0.00000E+00 1.93066E-22 1.51743E-22 1.16392E-22 4.45215E-23 3.37751E-23 2.81810E-23 3.24009E-24 3.12586E-24 1.21468E-23 8.92948E-24 7.60368E-24 9.70875E-25 9.35826E-25 1.92330E-26 1.99228E-26
 1.25000E+05 4.35905E-22 0.00000E+00 1.43540E-22 1.06190E-22 7.80216E-23 3.30029E-23 2.39636E-23 1.91508E-23 2.02805E-24 1.92499E-24 8.99718E-24 6.35145E-24 5.18153E-24 6.11695E-25 5.80201E-25 1.09631E-26 1.12445E-26
 1.31586E+05 3.79969E-22 0.00000E+00 1.27274E-22 9.19998E-23 6.64465E-23 2.92376E-23 2.08678E-23 1.63919E-23 1.68152E-24 1.58603E-24 7.96879E-24 5.53629E-24 4.43968E-24 5.08352E-25 4.79193E-25 8.76254E-27 8.95292E-27
 1.31586E+05 1.59201E-21 1.21204E-21 1.27274E-22 9.19998E-23 6.64465E-23 2.92376E-23 2.08678E-23 1.63919E-23 1.68152E-24 1.58603E-24 7.96879E-24 5.53629E-24 4.43968E-24 5.08352E-25 4.79193E-25 8.76254E-27 8.95292E-27
 1.31713E+05 1.52492E-21 1.14594E-21 1.26986E-22 9.17513E-23 6.62456E-23 2.91709E-23 2.08135E-23 1.63439E-23 1.67558E-24 1.58025E-24 7.95057E-24 5.52197E-24 4.42676E-24 5.06581E-25 4.77468E-25 8.72559E-27 8.91452E-27
 1.31841E+05 1.52070E-21 1.14269E-21 1.26698E-22 9.15034E-23 6.60452E-23 2.91043E-23 2.07592E-23 1.62960E-23 1.66967E-24 1.57448E-24 7.93239E-24 5.50768E-24 4.41387E-24 5.04816E-25 4.75748E-25 8.68880E-27 8.87628E-27
 1.32097E+05 1.51440E-21 1.13834E-21 1.26125E-22 9.10096E-23 6.56463E-23 2.89716E-23 2.06512E-23 1.62006E-23 1.65791E-24 1.56302E-24 7.89615E-24 5.47921E-24 4.38822E-24 5.01304E-25 4.72328E-25 8.61567E-27 8.80030E-27
 1.32609E+05 1.50028E-21 1.12810E-21 1.24986E-22 9.00300E-23 6.48558E-23 2.87080E-23 2.04368E-23 1.60116E-23 1.63464E-24 1.54035E-24 7.82417E-24 5.42273E-24 4.33736E-24 4.94354E-25 4.65561E-25 8.47126E-27 8.65028E-27
 1.33641E+05 1.47136E-21 1.10679E-21 1.22738E-22 8.81022E-23 6.33031E-23 2.81880E-23 2.00147E-23 1.56401E-23 1.58907E-24 1.49598E-24 7.68218E-24 5.31149E-24 4.23740E-24 4.80741E-25 4.52317E-25 8.18967E-27 8.35787E-27
 1.35728E+05 1.41564E-21 1.06585E-21 1.18363E-22 8.43698E-23 6.03085E-23 2.71761E-23 1.91964E-23 1.49229E-23 1.50171E-24 1.41105E-24 7.40588E-24 5.09582E-24 4.04435E-24 4.54629E-25 4.26948E-25 7.65425E-27 7.80237E-27
 1.40000E+05 1.31042E-21 9.88376E-22 1.10075E-22 7.73726E-23 5.47375E-23 2.52600E-23 1.76588E-23 1.35855E-23 1.34113E-24 1.25537E-24 6.88273E-24 4.69039E-24 3.68422E-24 4.06582E-25 3.80398E-25 6.68614E-27 6.79969E-27
 1.50000E+05 1.10219E-21 8.34269E-22 9.35555E-23 6.38179E-23 4.41272E-23 2.14499E-23 1.46596E-23 1.10214E-23 1.04363E-24 9.69058E-25 5.84309E-24 3.89858E-24 2.99286E-24 3.17347E-25 2.94526E-25 4.95762E-27 5.01866E-27
 1.75000E+05 7.47584E-22 5.69747E-22 6.49249E-23 4.15410E-23 2.73096E-23 1.48647E-23 9.67051E-24 6.90959E-24 5.98047E-25 5.45952E-25 4.04758E-24 2.57860E-24 1.88148E-24 1.82961E-25 1.66970E-25 2.55988E-27 2.56464E-27
 2.00000E+05 5.33699E-22 4.08738E-22 4.72495E-23 2.86923E-23 1.80711E-23 1.08104E-23 6.74907E-24 4.61770E-24 3.71123E-25 3.34325E-25 2.94292E-24 1.80343E-24 1.26011E-24 1.14044E-25 1.02729E-25 1.45694E-27 1.44839E-27
 2.20000E+05 4.19761E-22 3.22462E-22 3.76542E-23 2.20663E-23 1.34873E-23 8.61255E-24 5.22573E-24 3.46846E-24 2.64879E-25 2.36649E-25 2.34435E-24 1.39830E-24 9.47843E-25 8.16365E-26 7.29305E-26 9.80467E-28 9.70191E-28
 2.50000E+05 3.04632E-22 2.34885E-22 2.77852E-23 1.55572E-23 9.14260E-24 6.35397E-24 3.71469E-24 2.36938E-24 1.69392E-25 1.49880E-25 1.72939E-24 9.95712E-25 6.48597E-25 5.23990E-26 4.63649E-26 5.80949E-28 5.72076E-28
 3.00000E+05 1.93830E-22 1.50157E-22 1.80601E-23 9.51286E-24 5.29795E-24 4.12964E-24 2.29476E-24 1.38598E-24 9.06507E-26 7.93954E-26 1.12389E-24 6.16456E-25 3.80208E-25 2.81608E-26 2.46691E-26 2.80226E-28 2.75024E-28
 3.50000E+05 1.33147E-22 1.03529E-22 1.25991E-23 6.32400E-24 3.37374E-24 2.88083E-24 1.53678E-24 8.88453E-25 5.41221E-26 4.71657E-26 7.83977E-25 4.13487E-25 2.44087E-25 1.68693E-26 1.47043E-26 1.54277E-28 1.51539E-28
 4.00000E+05 9.67778E-23 7.54831E-23 9.26218E-24 4.47014E-24 2.30221E-24 2.11767E-24 1.09222E-24 6.09183E-25 3.50199E-26 3.04686E-26 5.76262E-25 2.94230E-25 1.67545E-25 1.09397E-26 9.52079E-27 9.33697E-29 9.20741E-29
 4.50000E+05 7.34410E-23 5.74339E-23 7.08830E-24 3.31133E-24 1.65596E-24 1.62044E-24 8.12483E-25 4.39734E-25 2.40750E-26 2.09652E-26 4.40929E-25 2.19078E-25 1.21042E-25 7.53466E-27 6.56345E-27 6.07089E-29 6.02196E-29
 5.00000E+05 5.76454E-23 4.51861E-23 5.59924E-24 2.54510E-24 1.24133E-24 1.27981E-24 6.26531E-25 3.30520E-25 1.73584E-26 1.51512E-26 3.48219E-25 1.69054E-25 9.10347E-26 5.44112E-27 4.75047E-27 4.18083E-29 4.17561E-29
 5.50000E+05 4.64872E-23 3.65140E-23 4.53733E-24 2.01517E-24 9.61867E-25 1.03688E-24 4.97360E-25 2.56639E-25 1.30076E-26 1.13905E-26 2.82103E-25 1.34280E-25 7.07197E-26 4.08190E-27 3.57537E-27 3.00694E-29 3.02959E-29
 6.00000E+05 3.83254E-23 3.01574E-23 3.75460E-24 1.63499E-24 7.65788E-25 8.57825E-25 4.04355E-25 2.04649E-25 1.00574E-26 8.84206E-27 2.33369E-25 1.09221E-25 5.64142E-26 3.15837E-27 2.77751E-27 2.23976E-29 2.27629E-29
 7.00000E+05 2.74362E-23 2.16534E-23 2.70165E-24 1.14037E-24 5.17462E-25 6.16966E-25 2.82889E-25 1.38600E-25 6.47033E-27 5.73985E-27 1.67821E-25 7.64656E-26 3.82270E-26 2.03570E-27 1.80563E-27 1.35739E-29 1.40494E-29
 8.00000E+05 2.07040E-23 1.63781E-23 2.04509E-24 8.43906E-25 3.73198E-25 4.66815E-25 2.09784E-25 1.00104E-25 4.48928E-27 4.01863E-27 1.26961E-25 5.67291E-26 2.76183E-26 1.41390E-27 1.26556E-27 8.98655E-30 9.46485E-30
 9.00000E+05 1.62491E-23 1.28771E-23 1.60806E-24 6.52846E-25 2.82549E-25 3.66901E-25 1.62525E-25 7.58569E-26 3.29538E-27 2.97557E-27 9.97751E-26 4.39648E-26 2.09326E-26 1.03832E-27 9.37557E-28 6.33681E-30 6.79985E-30
 1.00000E+06 1.31445E-23 1.04313E-23 1.30221E-24 5.22662E-25 2.22068E-25 2.97001E-25 1.30249E-25 5.96517E-26 2.52466E-27 2.29831E-27 8.07571E-26 3.52418E-26 1.64633E-26 7.96114E-28 7.24479E-28 4.68055E-30 5.10763E-30
 1.10000E+06 1.08912E-23 8.65253E-24 1.07955E-24 4.29959E-25 1.79763E-25 2.46128E-25 1.07227E-25 4.83038E-26 2.00047E-27 1.83478E-27 6.69178E-26 2.90180E-26 1.33321E-26 6.31267E-28 5.78709E-28 3.61532E-30 4.00164E-30
 1.25000E+06 8.51017E-24 6.76896E-24 8.43642E-25 3.33858E-25 1.36712E-25 1.92250E-25 8.33270E-26 3.67446E-26 1.48301E-27 1.37351E-27 5.22629E-26 2.25535E-26 1.01420E-26 4.68315E-28 4.33442E-28 2.57424E-30 2.91559E-30
 1.40000E+06 6.87453E-24 5.47235E-24 6.81218E-25 2.69053E-25 1.08240E-25 1.55171E-25 6.71866E-26 2.90932E-26 1.15139E-27 1.07510E-27 4.21780E-26 1.81859E-26 8.03009E-27 3.63664E-28 3.39321E-28 1.94522E-30 2.23523E-30
 1.50000E+06 6.05152E-24 4.81903E-24 5.99381E-25 2.36835E-25 9.42864E-26 1.36496E-25 5.91545E-26 2.53415E-26 9.92244E-28 9.30877E-28 3.70990E-26 1.60126E-26 6.99443E-27 3.13357E-28 2.93846E-28 1.64060E-30 1.91086E-30
 1.75000E+06 4.58154E-24 3.65051E-24 4.53068E-25 1.79935E-25 7.00369E-26 1.03118E-25 4.49556E-26 1.88198E-26 7.21432E-28 6.83512E-28 2.80227E-26 1.21701E-26 5.19422E-27 2.28017E-28 2.15789E-28 1.15473E-30 1.37273E-30
 2.00000E+06 3.62720E-24 2.89076E-24 3.58008E-25 1.43385E-25 5.47847E-26 8.14417E-26 3.58272E-26 1.47174E-26 5.55433E-28 5.30287E-28 2.21290E-26 9.69901E-27 4.06153E-27 1.75616E-28 1.67520E-28 8.59584E-31 1.04663E-30
 2.20000E+06 3.08283E-24 2.45746E-24 3.03838E-25 1.22654E-25 4.64235E-26 6.88961E-26 3.03068E-26 1.24477E-26 4.69741E-28 4.48461E-28 1.87086E-26 8.19967E-27 3.43353E-27 1.48456E-28 1.41612E-28 7.26608E-31 8.84715E-31
 2.50000E+06 2.49258E-24 1.98741E-24 2.45134E-25 1.00200E-25 3.73743E-26 5.53519E-26 2.43473E-26 9.99818E-27 3.77266E-28 3.60162E-28 1.50193E-26 6.58251E-27 2.75623E-27 1.19166E-28 1.13671E-28 5.83210E-31 7.10112E-31
 3.00000E+06 1.85940E-24 1.48443E-24 1.82431E-25 7.43375E-26 2.76994E-26 4.09166E-26 1.79964E-26 7.38844E-27 2.78757E-28 2.66107E-28 1.10917E-26 4.86102E-27 2.03527E-27 8.79907E-29 8.39321E-29 4.30597E-31 5.24291E-31
 3.50000E+06 1.46501E-24 1.17156E-24 1.42888E-25 5.82179E-26 2.16767E-26 3.19590E-26 1.40558E-26 5.76963E-27 2.17662E-28 2.07778E-28 8.65741E-27 3.79407E-27 1.58848E-27 6.86715E-29 6.55035E-29 3.36034E-31 4.09151E-31
 4.00000E+06 1.19993E-24 9.61301E-25 1.16268E-25 4.73674E-26 1.76266E-26 2.59498E-26 1.14124E-26 4.68395E-27 1.76693E-28 1.68664E-28 7.02577E-27 3.07895E-27 1.28903E-27 5.57243E-29 5.31532E-29 2.72666E-31 3.31994E-31
 4.50000E+06 1.01138E-24 8.11732E-25 9.73195E-26 3.96451E-26 1.47463E-26 2.16844E-26 9.53623E-27 3.91350E-27 1.47621E-28 1.40910E-28 5.86843E-27 2.57172E-27 1.07664E-27 4.65418E-29 4.43941E-29 2.27726E-31 2.77275E-31
 5.00000E+06 8.71316E-25 7.00600E-25 8.32515E-26 3.39123E-26 1.26093E-26 1.85246E-26 8.14644E-27 3.34286E-27 1.26091E-28 1.20357E-28 5.01158E-27 2.19619E-27 9.19408E-28 3.97440E-29 3.79099E-29 1.94459E-31 2.36769E-31
 5.50000E+06 7.63670E-25 6.15140E-25 7.24558E-26 2.95133E-26 1.09703E-26 1.61043E-26 7.08192E-27 2.90584E-27 1.09602E-28 1.04617E-28 4.35556E-27 1.90869E-27 7.99033E-28 3.45399E-29 3.29458E-29 1.68992E-31 2.05761E-31
 6.00000E+06 6.78665E-25 5.47611E-25 6.39479E-26 2.60467E-26 9.67931E-27 1.41999E-26 6.24433E-27 2.56201E-27 9.66310E-29 9.22344E-29 3.83957E-27 1.68256E-27 7.04357E-28 3.04469E-29 2.90416E-29 1.48963E-31 1.81374E-31
 7.00000E+06 5.53504E-25 4.48063E-25 5.14727E-26 2.09641E-26 7.78740E-27 1.14126E-26 5.01848E-27 2.05886E-27 7.76499E-29 7.41156E-29 3.08472E-27 1.35176E-27 5.65861E-28 2.44596E-29 2.33306E-29 1.19666E-31 1.45703E-31
 8.00000E+06 4.66204E-25 3.78490E-25 4.28333E-26 1.74445E-26 6.47803E-27 9.48625E-27 4.17131E-27 1.71118E-27 6.45348E-29 6.15965E-29 2.56330E-27 1.12325E-27 4.70197E-28 2.03242E-29 1.93860E-29 9.94312E-32 1.21065E-31
 9.00000E+06 4.02092E-25 3.27286E-25 3.65395E-26 1.48807E-26 5.52463E-27 8.08513E-27 3.55514E-27 1.45833E-27 5.49974E-29 5.24928E-29 2.18420E-27 9.57121E-28 4.00648E-28 1.73177E-29 1.65182E-29 8.47211E-32 1.03154E-31
 1.00000E+07 3.53138E-25 2.88102E-25 3.17738E-26 1.29395E-26 4.80299E-27 7.02554E-27 3.08918E-27 1.26713E-27 4.77857E-29 4.56091E-29 1.89760E-27 8.31527E-28 3.48071E-28 1.50449E-29 1.43503E-29 7.36010E-32 8.96146E-32
 1.10000E+07 3.14600E-25 2.57189E-25 2.80534E-26 1.14241E-26 4.23983E-27 6.19923E-27 2.72581E-27 1.11804E-27 4.21625E-29 4.02418E-29 1.67416E-27 7.33611E-28 3.07081E-28 1.32731E-29 1.26603E-29 6.49320E-32 7.90595E-32
 1.25000E+07 2.70122E-25 2.21420E-25 2.38027E-26 9.69283E-27 3.59659E-27 5.25611E-27 2.31109E-27 9.47894E-28 3.57452E-29 3.41165E-29 1.41920E-27 6.21886E-28 2.60311E-28 1.12514E-29 1.07319E-29 5.50410E-32 6.70165E-32
 1.40000E+07 2.36509E-25 1.94311E-25 2.06275E-26 8.39963E-27 3.11626E-27 4.55236E-27 2.00163E-27 8.20939E-28 3.09571E-29 2.95464E-29 1.22900E-27 5.38538E-28 2.25421E-28 9.74324E-30 9.29337E-30 4.76627E-32 5.80328E-32
 1.50000E+07 2.17330E-25 1.78615E-25 1.89265E-26 7.70686E-27 2.85900E-27 4.17562E-27 1.83597E-27 7.52981E-28 2.83942E-29 2.71001E-29 1.12720E-27 4.93929E-28 2.06747E-28 8.93608E-30 8.52347E-30 4.37139E-32 5.32248E-32
 1.75000E+07 1.80368E-25 1.48340E-25 1.56604E-26 6.37676E-27 2.36516E-27 3.45283E-27 1.51815E-27 6.22608E-28 2.34775E-29 2.24073E-29 9.31934E-28 4.08361E-28 1.70929E-28 7.38785E-30 7.04672E-30 3.61397E-32 4.40026E-32
 2.00000E+07 1.53887E-25 1.26627E-25 1.33308E-26 5.42805E-27 2.01302E-27 2.93776E-27 1.29167E-27 5.29710E-28 1.99741E-29 1.90635E-29 7.92815E-28 3.47399E-28 1.45411E-28 6.28487E-30 5.99466E-30 3.07438E-32 3.74327E-32
 2.20000E+07 1.37597E-25 1.13260E-25 1.19023E-26 4.84631E-27 1.79713E-27 2.62213E-27 1.15288E-27 4.72786E-28 1.78275E-29 1.70147E-29 7.07580E-28 3.10050E-28 1.29776E-28 5.60911E-30 5.35010E-30 2.74380E-32 3.34077E-32
 2.50000E+07 1.18633E-25 9.76902E-26 1.02439E-26 4.17099E-27 1.54655E-27 2.25592E-27 9.91866E-28 4.06744E-28 1.53371E-29 1.46377E-29 6.08701E-28 2.66722E-28 1.11640E-28 4.82520E-30 4.60238E-30 2.36032E-32 2.87385E-32
 3.00000E+07 9.63346E-26 7.93671E-26 8.30036E-27 3.37958E-27 1.25295E-27 1.82707E-27 8.03303E-28 3.29409E-28 1.24208E-29 1.18544E-29 4.92927E-28 2.15991E-28 9.04052E-29 3.90738E-30 3.72694E-30 1.91133E-32 2.32718E-32
 3.50000E+07 8.10073E-26 6.67631E-26 6.96883E-27 2.83740E-27 1.05184E-27 1.53346E-27 6.74208E-28 2.76465E-28 1.04244E-29 9.94895E-30 4.13678E-28 1.81265E-28 7.58699E-29 3.27914E-30 3.12771E-30 1.60401E-32 1.95299E-32
 4.00000E+07 6.98449E-26 5.75789E-26 6.00147E-27 2.44350E-27 9.05761E-28 1.32026E-27 5.80470E-28 2.38023E-28 8.97480E-30 8.56547E-30 3.56141E-28 1.56053E-28 6.53170E-29 2.82303E-30 2.69266E-30 1.38089E-32 1.68133E-32
 4.50000E+07 6.13626E-26 5.05968E-26 5.26776E-27 2.14475E-27 7.94978E-28 1.15862E-27 5.09401E-28 2.08879E-28 7.87584E-30 7.51661E-30 3.12523E-28 1.36940E-28 5.73171E-29 2.47726E-30 2.36286E-30 1.21175E-32 1.47539E-32
 5.00000E+07 5.47036E-26 4.51136E-26 4.69263E-27 1.91058E-27 7.08147E-28 1.03196E-27 4.53711E-28 1.86041E-28 7.01471E-30 6.69475E-30 2.78346E-28 1.21965E-28 5.10488E-29 2.20634E-30 2.10445E-30 1.07923E-32 1.31403E-32
 5.50000E+07 4.93398E-26 4.06957E-26 4.22993E-27 1.72218E-27 6.38297E-28 9.30086E-28 4.08920E-28 1.67674E-28 6.32213E-30 6.03375E-30 2.50860E-28 1.09921E-28 4.60076E-29 1.98846E-30 1.89662E-30 9.72646E-33 1.18426E-32
 6.00000E+07 4.49284E-26 3.70615E-26 3.84978E-27 1.56740E-27 5.80913E-28 8.46405E-28 3.72128E-28 1.52587E-28 5.75325E-30 5.49081E-30 2.28284E-28 1.00028E-28 4.18670E-29 1.80949E-30 1.72593E-30 8.85105E-33 1.07768E-32
 7.00000E+07 3.81044E-26 3.14380E-26 3.26242E-27 1.32825E-27 4.92257E-28 7.17146E-28 3.15298E-28 1.29282E-28 4.87455E-30 4.65218E-30 1.93413E-28 8.47485E-29 3.54716E-29 1.53308E-30 1.46228E-30 7.49895E-33 9.13049E-33
 8.00000E+07 3.30736E-26 2.72910E-26 2.82998E-27 1.15219E-27 4.26991E-28 6.22007E-28 2.73468E-28 1.12130E-28 4.22781E-30 4.03494E-30 1.67748E-28 7.35029E-29 3.07646E-29 1.32964E-30 1.26823E-30 6.50384E-33 7.91887E-33
 9.00000E+07 2.92128E-26 2.41079E-26 2.49845E-27 1.01720E-27 3.76957E-28 5.49083E-28 2.41407E-28 9.89832E-29 3.73210E-30 3.56184E-30 1.48078E-28 6.48838E-29 2.71571E-29 1.17372E-30 1.11951E-30 5.74115E-33 6.99024E-33
 1.00000E+08 2.61572E-26 2.15880E-26 2.23627E-27 9.10458E-28 3.37392E-28 4.91424E-28 2.16056E-28 8.85884E-29 3.34016E-30 3.18778E-30 1.32525E-28 5.80691E-29 2.43047E-29 1.05044E-30 1.00193E-30 5.13814E-33 6.25603E-33
 1.10000E+08 2.36790E-26 1.95441E-26 2.02378E-27 8.23943E-28 3.05326E-28 4.44699E-28 1.95513E-28 8.01648E-29 3.02255E-30 2.88465E-30 1.19923E-28 5.25468E-29 2.19934E-29 9.50547E-31 9.06646E-31 4.64950E-33 5.66108E-33
 1.25000E+08 2.07314E-26 1.71127E-26 1.77119E-27 7.21105E-28 2.67212E-28 3.89165E-28 1.71097E-28 7.01534E-29 2.64507E-30 2.52439E-30 1.04945E-28 4.59838E-29 1.92464E-29 8.31823E-31 7.93405E-31 4.06876E-33 4.95400E-33
 1.40000E+08 1.84355E-26 1.52185E-26 1.57458E-27 6.41055E-28 2.37545E-28 3.45943E-28 1.52094E-28 6.23616E-29 2.35128E-30 2.24401E-30 9.32876E-29 4.08760E-29 1.71085E-29 7.39424E-31 7.05274E-31 3.61680E-33 4.40370E-33
 1.50000E+08 1.71677E-26 1.41724E-26 1.46605E-27 5.96870E-28 2.21170E-28 3.22088E-28 1.41606E-28 5.80612E-29 2.18914E-30 2.08926E-30 8.68540E-29 3.80570E-29 1.59286E-29 6.88429E-31 6.56633E-31 3.36736E-33 4.09999E-33
 1.75000E+08 1.46485E-26 1.20937E-26 1.25051E-27 5.09116E-28 1.88649E-28 2.74715E-28 1.20779E-28 4.95212E-29 1.86714E-30 1.78195E-30 7.40781E-29 3.24589E-29 1.35856E-29 5.87162E-31 5.60043E-31 2.87202E-33 3.49688E-33
 2.00000E+08 1.27735E-26 1.05463E-26 1.09018E-27 4.43841E-28 1.64460E-28 2.39481E-28 1.05288E-28 4.31696E-29 1.62766E-30 1.55340E-30 6.45762E-29 2.82955E-29 1.18430E-29 5.11847E-31 4.88207E-31 2.50362E-33 3.04833E-33
 2.20000E+08 1.15869E-26 9.56688E-27 9.88749E-28 4.02545E-28 1.49156E-28 2.17192E-28 9.54883E-29 3.91516E-29 1.47616E-30 1.40881E-30 5.85654E-29 2.56617E-29 1.07406E-29 4.64203E-31 4.42763E-31 2.27058E-33 2.76458E-33
 2.50000E+08 1.01695E-26 8.39700E-27 8.67640E-28 3.53237E-28 1.30885E-28 1.90581E-28 8.37887E-29 3.43545E-29 1.29529E-30 1.23619E-30 5.13893E-29 2.25173E-29 9.42451E-30 4.07322E-31 3.88510E-31 1.99236E-33 2.42583E-33
 3.00000E+08 8.44714E-27 6.97518E-27 7.20523E-28 2.93342E-28 1.08690E-28 1.58258E-28 6.95780E-29 2.85278E-29 1.07560E-30 1.02653E-30 4.26731E-29 1.86981E-29 7.82601E-30 3.38235E-31 3.22614E-31 1.65443E-33 2.01437E-33
 3.50000E+08 7.22356E-27 5.96503E-27 6.16053E-28 2.50809E-28 9.29300E-29 1.35307E-28 5.94875E-29 2.43906E-29 9.19613E-31 8.77652E-31 3.64842E-29 1.59863E-29 6.69099E-30 2.89180E-31 2.75824E-31 1.41448E-33 1.72222E-33
 4.00000E+08 6.30954E-27 5.21040E-27 5.38035E-28 2.19046E-28 8.11606E-29 1.18168E-28 5.19525E-29 2.13011E-29 8.03128E-31 7.66482E-31 3.18627E-29 1.39613E-29 5.84343E-30 2.52549E-31 2.40885E-31 1.23530E-33 1.50407E-33
 4.50000E+08 5.60081E-27 4.62524E-27 4.77553E-28 1.94423E-28 7.20367E-29 1.04883E-28 4.61115E-29 1.89062E-29 7.12830E-31 6.80305E-31 2.82802E-29 1.23916E-29 5.18642E-30 2.24154E-31 2.13801E-31 1.09641E-33 1.33495E-33
 5.00000E+08 5.03521E-27 4.15822E-27 4.29294E-28 1.74775E-28 6.47566E-29 9.42821E-29 4.14510E-29 1.69953E-29 6.40783E-31 6.11544E-31 2.54218E-29 1.11391E-29 4.66220E-30 2.01497E-31 1.92191E-31 9.85591E-34 1.20002E-33
 5.50000E+08 4.57335E-27 3.77686E-27 3.89892E-28 1.58733E-28 5.88128E-29 8.56274E-29 3.76459E-29 1.54352E-29 5.81961E-31 5.55406E-31 2.30881E-29 1.01165E-29 4.23422E-30 1.83000E-31 1.74548E-31 8.95114E-34 1.08986E-33
 6.00000E+08 4.18909E-27 3.45957E-27 3.57114E-28 1.45389E-28 5.38683E-29 7.84279E-29 3.44807E-29 1.41374E-29 5.33029E-31 5.08707E-31 2.11468E-29 9.26591E-30 3.87819E-30 1.67613E-31 1.59872E-31 8.19850E-34 9.98223E-34
 7.00000E+08 3.58641E-27 2.96190E-27 3.05711E-28 1.24461E-28 4.61142E-29 6.71378E-29 2.95170E-29 1.21022E-29 4.56296E-31 4.35475E-31 1.81025E-29 7.93200E-30 3.31989E-30 1.43483E-31 1.36856E-31 7.01825E-34 8.54519E-34
 8.00000E+08 3.13533E-27 2.58940E-27 2.67243E-28 1.08800E-28 4.03115E-29 5.86890E-29 2.58025E-29 1.05792E-29 3.98874E-31 3.80674E-31 1.58244E-29 6.93380E-30 2.90210E-30 1.25427E-31 1.19634E-31 6.13503E-34 7.46981E-34
 9.00000E+08 2.78503E-27 2.30012E-27 2.37374E-28 9.66398E-29 3.58058E-29 5.21289E-29 2.29184E-29 9.39670E-30 3.54288E-31 3.38122E-31 1.40556E-29 6.15874E-30 2.57770E-30 1.11406E-31 1.06261E-31 5.44925E-34 6.63483E-34
 1.00000E+09 2.50514E-27 2.06898E-27 2.13510E-28 8.69243E-29 3.22061E-29 4.68879E-29 2.06141E-29 8.45195E-30 3.18668E-31 3.04127E-31 1.26424E-29 5.53952E-30 2.31853E-30 1.00205E-31 9.55772E-32 4.90137E-34 5.96774E-34
