 ***  Photoelectric cross sections,  IZ = 47,  NSHELL = 12,  NDATA = 315
              0           1           2           3           4           5           6           7           8           9          10          11          12
 5.00000E+01 2.11065E-17 0.00000E+00 0.00000E+00 0.00000E+00 0.00000E+00 0.00000E+00 0.00000E+00 0.00000E+00 0.00000E+00 0.00000E+00 0.00000E+00 0.00000E+00 0.00000E+00
 5.12057E+01 1.97417E-17 0.00000E+00 0.00000E+00 0.00000E+00 0.00000E+00 0.00000E+00 0.00000E+00 0.00000E+00 0.00000E+00 0.00000E+00 0.00000E+00 0.00000E+00 0.00000E+00
 5.24404E+01 1.83857E-17 0.00000E+00 0.00000E+00 0.00000E+00 0.00000E+00 0.00000E+00 0.00000E+00 0.00000E+00 0.00000E+00 0.00000E+00 0.00000E+00 0.00000E+00 0.00000E+00
 5.37050E+01 1.70204E-17 0.00000E+00 0.00000E+00 0.00000E+00 0.00000E+00 0.00000E+00 0.00000E+00 0.00000E+00 0.00000E+00 0.00000E+00 0.00000E+00 0.00000E+00 0.00000E+00
 5.50000E+01 1.56833E-17 0.00000E+00 0.00000E+00 0.00000E+00 0.00000E+00 0.00000E+00 0.00000E+00 0.00000E+00 0.00000E+00 0.00000E+00 0.00000E+00 0.00000E+00 0.00000E+00
 5.62095E+01 1.44897E-17 0.00000E+00 0.00000E+00 0.00000E+00 0.00000E+00 0.00000E+00 0.00000E+00 0.00000E+00 0.00000E+00 0.00000E+00 0.00000E+00 0.00000E+00 0.00000E+00
 5.74456E+01 1.33341E-17 0.00000E+00 0.00000E+00 0.00000E+00 0.00000E+00 0.00000E+00 0.00000E+00 0.00000E+00 0.00000E+00 0.00000E+00 0.00000E+00 0.00000E+00 0.00000E+00
 5.87089E+01 1.22224E-17 0.00000E+00 0.00000E+00 0.00000E+00 0.00000E+00 0.00000E+00 0.00000E+00 0.00000E+00 0.00000E+00 0.00000E+00 0.00000E+00 0.00000E+00 0.00000E+00
 6.00000E+01 1.11574E-17 0.00000E+00 0.00000E+00 0.00000E+00 0.00000E+00 0.00000E+00 0.00000E+00 0.00000E+00 0.00000E+00 0.00000E+00 0.00000E+00 0.00000E+00 0.00000E+00
 6.14817E+01 1.00265E-17 0.00000E+00 0.00000E+00 0.00000E+00 0.00000E+00 0.00000E+00 0.00000E+00 0.00000E+00 0.00000E+00 0.00000E+00 0.00000E+00 0.00000E+00 0.00000E+00
 6.30000E+01 8.96651E-18 0.00000E+00 0.00000E+00 0.00000E+00 0.00000E+00 0.00000E+00 0.00000E+00 0.00000E+00 0.00000E+00 0.00000E+00 0.00000E+00 0.00000E+00 0.00000E+00
 6.30000E+01 1.04698E-17 0.00000E+00 0.00000E+00 0.00000E+00 0.00000E+00 0.00000E+00 0.00000E+00 0.00000E+00 0.00000E+00 0.00000E+00 0.00000E+00 0.00000E+00 1.50329E-18
 6.44492E+01 9.51703E-18 0.00000E+00 0.00000E+00 0.00000E+00 0.00000E+00 0.00000E+00 0.00000E+00 0.00000E+00 0.00000E+00 0.00000E+00 0.00000E+00 0.00000E+00 1.47556E-18
 6.59318E+01 8.59590E-18 0.00000E+00 0.00000E+00 0.00000E+00 0.00000E+00 0.00000E+00 0.00000E+00 0.00000E+00 0.00000E+00 0.00000E+00 0.00000E+00 0.00000E+00 1.41563E-18
 6.74484E+01 7.72042E-18 0.00000E+00 0.00000E+00 0.00000E+00 0.00000E+00 0.00000E+00 0.00000E+00 0.00000E+00 0.00000E+00 0.00000E+00 0.00000E+00 0.00000E+00 1.33830E-18
 6.90000E+01 6.89815E-18 0.00000E+00 0.00000E+00 0.00000E+00 0.00000E+00 0.00000E+00 0.00000E+00 0.00000E+00 0.00000E+00 0.00000E+00 0.00000E+00 0.00000E+00 1.25319E-18
 6.90000E+01 7.56299E-18 0.00000E+00 0.00000E+00 0.00000E+00 0.00000E+00 0.00000E+00 0.00000E+00 0.00000E+00 0.00000E+00 0.00000E+00 0.00000E+00 6.64836E-19 1.25319E-18
 7.00000E+01 7.07993E-18 0.00000E+00 0.00000E+00 0.00000E+00 0.00000E+00 0.00000E+00 0.00000E+00 0.00000E+00 0.00000E+00 0.00000E+00 0.00000E+00 6.68930E-19 1.19764E-18
 7.11782E+01 6.53546E-18 0.00000E+00 0.00000E+00 0.00000E+00 0.00000E+00 0.00000E+00 0.00000E+00 0.00000E+00 0.00000E+00 0.00000E+00 0.00000E+00 6.61541E-19 1.13338E-18
 7.23762E+01 6.01453E-18 0.00000E+00 0.00000E+00 0.00000E+00 0.00000E+00 0.00000E+00 0.00000E+00 0.00000E+00 0.00000E+00 0.00000E+00 0.00000E+00 6.45316E-19 1.07006E-18
 7.35944E+01 5.52349E-18 0.00000E+00 0.00000E+00 0.00000E+00 0.00000E+00 0.00000E+00 0.00000E+00 0.00000E+00 0.00000E+00 0.00000E+00 0.00000E+00 6.23400E-19 1.00843E-18
 7.48331E+01 5.05822E-18 0.00000E+00 0.00000E+00 0.00000E+00 0.00000E+00 0.00000E+00 0.00000E+00 0.00000E+00 0.00000E+00 0.00000E+00 0.00000E+00 5.97540E-19 9.49012E-19
 7.60927E+01 4.62306E-18 0.00000E+00 0.00000E+00 0.00000E+00 0.00000E+00 0.00000E+00 0.00000E+00 0.00000E+00 0.00000E+00 0.00000E+00 0.00000E+00 5.70226E-19 8.92178E-19
 7.73735E+01 4.21580E-18 0.00000E+00 0.00000E+00 0.00000E+00 0.00000E+00 0.00000E+00 0.00000E+00 0.00000E+00 0.00000E+00 0.00000E+00 0.00000E+00 5.41239E-19 8.38174E-19
 8.00000E+01 3.48787E-18 0.00000E+00 0.00000E+00 0.00000E+00 0.00000E+00 0.00000E+00 0.00000E+00 0.00000E+00 0.00000E+00 0.00000E+00 0.00000E+00 4.83102E-19 7.39262E-19
 8.23907E+01 2.93680E-18 0.00000E+00 0.00000E+00 0.00000E+00 0.00000E+00 0.00000E+00 0.00000E+00 0.00000E+00 0.00000E+00 0.00000E+00 0.00000E+00 4.33319E-19 6.62317E-19
 8.48528E+01 2.46522E-18 0.00000E+00 0.00000E+00 0.00000E+00 0.00000E+00 0.00000E+00 0.00000E+00 0.00000E+00 0.00000E+00 0.00000E+00 0.00000E+00 3.86866E-19 5.94851E-19
 9.00000E+01 1.73216E-18 0.00000E+00 0.00000E+00 0.00000E+00 0.00000E+00 0.00000E+00 0.00000E+00 0.00000E+00 0.00000E+00 0.00000E+00 0.00000E+00 3.05851E-19 4.86528E-19
 9.24021E+01 1.48437E-18 0.00000E+00 0.00000E+00 0.00000E+00 0.00000E+00 0.00000E+00 0.00000E+00 0.00000E+00 0.00000E+00 0.00000E+00 0.00000E+00 2.75370E-19 4.48361E-19
 9.48683E+01 1.27792E-18 0.00000E+00 0.00000E+00 0.00000E+00 0.00000E+00 0.00000E+00 0.00000E+00 0.00000E+00 0.00000E+00 0.00000E+00 0.00000E+00 2.48349E-19 4.15587E-19
 9.74004E+01 1.10775E-18 0.00000E+00 0.00000E+00 0.00000E+00 0.00000E+00 0.00000E+00 0.00000E+00 0.00000E+00 0.00000E+00 0.00000E+00 0.00000E+00 2.24649E-19 3.87718E-19
 9.86916E+01 1.03497E-18 0.00000E+00 0.00000E+00 0.00000E+00 0.00000E+00 0.00000E+00 0.00000E+00 0.00000E+00 0.00000E+00 0.00000E+00 0.00000E+00 2.14004E-19 3.75418E-19
 1.00000E+02 9.69751E-19 0.00000E+00 0.00000E+00 0.00000E+00 0.00000E+00 0.00000E+00 0.00000E+00 0.00000E+00 0.00000E+00 0.00000E+00 0.00000E+00 2.04039E-19 3.64138E-19
 1.01000E+02 9.25166E-19 0.00000E+00 0.00000E+00 0.00000E+00 0.00000E+00 0.00000E+00 0.00000E+00 0.00000E+00 0.00000E+00 0.00000E+00 0.00000E+00 1.96993E-19 3.56392E-19
 1.01000E+02 1.07132E-18 0.00000E+00 0.00000E+00 0.00000E+00 0.00000E+00 0.00000E+00 0.00000E+00 0.00000E+00 0.00000E+00 0.00000E+00 1.46154E-19 1.96993E-19 3.56392E-19
 1.03178E+02 9.90312E-19 0.00000E+00 0.00000E+00 0.00000E+00 0.00000E+00 0.00000E+00 0.00000E+00 0.00000E+00 0.00000E+00 0.00000E+00 1.48936E-19 1.83134E-19 3.40840E-19
 1.05404E+02 9.24148E-19 0.00000E+00 0.00000E+00 0.00000E+00 0.00000E+00 0.00000E+00 0.00000E+00 0.00000E+00 0.00000E+00 0.00000E+00 1.50763E-19 1.70939E-19 3.27623E-19
 1.06535E+02 8.95817E-19 0.00000E+00 0.00000E+00 0.00000E+00 0.00000E+00 0.00000E+00 0.00000E+00 0.00000E+00 0.00000E+00 0.00000E+00 1.51406E-19 1.65521E-19 3.21638E-19
 1.07677E+02 8.70354E-19 0.00000E+00 0.00000E+00 0.00000E+00 0.00000E+00 0.00000E+00 0.00000E+00 0.00000E+00 0.00000E+00 0.00000E+00 1.51949E-19 1.60274E-19 3.15947E-19
 1.08833E+02 8.47945E-19 0.00000E+00 0.00000E+00 0.00000E+00 0.00000E+00 0.00000E+00 0.00000E+00 0.00000E+00 0.00000E+00 0.00000E+00 1.52362E-19 1.55413E-19 3.10752E-19
 1.10000E+02 8.27787E-19 0.00000E+00 0.00000E+00 0.00000E+00 0.00000E+00 0.00000E+00 0.00000E+00 0.00000E+00 0.00000E+00 0.00000E+00 1.52618E-19 1.50885E-19 3.05922E-19
 1.11772E+02 8.02422E-19 0.00000E+00 0.00000E+00 0.00000E+00 0.00000E+00 0.00000E+00 0.00000E+00 0.00000E+00 0.00000E+00 0.00000E+00 1.52836E-19 1.44661E-19 2.99319E-19
 1.13572E+02 7.82125E-19 0.00000E+00 0.00000E+00 0.00000E+00 0.00000E+00 0.00000E+00 0.00000E+00 0.00000E+00 0.00000E+00 0.00000E+00 1.53054E-19 1.39030E-19 2.93395E-19
 1.15402E+02 7.66386E-19 0.00000E+00 0.00000E+00 0.00000E+00 0.00000E+00 0.00000E+00 0.00000E+00 0.00000E+00 0.00000E+00 0.00000E+00 1.53273E-19 1.33955E-19 2.88080E-19
 1.17260E+02 7.54614E-19 0.00000E+00 0.00000E+00 0.00000E+00 0.00000E+00 0.00000E+00 0.00000E+00 0.00000E+00 0.00000E+00 0.00000E+00 1.53409E-19 1.29386E-19 2.83309E-19
 1.19149E+02 7.46271E-19 0.00000E+00 0.00000E+00 0.00000E+00 0.00000E+00 0.00000E+00 0.00000E+00 0.00000E+00 0.00000E+00 0.00000E+00 1.53406E-19 1.25276E-19 2.79025E-19
 1.21068E+02 7.41567E-19 0.00000E+00 0.00000E+00 0.00000E+00 0.00000E+00 0.00000E+00 0.00000E+00 0.00000E+00 0.00000E+00 0.00000E+00 1.53381E-19 1.21584E-19 2.75186E-19
 1.23018E+02 7.38750E-19 0.00000E+00 0.00000E+00 0.00000E+00 0.00000E+00 0.00000E+00 0.00000E+00 0.00000E+00 0.00000E+00 0.00000E+00 1.53318E-19 1.18270E-19 2.71852E-19
 1.25000E+02 7.38885E-19 0.00000E+00 0.00000E+00 0.00000E+00 0.00000E+00 0.00000E+00 0.00000E+00 0.00000E+00 0.00000E+00 0.00000E+00 1.53237E-19 1.15298E-19 2.68597E-19
 1.26783E+02 7.40295E-19 0.00000E+00 0.00000E+00 0.00000E+00 0.00000E+00 0.00000E+00 0.00000E+00 0.00000E+00 0.00000E+00 0.00000E+00 1.53139E-19 1.12979E-19 2.66169E-19
 1.28592E+02 7.43357E-19 0.00000E+00 0.00000E+00 0.00000E+00 0.00000E+00 0.00000E+00 0.00000E+00 0.00000E+00 0.00000E+00 0.00000E+00 1.53040E-19 1.10788E-19 2.63792E-19
 1.32288E+02 7.53078E-19 0.00000E+00 0.00000E+00 0.00000E+00 0.00000E+00 0.00000E+00 0.00000E+00 0.00000E+00 0.00000E+00 0.00000E+00 1.52822E-19 1.07046E-19 2.59762E-19
 1.36089E+02 7.66391E-19 0.00000E+00 0.00000E+00 0.00000E+00 0.00000E+00 0.00000E+00 0.00000E+00 0.00000E+00 0.00000E+00 0.00000E+00 1.52511E-19 1.04019E-19 2.56351E-19
 1.40000E+02 7.81851E-19 0.00000E+00 0.00000E+00 0.00000E+00 0.00000E+00 0.00000E+00 0.00000E+00 0.00000E+00 0.00000E+00 0.00000E+00 1.52161E-19 1.01533E-19 2.53436E-19
 1.50000E+02 8.25358E-19 0.00000E+00 0.00000E+00 0.00000E+00 0.00000E+00 0.00000E+00 0.00000E+00 0.00000E+00 0.00000E+00 0.00000E+00 1.50812E-19 9.72613E-20 2.47706E-19
 1.55893E+02 8.49540E-19 0.00000E+00 0.00000E+00 0.00000E+00 0.00000E+00 0.00000E+00 0.00000E+00 0.00000E+00 0.00000E+00 0.00000E+00 1.49644E-19 9.56687E-20 2.45063E-19
 1.62019E+02 8.71819E-19 0.00000E+00 0.00000E+00 0.00000E+00 0.00000E+00 0.00000E+00 0.00000E+00 0.00000E+00 0.00000E+00 0.00000E+00 1.48105E-19 9.44557E-20 2.42446E-19
 1.68384E+02 8.91363E-19 0.00000E+00 0.00000E+00 0.00000E+00 0.00000E+00 0.00000E+00 0.00000E+00 0.00000E+00 0.00000E+00 0.00000E+00 1.46150E-19 9.35694E-20 2.39811E-19
 1.75000E+02 9.07507E-19 0.00000E+00 0.00000E+00 0.00000E+00 0.00000E+00 0.00000E+00 0.00000E+00 0.00000E+00 0.00000E+00 0.00000E+00 1.43766E-19 9.27168E-20 2.37195E-19
 1.80941E+02 9.18136E-19 0.00000E+00 0.00000E+00 0.00000E+00 0.00000E+00 0.00000E+00 0.00000E+00 0.00000E+00 0.00000E+00 0.00000E+00 1.41353E-19 9.20874E-20 2.34600E-19
 1.87083E+02 9.25659E-19 0.00000E+00 0.00000E+00 0.00000E+00 0.00000E+00 0.00000E+00 0.00000E+00 0.00000E+00 0.00000E+00 0.00000E+00 1.38644E-19 9.14722E-20 2.32022E-19
 1.93434E+02 9.29705E-19 0.00000E+00 0.00000E+00 0.00000E+00 0.00000E+00 0.00000E+00 0.00000E+00 0.00000E+00 0.00000E+00 0.00000E+00 1.35672E-19 9.08025E-20 2.28992E-19
 2.00000E+02 9.31876E-19 0.00000E+00 0.00000E+00 0.00000E+00 0.00000E+00 0.00000E+00 0.00000E+00 0.00000E+00 0.00000E+00 0.00000E+00 1.32478E-19 9.01326E-20 2.25992E-19
 2.09762E+02 9.29118E-19 0.00000E+00 0.00000E+00 0.00000E+00 0.00000E+00 0.00000E+00 0.00000E+00 0.00000E+00 0.00000E+00 0.00000E+00 1.27647E-19 8.90104E-20 2.21132E-19
 2.20000E+02 9.20829E-19 0.00000E+00 0.00000E+00 0.00000E+00 0.00000E+00 0.00000E+00 0.00000E+00 0.00000E+00 0.00000E+00 0.00000E+00 1.22609E-19 8.77089E-20 2.15841E-19
 2.34521E+02 9.02299E-19 0.00000E+00 0.00000E+00 0.00000E+00 0.00000E+00 0.00000E+00 0.00000E+00 0.00000E+00 0.00000E+00 0.00000E+00 1.15741E-19 8.56696E-20 2.08156E-19
 2.50000E+02 8.76126E-19 0.00000E+00 0.00000E+00 0.00000E+00 0.00000E+00 0.00000E+00 0.00000E+00 0.00000E+00 0.00000E+00 0.00000E+00 1.08908E-19 8.33092E-20 1.99900E-19
 2.61659E+02 8.52798E-19 0.00000E+00 0.00000E+00 0.00000E+00 0.00000E+00 0.00000E+00 0.00000E+00 0.00000E+00 0.00000E+00 0.00000E+00 1.04039E-19 8.14415E-20 1.93710E-19
 2.73861E+02 8.28008E-19 0.00000E+00 0.00000E+00 0.00000E+00 0.00000E+00 0.00000E+00 0.00000E+00 0.00000E+00 0.00000E+00 0.00000E+00 9.93747E-20 7.94238E-20 1.87292E-19
 2.86633E+02 7.99823E-19 0.00000E+00 0.00000E+00 0.00000E+00 0.00000E+00 0.00000E+00 0.00000E+00 0.00000E+00 0.00000E+00 0.00000E+00 9.46930E-20 7.72622E-20 1.80667E-19
 3.00000E+02 7.69397E-19 0.00000E+00 0.00000E+00 0.00000E+00 0.00000E+00 0.00000E+00 0.00000E+00 0.00000E+00 0.00000E+00 0.00000E+00 9.00587E-20 7.49635E-20 1.73859E-19
 3.24037E+02 7.14616E-19 0.00000E+00 0.00000E+00 0.00000E+00 0.00000E+00 0.00000E+00 0.00000E+00 0.00000E+00 0.00000E+00 0.00000E+00 8.23626E-20 7.08002E-20 1.62057E-19
 3.50000E+02 6.57498E-19 0.00000E+00 0.00000E+00 0.00000E+00 0.00000E+00 0.00000E+00 0.00000E+00 0.00000E+00 0.00000E+00 0.00000E+00 7.49286E-20 6.63944E-20 1.50123E-19
 3.73000E+02 6.10015E-19 0.00000E+00 0.00000E+00 0.00000E+00 0.00000E+00 0.00000E+00 0.00000E+00 0.00000E+00 0.00000E+00 0.00000E+00 6.90874E-20 6.26603E-20 1.40369E-19
 3.73000E+02 6.87375E-19 0.00000E+00 0.00000E+00 0.00000E+00 0.00000E+00 0.00000E+00 0.00000E+00 0.00000E+00 0.00000E+00 7.73602E-20 6.90874E-20 6.26603E-20 1.40369E-19
 3.75988E+02 6.82598E-19 0.00000E+00 0.00000E+00 0.00000E+00 0.00000E+00 0.00000E+00 0.00000E+00 0.00000E+00 0.00000E+00 7.86501E-20 6.83731E-20 6.21938E-20 1.39153E-19
 3.79000E+02 6.80752E-19 0.00000E+00 0.00000E+00 0.00000E+00 0.00000E+00 0.00000E+00 0.00000E+00 0.00000E+00 0.00000E+00 8.28490E-20 6.76634E-20 6.17141E-20 1.37929E-19
 3.79000E+02 7.36263E-19 0.00000E+00 0.00000E+00 0.00000E+00 0.00000E+00 0.00000E+00 0.00000E+00 0.00000E+00 5.55110E-20 8.28490E-20 6.76634E-20 6.17141E-20 1.37929E-19
 3.80280E+02 7.36970E-19 0.00000E+00 0.00000E+00 0.00000E+00 0.00000E+00 0.00000E+00 0.00000E+00 0.00000E+00 5.53084E-20 8.62930E-20 6.73659E-20 6.15126E-20 1.37415E-19
 3.81563E+02 7.39429E-19 0.00000E+00 0.00000E+00 0.00000E+00 0.00000E+00 0.00000E+00 0.00000E+00 0.00000E+00 5.53247E-20 9.12602E-20 6.70696E-20 6.13117E-20 1.36903E-19
 3.82852E+02 7.44177E-19 0.00000E+00 0.00000E+00 0.00000E+00 0.00000E+00 0.00000E+00 0.00000E+00 0.00000E+00 5.56783E-20 9.81677E-20 6.67747E-20 6.11115E-20 1.36393E-19
 3.84144E+02 7.51770E-19 0.00000E+00 0.00000E+00 0.00000E+00 0.00000E+00 0.00000E+00 0.00000E+00 0.00000E+00 5.64943E-20 1.07447E-19 6.64810E-20 6.09120E-20 1.35885E-19
 3.85441E+02 7.63004E-19 0.00000E+00 0.00000E+00 0.00000E+00 0.00000E+00 0.00000E+00 0.00000E+00 0.00000E+00 5.80104E-20 1.19656E-19 6.61886E-20 6.07131E-20 1.35378E-19
 3.86743E+02 7.78817E-19 0.00000E+00 0.00000E+00 0.00000E+00 0.00000E+00 0.00000E+00 0.00000E+00 0.00000E+00 6.04586E-20 1.35503E-19 6.58975E-20 6.05148E-20 1.34874E-19
 3.88048E+02 8.00043E-19 0.00000E+00 0.00000E+00 0.00000E+00 0.00000E+00 0.00000E+00 0.00000E+00 0.00000E+00 6.39060E-20 1.55752E-19 6.56077E-20 6.03173E-20 1.34371E-19
 3.89358E+02 8.27857E-19 0.00000E+00 0.00000E+00 0.00000E+00 0.00000E+00 0.00000E+00 0.00000E+00 0.00000E+00 6.88443E-20 1.81087E-19 6.53192E-20 6.01203E-20 1.33871E-19
 3.90015E+02 8.44556E-19 0.00000E+00 0.00000E+00 0.00000E+00 0.00000E+00 0.00000E+00 0.00000E+00 0.00000E+00 7.19356E-20 1.95921E-19 6.51754E-20 6.00221E-20 1.33621E-19
 3.90673E+02 8.63340E-19 0.00000E+00 0.00000E+00 0.00000E+00 0.00000E+00 0.00000E+00 0.00000E+00 0.00000E+00 7.55257E-20 2.12338E-19 6.50320E-20 5.99240E-20 1.33372E-19
 3.91332E+02 8.84374E-19 0.00000E+00 0.00000E+00 0.00000E+00 0.00000E+00 0.00000E+00 0.00000E+00 0.00000E+00 7.96770E-20 2.30442E-19 6.48888E-20 5.98261E-20 1.33123E-19
 3.91992E+02 9.07791E-19 0.00000E+00 0.00000E+00 0.00000E+00 0.00000E+00 0.00000E+00 0.00000E+00 0.00000E+00 8.44153E-20 2.50337E-19 6.47460E-20 5.97283E-20 1.32875E-19
 3.93315E+02 9.62316E-19 0.00000E+00 0.00000E+00 0.00000E+00 0.00000E+00 0.00000E+00 0.00000E+00 0.00000E+00 9.58933E-20 2.95813E-19 6.44612E-20 5.95333E-20 1.32380E-19
 3.94643E+02 1.02808E-18 0.00000E+00 0.00000E+00 0.00000E+00 0.00000E+00 0.00000E+00 0.00000E+00 0.00000E+00 1.10631E-19 3.49254E-19 6.41777E-20 5.93389E-20 1.31886E-19
 3.95976E+02 1.10547E-18 0.00000E+00 0.00000E+00 0.00000E+00 0.00000E+00 0.00000E+00 0.00000E+00 0.00000E+00 1.28900E-19 4.10786E-19 6.38955E-20 5.91451E-20 1.31395E-19
 3.97313E+02 1.19614E-18 0.00000E+00 0.00000E+00 0.00000E+00 0.00000E+00 0.00000E+00 0.00000E+00 0.00000E+00 1.51541E-19 4.81212E-19 6.36145E-20 5.89520E-20 1.30905E-19
 3.98654E+02 1.29906E-18 0.00000E+00 0.00000E+00 0.00000E+00 0.00000E+00 0.00000E+00 0.00000E+00 0.00000E+00 1.78883E-19 5.59213E-19 6.33347E-20 5.87595E-20 1.30417E-19
 4.00000E+02 1.41412E-18 0.00000E+00 0.00000E+00 0.00000E+00 0.00000E+00 0.00000E+00 0.00000E+00 0.00000E+00 2.11383E-19 6.44299E-19 6.30533E-20 5.85677E-20 1.29929E-19
 4.02955E+02 1.70380E-18 0.00000E+00 0.00000E+00 0.00000E+00 0.00000E+00 0.00000E+00 0.00000E+00 0.00000E+00 3.01792E-19 8.49094E-19 6.24370E-20 5.81318E-20 1.28828E-19
 4.04441E+02 1.86414E-18 0.00000E+00 0.00000E+00 0.00000E+00 0.00000E+00 0.00000E+00 0.00000E+00 0.00000E+00 3.56802E-19 9.57178E-19 6.21311E-20 5.79131E-20 1.28280E-19
 4.05933E+02 2.03122E-18 0.00000E+00 0.00000E+00 0.00000E+00 0.00000E+00 0.00000E+00 0.00000E+00 0.00000E+00 4.17665E-19 1.06613E-18 6.18267E-20 5.76952E-20 1.27736E-19
 4.07430E+02 2.20198E-18 0.00000E+00 0.00000E+00 0.00000E+00 0.00000E+00 0.00000E+00 0.00000E+00 0.00000E+00 4.83390E-19 1.17388E-18 6.15239E-20 5.74781E-20 1.27193E-19
 4.08932E+02 2.37336E-18 0.00000E+00 0.00000E+00 0.00000E+00 0.00000E+00 0.00000E+00 0.00000E+00 0.00000E+00 5.52687E-19 1.27867E-18 6.12224E-20 5.72619E-20 1.26653E-19
 4.10440E+02 2.54248E-18 0.00000E+00 0.00000E+00 0.00000E+00 0.00000E+00 0.00000E+00 0.00000E+00 0.00000E+00 6.24085E-19 1.37909E-18 6.09225E-20 5.70464E-20 1.26115E-19
 4.11953E+02 2.70684E-18 0.00000E+00 0.00000E+00 0.00000E+00 0.00000E+00 0.00000E+00 0.00000E+00 0.00000E+00 6.96077E-19 1.47413E-18 6.06240E-20 5.68318E-20 1.25579E-19
 4.13473E+02 2.86438E-18 0.00000E+00 0.00000E+00 0.00000E+00 0.00000E+00 0.00000E+00 0.00000E+00 0.00000E+00 7.67252E-19 1.56316E-18 6.03270E-20 5.66179E-20 1.25045E-19
 4.14997E+02 3.01356E-18 0.00000E+00 0.00000E+00 0.00000E+00 0.00000E+00 0.00000E+00 0.00000E+00 0.00000E+00 8.36407E-19 1.64584E-18 6.00315E-20 5.64049E-20 1.24514E-19
 4.16527E+02 3.15276E-18 0.00000E+00 0.00000E+00 0.00000E+00 0.00000E+00 0.00000E+00 0.00000E+00 0.00000E+00 9.02592E-19 1.72148E-18 5.97374E-20 5.61927E-20 1.23985E-19
 4.18063E+02 3.28309E-18 0.00000E+00 0.00000E+00 0.00000E+00 0.00000E+00 0.00000E+00 0.00000E+00 0.00000E+00 9.65136E-19 1.79190E-18 5.94447E-20 5.59812E-20 1.23459E-19
 4.19605E+02 3.40211E-18 0.00000E+00 0.00000E+00 0.00000E+00 0.00000E+00 0.00000E+00 0.00000E+00 0.00000E+00 1.02362E-18 1.85505E-18 5.91535E-20 5.57706E-20 1.22934E-19
 4.21152E+02 3.51178E-18 0.00000E+00 0.00000E+00 0.00000E+00 0.00000E+00 0.00000E+00 0.00000E+00 0.00000E+00 1.07782E-18 1.91312E-18 5.88637E-20 5.55608E-20 1.22412E-19
 4.22705E+02 3.60986E-18 0.00000E+00 0.00000E+00 0.00000E+00 0.00000E+00 0.00000E+00 0.00000E+00 0.00000E+00 1.12695E-18 1.96464E-18 5.85753E-20 5.53517E-20 1.21892E-19
 4.24264E+02 3.70033E-18 0.00000E+00 0.00000E+00 0.00000E+00 0.00000E+00 0.00000E+00 0.00000E+00 0.00000E+00 1.17328E-18 2.01141E-18 5.82856E-20 5.51435E-20 1.21372E-19
 4.25829E+02 3.77942E-18 0.00000E+00 0.00000E+00 0.00000E+00 0.00000E+00 0.00000E+00 0.00000E+00 0.00000E+00 1.21407E-18 2.05234E-18 5.79939E-20 5.49287E-20 1.20835E-19
 4.27399E+02 3.85118E-18 0.00000E+00 0.00000E+00 0.00000E+00 0.00000E+00 0.00000E+00 0.00000E+00 0.00000E+00 1.25215E-18 2.08865E-18 5.77037E-20 5.47112E-20 1.20299E-19
 4.30557E+02 3.96839E-18 0.00000E+00 0.00000E+00 0.00000E+00 0.00000E+00 0.00000E+00 0.00000E+00 0.00000E+00 1.31576E-18 2.14745E-18 5.71275E-20 5.42788E-20 1.19236E-19
 4.33738E+02 4.05466E-18 0.00000E+00 0.00000E+00 0.00000E+00 0.00000E+00 0.00000E+00 0.00000E+00 0.00000E+00 1.36513E-18 2.18951E-18 5.65572E-20 5.38499E-20 1.18182E-19
 4.36943E+02 4.11435E-18 0.00000E+00 0.00000E+00 0.00000E+00 0.00000E+00 0.00000E+00 0.00000E+00 0.00000E+00 1.40262E-18 2.21681E-18 5.59925E-20 5.34243E-20 1.17138E-19
 4.40171E+02 4.15018E-18 0.00000E+00 0.00000E+00 0.00000E+00 0.00000E+00 0.00000E+00 0.00000E+00 0.00000E+00 1.42909E-18 2.23122E-18 5.54334E-20 5.30020E-20 1.16102E-19
 4.43423E+02 4.16599E-18 0.00000E+00 0.00000E+00 0.00000E+00 0.00000E+00 0.00000E+00 0.00000E+00 0.00000E+00 1.44590E-18 2.23522E-18 5.48800E-20 5.25832E-20 1.15076E-19
 4.46700E+02 4.16466E-18 0.00000E+00 0.00000E+00 0.00000E+00 0.00000E+00 0.00000E+00 0.00000E+00 0.00000E+00 1.45446E-18 2.23027E-18 5.43320E-20 5.21676E-20 1.14059E-19
 4.50000E+02 4.14893E-18 0.00000E+00 0.00000E+00 0.00000E+00 0.00000E+00 0.00000E+00 0.00000E+00 0.00000E+00 1.45571E-18 2.21835E-18 5.37855E-20 5.17553E-20 1.13049E-19
 4.55966E+02 4.09671E-18 0.00000E+00 0.00000E+00 0.00000E+00 0.00000E+00 0.00000E+00 0.00000E+00 0.00000E+00 1.44563E-18 2.18546E-18 5.27943E-20 5.09924E-20 1.11195E-19
 4.62011E+02 4.02463E-18 0.00000E+00 0.00000E+00 0.00000E+00 0.00000E+00 0.00000E+00 0.00000E+00 0.00000E+00 1.42442E-18 2.14367E-18 5.18213E-20 5.02377E-20 1.09372E-19
 4.74342E+02 3.86044E-18 0.00000E+00 0.00000E+00 0.00000E+00 0.00000E+00 0.00000E+00 0.00000E+00 0.00000E+00 1.36811E-18 2.05340E-18 4.99289E-20 4.87615E-20 1.05813E-19
 5.00000E+02 3.54634E-18 0.00000E+00 0.00000E+00 0.00000E+00 0.00000E+00 0.00000E+00 0.00000E+00 0.00000E+00 1.25637E-18 1.88466E-18 4.63453E-20 4.58169E-20 9.88043E-20
 5.24404E+02 3.27972E-18 0.00000E+00 0.00000E+00 0.00000E+00 0.00000E+00 0.00000E+00 0.00000E+00 0.00000E+00 1.16338E-18 1.74076E-18 4.32137E-20 4.31787E-20 9.26270E-20
 5.50000E+02 3.01319E-18 0.00000E+00 0.00000E+00 0.00000E+00 0.00000E+00 0.00000E+00 0.00000E+00 0.00000E+00 1.06939E-18 1.59579E-18 4.02920E-20 4.06898E-20 8.68345E-20
 5.77000E+02 2.75548E-18 0.00000E+00 0.00000E+00 0.00000E+00 0.00000E+00 0.00000E+00 0.00000E+00 0.00000E+00 9.77697E-19 1.45658E-18 3.74964E-20 3.82199E-20 8.11566E-20
 5.77000E+02 2.94962E-18 0.00000E+00 0.00000E+00 0.00000E+00 0.00000E+00 0.00000E+00 0.00000E+00 1.94140E-19 9.77697E-19 1.45658E-18 3.74964E-20 3.82199E-20 8.11566E-20
 5.79826E+02 2.97384E-18 0.00000E+00 0.00000E+00 0.00000E+00 0.00000E+00 0.00000E+00 0.00000E+00 2.43590E-19 9.68692E-19 1.44297E-18 3.72225E-20 3.79764E-20 8.05990E-20
 5.82666E+02 2.98169E-18 0.00000E+00 0.00000E+00 0.00000E+00 0.00000E+00 0.00000E+00 0.00000E+00 2.76439E-19 9.59769E-19 1.42948E-18 3.69506E-20 3.77345E-20 8.00452E-20
 5.88388E+02 2.97461E-18 0.00000E+00 0.00000E+00 0.00000E+00 0.00000E+00 0.00000E+00 0.00000E+00 3.18670E-19 9.42169E-19 1.40288E-18 3.64128E-20 3.72553E-20 7.89491E-20
 5.94165E+02 2.95072E-18 0.00000E+00 0.00000E+00 0.00000E+00 0.00000E+00 0.00000E+00 0.00000E+00 3.43193E-19 9.24892E-19 1.37678E-18 3.58828E-20 3.67822E-20 7.78679E-20
 6.00000E+02 2.91539E-18 0.00000E+00 0.00000E+00 0.00000E+00 0.00000E+00 0.00000E+00 0.00000E+00 3.55979E-19 9.07738E-19 1.35083E-18 3.53595E-20 3.63151E-20 7.68006E-20
 6.08000E+02 2.85630E-18 0.00000E+00 0.00000E+00 0.00000E+00 0.00000E+00 0.00000E+00 0.00000E+00 3.61386E-19 8.84873E-19 1.31613E-18 3.46519E-20 3.56667E-20 7.53252E-20
 6.08000E+02 2.93241E-18 0.00000E+00 0.00000E+00 0.00000E+00 0.00000E+00 0.00000E+00 7.61156E-20 3.61386E-19 8.84873E-19 1.31613E-18 3.46519E-20 3.56667E-20 7.53252E-20
 6.10683E+02 2.93073E-18 0.00000E+00 0.00000E+00 0.00000E+00 0.00000E+00 0.00000E+00 9.56122E-20 3.61292E-19 8.77400E-19 1.30479E-18 3.44198E-20 3.54531E-20 7.48411E-20
 6.13378E+02 2.92265E-18 0.00000E+00 0.00000E+00 0.00000E+00 0.00000E+00 0.00000E+00 1.09172E-19 3.60557E-19 8.69990E-19 1.29355E-18 3.41893E-20 3.52408E-20 7.43600E-20
 6.18804E+02 2.89661E-18 0.00000E+00 0.00000E+00 0.00000E+00 0.00000E+00 0.00000E+00 1.27143E-19 3.57820E-19 8.55357E-19 1.27136E-18 3.37328E-20 3.48200E-20 7.34072E-20
 6.29799E+02 2.82395E-18 0.00000E+00 0.00000E+00 0.00000E+00 0.00000E+00 0.00000E+00 1.44205E-19 3.50701E-19 8.25810E-19 1.22700E-18 3.28382E-20 3.39934E-20 7.15379E-20
 6.40990E+02 2.74042E-18 0.00000E+00 0.00000E+00 0.00000E+00 0.00000E+00 0.00000E+00 1.48120E-19 3.44022E-19 7.97208E-19 1.18326E-18 3.19672E-20 3.31865E-20 6.97163E-20
 6.52380E+02 2.65382E-18 0.00000E+00 0.00000E+00 0.00000E+00 0.00000E+00 0.00000E+00 1.46727E-19 3.38375E-19 7.68884E-19 1.14023E-18 3.11115E-20 3.23873E-20 6.79152E-20
 7.00000E+02 2.32376E-18 0.00000E+00 0.00000E+00 0.00000E+00 0.00000E+00 0.00000E+00 1.39019E-19 3.17879E-19 6.60611E-19 9.77251E-19 2.78743E-20 2.92945E-20 6.10184E-20
 7.24000E+02 2.17563E-18 0.00000E+00 0.00000E+00 0.00000E+00 0.00000E+00 0.00000E+00 1.35743E-19 3.06788E-19 6.12650E-19 9.05406E-19 2.64106E-20 2.78728E-20 5.78798E-20
 7.24000E+02 2.28814E-18 0.00000E+00 0.00000E+00 0.00000E+00 0.00000E+00 1.12508E-19 1.35743E-19 3.06788E-19 6.12650E-19 9.05406E-19 2.64106E-20 2.78728E-20 5.78798E-20
 7.61052E+02 2.06940E-18 0.00000E+00 0.00000E+00 0.00000E+00 0.00000E+00 9.82102E-20 1.29933E-19 2.90520E-19 5.47254E-19 8.07564E-19 2.43834E-20 2.58762E-20 5.34945E-20
 8.00000E+02 1.87634E-18 0.00000E+00 0.00000E+00 0.00000E+00 0.00000E+00 9.45903E-20 1.24071E-19 2.75023E-19 4.86870E-19 7.17350E-19 2.25113E-20 2.39919E-20 4.93831E-20
 8.48528E+02 1.66370E-18 0.00000E+00 0.00000E+00 0.00000E+00 0.00000E+00 8.83702E-20 1.17147E-19 2.56217E-19 4.22016E-19 6.20733E-19 2.04502E-20 2.19011E-20 4.48482E-20
 9.00000E+02 1.47124E-18 0.00000E+00 0.00000E+00 0.00000E+00 0.00000E+00 8.22282E-20 1.09837E-19 2.37587E-19 3.64396E-19 5.35203E-19 1.85773E-20 1.99488E-20 4.06456E-20
 1.00000E+03 1.17466E-18 0.00000E+00 0.00000E+00 0.00000E+00 0.00000E+00 7.17744E-20 9.68205E-20 2.05767E-19 2.78002E-19 4.07250E-19 1.55863E-20 1.67868E-20 3.39160E-20
 1.10000E+03 9.52167E-19 0.00000E+00 0.00000E+00 0.00000E+00 0.00000E+00 6.30118E-20 8.52052E-20 1.78514E-19 2.15578E-19 3.15138E-19 1.32682E-20 1.42933E-20 2.86618E-20
 1.25000E+03 7.13944E-19 0.00000E+00 0.00000E+00 0.00000E+00 0.00000E+00 5.24028E-20 7.06567E-20 1.45484E-19 1.51708E-19 2.21155E-19 1.06617E-20 1.14314E-20 2.27032E-20
 1.40000E+03 5.50039E-19 0.00000E+00 0.00000E+00 0.00000E+00 0.00000E+00 4.41355E-20 5.89883E-20 1.19851E-19 1.10050E-19 1.60044E-19 8.75571E-21 9.31483E-21 1.83456E-20
 1.50000E+03 4.68222E-19 0.00000E+00 0.00000E+00 0.00000E+00 0.00000E+00 3.96511E-20 5.25296E-20 1.05905E-19 9.01525E-20 1.30912E-19 7.75932E-21 8.19742E-21 1.60653E-20
 1.75000E+03 3.24963E-19 0.00000E+00 0.00000E+00 0.00000E+00 0.00000E+00 3.09352E-20 3.99563E-20 7.93076E-20 5.71195E-20 8.26791E-20 5.90356E-21 6.11008E-21 1.18456E-20
 2.00000E+03 2.35490E-19 0.00000E+00 0.00000E+00 0.00000E+00 0.00000E+00 2.47473E-20 3.10593E-20 6.08935E-20 3.80110E-20 5.48675E-20 4.64383E-21 4.69182E-21 9.01381E-21
 2.20000E+03 1.86590E-19 0.00000E+00 0.00000E+00 0.00000E+00 0.00000E+00 2.10219E-20 2.57440E-20 5.00557E-20 2.82381E-20 4.06765E-20 3.90503E-21 3.86506E-21 7.37774E-21
 2.50000E+03 1.36096E-19 0.00000E+00 0.00000E+00 0.00000E+00 0.00000E+00 1.68072E-20 1.98257E-20 3.81380E-20 1.87997E-20 2.70056E-20 3.08661E-21 2.95802E-21 5.59851E-21
 3.00000E+03 8.62128E-20 0.00000E+00 0.00000E+00 0.00000E+00 0.00000E+00 1.21048E-20 1.34087E-20 2.54262E-20 1.03560E-20 1.48168E-20 2.19407E-21 1.99008E-21 3.72163E-21
 3.35700E+03 6.48092E-20 0.00000E+00 0.00000E+00 0.00000E+00 0.00000E+00 9.82974E-21 1.04244E-20 1.95996E-20 7.10598E-21 1.01403E-20 1.77003E-21 1.54424E-21 2.86668E-21
 3.35700E+03 1.32139E-19 0.00000E+00 0.00000E+00 0.00000E+00 6.73296E-20 9.82974E-21 1.04244E-20 1.95996E-20 7.10598E-21 1.01403E-20 1.77003E-21 1.54424E-21 2.86668E-21
 3.35919E+03 1.52699E-19 0.00000E+00 0.00000E+00 0.00000E+00 8.79971E-20 9.81787E-21 1.04090E-20 1.95697E-20 7.09036E-21 1.01178E-20 1.76783E-21 1.54194E-21 2.86230E-21
 3.36138E+03 1.67399E-19 0.00000E+00 0.00000E+00 0.00000E+00 1.02804E-19 9.80602E-21 1.03936E-20 1.95398E-20 7.07477E-21 1.00954E-20 1.76563E-21 1.53965E-21 2.85792E-21
 3.36357E+03 1.78614E-19 0.00000E+00 0.00000E+00 0.00000E+00 1.14126E-19 9.79418E-21 1.03782E-20 1.95099E-20 7.05921E-21 1.00731E-20 1.76343E-21 1.53736E-21 2.85355E-21
 3.36576E+03 1.87583E-19 0.00000E+00 0.00000E+00 0.00000E+00 1.23203E-19 9.78235E-21 1.03629E-20 1.94801E-20 7.04369E-21 1.00508E-20 1.76124E-21 1.53507E-21 2.84918E-21
 3.36796E+03 1.94838E-19 0.00000E+00 0.00000E+00 0.00000E+00 1.30564E-19 9.77054E-21 1.03475E-20 1.94503E-20 7.02821E-21 1.00285E-20 1.75904E-21 1.53279E-21 2.84482E-21
 3.37015E+03 2.00730E-19 0.00000E+00 0.00000E+00 0.00000E+00 1.36562E-19 9.75874E-21 1.03322E-20 1.94206E-20 7.01275E-21 1.00063E-20 1.75686E-21 1.53051E-21 2.84047E-21
 3.37235E+03 2.05489E-19 0.00000E+00 0.00000E+00 0.00000E+00 1.41428E-19 9.74695E-21 1.03169E-20 1.93909E-20 6.99733E-21 9.98419E-21 1.75467E-21 1.52823E-21 2.83613E-21
 3.37455E+03 2.09186E-19 0.00000E+00 0.00000E+00 0.00000E+00 1.45231E-19 9.73518E-21 1.03017E-20 1.93612E-20 6.98195E-21 9.96208E-21 1.75249E-21 1.52596E-21 2.83179E-21
 3.37675E+03 2.12242E-19 0.00000E+00 0.00000E+00 0.00000E+00 1.48393E-19 9.72343E-21 1.02864E-20 1.93316E-20 6.96660E-21 9.94003E-21 1.75031E-21 1.52369E-21 2.82746E-21
 3.37895E+03 2.14405E-19 0.00000E+00 0.00000E+00 0.00000E+00 1.50661E-19 9.71169E-21 1.02712E-20 1.93021E-20 6.95128E-21 9.91802E-21 1.74813E-21 1.52142E-21 2.82313E-21
 3.38116E+03 2.16044E-19 0.00000E+00 0.00000E+00 0.00000E+00 1.52406E-19 9.69996E-21 1.02560E-20 1.92726E-20 6.93600E-21 9.89607E-21 1.74595E-21 1.51916E-21 2.81881E-21
 3.38336E+03 2.17167E-19 0.00000E+00 0.00000E+00 0.00000E+00 1.53635E-19 9.68825E-21 1.02408E-20 1.92431E-20 6.92075E-21 9.87416E-21 1.74378E-21 1.51690E-21 2.81450E-21
 3.38777E+03 2.18092E-19 0.00000E+00 0.00000E+00 0.00000E+00 1.54770E-19 9.66486E-21 1.02105E-20 1.91843E-20 6.89035E-21 9.83049E-21 1.73944E-21 1.51239E-21 2.80590E-21
 3.39219E+03 2.18095E-19 0.00000E+00 0.00000E+00 0.00000E+00 1.54983E-19 9.64154E-21 1.01803E-20 1.91257E-20 6.86009E-21 9.78701E-21 1.73512E-21 1.50790E-21 2.79732E-21
 3.42775E+03 2.09553E-19 0.00000E+00 0.00000E+00 0.00000E+00 1.48090E-19 9.45693E-21 9.94196E-21 1.86633E-20 6.62270E-21 9.44604E-21 1.70090E-21 1.47242E-21 2.72964E-21
 3.46369E+03 2.04559E-19 0.00000E+00 0.00000E+00 0.00000E+00 1.44701E-19 9.27586E-21 9.70916E-21 1.82121E-20 6.39353E-21 9.11694E-21 1.66735E-21 1.43777E-21 2.66359E-21
 3.50000E+03 1.98955E-19 0.00000E+00 0.00000E+00 0.00000E+00 1.40659E-19 9.09826E-21 9.48182E-21 1.77717E-20 6.17192E-21 8.79885E-21 1.63445E-21 1.40394E-21 2.59914E-21
 3.53000E+03 1.94559E-19 0.00000E+00 0.00000E+00 0.00000E+00 1.37526E-19 8.95440E-21 9.29714E-21 1.74147E-20 5.99387E-21 8.54326E-21 1.60756E-21 1.37621E-21 2.54636E-21
 3.53000E+03 2.24599E-19 0.00000E+00 0.00000E+00 3.00400E-20 1.37526E-19 8.95440E-21 9.29714E-21 1.74147E-20 5.99387E-21 8.54326E-21 1.60756E-21 1.37621E-21 2.54636E-21
 3.53212E+03 2.33840E-19 0.00000E+00 0.00000E+00 3.95778E-20 1.37317E-19 8.94422E-21 9.28422E-21 1.73898E-20 5.98153E-21 8.52556E-21 1.60569E-21 1.37428E-21 2.54268E-21
 3.53424E+03 2.40568E-19 0.00000E+00 0.00000E+00 4.66021E-20 1.37109E-19 8.93406E-21 9.27132E-21 1.73648E-20 5.96923E-21 8.50790E-21 1.60381E-21 1.37235E-21 2.53902E-21
 3.53636E+03 2.45722E-19 0.00000E+00 0.00000E+00 5.20525E-20 1.36901E-19 8.92390E-21 9.25844E-21 1.73399E-20 5.95695E-21 8.49027E-21 1.60194E-21 1.37042E-21 2.53535E-21
 3.53849E+03 2.49842E-19 0.00000E+00 0.00000E+00 5.64678E-20 1.36693E-19 8.91375E-21 9.24558E-21 1.73151E-20 5.94469E-21 8.47268E-21 1.60007E-21 1.36850E-21 2.53170E-21
 3.54061E+03 2.53146E-19 0.00000E+00 0.00000E+00 6.00673E-20 1.36485E-19 8.90362E-21 9.23273E-21 1.72902E-20 5.93246E-21 8.45513E-21 1.59821E-21 1.36658E-21 2.52805E-21
 3.54274E+03 2.55768E-19 0.00000E+00 0.00000E+00 6.29844E-20 1.36278E-19 8.89350E-21 9.21990E-21 1.72655E-20 5.92026E-21 8.43761E-21 1.59634E-21 1.36466E-21 2.52440E-21
 3.54487E+03 2.57930E-19 0.00000E+00 0.00000E+00 6.54409E-20 1.36071E-19 8.88339E-21 9.20709E-21 1.72407E-20 5.90808E-21 8.42013E-21 1.59448E-21 1.36275E-21 2.52076E-21
 3.54700E+03 2.59571E-19 0.00000E+00 0.00000E+00 6.73754E-20 1.35864E-19 8.87329E-21 9.19430E-21 1.72160E-20 5.89592E-21 8.40269E-21 1.59262E-21 1.36083E-21 2.51712E-21
 3.55126E+03 2.61755E-19 0.00000E+00 0.00000E+00 7.01458E-20 1.35452E-19 8.85312E-21 9.16877E-21 1.71666E-20 5.87169E-21 8.36791E-21 1.58891E-21 1.35702E-21 2.50987E-21
 3.55553E+03 2.62710E-19 0.00000E+00 0.00000E+00 7.16851E-20 1.35040E-19 8.83300E-21 9.14330E-21 1.71175E-20 5.84755E-21 8.33328E-21 1.58520E-21 1.35321E-21 2.50263E-21
 3.55980E+03 2.62926E-19 0.00000E+00 0.00000E+00 7.24838E-20 1.34630E-19 8.81293E-21 9.11791E-21 1.70684E-20 5.82352E-21 8.29878E-21 1.58150E-21 1.34942E-21 2.49542E-21
 3.56408E+03 2.62509E-19 0.00000E+00 0.00000E+00 7.26479E-20 1.34222E-19 8.79290E-21 9.09259E-21 1.70195E-20 5.79958E-21 8.26443E-21 1.57782E-21 1.34563E-21 2.48822E-21
 3.59848E+03 2.55075E-19 0.00000E+00 0.00000E+00 6.97973E-20 1.30996E-19 8.63432E-21 8.89254E-21 1.66332E-20 5.61159E-21 7.99471E-21 1.54862E-21 1.31573E-21 2.43141E-21
 3.66829E+03 2.43129E-19 0.00000E+00 0.00000E+00 6.67463E-20 1.24713E-19 8.32567E-21 8.50556E-21 1.58868E-20 5.25370E-21 7.48138E-21 1.49185E-21 1.25792E-21 2.32166E-21
 3.81200E+03 2.20232E-19 0.00000E+00 0.00000E+00 6.06140E-20 1.12800E-19 7.74109E-21 7.77659E-21 1.44844E-20 4.60493E-21 6.55149E-21 1.38446E-21 1.14980E-21 2.11679E-21
 3.81200E+03 2.56047E-19 0.00000E+00 3.58148E-20 6.06139E-20 1.12800E-19 7.74109E-21 7.77659E-21 1.44844E-20 4.60493E-21 6.55149E-21 1.38446E-21 1.14980E-21 2.11679E-21
 3.83501E+03 2.50150E-19 0.00000E+00 3.33403E-20 5.97004E-20 1.11009E-19 7.65334E-21 7.66727E-21 1.42745E-20 4.51086E-21 6.41673E-21 1.36836E-21 1.13373E-21 2.08639E-21
 3.85815E+03 2.46135E-19 0.00000E+00 3.26953E-20 5.88007E-20 1.09246E-19 7.56659E-21 7.55949E-21 1.40676E-20 4.41871E-21 6.28474E-21 1.35245E-21 1.11788E-21 2.05642E-21
 3.90487E+03 2.39653E-19 0.00000E+00 3.27946E-20 5.70417E-20 1.05803E-19 7.39602E-21 7.34845E-21 1.36629E-20 4.24002E-21 6.02886E-21 1.32117E-21 1.08686E-21 1.99778E-21
 4.00000E+03 2.25886E-19 0.00000E+00 3.15819E-20 5.36800E-20 9.92398E-20 7.06633E-21 6.94388E-21 1.28880E-20 3.90379E-21 5.54762E-21 1.26077E-21 1.02736E-21 1.88545E-21
 4.50000E+03 1.67839E-19 0.00000E+00 2.60498E-20 3.93490E-20 7.19311E-20 5.63026E-21 5.23218E-21 9.62958E-21 2.58753E-21 3.66641E-21 9.99260E-22 7.74155E-22 1.40983E-21
 5.00000E+03 1.28187E-19 0.00000E+00 2.16909E-20 2.96218E-20 5.36935E-20 4.57979E-21 4.03677E-21 7.37385E-21 1.78090E-21 2.51650E-21 8.09413E-22 5.97556E-22 1.08068E-21
 5.50000E+03 1.00242E-19 0.00000E+00 1.82949E-20 2.28285E-20 4.10674E-20 3.78971E-21 3.17651E-21 5.76332E-21 1.26423E-21 1.78190E-21 6.67465E-22 4.70610E-22 8.45714E-22
 6.00000E+03 7.99237E-20 0.00000E+00 1.56020E-20 1.79352E-20 3.20384E-20 3.18106E-21 2.54193E-21 4.58387E-21 9.21105E-22 1.29524E-21 5.58718E-22 3.77007E-22 6.73563E-22
 7.00000E+03 5.32580E-20 0.00000E+00 1.16635E-20 1.15977E-20 2.04718E-20 2.32057E-21 1.69709E-21 3.02699E-21 5.21102E-22 7.29436E-22 4.05969E-22 2.52356E-22 4.46154E-22
 8.00000E+03 3.73098E-20 0.00000E+00 8.98275E-21 7.88657E-21 1.37807E-20 1.75622E-21 1.18486E-21 2.09328E-21 3.15332E-22 4.39611E-22 3.06428E-22 1.76678E-22 3.09480E-22
 9.00000E+03 2.71791E-20 0.00000E+00 7.08694E-21 5.58049E-21 9.66501E-21 1.36765E-21 8.57107E-22 1.50133E-21 2.01189E-22 2.79407E-22 2.38209E-22 1.28148E-22 2.22608E-22
 1.00000E+04 2.04289E-20 0.00000E+00 5.70303E-21 4.07780E-21 7.00662E-21 1.08974E-21 6.38195E-22 1.10922E-21 1.33941E-22 1.85361E-22 1.89571E-22 9.56460E-23 1.64889E-22
 1.10000E+04 1.57548E-20 0.00000E+00 4.66624E-21 3.06027E-21 5.22029E-21 8.84865E-22 4.86725E-22 8.39956E-22 9.23676E-23 1.27387E-22 1.53785E-22 7.31018E-23 1.25143E-22
 1.25000E+04 1.10961E-20 0.00000E+00 3.54455E-21 2.07258E-21 3.50091E-21 6.66430E-22 3.36436E-22 5.74950E-22 5.58108E-23 7.66159E-23 1.15702E-22 5.06678E-23 8.59087E-23
 1.40000E+04 8.11684E-21 0.00000E+00 2.76284E-21 1.46078E-21 2.44563E-21 5.16289E-22 2.41182E-22 4.08550E-22 3.55404E-23 4.85682E-23 8.95645E-23 3.64078E-23 6.11919E-23
 1.50000E+04 6.70456E-21 0.00000E+00 2.36822E-21 1.17829E-21 1.96188E-21 4.41173E-22 1.96472E-22 3.30990E-22 2.69417E-23 3.67163E-23 7.65021E-23 2.96987E-23 4.96453E-23
 1.75000E+04 4.36483E-21 0.00000E+00 1.66732E-21 7.25294E-22 1.19267E-21 3.08921E-22 1.23473E-22 2.05415E-22 1.44299E-23 1.95339E-23 5.35321E-23 1.87197E-23 3.09044E-23
 2.00000E+04 3.00300E-21 0.00000E+00 1.22170E-21 4.73880E-22 7.70542E-22 2.25600E-22 8.20111E-23 1.34905E-22 8.35122E-24 1.12360E-23 3.90781E-23 1.24644E-23 2.03477E-23
 2.20000E+04 2.29681E-21 0.00000E+00 9.74736E-22 3.48746E-22 5.62404E-22 1.79681E-22 6.10137E-23 9.95382E-23 5.63462E-24 7.54641E-24 3.11185E-23 9.28900E-24 1.50391E-23
 2.50000E+04 1.60075E-21 0.00000E+00 7.16467E-22 2.30346E-22 3.67262E-22 1.31855E-22 4.08507E-23 6.58814E-23 3.31254E-24 4.40671E-24 2.28329E-23 6.23267E-24 9.97575E-24
 2.55200E+04 1.50942E-21 0.00000E+00 6.81124E-22 2.15309E-22 3.42633E-22 1.25331E-22 3.82593E-23 6.15828E-23 3.03885E-24 4.03802E-24 2.17024E-23 5.83912E-24 9.32774E-24
 2.55200E+04 1.01463E-20 8.63692E-21 6.81124E-22 2.15309E-22 3.42633E-22 1.25331E-22 3.82593E-23 6.15828E-23 3.03885E-24 4.03801E-24 2.17024E-23 5.83912E-24 9.32774E-24
 2.55361E+04 9.76005E-21 8.25335E-21 6.80066E-22 2.14863E-22 3.41904E-22 1.25135E-22 3.81825E-23 6.14554E-23 3.03082E-24 4.02720E-24 2.16686E-23 5.82744E-24 9.30854E-24
 2.55523E+04 9.51216E-21 8.00817E-21 6.79010E-22 2.14419E-22 3.41176E-22 1.24941E-22 3.81057E-23 6.13282E-23 3.02280E-24 4.01642E-24 2.16348E-23 5.81579E-24 9.28937E-24
 2.55684E+04 9.51639E-21 8.01511E-21 6.77955E-22 2.13975E-22 3.40450E-22 1.24746E-22 3.80291E-23 6.12014E-23 3.01482E-24 4.00566E-24 2.16011E-23 5.80416E-24 9.27024E-24
 2.55846E+04 9.58972E-21 8.09114E-21 6.76902E-22 2.13532E-22 3.39725E-22 1.24552E-22 3.79527E-23 6.10747E-23 3.00685E-24 3.99494E-24 2.15675E-23 5.79255E-24 9.25116E-24
 2.56169E+04 9.64167E-21 8.14848E-21 6.74801E-22 2.12649E-22 3.38281E-22 1.24164E-22 3.78003E-23 6.08223E-23 2.99097E-24 3.97357E-24 2.15004E-23 5.76941E-24 9.21310E-24
 2.56493E+04 9.59779E-21 8.10998E-21 6.72707E-22 2.11770E-22 3.36842E-22 1.23778E-22 3.76486E-23 6.05708E-23 2.97518E-24 3.95232E-24 2.14335E-23 5.74636E-24 9.17520E-24
 2.57142E+04 9.56824E-21 8.09112E-21 6.68538E-22 2.10022E-22 3.33984E-22 1.23009E-22 3.73468E-23 6.00711E-23 2.94386E-24 3.91015E-24 2.13003E-23 5.70053E-24 9.09986E-24
 2.57793E+04 9.51277E-21 8.04625E-21 6.64394E-22 2.08289E-22 3.31150E-22 1.22244E-22 3.70475E-23 5.95755E-23 2.91286E-24 3.86844E-24 2.11679E-23 5.65507E-24 9.02514E-24
 2.60412E+04 9.28464E-21 7.85977E-21 6.48075E-22 2.01497E-22 3.20051E-22 1.19234E-22 3.58741E-23 5.76336E-23 2.79209E-24 3.70598E-24 2.06467E-23 5.47682E-24 8.73236E-24
 2.65730E+04 8.80675E-21 7.46158E-21 6.16631E-22 1.88572E-22 2.98958E-22 1.13433E-22 3.36375E-23 5.39376E-23 2.56537E-24 3.40124E-24 1.96423E-23 5.13701E-24 8.17498E-24
 2.76695E+04 7.92146E-21 6.72230E-21 5.58244E-22 1.65155E-22 2.60850E-22 1.02665E-22 2.95739E-23 4.72414E-23 2.16566E-24 2.86489E-24 1.77778E-23 4.51932E-24 7.16469E-24
 3.00000E+04 6.41130E-21 5.45744E-21 4.57533E-22 1.26684E-22 1.98587E-22 8.40981E-23 2.28602E-23 3.62399E-23 1.54337E-24 2.03257E-24 1.45630E-23 3.49783E-24 5.50323E-24
 3.50000E+04 4.25628E-21 3.64202E-21 3.10572E-22 7.60296E-23 1.17383E-22 5.70690E-23 1.38976E-23 2.16971E-23 8.05776E-25 1.05148E-24 9.88359E-24 2.13114E-24 3.30203E-24
 4.00000E+04 2.96859E-21 2.54977E-21 2.20736E-22 4.86888E-23 7.41476E-23 4.05688E-23 8.99055E-24 1.38425E-23 4.57921E-25 5.92543E-25 7.02717E-24 1.38105E-24 2.11030E-24
 4.50000E+04 2.15184E-21 1.85346E-21 1.62632E-22 3.27896E-23 4.93101E-23 2.99029E-23 6.10451E-24 9.27957E-24 2.77867E-25 3.56814E-25 5.18066E-24 9.39042E-25 1.41666E-24
 5.00000E+04 1.60886E-21 1.38876E-21 1.23342E-22 2.29894E-23 3.41676E-23 2.26916E-23 4.30877E-24 6.47260E-24 1.77652E-25 2.26543E-25 3.93206E-24 6.63589E-25 9.89293E-25
 5.50000E+04 1.23395E-21 1.06694E-21 9.58005E-23 1.66564E-23 2.44852E-23 1.76357E-23 3.13945E-24 4.66422E-24 1.18551E-25 1.50155E-25 3.05655E-24 4.84000E-25 7.13603E-25
 6.00000E+04 9.66838E-22 8.37114E-22 7.59104E-23 1.24027E-23 1.80458E-23 1.39833E-23 2.34917E-24 3.45391E-24 8.19549E-26 1.03150E-25 2.42397E-24 3.62458E-25 5.28877E-25
 7.00000E+04 6.25277E-22 5.42471E-22 5.00396E-23 7.34769E-24 1.04902E-23 9.22965E-24 1.40276E-24 2.02337E-24 4.26559E-26 5.30851E-26 1.60049E-24 2.16740E-25 3.10255E-25
 8.00000E+04 4.27231E-22 3.71172E-22 3.47293E-23 4.66657E-24 6.54899E-24 6.41349E-24 8.96340E-25 1.27077E-24 2.42694E-26 2.99063E-26 1.11249E-24 1.38647E-25 1.95065E-25
 9.00000E+04 3.04658E-22 2.64951E-22 2.50907E-23 3.12690E-24 4.32056E-24 4.63867E-24 6.03583E-25 8.42381E-25 1.47877E-26 1.80628E-26 8.04846E-25 9.34475E-26 1.29421E-25
 1.00000E+05 2.24817E-22 1.95665E-22 1.87209E-23 2.18681E-24 2.97858E-24 3.46454E-24 4.23823E-25 5.83032E-25 9.51273E-27 1.15305E-26 6.01270E-25 6.56642E-26 8.96398E-26
 1.10000E+05 1.70621E-22 1.48582E-22 1.43433E-23 1.58368E-24 2.12869E-24 2.65680E-24 3.07956E-25 4.18045E-25 6.39471E-27 7.70102E-27 4.61185E-25 4.77403E-26 6.43106E-26
 1.25000E+05 1.17739E-22 1.02597E-22 1.00167E-23 1.02884E-24 1.35839E-24 1.85760E-24 2.00898E-25 2.67830E-25 3.76934E-27 4.49948E-27 3.22545E-25 3.11670E-26 4.12321E-26
 1.40000E+05 8.46967E-23 7.38378E-23 7.27679E-24 7.03386E-25 9.13880E-25 1.35088E-24 1.37799E-25 1.80768E-25 2.36888E-27 2.80807E-27 2.34616E-25 2.13910E-26 2.78450E-26
 1.50000E+05 6.93043E-23 6.04330E-23 5.98807E-24 5.58715E-25 7.18823E-25 1.11231E-24 1.09652E-25 1.42435E-25 1.78962E-27 2.11362E-27 1.93209E-25 1.70275E-26 2.19485E-26
 1.75000E+05 4.42982E-23 3.86442E-23 3.87249E-24 3.35278E-25 4.22183E-25 7.20261E-25 6.60488E-26 8.39552E-26 9.62635E-28 1.12869E-27 1.25147E-25 1.02640E-26 1.29454E-26
 2.00000E+05 3.01076E-23 2.62721E-23 2.65604E-24 2.16573E-25 2.67810E-25 4.94522E-25 4.27857E-26 5.34047E-26 5.67746E-28 6.62594E-28 8.59444E-26 6.65233E-27 8.23887E-27
 2.20000E+05 2.28882E-23 1.99756E-23 2.03116E-24 1.59115E-25 1.94345E-25 3.78438E-25 3.14910E-26 3.88198E-26 3.91415E-28 4.56361E-28 6.57800E-26 4.89769E-27 5.99077E-27
 2.50000E+05 1.58898E-23 1.38702E-23 1.42030E-24 1.05772E-25 1.27224E-25 2.64849E-25 2.09823E-26 2.54654E-26 2.39731E-28 2.79500E-28 4.60449E-26 3.26452E-27 3.93144E-27
 3.00000E+05 9.51320E-24 8.30586E-24 8.57863E-25 5.98220E-26 7.05870E-26 1.60139E-25 1.18971E-26 1.41643E-26 1.21168E-28 1.42240E-28 2.78473E-26 1.85203E-27 2.18768E-27
 3.50000E+05 6.22216E-24 5.43342E-24 5.64552E-25 3.74195E-26 4.36035E-26 1.05464E-25 7.45701E-27 8.76500E-27 6.92226E-29 8.21396E-29 1.83428E-26 1.16125E-27 1.35417E-27
 4.00000E+05 4.34447E-24 3.79435E-24 3.95915E-25 2.51971E-26 2.91307E-26 7.40002E-26 5.02799E-27 5.86303E-27 4.32541E-29 5.20447E-29 1.28720E-26 7.83194E-28 9.06024E-28
 4.50000E+05 3.18928E-24 2.78587E-24 2.91565E-25 1.79387E-26 2.06538E-26 5.45166E-26 3.58327E-27 4.16032E-27 2.88880E-29 3.53501E-29 9.48381E-27 5.58289E-28 6.43034E-28
 5.00000E+05 2.43555E-24 2.12782E-24 2.23174E-25 1.33373E-26 1.53347E-26 4.17403E-26 2.66696E-27 3.09107E-27 2.03212E-29 2.53425E-29 7.26169E-27 4.15562E-28 4.77845E-28
 5.50000E+05 1.92004E-24 1.67771E-24 1.76234E-25 1.02699E-26 1.18137E-26 3.29676E-26 2.05488E-27 2.38267E-27 1.49219E-29 1.89666E-29 5.73572E-27 3.20222E-28 3.68364E-28
 6.00000E+05 1.55359E-24 1.35772E-24 1.42775E-25 8.13702E-27 9.37858E-27 2.67118E-26 1.62867E-27 1.89217E-27 1.13417E-29 1.46681E-29 4.64752E-27 2.53845E-28 2.92546E-28
 7.00000E+05 1.08163E-24 9.45571E-25 9.95556E-26 5.46031E-27 6.33725E-27 1.86285E-26 1.09394E-27 1.27933E-27 7.08279E-30 9.51826E-30 3.24126E-27 1.70534E-28 1.97813E-28
 8.00000E+05 8.01520E-25 7.00904E-25 7.38283E-26 3.92265E-27 4.59312E-27 1.38153E-26 7.86425E-28 9.27572E-28 4.79832E-30 6.68190E-30 2.40382E-27 1.22592E-28 1.43441E-28
 9.00000E+05 6.22012E-25 5.44081E-25 5.73106E-26 2.96496E-27 3.50487E-27 1.07243E-26 5.94558E-28 7.07872E-28 3.44927E-30 4.96586E-30 1.86600E-27 9.26897E-29 1.09473E-28
 1.00000E+06 5.00004E-25 4.37471E-25 4.60710E-26 2.32923E-27 2.77997E-27 8.62061E-27 4.67174E-28 5.61589E-28 2.59368E-30 3.85944E-30 1.49997E-27 7.28483E-29 8.68466E-29
 1.10000E+06 4.13145E-25 3.61558E-25 3.80632E-26 1.88623E-27 2.27222E-27 7.12186E-27 3.78528E-28 4.59065E-28 2.03210E-30 3.10458E-30 1.23917E-27 5.90146E-29 7.09974E-29
 1.25000E+06 3.22932E-25 2.82696E-25 2.97420E-26 1.43740E-27 1.75365E-27 5.56439E-27 2.88499E-28 3.54360E-28 1.47841E-30 2.34385E-30 9.68178E-28 4.49892E-29 5.48025E-29
 1.40000E+06 2.61839E-25 2.29273E-25 2.41056E-26 1.14165E-27 1.40832E-27 4.50949E-27 2.29171E-28 2.84558E-28 1.12811E-30 1.85234E-30 7.84610E-28 3.57337E-29 4.40095E-29
 1.50000E+06 2.31326E-25 2.02585E-25 2.12907E-26 9.96825E-28 1.23775E-27 3.98261E-27 2.00069E-28 2.50101E-28 9.65538E-31 1.61210E-30 6.92937E-28 3.12002E-29 3.86783E-29
 1.75000E+06 1.77081E-25 1.55128E-25 1.62873E-26 7.44933E-28 9.37971E-28 3.04622E-27 1.49577E-28 1.89532E-28 6.88076E-31 1.19944E-30 5.29996E-28 2.33222E-29 2.93126E-29
 2.00000E+06 1.41886E-25 1.24326E-25 1.30423E-26 5.86220E-28 7.46236E-28 2.43898E-27 1.17723E-28 1.50803E-28 5.24369E-31 9.43057E-31 4.24341E-28 1.83610E-29 2.33231E-29
 2.20000E+06 1.21764E-25 1.06702E-25 1.11878E-26 5.02847E-28 6.40090E-28 2.09132E-27 1.00941E-28 1.29305E-28 4.49605E-31 8.08596E-31 3.63825E-28 1.57425E-29 1.99969E-29
 2.50000E+06 9.97946E-26 8.74570E-26 9.16490E-27 4.11910E-28 5.24319E-28 1.71233E-27 8.26465E-29 1.05870E-28 3.68106E-31 6.62023E-31 2.97862E-28 1.28882E-29 1.63712E-29
 3.00000E+06 7.59742E-26 6.65881E-26 6.97324E-27 3.13391E-28 3.98899E-28 1.30201E-27 6.28410E-29 8.04983E-29 2.79880E-31 5.03352E-31 2.26458E-28 9.79859E-30 1.24466E-29
 3.50000E+06 6.10251E-26 5.35087E-26 5.58472E-27 2.50978E-28 3.19448E-28 1.04226E-27 5.03034E-29 6.44375E-29 2.24033E-31 4.02913E-31 1.81263E-28 7.84300E-30 9.96253E-30
 4.00000E+06 5.07600E-26 4.45225E-26 4.63485E-27 2.08285E-28 2.65102E-28 8.64672E-28 4.17319E-29 5.34574E-29 1.85854E-31 3.34249E-31 1.50368E-28 6.50617E-30 8.26443E-30
 4.50000E+06 4.33179E-26 3.80047E-26 3.94826E-27 1.77426E-28 2.25821E-28 7.36371E-28 3.55393E-29 4.55247E-29 1.58272E-31 2.84644E-31 1.28049E-28 5.54045E-30 7.03772E-30
 5.00000E+06 3.76976E-26 3.30806E-26 3.43101E-27 1.54179E-28 1.96231E-28 6.39752E-28 3.08760E-29 3.95510E-29 1.37502E-31 2.47290E-31 1.11242E-28 4.81326E-30 6.11400E-30
 5.50000E+06 3.33159E-26 2.92406E-26 3.02858E-27 1.36093E-28 1.73210E-28 5.64605E-28 2.72490E-29 3.49050E-29 1.21348E-31 2.18238E-31 9.81718E-29 4.24771E-30 5.39562E-30
 6.00000E+06 2.98118E-26 2.61689E-26 2.70731E-27 1.21654E-28 1.54832E-28 5.04629E-28 2.43543E-29 3.11969E-29 1.08456E-31 1.95052E-31 8.77406E-29 3.79636E-30 4.82230E-30
 7.00000E+06 2.45734E-26 2.15756E-26 2.22802E-27 1.00115E-28 1.27417E-28 4.15184E-28 2.00373E-29 2.56670E-29 8.92295E-32 1.60475E-31 7.21850E-29 3.12329E-30 3.96733E-30
 8.00000E+06 2.08580E-26 1.83167E-26 1.88885E-27 8.48734E-29 1.08017E-28 3.51912E-28 1.69837E-29 2.17553E-29 7.56299E-32 1.36016E-31 6.11821E-29 2.64721E-30 3.36260E-30
 9.00000E+06 1.80943E-26 1.58919E-26 1.63701E-27 7.35561E-29 9.36130E-29 3.04944E-28 1.47168E-29 1.88516E-29 6.55348E-32 1.17861E-31 5.30147E-29 2.29382E-30 2.91371E-30
 1.00000E+07 1.59625E-26 1.40211E-26 1.44303E-27 6.48395E-29 8.25190E-29 2.68776E-28 1.29713E-29 1.66156E-29 5.77614E-32 1.03881E-31 4.67258E-29 2.02172E-30 2.56807E-30
 1.10000E+07 1.42708E-26 1.25363E-26 1.28928E-27 5.79305E-29 7.37257E-29 2.40114E-28 1.15880E-29 1.48437E-29 5.16012E-32 9.28019E-32 4.17421E-29 1.80608E-30 2.29416E-30
 1.25000E+07 1.23032E-26 1.08090E-26 1.11066E-27 4.99043E-29 6.35107E-29 2.06823E-28 9.98133E-30 1.27856E-29 4.44463E-32 7.99342E-32 3.59539E-29 1.55564E-30 1.97603E-30
 1.40000E+07 1.08051E-26 9.49372E-27 9.74835E-28 4.38009E-29 5.57428E-29 1.81512E-28 8.75976E-30 1.12208E-29 3.90065E-32 7.01509E-32 3.15532E-29 1.36523E-30 1.73416E-30
 1.50000E+07 9.99117E-27 8.77896E-27 9.01093E-28 4.04873E-29 5.15257E-29 1.67772E-28 8.09667E-30 1.03714E-29 3.60536E-32 6.48404E-32 2.91644E-29 1.26187E-30 1.60288E-30
 1.75000E+07 8.40258E-27 7.38383E-27 7.57303E-28 3.40263E-29 4.33030E-29 1.40984E-28 6.80388E-30 8.71540E-30 3.02967E-32 5.44870E-32 2.45073E-29 1.06037E-30 1.34692E-30
 2.00000E+07 7.24575E-27 6.36772E-27 6.52705E-28 2.93264E-29 3.73216E-29 1.21502E-28 5.86363E-30 7.51098E-30 2.61098E-32 4.69569E-32 2.11203E-29 9.13819E-31 1.16077E-30
 2.20000E+07 6.52513E-27 5.73469E-27 5.87597E-28 2.64010E-29 3.35984E-29 1.09376E-28 5.27844E-30 6.76138E-30 2.35039E-32 4.22704E-32 1.90123E-29 8.22612E-31 1.04491E-30
 2.50000E+07 5.67642E-27 4.98908E-27 5.10967E-28 2.29579E-29 2.92165E-29 9.51058E-29 4.58976E-30 5.87922E-30 2.04373E-32 3.67552E-32 1.65316E-29 7.15278E-31 9.08573E-31
 3.00000E+07 4.66304E-27 4.09868E-27 4.19541E-28 1.88500E-29 2.39886E-29 7.80827E-29 3.76822E-30 4.82687E-30 1.67790E-32 3.01761E-32 1.35724E-29 5.87240E-31 7.45934E-31
 3.50000E+07 3.95541E-27 3.47687E-27 3.55750E-28 1.59838E-29 2.03410E-29 6.62065E-29 3.19508E-30 4.09270E-30 1.42269E-32 2.55862E-32 1.15079E-29 4.97916E-31 6.32472E-31
 4.00000E+07 3.43362E-27 3.01832E-27 3.08739E-28 1.38715E-29 1.76529E-29 5.74551E-29 2.77274E-30 3.55171E-30 1.23463E-32 2.22041E-32 9.98667E-30 4.32096E-31 5.48865E-31
 4.50000E+07 3.03311E-27 2.66634E-27 2.72671E-28 1.22509E-29 1.55905E-29 5.07412E-29 2.44873E-30 3.13667E-30 1.09035E-32 1.96094E-32 8.81963E-30 3.81601E-31 4.84724E-31
 5.00000E+07 2.71608E-27 2.38769E-27 2.44130E-28 1.09686E-29 1.39586E-29 4.54288E-29 2.19235E-30 2.80827E-30 9.76194E-33 1.75563E-32 7.89620E-30 3.41647E-31 4.33973E-31
 5.50000E+07 2.45892E-27 2.16167E-27 2.20986E-28 9.92873E-30 1.26353E-29 4.11212E-29 1.98447E-30 2.54199E-30 8.83628E-33 1.58915E-32 7.14745E-30 3.09250E-31 3.92821E-31
 6.00000E+07 2.24617E-27 1.97467E-27 2.01843E-28 9.06864E-30 1.15407E-29 3.75584E-29 1.81253E-30 2.32174E-30 8.07067E-33 1.45146E-32 6.52816E-30 2.82455E-31 3.58785E-31
 7.00000E+07 1.91470E-27 1.68330E-27 1.72026E-28 7.72895E-30 9.83581E-30 3.20091E-29 1.54473E-30 1.97870E-30 6.87822E-33 1.23701E-32 5.56359E-30 2.40721E-31 3.05773E-31
 8.00000E+07 1.66838E-27 1.46679E-27 1.49876E-28 6.73376E-30 8.56933E-30 2.78870E-29 1.34580E-30 1.72389E-30 5.99243E-33 1.07770E-32 4.84710E-30 2.09720E-31 2.66395E-31
 9.00000E+07 1.47817E-27 1.29958E-27 1.32775E-28 5.96542E-30 7.59153E-30 2.47047E-29 1.19222E-30 1.52716E-30 5.30858E-33 9.54718E-33 4.29395E-30 1.85787E-31 2.35994E-31
 1.00000E+08 1.32686E-27 1.16656E-27 1.19174E-28 5.35434E-30 6.81387E-30 2.21737E-29 1.07008E-30 1.37070E-30 4.76472E-33 8.56908E-33 3.85403E-30 1.66753E-31 2.11816E-31
 1.10000E+08 1.20364E-27 1.05824E-27 1.08099E-28 4.85675E-30 6.18064E-30 2.01128E-29 9.70624E-31 1.24331E-30 4.32188E-33 7.77264E-33 3.49582E-30 1.51254E-31 1.92129E-31
 1.25000E+08 1.05645E-27 9.28840E-28 9.48719E-29 4.26248E-30 5.42437E-30 1.76516E-29 8.51848E-31 1.09116E-30 3.79300E-33 6.82149E-33 3.06803E-30 1.32745E-31 1.68618E-31
 1.40000E+08 9.41324E-28 8.27628E-28 8.45278E-29 3.79773E-30 4.83294E-30 1.57269E-29 7.58962E-31 9.72182E-31 3.37941E-33 6.07767E-33 2.73348E-30 1.18270E-31 1.50231E-31
 1.50000E+08 8.77565E-28 7.71573E-28 7.87996E-29 3.54037E-30 4.50542E-30 1.46610E-29 7.07525E-31 9.06294E-31 3.15037E-33 5.66576E-33 2.54823E-30 1.10255E-31 1.40049E-31
 1.75000E+08 7.50474E-28 6.59839E-28 6.73828E-29 3.02742E-30 3.85265E-30 1.25367E-29 6.05008E-31 7.74978E-31 2.69390E-33 4.84482E-33 2.17900E-30 9.42791E-32 1.19757E-31
 2.00000E+08 6.55531E-28 5.76367E-28 5.88550E-29 2.64427E-30 3.36506E-30 1.09500E-29 5.28435E-31 6.76892E-31 2.35294E-33 4.23163E-33 1.90321E-30 8.23465E-32 1.04600E-31
 2.20000E+08 5.95280E-28 5.23395E-28 5.34437E-29 2.40115E-30 3.05567E-30 9.94320E-30 4.79847E-31 6.14653E-31 2.13660E-33 3.84254E-33 1.72821E-30 7.47748E-32 9.49818E-32
 2.50000E+08 5.23152E-28 4.59979E-28 4.69662E-29 2.11013E-30 2.68531E-30 8.73799E-30 4.21685E-31 5.40152E-31 1.87762E-33 3.37679E-33 1.51874E-30 6.57114E-32 8.34691E-32
 3.00000E+08 4.35252E-28 3.82696E-28 3.90729E-29 1.75549E-30 2.23401E-30 7.26940E-30 3.50812E-31 4.49369E-31 1.56205E-33 2.80925E-33 1.26348E-30 5.46672E-32 6.94403E-32
 3.50000E+08 3.72639E-28 3.27645E-28 3.34509E-29 1.50290E-30 1.91256E-30 6.22340E-30 3.00334E-31 3.84708E-31 1.33728E-33 2.40502E-33 1.08168E-30 4.68010E-32 5.94484E-32
 4.00000E+08 3.25773E-28 2.86440E-28 2.92431E-29 1.31385E-30 1.67198E-30 5.44054E-30 2.62554E-31 3.36315E-31 1.16906E-33 2.10249E-33 9.45608E-31 4.09137E-32 5.19702E-32
 4.50000E+08 2.89379E-28 2.54440E-28 2.59756E-29 1.16705E-30 1.48516E-30 4.83262E-30 2.33216E-31 2.98735E-31 1.03843E-33 1.86756E-33 8.39946E-31 3.63421E-32 4.61631E-32
 5.00000E+08 2.60299E-28 2.28872E-28 2.33649E-29 1.04975E-30 1.33589E-30 4.34690E-30 2.09776E-31 2.68709E-31 9.34059E-34 1.67985E-33 7.55523E-31 3.26893E-32 4.15232E-32
 5.50000E+08 2.36529E-28 2.07972E-28 2.12310E-29 9.53877E-31 1.21389E-30 3.94989E-30 1.90617E-31 2.44168E-31 8.48751E-34 1.52643E-33 6.86521E-31 2.97038E-32 3.77309E-32
 6.00000E+08 2.16738E-28 1.90571E-28 1.94543E-29 8.74051E-31 1.11230E-30 3.61934E-30 1.74665E-31 2.23734E-31 7.77721E-34 1.39868E-33 6.29067E-31 2.72179E-32 3.45732E-32
 7.00000E+08 1.85666E-28 1.63251E-28 1.66650E-29 7.48733E-31 9.52824E-31 3.10040E-30 1.49621E-31 1.91656E-31 6.66212E-34 1.19814E-33 5.38872E-31 2.33155E-32 2.96162E-32
 8.00000E+08 1.62386E-28 1.42782E-28 1.45753E-29 6.54844E-31 8.33342E-31 2.71161E-30 1.30859E-31 1.67622E-31 5.82669E-34 1.04790E-33 4.71298E-31 2.03917E-32 2.59023E-32
 9.00000E+08 1.44294E-28 1.26874E-28 1.29512E-29 5.81877E-31 7.40486E-31 2.40947E-30 1.16278E-31 1.48944E-31 5.17744E-34 9.31132E-34 4.18782E-31 1.81195E-32 2.30161E-32
 1.00000E+09 1.29829E-28 1.14155E-28 1.16528E-29 5.23541E-31 6.66249E-31 2.16790E-30 1.04620E-31 1.34012E-31 4.65837E-34 8.37781E-34 3.76797E-31 1.63029E-32 2.07086E-32
