 ***  Photoelectric cross sections,  IZ = 32,  NSHELL =  7,  NDATA = 235
              0           1           2           3           4           5           6           7
 5.00000E+01 3.31428E-18 0.00000E+00 0.00000E+00 0.00000E+00 0.00000E+00 0.00000E+00 0.00000E+00 0.00000E+00
 5.12057E+01 3.53793E-18 0.00000E+00 0.00000E+00 0.00000E+00 0.00000E+00 0.00000E+00 0.00000E+00 0.00000E+00
 5.24404E+01 3.76540E-18 0.00000E+00 0.00000E+00 0.00000E+00 0.00000E+00 0.00000E+00 0.00000E+00 0.00000E+00
 5.37050E+01 3.99390E-18 0.00000E+00 0.00000E+00 0.00000E+00 0.00000E+00 0.00000E+00 0.00000E+00 0.00000E+00
 5.50000E+01 4.22074E-18 0.00000E+00 0.00000E+00 0.00000E+00 0.00000E+00 0.00000E+00 0.00000E+00 0.00000E+00
 5.62095E+01 4.42277E-18 0.00000E+00 0.00000E+00 0.00000E+00 0.00000E+00 0.00000E+00 0.00000E+00 0.00000E+00
 5.74456E+01 4.62081E-18 0.00000E+00 0.00000E+00 0.00000E+00 0.00000E+00 0.00000E+00 0.00000E+00 0.00000E+00
 5.87089E+01 4.81002E-18 0.00000E+00 0.00000E+00 0.00000E+00 0.00000E+00 0.00000E+00 0.00000E+00 0.00000E+00
 6.00000E+01 4.99017E-18 0.00000E+00 0.00000E+00 0.00000E+00 0.00000E+00 0.00000E+00 0.00000E+00 0.00000E+00
 6.11673E+01 5.14209E-18 0.00000E+00 0.00000E+00 0.00000E+00 0.00000E+00 0.00000E+00 0.00000E+00 0.00000E+00
 6.23574E+01 5.28408E-18 0.00000E+00 0.00000E+00 0.00000E+00 0.00000E+00 0.00000E+00 0.00000E+00 0.00000E+00
 6.35706E+01 5.41995E-18 0.00000E+00 0.00000E+00 0.00000E+00 0.00000E+00 0.00000E+00 0.00000E+00 0.00000E+00
 6.48074E+01 5.54516E-18 0.00000E+00 0.00000E+00 0.00000E+00 0.00000E+00 0.00000E+00 0.00000E+00 0.00000E+00
 6.73537E+01 5.77173E-18 0.00000E+00 0.00000E+00 0.00000E+00 0.00000E+00 0.00000E+00 0.00000E+00 0.00000E+00
 7.00000E+01 5.96632E-18 0.00000E+00 0.00000E+00 0.00000E+00 0.00000E+00 0.00000E+00 0.00000E+00 0.00000E+00
 7.23762E+01 6.11103E-18 0.00000E+00 0.00000E+00 0.00000E+00 0.00000E+00 0.00000E+00 0.00000E+00 0.00000E+00
 7.48331E+01 6.23580E-18 0.00000E+00 0.00000E+00 0.00000E+00 0.00000E+00 0.00000E+00 0.00000E+00 0.00000E+00
 7.73735E+01 6.34586E-18 0.00000E+00 0.00000E+00 0.00000E+00 0.00000E+00 0.00000E+00 0.00000E+00 0.00000E+00
 8.00000E+01 6.43822E-18 0.00000E+00 0.00000E+00 0.00000E+00 0.00000E+00 0.00000E+00 0.00000E+00 0.00000E+00
 8.48528E+01 6.56975E-18 0.00000E+00 0.00000E+00 0.00000E+00 0.00000E+00 0.00000E+00 0.00000E+00 0.00000E+00
 9.00000E+01 6.65702E-18 0.00000E+00 0.00000E+00 0.00000E+00 0.00000E+00 0.00000E+00 0.00000E+00 0.00000E+00
 9.48683E+01 6.69497E-18 0.00000E+00 0.00000E+00 0.00000E+00 0.00000E+00 0.00000E+00 0.00000E+00 0.00000E+00
 1.00000E+02 6.68859E-18 0.00000E+00 0.00000E+00 0.00000E+00 0.00000E+00 0.00000E+00 0.00000E+00 0.00000E+00
 1.04881E+02 6.64148E-18 0.00000E+00 0.00000E+00 0.00000E+00 0.00000E+00 0.00000E+00 0.00000E+00 0.00000E+00
 1.10000E+02 6.55167E-18 0.00000E+00 0.00000E+00 0.00000E+00 0.00000E+00 0.00000E+00 0.00000E+00 0.00000E+00
 1.13572E+02 6.46799E-18 0.00000E+00 0.00000E+00 0.00000E+00 0.00000E+00 0.00000E+00 0.00000E+00 0.00000E+00
 1.17260E+02 6.36644E-18 0.00000E+00 0.00000E+00 0.00000E+00 0.00000E+00 0.00000E+00 0.00000E+00 0.00000E+00
 1.21068E+02 6.24694E-18 0.00000E+00 0.00000E+00 0.00000E+00 0.00000E+00 0.00000E+00 0.00000E+00 0.00000E+00
 1.25000E+02 6.11488E-18 0.00000E+00 0.00000E+00 0.00000E+00 0.00000E+00 0.00000E+00 0.00000E+00 0.00000E+00
 1.25000E+02 6.11488E-18 0.00000E+00 0.00000E+00 0.00000E+00 0.00000E+00 0.00000E+00 0.00000E+00 0.00000E+00
 1.25077E+02 6.37473E-18 0.00000E+00 0.00000E+00 0.00000E+00 0.00000E+00 0.00000E+00 0.00000E+00 2.62481E-19
 1.25153E+02 6.37216E-18 0.00000E+00 0.00000E+00 0.00000E+00 0.00000E+00 0.00000E+00 0.00000E+00 2.62538E-19
 1.25307E+02 6.36704E-18 0.00000E+00 0.00000E+00 0.00000E+00 0.00000E+00 0.00000E+00 0.00000E+00 2.62676E-19
 1.25614E+02 6.35685E-18 0.00000E+00 0.00000E+00 0.00000E+00 0.00000E+00 0.00000E+00 0.00000E+00 2.62971E-19
 1.26232E+02 6.33651E-18 0.00000E+00 0.00000E+00 0.00000E+00 0.00000E+00 0.00000E+00 0.00000E+00 2.63562E-19
 1.27475E+02 6.29279E-18 0.00000E+00 0.00000E+00 0.00000E+00 0.00000E+00 0.00000E+00 0.00000E+00 2.64999E-19
 1.30000E+02 6.20645E-18 0.00000E+00 0.00000E+00 0.00000E+00 0.00000E+00 0.00000E+00 0.00000E+00 2.69324E-19
 1.30000E+02 6.32358E-18 0.00000E+00 0.00000E+00 0.00000E+00 0.00000E+00 0.00000E+00 1.17129E-19 2.69324E-19
 1.40000E+02 5.97988E-18 0.00000E+00 0.00000E+00 0.00000E+00 0.00000E+00 0.00000E+00 1.22475E-19 2.95277E-19
 1.50000E+02 5.64362E-18 0.00000E+00 0.00000E+00 0.00000E+00 0.00000E+00 0.00000E+00 1.33075E-19 3.22280E-19
 1.62019E+02 5.25843E-18 0.00000E+00 0.00000E+00 0.00000E+00 0.00000E+00 0.00000E+00 1.47875E-19 3.56652E-19
 1.75000E+02 4.87016E-18 0.00000E+00 0.00000E+00 0.00000E+00 0.00000E+00 0.00000E+00 1.65625E-19 3.93500E-19
 1.84000E+02 4.61177E-18 0.00000E+00 0.00000E+00 0.00000E+00 0.00000E+00 0.00000E+00 1.77326E-19 4.15045E-19
 1.84000E+02 4.85003E-18 0.00000E+00 0.00000E+00 0.00000E+00 0.00000E+00 2.38260E-19 1.77326E-19 4.15045E-19
 2.00000E+02 4.39394E-18 0.00000E+00 0.00000E+00 0.00000E+00 0.00000E+00 2.18489E-19 1.93445E-19 4.41184E-19
 2.09762E+02 4.14339E-18 0.00000E+00 0.00000E+00 0.00000E+00 0.00000E+00 2.18968E-19 2.00003E-19 4.50272E-19
 2.20000E+02 3.89349E-18 0.00000E+00 0.00000E+00 0.00000E+00 0.00000E+00 2.16731E-19 2.04717E-19 4.55705E-19
 2.34521E+02 3.56450E-18 0.00000E+00 0.00000E+00 0.00000E+00 0.00000E+00 2.08853E-19 2.08501E-19 4.58062E-19
 2.50000E+02 3.24864E-18 0.00000E+00 0.00000E+00 0.00000E+00 0.00000E+00 1.98809E-19 2.09631E-19 4.55115E-19
 2.61659E+02 3.03351E-18 0.00000E+00 0.00000E+00 0.00000E+00 0.00000E+00 1.91723E-19 2.08781E-19 4.49736E-19
 2.73861E+02 2.82646E-18 0.00000E+00 0.00000E+00 0.00000E+00 0.00000E+00 1.84858E-19 2.06588E-19 4.41701E-19
 2.86633E+02 2.62723E-18 0.00000E+00 0.00000E+00 0.00000E+00 0.00000E+00 1.78020E-19 2.03074E-19 4.31312E-19
 3.00000E+02 2.43637E-18 0.00000E+00 0.00000E+00 0.00000E+00 0.00000E+00 1.70954E-19 1.98516E-19 4.19084E-19
 3.24037E+02 2.13377E-18 0.00000E+00 0.00000E+00 0.00000E+00 0.00000E+00 1.58364E-19 1.89026E-19 3.95583E-19
 3.50000E+02 1.85956E-18 0.00000E+00 0.00000E+00 0.00000E+00 0.00000E+00 1.45537E-19 1.78121E-19 3.69911E-19
 3.74166E+02 1.64555E-18 0.00000E+00 0.00000E+00 0.00000E+00 0.00000E+00 1.34849E-19 1.67802E-19 3.46347E-19
 4.00000E+02 1.45161E-18 0.00000E+00 0.00000E+00 0.00000E+00 0.00000E+00 1.24668E-19 1.56837E-19 3.21864E-19
 4.24264E+02 1.29582E-18 0.00000E+00 0.00000E+00 0.00000E+00 0.00000E+00 1.15991E-19 1.46839E-19 3.00003E-19
 4.50000E+02 1.15400E-18 0.00000E+00 0.00000E+00 0.00000E+00 0.00000E+00 1.07566E-19 1.36840E-19 2.78442E-19
 5.00000E+02 9.33529E-19 0.00000E+00 0.00000E+00 0.00000E+00 0.00000E+00 9.34245E-20 1.19452E-19 2.41445E-19
 5.50000E+02 7.66972E-19 0.00000E+00 0.00000E+00 0.00000E+00 0.00000E+00 8.18900E-20 1.04427E-19 2.09889E-19
 6.00000E+02 6.38384E-19 0.00000E+00 0.00000E+00 0.00000E+00 0.00000E+00 7.22576E-20 9.15112E-20 1.83089E-19
 6.48074E+02 5.41108E-19 0.00000E+00 0.00000E+00 0.00000E+00 0.00000E+00 6.44457E-20 8.09298E-20 1.61319E-19
 7.00000E+02 4.57689E-19 0.00000E+00 0.00000E+00 0.00000E+00 0.00000E+00 5.73498E-20 7.11733E-20 1.41363E-19
 8.00000E+02 3.40497E-19 0.00000E+00 0.00000E+00 0.00000E+00 0.00000E+00 4.65522E-20 5.62102E-20 1.11001E-19
 9.00000E+02 2.60982E-19 0.00000E+00 0.00000E+00 0.00000E+00 0.00000E+00 3.84809E-20 4.50984E-20 8.86377E-20
 1.00000E+03 2.04897E-19 0.00000E+00 0.00000E+00 0.00000E+00 0.00000E+00 3.23098E-20 3.66631E-20 7.17744E-20
 1.10000E+03 1.64152E-19 0.00000E+00 0.00000E+00 0.00000E+00 0.00000E+00 2.74844E-20 3.01923E-20 5.89036E-20
 1.22000E+03 1.28552E-19 0.00000E+00 0.00000E+00 0.00000E+00 0.00000E+00 2.29609E-20 2.42508E-20 4.71392E-20
 1.22000E+03 2.75637E-19 0.00000E+00 0.00000E+00 0.00000E+00 1.47085E-19 2.29609E-20 2.42508E-20 4.71392E-20
 1.22093E+03 3.16765E-19 0.00000E+00 0.00000E+00 0.00000E+00 1.88443E-19 2.29306E-20 2.42113E-20 4.70612E-20
 1.22185E+03 3.56619E-19 0.00000E+00 0.00000E+00 0.00000E+00 2.28527E-19 2.29003E-20 2.41719E-20 4.69834E-20
 1.22278E+03 3.93983E-19 0.00000E+00 0.00000E+00 0.00000E+00 2.66121E-19 2.28701E-20 2.41326E-20 4.69057E-20
 1.22371E+03 4.27898E-19 0.00000E+00 0.00000E+00 0.00000E+00 3.00264E-19 2.28400E-20 2.40933E-20 4.68281E-20
 1.22464E+03 4.57537E-19 0.00000E+00 0.00000E+00 0.00000E+00 3.30132E-19 2.28098E-20 2.40541E-20 4.67507E-20
 1.22557E+03 4.82819E-19 0.00000E+00 0.00000E+00 0.00000E+00 3.55643E-19 2.27798E-20 2.40149E-20 4.66734E-20
 1.22650E+03 5.03958E-19 0.00000E+00 0.00000E+00 0.00000E+00 3.77009E-19 2.27497E-20 2.39758E-20 4.65962E-20
 1.22743E+03 5.21332E-19 0.00000E+00 0.00000E+00 0.00000E+00 3.94610E-19 2.27197E-20 2.39368E-20 4.65191E-20
 1.22836E+03 5.35241E-19 0.00000E+00 0.00000E+00 0.00000E+00 4.08746E-19 2.26897E-20 2.38978E-20 4.64422E-20
 1.22930E+03 5.46492E-19 0.00000E+00 0.00000E+00 0.00000E+00 4.20224E-19 2.26598E-20 2.38589E-20 4.63654E-20
 1.23023E+03 5.55157E-19 0.00000E+00 0.00000E+00 0.00000E+00 4.29116E-19 2.26299E-20 2.38201E-20 4.62887E-20
 1.23116E+03 5.61728E-19 0.00000E+00 0.00000E+00 0.00000E+00 4.35912E-19 2.26001E-20 2.37813E-20 4.62122E-20
 1.23210E+03 5.66706E-19 0.00000E+00 0.00000E+00 0.00000E+00 4.41115E-19 2.25703E-20 2.37426E-20 4.61357E-20
 1.23304E+03 5.70391E-19 0.00000E+00 0.00000E+00 0.00000E+00 4.45025E-19 2.25405E-20 2.37039E-20 4.60594E-20
 1.23491E+03 5.74906E-19 0.00000E+00 0.00000E+00 0.00000E+00 4.49989E-19 2.24811E-20 2.36268E-20 4.59072E-20
 1.23679E+03 5.76845E-19 0.00000E+00 0.00000E+00 0.00000E+00 4.52374E-19 2.24218E-20 2.35500E-20 4.57555E-20
 1.23866E+03 5.77441E-19 0.00000E+00 0.00000E+00 0.00000E+00 4.53415E-19 2.23627E-20 2.34733E-20 4.56043E-20
 1.24243E+03 5.76758E-19 0.00000E+00 0.00000E+00 0.00000E+00 4.53617E-19 2.22450E-20 2.33209E-20 4.53034E-20
 1.25000E+03 5.75274E-19 0.00000E+00 0.00000E+00 0.00000E+00 4.53892E-19 2.20114E-20 2.30189E-20 4.47074E-20
 1.25100E+03 5.75202E-19 0.00000E+00 0.00000E+00 0.00000E+00 4.54052E-19 2.19808E-20 2.29791E-20 4.46279E-20
 1.25100E+03 6.45199E-19 0.00000E+00 0.00000E+00 6.99974E-20 4.54052E-19 2.19808E-20 2.29791E-20 4.46279E-20
 1.25210E+03 6.68753E-19 0.00000E+00 0.00000E+00 9.35904E-20 4.54268E-19 2.19472E-20 2.29346E-20 4.45401E-20
 1.25320E+03 6.91447E-19 0.00000E+00 0.00000E+00 1.16201E-19 4.54607E-19 2.19137E-20 2.28902E-20 4.44525E-20
 1.25430E+03 7.12026E-19 0.00000E+00 0.00000E+00 1.36696E-19 4.54946E-19 2.18802E-20 2.28458E-20 4.43651E-20
 1.25541E+03 7.29966E-19 0.00000E+00 0.00000E+00 1.54552E-19 4.55285E-19 2.18464E-20 2.28016E-20 4.42779E-20
 1.25651E+03 7.45009E-19 0.00000E+00 0.00000E+00 1.69509E-19 4.55625E-19 2.18122E-20 2.27574E-20 4.41908E-20
 1.25762E+03 7.57235E-19 0.00000E+00 0.00000E+00 1.81646E-19 4.55969E-19 2.17781E-20 2.27133E-20 4.41039E-20
 1.25872E+03 7.66912E-19 0.00000E+00 0.00000E+00 1.91232E-19 4.56312E-19 2.17440E-20 2.26693E-20 4.40171E-20
 1.25983E+03 7.74400E-19 0.00000E+00 0.00000E+00 1.98628E-19 4.56657E-19 2.17100E-20 2.26254E-20 4.39306E-20
 1.26205E+03 7.84313E-19 0.00000E+00 0.00000E+00 2.08355E-19 4.57346E-19 2.16421E-20 2.25378E-20 4.37580E-20
 1.26427E+03 7.89587E-19 0.00000E+00 0.00000E+00 2.13441E-19 4.58036E-19 2.15745E-20 2.24505E-20 4.35860E-20
 1.26872E+03 7.92826E-19 0.00000E+00 0.00000E+00 2.16944E-19 4.58769E-19 2.14398E-20 2.22771E-20 4.32442E-20
 1.27768E+03 7.89931E-19 0.00000E+00 0.00000E+00 2.17503E-19 4.57280E-19 2.11729E-20 2.19341E-20 4.25685E-20
 1.28669E+03 7.84957E-19 0.00000E+00 0.00000E+00 2.18675E-19 4.53065E-19 2.09094E-20 2.15965E-20 4.19034E-20
 1.29577E+03 7.77714E-19 0.00000E+00 0.00000E+00 2.20250E-19 4.46144E-19 2.06491E-20 2.12640E-20 4.12486E-20
 1.30492E+03 7.68624E-19 0.00000E+00 0.00000E+00 2.20698E-19 4.38471E-19 2.03921E-20 2.09366E-20 4.06041E-20
 1.32340E+03 7.45539E-19 0.00000E+00 0.00000E+00 2.16401E-19 4.23312E-19 1.98876E-20 2.02970E-20 3.93452E-20
 1.36116E+03 6.97102E-19 0.00000E+00 0.00000E+00 2.02239E-19 3.95922E-19 1.89157E-20 1.90757E-20 3.69432E-20
 1.40000E+03 6.49501E-19 0.00000E+00 0.00000E+00 1.89212E-19 3.67768E-19 1.79913E-20 1.79279E-20 3.46878E-20
 1.41300E+03 6.34259E-19 0.00000E+00 0.00000E+00 1.84728E-19 3.59062E-19 1.76945E-20 1.75565E-20 3.39581E-20
 1.41300E+03 7.29160E-19 0.00000E+00 9.49011E-20 1.84728E-19 3.59062E-19 1.76945E-20 1.75565E-20 3.39581E-20
 1.45585E+03 6.76784E-19 0.00000E+00 8.93063E-20 1.70945E-19 3.32385E-19 1.67624E-20 1.64062E-20 3.17020E-20
 1.50000E+03 6.29669E-19 0.00000E+00 8.48610E-20 1.58576E-19 3.07947E-19 1.58794E-20 1.53312E-20 2.95957E-20
 1.62019E+03 5.23575E-19 0.00000E+00 7.58866E-20 1.30333E-19 2.52508E-19 1.37722E-20 1.28280E-20 2.47006E-20
 1.75000E+03 4.34473E-19 0.00000E+00 6.72321E-20 1.06990E-19 2.06601E-19 1.19431E-20 1.06908E-20 2.05340E-20
 2.00000E+03 3.12971E-19 0.00000E+00 5.41155E-20 7.54649E-20 1.44903E-19 9.27349E-21 7.73223E-21 1.47882E-20
 2.20000E+03 2.46530E-19 0.00000E+00 4.60519E-20 5.84247E-20 1.11768E-19 7.71483E-21 6.09703E-21 1.16250E-20
 2.50000E+03 1.78107E-19 0.00000E+00 3.67896E-20 4.11287E-20 7.82971E-20 6.00081E-21 4.39851E-21 8.35265E-21
 2.73861E+03 1.40814E-19 0.00000E+00 3.11789E-20 3.18592E-20 6.04523E-20 4.99575E-21 3.46675E-21 6.56375E-21
 3.00000E+03 1.11092E-19 0.00000E+00 2.63108E-20 2.45834E-20 4.64969E-20 4.15865E-21 2.72081E-21 5.13653E-21
 3.50000E+03 7.40497E-20 0.00000E+00 1.95591E-20 1.57278E-20 2.95880E-20 3.02725E-21 1.78971E-21 3.36172E-21
 4.00000E+03 5.18963E-20 0.00000E+00 1.49898E-20 1.05988E-20 1.98469E-20 2.28659E-21 1.23386E-21 2.30746E-21
 4.50000E+03 3.78225E-20 0.00000E+00 1.17752E-20 7.44097E-21 1.38760E-20 1.77777E-21 8.82809E-22 1.64445E-21
 5.00000E+03 2.84425E-20 0.00000E+00 9.44122E-21 5.39867E-21 1.00301E-20 1.41457E-21 6.50932E-22 1.20812E-21
 5.50000E+03 2.19431E-20 0.00000E+00 7.70041E-21 4.02427E-21 7.45123E-21 1.14718E-21 4.92013E-22 9.10151E-22
 6.00000E+03 1.72938E-20 0.00000E+00 6.37217E-21 3.06869E-21 5.66398E-21 9.45228E-22 3.79768E-22 7.00319E-22
 7.00000E+03 1.13118E-20 0.00000E+00 4.52269E-21 1.88633E-21 3.46177E-21 6.66977E-22 2.38138E-22 4.36664E-22
 8.00000E+03 7.81123E-21 0.00000E+00 3.33629E-21 1.22961E-21 2.24492E-21 4.90192E-22 1.57678E-22 2.87662E-22
 9.00000E+03 5.62401E-21 0.00000E+00 2.53691E-21 8.38971E-22 1.52458E-21 3.71856E-22 1.08957E-22 1.97855E-22
 1.00000E+04 4.18618E-21 0.00000E+00 1.97713E-21 5.93862E-22 1.07456E-21 2.89352E-22 7.79316E-23 1.40904E-22
 1.10000E+04 3.20150E-21 0.00000E+00 1.57268E-21 4.33258E-22 7.80753E-22 2.29915E-22 5.73502E-23 1.03270E-22
 1.11070E+04 3.11479E-21 0.00000E+00 1.53603E-21 4.19474E-22 7.55590E-22 2.24536E-22 5.55707E-23 1.00022E-22
 1.11070E+04 2.41822E-20 2.10674E-20 1.53603E-21 4.19474E-22 7.55590E-22 2.24536E-22 5.55706E-23 1.00022E-22
 1.11173E+04 2.27406E-20 1.96340E-20 1.53257E-21 4.18183E-22 7.53234E-22 2.24029E-22 5.54039E-23 9.97180E-23
 1.11275E+04 2.30399E-20 1.99414E-20 1.52912E-21 4.16895E-22 7.50884E-22 2.23523E-22 5.52376E-23 9.94147E-23
 1.11378E+04 2.33935E-20 2.03031E-20 1.52568E-21 4.15612E-22 7.48542E-22 2.23019E-22 5.50718E-23 9.91122E-23
 1.11481E+04 2.35107E-20 2.04283E-20 1.52225E-21 4.14333E-22 7.46208E-22 2.22516E-22 5.49065E-23 9.88107E-23
 1.11893E+04 2.31916E-20 2.01414E-20 1.50860E-21 4.09254E-22 7.36942E-22 2.20514E-22 5.42502E-23 9.76137E-23
 1.12723E+04 2.28477E-20 1.98607E-20 1.48166E-21 3.99284E-22 7.18753E-22 2.16565E-22 5.29612E-23 9.52631E-23
 1.14400E+04 2.20134E-20 1.91487E-20 1.42922E-21 3.80066E-22 6.83712E-22 2.08876E-22 5.04743E-23 9.07304E-23
 1.17829E+04 2.04165E-20 1.77814E-20 1.32984E-21 3.44360E-22 6.18672E-22 1.94309E-22 4.58453E-23 8.23017E-23
 1.25000E+04 1.75359E-20 1.53051E-20 1.15132E-21 2.82693E-22 5.06560E-22 1.68152E-22 3.78219E-23 6.77206E-23
 1.40000E+04 1.30264E-20 1.14093E-20 8.69249E-22 1.92876E-22 3.43842E-22 1.26892E-22 2.60314E-23 4.63658E-23
 1.50000E+04 1.08480E-20 9.51942E-21 7.31054E-22 1.52584E-22 2.71111E-22 1.06704E-22 2.06948E-23 3.67397E-23
 1.75000E+04 7.17248E-21 6.31767E-21 4.93823E-22 8.99972E-23 1.58680E-22 7.20810E-23 1.23327E-23 2.17251E-23
 2.00000E+04 4.98467E-21 4.40247E-21 3.49459E-22 5.66979E-23 9.92739E-23 5.10304E-23 7.83407E-24 1.37026E-23
 2.20000E+04 3.83280E-21 3.39073E-21 2.72132E-22 4.06734E-23 7.08344E-23 3.97576E-23 5.65036E-24 9.83049E-24
 2.50000E+04 2.68422E-21 2.37914E-21 1.93767E-22 2.59707E-23 4.48939E-23 2.83321E-23 3.63242E-24 6.27254E-24
 3.00000E+04 1.60388E-21 1.42470E-21 1.18423E-22 1.36235E-23 2.32819E-23 1.73403E-23 1.92203E-24 3.28106E-24
 3.50000E+04 1.03172E-21 9.17793E-22 7.75551E-23 7.86178E-24 1.32968E-23 1.13711E-23 1.11630E-24 1.88576E-24
 4.00000E+04 7.01252E-22 6.24453E-22 5.34880E-23 4.87090E-24 8.15845E-24 7.85157E-24 6.94991E-25 1.16272E-24
 4.50000E+04 4.97450E-22 4.43301E-22 3.84055E-23 3.18776E-24 5.29182E-24 5.64338E-24 4.56642E-25 7.57070E-25
 5.00000E+04 3.65140E-22 3.25576E-22 2.84803E-23 2.17963E-24 3.58761E-24 4.18876E-24 3.13229E-25 5.14903E-25
 5.50000E+04 2.75613E-22 2.45856E-22 2.16867E-23 1.54451E-24 2.52191E-24 3.19215E-24 2.22540E-25 3.62898E-25
 6.00000E+04 2.12938E-22 1.90012E-22 1.68830E-23 1.12732E-24 1.82697E-24 2.48686E-24 1.62810E-25 2.63481E-25
 7.00000E+04 1.34474E-22 1.20055E-22 1.07966E-23 6.45373E-25 1.03117E-24 1.59229E-24 9.35399E-26 1.49253E-25
 8.00000E+04 9.01017E-23 8.04664E-23 7.30621E-24 3.98236E-25 6.28154E-25 1.07861E-24 5.78873E-26 9.11755E-26
 9.00000E+04 6.31992E-23 5.64535E-23 5.16620E-24 2.60392E-25 4.05901E-25 7.63326E-25 3.79360E-26 5.90454E-26
 1.00000E+05 4.59776E-23 4.10767E-23 3.78360E-24 1.78270E-25 2.74851E-25 5.59443E-25 2.60188E-26 4.00559E-26
 1.10000E+05 3.44616E-23 3.07918E-23 2.85194E-24 1.26710E-25 1.93397E-25 4.21946E-25 1.85217E-26 2.82265E-26
 1.25000E+05 2.34003E-23 2.09109E-23 1.95007E-24 8.03529E-26 1.20954E-25 2.88737E-25 1.17672E-26 1.76869E-26
 1.40000E+05 1.66033E-23 1.48381E-23 1.39146E-24 5.38132E-26 8.00237E-26 2.06156E-25 7.89271E-27 1.17174E-26
 1.50000E+05 1.34759E-23 1.20437E-23 1.13297E-24 4.22286E-26 6.23239E-26 1.67921E-25 6.19859E-27 9.13385E-27
 1.75000E+05 8.46415E-24 7.56495E-24 7.16259E-25 2.46922E-26 3.58556E-26 1.06239E-25 3.63088E-27 5.26326E-27
 2.00000E+05 5.67025E-24 5.06799E-24 4.82230E-25 1.56192E-26 2.23748E-26 7.15682E-26 2.29927E-27 3.28842E-27
 2.20000E+05 4.26815E-24 3.81485E-24 3.64154E-25 1.13096E-26 1.60600E-26 5.40650E-26 1.66646E-27 2.36217E-27
 2.50000E+05 2.92565E-24 2.61494E-24 2.50578E-25 7.38459E-27 1.03748E-26 3.72197E-26 1.08902E-27 1.52722E-27
 3.00000E+05 1.72210E-24 1.53922E-24 1.48185E-25 4.07791E-27 5.66148E-27 2.20231E-26 6.02078E-28 8.34323E-28
 3.50000E+05 1.11162E-24 9.93585E-25 9.59624E-26 2.50475E-27 3.45666E-27 1.42673E-26 3.70097E-28 5.09859E-28
 4.00000E+05 7.68137E-25 6.86585E-25 6.64615E-26 1.66191E-27 2.29072E-27 9.88392E-27 2.45762E-28 3.38040E-28
 4.50000E+05 5.59237E-25 4.99878E-25 4.84658E-26 1.16971E-27 1.61477E-27 7.20910E-27 1.73016E-28 2.38358E-28
 5.00000E+05 4.24252E-25 3.79235E-25 3.68111E-26 8.61107E-28 1.19417E-27 5.47624E-27 1.27440E-28 1.76350E-28
 5.50000E+05 3.32691E-25 2.97402E-25 2.88913E-26 6.57902E-28 9.17556E-28 4.29846E-27 9.73723E-29 1.35517E-28
 6.00000E+05 2.68066E-25 2.39643E-25 2.32934E-26 5.17528E-28 7.27220E-28 3.46585E-27 7.66322E-29 1.07410E-28
 7.00000E+05 1.85538E-25 1.65883E-25 1.61342E-26 3.43591E-28 4.90730E-28 2.40082E-27 5.08833E-29 7.25034E-29
 8.00000E+05 1.37019E-25 1.22517E-25 1.19193E-26 2.44673E-28 3.55842E-28 1.77366E-27 3.62514E-29 5.25859E-29
 9.00000E+05 1.06150E-25 9.49250E-26 9.23508E-27 1.83762E-28 2.71917E-28 1.37425E-27 2.72252E-29 4.01853E-29
 1.00000E+06 8.52839E-26 7.62726E-26 7.41965E-27 1.43570E-28 2.16144E-28 1.10408E-27 2.12762E-29 3.19442E-29
 1.10000E+06 7.04900E-26 6.30476E-26 6.13214E-27 1.15756E-28 1.77063E-28 9.12468E-28 1.71595E-29 2.61757E-29
 1.25000E+06 5.51799E-26 4.93599E-26 4.79930E-27 8.78099E-29 1.37214E-28 7.14115E-28 1.30089E-29 2.02792E-29
 1.40000E+06 4.48404E-26 4.01153E-26 3.89915E-27 6.94137E-29 1.10594E-28 5.80151E-28 1.02898E-29 1.63465E-29
 1.50000E+06 3.96833E-26 3.55039E-26 3.45019E-27 6.04618E-29 9.74250E-29 5.13332E-28 8.96515E-30 1.44038E-29
 1.75000E+06 3.05199E-26 2.73092E-26 2.65251E-27 4.50194E-29 7.42852E-29 3.94629E-28 6.67044E-30 1.09789E-29
 2.00000E+06 2.45708E-26 2.19882E-26 2.13479E-27 3.53028E-29 5.94099E-29 3.17588E-28 5.23365E-30 8.78106E-30
 2.20000E+06 2.11841E-26 1.89601E-26 1.83841E-27 3.04009E-29 5.11605E-29 2.73450E-28 4.50627E-30 7.56064E-30
 2.50000E+06 1.74736E-26 1.56419E-26 1.51422E-27 2.50393E-29 4.21374E-29 2.25184E-28 3.71083E-30 6.22605E-30
 3.00000E+06 1.34259E-26 1.20211E-26 1.16133E-27 1.92034E-29 3.23162E-29 1.72661E-28 2.84527E-30 4.77380E-30
 3.50000E+06 1.08404E-26 9.70767E-27 9.36415E-28 1.54839E-29 2.60567E-29 1.39195E-28 2.29377E-30 3.84848E-30
 4.00000E+06 9.05838E-27 8.11289E-27 7.81671E-28 1.29249E-29 2.17503E-29 1.16175E-28 1.91442E-30 3.21202E-30
 4.50000E+06 7.76170E-27 6.95223E-27 6.69226E-28 1.10655E-29 1.86212E-29 9.94517E-29 1.63883E-30 2.74963E-30
 5.00000E+06 6.77895E-27 6.07245E-27 5.84101E-28 9.65786E-30 1.62524E-29 8.67934E-29 1.43023E-30 2.39965E-30
 5.50000E+06 6.01020E-27 5.38418E-27 5.17577E-28 8.55782E-30 1.44012E-29 7.69023E-29 1.26724E-30 2.12617E-30
 6.00000E+06 5.39348E-27 4.83196E-27 4.64251E-28 7.67605E-30 1.29173E-29 6.89745E-29 1.13660E-30 1.90698E-30
 7.00000E+06 4.46760E-27 4.00283E-27 3.84271E-28 6.35356E-30 1.06918E-29 5.70857E-29 9.40684E-31 1.57828E-30
 8.00000E+06 3.80748E-27 3.41161E-27 3.27308E-28 5.41168E-30 9.10676E-30 4.86197E-29 8.01175E-31 1.34421E-30
 9.00000E+06 3.31418E-27 2.96975E-27 2.84776E-28 4.70843E-30 7.92331E-30 4.22992E-29 6.97021E-31 1.16946E-30
 1.00000E+07 2.93215E-27 2.62754E-27 2.51860E-28 4.16418E-30 7.00745E-30 3.74082E-29 6.16424E-31 1.03423E-30
 1.10000E+07 2.62790E-27 2.35497E-27 2.25660E-28 3.73097E-30 6.27845E-30 3.35154E-29 5.52276E-31 9.26606E-31
 1.25000E+07 2.27267E-27 2.03672E-27 1.95087E-28 3.22547E-30 5.42778E-30 2.89731E-29 4.77427E-31 8.01025E-31
 1.40000E+07 2.00111E-27 1.79341E-27 1.71728E-28 2.83926E-30 4.77786E-30 2.55030E-29 4.20245E-31 7.05085E-31
 1.50000E+07 1.85312E-27 1.66081E-27 1.59003E-28 2.62886E-30 4.42381E-30 2.36128E-29 3.89096E-31 6.52824E-31
 1.75000E+07 1.56331E-27 1.40113E-27 1.34095E-28 2.21703E-30 3.73077E-30 1.99128E-29 3.28127E-31 5.50530E-31
 2.00000E+07 1.35136E-27 1.21121E-27 1.15888E-28 1.91600E-30 3.22420E-30 1.72085E-29 2.83565E-31 4.75764E-31
 2.20000E+07 1.21891E-27 1.09251E-27 1.04514E-28 1.72794E-30 2.90775E-30 1.55192E-29 2.55728E-31 4.29059E-31
 2.50000E+07 1.06248E-27 9.52319E-28 9.10835E-29 1.50590E-30 2.53409E-30 1.35247E-29 2.22861E-31 3.73915E-31
 3.00000E+07 8.74992E-28 7.84293E-28 7.49941E-29 1.23988E-30 2.08645E-30 1.11353E-29 1.83488E-31 3.07855E-31
 3.50000E+07 7.43591E-28 6.66525E-28 6.37217E-29 1.05351E-30 1.77283E-30 9.46130E-30 1.55904E-31 2.61575E-31
 4.00000E+07 6.46423E-28 5.79437E-28 5.53883E-29 9.15735E-31 1.54098E-30 8.22383E-30 1.35513E-31 2.27363E-31
 4.50000E+07 5.71672E-28 5.12437E-28 4.89788E-29 8.09764E-31 1.36265E-30 7.27206E-30 1.19830E-31 2.01049E-31
 5.00000E+07 5.12392E-28 4.59304E-28 4.38965E-29 7.25739E-31 1.22126E-30 6.51742E-30 1.07394E-31 1.80186E-31
 5.50000E+07 4.64236E-28 4.16140E-28 3.97685E-29 6.57491E-31 1.10641E-30 5.90447E-30 9.72942E-32 1.63240E-31
 6.00000E+07 4.24344E-28 3.80383E-28 3.63493E-29 6.00960E-31 1.01128E-30 5.39678E-30 8.89284E-32 1.49204E-31
 7.00000E+07 3.62095E-28 3.24586E-28 3.10146E-29 5.12760E-31 8.62860E-31 4.60467E-30 7.58760E-32 1.27304E-31
 8.00000E+07 3.15761E-28 2.83054E-28 2.70443E-29 4.47120E-31 7.52402E-31 4.01518E-30 6.61623E-32 1.11007E-31
 9.00000E+07 2.79934E-28 2.50939E-28 2.39746E-29 3.96369E-31 6.67000E-31 3.55941E-30 5.86521E-32 9.84062E-32
 1.00000E+08 2.51405E-28 2.25366E-28 2.15305E-29 3.55960E-31 5.99000E-31 3.19652E-30 5.26724E-32 8.83734E-32
 1.10000E+08 2.28151E-28 2.04521E-28 1.95384E-29 3.23025E-31 5.43577E-31 2.90075E-30 4.77986E-32 8.01963E-32
 1.25000E+08 2.00350E-28 1.79601E-28 1.71570E-29 2.83653E-31 4.77324E-31 2.54718E-30 4.19726E-32 7.04213E-32
 1.40000E+08 1.78588E-28 1.60093E-28 1.52929E-29 2.52834E-31 4.25462E-31 2.27042E-30 3.74121E-32 6.27698E-32
 1.50000E+08 1.66528E-28 1.49282E-28 1.42599E-29 2.35757E-31 3.96725E-31 2.11706E-30 3.48850E-32 5.85299E-32
 1.75000E+08 1.42474E-28 1.27720E-28 1.21997E-29 2.01696E-31 3.39409E-31 1.81120E-30 2.98449E-32 5.00737E-32
 2.00000E+08 1.24491E-28 1.11599E-28 1.06596E-29 1.76234E-31 2.96561E-31 1.58254E-30 2.60772E-32 4.37522E-32
 2.20000E+08 1.13073E-28 1.01364E-28 9.68181E-30 1.60067E-31 2.69357E-31 1.43737E-30 2.36850E-32 3.97386E-32
 2.50000E+08 9.93977E-29 8.91049E-29 8.51072E-30 1.40706E-31 2.36776E-31 1.26351E-30 2.08201E-32 3.49318E-32
 3.00000E+08 8.27229E-29 7.41570E-29 7.08281E-30 1.17099E-31 1.97050E-31 1.05152E-30 1.73269E-32 2.90710E-32
 3.50000E+08 7.08388E-29 6.35037E-29 6.06519E-30 1.00274E-31 1.68739E-31 9.00437E-31 1.48374E-32 2.48941E-32
 4.00000E+08 6.19403E-29 5.55266E-29 5.30323E-30 8.76772E-32 1.47541E-31 7.87316E-31 1.29734E-32 2.17667E-32
 4.50000E+08 5.50278E-29 4.93300E-29 4.71135E-30 7.78917E-32 1.31074E-31 6.99445E-31 1.15255E-32 1.93373E-32
 5.00000E+08 4.95032E-29 4.43775E-29 4.23832E-30 7.00712E-32 1.17914E-31 6.29218E-31 1.03683E-32 1.73958E-32
 5.50000E+08 4.49867E-29 4.03287E-29 3.85161E-30 6.36777E-32 1.07155E-31 5.71806E-31 9.42222E-33 1.58085E-32
 6.00000E+08 4.12254E-29 3.69569E-29 3.52956E-30 5.83534E-32 9.81955E-32 5.23995E-31 8.63439E-33 1.44867E-32
 7.00000E+08 3.53194E-29 3.16624E-29 3.02388E-30 4.99932E-32 8.41271E-32 4.48922E-31 7.39734E-33 1.24112E-32
 8.00000E+08 3.08935E-29 2.76948E-29 2.64494E-30 4.37282E-32 7.35846E-32 3.92665E-31 6.47033E-33 1.08559E-32
 9.00000E+08 2.74533E-29 2.46108E-29 2.35040E-30 3.88586E-32 6.53902E-32 3.48937E-31 5.74979E-33 9.64696E-33
 1.00000E+09 2.47025E-29 2.21448E-29 2.11488E-30 3.49649E-32 5.88379E-32 3.13973E-31 5.17364E-33 8.68031E-33
