 ***  Photoelectric cross sections,  IZ = 10,  NSHELL =  2,  NDATA = 175
              0           1           2
 5.00000E+01 7.05089E-18 0.00000E+00 2.78823E-19
 5.24404E+01 6.90906E-18 0.00000E+00 3.32737E-19
 5.50000E+01 6.74375E-18 0.00000E+00 3.81235E-19
 5.74456E+01 6.57023E-18 0.00000E+00 4.20192E-19
 6.00000E+01 6.37878E-18 0.00000E+00 4.53884E-19
 6.23574E+01 6.19227E-18 0.00000E+00 4.79286E-19
 6.48074E+01 5.99575E-18 0.00000E+00 5.00782E-19
 6.73537E+01 5.78659E-18 0.00000E+00 5.18526E-19
 7.00000E+01 5.56757E-18 0.00000E+00 5.32622E-19
 7.23762E+01 5.37068E-18 0.00000E+00 5.41962E-19
 7.48331E+01 5.16849E-18 0.00000E+00 5.48881E-19
 7.73735E+01 4.96371E-18 0.00000E+00 5.53512E-19
 8.00000E+01 4.75510E-18 0.00000E+00 5.56066E-19
 8.48528E+01 4.38549E-18 0.00000E+00 5.55570E-19
 9.00000E+01 4.01760E-18 0.00000E+00 5.49724E-19
 9.48683E+01 3.69463E-18 0.00000E+00 5.40317E-19
 1.00000E+02 3.38250E-18 0.00000E+00 5.27655E-19
 1.04881E+02 3.11114E-18 0.00000E+00 5.13691E-19
 1.10000E+02 2.85182E-18 0.00000E+00 4.97761E-19
 1.17260E+02 2.52728E-18 0.00000E+00 4.73682E-19
 1.25000E+02 2.22947E-18 0.00000E+00 4.47431E-19
 1.32288E+02 1.98816E-18 0.00000E+00 4.22686E-19
 1.40000E+02 1.76883E-18 0.00000E+00 3.97478E-19
 1.50000E+02 1.52939E-18 0.00000E+00 3.66268E-19
 1.62019E+02 1.29578E-18 0.00000E+00 3.31673E-19
 1.75000E+02 1.09448E-18 0.00000E+00 2.98247E-19
 2.00000E+02 8.11697E-19 0.00000E+00 2.44641E-19
 2.20000E+02 6.52608E-19 0.00000E+00 2.10574E-19
 2.50000E+02 4.84290E-19 0.00000E+00 1.70802E-19
 2.73861E+02 3.89813E-19 0.00000E+00 1.46283E-19
 3.00000E+02 3.12848E-19 0.00000E+00 1.24723E-19
 3.50000E+02 2.14407E-19 0.00000E+00 9.41505E-20
 4.00000E+02 1.53888E-19 0.00000E+00 7.28813E-20
 4.50000E+02 1.14544E-19 0.00000E+00 5.76130E-20
 5.00000E+02 8.78177E-20 0.00000E+00 4.64420E-20
 5.50000E+02 6.89484E-20 0.00000E+00 3.80811E-20
 6.00000E+02 5.52066E-20 0.00000E+00 3.16777E-20
 7.00000E+02 3.70826E-20 0.00000E+00 2.26792E-20
 8.00000E+02 2.61374E-20 0.00000E+00 1.68025E-20
 8.70100E+02 2.09176E-20 0.00000E+00 1.38412E-20
 8.70100E+02 2.88887E-19 2.67969E-19 1.38412E-20
 8.71019E+02 2.92899E-19 2.72040E-19 1.38075E-20
 8.71939E+02 2.96210E-19 2.75408E-19 1.37738E-20
 8.73782E+02 3.01545E-19 2.80860E-19 1.37068E-20
 8.75630E+02 3.05137E-19 2.84567E-19 1.36400E-20
 8.77481E+02 3.07759E-19 2.87303E-19 1.35736E-20
 8.79335E+02 3.09636E-19 2.89295E-19 1.35075E-20
 8.81194E+02 3.10825E-19 2.90597E-19 1.34418E-20
 8.84924E+02 3.12248E-19 2.92244E-19 1.33112E-20
 8.92430E+02 3.12533E-19 2.92971E-19 1.30538E-20
 9.00000E+02 3.11269E-19 2.92138E-19 1.28014E-20
 9.11931E+02 3.07481E-19 2.89010E-19 1.24134E-20
 9.24021E+02 3.01925E-19 2.84095E-19 1.20340E-20
 9.36271E+02 2.94927E-19 2.77714E-19 1.16662E-20
 9.48683E+02 2.86778E-19 2.70161E-19 1.13096E-20
 9.61260E+02 2.77875E-19 2.61832E-19 1.09639E-20
 9.74004E+02 2.68439E-19 2.52950E-19 1.06288E-20
 1.00000E+03 2.50154E-19 2.35715E-19 9.98895E-21
 1.04881E+03 2.20357E-19 2.07655E-19 8.91366E-21
 1.10000E+03 1.95735E-19 1.84557E-19 7.95258E-21
 1.17260E+03 1.67402E-19 1.58001E-19 6.80544E-21
 1.25000E+03 1.42518E-19 1.34607E-19 5.82249E-21
 1.40000E+03 1.06492E-19 1.00679E-19 4.39586E-21
 1.50000E+03 8.91124E-20 8.42963E-20 3.69876E-21
 1.62019E+03 7.27542E-20 6.88586E-20 3.04207E-21
 1.75000E+03 5.92407E-20 5.60871E-20 2.50167E-21
 2.00000E+03 4.13490E-20 3.91730E-20 1.77025E-21
 2.20000E+03 3.18502E-20 3.01838E-20 1.37825E-21
 2.50000E+03 2.23634E-20 2.12009E-20 9.80890E-22
 3.00000E+03 1.33939E-20 1.27009E-20 5.99577E-22
 3.50000E+03 8.62782E-21 8.18256E-21 3.92576E-22
 4.00000E+03 5.86846E-21 5.56612E-21 2.70468E-22
 4.50000E+03 4.16231E-21 3.94796E-21 1.93944E-22
 5.00000E+03 3.05399E-21 2.89671E-21 1.43645E-22
 5.50000E+03 2.30330E-21 2.18468E-21 1.09178E-22
 6.00000E+03 1.77740E-21 1.68587E-21 8.48084E-23
 7.00000E+03 1.11895E-21 1.06129E-21 5.39723E-23
 8.00000E+03 7.46867E-22 7.08368E-22 3.63258E-23
 9.00000E+03 5.21481E-22 4.94588E-22 2.55320E-23
 1.00000E+04 3.77455E-22 3.57979E-22 1.85814E-23
 1.10000E+04 2.81348E-22 2.66824E-22 1.39131E-23
 1.25000E+04 1.89292E-22 1.79513E-22 9.41283E-24
 1.40000E+04 1.32946E-22 1.26073E-22 6.64106E-24
 1.50000E+04 1.07123E-22 1.01583E-22 5.36493E-24
 1.75000E+04 6.59587E-23 6.25434E-23 3.32117E-24
 2.00000E+04 4.32257E-23 4.09852E-23 2.18577E-24
 2.20000E+04 3.19267E-23 3.02706E-23 1.61890E-24
 2.50000E+04 2.12282E-23 2.01259E-23 1.08014E-24
 3.00000E+04 1.18242E-23 1.12095E-23 6.04271E-25
 3.50000E+04 7.19079E-24 6.81655E-24 3.68659E-25
 4.00000E+04 4.66588E-24 4.42285E-24 2.39800E-25
 4.50000E+04 3.18241E-24 3.01654E-24 1.63874E-25
 5.00000E+04 2.25818E-24 2.14042E-24 1.16466E-25
 5.50000E+04 1.65480E-24 1.56846E-24 8.54576E-26
 6.00000E+04 1.24543E-24 1.18043E-24 6.43884E-26
 7.00000E+04 7.52297E-25 7.13004E-25 3.89617E-26
 8.00000E+04 4.85943E-25 4.60549E-25 2.52010E-26
 9.00000E+04 3.30500E-25 3.13222E-25 1.71579E-26
 1.00000E+05 2.34166E-25 2.21919E-25 1.21671E-26
 1.10000E+05 1.71521E-25 1.62548E-25 8.91845E-27
 1.25000E+05 1.13079E-25 1.07161E-25 5.88469E-27
 1.40000E+05 7.82575E-26 7.41609E-26 4.07535E-27
 1.50000E+05 6.25960E-26 5.93187E-26 3.26099E-27
 1.75000E+05 3.81124E-26 3.61162E-26 1.98701E-27
 2.00000E+05 2.48961E-26 2.35919E-26 1.29871E-27
 2.20000E+05 1.84238E-26 1.74584E-26 9.61431E-28
 2.50000E+05 1.23598E-26 1.17121E-26 6.45265E-28
 3.00000E+05 7.07418E-27 6.70336E-27 3.69509E-28
 3.50000E+05 4.47110E-27 4.23668E-27 2.33622E-28
 4.00000E+05 3.03995E-27 2.88056E-27 1.58881E-28
 4.50000E+05 2.18565E-27 2.07104E-27 1.14250E-28
 5.00000E+05 1.64201E-27 1.55590E-27 8.58436E-29
 5.50000E+05 1.27795E-27 1.21093E-27 6.68162E-29
 6.00000E+05 1.02373E-27 9.70044E-28 5.35282E-29
 7.00000E+05 7.03125E-28 6.66253E-28 3.67669E-29
 8.00000E+05 5.17192E-28 4.90072E-28 2.70454E-29
 9.00000E+05 4.00076E-28 3.79098E-28 2.09211E-29
 1.00000E+06 3.21483E-28 3.04626E-28 1.68112E-29
 1.10000E+06 2.66056E-28 2.52107E-28 1.39125E-29
 1.25000E+06 2.08931E-28 1.97978E-28 1.09252E-29
 1.40000E+06 1.70472E-28 1.61536E-28 8.91382E-30
 1.50000E+06 1.51310E-28 1.43378E-28 7.91169E-30
 1.75000E+06 1.17256E-28 1.11110E-28 6.13093E-30
 2.00000E+06 9.51061E-29 9.01215E-29 4.97255E-30
 2.20000E+06 8.23861E-29 7.80687E-29 4.30704E-30
 2.50000E+06 6.84083E-29 6.48238E-29 3.57583E-30
 3.00000E+06 5.30782E-29 5.02975E-29 2.77404E-30
 3.50000E+06 4.32139E-29 4.09503E-29 2.25822E-30
 4.00000E+06 3.63672E-29 3.44624E-29 1.90025E-30
 4.50000E+06 3.13520E-29 2.97099E-29 1.63807E-30
 5.00000E+06 2.75277E-29 2.60860E-29 1.43817E-30
 5.50000E+06 2.45193E-29 2.32353E-29 1.28094E-30
 6.00000E+06 2.20935E-29 2.09365E-29 1.15416E-30
 7.00000E+06 1.84272E-29 1.74623E-29 9.62567E-31
 8.00000E+06 1.57921E-29 1.49652E-29 8.24880E-31
 9.00000E+06 1.38094E-29 1.30864E-29 7.21288E-31
 1.00000E+07 1.22649E-29 1.16227E-29 6.40594E-31
 1.10000E+07 1.10285E-29 1.04511E-29 5.76000E-31
 1.25000E+07 9.57700E-30 9.07561E-30 5.00176E-31
 1.40000E+07 8.46111E-30 8.01816E-30 4.41886E-31
 1.50000E+07 7.85049E-30 7.43951E-30 4.09990E-31
 1.75000E+07 6.64914E-30 6.30107E-30 3.47240E-31
 2.00000E+07 5.76554E-30 5.46373E-30 3.01089E-31
 2.20000E+07 5.21101E-30 4.93823E-30 2.72127E-31
 2.50000E+07 4.55355E-30 4.31519E-30 2.37789E-31
 3.00000E+07 3.76182E-30 3.56491E-30 1.96441E-31
 3.50000E+07 3.20428E-30 3.03655E-30 1.67324E-31
 4.00000E+07 2.79050E-30 2.64443E-30 1.45715E-31
 4.50000E+07 2.47127E-30 2.34191E-30 1.29044E-31
 5.00000E+07 2.21753E-30 2.10145E-30 1.15794E-31
 5.50000E+07 2.01100E-30 1.90574E-30 1.05009E-31
 6.00000E+07 1.83965E-30 1.74336E-30 9.60608E-32
 7.00000E+07 1.57175E-30 1.48948E-30 8.20715E-32
 8.00000E+07 1.37194E-30 1.30013E-30 7.16375E-32
 9.00000E+07 1.21719E-30 1.15348E-30 6.35566E-32
 1.00000E+08 1.09380E-30 1.03655E-30 5.71135E-32
 1.10000E+08 9.93117E-31 9.41136E-31 5.18563E-32
 1.25000E+08 8.72628E-31 8.26954E-31 4.55648E-32
 1.40000E+08 7.78209E-31 7.37477E-31 4.06345E-32
 1.50000E+08 7.25849E-31 6.87857E-31 3.79005E-32
 1.75000E+08 6.21334E-31 5.88813E-31 3.24431E-32
 2.00000E+08 5.43127E-31 5.14700E-31 2.83594E-32
 2.20000E+08 4.93439E-31 4.67612E-31 2.57649E-32
 2.50000E+08 4.33896E-31 4.11186E-31 2.26558E-32
 3.00000E+08 3.61243E-31 3.42335E-31 1.88622E-32
 3.50000E+08 3.09430E-31 2.93235E-31 1.61568E-32
 4.00000E+08 2.70616E-31 2.56452E-31 1.41301E-32
 4.50000E+08 2.40454E-31 2.27868E-31 1.25552E-32
 5.00000E+08 2.16341E-31 2.05017E-31 1.12961E-32
 5.50000E+08 1.96623E-31 1.86332E-31 1.02666E-32
 6.00000E+08 1.80199E-31 1.70768E-31 9.40903E-33
 7.00000E+08 1.54405E-31 1.46323E-31 8.06217E-33
 8.00000E+08 1.35070E-31 1.28001E-31 7.05262E-33
 9.00000E+08 1.20039E-31 1.13756E-31 6.26777E-33
 1.00000E+09 1.08018E-31 1.02364E-31 5.64010E-33
