 ***  Photoelectric cross sections,  IZ = 13,  NSHELL =  4,  NDATA = 206
              0           1           2           3           4
 5.00000E+01 2.79181E-19 0.00000E+00 0.00000E+00 0.00000E+00 0.00000E+00
 5.24404E+01 2.67555E-19 0.00000E+00 0.00000E+00 0.00000E+00 0.00000E+00
 5.37050E+01 2.61735E-19 0.00000E+00 0.00000E+00 0.00000E+00 0.00000E+00
 5.50000E+01 2.55496E-19 0.00000E+00 0.00000E+00 0.00000E+00 0.00000E+00
 5.74456E+01 2.44052E-19 0.00000E+00 0.00000E+00 0.00000E+00 0.00000E+00
 6.00000E+01 2.32501E-19 0.00000E+00 0.00000E+00 0.00000E+00 0.00000E+00
 6.23574E+01 2.22141E-19 0.00000E+00 0.00000E+00 0.00000E+00 0.00000E+00
 6.48074E+01 2.11812E-19 0.00000E+00 0.00000E+00 0.00000E+00 0.00000E+00
 7.00000E+01 1.91500E-19 0.00000E+00 0.00000E+00 0.00000E+00 0.00000E+00
 7.70000E+01 1.67599E-19 0.00000E+00 0.00000E+00 0.00000E+00 0.00000E+00
 7.70000E+01 1.80493E-18 0.00000E+00 0.00000E+00 5.40562E-19 1.09676E-18
 7.73688E+01 1.98053E-18 0.00000E+00 0.00000E+00 5.99007E-19 1.21506E-18
 7.77393E+01 2.16053E-18 0.00000E+00 0.00000E+00 6.58948E-19 1.33624E-18
 7.81116E+01 2.34344E-18 0.00000E+00 0.00000E+00 7.19587E-19 1.45963E-18
 7.84857E+01 2.52573E-18 0.00000E+00 0.00000E+00 7.80382E-19 1.58224E-18
 7.88615E+01 2.70570E-18 0.00000E+00 0.00000E+00 8.40438E-19 1.70325E-18
 7.92392E+01 2.88291E-18 0.00000E+00 0.00000E+00 8.99052E-19 1.82298E-18
 7.96187E+01 3.05500E-18 0.00000E+00 0.00000E+00 9.56492E-19 1.93878E-18
 8.00000E+01 3.22063E-18 0.00000E+00 0.00000E+00 1.01161E-18 2.05041E-18
 8.02950E+01 3.34298E-18 0.00000E+00 0.00000E+00 1.05248E-18 2.13276E-18
 8.05911E+01 3.46138E-18 0.00000E+00 0.00000E+00 1.09182E-18 2.21269E-18
 8.08883E+01 3.57414E-18 0.00000E+00 0.00000E+00 1.12950E-18 2.28861E-18
 8.11865E+01 3.68215E-18 0.00000E+00 0.00000E+00 1.16547E-18 2.36152E-18
 8.14859E+01 3.78434E-18 0.00000E+00 0.00000E+00 1.19965E-18 2.43038E-18
 8.17864E+01 3.88123E-18 0.00000E+00 0.00000E+00 1.23203E-18 2.49573E-18
 8.23907E+01 4.05842E-18 0.00000E+00 0.00000E+00 1.29132E-18 2.61530E-18
 8.29994E+01 4.21327E-18 0.00000E+00 0.00000E+00 1.34306E-18 2.72007E-18
 8.36127E+01 4.34782E-18 0.00000E+00 0.00000E+00 1.38828E-18 2.81104E-18
 8.42305E+01 4.46298E-18 0.00000E+00 0.00000E+00 1.42681E-18 2.88929E-18
 8.48528E+01 4.56070E-18 0.00000E+00 0.00000E+00 1.46038E-18 2.95507E-18
 8.54798E+01 4.64441E-18 0.00000E+00 0.00000E+00 1.48814E-18 3.01262E-18
 8.61113E+01 4.71422E-18 0.00000E+00 0.00000E+00 1.51191E-18 3.06025E-18
 8.67476E+01 4.77218E-18 0.00000E+00 0.00000E+00 1.53189E-18 3.09980E-18
 8.73885E+01 4.82082E-18 0.00000E+00 0.00000E+00 1.54862E-18 3.13327E-18
 8.86846E+01 4.89364E-18 0.00000E+00 0.00000E+00 1.57354E-18 3.18423E-18
 9.00000E+01 4.94368E-18 0.00000E+00 0.00000E+00 1.59194E-18 3.21892E-18
 9.24021E+01 4.99506E-18 0.00000E+00 0.00000E+00 1.61104E-18 3.25653E-18
 9.48683E+01 5.01956E-18 0.00000E+00 0.00000E+00 1.62116E-18 3.27604E-18
 1.00000E+02 5.03104E-18 0.00000E+00 0.00000E+00 1.62943E-18 3.28905E-18
 1.04881E+02 5.00350E-18 0.00000E+00 0.00000E+00 1.62382E-18 3.27539E-18
 1.07410E+02 4.97218E-18 0.00000E+00 0.00000E+00 1.61561E-18 3.25623E-18
 1.10000E+02 4.92654E-18 0.00000E+00 0.00000E+00 1.60191E-18 3.22812E-18
 1.12653E+02 4.86431E-18 0.00000E+00 0.00000E+00 1.58311E-18 3.18839E-18
 1.15369E+02 4.78653E-18 0.00000E+00 0.00000E+00 1.55867E-18 3.13864E-18
 1.18151E+02 4.69124E-18 0.00000E+00 0.00000E+00 1.52871E-18 3.07679E-18
 1.21000E+02 4.58217E-18 0.00000E+00 0.00000E+00 1.49399E-18 3.00577E-18
 1.21000E+02 5.14808E-18 0.00000E+00 5.65917E-19 1.49399E-18 3.00577E-18
 1.25000E+02 4.93278E-18 0.00000E+00 5.20691E-19 1.43927E-18 2.89477E-18
 1.32288E+02 4.57228E-18 0.00000E+00 4.95280E-19 1.33110E-18 2.67498E-18
 1.40000E+02 4.21221E-18 0.00000E+00 4.90806E-19 1.21579E-18 2.44119E-18
 1.44914E+02 3.99588E-18 0.00000E+00 4.88260E-19 1.14613E-18 2.30075E-18
 1.50000E+02 3.78255E-18 0.00000E+00 4.84092E-19 1.07814E-18 2.16306E-18
 1.55893E+02 3.54992E-18 0.00000E+00 4.75765E-19 1.00506E-18 2.01548E-18
 1.62019E+02 3.32346E-18 0.00000E+00 4.63830E-19 9.35101E-19 1.87432E-18
 1.68384E+02 3.10458E-18 0.00000E+00 4.49836E-19 8.68238E-19 1.73949E-18
 1.75000E+02 2.89340E-18 0.00000E+00 4.34054E-19 8.04423E-19 1.61089E-18
 1.87083E+02 2.54765E-18 0.00000E+00 4.05910E-19 7.00579E-19 1.40188E-18
 2.00000E+02 2.23054E-18 0.00000E+00 3.78362E-19 6.05786E-19 1.21136E-18
 2.20000E+02 1.83294E-18 0.00000E+00 3.39985E-19 4.88132E-19 9.75147E-19
 2.34521E+02 1.60197E-18 0.00000E+00 3.14268E-19 4.20909E-19 8.40329E-19
 2.50000E+02 1.39704E-18 0.00000E+00 2.88649E-19 3.62102E-19 7.22694E-19
 2.73861E+02 1.14471E-18 0.00000E+00 2.53889E-19 2.90926E-19 5.79973E-19
 3.00000E+02 9.33158E-19 0.00000E+00 2.22205E-19 2.32009E-19 4.62135E-19
 3.24037E+02 7.82663E-19 0.00000E+00 1.97754E-19 1.90741E-19 3.79668E-19
 3.50000E+02 6.54926E-19 0.00000E+00 1.75123E-19 1.56326E-19 3.10966E-19
 4.00000E+02 4.78205E-19 0.00000E+00 1.40407E-19 1.09859E-19 2.18305E-19
 4.50000E+02 3.60239E-19 0.00000E+00 1.14717E-19 7.96888E-20 1.58203E-19
 5.00000E+02 2.78606E-19 0.00000E+00 9.50309E-20 5.94591E-20 1.17943E-19
 5.50000E+02 2.20203E-19 0.00000E+00 7.97245E-20 4.54033E-20 9.00014E-20
 6.00000E+02 1.77243E-19 0.00000E+00 6.76719E-20 3.53377E-20 7.00063E-20
 7.00000E+02 1.20149E-19 0.00000E+00 5.01110E-20 2.24923E-20 4.45064E-20
 8.00000E+02 8.54462E-20 0.00000E+00 3.82992E-20 1.50735E-20 2.98001E-20
 9.00000E+02 6.30642E-20 0.00000E+00 2.99937E-20 1.05254E-20 2.07907E-20
 1.00000E+03 4.79574E-20 0.00000E+00 2.39896E-20 7.59403E-21 1.49885E-20
 1.10000E+03 3.73615E-20 0.00000E+00 1.95124E-20 5.62950E-21 1.11045E-20
 1.25000E+03 2.66593E-20 0.00000E+00 1.47020E-20 3.74566E-21 7.38101E-21
 1.40000E+03 1.97175E-20 0.00000E+00 1.13724E-20 2.59595E-21 5.11144E-21
 1.50000E+03 1.63900E-20 0.00000E+00 9.70172E-21 2.07100E-21 4.07569E-21
 1.56400E+03 1.46355E-20 0.00000E+00 8.79484E-21 1.80332E-21 3.54769E-21
 1.56400E+03 1.93047E-19 1.78411E-19 8.79484E-21 1.80332E-21 3.54769E-21
 1.56537E+03 1.86813E-19 1.72212E-19 8.77671E-21 1.79808E-21 3.53736E-21
 1.56675E+03 1.82347E-19 1.67781E-19 8.75862E-21 1.79286E-21 3.52707E-21
 1.56812E+03 1.79052E-19 1.64520E-19 8.74057E-21 1.78765E-21 3.51680E-21
 1.56950E+03 1.76808E-19 1.62311E-19 8.72255E-21 1.78246E-21 3.50656E-21
 1.57088E+03 1.75218E-19 1.60755E-19 8.70457E-21 1.77728E-21 3.49635E-21
 1.57226E+03 1.74168E-19 1.59740E-19 8.68663E-21 1.77212E-21 3.48618E-21
 1.57502E+03 1.73213E-19 1.58853E-19 8.65086E-21 1.76185E-21 3.46591E-21
 1.58056E+03 1.73911E-19 1.59686E-19 8.57975E-21 1.74147E-21 3.42573E-21
 1.58612E+03 1.75383E-19 1.61293E-19 8.50924E-21 1.72133E-21 3.38601E-21
 1.59170E+03 1.76599E-19 1.62642E-19 8.43930E-21 1.70142E-21 3.34676E-21
 1.59730E+03 1.77152E-19 1.63327E-19 8.36993E-21 1.68175E-21 3.30796E-21
 1.60292E+03 1.76689E-19 1.62995E-19 8.30114E-21 1.66230E-21 3.26961E-21
 1.60856E+03 1.75685E-19 1.62119E-19 8.23291E-21 1.64307E-21 3.23171E-21
 1.63131E+03 1.69561E-19 1.56501E-19 7.96555E-21 1.56837E-21 3.08443E-21
 1.65439E+03 1.64130E-19 1.51555E-19 7.70688E-21 1.49707E-21 2.94387E-21
 1.75000E+03 1.41978E-19 1.31166E-19 6.75351E-21 1.24267E-21 2.44254E-21
 2.00000E+03 1.01045E-19 9.35288E-20 4.89765E-21 7.92752E-22 1.55650E-21
 2.20000E+03 7.92206E-20 7.34331E-20 3.87792E-21 5.73012E-22 1.12411E-21
 2.50000E+03 5.68526E-20 5.27857E-20 2.82098E-21 3.68985E-22 7.23100E-22
 2.73861E+03 4.47012E-20 4.15482E-20 2.23739E-21 2.68391E-22 5.25524E-22
 3.00000E+03 3.50442E-20 3.25963E-20 1.77445E-21 1.95208E-22 3.81908E-22
 3.50000E+03 2.30689E-20 2.14817E-20 1.18898E-21 1.13049E-22 2.20839E-22
 4.00000E+03 1.59639E-20 1.48766E-20 8.35528E-22 7.00399E-23 1.36623E-22
 4.50000E+03 1.14889E-20 1.07119E-20 6.09417E-22 4.57216E-23 8.90615E-23
 5.00000E+03 8.53332E-21 7.95908E-21 4.57980E-22 3.11122E-23 6.05325E-23
 5.50000E+03 6.50518E-21 6.06902E-21 3.52739E-22 2.19042E-23 4.25668E-23
 6.00000E+03 5.06825E-21 4.72939E-21 2.77324E-22 1.58667E-23 3.07934E-23
 7.00000E+03 3.24295E-21 3.02694E-21 1.80188E-22 8.91318E-24 1.72621E-23
 8.00000E+03 2.19345E-21 2.04767E-21 1.23399E-22 5.38085E-24 1.03993E-23
 9.00000E+03 1.54896E-21 1.44616E-21 8.80314E-23 3.43399E-24 6.62419E-24
 1.00000E+04 1.13205E-21 1.05699E-21 6.48863E-23 2.29137E-24 4.41128E-24
 1.10000E+04 8.50885E-22 7.94503E-22 4.91245E-23 1.58544E-24 3.04673E-24
 1.25000E+04 5.78673E-22 5.40350E-22 3.37089E-23 9.64504E-25 1.84857E-24
 1.40000E+04 4.10172E-22 3.83017E-22 2.40666E-23 6.19121E-25 1.18374E-24
 1.50000E+04 3.32288E-22 3.10293E-22 1.95768E-23 4.72231E-25 9.01331E-25
 1.75000E+04 2.07007E-22 1.93305E-22 1.22988E-23 2.57140E-25 4.88992E-25
 2.00000E+04 1.36991E-22 1.27923E-22 8.19194E-24 1.51609E-25 2.87119E-25
 2.20000E+04 1.01869E-22 9.51256E-23 6.11751E-24 1.03865E-25 1.96133E-25
 2.50000E+04 6.83353E-23 6.38100E-23 4.12523E-24 6.24756E-26 1.17505E-25
 3.00000E+04 3.85275E-23 3.59746E-23 2.34130E-24 3.02345E-26 5.64769E-26
 3.50000E+04 2.36594E-23 2.20907E-23 1.44495E-24 1.63561E-26 3.03631E-26
 4.00000E+04 1.54760E-23 1.44492E-23 9.48838E-25 9.60551E-27 1.77267E-26
 4.50000E+04 1.06271E-23 9.92167E-24 6.53584E-25 6.00726E-27 1.10266E-26
 5.00000E+04 7.58466E-24 7.08090E-24 4.67662E-25 3.95086E-27 7.21044E-27
 5.50000E+04 5.58606E-24 5.21487E-24 3.45162E-25 2.70450E-27 4.91224E-27
 6.00000E+04 4.22279E-24 3.94207E-24 2.61398E-25 1.91584E-27 3.46081E-27
 7.00000E+04 2.56974E-24 2.39880E-24 1.59532E-25 1.04127E-27 1.86441E-27
 8.00000E+04 1.66995E-24 1.55880E-24 1.03903E-25 6.15943E-28 1.09320E-27
 9.00000E+04 1.14150E-24 1.06548E-24 7.11472E-26 3.88635E-28 6.84280E-28
 1.00000E+05 8.12229E-25 7.58119E-25 5.06965E-26 2.58073E-28 4.51110E-28
 1.10000E+05 5.97134E-25 5.57340E-25 3.73151E-26 1.78710E-28 3.10102E-28
 1.25000E+05 3.95519E-25 3.69150E-25 2.47514E-26 1.09534E-28 1.88383E-28
 1.40000E+05 2.74797E-25 2.56469E-25 1.72162E-26 7.13041E-29 1.21633E-28
 1.50000E+05 2.20303E-25 2.05607E-25 1.38109E-26 5.50541E-29 9.33976E-29
 1.75000E+05 1.34778E-25 1.25783E-25 8.46012E-27 3.10741E-29 5.21910E-29
 2.00000E+05 8.83799E-26 8.24798E-26 5.55301E-27 1.91159E-29 3.18279E-29
 2.20000E+05 6.55712E-26 6.11928E-26 4.12244E-27 1.35823E-29 2.25010E-29
 2.50000E+05 4.41308E-26 4.11833E-26 2.77651E-27 8.65490E-30 1.42751E-29
 3.00000E+05 2.53626E-26 2.36681E-26 1.59709E-27 4.62909E-30 7.61314E-30
 3.50000E+05 1.60789E-26 1.50044E-26 1.01308E-27 2.77593E-30 4.57675E-30
 4.00000E+05 1.09574E-26 1.02250E-26 6.90679E-28 1.80885E-30 2.99678E-30
 4.50000E+05 7.89187E-27 7.36438E-27 4.97596E-28 1.25375E-30 2.09538E-30
 5.00000E+05 5.93686E-27 5.54004E-27 3.74408E-28 9.11031E-31 1.54117E-30
 5.50000E+05 4.62527E-27 4.31611E-27 2.91736E-28 6.88902E-31 1.18017E-30
 6.00000E+05 3.70803E-27 3.46018E-27 2.33907E-28 5.36931E-31 9.32193E-31
 7.00000E+05 2.54926E-27 2.37887E-27 1.60830E-28 3.51846E-31 6.27669E-31
 8.00000E+05 1.87601E-27 1.75063E-27 1.18362E-28 2.48001E-31 4.55049E-31
 9.00000E+05 1.45137E-27 1.35438E-27 9.15717E-29 1.84470E-31 3.47900E-31
 1.00000E+06 1.16616E-27 1.08824E-27 7.35757E-29 1.43263E-31 2.77294E-31
 1.10000E+06 9.64858E-28 9.00395E-28 6.08746E-29 1.14739E-31 2.27722E-31
 1.25000E+06 7.57314E-28 7.06724E-28 4.77787E-29 8.66401E-32 1.77031E-31
 1.40000E+06 6.17535E-28 5.76288E-28 3.89579E-29 6.80647E-32 1.43370E-31
 1.50000E+06 5.47882E-28 5.11290E-28 3.45629E-29 5.92384E-32 1.26599E-31
 1.75000E+06 4.24113E-28 3.95792E-28 2.67536E-29 4.37658E-32 9.70477E-32
 2.00000E+06 3.43639E-28 3.20695E-28 2.16757E-29 3.42780E-32 7.80728E-32
 2.20000E+06 2.97470E-28 2.77612E-28 1.87601E-29 2.96670E-32 6.75708E-32
 2.50000E+06 2.46761E-28 2.30292E-28 1.55586E-29 2.46041E-32 5.60393E-32
 3.00000E+06 1.91196E-28 1.78439E-28 1.20517E-29 1.90581E-32 4.34076E-32
 3.50000E+06 1.55482E-28 1.45110E-28 9.79844E-30 1.54948E-32 3.52916E-32
 4.00000E+06 1.30719E-28 1.22001E-28 8.23657E-30 1.30249E-32 2.96660E-32
 4.50000E+06 1.12599E-28 1.05090E-28 7.09387E-30 1.12178E-32 2.55502E-32
 5.00000E+06 9.87929E-29 9.22053E-29 6.22344E-30 9.84137E-33 2.24151E-32
 5.50000E+06 8.79416E-29 8.20781E-29 5.53938E-30 8.75962E-33 1.99512E-32
 6.00000E+06 7.91976E-29 7.39175E-29 4.98824E-30 7.88807E-33 1.79662E-32
 7.00000E+06 6.59949E-29 6.15956E-29 4.15619E-30 6.57230E-33 1.49693E-32
 8.00000E+06 5.65164E-29 5.27492E-29 3.55894E-30 5.62784E-33 1.28182E-32
 9.00000E+06 4.93911E-29 4.60991E-29 3.11004E-30 4.91796E-33 1.12013E-32
 1.00000E+07 4.38449E-29 4.09227E-29 2.76065E-30 4.36547E-33 9.94295E-33
 1.10000E+07 3.94081E-29 3.67818E-29 2.48118E-30 3.92353E-33 8.93638E-33
 1.25000E+07 3.42035E-29 3.19241E-29 2.15337E-30 3.40515E-33 7.75570E-33
 1.40000E+07 3.02051E-29 2.81923E-29 1.90156E-30 3.00696E-33 6.84876E-33
 1.50000E+07 2.80184E-29 2.61513E-29 1.76385E-30 2.78919E-33 6.35278E-33
 1.75000E+07 2.37188E-29 2.21383E-29 1.49310E-30 2.36106E-33 5.37763E-33
 2.00000E+07 2.05587E-29 1.91889E-29 1.29413E-30 2.04641E-33 4.66099E-33
 2.20000E+07 1.85766E-29 1.73389E-29 1.16933E-30 1.84907E-33 4.21152E-33
 2.50000E+07 1.62278E-29 1.51465E-29 1.02145E-30 1.61522E-33 3.67890E-33
 3.00000E+07 1.34009E-29 1.25081E-29 8.43489E-31 1.33381E-33 3.03794E-33
 3.50000E+07 1.14115E-29 1.06512E-29 7.18249E-31 1.13577E-33 2.58687E-33
 4.00000E+07 9.93568E-30 9.27374E-30 6.25349E-31 9.88865E-34 2.25228E-33
 4.50000E+07 8.79751E-30 8.21141E-30 5.53705E-31 8.75573E-34 1.99424E-33
 5.00000E+07 7.89308E-30 7.36724E-30 4.96776E-31 7.85551E-34 1.78920E-33
 5.50000E+07 7.15714E-30 6.68034E-30 4.50453E-31 7.12301E-34 1.62236E-33
 6.00000E+07 6.54665E-30 6.11052E-30 4.12027E-31 6.51537E-34 1.48397E-33
 7.00000E+07 5.59244E-30 5.21988E-30 3.51967E-31 5.56565E-34 1.26765E-33
 8.00000E+07 4.88091E-30 4.55575E-30 3.07183E-31 4.85747E-34 1.10636E-33
 9.00000E+07 4.32994E-30 4.04149E-30 2.72506E-31 4.30912E-34 9.81462E-34
 1.00000E+08 3.89072E-30 3.63153E-30 2.44861E-31 3.87199E-34 8.81898E-34
 1.10000E+08 3.53237E-30 3.29706E-30 2.22308E-31 3.51535E-34 8.00670E-34
 1.25000E+08 3.10358E-30 2.89684E-30 1.95321E-31 3.08861E-34 7.03473E-34
 1.40000E+08 2.76761E-30 2.58324E-30 1.74176E-31 2.75424E-34 6.27317E-34
 1.50000E+08 2.58131E-30 2.40936E-30 1.62452E-31 2.56884E-34 5.85089E-34
 1.75000E+08 2.20949E-30 2.06230E-30 1.39050E-31 2.19880E-34 5.00807E-34
 2.00000E+08 1.93128E-30 1.80263E-30 1.21542E-31 1.92193E-34 4.37747E-34
 2.20000E+08 1.75455E-30 1.63767E-30 1.10419E-31 1.74605E-34 3.97686E-34
 2.50000E+08 1.54277E-30 1.44000E-30 9.70906E-32 1.53529E-34 3.49683E-34
 3.00000E+08 1.28438E-30 1.19882E-30 8.08293E-32 1.27815E-34 2.91116E-34
 3.50000E+08 1.10013E-30 1.02684E-30 6.92336E-32 1.09479E-34 2.49353E-34
 4.00000E+08 9.62104E-31 8.98014E-31 6.05474E-32 9.57433E-35 2.18069E-34
 4.50000E+08 8.54853E-31 7.97908E-31 5.37978E-32 8.50702E-35 1.93759E-34
 5.00000E+08 7.69116E-31 7.17882E-31 4.84021E-32 7.65379E-35 1.74326E-34
 5.50000E+08 6.99008E-31 6.52445E-31 4.39900E-32 6.95612E-35 1.58435E-34
 6.00000E+08 6.40614E-31 5.97940E-31 4.03151E-32 6.37501E-35 1.45200E-34
 7.00000E+08 5.48904E-31 5.12340E-31 3.45436E-32 5.46236E-35 1.24413E-34
 8.00000E+08 4.80164E-31 4.48179E-31 3.02176E-32 4.77830E-35 1.08832E-34
 9.00000E+08 4.26725E-31 3.98299E-31 2.68546E-32 4.24650E-35 9.67199E-35
 1.00000E+09 3.83989E-31 3.58410E-31 2.41651E-32 3.82122E-35 8.70335E-35
