 ***  Photoelectric cross sections,  IZ = 99,  NSHELL = 16,  NDATA = 384
              0           1           2           3           4           5           6           7           8           9          10          11          12          13          14          15          16
 5.00000E+01 1.80049E-17 0.00000E+00 0.00000E+00 0.00000E+00 0.00000E+00 0.00000E+00 0.00000E+00 0.00000E+00 0.00000E+00 0.00000E+00 0.00000E+00 0.00000E+00 0.00000E+00 0.00000E+00 0.00000E+00 0.00000E+00 0.00000E+00
 5.24404E+01 1.80660E-17 0.00000E+00 0.00000E+00 0.00000E+00 0.00000E+00 0.00000E+00 0.00000E+00 0.00000E+00 0.00000E+00 0.00000E+00 0.00000E+00 0.00000E+00 0.00000E+00 0.00000E+00 0.00000E+00 0.00000E+00 0.00000E+00
 5.50000E+01 1.82050E-17 0.00000E+00 0.00000E+00 0.00000E+00 0.00000E+00 0.00000E+00 0.00000E+00 0.00000E+00 0.00000E+00 0.00000E+00 0.00000E+00 0.00000E+00 0.00000E+00 0.00000E+00 0.00000E+00 0.00000E+00 0.00000E+00
 6.00000E+01 1.85607E-17 0.00000E+00 0.00000E+00 0.00000E+00 0.00000E+00 0.00000E+00 0.00000E+00 0.00000E+00 0.00000E+00 0.00000E+00 0.00000E+00 0.00000E+00 0.00000E+00 0.00000E+00 0.00000E+00 0.00000E+00 0.00000E+00
 6.30000E+01 1.87571E-17 0.00000E+00 0.00000E+00 0.00000E+00 0.00000E+00 0.00000E+00 0.00000E+00 0.00000E+00 0.00000E+00 0.00000E+00 0.00000E+00 0.00000E+00 0.00000E+00 0.00000E+00 0.00000E+00 0.00000E+00 0.00000E+00
 6.30000E+01 1.91425E-17 0.00000E+00 0.00000E+00 0.00000E+00 0.00000E+00 0.00000E+00 0.00000E+00 0.00000E+00 0.00000E+00 0.00000E+00 0.00000E+00 0.00000E+00 0.00000E+00 0.00000E+00 0.00000E+00 0.00000E+00 0.00000E+00
 6.64078E+01 1.92238E-17 0.00000E+00 0.00000E+00 0.00000E+00 0.00000E+00 0.00000E+00 0.00000E+00 0.00000E+00 0.00000E+00 0.00000E+00 0.00000E+00 0.00000E+00 0.00000E+00 0.00000E+00 0.00000E+00 0.00000E+00 0.00000E+00
 7.00000E+01 1.92027E-17 0.00000E+00 0.00000E+00 0.00000E+00 0.00000E+00 0.00000E+00 0.00000E+00 0.00000E+00 0.00000E+00 0.00000E+00 0.00000E+00 0.00000E+00 0.00000E+00 0.00000E+00 0.00000E+00 0.00000E+00 0.00000E+00
 7.23762E+01 1.91051E-17 0.00000E+00 0.00000E+00 0.00000E+00 0.00000E+00 0.00000E+00 0.00000E+00 0.00000E+00 0.00000E+00 0.00000E+00 0.00000E+00 0.00000E+00 0.00000E+00 0.00000E+00 0.00000E+00 0.00000E+00 0.00000E+00
 7.48331E+01 1.89301E-17 0.00000E+00 0.00000E+00 0.00000E+00 0.00000E+00 0.00000E+00 0.00000E+00 0.00000E+00 0.00000E+00 0.00000E+00 0.00000E+00 0.00000E+00 0.00000E+00 0.00000E+00 0.00000E+00 0.00000E+00 0.00000E+00
 7.73735E+01 1.86806E-17 0.00000E+00 0.00000E+00 0.00000E+00 0.00000E+00 0.00000E+00 0.00000E+00 0.00000E+00 0.00000E+00 0.00000E+00 0.00000E+00 0.00000E+00 0.00000E+00 0.00000E+00 0.00000E+00 0.00000E+00 0.00000E+00
 8.00000E+01 1.83432E-17 0.00000E+00 0.00000E+00 0.00000E+00 0.00000E+00 0.00000E+00 0.00000E+00 0.00000E+00 0.00000E+00 0.00000E+00 0.00000E+00 0.00000E+00 0.00000E+00 0.00000E+00 0.00000E+00 0.00000E+00 0.00000E+00
 8.23907E+01 1.79732E-17 0.00000E+00 0.00000E+00 0.00000E+00 0.00000E+00 0.00000E+00 0.00000E+00 0.00000E+00 0.00000E+00 0.00000E+00 0.00000E+00 0.00000E+00 0.00000E+00 0.00000E+00 0.00000E+00 0.00000E+00 0.00000E+00
 8.48528E+01 1.75371E-17 0.00000E+00 0.00000E+00 0.00000E+00 0.00000E+00 0.00000E+00 0.00000E+00 0.00000E+00 0.00000E+00 0.00000E+00 0.00000E+00 0.00000E+00 0.00000E+00 0.00000E+00 0.00000E+00 0.00000E+00 0.00000E+00
 8.73885E+01 1.70340E-17 0.00000E+00 0.00000E+00 0.00000E+00 0.00000E+00 0.00000E+00 0.00000E+00 0.00000E+00 0.00000E+00 0.00000E+00 0.00000E+00 0.00000E+00 0.00000E+00 0.00000E+00 0.00000E+00 0.00000E+00 0.00000E+00
 9.00000E+01 1.64721E-17 0.00000E+00 0.00000E+00 0.00000E+00 0.00000E+00 0.00000E+00 0.00000E+00 0.00000E+00 0.00000E+00 0.00000E+00 0.00000E+00 0.00000E+00 0.00000E+00 0.00000E+00 0.00000E+00 0.00000E+00 0.00000E+00
 9.24021E+01 1.59157E-17 0.00000E+00 0.00000E+00 0.00000E+00 0.00000E+00 0.00000E+00 0.00000E+00 0.00000E+00 0.00000E+00 0.00000E+00 0.00000E+00 0.00000E+00 0.00000E+00 0.00000E+00 0.00000E+00 0.00000E+00 0.00000E+00
 9.48683E+01 1.53114E-17 0.00000E+00 0.00000E+00 0.00000E+00 0.00000E+00 0.00000E+00 0.00000E+00 0.00000E+00 0.00000E+00 0.00000E+00 0.00000E+00 0.00000E+00 0.00000E+00 0.00000E+00 0.00000E+00 0.00000E+00 0.00000E+00
 9.74004E+01 1.46668E-17 0.00000E+00 0.00000E+00 0.00000E+00 0.00000E+00 0.00000E+00 0.00000E+00 0.00000E+00 0.00000E+00 0.00000E+00 0.00000E+00 0.00000E+00 0.00000E+00 0.00000E+00 0.00000E+00 0.00000E+00 0.00000E+00
 1.00000E+02 1.39828E-17 0.00000E+00 0.00000E+00 0.00000E+00 0.00000E+00 0.00000E+00 0.00000E+00 0.00000E+00 0.00000E+00 0.00000E+00 0.00000E+00 0.00000E+00 0.00000E+00 0.00000E+00 0.00000E+00 0.00000E+00 0.00000E+00
 1.02411E+02 1.33322E-17 0.00000E+00 0.00000E+00 0.00000E+00 0.00000E+00 0.00000E+00 0.00000E+00 0.00000E+00 0.00000E+00 0.00000E+00 0.00000E+00 0.00000E+00 0.00000E+00 0.00000E+00 0.00000E+00 0.00000E+00 0.00000E+00
 1.04881E+02 1.26604E-17 0.00000E+00 0.00000E+00 0.00000E+00 0.00000E+00 0.00000E+00 0.00000E+00 0.00000E+00 0.00000E+00 0.00000E+00 0.00000E+00 0.00000E+00 0.00000E+00 0.00000E+00 0.00000E+00 0.00000E+00 0.00000E+00
 1.07410E+02 1.19634E-17 0.00000E+00 0.00000E+00 0.00000E+00 0.00000E+00 0.00000E+00 0.00000E+00 0.00000E+00 0.00000E+00 0.00000E+00 0.00000E+00 0.00000E+00 0.00000E+00 0.00000E+00 0.00000E+00 0.00000E+00 0.00000E+00
 1.10000E+02 1.12555E-17 0.00000E+00 0.00000E+00 0.00000E+00 0.00000E+00 0.00000E+00 0.00000E+00 0.00000E+00 0.00000E+00 0.00000E+00 0.00000E+00 0.00000E+00 0.00000E+00 0.00000E+00 0.00000E+00 0.00000E+00 0.00000E+00
 1.11772E+02 1.07742E-17 0.00000E+00 0.00000E+00 0.00000E+00 0.00000E+00 0.00000E+00 0.00000E+00 0.00000E+00 0.00000E+00 0.00000E+00 0.00000E+00 0.00000E+00 0.00000E+00 0.00000E+00 0.00000E+00 0.00000E+00 0.00000E+00
 1.13572E+02 1.02911E-17 0.00000E+00 0.00000E+00 0.00000E+00 0.00000E+00 0.00000E+00 0.00000E+00 0.00000E+00 0.00000E+00 0.00000E+00 0.00000E+00 0.00000E+00 0.00000E+00 0.00000E+00 0.00000E+00 0.00000E+00 0.00000E+00
 1.15402E+02 9.80812E-18 0.00000E+00 0.00000E+00 0.00000E+00 0.00000E+00 0.00000E+00 0.00000E+00 0.00000E+00 0.00000E+00 0.00000E+00 0.00000E+00 0.00000E+00 0.00000E+00 0.00000E+00 0.00000E+00 0.00000E+00 0.00000E+00
 1.17260E+02 9.32723E-18 0.00000E+00 0.00000E+00 0.00000E+00 0.00000E+00 0.00000E+00 0.00000E+00 0.00000E+00 0.00000E+00 0.00000E+00 0.00000E+00 0.00000E+00 0.00000E+00 0.00000E+00 0.00000E+00 0.00000E+00 0.00000E+00
 1.21068E+02 8.37729E-18 0.00000E+00 0.00000E+00 0.00000E+00 0.00000E+00 0.00000E+00 0.00000E+00 0.00000E+00 0.00000E+00 0.00000E+00 0.00000E+00 0.00000E+00 0.00000E+00 0.00000E+00 0.00000E+00 0.00000E+00 0.00000E+00
 1.23018E+02 7.91655E-18 0.00000E+00 0.00000E+00 0.00000E+00 0.00000E+00 0.00000E+00 0.00000E+00 0.00000E+00 0.00000E+00 0.00000E+00 0.00000E+00 0.00000E+00 0.00000E+00 0.00000E+00 0.00000E+00 0.00000E+00 0.00000E+00
 1.25000E+02 7.46208E-18 0.00000E+00 0.00000E+00 0.00000E+00 0.00000E+00 0.00000E+00 0.00000E+00 0.00000E+00 0.00000E+00 0.00000E+00 0.00000E+00 0.00000E+00 0.00000E+00 0.00000E+00 0.00000E+00 0.00000E+00 0.00000E+00
 1.27428E+02 6.92893E-18 0.00000E+00 0.00000E+00 0.00000E+00 0.00000E+00 0.00000E+00 0.00000E+00 0.00000E+00 0.00000E+00 0.00000E+00 0.00000E+00 0.00000E+00 0.00000E+00 0.00000E+00 0.00000E+00 0.00000E+00 0.00000E+00
 1.29904E+02 6.41455E-18 0.00000E+00 0.00000E+00 0.00000E+00 0.00000E+00 0.00000E+00 0.00000E+00 0.00000E+00 0.00000E+00 0.00000E+00 0.00000E+00 0.00000E+00 0.00000E+00 0.00000E+00 0.00000E+00 0.00000E+00 0.00000E+00
 1.32427E+02 5.92163E-18 0.00000E+00 0.00000E+00 0.00000E+00 0.00000E+00 0.00000E+00 0.00000E+00 0.00000E+00 0.00000E+00 0.00000E+00 0.00000E+00 0.00000E+00 0.00000E+00 0.00000E+00 0.00000E+00 0.00000E+00 0.00000E+00
 1.35000E+02 5.45187E-18 0.00000E+00 0.00000E+00 0.00000E+00 0.00000E+00 0.00000E+00 0.00000E+00 0.00000E+00 0.00000E+00 0.00000E+00 0.00000E+00 0.00000E+00 0.00000E+00 0.00000E+00 0.00000E+00 0.00000E+00 0.00000E+00
 1.35000E+02 6.14296E-18 0.00000E+00 0.00000E+00 0.00000E+00 0.00000E+00 0.00000E+00 0.00000E+00 0.00000E+00 0.00000E+00 0.00000E+00 0.00000E+00 0.00000E+00 0.00000E+00 0.00000E+00 0.00000E+00 0.00000E+00 0.00000E+00
 1.36233E+02 5.99516E-18 0.00000E+00 0.00000E+00 0.00000E+00 0.00000E+00 0.00000E+00 0.00000E+00 0.00000E+00 0.00000E+00 0.00000E+00 0.00000E+00 0.00000E+00 0.00000E+00 0.00000E+00 0.00000E+00 0.00000E+00 0.00000E+00
 1.37477E+02 5.87351E-18 0.00000E+00 0.00000E+00 0.00000E+00 0.00000E+00 0.00000E+00 0.00000E+00 0.00000E+00 0.00000E+00 0.00000E+00 0.00000E+00 0.00000E+00 0.00000E+00 0.00000E+00 0.00000E+00 0.00000E+00 0.00000E+00
 1.38733E+02 5.77250E-18 0.00000E+00 0.00000E+00 0.00000E+00 0.00000E+00 0.00000E+00 0.00000E+00 0.00000E+00 0.00000E+00 0.00000E+00 0.00000E+00 0.00000E+00 0.00000E+00 0.00000E+00 0.00000E+00 0.00000E+00 0.00000E+00
 1.40000E+02 5.68822E-18 0.00000E+00 0.00000E+00 0.00000E+00 0.00000E+00 0.00000E+00 0.00000E+00 0.00000E+00 0.00000E+00 0.00000E+00 0.00000E+00 0.00000E+00 0.00000E+00 0.00000E+00 0.00000E+00 0.00000E+00 0.00000E+00
 1.43944E+02 5.44203E-18 0.00000E+00 0.00000E+00 0.00000E+00 0.00000E+00 0.00000E+00 0.00000E+00 0.00000E+00 0.00000E+00 0.00000E+00 0.00000E+00 0.00000E+00 0.00000E+00 0.00000E+00 0.00000E+00 0.00000E+00 0.00000E+00
 1.45958E+02 5.28821E-18 0.00000E+00 0.00000E+00 0.00000E+00 0.00000E+00 0.00000E+00 0.00000E+00 0.00000E+00 0.00000E+00 0.00000E+00 0.00000E+00 0.00000E+00 0.00000E+00 0.00000E+00 0.00000E+00 0.00000E+00 0.00000E+00
 1.48000E+02 5.09602E-18 0.00000E+00 0.00000E+00 0.00000E+00 0.00000E+00 0.00000E+00 0.00000E+00 0.00000E+00 0.00000E+00 0.00000E+00 0.00000E+00 0.00000E+00 0.00000E+00 0.00000E+00 0.00000E+00 0.00000E+00 0.00000E+00
 1.48000E+02 5.54721E-18 0.00000E+00 0.00000E+00 0.00000E+00 0.00000E+00 0.00000E+00 0.00000E+00 0.00000E+00 0.00000E+00 0.00000E+00 0.00000E+00 0.00000E+00 0.00000E+00 0.00000E+00 0.00000E+00 0.00000E+00 0.00000E+00
 1.50000E+02 5.37514E-18 0.00000E+00 0.00000E+00 0.00000E+00 0.00000E+00 0.00000E+00 0.00000E+00 0.00000E+00 0.00000E+00 0.00000E+00 0.00000E+00 0.00000E+00 0.00000E+00 0.00000E+00 0.00000E+00 0.00000E+00 0.00000E+00
 1.52918E+02 5.15815E-18 0.00000E+00 0.00000E+00 0.00000E+00 0.00000E+00 0.00000E+00 0.00000E+00 0.00000E+00 0.00000E+00 0.00000E+00 0.00000E+00 0.00000E+00 0.00000E+00 0.00000E+00 0.00000E+00 0.00000E+00 0.00000E+00
 1.55893E+02 4.96220E-18 0.00000E+00 0.00000E+00 0.00000E+00 0.00000E+00 0.00000E+00 0.00000E+00 0.00000E+00 0.00000E+00 0.00000E+00 0.00000E+00 0.00000E+00 0.00000E+00 0.00000E+00 0.00000E+00 0.00000E+00 0.00000E+00
 1.57403E+02 4.85671E-18 0.00000E+00 0.00000E+00 0.00000E+00 0.00000E+00 0.00000E+00 0.00000E+00 0.00000E+00 0.00000E+00 0.00000E+00 0.00000E+00 0.00000E+00 0.00000E+00 0.00000E+00 0.00000E+00 0.00000E+00 0.00000E+00
 1.58926E+02 4.73871E-18 0.00000E+00 0.00000E+00 0.00000E+00 0.00000E+00 0.00000E+00 0.00000E+00 0.00000E+00 0.00000E+00 0.00000E+00 0.00000E+00 0.00000E+00 0.00000E+00 0.00000E+00 0.00000E+00 0.00000E+00 0.00000E+00
 1.60465E+02 4.60775E-18 0.00000E+00 0.00000E+00 0.00000E+00 0.00000E+00 0.00000E+00 0.00000E+00 0.00000E+00 0.00000E+00 0.00000E+00 0.00000E+00 0.00000E+00 0.00000E+00 0.00000E+00 0.00000E+00 0.00000E+00 0.00000E+00
 1.62019E+02 4.46338E-18 0.00000E+00 0.00000E+00 0.00000E+00 0.00000E+00 0.00000E+00 0.00000E+00 0.00000E+00 0.00000E+00 0.00000E+00 0.00000E+00 0.00000E+00 0.00000E+00 0.00000E+00 0.00000E+00 0.00000E+00 0.00000E+00
 1.63587E+02 4.31089E-18 0.00000E+00 0.00000E+00 0.00000E+00 0.00000E+00 0.00000E+00 0.00000E+00 0.00000E+00 0.00000E+00 0.00000E+00 0.00000E+00 0.00000E+00 0.00000E+00 0.00000E+00 0.00000E+00 0.00000E+00 0.00000E+00
 1.65171E+02 4.15003E-18 0.00000E+00 0.00000E+00 0.00000E+00 0.00000E+00 0.00000E+00 0.00000E+00 0.00000E+00 0.00000E+00 0.00000E+00 0.00000E+00 0.00000E+00 0.00000E+00 0.00000E+00 0.00000E+00 0.00000E+00 0.00000E+00
 1.66770E+02 3.98529E-18 0.00000E+00 0.00000E+00 0.00000E+00 0.00000E+00 0.00000E+00 0.00000E+00 0.00000E+00 0.00000E+00 0.00000E+00 0.00000E+00 0.00000E+00 0.00000E+00 0.00000E+00 0.00000E+00 0.00000E+00 0.00000E+00
 1.68384E+02 3.81941E-18 0.00000E+00 0.00000E+00 0.00000E+00 0.00000E+00 0.00000E+00 0.00000E+00 0.00000E+00 0.00000E+00 0.00000E+00 0.00000E+00 0.00000E+00 0.00000E+00 0.00000E+00 0.00000E+00 0.00000E+00 0.00000E+00
 1.71660E+02 3.49159E-18 0.00000E+00 0.00000E+00 0.00000E+00 0.00000E+00 0.00000E+00 0.00000E+00 0.00000E+00 0.00000E+00 0.00000E+00 0.00000E+00 0.00000E+00 0.00000E+00 0.00000E+00 0.00000E+00 0.00000E+00 0.00000E+00
 1.75000E+02 3.18104E-18 0.00000E+00 0.00000E+00 0.00000E+00 0.00000E+00 0.00000E+00 0.00000E+00 0.00000E+00 0.00000E+00 0.00000E+00 0.00000E+00 0.00000E+00 0.00000E+00 0.00000E+00 0.00000E+00 0.00000E+00 0.00000E+00
 1.80941E+02 2.68703E-18 0.00000E+00 0.00000E+00 0.00000E+00 0.00000E+00 0.00000E+00 0.00000E+00 0.00000E+00 0.00000E+00 0.00000E+00 0.00000E+00 0.00000E+00 0.00000E+00 0.00000E+00 0.00000E+00 0.00000E+00 0.00000E+00
 1.87083E+02 2.25418E-18 0.00000E+00 0.00000E+00 0.00000E+00 0.00000E+00 0.00000E+00 0.00000E+00 0.00000E+00 0.00000E+00 0.00000E+00 0.00000E+00 0.00000E+00 0.00000E+00 0.00000E+00 0.00000E+00 0.00000E+00 0.00000E+00
 1.93434E+02 1.88193E-18 0.00000E+00 0.00000E+00 0.00000E+00 0.00000E+00 0.00000E+00 0.00000E+00 0.00000E+00 0.00000E+00 0.00000E+00 0.00000E+00 0.00000E+00 0.00000E+00 0.00000E+00 0.00000E+00 0.00000E+00 0.00000E+00
 2.00000E+02 1.56726E-18 0.00000E+00 0.00000E+00 0.00000E+00 0.00000E+00 0.00000E+00 0.00000E+00 0.00000E+00 0.00000E+00 0.00000E+00 0.00000E+00 0.00000E+00 0.00000E+00 0.00000E+00 0.00000E+00 0.00000E+00 0.00000E+00
 2.09762E+02 1.21088E-18 0.00000E+00 0.00000E+00 0.00000E+00 0.00000E+00 0.00000E+00 0.00000E+00 0.00000E+00 0.00000E+00 0.00000E+00 0.00000E+00 0.00000E+00 0.00000E+00 0.00000E+00 0.00000E+00 0.00000E+00 0.00000E+00
 2.14820E+02 1.06964E-18 0.00000E+00 0.00000E+00 0.00000E+00 0.00000E+00 0.00000E+00 0.00000E+00 0.00000E+00 0.00000E+00 0.00000E+00 0.00000E+00 0.00000E+00 0.00000E+00 0.00000E+00 0.00000E+00 0.00000E+00 0.00000E+00
 2.20000E+02 9.49777E-19 0.00000E+00 0.00000E+00 0.00000E+00 0.00000E+00 0.00000E+00 0.00000E+00 0.00000E+00 0.00000E+00 0.00000E+00 0.00000E+00 0.00000E+00 0.00000E+00 0.00000E+00 0.00000E+00 0.00000E+00 0.00000E+00
 2.23544E+02 8.80038E-19 0.00000E+00 0.00000E+00 0.00000E+00 0.00000E+00 0.00000E+00 0.00000E+00 0.00000E+00 0.00000E+00 0.00000E+00 0.00000E+00 0.00000E+00 0.00000E+00 0.00000E+00 0.00000E+00 0.00000E+00 0.00000E+00
 2.27144E+02 8.18122E-19 0.00000E+00 0.00000E+00 0.00000E+00 0.00000E+00 0.00000E+00 0.00000E+00 0.00000E+00 0.00000E+00 0.00000E+00 0.00000E+00 0.00000E+00 0.00000E+00 0.00000E+00 0.00000E+00 0.00000E+00 0.00000E+00
 2.30803E+02 7.63392E-19 0.00000E+00 0.00000E+00 0.00000E+00 0.00000E+00 0.00000E+00 0.00000E+00 0.00000E+00 0.00000E+00 0.00000E+00 0.00000E+00 0.00000E+00 0.00000E+00 0.00000E+00 0.00000E+00 0.00000E+00 0.00000E+00
 2.34521E+02 7.15161E-19 0.00000E+00 0.00000E+00 0.00000E+00 0.00000E+00 0.00000E+00 0.00000E+00 0.00000E+00 0.00000E+00 0.00000E+00 0.00000E+00 0.00000E+00 0.00000E+00 0.00000E+00 0.00000E+00 0.00000E+00 0.00000E+00
 2.38298E+02 6.72820E-19 0.00000E+00 0.00000E+00 0.00000E+00 0.00000E+00 0.00000E+00 0.00000E+00 0.00000E+00 0.00000E+00 0.00000E+00 0.00000E+00 0.00000E+00 0.00000E+00 0.00000E+00 0.00000E+00 0.00000E+00 0.00000E+00
 2.42137E+02 6.35994E-19 0.00000E+00 0.00000E+00 0.00000E+00 0.00000E+00 0.00000E+00 0.00000E+00 0.00000E+00 0.00000E+00 0.00000E+00 0.00000E+00 0.00000E+00 0.00000E+00 0.00000E+00 0.00000E+00 0.00000E+00 0.00000E+00
 2.46037E+02 6.03878E-19 0.00000E+00 0.00000E+00 0.00000E+00 0.00000E+00 0.00000E+00 0.00000E+00 0.00000E+00 0.00000E+00 0.00000E+00 0.00000E+00 0.00000E+00 0.00000E+00 0.00000E+00 0.00000E+00 0.00000E+00 0.00000E+00
 2.50000E+02 5.76396E-19 0.00000E+00 0.00000E+00 0.00000E+00 0.00000E+00 0.00000E+00 0.00000E+00 0.00000E+00 0.00000E+00 0.00000E+00 0.00000E+00 0.00000E+00 0.00000E+00 0.00000E+00 0.00000E+00 0.00000E+00 0.00000E+00
 2.54951E+02 5.48136E-19 0.00000E+00 0.00000E+00 0.00000E+00 0.00000E+00 0.00000E+00 0.00000E+00 0.00000E+00 0.00000E+00 0.00000E+00 0.00000E+00 0.00000E+00 0.00000E+00 0.00000E+00 0.00000E+00 0.00000E+00 0.00000E+00
 2.60000E+02 5.25419E-19 0.00000E+00 0.00000E+00 0.00000E+00 0.00000E+00 0.00000E+00 0.00000E+00 0.00000E+00 0.00000E+00 0.00000E+00 0.00000E+00 0.00000E+00 0.00000E+00 0.00000E+00 0.00000E+00 0.00000E+00 0.00000E+00
 2.60000E+02 8.27801E-19 0.00000E+00 0.00000E+00 0.00000E+00 0.00000E+00 0.00000E+00 0.00000E+00 0.00000E+00 0.00000E+00 0.00000E+00 0.00000E+00 0.00000E+00 0.00000E+00 0.00000E+00 0.00000E+00 0.00000E+00 0.00000E+00
 2.62336E+02 8.08808E-19 0.00000E+00 0.00000E+00 0.00000E+00 0.00000E+00 0.00000E+00 0.00000E+00 0.00000E+00 0.00000E+00 0.00000E+00 0.00000E+00 0.00000E+00 0.00000E+00 0.00000E+00 0.00000E+00 0.00000E+00 0.00000E+00
 2.64693E+02 7.94192E-19 0.00000E+00 0.00000E+00 0.00000E+00 0.00000E+00 0.00000E+00 0.00000E+00 0.00000E+00 0.00000E+00 0.00000E+00 0.00000E+00 0.00000E+00 0.00000E+00 0.00000E+00 0.00000E+00 0.00000E+00 0.00000E+00
 2.67071E+02 7.82139E-19 0.00000E+00 0.00000E+00 0.00000E+00 0.00000E+00 0.00000E+00 0.00000E+00 0.00000E+00 0.00000E+00 0.00000E+00 0.00000E+00 0.00000E+00 0.00000E+00 0.00000E+00 0.00000E+00 0.00000E+00 0.00000E+00
 2.69470E+02 7.72343E-19 0.00000E+00 0.00000E+00 0.00000E+00 0.00000E+00 0.00000E+00 0.00000E+00 0.00000E+00 0.00000E+00 0.00000E+00 0.00000E+00 0.00000E+00 0.00000E+00 0.00000E+00 0.00000E+00 0.00000E+00 0.00000E+00
 2.74333E+02 7.56991E-19 0.00000E+00 0.00000E+00 0.00000E+00 0.00000E+00 0.00000E+00 0.00000E+00 0.00000E+00 0.00000E+00 0.00000E+00 0.00000E+00 0.00000E+00 0.00000E+00 0.00000E+00 0.00000E+00 0.00000E+00 0.00000E+00
 2.79285E+02 7.45049E-19 0.00000E+00 0.00000E+00 0.00000E+00 0.00000E+00 0.00000E+00 0.00000E+00 0.00000E+00 0.00000E+00 0.00000E+00 0.00000E+00 0.00000E+00 0.00000E+00 0.00000E+00 0.00000E+00 0.00000E+00 0.00000E+00
 2.89457E+02 7.25655E-19 0.00000E+00 0.00000E+00 0.00000E+00 0.00000E+00 0.00000E+00 0.00000E+00 0.00000E+00 0.00000E+00 0.00000E+00 0.00000E+00 0.00000E+00 0.00000E+00 0.00000E+00 0.00000E+00 0.00000E+00 0.00000E+00
 3.00000E+02 7.12811E-19 0.00000E+00 0.00000E+00 0.00000E+00 0.00000E+00 0.00000E+00 0.00000E+00 0.00000E+00 0.00000E+00 0.00000E+00 0.00000E+00 0.00000E+00 0.00000E+00 0.00000E+00 0.00000E+00 0.00000E+00 0.00000E+00
 3.11787E+02 7.05861E-19 0.00000E+00 0.00000E+00 0.00000E+00 0.00000E+00 0.00000E+00 0.00000E+00 0.00000E+00 0.00000E+00 0.00000E+00 0.00000E+00 0.00000E+00 0.00000E+00 0.00000E+00 0.00000E+00 0.00000E+00 0.00000E+00
 3.24037E+02 7.05301E-19 0.00000E+00 0.00000E+00 0.00000E+00 0.00000E+00 0.00000E+00 0.00000E+00 0.00000E+00 0.00000E+00 0.00000E+00 0.00000E+00 0.00000E+00 0.00000E+00 0.00000E+00 0.00000E+00 0.00000E+00 0.00000E+00
 3.50000E+02 7.13104E-19 0.00000E+00 0.00000E+00 0.00000E+00 0.00000E+00 0.00000E+00 0.00000E+00 0.00000E+00 0.00000E+00 0.00000E+00 0.00000E+00 0.00000E+00 0.00000E+00 0.00000E+00 0.00000E+00 0.00000E+00 0.00000E+00
 3.53000E+02 7.14211E-19 0.00000E+00 0.00000E+00 0.00000E+00 0.00000E+00 0.00000E+00 0.00000E+00 0.00000E+00 0.00000E+00 0.00000E+00 0.00000E+00 0.00000E+00 0.00000E+00 0.00000E+00 0.00000E+00 0.00000E+00 0.00000E+00
 3.53000E+02 8.20794E-19 0.00000E+00 0.00000E+00 0.00000E+00 0.00000E+00 0.00000E+00 0.00000E+00 0.00000E+00 0.00000E+00 0.00000E+00 0.00000E+00 0.00000E+00 0.00000E+00 0.00000E+00 0.00000E+00 0.00000E+00 0.00000E+00
 4.00000E+02 7.94975E-19 0.00000E+00 0.00000E+00 0.00000E+00 0.00000E+00 0.00000E+00 0.00000E+00 0.00000E+00 0.00000E+00 0.00000E+00 0.00000E+00 0.00000E+00 0.00000E+00 0.00000E+00 0.00000E+00 0.00000E+00 0.00000E+00
 4.29000E+02 7.82123E-19 0.00000E+00 0.00000E+00 0.00000E+00 0.00000E+00 0.00000E+00 0.00000E+00 0.00000E+00 0.00000E+00 0.00000E+00 0.00000E+00 0.00000E+00 0.00000E+00 0.00000E+00 0.00000E+00 0.00000E+00 0.00000E+00
 4.29000E+02 8.28333E-19 0.00000E+00 0.00000E+00 0.00000E+00 0.00000E+00 0.00000E+00 0.00000E+00 0.00000E+00 0.00000E+00 0.00000E+00 0.00000E+00 0.00000E+00 0.00000E+00 0.00000E+00 0.00000E+00 0.00000E+00 0.00000E+00
 4.34156E+02 8.20549E-19 0.00000E+00 0.00000E+00 0.00000E+00 0.00000E+00 0.00000E+00 0.00000E+00 0.00000E+00 0.00000E+00 0.00000E+00 0.00000E+00 0.00000E+00 0.00000E+00 0.00000E+00 0.00000E+00 0.00000E+00 0.00000E+00
 4.39375E+02 8.15921E-19 0.00000E+00 0.00000E+00 0.00000E+00 0.00000E+00 0.00000E+00 0.00000E+00 0.00000E+00 0.00000E+00 0.00000E+00 0.00000E+00 0.00000E+00 0.00000E+00 0.00000E+00 0.00000E+00 0.00000E+00 0.00000E+00
 4.50000E+02 8.08931E-19 0.00000E+00 0.00000E+00 0.00000E+00 0.00000E+00 0.00000E+00 0.00000E+00 0.00000E+00 0.00000E+00 0.00000E+00 0.00000E+00 0.00000E+00 0.00000E+00 0.00000E+00 0.00000E+00 0.00000E+00 0.00000E+00
 4.74342E+02 7.93062E-19 0.00000E+00 0.00000E+00 0.00000E+00 0.00000E+00 0.00000E+00 0.00000E+00 0.00000E+00 0.00000E+00 0.00000E+00 0.00000E+00 0.00000E+00 0.00000E+00 0.00000E+00 0.00000E+00 0.00000E+00 0.00000E+00
 5.00000E+02 7.74181E-19 0.00000E+00 0.00000E+00 0.00000E+00 0.00000E+00 0.00000E+00 0.00000E+00 0.00000E+00 0.00000E+00 0.00000E+00 0.00000E+00 0.00000E+00 0.00000E+00 0.00000E+00 0.00000E+00 0.00000E+00 0.00000E+00
 5.24404E+02 7.55218E-19 0.00000E+00 0.00000E+00 0.00000E+00 0.00000E+00 0.00000E+00 0.00000E+00 0.00000E+00 0.00000E+00 0.00000E+00 0.00000E+00 0.00000E+00 0.00000E+00 0.00000E+00 0.00000E+00 0.00000E+00 0.00000E+00
 5.50000E+02 7.34037E-19 0.00000E+00 0.00000E+00 0.00000E+00 0.00000E+00 0.00000E+00 0.00000E+00 0.00000E+00 0.00000E+00 0.00000E+00 0.00000E+00 0.00000E+00 0.00000E+00 0.00000E+00 0.00000E+00 0.00000E+00 0.00000E+00
 5.54000E+02 7.30435E-19 0.00000E+00 0.00000E+00 0.00000E+00 0.00000E+00 0.00000E+00 0.00000E+00 0.00000E+00 0.00000E+00 0.00000E+00 0.00000E+00 0.00000E+00 0.00000E+00 0.00000E+00 0.00000E+00 0.00000E+00 0.00000E+00
 5.54000E+02 7.98064E-19 0.00000E+00 0.00000E+00 0.00000E+00 0.00000E+00 0.00000E+00 0.00000E+00 0.00000E+00 0.00000E+00 0.00000E+00 0.00000E+00 0.00000E+00 0.00000E+00 0.00000E+00 0.00000E+00 0.00000E+00 6.76296E-20
 5.56340E+02 7.89853E-19 0.00000E+00 0.00000E+00 0.00000E+00 0.00000E+00 0.00000E+00 0.00000E+00 0.00000E+00 0.00000E+00 0.00000E+00 0.00000E+00 0.00000E+00 0.00000E+00 0.00000E+00 0.00000E+00 0.00000E+00 6.15008E-20
 5.58690E+02 7.85172E-19 0.00000E+00 0.00000E+00 0.00000E+00 0.00000E+00 0.00000E+00 0.00000E+00 0.00000E+00 0.00000E+00 0.00000E+00 0.00000E+00 0.00000E+00 0.00000E+00 0.00000E+00 0.00000E+00 0.00000E+00 5.88851E-20
 5.63420E+02 7.79580E-19 0.00000E+00 0.00000E+00 0.00000E+00 0.00000E+00 0.00000E+00 0.00000E+00 0.00000E+00 0.00000E+00 0.00000E+00 0.00000E+00 0.00000E+00 0.00000E+00 0.00000E+00 0.00000E+00 0.00000E+00 5.73991E-20
 5.73000E+02 7.72133E-19 0.00000E+00 0.00000E+00 0.00000E+00 0.00000E+00 0.00000E+00 0.00000E+00 0.00000E+00 0.00000E+00 0.00000E+00 0.00000E+00 0.00000E+00 0.00000E+00 0.00000E+00 0.00000E+00 0.00000E+00 5.81399E-20
 5.73000E+02 8.15235E-19 0.00000E+00 0.00000E+00 0.00000E+00 0.00000E+00 0.00000E+00 0.00000E+00 0.00000E+00 0.00000E+00 0.00000E+00 0.00000E+00 0.00000E+00 0.00000E+00 0.00000E+00 0.00000E+00 4.31027E-20 5.81399E-20
 5.76307E+02 8.13258E-19 0.00000E+00 0.00000E+00 0.00000E+00 0.00000E+00 0.00000E+00 0.00000E+00 0.00000E+00 0.00000E+00 0.00000E+00 0.00000E+00 0.00000E+00 0.00000E+00 0.00000E+00 0.00000E+00 4.23547E-20 5.97231E-20
 5.79634E+02 8.13156E-19 0.00000E+00 0.00000E+00 0.00000E+00 0.00000E+00 0.00000E+00 0.00000E+00 0.00000E+00 0.00000E+00 0.00000E+00 0.00000E+00 0.00000E+00 0.00000E+00 0.00000E+00 0.00000E+00 4.22643E-20 6.25083E-20
 5.82980E+02 8.15244E-19 0.00000E+00 0.00000E+00 0.00000E+00 0.00000E+00 0.00000E+00 0.00000E+00 0.00000E+00 0.00000E+00 0.00000E+00 0.00000E+00 0.00000E+00 0.00000E+00 0.00000E+00 0.00000E+00 4.24264E-20 6.72164E-20
 5.86345E+02 8.19788E-19 0.00000E+00 0.00000E+00 0.00000E+00 0.00000E+00 0.00000E+00 0.00000E+00 0.00000E+00 0.00000E+00 0.00000E+00 0.00000E+00 0.00000E+00 0.00000E+00 0.00000E+00 0.00000E+00 4.26117E-20 7.43411E-20
 5.89729E+02 8.27531E-19 0.00000E+00 0.00000E+00 0.00000E+00 0.00000E+00 0.00000E+00 0.00000E+00 0.00000E+00 0.00000E+00 0.00000E+00 0.00000E+00 0.00000E+00 0.00000E+00 0.00000E+00 0.00000E+00 4.28684E-20 8.45791E-20
 5.93133E+02 8.39496E-19 0.00000E+00 0.00000E+00 0.00000E+00 0.00000E+00 0.00000E+00 0.00000E+00 0.00000E+00 0.00000E+00 0.00000E+00 0.00000E+00 0.00000E+00 0.00000E+00 0.00000E+00 0.00000E+00 4.34580E-20 9.87015E-20
 5.96557E+02 8.56702E-19 0.00000E+00 0.00000E+00 0.00000E+00 0.00000E+00 0.00000E+00 0.00000E+00 0.00000E+00 0.00000E+00 0.00000E+00 0.00000E+00 0.00000E+00 0.00000E+00 0.00000E+00 0.00000E+00 4.47906E-20 1.17640E-19
 5.98276E+02 8.67540E-19 0.00000E+00 0.00000E+00 0.00000E+00 0.00000E+00 0.00000E+00 0.00000E+00 0.00000E+00 0.00000E+00 0.00000E+00 0.00000E+00 0.00000E+00 0.00000E+00 0.00000E+00 0.00000E+00 4.58792E-20 1.28980E-19
 6.00000E+02 8.80407E-19 0.00000E+00 0.00000E+00 0.00000E+00 0.00000E+00 0.00000E+00 0.00000E+00 0.00000E+00 0.00000E+00 0.00000E+00 0.00000E+00 0.00000E+00 0.00000E+00 0.00000E+00 0.00000E+00 4.73047E-20 1.42008E-19
 6.02897E+02 9.06605E-19 0.00000E+00 0.00000E+00 0.00000E+00 0.00000E+00 0.00000E+00 0.00000E+00 0.00000E+00 0.00000E+00 0.00000E+00 0.00000E+00 0.00000E+00 0.00000E+00 0.00000E+00 0.00000E+00 5.06045E-20 1.67552E-19
 6.05809E+02 9.39126E-19 0.00000E+00 0.00000E+00 0.00000E+00 0.00000E+00 0.00000E+00 0.00000E+00 0.00000E+00 0.00000E+00 0.00000E+00 0.00000E+00 0.00000E+00 0.00000E+00 0.00000E+00 0.00000E+00 5.52901E-20 1.98021E-19
 6.08734E+02 9.78680E-19 0.00000E+00 0.00000E+00 0.00000E+00 0.00000E+00 0.00000E+00 0.00000E+00 0.00000E+00 0.00000E+00 0.00000E+00 0.00000E+00 0.00000E+00 0.00000E+00 0.00000E+00 0.00000E+00 6.16696E-20 2.33818E-19
 6.11673E+02 1.02579E-18 0.00000E+00 0.00000E+00 0.00000E+00 0.00000E+00 0.00000E+00 0.00000E+00 0.00000E+00 0.00000E+00 0.00000E+00 0.00000E+00 0.00000E+00 0.00000E+00 0.00000E+00 0.00000E+00 7.00973E-20 2.75108E-19
 6.14627E+02 1.08087E-18 0.00000E+00 0.00000E+00 0.00000E+00 0.00000E+00 0.00000E+00 0.00000E+00 0.00000E+00 0.00000E+00 0.00000E+00 0.00000E+00 0.00000E+00 0.00000E+00 0.00000E+00 0.00000E+00 8.09717E-20 3.21908E-19
 6.17595E+02 1.14459E-18 0.00000E+00 0.00000E+00 0.00000E+00 0.00000E+00 0.00000E+00 0.00000E+00 0.00000E+00 0.00000E+00 0.00000E+00 0.00000E+00 0.00000E+00 0.00000E+00 0.00000E+00 0.00000E+00 9.47548E-20 3.74437E-19
 6.20577E+02 1.21608E-18 0.00000E+00 0.00000E+00 0.00000E+00 0.00000E+00 0.00000E+00 0.00000E+00 0.00000E+00 0.00000E+00 0.00000E+00 0.00000E+00 0.00000E+00 0.00000E+00 0.00000E+00 0.00000E+00 1.11779E-19 4.31481E-19
 6.23574E+02 1.29694E-18 0.00000E+00 0.00000E+00 0.00000E+00 0.00000E+00 0.00000E+00 0.00000E+00 0.00000E+00 0.00000E+00 0.00000E+00 0.00000E+00 0.00000E+00 0.00000E+00 0.00000E+00 0.00000E+00 1.32475E-19 4.94241E-19
 6.29611E+02 1.48270E-18 0.00000E+00 0.00000E+00 0.00000E+00 0.00000E+00 0.00000E+00 0.00000E+00 0.00000E+00 0.00000E+00 0.00000E+00 0.00000E+00 0.00000E+00 0.00000E+00 0.00000E+00 0.00000E+00 1.85964E-19 6.31653E-19
 6.35706E+02 1.70123E-18 0.00000E+00 0.00000E+00 0.00000E+00 0.00000E+00 0.00000E+00 0.00000E+00 0.00000E+00 0.00000E+00 0.00000E+00 0.00000E+00 0.00000E+00 0.00000E+00 0.00000E+00 0.00000E+00 2.56287E-19 7.84959E-19
 6.41860E+02 1.94473E-18 0.00000E+00 0.00000E+00 0.00000E+00 0.00000E+00 0.00000E+00 0.00000E+00 0.00000E+00 0.00000E+00 0.00000E+00 0.00000E+00 0.00000E+00 0.00000E+00 0.00000E+00 0.00000E+00 3.42603E-19 9.47235E-19
 6.44960E+02 2.07315E-18 0.00000E+00 0.00000E+00 0.00000E+00 0.00000E+00 0.00000E+00 0.00000E+00 0.00000E+00 0.00000E+00 0.00000E+00 0.00000E+00 0.00000E+00 0.00000E+00 0.00000E+00 0.00000E+00 3.91253E-19 1.02977E-18
 6.48074E+02 2.20349E-18 0.00000E+00 0.00000E+00 0.00000E+00 0.00000E+00 0.00000E+00 0.00000E+00 0.00000E+00 0.00000E+00 0.00000E+00 0.00000E+00 0.00000E+00 0.00000E+00 0.00000E+00 0.00000E+00 4.43107E-19 1.11108E-18
 6.51204E+02 2.33712E-18 0.00000E+00 0.00000E+00 0.00000E+00 0.00000E+00 0.00000E+00 0.00000E+00 0.00000E+00 0.00000E+00 0.00000E+00 0.00000E+00 0.00000E+00 0.00000E+00 0.00000E+00 0.00000E+00 4.98076E-19 1.19255E-18
 6.54348E+02 2.46993E-18 0.00000E+00 0.00000E+00 0.00000E+00 0.00000E+00 0.00000E+00 0.00000E+00 0.00000E+00 0.00000E+00 0.00000E+00 0.00000E+00 0.00000E+00 0.00000E+00 0.00000E+00 0.00000E+00 5.55460E-19 1.27077E-18
 6.57508E+02 2.60059E-18 0.00000E+00 0.00000E+00 0.00000E+00 0.00000E+00 0.00000E+00 0.00000E+00 0.00000E+00 0.00000E+00 0.00000E+00 0.00000E+00 0.00000E+00 0.00000E+00 0.00000E+00 0.00000E+00 6.14720E-19 1.34494E-18
 6.60683E+02 2.73036E-18 0.00000E+00 0.00000E+00 0.00000E+00 0.00000E+00 0.00000E+00 0.00000E+00 0.00000E+00 0.00000E+00 0.00000E+00 0.00000E+00 0.00000E+00 0.00000E+00 0.00000E+00 0.00000E+00 6.75438E-19 1.41676E-18
 6.63873E+02 2.85546E-18 0.00000E+00 0.00000E+00 0.00000E+00 0.00000E+00 0.00000E+00 0.00000E+00 0.00000E+00 0.00000E+00 0.00000E+00 0.00000E+00 0.00000E+00 0.00000E+00 0.00000E+00 0.00000E+00 7.36614E-19 1.48344E-18
 6.67079E+02 2.97498E-18 0.00000E+00 0.00000E+00 0.00000E+00 0.00000E+00 0.00000E+00 0.00000E+00 0.00000E+00 0.00000E+00 0.00000E+00 0.00000E+00 0.00000E+00 0.00000E+00 0.00000E+00 0.00000E+00 7.97454E-19 1.54485E-18
 6.70300E+02 3.08949E-18 0.00000E+00 0.00000E+00 0.00000E+00 0.00000E+00 0.00000E+00 0.00000E+00 0.00000E+00 0.00000E+00 0.00000E+00 0.00000E+00 0.00000E+00 0.00000E+00 0.00000E+00 0.00000E+00 8.57306E-19 1.60227E-18
 6.73537E+02 3.19741E-18 0.00000E+00 0.00000E+00 0.00000E+00 0.00000E+00 0.00000E+00 0.00000E+00 0.00000E+00 0.00000E+00 0.00000E+00 0.00000E+00 0.00000E+00 0.00000E+00 0.00000E+00 0.00000E+00 9.15234E-19 1.65502E-18
 6.76789E+02 3.29828E-18 0.00000E+00 0.00000E+00 0.00000E+00 0.00000E+00 0.00000E+00 0.00000E+00 0.00000E+00 0.00000E+00 0.00000E+00 0.00000E+00 0.00000E+00 0.00000E+00 0.00000E+00 0.00000E+00 9.70625E-19 1.70326E-18
 6.80057E+02 3.39184E-18 0.00000E+00 0.00000E+00 0.00000E+00 0.00000E+00 0.00000E+00 0.00000E+00 0.00000E+00 0.00000E+00 0.00000E+00 0.00000E+00 0.00000E+00 0.00000E+00 0.00000E+00 0.00000E+00 1.02302E-18 1.74715E-18
 6.83341E+02 3.47786E-18 0.00000E+00 0.00000E+00 0.00000E+00 0.00000E+00 0.00000E+00 0.00000E+00 0.00000E+00 0.00000E+00 0.00000E+00 0.00000E+00 0.00000E+00 0.00000E+00 0.00000E+00 0.00000E+00 1.07202E-18 1.78690E-18
 6.86641E+02 3.55640E-18 0.00000E+00 0.00000E+00 0.00000E+00 0.00000E+00 0.00000E+00 0.00000E+00 0.00000E+00 0.00000E+00 0.00000E+00 0.00000E+00 0.00000E+00 0.00000E+00 0.00000E+00 0.00000E+00 1.11749E-18 1.82269E-18
 6.89957E+02 3.62757E-18 0.00000E+00 0.00000E+00 0.00000E+00 0.00000E+00 0.00000E+00 0.00000E+00 0.00000E+00 0.00000E+00 0.00000E+00 0.00000E+00 0.00000E+00 0.00000E+00 0.00000E+00 0.00000E+00 1.15934E-18 1.85471E-18
 6.93288E+02 3.69175E-18 0.00000E+00 0.00000E+00 0.00000E+00 0.00000E+00 0.00000E+00 0.00000E+00 0.00000E+00 0.00000E+00 0.00000E+00 0.00000E+00 0.00000E+00 0.00000E+00 0.00000E+00 0.00000E+00 1.19774E-18 1.88318E-18
 6.96636E+02 3.74863E-18 0.00000E+00 0.00000E+00 0.00000E+00 0.00000E+00 0.00000E+00 0.00000E+00 0.00000E+00 0.00000E+00 0.00000E+00 0.00000E+00 0.00000E+00 0.00000E+00 0.00000E+00 0.00000E+00 1.23261E-18 1.90806E-18
 7.00000E+02 3.79817E-18 0.00000E+00 0.00000E+00 0.00000E+00 0.00000E+00 0.00000E+00 0.00000E+00 0.00000E+00 0.00000E+00 0.00000E+00 0.00000E+00 0.00000E+00 0.00000E+00 0.00000E+00 0.00000E+00 1.26421E-18 1.92895E-18
 7.05866E+02 3.87168E-18 0.00000E+00 0.00000E+00 0.00000E+00 0.00000E+00 0.00000E+00 0.00000E+00 0.00000E+00 0.00000E+00 0.00000E+00 0.00000E+00 0.00000E+00 0.00000E+00 0.00000E+00 0.00000E+00 1.31196E-18 1.95976E-18
 7.11782E+02 3.92659E-18 0.00000E+00 0.00000E+00 0.00000E+00 0.00000E+00 0.00000E+00 0.00000E+00 0.00000E+00 0.00000E+00 0.00000E+00 0.00000E+00 0.00000E+00 0.00000E+00 0.00000E+00 0.00000E+00 1.35093E-18 1.98072E-18
 7.17747E+02 3.96714E-18 0.00000E+00 0.00000E+00 0.00000E+00 0.00000E+00 0.00000E+00 0.00000E+00 0.00000E+00 0.00000E+00 0.00000E+00 0.00000E+00 0.00000E+00 0.00000E+00 0.00000E+00 0.00000E+00 1.38243E-18 1.99474E-18
 7.23762E+02 3.99366E-18 0.00000E+00 0.00000E+00 0.00000E+00 0.00000E+00 0.00000E+00 0.00000E+00 0.00000E+00 0.00000E+00 0.00000E+00 0.00000E+00 0.00000E+00 0.00000E+00 0.00000E+00 0.00000E+00 1.40627E-18 2.00233E-18
 7.29828E+02 4.00860E-18 0.00000E+00 0.00000E+00 0.00000E+00 0.00000E+00 0.00000E+00 0.00000E+00 0.00000E+00 0.00000E+00 0.00000E+00 0.00000E+00 0.00000E+00 0.00000E+00 0.00000E+00 0.00000E+00 1.42377E-18 2.00464E-18
 7.35944E+02 4.01333E-18 0.00000E+00 0.00000E+00 0.00000E+00 0.00000E+00 0.00000E+00 0.00000E+00 0.00000E+00 0.00000E+00 0.00000E+00 0.00000E+00 0.00000E+00 0.00000E+00 0.00000E+00 0.00000E+00 1.43522E-18 2.00274E-18
 7.48331E+02 3.99957E-18 0.00000E+00 0.00000E+00 0.00000E+00 0.00000E+00 0.00000E+00 0.00000E+00 0.00000E+00 0.00000E+00 0.00000E+00 0.00000E+00 0.00000E+00 0.00000E+00 0.00000E+00 0.00000E+00 1.44439E-18 1.98969E-18
 7.60927E+02 3.96219E-18 0.00000E+00 0.00000E+00 0.00000E+00 0.00000E+00 0.00000E+00 0.00000E+00 0.00000E+00 0.00000E+00 0.00000E+00 0.00000E+00 0.00000E+00 0.00000E+00 0.00000E+00 0.00000E+00 1.43963E-18 1.96715E-18
 7.73735E+02 3.91296E-18 0.00000E+00 0.00000E+00 0.00000E+00 0.00000E+00 0.00000E+00 0.00000E+00 0.00000E+00 0.00000E+00 0.00000E+00 0.00000E+00 0.00000E+00 0.00000E+00 0.00000E+00 0.00000E+00 1.42881E-18 1.93869E-18
 7.86758E+02 3.85101E-18 0.00000E+00 0.00000E+00 0.00000E+00 0.00000E+00 0.00000E+00 0.00000E+00 0.00000E+00 0.00000E+00 0.00000E+00 0.00000E+00 0.00000E+00 0.00000E+00 0.00000E+00 0.00000E+00 1.41079E-18 1.90459E-18
 8.00000E+02 3.78004E-18 0.00000E+00 0.00000E+00 0.00000E+00 0.00000E+00 0.00000E+00 0.00000E+00 0.00000E+00 0.00000E+00 0.00000E+00 0.00000E+00 0.00000E+00 0.00000E+00 0.00000E+00 0.00000E+00 1.38898E-18 1.86546E-18
 8.23907E+02 3.64151E-18 0.00000E+00 0.00000E+00 0.00000E+00 0.00000E+00 0.00000E+00 0.00000E+00 0.00000E+00 0.00000E+00 0.00000E+00 0.00000E+00 0.00000E+00 0.00000E+00 0.00000E+00 0.00000E+00 1.34178E-18 1.79212E-18
 8.48528E+02 3.49488E-18 0.00000E+00 0.00000E+00 0.00000E+00 0.00000E+00 0.00000E+00 0.00000E+00 0.00000E+00 0.00000E+00 0.00000E+00 0.00000E+00 0.00000E+00 0.00000E+00 0.00000E+00 0.00000E+00 1.28893E-18 1.71575E-18
 8.73885E+02 3.34563E-18 0.00000E+00 0.00000E+00 0.00000E+00 0.00000E+00 0.00000E+00 0.00000E+00 0.00000E+00 0.00000E+00 0.00000E+00 0.00000E+00 0.00000E+00 0.00000E+00 0.00000E+00 0.00000E+00 1.23461E-18 1.63789E-18
 9.00000E+02 3.19422E-18 0.00000E+00 0.00000E+00 0.00000E+00 0.00000E+00 0.00000E+00 0.00000E+00 0.00000E+00 0.00000E+00 0.00000E+00 0.00000E+00 0.00000E+00 0.00000E+00 0.00000E+00 0.00000E+00 1.17901E-18 1.55884E-18
 9.59000E+02 2.86892E-18 0.00000E+00 0.00000E+00 0.00000E+00 0.00000E+00 0.00000E+00 0.00000E+00 0.00000E+00 0.00000E+00 0.00000E+00 0.00000E+00 0.00000E+00 0.00000E+00 0.00000E+00 0.00000E+00 1.05767E-18 1.39118E-18
 9.59000E+02 2.92606E-18 0.00000E+00 0.00000E+00 0.00000E+00 0.00000E+00 0.00000E+00 0.00000E+00 0.00000E+00 0.00000E+00 0.00000E+00 0.00000E+00 0.00000E+00 0.00000E+00 0.00000E+00 5.71494E-20 1.05767E-18 1.39118E-18
 9.61513E+02 2.93539E-18 0.00000E+00 0.00000E+00 0.00000E+00 0.00000E+00 0.00000E+00 0.00000E+00 0.00000E+00 0.00000E+00 0.00000E+00 0.00000E+00 0.00000E+00 0.00000E+00 0.00000E+00 7.94917E-20 1.05279E-18 1.38449E-18
 9.64032E+02 2.95393E-18 0.00000E+00 0.00000E+00 0.00000E+00 0.00000E+00 0.00000E+00 0.00000E+00 0.00000E+00 0.00000E+00 0.00000E+00 0.00000E+00 0.00000E+00 0.00000E+00 0.00000E+00 1.10985E-19 1.04794E-18 1.37784E-18
 9.69090E+02 3.00812E-18 0.00000E+00 0.00000E+00 0.00000E+00 0.00000E+00 0.00000E+00 0.00000E+00 0.00000E+00 0.00000E+00 0.00000E+00 0.00000E+00 0.00000E+00 0.00000E+00 0.00000E+00 1.91259E-19 1.03819E-18 1.36438E-18
 9.71629E+02 3.02932E-18 0.00000E+00 0.00000E+00 0.00000E+00 0.00000E+00 0.00000E+00 0.00000E+00 0.00000E+00 0.00000E+00 0.00000E+00 0.00000E+00 0.00000E+00 0.00000E+00 0.00000E+00 2.25613E-19 1.03325E-18 1.35759E-18
 9.74174E+02 3.04222E-18 0.00000E+00 0.00000E+00 0.00000E+00 0.00000E+00 0.00000E+00 0.00000E+00 0.00000E+00 0.00000E+00 0.00000E+00 0.00000E+00 0.00000E+00 0.00000E+00 0.00000E+00 2.51603E-19 1.02833E-18 1.35084E-18
 9.79285E+02 3.04757E-18 0.00000E+00 0.00000E+00 0.00000E+00 0.00000E+00 0.00000E+00 0.00000E+00 0.00000E+00 0.00000E+00 0.00000E+00 0.00000E+00 0.00000E+00 0.00000E+00 0.00000E+00 2.82958E-19 1.01857E-18 1.33744E-18
 9.89589E+02 3.02466E-18 0.00000E+00 0.00000E+00 0.00000E+00 0.00000E+00 0.00000E+00 0.00000E+00 0.00000E+00 0.00000E+00 0.00000E+00 0.00000E+00 0.00000E+00 0.00000E+00 0.00000E+00 3.11313E-19 9.99315E-19 1.31103E-18
 1.00000E+03 2.98897E-18 0.00000E+00 0.00000E+00 0.00000E+00 0.00000E+00 0.00000E+00 0.00000E+00 0.00000E+00 0.00000E+00 0.00000E+00 0.00000E+00 0.00000E+00 0.00000E+00 0.00000E+00 3.27365E-19 9.80001E-19 1.28431E-18
 1.01193E+03 2.93815E-18 0.00000E+00 0.00000E+00 0.00000E+00 0.00000E+00 0.00000E+00 0.00000E+00 0.00000E+00 0.00000E+00 0.00000E+00 0.00000E+00 0.00000E+00 0.00000E+00 0.00000E+00 3.34738E-19 9.58293E-19 1.25437E-18
 1.02400E+03 2.88102E-18 0.00000E+00 0.00000E+00 0.00000E+00 0.00000E+00 0.00000E+00 0.00000E+00 0.00000E+00 0.00000E+00 0.00000E+00 0.00000E+00 0.00000E+00 0.00000E+00 0.00000E+00 3.34853E-19 9.36728E-19 1.22512E-18
 1.02400E+03 2.92516E-18 0.00000E+00 0.00000E+00 0.00000E+00 0.00000E+00 0.00000E+00 0.00000E+00 0.00000E+00 0.00000E+00 0.00000E+00 0.00000E+00 0.00000E+00 0.00000E+00 4.41409E-20 3.34853E-19 9.36728E-19 1.22512E-18
 1.04249E+03 2.94720E-18 0.00000E+00 0.00000E+00 0.00000E+00 0.00000E+00 0.00000E+00 0.00000E+00 0.00000E+00 0.00000E+00 0.00000E+00 0.00000E+00 0.00000E+00 0.00000E+00 1.52118E-19 3.33458E-19 9.04651E-19 1.18215E-18
 1.05186E+03 2.92270E-18 0.00000E+00 0.00000E+00 0.00000E+00 0.00000E+00 0.00000E+00 0.00000E+00 0.00000E+00 0.00000E+00 0.00000E+00 0.00000E+00 0.00000E+00 0.00000E+00 1.70353E-19 3.33214E-19 8.88551E-19 1.16048E-18
 1.06132E+03 2.89054E-18 0.00000E+00 0.00000E+00 0.00000E+00 0.00000E+00 0.00000E+00 0.00000E+00 0.00000E+00 0.00000E+00 0.00000E+00 0.00000E+00 0.00000E+00 0.00000E+00 1.80515E-19 3.32641E-19 8.72738E-19 1.13920E-18
 1.08049E+03 2.81448E-18 0.00000E+00 0.00000E+00 0.00000E+00 0.00000E+00 0.00000E+00 0.00000E+00 0.00000E+00 0.00000E+00 0.00000E+00 0.00000E+00 0.00000E+00 0.00000E+00 1.88111E-19 3.30293E-19 8.41950E-19 1.09781E-18
 1.10000E+03 2.73198E-18 0.00000E+00 0.00000E+00 0.00000E+00 0.00000E+00 0.00000E+00 0.00000E+00 0.00000E+00 0.00000E+00 0.00000E+00 0.00000E+00 0.00000E+00 0.00000E+00 1.88414E-19 3.27053E-19 8.11896E-19 1.05735E-18
 1.13572E+03 2.58749E-18 0.00000E+00 0.00000E+00 0.00000E+00 0.00000E+00 0.00000E+00 0.00000E+00 0.00000E+00 0.00000E+00 0.00000E+00 0.00000E+00 0.00000E+00 0.00000E+00 1.88675E-19 3.21421E-19 7.59418E-19 9.86903E-19
 1.17260E+03 2.44548E-18 0.00000E+00 0.00000E+00 0.00000E+00 0.00000E+00 0.00000E+00 0.00000E+00 0.00000E+00 0.00000E+00 0.00000E+00 0.00000E+00 0.00000E+00 0.00000E+00 1.86613E-19 3.14821E-19 7.08892E-19 9.19504E-19
 1.25000E+03 2.17719E-18 0.00000E+00 0.00000E+00 0.00000E+00 0.00000E+00 0.00000E+00 0.00000E+00 0.00000E+00 0.00000E+00 0.00000E+00 0.00000E+00 0.00000E+00 0.00000E+00 1.81231E-19 3.00227E-19 6.14704E-19 7.94546E-19
 1.31600E+03 1.97598E-18 0.00000E+00 0.00000E+00 0.00000E+00 0.00000E+00 0.00000E+00 0.00000E+00 0.00000E+00 0.00000E+00 0.00000E+00 0.00000E+00 0.00000E+00 0.00000E+00 1.75816E-19 2.87262E-19 5.45578E-19 7.03281E-19
 1.31600E+03 2.11903E-18 0.00000E+00 0.00000E+00 0.00000E+00 0.00000E+00 0.00000E+00 0.00000E+00 0.00000E+00 0.00000E+00 0.00000E+00 0.00000E+00 0.00000E+00 1.43049E-19 1.75816E-19 2.87262E-19 5.45578E-19 7.03281E-19
 1.31855E+03 2.10293E-18 0.00000E+00 0.00000E+00 0.00000E+00 0.00000E+00 0.00000E+00 0.00000E+00 0.00000E+00 0.00000E+00 0.00000E+00 0.00000E+00 0.00000E+00 1.34334E-19 1.75587E-19 2.86752E-19 5.43063E-19 6.99964E-19
 1.32110E+03 2.09233E-18 0.00000E+00 0.00000E+00 0.00000E+00 0.00000E+00 0.00000E+00 0.00000E+00 0.00000E+00 0.00000E+00 0.00000E+00 0.00000E+00 0.00000E+00 1.31116E-19 1.75347E-19 2.86239E-19 5.40550E-19 6.96662E-19
 1.32622E+03 2.07689E-18 0.00000E+00 0.00000E+00 0.00000E+00 0.00000E+00 0.00000E+00 0.00000E+00 0.00000E+00 0.00000E+00 0.00000E+00 0.00000E+00 0.00000E+00 1.30355E-19 1.74867E-19 2.85217E-19 5.35558E-19 6.90105E-19
 1.33652E+03 2.04795E-18 0.00000E+00 0.00000E+00 0.00000E+00 0.00000E+00 0.00000E+00 0.00000E+00 0.00000E+00 0.00000E+00 0.00000E+00 0.00000E+00 0.00000E+00 1.30392E-19 1.73910E-19 2.83184E-19 5.25712E-19 6.77177E-19
 1.35735E+03 1.98642E-18 0.00000E+00 0.00000E+00 0.00000E+00 0.00000E+00 0.00000E+00 0.00000E+00 0.00000E+00 0.00000E+00 0.00000E+00 0.00000E+00 0.00000E+00 1.25422E-19 1.72002E-19 2.79117E-19 5.06560E-19 6.52042E-19
 1.40000E+03 1.87377E-18 0.00000E+00 0.00000E+00 0.00000E+00 0.00000E+00 0.00000E+00 0.00000E+00 0.00000E+00 0.00000E+00 0.00000E+00 0.00000E+00 0.00000E+00 1.21608E-19 1.68039E-19 2.70599E-19 4.70183E-19 6.04251E-19
 1.50000E+03 1.63867E-18 0.00000E+00 0.00000E+00 0.00000E+00 0.00000E+00 0.00000E+00 0.00000E+00 0.00000E+00 0.00000E+00 0.00000E+00 0.00000E+00 0.00000E+00 1.12787E-19 1.58306E-19 2.51194E-19 3.95894E-19 5.07260E-19
 1.58461E+03 1.46864E-18 0.00000E+00 0.00000E+00 0.00000E+00 0.00000E+00 0.00000E+00 0.00000E+00 0.00000E+00 0.00000E+00 0.00000E+00 0.00000E+00 0.00000E+00 1.05924E-19 1.49969E-19 2.35317E-19 3.43813E-19 4.39526E-19
 1.67400E+03 1.31334E-18 0.00000E+00 0.00000E+00 0.00000E+00 0.00000E+00 0.00000E+00 0.00000E+00 0.00000E+00 0.00000E+00 0.00000E+00 0.00000E+00 0.00000E+00 9.92508E-20 1.41360E-19 2.19488E-19 2.97373E-19 3.79331E-19
 1.67400E+03 1.32848E-18 0.00000E+00 0.00000E+00 0.00000E+00 0.00000E+00 0.00000E+00 0.00000E+00 0.00000E+00 0.00000E+00 0.00000E+00 0.00000E+00 1.51367E-20 9.92508E-20 1.41360E-19 2.19488E-19 2.97373E-19 3.79331E-19
 1.75000E+03 1.21382E-18 0.00000E+00 0.00000E+00 0.00000E+00 0.00000E+00 0.00000E+00 0.00000E+00 0.00000E+00 0.00000E+00 0.00000E+00 0.00000E+00 1.50224E-20 9.40546E-20 1.34183E-19 2.06724E-19 2.64094E-19 3.36304E-19
 1.85700E+03 1.07325E-18 0.00000E+00 0.00000E+00 0.00000E+00 0.00000E+00 0.00000E+00 0.00000E+00 0.00000E+00 0.00000E+00 0.00000E+00 0.00000E+00 1.49071E-20 8.72703E-20 1.24578E-19 1.89993E-19 2.24423E-19 2.85163E-19
 1.85700E+03 1.09458E-18 0.00000E+00 0.00000E+00 0.00000E+00 0.00000E+00 0.00000E+00 0.00000E+00 0.00000E+00 0.00000E+00 0.00000E+00 2.13386E-20 1.49071E-20 8.72703E-20 1.24578E-19 1.89993E-19 2.24423E-19 2.85163E-19
 2.00000E+03 9.35708E-19 0.00000E+00 0.00000E+00 0.00000E+00 0.00000E+00 0.00000E+00 0.00000E+00 0.00000E+00 0.00000E+00 0.00000E+00 1.76145E-20 1.46787E-20 7.92011E-20 1.12691E-19 1.69874E-19 1.82242E-19 2.30944E-19
 2.20000E+03 7.64238E-19 0.00000E+00 0.00000E+00 0.00000E+00 0.00000E+00 0.00000E+00 0.00000E+00 0.00000E+00 0.00000E+00 0.00000E+00 1.59397E-20 1.42308E-20 6.95381E-20 9.79539E-20 1.45618E-19 1.38458E-19 1.74884E-19
 2.50000E+03 5.79314E-19 0.00000E+00 0.00000E+00 0.00000E+00 0.00000E+00 0.00000E+00 0.00000E+00 0.00000E+00 0.00000E+00 0.00000E+00 1.38170E-20 1.33792E-20 5.78750E-20 7.97235E-20 1.16516E-19 9.46400E-20 1.19025E-19
 2.73861E+03 4.73792E-19 0.00000E+00 0.00000E+00 0.00000E+00 0.00000E+00 0.00000E+00 0.00000E+00 0.00000E+00 0.00000E+00 0.00000E+00 1.24021E-20 1.26255E-20 5.04680E-20 6.80463E-20 9.83418E-20 7.15883E-20 8.97659E-20
 3.00000E+03 3.86573E-19 0.00000E+00 0.00000E+00 0.00000E+00 0.00000E+00 0.00000E+00 0.00000E+00 0.00000E+00 0.00000E+00 0.00000E+00 1.10773E-20 1.17869E-20 4.38015E-20 5.75694E-20 8.23242E-20 5.38152E-20 6.72803E-20
 3.50000E+03 2.72588E-19 0.00000E+00 0.00000E+00 0.00000E+00 0.00000E+00 0.00000E+00 0.00000E+00 0.00000E+00 0.00000E+00 0.00000E+00 9.05773E-21 1.02655E-20 3.41172E-20 4.26087E-20 5.99117E-20 3.27668E-20 4.07590E-20
 4.00000E+03 2.00442E-19 0.00000E+00 0.00000E+00 0.00000E+00 0.00000E+00 0.00000E+00 0.00000E+00 0.00000E+00 0.00000E+00 0.00000E+00 7.53836E-21 8.92627E-21 2.72048E-20 3.22697E-20 4.47517E-20 2.10344E-20 2.60490E-20
 4.36900E+03 1.63136E-19 0.00000E+00 0.00000E+00 0.00000E+00 0.00000E+00 0.00000E+00 0.00000E+00 0.00000E+00 0.00000E+00 0.00000E+00 6.64414E-21 8.06094E-21 2.32993E-20 2.66236E-20 3.65973E-20 1.55768E-20 1.92337E-20
 4.36900E+03 1.71830E-19 0.00000E+00 0.00000E+00 0.00000E+00 0.00000E+00 0.00000E+00 0.00000E+00 0.00000E+00 0.00000E+00 8.69369E-21 6.64414E-21 8.06094E-21 2.32993E-20 2.66236E-20 3.65973E-20 1.55768E-20 1.92337E-20
 4.37304E+03 2.01008E-19 0.00000E+00 0.00000E+00 0.00000E+00 0.00000E+00 0.00000E+00 0.00000E+00 0.00000E+00 0.00000E+00 3.82215E-20 6.63537E-21 8.05209E-21 2.32616E-20 2.65693E-20 3.65193E-20 1.55280E-20 1.91727E-20
 4.37707E+03 2.47344E-19 0.00000E+00 0.00000E+00 0.00000E+00 0.00000E+00 0.00000E+00 0.00000E+00 0.00000E+00 0.00000E+00 8.49077E-20 6.62661E-21 8.04325E-21 2.32239E-20 2.65152E-20 3.64415E-20 1.54792E-20 1.91120E-20
 4.38112E+03 2.91507E-19 0.00000E+00 0.00000E+00 0.00000E+00 0.00000E+00 0.00000E+00 0.00000E+00 0.00000E+00 0.00000E+00 1.29419E-19 6.61786E-21 8.03442E-21 2.31863E-20 2.64611E-20 3.63639E-20 1.54307E-20 1.90514E-20
 4.38516E+03 3.20715E-19 0.00000E+00 0.00000E+00 0.00000E+00 0.00000E+00 0.00000E+00 0.00000E+00 0.00000E+00 0.00000E+00 1.58974E-19 6.60912E-21 8.02560E-21 2.31487E-20 2.64071E-20 3.62864E-20 1.53823E-20 1.89911E-20
 4.38921E+03 3.37094E-19 0.00000E+00 0.00000E+00 0.00000E+00 0.00000E+00 0.00000E+00 0.00000E+00 0.00000E+00 0.00000E+00 1.75700E-19 6.60039E-21 8.01679E-21 2.31112E-20 2.63533E-20 3.62091E-20 1.53340E-20 1.89309E-20
 4.39327E+03 3.46631E-19 0.00000E+00 0.00000E+00 0.00000E+00 0.00000E+00 0.00000E+00 0.00000E+00 0.00000E+00 0.00000E+00 1.85584E-19 6.59168E-21 8.00799E-21 2.30738E-20 2.62995E-20 3.61320E-20 1.52859E-20 1.88709E-20
 4.39733E+03 3.53012E-19 0.00000E+00 0.00000E+00 0.00000E+00 0.00000E+00 0.00000E+00 0.00000E+00 0.00000E+00 0.00000E+00 1.92310E-19 6.58298E-21 7.99920E-21 2.30364E-20 2.62459E-20 3.60550E-20 1.52379E-20 1.88111E-20
 4.40139E+03 3.58222E-19 0.00000E+00 0.00000E+00 0.00000E+00 0.00000E+00 0.00000E+00 0.00000E+00 0.00000E+00 0.00000E+00 1.97865E-19 6.57429E-21 7.99042E-21 2.29991E-20 2.61924E-20 3.59782E-20 1.51901E-20 1.87515E-20
 4.40545E+03 3.62217E-19 0.00000E+00 0.00000E+00 0.00000E+00 0.00000E+00 0.00000E+00 0.00000E+00 0.00000E+00 0.00000E+00 2.02204E-19 6.56561E-21 7.98165E-21 2.29618E-20 2.61389E-20 3.59015E-20 1.51424E-20 1.86921E-20
 4.40952E+03 3.65326E-19 0.00000E+00 0.00000E+00 0.00000E+00 0.00000E+00 0.00000E+00 0.00000E+00 0.00000E+00 0.00000E+00 2.05655E-19 6.55694E-21 7.97289E-21 2.29246E-20 2.60856E-20 3.58250E-20 1.50949E-20 1.86329E-20
 4.41360E+03 3.67432E-19 0.00000E+00 0.00000E+00 0.00000E+00 0.00000E+00 0.00000E+00 0.00000E+00 0.00000E+00 0.00000E+00 2.08104E-19 6.54828E-21 7.96414E-21 2.28875E-20 2.60324E-20 3.57487E-20 1.50476E-20 1.85738E-20
 4.41767E+03 3.68587E-19 0.00000E+00 0.00000E+00 0.00000E+00 0.00000E+00 0.00000E+00 0.00000E+00 0.00000E+00 0.00000E+00 2.09600E-19 6.53964E-21 7.95540E-21 2.28504E-20 2.59793E-20 3.56725E-20 1.50003E-20 1.85150E-20
 4.42584E+03 3.68675E-19 0.00000E+00 0.00000E+00 0.00000E+00 0.00000E+00 0.00000E+00 0.00000E+00 0.00000E+00 0.00000E+00 2.10369E-19 6.52238E-21 7.93794E-21 2.27764E-20 2.58735E-20 3.55207E-20 1.49063E-20 1.83978E-20
 4.43402E+03 3.67239E-19 0.00000E+00 0.00000E+00 0.00000E+00 0.00000E+00 0.00000E+00 0.00000E+00 0.00000E+00 0.00000E+00 2.09610E-19 6.50517E-21 7.92052E-21 2.27027E-20 2.57681E-20 3.53695E-20 1.48129E-20 1.82814E-20
 4.50000E+03 3.53809E-19 0.00000E+00 0.00000E+00 0.00000E+00 0.00000E+00 0.00000E+00 0.00000E+00 0.00000E+00 0.00000E+00 2.01499E-19 6.36869E-21 7.78179E-21 2.21197E-20 2.49385E-20 3.41806E-20 1.40850E-20 1.73742E-20
 4.62500E+03 3.28806E-19 0.00000E+00 0.00000E+00 0.00000E+00 0.00000E+00 0.00000E+00 0.00000E+00 0.00000E+00 0.00000E+00 1.86047E-19 6.11590E-21 7.51815E-21 2.10498E-20 2.34436E-20 3.20460E-20 1.28052E-20 1.57808E-20
 4.62500E+03 3.35124E-19 0.00000E+00 0.00000E+00 0.00000E+00 0.00000E+00 0.00000E+00 0.00000E+00 0.00000E+00 6.31775E-21 1.86047E-19 6.11590E-21 7.51815E-21 2.10498E-20 2.34436E-20 3.20460E-20 1.28052E-20 1.57808E-20
 4.62782E+03 3.44443E-19 0.00000E+00 0.00000E+00 0.00000E+00 0.00000E+00 0.00000E+00 0.00000E+00 0.00000E+00 1.61521E-20 1.85737E-19 6.11040E-21 7.51239E-21 2.10266E-20 2.34114E-20 3.20001E-20 1.27781E-20 1.57471E-20
 4.63064E+03 3.60687E-19 0.00000E+00 0.00000E+00 0.00000E+00 0.00000E+00 0.00000E+00 0.00000E+00 0.00000E+00 3.29109E-20 1.85427E-19 6.10490E-21 7.50664E-21 2.10035E-20 2.33793E-20 3.19543E-20 1.27511E-20 1.57134E-20
 4.63346E+03 3.80780E-19 0.00000E+00 0.00000E+00 0.00000E+00 0.00000E+00 0.00000E+00 0.00000E+00 0.00000E+00 5.35176E-20 1.85117E-19 6.09940E-21 7.50089E-21 2.09803E-20 2.33472E-20 3.19085E-20 1.27241E-20 1.56799E-20
 4.63628E+03 3.99970E-19 0.00000E+00 0.00000E+00 0.00000E+00 0.00000E+00 0.00000E+00 0.00000E+00 0.00000E+00 7.32201E-20 1.84808E-19 6.09391E-21 7.49514E-21 2.09572E-20 2.33151E-20 3.18628E-20 1.26972E-20 1.56464E-20
 4.63911E+03 4.14940E-19 0.00000E+00 0.00000E+00 0.00000E+00 0.00000E+00 0.00000E+00 0.00000E+00 0.00000E+00 8.87017E-20 1.84500E-19 6.08843E-21 7.48940E-21 2.09341E-20 2.32831E-20 3.18171E-20 1.26704E-20 1.56130E-20
 4.64193E+03 4.25295E-19 0.00000E+00 0.00000E+00 0.00000E+00 0.00000E+00 0.00000E+00 0.00000E+00 0.00000E+00 9.95686E-20 1.84192E-19 6.08295E-21 7.48367E-21 2.09111E-20 2.32511E-20 3.17716E-20 1.26436E-20 1.55796E-20
 4.64476E+03 4.32129E-19 0.00000E+00 0.00000E+00 0.00000E+00 0.00000E+00 0.00000E+00 0.00000E+00 0.00000E+00 1.06913E-19 1.83884E-19 6.07748E-21 7.47794E-21 2.08881E-20 2.32192E-20 3.17260E-20 1.26168E-20 1.55463E-20
 4.64759E+03 4.36736E-19 0.00000E+00 0.00000E+00 0.00000E+00 0.00000E+00 0.00000E+00 0.00000E+00 0.00000E+00 1.12030E-19 1.83577E-19 6.07201E-21 7.47221E-21 2.08650E-20 2.31873E-20 3.16806E-20 1.25901E-20 1.55131E-20
 4.65326E+03 4.42739E-19 0.00000E+00 0.00000E+00 0.00000E+00 0.00000E+00 0.00000E+00 0.00000E+00 0.00000E+00 1.19049E-19 1.82965E-19 6.06108E-21 7.46077E-21 2.08191E-20 2.31237E-20 3.15899E-20 1.25369E-20 1.54469E-20
 4.65893E+03 4.46768E-19 0.00000E+00 0.00000E+00 0.00000E+00 0.00000E+00 0.00000E+00 0.00000E+00 0.00000E+00 1.24091E-19 1.82355E-19 6.05018E-21 7.44934E-21 2.07733E-20 2.30602E-20 3.14995E-20 1.24839E-20 1.53810E-20
 4.66461E+03 4.49413E-19 0.00000E+00 0.00000E+00 0.00000E+00 0.00000E+00 0.00000E+00 0.00000E+00 0.00000E+00 1.27746E-19 1.81747E-19 6.03929E-21 7.43794E-21 2.07275E-20 2.29969E-20 3.14093E-20 1.24312E-20 1.53153E-20
 4.67029E+03 4.50808E-19 0.00000E+00 0.00000E+00 0.00000E+00 0.00000E+00 0.00000E+00 0.00000E+00 0.00000E+00 1.30148E-19 1.81140E-19 6.02843E-21 7.42655E-21 2.06819E-20 2.29338E-20 3.13194E-20 1.23786E-20 1.52500E-20
 4.68168E+03 4.50256E-19 0.00000E+00 0.00000E+00 0.00000E+00 0.00000E+00 0.00000E+00 0.00000E+00 0.00000E+00 1.31600E-19 1.79934E-19 6.00676E-21 7.40382E-21 2.05909E-20 2.28081E-20 3.11403E-20 1.22742E-20 1.51201E-20
 4.69310E+03 4.47758E-19 0.00000E+00 0.00000E+00 0.00000E+00 0.00000E+00 0.00000E+00 0.00000E+00 0.00000E+00 1.31093E-19 1.78736E-19 5.98516E-21 7.38117E-21 2.05004E-20 2.26831E-20 3.09622E-20 1.21707E-20 1.49913E-20
 4.71603E+03 4.42685E-19 0.00000E+00 0.00000E+00 0.00000E+00 0.00000E+00 0.00000E+00 0.00000E+00 0.00000E+00 1.29962E-19 1.76363E-19 5.94221E-21 7.33606E-21 2.03204E-20 2.24351E-20 3.06092E-20 1.19663E-20 1.47371E-20
 4.80885E+03 4.20811E-19 0.00000E+00 0.00000E+00 0.00000E+00 0.00000E+00 0.00000E+00 0.00000E+00 0.00000E+00 1.23335E-19 1.67238E-19 5.77345E-21 7.15839E-21 1.96163E-20 2.14566E-20 2.92189E-20 1.11823E-20 1.37624E-20
 5.00000E+03 3.80201E-19 0.00000E+00 0.00000E+00 0.00000E+00 0.00000E+00 0.00000E+00 0.00000E+00 0.00000E+00 1.10957E-19 1.50404E-19 5.44991E-21 6.81515E-21 1.82793E-20 1.96170E-20 2.66135E-20 9.76418E-21 1.20009E-20
 5.24700E+03 3.35320E-19 0.00000E+00 0.00000E+00 0.00000E+00 0.00000E+00 0.00000E+00 0.00000E+00 0.00000E+00 9.76608E-20 1.31728E-19 5.06548E-21 6.38998E-21 1.67133E-20 1.75117E-20 2.36478E-20 8.23186E-21 1.01004E-20
 5.24700E+03 4.00160E-19 0.00000E+00 0.00000E+00 0.00000E+00 0.00000E+00 0.00000E+00 0.00000E+00 6.48399E-20 9.76608E-20 1.31728E-19 5.06548E-21 6.38998E-21 1.67133E-20 1.75117E-20 2.36478E-20 8.23186E-21 1.01004E-20
 5.25086E+03 3.93810E-19 0.00000E+00 0.00000E+00 0.00000E+00 0.00000E+00 0.00000E+00 0.00000E+00 5.91375E-20 9.74688E-20 1.31458E-19 5.05983E-21 6.38370E-21 1.66905E-20 1.74814E-20 2.36052E-20 8.21045E-21 1.00739E-20
 5.25473E+03 3.92367E-19 0.00000E+00 0.00000E+00 0.00000E+00 0.00000E+00 0.00000E+00 0.00000E+00 5.83394E-20 9.72772E-20 1.31188E-19 5.05419E-21 6.37742E-21 1.66677E-20 1.74511E-20 2.35627E-20 8.18909E-21 1.00474E-20
 5.26247E+03 3.91660E-19 0.00000E+00 0.00000E+00 0.00000E+00 0.00000E+00 0.00000E+00 0.00000E+00 5.89201E-20 9.68952E-20 1.30651E-19 5.04292E-21 6.36490E-21 1.66222E-20 1.73908E-20 2.34779E-20 8.14653E-21 9.99472E-21
 5.27798E+03 3.87846E-19 0.00000E+00 0.00000E+00 0.00000E+00 0.00000E+00 0.00000E+00 0.00000E+00 5.76653E-20 9.61355E-20 1.29583E-19 5.02045E-21 6.33992E-21 1.65315E-20 1.72707E-20 2.33092E-20 8.06209E-21 9.89009E-21
 5.29353E+03 3.84268E-19 0.00000E+00 0.00000E+00 0.00000E+00 0.00000E+00 0.00000E+00 0.00000E+00 5.66262E-20 9.53818E-20 1.28524E-19 4.99808E-21 6.31504E-21 1.64414E-20 1.71514E-20 2.31417E-20 7.97852E-21 9.78656E-21
 5.30914E+03 3.81653E-19 0.00000E+00 0.00000E+00 0.00000E+00 0.00000E+00 0.00000E+00 0.00000E+00 5.65309E-20 9.46340E-20 1.27474E-19 4.97582E-21 6.29026E-21 1.63518E-20 1.70330E-20 2.29754E-20 7.89582E-21 9.68411E-21
 5.37201E+03 3.70809E-19 0.00000E+00 0.00000E+00 0.00000E+00 0.00000E+00 0.00000E+00 0.00000E+00 5.55673E-20 9.17009E-20 1.23357E-19 4.88774E-21 6.19210E-21 1.59981E-20 1.65673E-20 2.23221E-20 7.57349E-21 9.28493E-21
 5.50000E+03 3.49974E-19 0.00000E+00 0.00000E+00 0.00000E+00 0.00000E+00 0.00000E+00 0.00000E+00 5.35980E-20 8.60987E-20 1.15513E-19 4.71605E-21 5.99988E-21 1.53128E-20 1.56727E-20 2.10690E-20 6.96730E-21 8.53458E-21
 6.00000E+03 2.81250E-19 0.00000E+00 0.00000E+00 0.00000E+00 0.00000E+00 0.00000E+00 0.00000E+00 4.62021E-20 6.78663E-20 9.02291E-20 4.12063E-21 5.31023E-21 1.29789E-20 1.26925E-20 1.69221E-20 5.09484E-21 6.22127E-21
 6.56600E+03 2.23402E-19 0.00000E+00 0.00000E+00 0.00000E+00 0.00000E+00 0.00000E+00 0.00000E+00 3.93160E-20 5.27129E-20 6.94729E-20 3.56935E-21 4.65168E-21 1.08937E-20 1.01390E-20 1.34032E-20 3.66541E-21 4.45493E-21
 6.56600E+03 2.36469E-19 0.00000E+00 0.00000E+00 0.00000E+00 0.00000E+00 0.00000E+00 1.30673E-20 3.93159E-20 5.27129E-20 6.94729E-20 3.56935E-21 4.65168E-21 1.08937E-20 1.01390E-20 1.34032E-20 3.66541E-21 4.45493E-21
 6.95400E+03 2.05570E-19 0.00000E+00 0.00000E+00 0.00000E+00 0.00000E+00 0.00000E+00 1.28462E-20 3.53725E-20 4.47745E-20 5.86922E-20 3.25735E-21 4.26464E-21 9.72720E-21 8.76431E-21 1.15237E-20 2.96550E-21 3.60138E-21
 6.95400E+03 2.15167E-19 0.00000E+00 0.00000E+00 0.00000E+00 0.00000E+00 9.59698E-21 1.28462E-20 3.53725E-20 4.47745E-20 5.86922E-20 3.25735E-21 4.26464E-21 9.72720E-21 8.76431E-21 1.15237E-20 2.96550E-21 3.60138E-21
 6.96547E+03 2.13395E-19 0.00000E+00 0.00000E+00 0.00000E+00 0.00000E+00 8.65843E-21 1.28252E-20 3.52653E-20 4.45651E-20 5.84088E-20 3.24880E-21 4.25401E-21 9.69562E-21 8.72773E-21 1.14738E-20 2.94751E-21 3.57945E-21
 6.97696E+03 2.12520E-19 0.00000E+00 0.00000E+00 0.00000E+00 0.00000E+00 8.61383E-21 1.28043E-20 3.51585E-20 4.43568E-20 5.81267E-20 3.24028E-21 4.24342E-21 9.66414E-21 8.69129E-21 1.14241E-20 2.92964E-21 3.55766E-21
 7.00000E+03 2.10950E-19 0.00000E+00 0.00000E+00 0.00000E+00 0.00000E+00 8.70273E-21 1.27619E-20 3.49442E-20 4.39414E-20 5.75647E-20 3.22317E-21 4.22212E-21 9.60110E-21 8.61851E-21 1.13249E-20 2.89404E-21 3.51415E-21
 8.00000E+03 1.52058E-19 0.00000E+00 0.00000E+00 0.00000E+00 0.00000E+00 7.30677E-21 1.09692E-20 2.70664E-20 2.98287E-20 3.85931E-20 2.58830E-21 3.41852E-21 7.32977E-21 6.08226E-21 7.89235E-21 1.75373E-21 2.11852E-21
 9.00000E+03 1.13622E-19 0.00000E+00 0.00000E+00 0.00000E+00 0.00000E+00 6.21651E-21 9.39521E-21 2.14072E-20 2.10275E-20 2.69084E-20 2.12298E-21 2.81241E-21 5.73844E-21 4.42943E-21 5.68369E-21 1.11799E-21 1.34436E-21
 1.00000E+04 8.73850E-20 0.00000E+00 0.00000E+00 0.00000E+00 0.00000E+00 5.33896E-21 8.06966E-21 1.72346E-20 1.52845E-20 1.93676E-20 1.77175E-21 2.34581E-21 4.58607E-21 3.31080E-21 4.20579E-21 7.42666E-22 8.89159E-22
 1.10000E+04 6.88147E-20 0.00000E+00 0.00000E+00 0.00000E+00 0.00000E+00 4.62567E-21 6.96406E-21 1.40861E-20 1.13980E-20 1.43139E-20 1.50000E-21 1.98021E-21 3.72841E-21 2.52954E-21 3.18386E-21 5.10371E-22 6.08587E-22
 1.25000E+04 4.98557E-20 0.00000E+00 0.00000E+00 0.00000E+00 0.00000E+00 3.78554E-21 5.63911E-21 1.06589E-20 7.63823E-21 9.47632E-21 1.19483E-21 1.56573E-21 2.80678E-21 1.74836E-21 2.17312E-21 3.06360E-22 3.63299E-22
 1.40000E+04 3.74063E-20 0.00000E+00 0.00000E+00 0.00000E+00 0.00000E+00 3.14638E-21 4.62255E-21 8.26213E-21 5.32408E-21 6.53323E-21 9.72874E-22 1.26254E-21 2.16916E-21 1.25035E-21 1.53661E-21 1.93596E-22 2.28376E-22
 1.50000E+04 3.13828E-20 0.00000E+00 0.00000E+00 0.00000E+00 0.00000E+00 2.80247E-21 4.07537E-21 7.05184E-21 4.26239E-21 5.19496E-21 8.56951E-22 1.10400E-21 1.84916E-21 1.01599E-21 1.23988E-21 1.45967E-22 1.71645E-22
 1.75000E+04 2.11632E-20 0.00000E+00 0.00000E+00 0.00000E+00 0.00000E+00 2.14643E-21 3.03759E-21 4.90681E-21 2.57504E-21 3.08984E-21 6.42392E-22 8.11271E-22 1.28499E-21 6.33232E-22 7.60477E-22 7.71026E-23 8.99824E-23
 2.00000E+04 1.50171E-20 0.00000E+00 0.00000E+00 0.00000E+00 0.00000E+00 1.68947E-21 2.32524E-21 3.55025E-21 1.65158E-21 1.95437E-21 4.97918E-22 6.15729E-22 9.29942E-22 4.16384E-22 4.92973E-22 4.40103E-23 5.10167E-23
 2.03830E+04 1.42965E-20 0.00000E+00 0.00000E+00 0.00000E+00 0.00000E+00 1.63156E-21 2.23569E-21 3.38727E-21 1.54933E-21 1.82967E-21 4.79949E-22 5.91498E-22 8.87391E-22 3.91908E-22 4.63031E-22 4.06085E-23 4.70247E-23
 2.03830E+04 3.57485E-20 0.00000E+00 0.00000E+00 0.00000E+00 2.14521E-20 1.63156E-21 2.23569E-21 3.38727E-21 1.54933E-21 1.82967E-21 4.79949E-22 5.91498E-22 8.87391E-22 3.91908E-22 4.63031E-22 4.06085E-23 4.70247E-23
 2.03952E+04 3.36167E-20 0.00000E+00 0.00000E+00 0.00000E+00 1.93423E-20 1.62977E-21 2.23294E-21 3.38227E-21 1.54622E-21 1.82588E-21 4.79395E-22 5.90752E-22 8.86085E-22 3.91162E-22 4.62119E-22 4.05059E-23 4.69044E-23
 2.04073E+04 3.35320E-20 0.00000E+00 0.00000E+00 0.00000E+00 1.92796E-20 1.62798E-21 2.23018E-21 3.37728E-21 1.54312E-21 1.82210E-21 4.78841E-22 5.90007E-22 8.84781E-22 3.90418E-22 4.61210E-22 4.04036E-23 4.67844E-23
 2.04195E+04 3.30886E-20 0.00000E+00 0.00000E+00 0.00000E+00 1.88582E-20 1.62620E-21 2.22743E-21 3.37229E-21 1.54002E-21 1.81833E-21 4.78288E-22 5.89262E-22 8.83479E-22 3.89675E-22 4.60302E-22 4.03015E-23 4.66647E-23
 2.04317E+04 3.29349E-20 0.00000E+00 0.00000E+00 0.00000E+00 1.87265E-20 1.62441E-21 2.22468E-21 3.36731E-21 1.53693E-21 1.81456E-21 4.77735E-22 5.88519E-22 8.82179E-22 3.88933E-22 4.59396E-22 4.01997E-23 4.65453E-23
 2.04561E+04 3.29500E-20 0.00000E+00 0.00000E+00 0.00000E+00 1.87853E-20 1.62086E-21 2.21919E-21 3.35738E-21 1.53077E-21 1.80705E-21 4.76633E-22 5.87035E-22 8.79585E-22 3.87455E-22 4.57589E-22 3.99969E-23 4.63075E-23
 2.04805E+04 3.28245E-20 0.00000E+00 0.00000E+00 0.00000E+00 1.87035E-20 1.61730E-21 2.21372E-21 3.34747E-21 1.52463E-21 1.79958E-21 4.75532E-22 5.85555E-22 8.76998E-22 3.85981E-22 4.55790E-22 3.97950E-23 4.60708E-23
 2.05784E+04 3.24713E-20 0.00000E+00 0.00000E+00 0.00000E+00 1.85235E-20 1.60318E-21 2.19196E-21 3.30814E-21 1.50032E-21 1.76998E-21 4.71156E-22 5.79671E-22 8.66727E-22 3.80145E-22 4.48662E-22 3.89979E-23 4.51362E-23
 2.07758E+04 3.17061E-20 0.00000E+00 0.00000E+00 0.00000E+00 1.80981E-20 1.57529E-21 2.14908E-21 3.23085E-21 1.45285E-21 1.71223E-21 4.62524E-22 5.68081E-22 8.46544E-22 3.68734E-22 4.34740E-22 3.74512E-23 4.33235E-23
 2.11761E+04 3.01591E-20 0.00000E+00 0.00000E+00 0.00000E+00 1.72046E-20 1.52097E-21 2.06582E-21 3.08165E-21 1.36237E-21 1.60233E-21 4.45732E-22 5.45590E-22 8.07577E-22 3.46930E-22 4.08178E-22 3.45393E-23 3.99136E-23
 2.20000E+04 2.72488E-20 0.00000E+00 0.00000E+00 0.00000E+00 1.55044E-20 1.41786E-21 1.90883E-21 2.80356E-21 1.19796E-21 1.40323E-21 4.13950E-22 5.03238E-22 7.34933E-22 3.07111E-22 3.59818E-22 2.93768E-23 3.38774E-23
 2.50000E+04 1.93188E-20 0.00000E+00 0.00000E+00 0.00000E+00 1.08829E-20 1.11473E-21 1.45330E-21 2.02934E-21 7.74857E-22 8.94944E-22 3.21932E-22 3.81570E-22 5.32894E-22 2.02853E-22 2.34290E-22 1.69936E-23 1.94608E-23
 2.58590E+04 1.76207E-20 0.00000E+00 0.00000E+00 0.00000E+00 9.89823E-21 1.04410E-21 1.34963E-21 1.86018E-21 6.89408E-22 7.93179E-22 3.00836E-22 3.53886E-22 4.88473E-22 1.81395E-22 2.08689E-22 1.46804E-23 1.67784E-23
 2.58590E+04 2.50061E-20 0.00000E+00 0.00000E+00 7.38539E-21 9.89823E-21 1.04410E-21 1.34963E-21 1.86018E-21 6.89408E-22 7.93179E-22 3.00836E-22 3.53886E-22 4.88473E-22 1.81395E-22 2.08689E-22 1.46804E-23 1.67784E-23
 2.59725E+04 2.48257E-20 0.00000E+00 0.00000E+00 7.41365E-21 9.77730E-21 1.03528E-21 1.33674E-21 1.83931E-21 6.79044E-22 7.80864E-22 2.98205E-22 3.50447E-22 4.82992E-22 1.78785E-22 2.05582E-22 1.44045E-23 1.64589E-23
 2.60865E+04 2.45788E-20 0.00000E+00 0.00000E+00 7.37294E-21 9.65784E-21 1.02653E-21 1.32398E-21 1.81868E-21 6.68836E-22 7.68741E-22 2.95596E-22 3.47042E-22 4.77573E-22 1.76213E-22 2.02521E-22 1.41339E-23 1.61455E-23
 2.63160E+04 2.40396E-20 0.00000E+00 0.00000E+00 7.23865E-21 9.42329E-21 1.00926E-21 1.29882E-21 1.77810E-21 6.48879E-22 7.45055E-22 2.90448E-22 3.40331E-22 4.66917E-22 1.71179E-22 1.96536E-22 1.36077E-23 1.55365E-23
 2.67810E+04 2.29759E-20 0.00000E+00 0.00000E+00 6.95580E-21 8.97113E-21 9.75582E-22 1.24993E-21 1.69964E-21 6.10733E-22 6.99851E-22 2.80418E-22 3.27296E-22 4.46313E-22 1.61538E-22 1.85090E-22 1.26135E-23 1.43865E-23
 2.67810E+04 2.68055E-20 0.00000E+00 3.82955E-21 6.95580E-21 8.97113E-21 9.75582E-22 1.24993E-21 1.69964E-21 6.10733E-22 6.99851E-22 2.80418E-22 3.27296E-22 4.46313E-22 1.61538E-22 1.85090E-22 1.26135E-23 1.43865E-23
 2.68048E+04 2.64329E-20 0.00000E+00 3.50960E-21 6.94170E-21 8.94882E-21 9.73908E-22 1.24750E-21 1.69576E-21 6.08862E-22 6.97637E-22 2.79920E-22 3.26649E-22 4.45295E-22 1.61064E-22 1.84529E-22 1.25651E-23 1.43306E-23
 2.68285E+04 2.64237E-20 0.00000E+00 3.55326E-21 6.92731E-21 8.92657E-21 9.72236E-22 1.24508E-21 1.69189E-21 6.06998E-22 6.95430E-22 2.79422E-22 3.26004E-22 4.44278E-22 1.60592E-22 1.83969E-22 1.25169E-23 1.42749E-23
 2.68762E+04 2.62940E-20 0.00000E+00 3.52883E-21 6.89861E-21 8.88224E-21 9.68901E-22 1.24025E-21 1.68418E-21 6.03286E-22 6.91037E-22 2.78430E-22 3.24718E-22 4.42253E-22 1.59652E-22 1.82855E-22 1.24211E-23 1.41642E-23
 2.69717E+04 2.60657E-20 0.00000E+00 3.50955E-21 6.84157E-21 8.79424E-21 9.62265E-22 1.23065E-21 1.66886E-21 5.95930E-22 6.82334E-22 2.76456E-22 3.22160E-22 4.38230E-22 1.57789E-22 1.80647E-22 1.22318E-23 1.39453E-23
 2.71637E+04 2.56127E-20 0.00000E+00 3.46887E-21 6.72890E-21 8.62085E-21 9.49129E-22 1.21168E-21 1.63863E-21 5.81486E-22 6.65255E-22 2.72549E-22 3.17105E-22 4.30293E-22 1.54128E-22 1.76310E-22 1.18616E-23 1.35177E-23
 2.75518E+04 2.47273E-20 0.00000E+00 3.38975E-21 6.50741E-21 8.28212E-21 9.23393E-22 1.17426E-21 1.57943E-21 5.53639E-22 6.32370E-22 2.64901E-22 3.07231E-22 4.14848E-22 1.47058E-22 1.67946E-22 1.11546E-23 1.27014E-23
 2.83448E+04 2.30358E-20 0.00000E+00 3.23065E-21 6.08300E-21 7.64024E-21 8.73996E-22 1.10207E-21 1.46648E-21 5.01883E-22 5.71395E-22 2.50242E-22 2.88396E-22 3.85600E-22 1.33877E-22 1.52391E-22 9.86454E-24 1.12137E-23
 3.00000E+04 1.99927E-20 0.00000E+00 2.92979E-21 5.31073E-21 6.50159E-21 7.82977E-22 9.70721E-22 1.26421E-21 4.12429E-22 4.66513E-22 2.23311E-22 2.54115E-22 3.33142E-22 1.10951E-22 1.25466E-22 7.71463E-24 8.74055E-24
 3.50000E+04 1.35445E-20 0.00000E+00 2.22692E-21 3.64021E-21 4.16803E-21 5.75721E-22 6.81685E-22 8.38281E-22 2.40134E-22 2.66699E-22 1.62825E-22 1.78355E-22 2.21708E-22 6.59478E-23 7.32084E-23 3.92806E-24 4.40754E-24
 4.00000E+04 9.62782E-21 0.00000E+00 1.73628E-21 2.60016E-21 2.81939E-21 4.38396E-22 4.97765E-22 5.82913E-22 1.49554E-22 1.63399E-22 1.23245E-22 1.30311E-22 1.54699E-22 4.17420E-23 4.55807E-23 2.17947E-24 2.42394E-24
 4.50000E+04 7.10634E-21 0.00000E+00 1.38336E-21 1.92124E-21 1.98888E-21 3.43168E-22 3.75009E-22 4.20817E-22 9.81591E-23 1.05664E-22 9.60430E-23 9.82826E-23 1.12034E-22 2.77572E-23 2.98613E-23 1.29273E-24 1.42640E-24
 5.00000E+04 5.40610E-21 0.00000E+00 1.12254E-21 1.45970E-21 1.45124E-21 2.74698E-22 2.89846E-22 3.13161E-22 6.71917E-23 7.13557E-23 7.66172E-23 7.60677E-23 8.36127E-23 1.92058E-23 2.03835E-23 8.09218E-25 8.86189E-25
 5.50000E+04 4.21576E-21 0.00000E+00 9.25207E-22 1.13515E-21 1.08880E-21 2.23996E-22 2.28857E-22 2.38974E-22 4.76049E-23 4.99319E-23 6.23075E-23 6.01495E-23 6.39720E-23 1.37323E-23 1.43935E-23 5.29190E-25 5.75516E-25
 6.00000E+04 3.35617E-21 0.00000E+00 7.72846E-22 9.00351E-22 8.36153E-22 1.85519E-22 1.83999E-22 1.86261E-22 3.47143E-23 3.59950E-23 5.14937E-23 4.84318E-23 4.99794E-23 1.00921E-23 1.04572E-23 3.59027E-25 3.87974E-25
 7.00000E+04 2.23644E-21 0.00000E+00 5.57710E-22 5.94641E-22 5.21946E-22 1.32205E-22 1.24354E-22 1.19164E-22 1.97976E-23 2.01073E-23 3.65791E-23 3.28259E-23 3.21083E-23 5.82884E-24 5.91646E-24 1.80568E-25 1.92848E-25
 8.00000E+04 1.57084E-21 0.00000E+00 4.17430E-22 4.13604E-22 3.45944E-22 9.81064E-23 8.81335E-23 8.05474E-23 1.21516E-23 1.21215E-23 2.70855E-23 2.33267E-23 2.17792E-23 3.61340E-24 3.60237E-24 9.96556E-26 1.05320E-25
 9.00000E+04 1.14917E-21 0.00000E+00 3.21697E-22 2.99587E-22 2.40235E-22 7.51508E-23 6.48413E-23 5.68401E-23 7.89561E-24 7.75183E-24 2.07158E-23 1.72030E-23 1.54147E-23 2.36673E-24 2.32248E-24 5.90698E-26 6.18475E-26
 1.00000E+05 8.68412E-22 0.00000E+00 2.53926E-22 2.24198E-22 1.73174E-22 5.90598E-23 4.91676E-23 4.15254E-23 5.36933E-24 5.19716E-24 1.62618E-23 1.30727E-23 1.12904E-23 1.62010E-24 1.56762E-24 3.70546E-26 3.84840E-26
 1.10000E+05 6.73858E-22 0.00000E+00 2.04476E-22 1.72342E-22 1.28713E-22 4.74053E-23 3.82233E-23 3.12156E-23 3.78943E-24 3.62188E-24 1.30418E-23 1.01821E-23 8.50616E-24 1.14965E-24 1.09856E-24 2.43557E-26 2.51039E-26
 1.25000E+05 4.79517E-22 0.00000E+00 1.52414E-22 1.21015E-22 8.64183E-23 3.52151E-23 2.72208E-23 2.12550E-23 2.37690E-24 2.23466E-24 9.67949E-24 7.26958E-24 5.80840E-24 7.26083E-25 6.82520E-25 1.39155E-26 1.41989E-26
 1.38440E+05 3.65467E-22 0.00000E+00 1.20231E-22 9.12150E-23 6.28674E-23 2.77224E-23 2.07328E-23 1.56228E-23 1.64003E-24 1.52224E-24 7.61581E-24 5.54762E-24 4.27835E-24 5.03462E-25 4.67320E-25 8.92768E-27 9.03844E-27
 1.38440E+05 1.49221E-21 1.12674E-21 1.20231E-22 9.12150E-23 6.28674E-23 2.77224E-23 2.07328E-23 1.56228E-23 1.64003E-24 1.52224E-24 7.61581E-24 5.54762E-24 4.27835E-24 5.03462E-25 4.67320E-25 8.92768E-27 9.03844E-27
 1.38537E+05 1.43239E-21 1.06760E-21 1.20035E-22 9.10383E-23 6.27304E-23 2.76770E-23 2.06941E-23 1.55898E-23 1.63586E-24 1.51824E-24 7.60329E-24 5.53734E-24 4.26939E-24 5.02199E-25 4.66107E-25 8.90055E-27 9.01049E-27
 1.38634E+05 1.43009E-21 1.06598E-21 1.19840E-22 9.08620E-23 6.25936E-23 2.76316E-23 2.06555E-23 1.55569E-23 1.63170E-24 1.51425E-24 7.59080E-24 5.52709E-24 4.26044E-24 5.00939E-25 4.64898E-25 8.87350E-27 8.98262E-27
 1.38828E+05 1.42617E-21 1.06341E-21 1.19451E-22 9.05104E-23 6.23211E-23 2.75411E-23 2.05785E-23 1.54914E-23 1.62342E-24 1.50630E-24 7.56588E-24 5.50663E-24 4.24262E-24 4.98430E-25 4.62489E-25 8.81964E-27 8.92714E-27
 1.39218E+05 1.41672E-21 1.05665E-21 1.18676E-22 8.98113E-23 6.17795E-23 2.73610E-23 2.04254E-23 1.53611E-23 1.60698E-24 1.49052E-24 7.51628E-24 5.46595E-24 4.20718E-24 4.93449E-25 4.57709E-25 8.71291E-27 8.81722E-27
 1.40000E+05 1.39722E-21 1.04246E-21 1.17141E-22 8.84292E-23 6.07105E-23 2.70042E-23 2.01225E-23 1.51038E-23 1.57459E-24 1.45945E-24 7.41804E-24 5.38548E-24 4.13720E-24 4.83635E-25 4.48296E-25 8.50333E-27 8.60143E-27
 1.50000E+05 1.17694E-21 8.81557E-22 9.96956E-23 7.30619E-23 4.89817E-23 2.29575E-23 1.67362E-23 1.22653E-23 1.22671E-24 1.12758E-24 6.30454E-24 4.48486E-24 3.36426E-24 3.77908E-25 3.47433E-25 6.31267E-27 6.35563E-27
 1.75000E+05 8.00513E-22 6.04074E-22 6.93927E-23 4.77333E-23 3.03657E-23 1.59511E-23 1.10852E-23 7.70558E-24 7.04578E-25 6.36506E-25 4.37824E-24 2.97845E-24 2.11960E-24 2.18436E-25 1.97386E-25 3.26744E-27 3.25508E-27
 2.00000E+05 5.72851E-22 4.34597E-22 5.06308E-23 3.30688E-23 2.01210E-23 1.16270E-23 7.76191E-24 5.15844E-24 4.37999E-25 3.90307E-25 3.19042E-24 2.09004E-24 1.42210E-24 1.36444E-25 1.21649E-25 1.86335E-27 1.84149E-27
 2.20000E+05 4.51310E-22 3.43539E-22 4.04226E-23 2.54843E-23 1.50309E-23 9.27845E-24 6.02345E-24 3.87899E-24 3.13049E-25 2.76546E-25 2.54559E-24 1.62425E-24 1.07093E-24 9.78071E-26 8.64624E-26 1.25573E-27 1.23467E-27
 2.50000E+05 3.28258E-22 2.50887E-22 2.99009E-23 1.80140E-23 1.02005E-23 6.86049E-24 4.29417E-24 2.65347E-24 2.00514E-25 1.75373E-25 1.88192E-24 1.15997E-24 7.33888E-25 6.28861E-26 5.50393E-26 7.45198E-28 7.28883E-28
 3.00000E+05 2.09518E-22 1.60968E-22 1.95023E-23 1.10535E-23 5.91930E-24 4.47303E-24 2.66284E-24 1.55485E-24 1.07530E-25 9.30147E-26 1.22682E-24 7.20932E-25 4.30975E-25 3.38766E-26 2.93325E-26 3.60335E-28 3.51131E-28
 3.50000E+05 1.44297E-22 1.11314E-22 1.36439E-23 7.36820E-24 3.77304E-24 3.12862E-24 1.78852E-24 9.97868E-25 6.43157E-26 5.53205E-26 8.57998E-25 4.85017E-25 2.77023E-25 2.03301E-26 1.75030E-26 1.98612E-28 1.93592E-28
 4.00000E+05 1.05110E-22 8.13625E-23 1.00541E-23 5.21959E-24 2.57632E-24 2.30493E-24 1.27415E-24 6.84767E-25 4.16608E-26 3.57509E-26 6.32047E-25 3.45947E-25 1.90313E-25 1.32037E-26 1.13410E-26 1.20428E-28 1.17754E-28
 4.50000E+05 7.99101E-23 6.20376E-23 7.70969E-24 3.87337E-24 1.85386E-24 1.76702E-24 9.49605E-25 4.94562E-25 2.86812E-26 2.46122E-26 4.84499E-25 2.58080E-25 1.37568E-25 9.10560E-27 7.82224E-27 7.84799E-29 7.71325E-29
 5.00000E+05 6.28193E-23 4.88940E-23 6.10029E-24 2.98144E-24 1.39001E-24 1.39778E-24 7.33401E-25 3.71850E-25 2.07018E-26 1.77948E-26 3.83221E-25 1.99469E-25 1.03502E-25 6.58214E-27 5.66348E-27 5.39878E-29 5.34382E-29
 5.50000E+05 5.07246E-23 3.95686E-23 4.95029E-24 2.36355E-24 1.07720E-24 1.13395E-24 5.82970E-25 2.88787E-25 1.55212E-26 1.33775E-26 3.10862E-25 1.58649E-25 8.04207E-26 4.94248E-27 4.26334E-27 3.88376E-29 3.87331E-29
 6.00000E+05 4.18635E-23 3.27205E-23 4.10114E-24 1.91964E-24 8.57636E-25 9.39169E-25 4.74499E-25 2.30309E-25 1.20082E-26 1.03832E-26 2.57440E-25 1.29187E-25 6.41604E-26 3.82725E-27 3.31230E-27 2.90346E-29 2.91941E-29
 7.00000E+05 3.00178E-23 2.35376E-23 2.95633E-24 1.34116E-24 5.79457E-25 6.76628E-25 3.32548E-25 1.55970E-25 7.73932E-27 6.74236E-27 1.85442E-25 9.06063E-26 4.34744E-26 2.47013E-27 2.15338E-27 1.76137E-29 1.80238E-29
 8.00000E+05 2.26771E-23 1.78258E-23 2.24068E-24 9.93776E-25 4.17797E-25 5.12563E-25 2.46934E-25 1.12623E-25 5.37414E-27 4.71949E-27 1.40456E-25 6.73116E-26 3.14031E-26 1.71744E-27 1.50919E-27 1.16333E-29 1.21198E-29
 9.00000E+05 1.78106E-23 1.40271E-23 1.76335E-24 7.69578E-25 3.16208E-25 4.03176E-25 1.91510E-25 8.53201E-26 3.94655E-27 3.49259E-27 1.10467E-25 5.22210E-26 2.37944E-26 1.26246E-27 1.11775E-27 8.21568E-30 8.69074E-30
 1.00000E+06 1.44143E-23 1.13690E-23 1.42876E-24 6.16630E-25 2.48432E-25 3.26535E-25 1.53612E-25 6.70721E-26 3.02644E-27 2.69734E-27 8.94564E-26 4.18949E-26 1.87079E-26 9.68607E-28 8.63627E-28 6.09248E-30 6.55355E-30
 1.10000E+06 1.19467E-23 9.43326E-24 1.18487E-24 5.07609E-25 2.01032E-25 2.70691E-25 1.26548E-25 5.42935E-26 2.40070E-27 2.15348E-27 7.41496E-26 3.45198E-26 1.51446E-26 7.68647E-28 6.89624E-28 4.68770E-30 5.11091E-30
 1.25000E+06 9.33665E-24 7.38126E-24 9.26181E-25 3.94474E-25 1.52813E-25 2.11483E-25 9.84162E-26 4.12800E-26 1.78115E-27 1.61153E-27 5.79226E-26 2.68510E-26 1.15155E-26 5.70605E-28 5.16416E-28 3.35896E-30 3.73650E-30
 1.40000E+06 7.54223E-24 5.96740E-24 7.47890E-25 3.18103E-25 1.20937E-25 1.70696E-25 7.93998E-26 3.26705E-26 1.38297E-27 1.26053E-27 4.67456E-26 2.16646E-26 9.11353E-27 4.43475E-28 4.04089E-28 2.52186E-30 2.85628E-30
 1.50000E+06 6.63896E-24 5.25466E-24 6.58008E-25 2.80108E-25 1.05320E-25 1.50140E-25 6.99313E-26 2.84507E-26 1.19195E-27 1.09105E-27 4.11136E-26 1.90820E-26 7.93614E-27 3.82275E-28 3.49876E-28 2.13784E-30 2.44933E-30
 1.75000E+06 5.02516E-24 3.97943E-24 4.97238E-25 2.12956E-25 7.81934E-26 1.13388E-25 5.31837E-26 2.11181E-26 8.67495E-28 8.00938E-28 3.10449E-26 1.45126E-26 5.89038E-27 2.78336E-28 2.56848E-28 1.49882E-30 1.75224E-30
 2.00000E+06 3.97733E-24 3.15018E-24 3.92759E-25 1.69783E-25 6.11418E-26 8.95164E-26 4.24072E-26 1.65076E-26 6.68721E-28 6.21402E-28 2.45053E-26 1.15715E-26 4.60397E-27 2.14556E-28 1.99301E-28 1.12365E-30 1.33950E-30
 2.20000E+06 3.37943E-24 2.67731E-24 3.33224E-25 1.45282E-25 5.16313E-26 7.56851E-26 3.58530E-26 1.39539E-26 5.65226E-28 5.25213E-28 2.07054E-26 9.77693E-27 3.88978E-27 1.81266E-28 1.68376E-28 9.49257E-31 1.13160E-30
 2.50000E+06 2.73150E-24 2.16447E-24 2.68719E-25 1.18732E-25 4.15379E-26 6.07589E-26 2.87805E-26 1.11990E-26 4.53588E-28 4.21460E-28 1.66085E-26 7.84221E-27 3.11987E-27 1.45381E-28 1.35042E-28 7.61279E-31 9.07511E-31
 3.00000E+06 2.03872E-24 1.61600E-24 1.99855E-25 9.02244E-26 3.07519E-26 4.48606E-26 2.12481E-26 8.26579E-27 3.34745E-28 3.11020E-28 1.22502E-26 5.78410E-27 2.30093E-27 1.07214E-28 9.95873E-29 5.61367E-31 6.69195E-31
 3.50000E+06 1.60557E-24 1.27506E-24 1.56397E-25 7.05969E-26 2.40422E-26 3.50030E-26 1.65781E-26 6.44787E-27 2.61100E-28 2.42585E-28 9.55126E-27 4.50963E-27 1.79384E-27 8.35821E-29 7.76360E-29 4.37604E-31 5.21659E-31
 4.00000E+06 1.31460E-24 1.04606E-24 1.27156E-25 5.73924E-26 1.95329E-26 2.83949E-26 1.34478E-26 5.22959E-27 2.11752E-28 1.96731E-28 7.74368E-27 3.65610E-27 1.45427E-27 6.77577E-29 6.29370E-29 3.54736E-31 4.22873E-31
 4.50000E+06 1.10773E-24 8.83234E-25 1.06355E-25 4.80000E-26 1.63281E-26 2.37077E-26 1.12276E-26 4.36567E-27 1.76761E-28 1.64218E-28 6.46249E-27 3.05115E-27 1.21360E-27 5.65431E-29 5.25199E-29 2.96011E-31 3.52868E-31
 5.00000E+06 9.54120E-25 7.62289E-25 9.09187E-26 4.10310E-26 1.39518E-26 2.02378E-26 9.58400E-27 3.72624E-27 1.50865E-28 1.40157E-28 5.51461E-27 2.60359E-27 1.03556E-27 4.82468E-29 4.48137E-29 2.52571E-31 3.01083E-31
 5.50000E+06 8.36097E-25 6.69305E-25 7.90793E-26 3.56862E-26 1.21304E-26 1.75816E-26 8.32591E-27 3.23684E-27 1.31046E-28 1.21743E-28 4.78936E-27 2.26116E-27 8.99339E-28 4.18996E-29 3.89180E-29 2.19338E-31 2.61466E-31
 6.00000E+06 7.42917E-25 5.95837E-25 6.97536E-26 3.14765E-26 1.06964E-26 1.54927E-26 7.33658E-27 2.85204E-27 1.15463E-28 1.07265E-28 4.21927E-27 1.99199E-27 7.92267E-28 3.69106E-29 3.42840E-29 1.93217E-31 2.30328E-31
 7.00000E+06 6.05762E-25 4.87550E-25 5.60886E-26 2.53085E-26 8.59652E-27 1.24379E-26 5.88979E-27 2.28937E-27 9.26791E-29 8.60969E-29 3.38595E-27 1.59854E-27 6.35765E-28 2.96187E-29 2.75108E-29 1.55040E-31 1.84819E-31
 8.00000E+06 5.10124E-25 4.11874E-25 4.66334E-26 2.10410E-26 7.14458E-27 1.03288E-26 4.89091E-27 1.90095E-27 7.69522E-29 7.14858E-29 2.81092E-27 1.32705E-27 5.27775E-28 2.45873E-29 2.28374E-29 1.28700E-31 1.53419E-31
 9.00000E+06 4.39903E-25 3.56177E-25 3.97509E-26 1.79350E-26 6.08827E-27 8.79604E-27 4.16506E-27 1.61873E-27 6.55258E-29 6.08703E-29 2.39322E-27 1.12984E-27 4.49337E-28 2.09329E-29 1.94430E-29 1.09568E-31 1.30613E-31
 1.00000E+07 3.86294E-25 3.13552E-25 3.45432E-26 1.55848E-26 5.28935E-27 7.63785E-27 3.61658E-27 1.40550E-27 5.68928E-29 5.28502E-29 2.07769E-27 9.80872E-28 3.90087E-28 1.81725E-29 1.68790E-29 9.51181E-32 1.13387E-31
 1.10000E+07 3.44097E-25 2.79923E-25 3.04805E-26 1.37515E-26 4.66631E-27 6.73531E-27 3.18918E-27 1.23935E-27 5.01662E-29 4.66012E-29 1.83188E-27 8.64821E-28 3.43931E-28 1.60221E-29 1.48816E-29 8.38613E-32 9.99682E-32
 1.25000E+07 2.95406E-25 2.41010E-25 2.58421E-26 1.16585E-26 3.95524E-27 5.70601E-27 2.70177E-27 1.04988E-27 4.24960E-29 3.94757E-29 1.55163E-27 7.32511E-28 2.91308E-28 1.35705E-29 1.26045E-29 7.10282E-32 8.46703E-32
 1.40000E+07 2.58612E-25 2.11511E-25 2.23802E-26 1.00964E-26 3.42470E-27 4.93862E-27 2.33838E-27 9.08638E-28 3.67782E-29 3.41640E-29 1.34274E-27 6.33894E-28 2.52087E-28 1.17433E-29 1.09074E-29 6.14638E-32 7.32688E-32
 1.50000E+07 2.37564E-25 1.94368E-25 2.05267E-26 9.26012E-27 3.14073E-27 4.52808E-27 2.14399E-27 8.33081E-28 3.37196E-29 3.13226E-29 1.23102E-27 5.81148E-28 2.31110E-28 1.07660E-29 9.99965E-30 5.63484E-32 6.71709E-32
 1.75000E+07 1.97024E-25 1.61318E-25 1.69705E-26 7.65562E-27 2.59604E-27 3.74106E-27 1.77132E-27 6.88244E-28 2.78566E-29 2.58762E-29 1.01688E-27 4.80053E-28 1.90904E-28 8.89299E-30 8.25993E-30 4.65444E-32 5.54839E-32
 2.00000E+07 1.68001E-25 1.37632E-25 1.44364E-26 6.51229E-27 2.20801E-27 3.18078E-27 1.50602E-27 5.85143E-28 2.36832E-29 2.19994E-29 8.64473E-28 4.08102E-28 1.62290E-28 7.55996E-30 7.02179E-30 3.95671E-32 4.71665E-32
 2.20000E+07 1.50159E-25 1.23059E-25 1.28836E-26 5.81174E-27 1.97031E-27 2.83771E-27 1.34358E-27 5.22017E-28 2.11280E-29 1.96258E-29 7.71169E-28 3.64054E-28 1.44772E-28 6.74391E-30 6.26382E-30 3.52958E-32 4.20748E-32
 2.50000E+07 1.29401E-25 1.06093E-25 1.10822E-26 4.99905E-27 1.69460E-27 2.43996E-27 1.15525E-27 4.48833E-28 1.81657E-29 1.68740E-29 6.63010E-28 3.12993E-28 1.24466E-28 5.79796E-30 5.38521E-30 3.03447E-32 3.61728E-32
 3.00000E+07 1.05011E-25 8.61414E-26 8.97298E-27 4.04754E-27 1.37186E-27 1.97461E-27 9.34909E-28 3.63216E-28 1.47003E-29 1.36549E-29 5.36492E-28 2.53266E-28 1.00714E-28 4.69148E-30 4.35749E-30 2.45535E-32 2.92692E-32
 3.50000E+07 8.82597E-26 7.24278E-26 7.52933E-27 3.39628E-27 1.15101E-27 1.65633E-27 7.84209E-28 3.04661E-28 1.23303E-29 1.14534E-29 4.49977E-28 2.12423E-28 8.44716E-29 3.93486E-30 3.65473E-30 2.05934E-32 2.45486E-32
 4.00000E+07 7.60684E-26 6.24413E-26 6.48131E-27 2.92352E-27 9.90714E-28 1.42540E-27 6.74870E-28 2.62179E-28 1.06109E-29 9.85622E-30 3.87214E-28 1.82793E-28 7.26889E-29 3.38599E-30 3.14493E-30 1.77207E-32 2.11242E-32
 4.50000E+07 6.68093E-26 5.48531E-26 5.68692E-27 2.56517E-27 8.69226E-28 1.25044E-27 5.92027E-28 2.29992E-28 9.30816E-30 8.64613E-30 3.39665E-28 1.60347E-28 6.37625E-29 2.97017E-30 2.75871E-30 1.55445E-32 1.85300E-32
 5.00000E+07 5.95438E-26 4.88966E-26 5.06454E-27 2.28442E-27 7.74056E-28 1.11340E-27 5.27145E-28 2.04784E-28 8.28791E-30 7.69843E-30 3.02428E-28 1.42768E-28 5.67721E-29 2.64454E-30 2.45626E-30 1.38402E-32 1.64984E-32
 5.50000E+07 5.36937E-26 4.40991E-26 4.56406E-27 2.05866E-27 6.97531E-28 1.00323E-27 4.74985E-28 1.84520E-28 7.46773E-30 6.93658E-30 2.72494E-28 1.28637E-28 5.11527E-29 2.38277E-30 2.21313E-30 1.24702E-32 1.48653E-32
 6.00000E+07 4.88840E-26 4.01538E-26 4.15301E-27 1.87325E-27 6.34688E-28 9.12776E-28 4.32156E-28 1.67881E-28 6.79431E-30 6.31104E-30 2.47917E-28 1.17034E-28 4.65389E-29 2.16785E-30 2.01351E-30 1.13454E-32 1.35244E-32
 7.00000E+07 4.14467E-26 3.40513E-26 3.51822E-27 1.58691E-27 5.37642E-28 7.73115E-28 3.66032E-28 1.42191E-28 5.75461E-30 5.34528E-30 2.09974E-28 9.91226E-29 3.94161E-29 1.83606E-30 1.70534E-30 9.60892E-33 1.14544E-32
 8.00000E+07 3.59664E-26 2.95531E-26 3.05109E-27 1.37620E-27 4.66236E-28 6.70373E-28 3.17388E-28 1.23294E-28 4.98977E-30 4.63484E-30 1.82063E-28 8.59467E-29 3.41766E-29 1.59199E-30 1.47865E-30 8.33158E-33 9.93175E-33
 9.00000E+07 3.17621E-26 2.61015E-26 2.69310E-27 1.21472E-27 4.11519E-28 5.91655E-28 2.80118E-28 1.08815E-28 4.40380E-30 4.09054E-30 1.60680E-28 7.58523E-29 3.01625E-29 1.40501E-30 1.30498E-30 7.35300E-33 8.76522E-33
 1.00000E+08 2.84356E-26 2.33700E-26 2.41009E-27 1.08707E-27 3.68263E-28 5.29434E-28 2.50660E-28 9.73709E-29 3.94064E-30 3.66033E-30 1.43780E-28 6.78738E-29 2.69899E-29 1.25722E-30 1.16771E-30 6.57955E-33 7.84322E-33
 1.10000E+08 2.57384E-26 2.11548E-26 2.18078E-27 9.83635E-28 3.33217E-28 4.79027E-28 2.26794E-28 8.80997E-29 3.56542E-30 3.31180E-30 1.30088E-28 6.14104E-29 2.44197E-29 1.13750E-30 1.05651E-30 5.95298E-33 7.09631E-33
 1.25000E+08 2.25310E-26 1.85203E-26 1.90828E-27 8.60720E-28 2.91572E-28 4.19134E-28 1.98438E-28 7.70840E-29 3.11961E-30 2.89769E-30 1.13821E-28 5.37311E-29 2.13660E-29 9.95249E-31 9.24391E-31 5.20853E-33 6.20888E-33
 1.40000E+08 2.00334E-26 1.64685E-26 1.69622E-27 7.65071E-28 2.59165E-28 3.72533E-28 1.76374E-28 6.85130E-29 2.77273E-30 2.57549E-30 1.01164E-28 4.77561E-29 1.89900E-29 8.84575E-31 8.21596E-31 4.62933E-33 5.51843E-33
 1.50000E+08 1.86544E-26 1.53355E-26 1.57919E-27 7.12284E-28 2.41281E-28 3.46817E-28 1.64199E-28 6.37835E-29 2.58132E-30 2.39769E-30 9.41796E-29 4.44592E-29 1.76790E-29 8.23505E-31 7.64874E-31 4.30972E-33 5.13744E-33
 1.75000E+08 1.59149E-26 1.30844E-26 1.34682E-27 6.07470E-28 2.05772E-28 2.95761E-28 1.40027E-28 5.43934E-29 2.20130E-30 2.04470E-30 8.03136E-29 3.79135E-29 1.50761E-29 7.02259E-31 6.52260E-31 3.67519E-33 4.38104E-33
 2.00000E+08 1.38764E-26 1.14091E-26 1.17401E-27 5.29525E-28 1.79366E-28 2.57798E-28 1.22053E-28 4.74113E-29 1.91873E-30 1.78223E-30 7.00037E-29 3.30464E-29 1.31407E-29 6.12108E-31 5.68527E-31 3.20339E-33 3.81863E-33
 2.20000E+08 1.25865E-26 1.03489E-26 1.06470E-27 4.80220E-28 1.62664E-28 2.33786E-28 1.10685E-28 4.29952E-29 1.74001E-30 1.61623E-30 6.34828E-29 2.99682E-29 1.19167E-29 5.55089E-31 5.15568E-31 2.90498E-33 3.46291E-33
 2.50000E+08 1.10460E-26 9.08270E-27 9.34201E-28 4.21361E-28 1.42725E-28 2.05123E-28 9.71143E-29 3.77237E-29 1.52667E-30 1.41806E-30 5.56990E-29 2.62937E-29 1.04555E-29 4.87027E-31 4.52352E-31 2.54879E-33 3.03831E-33
 3.00000E+08 9.17423E-27 7.54406E-27 7.75714E-28 3.49876E-28 1.18509E-28 1.70315E-28 8.06345E-29 3.13221E-29 1.26760E-30 1.17742E-30 4.62467E-29 2.18315E-29 8.68117E-30 4.04376E-31 3.75585E-31 2.11624E-33 2.52268E-33
 3.50000E+08 7.84477E-27 6.45108E-27 6.63188E-28 2.99123E-28 1.01317E-28 1.45604E-28 6.89350E-29 2.67774E-29 1.08367E-30 1.00658E-30 3.95362E-29 1.86637E-29 7.42152E-30 3.45700E-31 3.21087E-31 1.80917E-33 2.15664E-33
 4.00000E+08 6.85177E-27 5.63467E-27 5.79167E-28 2.61226E-28 8.84802E-29 1.27153E-28 6.01997E-29 2.33842E-29 9.46350E-31 8.79026E-31 3.45260E-29 1.62986E-29 6.48102E-30 3.01891E-31 2.80397E-31 1.57990E-33 1.88333E-33
 4.50000E+08 6.08189E-27 5.00166E-27 5.14038E-28 2.31850E-28 7.85298E-29 1.12852E-28 5.34289E-29 2.07541E-29 8.39910E-31 7.80157E-31 3.06426E-29 1.44654E-29 5.75205E-30 2.67935E-31 2.48858E-31 1.40219E-33 1.67150E-33
 5.00000E+08 5.46751E-27 4.49649E-27 4.62074E-28 2.08412E-28 7.05908E-29 1.01442E-28 4.80269E-29 1.86557E-29 7.54989E-31 7.01278E-31 2.75444E-29 1.30028E-29 5.17046E-30 2.40844E-31 2.23696E-31 1.26042E-33 1.50249E-33
 5.50000E+08 4.96586E-27 4.08399E-27 4.19650E-28 1.89277E-28 6.41095E-29 9.21272E-29 4.36169E-29 1.69426E-29 6.85662E-31 6.36882E-31 2.50150E-29 1.18088E-29 4.69567E-30 2.18728E-31 2.03155E-31 1.14468E-33 1.36452E-33
 6.00000E+08 4.54852E-27 3.74081E-27 3.84361E-28 1.73361E-28 5.87182E-29 8.43789E-29 3.99485E-29 1.55177E-29 6.27994E-31 5.83317E-31 2.29111E-29 1.08156E-29 4.30073E-30 2.00331E-31 1.86068E-31 1.04840E-33 1.24976E-33
 7.00000E+08 3.89399E-27 3.20257E-27 3.29023E-28 1.48401E-28 5.02639E-29 7.22292E-29 3.41963E-29 1.32833E-29 5.37568E-31 4.99324E-31 1.96120E-29 9.25818E-30 3.68145E-30 1.71484E-31 1.59275E-31 8.97436E-34 1.06980E-33
 8.00000E+08 3.40412E-27 2.79973E-27 2.87613E-28 1.29724E-28 4.39377E-29 6.31377E-29 2.98920E-29 1.16113E-29 4.69904E-31 4.36474E-31 1.71434E-29 8.09283E-30 3.21805E-30 1.49899E-31 1.39227E-31 7.84472E-34 9.35137E-34
 9.00000E+08 3.02373E-27 2.48690E-27 2.55461E-28 1.15222E-28 3.90258E-29 5.60790E-29 2.65501E-29 1.03131E-29 4.17368E-31 3.87676E-31 1.52268E-29 7.18804E-30 2.85827E-30 1.33140E-31 1.23661E-31 6.96767E-34 8.30587E-34
 1.00000E+09 2.71981E-27 2.23696E-27 2.29774E-28 1.03636E-28 3.51016E-29 5.04398E-29 2.38803E-29 9.27607E-30 3.75398E-31 3.48691E-31 1.36956E-29 6.46521E-30 2.57084E-30 1.19751E-31 1.11225E-31 6.26699E-34 7.47063E-34
