 ***  Photoelectric cross sections,  IZ = 69,  NSHELL = 14,  NDATA = 292
              0           1           2           3           4           5           6           7           8           9          10          11          12          13          14
 5.00000E+01 7.23552E-18 0.00000E+00 0.00000E+00 0.00000E+00 0.00000E+00 0.00000E+00 0.00000E+00 0.00000E+00 0.00000E+00 0.00000E+00 0.00000E+00 0.00000E+00 0.00000E+00 0.00000E+00 0.00000E+00
 5.12057E+01 7.03582E-18 0.00000E+00 0.00000E+00 0.00000E+00 0.00000E+00 0.00000E+00 0.00000E+00 0.00000E+00 0.00000E+00 0.00000E+00 0.00000E+00 0.00000E+00 0.00000E+00 0.00000E+00 0.00000E+00
 5.24404E+01 6.85934E-18 0.00000E+00 0.00000E+00 0.00000E+00 0.00000E+00 0.00000E+00 0.00000E+00 0.00000E+00 0.00000E+00 0.00000E+00 0.00000E+00 0.00000E+00 0.00000E+00 0.00000E+00 0.00000E+00
 5.37050E+01 6.70655E-18 0.00000E+00 0.00000E+00 0.00000E+00 0.00000E+00 0.00000E+00 0.00000E+00 0.00000E+00 0.00000E+00 0.00000E+00 0.00000E+00 0.00000E+00 0.00000E+00 0.00000E+00 0.00000E+00
 5.50000E+01 6.57461E-18 0.00000E+00 0.00000E+00 0.00000E+00 0.00000E+00 0.00000E+00 0.00000E+00 0.00000E+00 0.00000E+00 0.00000E+00 0.00000E+00 0.00000E+00 0.00000E+00 0.00000E+00 0.00000E+00
 5.60000E+01 6.48921E-18 0.00000E+00 0.00000E+00 0.00000E+00 0.00000E+00 0.00000E+00 0.00000E+00 0.00000E+00 0.00000E+00 0.00000E+00 0.00000E+00 0.00000E+00 0.00000E+00 0.00000E+00 0.00000E+00
 5.60000E+01 6.53866E-18 0.00000E+00 0.00000E+00 0.00000E+00 0.00000E+00 0.00000E+00 0.00000E+00 0.00000E+00 0.00000E+00 0.00000E+00 0.00000E+00 0.00000E+00 0.00000E+00 0.00000E+00 0.00000E+00
 5.79655E+01 6.40057E-18 0.00000E+00 0.00000E+00 0.00000E+00 0.00000E+00 0.00000E+00 0.00000E+00 0.00000E+00 0.00000E+00 0.00000E+00 0.00000E+00 0.00000E+00 0.00000E+00 0.00000E+00 0.00000E+00
 6.00000E+01 6.29885E-18 0.00000E+00 0.00000E+00 0.00000E+00 0.00000E+00 0.00000E+00 0.00000E+00 0.00000E+00 0.00000E+00 0.00000E+00 0.00000E+00 0.00000E+00 0.00000E+00 0.00000E+00 0.00000E+00
 6.23574E+01 6.22115E-18 0.00000E+00 0.00000E+00 0.00000E+00 0.00000E+00 0.00000E+00 0.00000E+00 0.00000E+00 0.00000E+00 0.00000E+00 0.00000E+00 0.00000E+00 0.00000E+00 0.00000E+00 0.00000E+00
 6.48074E+01 6.17478E-18 0.00000E+00 0.00000E+00 0.00000E+00 0.00000E+00 0.00000E+00 0.00000E+00 0.00000E+00 0.00000E+00 0.00000E+00 0.00000E+00 0.00000E+00 0.00000E+00 0.00000E+00 0.00000E+00
 6.73537E+01 6.15442E-18 0.00000E+00 0.00000E+00 0.00000E+00 0.00000E+00 0.00000E+00 0.00000E+00 0.00000E+00 0.00000E+00 0.00000E+00 0.00000E+00 0.00000E+00 0.00000E+00 0.00000E+00 0.00000E+00
 7.00000E+01 6.15194E-18 0.00000E+00 0.00000E+00 0.00000E+00 0.00000E+00 0.00000E+00 0.00000E+00 0.00000E+00 0.00000E+00 0.00000E+00 0.00000E+00 0.00000E+00 0.00000E+00 0.00000E+00 0.00000E+00
 7.48331E+01 6.17716E-18 0.00000E+00 0.00000E+00 0.00000E+00 0.00000E+00 0.00000E+00 0.00000E+00 0.00000E+00 0.00000E+00 0.00000E+00 0.00000E+00 0.00000E+00 0.00000E+00 0.00000E+00 0.00000E+00
 8.00000E+01 6.22024E-18 0.00000E+00 0.00000E+00 0.00000E+00 0.00000E+00 0.00000E+00 0.00000E+00 0.00000E+00 0.00000E+00 0.00000E+00 0.00000E+00 0.00000E+00 0.00000E+00 0.00000E+00 0.00000E+00
 9.00000E+01 6.29353E-18 0.00000E+00 0.00000E+00 0.00000E+00 0.00000E+00 0.00000E+00 0.00000E+00 0.00000E+00 0.00000E+00 0.00000E+00 0.00000E+00 0.00000E+00 0.00000E+00 0.00000E+00 0.00000E+00
 1.00000E+02 6.33237E-18 0.00000E+00 0.00000E+00 0.00000E+00 0.00000E+00 0.00000E+00 0.00000E+00 0.00000E+00 0.00000E+00 0.00000E+00 0.00000E+00 0.00000E+00 0.00000E+00 0.00000E+00 0.00000E+00
 1.10000E+02 6.33561E-18 0.00000E+00 0.00000E+00 0.00000E+00 0.00000E+00 0.00000E+00 0.00000E+00 0.00000E+00 0.00000E+00 0.00000E+00 0.00000E+00 0.00000E+00 0.00000E+00 0.00000E+00 0.00000E+00
 1.17260E+02 6.31197E-18 0.00000E+00 0.00000E+00 0.00000E+00 0.00000E+00 0.00000E+00 0.00000E+00 0.00000E+00 0.00000E+00 0.00000E+00 0.00000E+00 0.00000E+00 0.00000E+00 0.00000E+00 0.00000E+00
 1.25000E+02 6.26007E-18 0.00000E+00 0.00000E+00 0.00000E+00 0.00000E+00 0.00000E+00 0.00000E+00 0.00000E+00 0.00000E+00 0.00000E+00 0.00000E+00 0.00000E+00 0.00000E+00 0.00000E+00 0.00000E+00
 1.32288E+02 6.18546E-18 0.00000E+00 0.00000E+00 0.00000E+00 0.00000E+00 0.00000E+00 0.00000E+00 0.00000E+00 0.00000E+00 0.00000E+00 0.00000E+00 0.00000E+00 0.00000E+00 0.00000E+00 0.00000E+00
 1.40000E+02 6.08636E-18 0.00000E+00 0.00000E+00 0.00000E+00 0.00000E+00 0.00000E+00 0.00000E+00 0.00000E+00 0.00000E+00 0.00000E+00 0.00000E+00 0.00000E+00 0.00000E+00 0.00000E+00 0.00000E+00
 1.50000E+02 5.93077E-18 0.00000E+00 0.00000E+00 0.00000E+00 0.00000E+00 0.00000E+00 0.00000E+00 0.00000E+00 0.00000E+00 0.00000E+00 0.00000E+00 0.00000E+00 0.00000E+00 0.00000E+00 0.00000E+00
 1.55893E+02 5.83115E-18 0.00000E+00 0.00000E+00 0.00000E+00 0.00000E+00 0.00000E+00 0.00000E+00 0.00000E+00 0.00000E+00 0.00000E+00 0.00000E+00 0.00000E+00 0.00000E+00 0.00000E+00 0.00000E+00
 1.62019E+02 5.72149E-18 0.00000E+00 0.00000E+00 0.00000E+00 0.00000E+00 0.00000E+00 0.00000E+00 0.00000E+00 0.00000E+00 0.00000E+00 0.00000E+00 0.00000E+00 0.00000E+00 0.00000E+00 0.00000E+00
 1.75000E+02 5.48075E-18 0.00000E+00 0.00000E+00 0.00000E+00 0.00000E+00 0.00000E+00 0.00000E+00 0.00000E+00 0.00000E+00 0.00000E+00 0.00000E+00 0.00000E+00 0.00000E+00 0.00000E+00 0.00000E+00
 1.81000E+02 5.36520E-18 0.00000E+00 0.00000E+00 0.00000E+00 0.00000E+00 0.00000E+00 0.00000E+00 0.00000E+00 0.00000E+00 0.00000E+00 0.00000E+00 0.00000E+00 0.00000E+00 0.00000E+00 0.00000E+00
 1.81000E+02 5.71372E-18 0.00000E+00 0.00000E+00 0.00000E+00 0.00000E+00 0.00000E+00 0.00000E+00 0.00000E+00 0.00000E+00 0.00000E+00 0.00000E+00 0.00000E+00 0.00000E+00 0.00000E+00 3.48525E-19
 1.83209E+02 5.68240E-18 0.00000E+00 0.00000E+00 0.00000E+00 0.00000E+00 0.00000E+00 0.00000E+00 0.00000E+00 0.00000E+00 0.00000E+00 0.00000E+00 0.00000E+00 0.00000E+00 0.00000E+00 3.59898E-19
 1.85445E+02 5.66265E-18 0.00000E+00 0.00000E+00 0.00000E+00 0.00000E+00 0.00000E+00 0.00000E+00 0.00000E+00 0.00000E+00 0.00000E+00 0.00000E+00 0.00000E+00 0.00000E+00 0.00000E+00 3.84805E-19
 1.90000E+02 5.64072E-18 0.00000E+00 0.00000E+00 0.00000E+00 0.00000E+00 0.00000E+00 0.00000E+00 0.00000E+00 0.00000E+00 0.00000E+00 0.00000E+00 0.00000E+00 0.00000E+00 0.00000E+00 4.52258E-19
 1.90000E+02 5.88494E-18 0.00000E+00 0.00000E+00 0.00000E+00 0.00000E+00 0.00000E+00 0.00000E+00 0.00000E+00 0.00000E+00 0.00000E+00 0.00000E+00 0.00000E+00 0.00000E+00 2.44217E-19 4.52258E-19
 1.94936E+02 5.84227E-18 0.00000E+00 0.00000E+00 0.00000E+00 0.00000E+00 0.00000E+00 0.00000E+00 0.00000E+00 0.00000E+00 0.00000E+00 0.00000E+00 0.00000E+00 0.00000E+00 2.60918E-19 4.91905E-19
 2.00000E+02 5.76964E-18 0.00000E+00 0.00000E+00 0.00000E+00 0.00000E+00 0.00000E+00 0.00000E+00 0.00000E+00 0.00000E+00 0.00000E+00 0.00000E+00 0.00000E+00 0.00000E+00 3.07057E-19 4.75676E-19
 2.02397E+02 5.71704E-18 0.00000E+00 0.00000E+00 0.00000E+00 0.00000E+00 0.00000E+00 0.00000E+00 0.00000E+00 0.00000E+00 0.00000E+00 0.00000E+00 0.00000E+00 0.00000E+00 3.22211E-19 4.56735E-19
 2.04823E+02 5.65175E-18 0.00000E+00 0.00000E+00 0.00000E+00 0.00000E+00 0.00000E+00 0.00000E+00 0.00000E+00 0.00000E+00 0.00000E+00 0.00000E+00 0.00000E+00 0.00000E+00 3.28484E-19 4.34421E-19
 2.09762E+02 5.49249E-18 0.00000E+00 0.00000E+00 0.00000E+00 0.00000E+00 0.00000E+00 0.00000E+00 0.00000E+00 0.00000E+00 0.00000E+00 0.00000E+00 0.00000E+00 0.00000E+00 3.18230E-19 3.86107E-19
 2.20000E+02 5.13518E-18 0.00000E+00 0.00000E+00 0.00000E+00 0.00000E+00 0.00000E+00 0.00000E+00 0.00000E+00 0.00000E+00 0.00000E+00 0.00000E+00 0.00000E+00 0.00000E+00 2.60460E-19 2.95027E-19
 2.34521E+02 4.68490E-18 0.00000E+00 0.00000E+00 0.00000E+00 0.00000E+00 0.00000E+00 0.00000E+00 0.00000E+00 0.00000E+00 0.00000E+00 0.00000E+00 0.00000E+00 0.00000E+00 1.82627E-19 2.10550E-19
 2.42137E+02 4.48675E-18 0.00000E+00 0.00000E+00 0.00000E+00 0.00000E+00 0.00000E+00 0.00000E+00 0.00000E+00 0.00000E+00 0.00000E+00 0.00000E+00 0.00000E+00 0.00000E+00 1.54076E-19 1.87824E-19
 2.50000E+02 4.30910E-18 0.00000E+00 0.00000E+00 0.00000E+00 0.00000E+00 0.00000E+00 0.00000E+00 0.00000E+00 0.00000E+00 0.00000E+00 0.00000E+00 0.00000E+00 0.00000E+00 1.34334E-19 1.76331E-19
 2.61659E+02 4.08247E-18 0.00000E+00 0.00000E+00 0.00000E+00 0.00000E+00 0.00000E+00 0.00000E+00 0.00000E+00 0.00000E+00 0.00000E+00 0.00000E+00 0.00000E+00 0.00000E+00 1.19673E-19 1.75508E-19
 2.73861E+02 3.88034E-18 0.00000E+00 0.00000E+00 0.00000E+00 0.00000E+00 0.00000E+00 0.00000E+00 0.00000E+00 0.00000E+00 0.00000E+00 0.00000E+00 0.00000E+00 0.00000E+00 1.17327E-19 1.87807E-19
 3.00000E+02 3.52074E-18 0.00000E+00 0.00000E+00 0.00000E+00 0.00000E+00 0.00000E+00 0.00000E+00 0.00000E+00 0.00000E+00 0.00000E+00 0.00000E+00 0.00000E+00 0.00000E+00 1.34931E-19 2.33087E-19
 3.36000E+02 3.11951E-18 0.00000E+00 0.00000E+00 0.00000E+00 0.00000E+00 0.00000E+00 0.00000E+00 0.00000E+00 0.00000E+00 0.00000E+00 0.00000E+00 0.00000E+00 0.00000E+00 1.73556E-19 2.99705E-19
 3.36000E+02 3.38439E-18 0.00000E+00 0.00000E+00 0.00000E+00 0.00000E+00 0.00000E+00 0.00000E+00 0.00000E+00 0.00000E+00 0.00000E+00 0.00000E+00 0.00000E+00 2.64882E-19 1.73556E-19 2.99705E-19
 3.50000E+02 3.24192E-18 0.00000E+00 0.00000E+00 0.00000E+00 0.00000E+00 0.00000E+00 0.00000E+00 0.00000E+00 0.00000E+00 0.00000E+00 0.00000E+00 0.00000E+00 2.58679E-19 1.87970E-19 3.21875E-19
 3.82000E+02 2.94143E-18 0.00000E+00 0.00000E+00 0.00000E+00 0.00000E+00 0.00000E+00 0.00000E+00 0.00000E+00 0.00000E+00 0.00000E+00 0.00000E+00 0.00000E+00 2.44583E-19 2.15565E-19 3.60622E-19
 3.82000E+02 3.00429E-18 0.00000E+00 0.00000E+00 0.00000E+00 0.00000E+00 0.00000E+00 0.00000E+00 0.00000E+00 0.00000E+00 0.00000E+00 0.00000E+00 6.28588E-20 2.44583E-19 2.15565E-19 3.60622E-19
 4.00000E+02 2.85000E-18 0.00000E+00 0.00000E+00 0.00000E+00 0.00000E+00 0.00000E+00 0.00000E+00 0.00000E+00 0.00000E+00 0.00000E+00 0.00000E+00 6.18963E-20 2.39765E-19 2.27023E-19 3.75693E-19
 4.24264E+02 2.65910E-18 0.00000E+00 0.00000E+00 0.00000E+00 0.00000E+00 0.00000E+00 0.00000E+00 0.00000E+00 0.00000E+00 0.00000E+00 0.00000E+00 6.07587E-20 2.33021E-19 2.38750E-19 3.89947E-19
 4.50000E+02 2.47293E-18 0.00000E+00 0.00000E+00 0.00000E+00 0.00000E+00 0.00000E+00 0.00000E+00 0.00000E+00 0.00000E+00 0.00000E+00 0.00000E+00 6.03072E-20 2.25799E-19 2.46737E-19 3.98071E-19
 4.71000E+02 2.33206E-18 0.00000E+00 0.00000E+00 0.00000E+00 0.00000E+00 0.00000E+00 0.00000E+00 0.00000E+00 0.00000E+00 0.00000E+00 0.00000E+00 6.00582E-20 2.19880E-19 2.50293E-19 4.00358E-19
 4.71000E+02 2.41681E-18 0.00000E+00 0.00000E+00 0.00000E+00 0.00000E+00 0.00000E+00 0.00000E+00 0.00000E+00 0.00000E+00 0.00000E+00 8.47570E-20 6.00582E-20 2.19880E-19 2.50293E-19 4.00358E-19
 4.85283E+02 2.31789E-18 0.00000E+00 0.00000E+00 0.00000E+00 0.00000E+00 0.00000E+00 0.00000E+00 0.00000E+00 0.00000E+00 0.00000E+00 7.56351E-20 5.98903E-20 2.15804E-19 2.51411E-19 4.00102E-19
 5.00000E+02 2.22932E-18 0.00000E+00 0.00000E+00 0.00000E+00 0.00000E+00 0.00000E+00 0.00000E+00 0.00000E+00 0.00000E+00 0.00000E+00 7.55129E-20 5.97228E-20 2.11593E-19 2.51724E-19 3.98681E-19
 5.24404E+02 2.09049E-18 0.00000E+00 0.00000E+00 0.00000E+00 0.00000E+00 0.00000E+00 0.00000E+00 0.00000E+00 0.00000E+00 0.00000E+00 7.37876E-20 5.93167E-20 2.04677E-19 2.50628E-19 3.94079E-19
 5.50000E+02 1.95555E-18 0.00000E+00 0.00000E+00 0.00000E+00 0.00000E+00 0.00000E+00 0.00000E+00 0.00000E+00 0.00000E+00 0.00000E+00 7.10644E-20 5.87521E-20 1.97533E-19 2.47666E-19 3.86779E-19
 6.00000E+02 1.72209E-18 0.00000E+00 0.00000E+00 0.00000E+00 0.00000E+00 0.00000E+00 0.00000E+00 0.00000E+00 0.00000E+00 0.00000E+00 6.62475E-20 5.73269E-20 1.83822E-19 2.37973E-19 3.67609E-19
 6.48074E+02 1.53161E-18 0.00000E+00 0.00000E+00 0.00000E+00 0.00000E+00 0.00000E+00 0.00000E+00 0.00000E+00 0.00000E+00 0.00000E+00 6.19158E-20 5.55616E-20 1.71410E-19 2.26062E-19 3.46284E-19
 7.00000E+02 1.35536E-18 0.00000E+00 0.00000E+00 0.00000E+00 0.00000E+00 0.00000E+00 0.00000E+00 0.00000E+00 0.00000E+00 0.00000E+00 5.74679E-20 5.34347E-20 1.58867E-19 2.11810E-19 3.21972E-19
 7.48331E+02 1.21507E-18 0.00000E+00 0.00000E+00 0.00000E+00 0.00000E+00 0.00000E+00 0.00000E+00 0.00000E+00 0.00000E+00 0.00000E+00 5.36482E-20 5.12913E-20 1.48089E-19 1.98205E-19 2.99507E-19
 8.00000E+02 1.08611E-18 0.00000E+00 0.00000E+00 0.00000E+00 0.00000E+00 0.00000E+00 0.00000E+00 0.00000E+00 0.00000E+00 0.00000E+00 4.98784E-20 4.89698E-20 1.37514E-19 1.83961E-19 2.76444E-19
 8.48528E+02 9.81320E-19 0.00000E+00 0.00000E+00 0.00000E+00 0.00000E+00 0.00000E+00 0.00000E+00 0.00000E+00 0.00000E+00 0.00000E+00 4.66411E-20 4.67939E-20 1.28390E-19 1.71171E-19 2.56043E-19
 9.00000E+02 8.84768E-19 0.00000E+00 0.00000E+00 0.00000E+00 0.00000E+00 0.00000E+00 0.00000E+00 0.00000E+00 0.00000E+00 0.00000E+00 4.35100E-20 4.45272E-20 1.19566E-19 1.58344E-19 2.35851E-19
 1.00000E+03 7.31363E-19 0.00000E+00 0.00000E+00 0.00000E+00 0.00000E+00 0.00000E+00 0.00000E+00 0.00000E+00 0.00000E+00 0.00000E+00 3.81804E-20 4.03733E-20 1.04538E-19 1.36029E-19 2.01177E-19
 1.10000E+03 6.12409E-19 0.00000E+00 0.00000E+00 0.00000E+00 0.00000E+00 0.00000E+00 0.00000E+00 0.00000E+00 0.00000E+00 0.00000E+00 3.37275E-20 3.65862E-20 9.19545E-20 1.17005E-19 1.72029E-19
 1.17260E+03 5.42211E-19 0.00000E+00 0.00000E+00 0.00000E+00 0.00000E+00 0.00000E+00 0.00000E+00 0.00000E+00 0.00000E+00 0.00000E+00 3.09531E-20 3.40836E-20 8.40783E-20 1.05090E-19 1.53928E-19
 1.25000E+03 4.79085E-19 0.00000E+00 0.00000E+00 0.00000E+00 0.00000E+00 0.00000E+00 0.00000E+00 0.00000E+00 0.00000E+00 0.00000E+00 2.83371E-20 3.16380E-20 7.66844E-20 9.39240E-20 1.37078E-19
 1.40000E+03 3.82808E-19 0.00000E+00 0.00000E+00 0.00000E+00 0.00000E+00 0.00000E+00 0.00000E+00 0.00000E+00 0.00000E+00 0.00000E+00 2.41105E-20 2.74972E-20 6.47127E-20 7.60856E-20 1.10368E-19
 1.47100E+03 3.46358E-19 0.00000E+00 0.00000E+00 0.00000E+00 0.00000E+00 0.00000E+00 0.00000E+00 0.00000E+00 0.00000E+00 0.00000E+00 2.24244E-20 2.57764E-20 5.99321E-20 6.90771E-20 9.99491E-20
 1.47100E+03 3.68933E-19 0.00000E+00 0.00000E+00 0.00000E+00 0.00000E+00 0.00000E+00 0.00000E+00 0.00000E+00 0.00000E+00 2.25750E-20 2.24244E-20 2.57764E-20 5.99321E-20 6.90771E-20 9.99491E-20
 1.47190E+03 3.76512E-19 0.00000E+00 0.00000E+00 0.00000E+00 0.00000E+00 0.00000E+00 0.00000E+00 0.00000E+00 0.00000E+00 3.05795E-20 2.24043E-20 2.57559E-20 5.98753E-20 6.89948E-20 9.98269E-20
 1.47280E+03 3.86860E-19 0.00000E+00 0.00000E+00 0.00000E+00 0.00000E+00 0.00000E+00 0.00000E+00 0.00000E+00 0.00000E+00 4.13524E-20 2.23842E-20 2.57353E-20 5.98185E-20 6.89126E-20 9.97049E-20
 1.47369E+03 4.00345E-19 0.00000E+00 0.00000E+00 0.00000E+00 0.00000E+00 0.00000E+00 0.00000E+00 0.00000E+00 0.00000E+00 5.52616E-20 2.23641E-20 2.57148E-20 5.97618E-20 6.88306E-20 9.95831E-20
 1.47459E+03 4.16931E-19 0.00000E+00 0.00000E+00 0.00000E+00 0.00000E+00 0.00000E+00 0.00000E+00 0.00000E+00 0.00000E+00 7.22721E-20 2.23440E-20 2.56943E-20 5.97052E-20 6.87486E-20 9.94614E-20
 1.47549E+03 4.36647E-19 0.00000E+00 0.00000E+00 0.00000E+00 0.00000E+00 0.00000E+00 0.00000E+00 0.00000E+00 0.00000E+00 9.24109E-20 2.23240E-20 2.56738E-20 5.96486E-20 6.86667E-20 9.93399E-20
 1.47639E+03 4.59408E-19 0.00000E+00 0.00000E+00 0.00000E+00 0.00000E+00 0.00000E+00 0.00000E+00 0.00000E+00 0.00000E+00 1.15595E-19 2.23040E-20 2.56533E-20 5.95921E-20 6.85849E-20 9.92185E-20
 1.47820E+03 5.12795E-19 0.00000E+00 0.00000E+00 0.00000E+00 0.00000E+00 0.00000E+00 0.00000E+00 0.00000E+00 0.00000E+00 1.69825E-19 2.22640E-20 2.56124E-20 5.94792E-20 6.84216E-20 9.89761E-20
 1.48000E+03 5.73201E-19 0.00000E+00 0.00000E+00 0.00000E+00 0.00000E+00 0.00000E+00 0.00000E+00 0.00000E+00 0.00000E+00 2.31072E-19 2.22241E-20 2.55715E-20 5.93665E-20 6.82587E-20 9.87343E-20
 1.48090E+03 6.04858E-19 0.00000E+00 0.00000E+00 0.00000E+00 0.00000E+00 0.00000E+00 0.00000E+00 0.00000E+00 0.00000E+00 2.63149E-19 2.22042E-20 2.55511E-20 5.93102E-20 6.81774E-20 9.86137E-20
 1.48181E+03 6.36171E-19 0.00000E+00 0.00000E+00 0.00000E+00 0.00000E+00 0.00000E+00 0.00000E+00 0.00000E+00 0.00000E+00 2.94881E-19 2.21842E-20 2.55308E-20 5.92540E-20 6.80962E-20 9.84932E-20
 1.48271E+03 6.66845E-19 0.00000E+00 0.00000E+00 0.00000E+00 0.00000E+00 0.00000E+00 0.00000E+00 0.00000E+00 0.00000E+00 3.25973E-19 2.21643E-20 2.55104E-20 5.91979E-20 6.80151E-20 9.83728E-20
 1.48362E+03 6.96340E-19 0.00000E+00 0.00000E+00 0.00000E+00 0.00000E+00 0.00000E+00 0.00000E+00 0.00000E+00 0.00000E+00 3.55887E-19 2.21445E-20 2.54901E-20 5.91418E-20 6.79341E-20 9.82526E-20
 1.48452E+03 7.24298E-19 0.00000E+00 0.00000E+00 0.00000E+00 0.00000E+00 0.00000E+00 0.00000E+00 0.00000E+00 0.00000E+00 3.84262E-19 2.21246E-20 2.54697E-20 5.90857E-20 6.78532E-20 9.81325E-20
 1.48543E+03 7.50387E-19 0.00000E+00 0.00000E+00 0.00000E+00 0.00000E+00 0.00000E+00 0.00000E+00 0.00000E+00 0.00000E+00 4.10768E-19 2.21048E-20 2.54494E-20 5.90297E-20 6.77724E-20 9.80126E-20
 1.48634E+03 7.74970E-19 0.00000E+00 0.00000E+00 0.00000E+00 0.00000E+00 0.00000E+00 0.00000E+00 0.00000E+00 0.00000E+00 4.35767E-19 2.20849E-20 2.54291E-20 5.89738E-20 6.76917E-20 9.78928E-20
 1.48724E+03 7.97348E-19 0.00000E+00 0.00000E+00 0.00000E+00 0.00000E+00 0.00000E+00 0.00000E+00 0.00000E+00 0.00000E+00 4.58561E-19 2.20651E-20 2.54088E-20 5.89179E-20 6.76111E-20 9.77732E-20
 1.48815E+03 8.18134E-19 0.00000E+00 0.00000E+00 0.00000E+00 0.00000E+00 0.00000E+00 0.00000E+00 0.00000E+00 0.00000E+00 4.79762E-19 2.20454E-20 2.53886E-20 5.88620E-20 6.75305E-20 9.76537E-20
 1.48906E+03 8.37275E-19 0.00000E+00 0.00000E+00 0.00000E+00 0.00000E+00 0.00000E+00 0.00000E+00 0.00000E+00 0.00000E+00 4.99319E-19 2.20256E-20 2.53683E-20 5.88063E-20 6.74501E-20 9.75344E-20
 1.49088E+03 8.70864E-19 0.00000E+00 0.00000E+00 0.00000E+00 0.00000E+00 0.00000E+00 0.00000E+00 0.00000E+00 0.00000E+00 5.33738E-19 2.19861E-20 2.53278E-20 5.86948E-20 6.72895E-20 9.72961E-20
 1.49270E+03 8.99428E-19 0.00000E+00 0.00000E+00 0.00000E+00 0.00000E+00 0.00000E+00 0.00000E+00 0.00000E+00 0.00000E+00 5.63131E-19 2.19467E-20 2.52875E-20 5.85836E-20 6.71293E-20 9.70585E-20
 1.49452E+03 9.24222E-19 0.00000E+00 0.00000E+00 0.00000E+00 0.00000E+00 0.00000E+00 0.00000E+00 0.00000E+00 0.00000E+00 5.88752E-19 2.19073E-20 2.52471E-20 5.84727E-20 6.69695E-20 9.68213E-20
 1.49634E+03 9.45832E-19 0.00000E+00 0.00000E+00 0.00000E+00 0.00000E+00 0.00000E+00 0.00000E+00 0.00000E+00 0.00000E+00 6.11202E-19 2.18681E-20 2.52069E-20 5.83619E-20 6.68044E-20 9.65760E-20
 1.49817E+03 9.65334E-19 0.00000E+00 0.00000E+00 0.00000E+00 0.00000E+00 0.00000E+00 0.00000E+00 0.00000E+00 0.00000E+00 6.31541E-19 2.18289E-20 2.51667E-20 5.82513E-20 6.66392E-20 9.63313E-20
 1.50000E+03 9.82559E-19 0.00000E+00 0.00000E+00 0.00000E+00 0.00000E+00 0.00000E+00 0.00000E+00 0.00000E+00 0.00000E+00 6.49601E-19 2.17897E-20 2.51265E-20 5.81409E-20 6.64744E-20 9.60872E-20
 1.50224E+03 1.00128E-18 0.00000E+00 0.00000E+00 0.00000E+00 0.00000E+00 0.00000E+00 0.00000E+00 0.00000E+00 0.00000E+00 6.69345E-19 2.17420E-20 2.50770E-20 5.80064E-20 6.62735E-20 9.57898E-20
 1.50448E+03 1.01765E-18 0.00000E+00 0.00000E+00 0.00000E+00 0.00000E+00 0.00000E+00 0.00000E+00 0.00000E+00 0.00000E+00 6.86730E-19 2.16944E-20 2.50261E-20 5.78705E-20 6.60733E-20 9.54933E-20
 1.50672E+03 1.03172E-18 0.00000E+00 0.00000E+00 0.00000E+00 0.00000E+00 0.00000E+00 0.00000E+00 0.00000E+00 0.00000E+00 7.01820E-19 2.16469E-20 2.49752E-20 5.77329E-20 6.58737E-20 9.51977E-20
 1.50897E+03 1.04329E-18 0.00000E+00 0.00000E+00 0.00000E+00 0.00000E+00 0.00000E+00 0.00000E+00 0.00000E+00 0.00000E+00 7.14402E-19 2.15991E-20 2.49244E-20 5.75955E-20 6.56746E-20 9.49031E-20
 1.51122E+03 1.05255E-18 0.00000E+00 0.00000E+00 0.00000E+00 0.00000E+00 0.00000E+00 0.00000E+00 0.00000E+00 0.00000E+00 7.24668E-19 2.15508E-20 2.48738E-20 5.74585E-20 6.54762E-20 9.46093E-20
 1.51348E+03 1.05973E-18 0.00000E+00 0.00000E+00 0.00000E+00 0.00000E+00 0.00000E+00 0.00000E+00 0.00000E+00 0.00000E+00 7.32856E-19 2.15027E-20 2.48232E-20 5.73218E-20 6.52784E-20 9.43165E-20
 1.51800E+03 1.06839E-18 0.00000E+00 0.00000E+00 0.00000E+00 0.00000E+00 0.00000E+00 0.00000E+00 0.00000E+00 0.00000E+00 7.43525E-19 2.14067E-20 2.47224E-20 5.70494E-20 6.48845E-20 9.37335E-20
 1.51800E+03 1.08437E-18 0.00000E+00 0.00000E+00 0.00000E+00 0.00000E+00 0.00000E+00 0.00000E+00 0.00000E+00 1.59757E-20 7.43525E-19 2.14067E-20 2.47224E-20 5.70494E-20 6.48845E-20 9.37335E-20
 1.51969E+03 1.09532E-18 0.00000E+00 0.00000E+00 0.00000E+00 0.00000E+00 0.00000E+00 0.00000E+00 0.00000E+00 2.57774E-20 7.45421E-19 2.13710E-20 2.46849E-20 5.69483E-20 6.47384E-20 9.35172E-20
 1.52138E+03 1.11282E-18 0.00000E+00 0.00000E+00 0.00000E+00 0.00000E+00 0.00000E+00 0.00000E+00 0.00000E+00 4.21146E-20 7.47321E-19 2.13354E-20 2.46476E-20 5.68473E-20 6.45926E-20 9.33014E-20
 1.52307E+03 1.13625E-18 0.00000E+00 0.00000E+00 0.00000E+00 0.00000E+00 0.00000E+00 0.00000E+00 0.00000E+00 6.53654E-20 7.48240E-19 2.12999E-20 2.46102E-20 5.67465E-20 6.44471E-20 9.30861E-20
 1.52476E+03 1.16555E-18 0.00000E+00 0.00000E+00 0.00000E+00 0.00000E+00 0.00000E+00 0.00000E+00 0.00000E+00 9.50464E-20 7.48605E-19 2.12644E-20 2.45729E-20 5.66458E-20 6.43020E-20 9.28713E-20
 1.52815E+03 1.23499E-18 0.00000E+00 0.00000E+00 0.00000E+00 0.00000E+00 0.00000E+00 0.00000E+00 0.00000E+00 1.66481E-19 7.48080E-19 2.11936E-20 2.44985E-20 5.64451E-20 6.40126E-20 9.24432E-20
 1.52985E+03 1.27022E-18 0.00000E+00 0.00000E+00 0.00000E+00 0.00000E+00 0.00000E+00 0.00000E+00 0.00000E+00 2.03138E-19 7.47387E-19 2.11583E-20 2.44614E-20 5.63450E-20 6.38685E-20 9.22299E-20
 1.53155E+03 1.30278E-18 0.00000E+00 0.00000E+00 0.00000E+00 0.00000E+00 0.00000E+00 0.00000E+00 0.00000E+00 2.37407E-19 7.46409E-19 2.11230E-20 2.44244E-20 5.62451E-20 6.37246E-20 9.20171E-20
 1.53326E+03 1.33173E-18 0.00000E+00 0.00000E+00 0.00000E+00 0.00000E+00 0.00000E+00 0.00000E+00 0.00000E+00 2.68056E-19 7.45433E-19 2.10879E-20 2.43874E-20 5.61454E-20 6.35811E-20 9.18048E-20
 1.53496E+03 1.35670E-18 0.00000E+00 0.00000E+00 0.00000E+00 0.00000E+00 0.00000E+00 0.00000E+00 0.00000E+00 2.94733E-19 7.44458E-19 2.10527E-20 2.43504E-20 5.60458E-20 6.34379E-20 9.15930E-20
 1.53667E+03 1.37785E-18 0.00000E+00 0.00000E+00 0.00000E+00 0.00000E+00 0.00000E+00 0.00000E+00 0.00000E+00 3.17626E-19 7.43441E-19 2.10177E-20 2.43135E-20 5.59464E-20 6.32950E-20 9.13816E-20
 1.53838E+03 1.39581E-18 0.00000E+00 0.00000E+00 0.00000E+00 0.00000E+00 0.00000E+00 0.00000E+00 0.00000E+00 3.37512E-19 7.42241E-19 2.09826E-20 2.42767E-20 5.58472E-20 6.31525E-20 9.11708E-20
 1.54180E+03 1.42460E-18 0.00000E+00 0.00000E+00 0.00000E+00 0.00000E+00 0.00000E+00 0.00000E+00 0.00000E+00 3.70135E-19 7.39848E-19 2.09128E-20 2.42032E-20 5.56493E-20 6.28683E-20 9.07505E-20
 1.54523E+03 1.44666E-18 0.00000E+00 0.00000E+00 0.00000E+00 0.00000E+00 0.00000E+00 0.00000E+00 0.00000E+00 3.96012E-19 7.37462E-19 2.08432E-20 2.41299E-20 5.54521E-20 6.25854E-20 9.03322E-20
 1.54867E+03 1.46431E-18 0.00000E+00 0.00000E+00 0.00000E+00 0.00000E+00 0.00000E+00 0.00000E+00 0.00000E+00 4.17469E-19 7.35083E-19 2.07738E-20 2.40568E-20 5.52556E-20 6.23038E-20 8.99158E-20
 1.55211E+03 1.47805E-18 0.00000E+00 0.00000E+00 0.00000E+00 0.00000E+00 0.00000E+00 0.00000E+00 0.00000E+00 4.35069E-19 7.32651E-19 2.07046E-20 2.39840E-20 5.50599E-20 6.20235E-20 8.95013E-20
 1.55556E+03 1.48798E-18 0.00000E+00 0.00000E+00 0.00000E+00 0.00000E+00 0.00000E+00 0.00000E+00 0.00000E+00 4.49028E-19 7.30029E-19 2.06357E-20 2.39114E-20 5.48648E-20 6.17444E-20 8.90888E-20
 1.55902E+03 1.49439E-18 0.00000E+00 0.00000E+00 0.00000E+00 0.00000E+00 0.00000E+00 0.00000E+00 0.00000E+00 4.59488E-19 7.27387E-19 2.05670E-20 2.38390E-20 5.46703E-20 6.14666E-20 8.86781E-20
 1.56597E+03 1.49720E-18 0.00000E+00 0.00000E+00 0.00000E+00 0.00000E+00 0.00000E+00 0.00000E+00 0.00000E+00 4.71251E-19 7.21224E-19 2.04303E-20 2.36949E-20 5.42836E-20 6.09147E-20 8.78625E-20
 1.57294E+03 1.49001E-18 0.00000E+00 0.00000E+00 0.00000E+00 0.00000E+00 0.00000E+00 0.00000E+00 0.00000E+00 4.74319E-19 7.13740E-19 2.02945E-20 2.35516E-20 5.38996E-20 6.03678E-20 8.70543E-20
 1.60116E+03 1.43967E-18 0.00000E+00 0.00000E+00 0.00000E+00 0.00000E+00 0.00000E+00 0.00000E+00 0.00000E+00 4.65967E-19 6.82545E-19 1.97603E-20 2.29872E-20 5.23905E-20 5.82288E-20 8.38954E-20
 1.62988E+03 1.38301E-18 0.00000E+00 0.00000E+00 0.00000E+00 0.00000E+00 0.00000E+00 0.00000E+00 0.00000E+00 4.49702E-19 6.52661E-19 1.92396E-20 2.24302E-20 5.09152E-20 5.61268E-20 8.07955E-20
 1.75000E+03 1.16385E-18 0.00000E+00 0.00000E+00 0.00000E+00 0.00000E+00 0.00000E+00 0.00000E+00 0.00000E+00 3.77134E-19 5.44788E-19 1.72544E-20 2.02774E-20 4.53058E-20 4.83179E-20 6.93136E-20
 1.88500E+03 9.70201E-19 0.00000E+00 0.00000E+00 0.00000E+00 0.00000E+00 0.00000E+00 0.00000E+00 0.00000E+00 3.13100E-19 4.50499E-19 1.53542E-20 1.81758E-20 3.99826E-20 4.10860E-20 5.87301E-20
 1.88500E+03 1.13000E-18 0.00000E+00 0.00000E+00 0.00000E+00 0.00000E+00 0.00000E+00 0.00000E+00 1.59799E-19 3.13100E-19 4.50499E-19 1.53542E-20 1.81758E-20 3.99826E-20 4.10860E-20 5.87301E-20
 1.94165E+03 1.05217E-18 0.00000E+00 0.00000E+00 0.00000E+00 0.00000E+00 0.00000E+00 0.00000E+00 1.50400E-19 2.90503E-19 4.17375E-19 1.46556E-20 1.73799E-20 3.80001E-20 3.84563E-20 5.48950E-20
 2.00000E+03 9.82887E-19 0.00000E+00 0.00000E+00 0.00000E+00 0.00000E+00 0.00000E+00 0.00000E+00 1.44811E-19 2.69485E-19 3.86609E-19 1.39887E-20 1.66189E-20 3.61158E-20 3.59880E-20 5.13002E-20
 2.09200E+03 8.84549E-19 0.00000E+00 0.00000E+00 0.00000E+00 0.00000E+00 0.00000E+00 0.00000E+00 1.36214E-19 2.39918E-19 3.43454E-19 1.30111E-20 1.54916E-20 3.33688E-20 3.24434E-20 4.61523E-20
 2.09200E+03 9.37182E-19 0.00000E+00 0.00000E+00 0.00000E+00 0.00000E+00 0.00000E+00 5.26325E-20 1.36214E-19 2.39918E-19 3.43454E-19 1.30111E-20 1.54916E-20 3.33688E-20 3.24434E-20 4.61523E-20
 2.10520E+03 9.27938E-19 0.00000E+00 0.00000E+00 0.00000E+00 0.00000E+00 0.00000E+00 5.63209E-20 1.35035E-19 2.36049E-19 3.37813E-19 1.28795E-20 1.53400E-20 3.30011E-20 3.19761E-20 4.54745E-20
 2.11849E+03 9.13603E-19 0.00000E+00 0.00000E+00 0.00000E+00 0.00000E+00 0.00000E+00 5.47818E-20 1.33805E-19 2.32242E-19 3.32265E-19 1.27493E-20 1.51899E-20 3.26375E-20 3.15156E-20 4.48066E-20
 2.14532E+03 8.87272E-19 0.00000E+00 0.00000E+00 0.00000E+00 0.00000E+00 0.00000E+00 5.34947E-20 1.31343E-19 2.24811E-19 3.21441E-19 1.24928E-20 1.48941E-20 3.19223E-20 3.06144E-20 4.35002E-20
 2.20000E+03 8.38061E-19 0.00000E+00 0.00000E+00 0.00000E+00 0.00000E+00 0.00000E+00 5.22307E-20 1.26552E-19 2.10617E-19 3.00779E-19 1.19953E-20 1.43197E-20 3.05385E-20 2.88838E-20 4.09937E-20
 2.30900E+03 7.49425E-19 0.00000E+00 0.00000E+00 0.00000E+00 0.00000E+00 0.00000E+00 4.96164E-20 1.17459E-19 1.85381E-19 2.64103E-19 1.10763E-20 1.32461E-20 2.79687E-20 2.57537E-20 3.64705E-20
 2.30900E+03 7.87052E-19 0.00000E+00 0.00000E+00 0.00000E+00 0.00000E+00 3.76263E-20 4.96164E-20 1.17459E-19 1.85381E-19 2.64103E-19 1.10763E-20 1.32461E-20 2.79687E-20 2.57537E-20 3.64705E-20
 2.32050E+03 7.75141E-19 0.00000E+00 0.00000E+00 0.00000E+00 0.00000E+00 3.42595E-20 4.93401E-20 1.16558E-19 1.82967E-19 2.60599E-19 1.09858E-20 1.31404E-20 2.77171E-20 2.54521E-20 3.60351E-20
 2.33205E+03 7.66599E-19 0.00000E+00 0.00000E+00 0.00000E+00 0.00000E+00 3.41588E-20 4.90653E-20 1.15665E-19 1.80584E-19 2.57141E-19 1.08961E-20 1.30356E-20 2.74676E-20 2.51540E-20 3.56049E-20
 2.35534E+03 7.50039E-19 0.00000E+00 0.00000E+00 0.00000E+00 0.00000E+00 3.43577E-20 4.85138E-20 1.13898E-19 1.75847E-19 2.50273E-19 1.07188E-20 1.28266E-20 2.69755E-20 2.45598E-20 3.47480E-20
 2.40260E+03 7.16364E-19 0.00000E+00 0.00000E+00 0.00000E+00 0.00000E+00 3.33293E-20 4.73453E-20 1.10311E-19 1.66702E-19 2.37029E-19 1.03729E-20 1.24128E-20 2.60176E-20 2.34052E-20 3.30843E-20
 2.50000E+03 6.53921E-19 0.00000E+00 0.00000E+00 0.00000E+00 0.00000E+00 3.16272E-20 4.50920E-20 1.03471E-19 1.49789E-19 2.12569E-19 9.71421E-21 1.16246E-20 2.42026E-20 2.12535E-20 2.99882E-20
 2.73861E+03 5.28709E-19 0.00000E+00 0.00000E+00 0.00000E+00 0.00000E+00 2.79672E-20 3.99174E-20 8.88421E-20 1.16581E-19 1.64740E-19 8.32156E-21 9.95950E-21 2.04022E-20 1.69423E-20 2.38070E-20
 3.00000E+03 4.26106E-19 0.00000E+00 0.00000E+00 0.00000E+00 0.00000E+00 2.45855E-20 3.50092E-20 7.57982E-20 9.01836E-20 1.26905E-19 7.12744E-21 8.49379E-21 1.71263E-20 1.34220E-20 1.87834E-20
 3.50000E+03 2.93941E-19 0.00000E+00 0.00000E+00 0.00000E+00 0.00000E+00 1.95523E-20 2.75041E-20 5.71036E-20 5.76877E-20 8.06177E-20 5.44530E-21 6.42312E-21 1.26207E-20 8.93039E-21 1.24104E-20
 4.00000E+03 2.11922E-19 0.00000E+00 0.00000E+00 0.00000E+00 0.00000E+00 1.58663E-20 2.19255E-20 4.40714E-20 3.87156E-20 5.37870E-20 4.29130E-21 4.99211E-21 9.60025E-21 6.19252E-21 8.55346E-21
 4.50000E+03 1.58228E-19 0.00000E+00 0.00000E+00 0.00000E+00 0.00000E+00 1.30993E-20 1.77317E-20 3.47195E-20 2.70119E-20 3.73315E-20 3.46535E-21 3.96781E-21 7.49009E-21 4.44052E-21 6.10013E-21
 5.00000E+03 1.21524E-19 0.00000E+00 0.00000E+00 0.00000E+00 0.00000E+00 1.09785E-20 1.45320E-20 2.78356E-20 1.94555E-20 2.67612E-20 2.85466E-21 3.21264E-21 5.96693E-21 3.27337E-21 4.47463E-21
 5.50000E+03 9.55338E-20 0.00000E+00 0.00000E+00 0.00000E+00 0.00000E+00 9.31970E-21 1.20547E-20 2.26603E-20 1.43889E-20 1.97058E-20 2.39039E-21 2.64222E-21 4.83667E-21 2.46971E-21 3.36073E-21
 6.00000E+03 7.65786E-20 0.00000E+00 0.00000E+00 0.00000E+00 0.00000E+00 7.99970E-21 1.01096E-20 1.86936E-20 1.08814E-20 1.48421E-20 2.02938E-21 2.20228E-21 3.97880E-21 1.90045E-21 2.57527E-21
 7.00000E+03 5.15871E-20 0.00000E+00 0.00000E+00 0.00000E+00 0.00000E+00 6.06148E-21 7.31583E-21 1.31560E-20 6.57177E-21 8.89803E-21 1.51265E-21 1.58133E-21 2.79202E-21 1.18169E-21 1.58909E-21
 8.00000E+03 3.65247E-20 0.00000E+00 0.00000E+00 0.00000E+00 0.00000E+00 4.73591E-21 5.46533E-21 9.60288E-21 4.20686E-21 5.65855E-21 1.16807E-21 1.17656E-21 2.03662E-21 7.74337E-22 1.03419E-21
 8.65100E+03 2.97770E-20 0.00000E+00 0.00000E+00 0.00000E+00 0.00000E+00 4.08550E-21 4.58129E-21 7.94437E-21 3.22471E-21 4.32007E-21 1.00186E-21 9.84966E-22 1.68542E-21 6.01133E-22 7.99567E-22
 8.65100E+03 8.21573E-20 0.00000E+00 0.00000E+00 0.00000E+00 5.23803E-20 4.08550E-21 4.58129E-21 7.94437E-21 3.22471E-21 4.32007E-21 1.00186E-21 9.84966E-22 1.68542E-21 6.01133E-22 7.99567E-22
 8.65635E+03 8.19900E-20 0.00000E+00 0.00000E+00 0.00000E+00 5.22608E-20 4.08073E-21 4.57491E-21 7.93247E-21 3.21794E-21 4.31087E-21 1.00065E-21 9.83584E-22 1.68290E-21 5.99932E-22 7.97944E-22
 8.66170E+03 8.26384E-20 0.00000E+00 0.00000E+00 0.00000E+00 5.29569E-20 4.07596E-21 4.56853E-21 7.92060E-21 3.21119E-21 4.30168E-21 9.99434E-22 9.82204E-22 1.68039E-21 5.98733E-22 7.96324E-22
 8.66705E+03 8.24936E-20 0.00000E+00 0.00000E+00 0.00000E+00 5.28596E-20 4.07121E-21 4.56217E-21 7.90874E-21 3.20446E-21 4.29252E-21 9.98223E-22 9.80826E-22 1.67788E-21 5.97537E-22 7.94707E-22
 8.67241E+03 8.17104E-20 0.00000E+00 0.00000E+00 0.00000E+00 5.21240E-20 4.06646E-21 4.55581E-21 7.89690E-21 3.19773E-21 4.28338E-21 9.97013E-22 9.79450E-22 1.67537E-21 5.96343E-22 7.93093E-22
 8.67777E+03 8.08252E-20 0.00000E+00 0.00000E+00 0.00000E+00 5.12863E-20 4.06171E-21 4.54946E-21 7.88508E-21 3.19103E-21 4.27426E-21 9.95805E-22 9.78075E-22 1.67287E-21 5.95152E-22 7.91483E-22
 8.68314E+03 8.01477E-20 0.00000E+00 0.00000E+00 0.00000E+00 5.06562E-20 4.05697E-21 4.54313E-21 7.87328E-21 3.18433E-21 4.26516E-21 9.94598E-22 9.76703E-22 1.67037E-21 5.93963E-22 7.89876E-22
 8.68850E+03 7.97451E-20 0.00000E+00 0.00000E+00 0.00000E+00 5.03009E-20 4.05223E-21 4.53680E-21 7.86149E-21 3.17765E-21 4.25607E-21 9.93393E-22 9.75333E-22 1.66787E-21 5.92776E-22 7.88272E-22
 8.69387E+03 7.95649E-20 0.00000E+00 0.00000E+00 0.00000E+00 5.01679E-20 4.04750E-21 4.53048E-21 7.84972E-21 3.17098E-21 4.24701E-21 9.92189E-22 9.73964E-22 1.66538E-21 5.91592E-22 7.86672E-22
 8.71539E+03 7.94223E-20 0.00000E+00 0.00000E+00 0.00000E+00 5.02134E-20 4.02864E-21 4.50528E-21 7.80282E-21 3.14446E-21 4.21095E-21 9.87388E-22 9.68510E-22 1.65545E-21 5.86878E-22 7.80302E-22
 8.73696E+03 7.88696E-20 0.00000E+00 0.00000E+00 0.00000E+00 4.98475E-20 4.00987E-21 4.48023E-21 7.75620E-21 3.11815E-21 4.17519E-21 9.82610E-22 9.63086E-22 1.64558E-21 5.82202E-22 7.73984E-22
 8.78026E+03 7.80579E-20 0.00000E+00 0.00000E+00 0.00000E+00 4.94057E-20 3.97258E-21 4.43054E-21 7.66380E-21 3.06620E-21 4.10459E-21 9.73123E-22 9.52328E-22 1.62601E-21 5.72961E-22 7.61501E-22
 8.82377E+03 7.70927E-20 0.00000E+00 0.00000E+00 0.00000E+00 4.88055E-20 3.93564E-21 4.38140E-21 7.57249E-21 3.01512E-21 4.03517E-21 9.63729E-22 9.41691E-22 1.60667E-21 5.63867E-22 7.49219E-22
 9.00000E+03 7.33535E-20 0.00000E+00 0.00000E+00 0.00000E+00 4.64786E-20 3.79128E-21 4.19024E-21 7.21803E-21 2.81904E-21 3.76890E-21 9.27048E-22 9.00318E-22 1.53160E-21 5.28892E-22 7.02015E-22
 9.62000E+03 6.13886E-20 0.00000E+00 0.00000E+00 0.00000E+00 3.88276E-20 3.33536E-21 3.59121E-21 6.11876E-21 2.24036E-21 2.98464E-21 8.12148E-22 7.71243E-22 1.29920E-21 4.24582E-22 5.61521E-22
 9.62000E+03 8.33670E-20 0.00000E+00 0.00000E+00 2.19784E-20 3.88276E-20 3.33536E-21 3.59121E-21 6.11876E-21 2.24036E-21 2.98464E-21 8.12148E-22 7.71243E-22 1.29920E-21 4.24582E-22 5.61520E-22
 9.62583E+03 8.44681E-20 0.00000E+00 0.00000E+00 2.31791E-20 3.87637E-20 3.33148E-21 3.58618E-21 6.10958E-21 2.23569E-21 2.97831E-21 8.11172E-22 7.70159E-22 1.29726E-21 4.23735E-22 5.60382E-22
 9.63165E+03 8.48854E-20 0.00000E+00 0.00000E+00 2.36958E-20 3.86999E-20 3.32760E-21 3.58115E-21 6.10041E-21 2.23103E-21 2.97201E-21 8.10197E-22 7.69077E-22 1.29532E-21 4.22890E-22 5.59246E-22
 9.63749E+03 8.46779E-20 0.00000E+00 0.00000E+00 2.35877E-20 3.86362E-20 3.32372E-21 3.57614E-21 6.09125E-21 2.22638E-21 2.96571E-21 8.09223E-22 7.67996E-22 1.29338E-21 4.22047E-22 5.58113E-22
 9.64332E+03 8.41894E-20 0.00000E+00 0.00000E+00 2.31983E-20 3.85726E-20 3.31985E-21 3.57112E-21 6.08211E-21 2.22173E-21 2.95943E-21 8.08251E-22 7.66917E-22 1.29145E-21 4.21205E-22 5.56982E-22
 9.65500E+03 8.34056E-20 0.00000E+00 0.00000E+00 2.26122E-20 3.84457E-20 3.31213E-21 3.56112E-21 6.06387E-21 2.21248E-21 2.94691E-21 8.06309E-22 7.64763E-22 1.28759E-21 4.19527E-22 5.54726E-22
 9.66670E+03 8.31091E-20 0.00000E+00 0.00000E+00 2.25128E-20 3.83193E-20 3.30442E-21 3.55115E-21 6.04568E-21 2.20326E-21 2.93445E-21 8.04372E-22 7.62616E-22 1.28375E-21 4.17856E-22 5.52479E-22
 9.69013E+03 8.27307E-20 0.00000E+00 0.00000E+00 2.25267E-20 3.80676E-20 3.28906E-21 3.53129E-21 6.00947E-21 2.18494E-21 2.90967E-21 8.00513E-22 7.58338E-22 1.27609E-21 4.14533E-22 5.48014E-22
 9.71362E+03 8.21756E-20 0.00000E+00 0.00000E+00 2.23612E-20 3.78176E-20 3.27377E-21 3.51154E-21 5.97348E-21 2.16677E-21 2.88510E-21 7.96671E-22 7.54085E-22 1.26848E-21 4.11236E-22 5.43584E-22
 9.80816E+03 8.02278E-20 0.00000E+00 0.00000E+00 2.19466E-20 3.68339E-20 3.21331E-21 3.43364E-21 5.83165E-21 2.09559E-21 2.78888E-21 7.81490E-22 7.37309E-22 1.23849E-21 3.98310E-22 5.26220E-22
 1.00000E+04 7.63179E-20 0.00000E+00 0.00000E+00 2.09846E-20 3.49425E-20 3.09573E-21 3.28298E-21 5.55801E-21 1.96011E-21 2.60588E-21 7.51988E-22 7.04868E-22 1.18061E-21 3.73653E-22 4.93124E-22
 1.01180E+04 7.39701E-20 0.00000E+00 0.00000E+00 2.03758E-20 3.38264E-20 3.02577E-21 3.19313E-21 5.39567E-21 1.88142E-21 2.49969E-21 7.34489E-22 6.85555E-22 1.14629E-21 3.59249E-22 4.73802E-22
 1.01180E+04 8.65898E-20 0.00000E+00 1.26197E-20 2.03758E-20 3.38264E-20 3.02577E-21 3.19313E-21 5.39567E-21 1.88142E-21 2.49969E-21 7.34489E-22 6.85555E-22 1.14629E-21 3.59249E-22 4.73802E-22
 1.01246E+04 8.56588E-20 0.00000E+00 1.18173E-20 2.03424E-20 3.37653E-20 3.02191E-21 3.18820E-21 5.38676E-21 1.87714E-21 2.49390E-21 7.33526E-22 6.84496E-22 1.14441E-21 3.58464E-22 4.72749E-22
 1.01312E+04 8.52660E-20 0.00000E+00 1.15529E-20 2.03091E-20 3.37043E-20 3.01806E-21 3.18327E-21 5.37786E-21 1.87286E-21 2.48813E-21 7.32564E-22 6.83438E-22 1.14253E-21 3.57680E-22 4.71699E-22
 1.01445E+04 8.51010E-20 0.00000E+00 1.16440E-20 2.02426E-20 3.35827E-20 3.01036E-21 3.17344E-21 5.36011E-21 1.86434E-21 2.47664E-21 7.30645E-22 6.81327E-22 1.13878E-21 3.56118E-22 4.69604E-22
 1.01710E+04 8.46837E-20 0.00000E+00 1.17360E-20 2.01104E-20 3.33406E-20 2.99504E-21 3.15387E-21 5.32479E-21 1.84741E-21 2.45380E-21 7.26822E-22 6.77124E-22 1.13132E-21 3.53015E-22 4.65444E-22
 1.02243E+04 8.35503E-20 0.00000E+00 1.16108E-20 1.98483E-20 3.28618E-20 2.96462E-21 3.11509E-21 5.25484E-21 1.81401E-21 2.40876E-21 7.19235E-22 6.68797E-22 1.11654E-21 3.46889E-22 4.57233E-22
 1.03316E+04 8.13559E-20 0.00000E+00 1.13988E-20 1.93262E-20 3.19247E-20 2.90471E-21 3.03895E-21 5.11769E-21 1.74902E-21 2.32114E-21 7.04298E-22 6.52449E-22 1.08757E-21 3.34954E-22 4.41243E-22
 1.05498E+04 7.71655E-20 0.00000E+00 1.10108E-20 1.83211E-20 3.01300E-20 2.78849E-21 2.89221E-21 4.85403E-21 1.62593E-21 2.15535E-21 6.75348E-22 6.20941E-22 1.03186E-21 3.12303E-22 4.10921E-22
 1.10000E+04 6.94167E-20 0.00000E+00 1.02586E-20 1.64573E-20 2.68374E-20 2.56982E-21 2.61965E-21 4.36675E-21 1.40510E-21 1.85838E-21 6.20970E-22 5.62416E-22 9.28852E-22 2.71483E-22 3.56375E-22
 1.25000E+04 4.99698E-20 0.00000E+00 8.20430E-21 1.17571E-20 1.87015E-20 1.99361E-21 1.92157E-21 3.13787E-21 8.93823E-22 1.17365E-21 4.78773E-22 4.12834E-22 6.68994E-22 1.75588E-22 2.28794E-22
 1.40000E+04 3.72039E-20 0.00000E+00 6.67321E-21 8.66423E-21 1.35055E-20 1.58554E-21 1.45037E-21 2.32603E-21 5.95322E-22 7.76453E-22 3.78978E-22 3.11966E-22 4.97053E-22 1.18524E-22 1.53391E-22
 1.50000E+04 3.10471E-20 0.00000E+00 5.86537E-21 7.17654E-21 1.10529E-20 1.37676E-21 1.21854E-21 1.93293E-21 4.63688E-22 6.02252E-22 3.28219E-22 2.62343E-22 4.13669E-22 9.30279E-23 1.19878E-22
 1.75000E+04 2.06558E-20 0.00000E+00 4.36020E-21 4.68062E-21 7.02036E-21 9.99440E-22 8.19500E-22 1.26846E-21 2.63613E-22 3.39086E-22 2.37051E-22 1.76863E-22 2.72429E-22 5.37369E-23 6.85644E-23
 2.00000E+04 1.44619E-20 0.00000E+00 3.34303E-21 3.20952E-21 4.70644E-21 7.53282E-22 5.76474E-22 8.73466E-22 1.60533E-22 2.04661E-22 1.78000E-22 1.24725E-22 1.88203E-22 3.31390E-23 4.19044E-23
 2.20000E+04 1.11928E-20 0.00000E+00 2.75231E-21 2.44259E-21 3.52505E-21 6.13742E-22 4.46499E-22 6.66254E-22 1.12252E-22 1.42171E-22 1.44698E-22 9.67971E-23 1.43898E-22 2.33688E-23 2.93538E-23
 2.50000E+04 7.92035E-21 0.00000E+00 2.10740E-21 1.68595E-21 2.38170E-21 4.64426E-22 3.15218E-22 4.60697E-22 6.91548E-23 8.67866E-23 1.09215E-22 6.85317E-23 9.98311E-23 1.45515E-23 1.81092E-23
 3.00000E+04 4.81830E-21 0.00000E+00 1.42340E-21 9.85591E-22 1.35041E-21 3.09584E-22 1.89875E-22 2.69273E-22 3.43767E-23 4.25437E-23 7.25987E-23 4.14579E-23 5.86289E-23 7.33362E-24 8.99997E-24
 3.50000E+04 3.15542E-21 0.00000E+00 1.01120E-21 6.21865E-22 8.30013E-22 2.18108E-22 1.22612E-22 1.69413E-22 1.89117E-23 2.31155E-23 5.10591E-23 2.68696E-23 3.70324E-23 4.07636E-24 4.94039E-24
 4.00000E+04 2.18239E-21 0.00000E+00 7.46649E-22 4.15482E-22 5.41901E-22 1.60167E-22 8.34528E-23 1.12677E-22 1.12250E-23 1.35653E-23 3.74525E-23 1.83446E-23 2.47112E-23 2.43880E-24 2.92236E-24
 4.50000E+04 1.57426E-21 0.00000E+00 5.68398E-22 2.90239E-22 3.70795E-22 1.21479E-22 5.91895E-23 7.82756E-23 7.06655E-24 8.45229E-24 2.83842E-23 1.30455E-23 1.72138E-23 1.54515E-24 1.83238E-24
 5.00000E+04 1.17419E-21 0.00000E+00 4.43550E-22 2.10120E-22 2.63439E-22 9.45581E-23 4.34010E-23 5.63188E-23 4.66422E-24 5.52507E-24 2.20822E-23 9.58711E-24 1.24141E-23 1.02506E-24 1.20401E-24
 5.50000E+04 8.99941E-22 0.00000E+00 3.53307E-22 1.56638E-22 1.93021E-22 7.51896E-23 3.27071E-23 4.17089E-23 3.19927E-24 3.75671E-24 1.75526E-23 7.23901E-24 9.21220E-24 7.06201E-25 8.22152E-25
 5.93930E+04 7.25818E-22 0.00000E+00 2.93460E-22 1.23491E-22 1.50036E-22 6.23881E-23 2.59988E-23 3.26845E-23 2.35956E-24 2.75046E-24 1.45609E-23 5.76309E-24 7.23022E-24 5.22549E-25 6.03919E-25
 5.93930E+04 4.06596E-21 3.34014E-21 2.93460E-22 1.23491E-22 1.50036E-22 6.23881E-23 2.59988E-23 3.26845E-23 2.35956E-24 2.75046E-24 1.45609E-23 5.76309E-24 7.23022E-24 5.22549E-25 6.03919E-25
 5.94308E+04 3.86209E-21 3.13756E-21 2.93010E-22 1.23249E-22 1.49724E-22 6.22919E-23 2.59495E-23 3.26187E-23 2.35363E-24 2.74337E-24 1.45384E-23 5.75223E-24 7.21575E-24 5.21249E-25 6.02380E-25
 5.94685E+04 3.84892E-21 3.12567E-21 2.92561E-22 1.23007E-22 1.49412E-22 6.21958E-23 2.59003E-23 3.25530E-23 2.34771E-24 2.73631E-24 1.45160E-23 5.74139E-24 7.20130E-24 5.19952E-25 6.00845E-25
 5.95442E+04 3.83655E-21 3.11587E-21 2.91664E-22 1.22524E-22 1.48791E-22 6.20041E-23 2.58021E-23 3.24220E-23 2.33592E-24 2.72223E-24 1.44712E-23 5.71978E-24 7.17251E-24 5.17368E-25 5.97787E-25
 5.96957E+04 3.81202E-21 3.09643E-21 2.89878E-22 1.21564E-22 1.47556E-22 6.16224E-23 2.56069E-23 3.21615E-23 2.31251E-24 2.69430E-24 1.43820E-23 5.67680E-24 7.11525E-24 5.12239E-25 5.91718E-25
 6.00000E+04 3.76533E-21 3.05983E-21 2.86340E-22 1.19666E-22 1.45117E-22 6.08661E-23 2.52210E-23 3.16469E-23 2.26639E-24 2.63929E-24 1.42053E-23 5.59180E-24 7.00212E-24 5.02133E-25 5.79763E-25
 6.23574E+04 3.41408E-21 2.78107E-21 2.60534E-22 1.06160E-22 1.27808E-22 5.53624E-23 2.24599E-23 2.79770E-23 1.94511E-24 2.25672E-24 1.29198E-23 4.98320E-24 6.19461E-24 4.31588E-25 4.96457E-25
 6.48074E+04 3.08878E-21 2.52070E-21 2.37049E-22 9.41777E-23 1.12564E-22 5.03558E-23 2.00010E-23 2.47327E-23 1.66938E-24 1.92960E-24 1.17506E-23 4.44084E-24 5.48022E-24 3.70955E-25 4.25122E-25
 7.00000E+04 2.52655E-21 2.06873E-21 1.96239E-22 7.41181E-23 8.73133E-23 4.16599E-23 1.58614E-23 1.93290E-23 1.22963E-24 1.41074E-24 9.72007E-24 3.52677E-24 4.28910E-24 2.74046E-25 3.11729E-25
 8.00000E+04 1.77673E-21 1.46226E-21 1.40710E-22 4.88673E-23 5.61070E-23 2.98582E-23 1.05834E-23 1.25668E-23 7.24032E-25 8.19696E-25 6.96583E-24 2.35873E-24 2.79510E-24 1.62114E-25 1.81992E-25
 9.00000E+04 1.29770E-21 1.07206E-21 1.04537E-22 3.38159E-23 3.79405E-23 2.21830E-23 7.39504E-24 8.57833E-24 4.54080E-25 5.08211E-25 5.17527E-24 1.65126E-24 1.91161E-24 1.02053E-25 1.13247E-25
 1.00000E+05 9.77342E-22 8.09714E-22 7.99200E-23 2.43220E-23 2.67230E-23 1.69641E-23 5.36142E-24 6.08899E-24 2.99520E-25 3.31721E-25 3.95796E-24 1.19911E-24 1.35905E-24 6.75175E-26 7.41573E-26
 1.10000E+05 7.54936E-22 6.26842E-22 6.25617E-23 1.80550E-23 1.94605E-23 1.32853E-23 4.00670E-24 4.46306E-24 2.05824E-25 2.25891E-25 3.09996E-24 8.97325E-25 9.97476E-25 4.65153E-26 5.06232E-26
 1.25000E+05 5.32851E-22 4.43545E-22 4.49329E-23 1.21151E-23 1.27237E-23 9.54925E-24 2.71070E-24 2.94127E-24 1.24764E-25 1.35292E-25 2.22860E-24 6.08124E-25 6.58466E-25 2.82812E-26 3.04161E-26
 1.40000E+05 3.90700E-22 3.25813E-22 3.34393E-23 8.51507E-24 8.73865E-24 7.11258E-24 1.91795E-24 2.03303E-24 8.02944E-26 8.62228E-26 1.66026E-24 4.30870E-25 4.55745E-25 1.82462E-26 1.94307E-26
 1.50000E+05 3.23312E-22 2.69876E-22 2.79145E-23 6.87490E-24 6.95698E-24 5.94080E-24 1.55440E-24 1.62436E-24 6.14998E-26 6.56627E-26 1.38691E-24 3.49467E-25 3.64420E-25 1.39946E-26 1.48195E-26
 1.75000E+05 2.11724E-22 1.77049E-22 1.86221E-23 4.27367E-24 4.19189E-24 3.96849E-24 9.73750E-25 9.85974E-25 3.40831E-26 3.59819E-26 9.26751E-25 2.19286E-25 2.21544E-25 7.77641E-27 8.14237E-27
 2.00000E+05 1.46820E-22 1.22928E-22 1.31066E-23 2.84196E-24 2.71459E-24 2.79644E-24 6.51356E-25 6.42061E-25 2.05860E-26 2.15542E-26 6.53225E-25 1.46868E-25 1.44446E-25 4.70612E-27 4.88803E-27
 2.20000E+05 1.13174E-22 9.48291E-23 1.02028E-23 2.12968E-24 1.99707E-24 2.17874E-24 4.89961E-25 4.74045E-25 1.44243E-26 1.50425E-26 5.09036E-25 1.10567E-25 1.06728E-25 3.30234E-27 3.41570E-27
 2.50000E+05 7.99973E-23 6.70899E-23 7.29997E-24 1.45222E-24 1.32978E-24 1.56057E-24 3.35663E-25 3.17004E-25 9.01650E-27 9.36427E-27 3.64700E-25 7.58216E-26 7.14388E-26 2.06723E-27 2.12978E-27
 3.00000E+05 4.90806E-23 4.12068E-23 4.54699E-24 8.49382E-25 7.53635E-25 9.73439E-25 1.97461E-25 1.80601E-25 4.67943E-27 4.85706E-27 2.27566E-25 4.46587E-26 4.07463E-26 1.07497E-27 1.10705E-27
 3.50000E+05 3.27311E-23 2.75035E-23 3.06497E-24 5.45489E-25 4.72605E-25 6.56846E-25 1.27321E-25 1.13665E-25 2.72844E-27 2.84584E-27 1.53591E-25 2.88216E-26 2.56643E-26 6.27868E-28 6.49467E-28
 4.00000E+05 2.32150E-23 1.95214E-23 2.19077E-24 3.75063E-25 3.19119E-25 4.69847E-25 8.78079E-26 7.69488E-26 1.73286E-27 1.82143E-27 1.09884E-25 1.98901E-26 1.73846E-26 3.98961E-28 4.15993E-28
 4.50000E+05 1.72614E-23 1.45246E-23 1.63819E-24 2.71603E-25 2.27922E-25 3.51523E-25 6.37343E-26 5.50670E-26 1.17229E-27 1.24504E-27 8.22218E-26 1.44448E-26 1.24460E-26 2.70266E-28 2.84693E-28
 5.00000E+05 1.33205E-23 1.12153E-23 1.26946E-24 2.04847E-25 1.70095E-25 2.72504E-25 4.81604E-26 4.11551E-26 8.34720E-28 8.96753E-28 6.37448E-26 1.09189E-26 9.30488E-27 1.92412E-28 2.05117E-28
 5.50000E+05 1.05912E-23 8.92234E-24 1.01248E-24 1.59633E-25 1.31478E-25 2.17396E-25 3.75823E-26 3.18472E-26 6.17913E-28 6.72445E-28 5.08567E-26 8.52361E-27 7.20201E-27 1.42593E-28 1.53922E-28
 6.00000E+05 8.62961E-24 7.27371E-24 8.26860E-25 1.27770E-25 1.04575E-25 1.77569E-25 3.01151E-26 2.53509E-26 4.73130E-28 5.21333E-28 4.15415E-26 6.83161E-27 5.73415E-27 1.09186E-28 1.19389E-28
 7.00000E+05 6.06943E-24 5.12071E-24 5.83279E-25 8.71828E-26 7.07396E-26 1.25278E-25 2.05835E-26 1.71694E-26 2.99304E-28 3.38624E-28 2.93093E-26 4.67120E-27 3.88448E-27 6.91638E-29 7.75724E-29
 8.00000E+05 4.52642E-24 3.82211E-24 4.35680E-25 6.34325E-26 5.11989E-26 9.35769E-26 1.49948E-26 1.24361E-26 2.05004E-28 2.37657E-28 2.18927E-26 3.40382E-27 2.81413E-27 4.73472E-29 5.44664E-29
 9.00000E+05 3.52570E-24 2.97928E-24 3.39615E-25 4.84167E-26 3.89525E-26 7.29380E-26 1.14562E-26 9.46641E-27 1.48687E-28 1.76518E-28 1.70640E-26 2.60094E-27 2.14232E-27 3.43656E-29 4.04588E-29
 1.00000E+06 2.83920E-24 2.40069E-24 2.73560E-25 3.83447E-26 3.07842E-26 5.87451E-26 9.07843E-27 7.48356E-27 1.12812E-28 1.36789E-28 1.37432E-26 2.06154E-27 1.69371E-27 2.60858E-29 3.13730E-29
 1.10000E+06 2.34696E-24 1.98556E-24 2.26126E-25 3.12653E-26 2.50628E-26 4.85529E-26 7.40588E-27 6.09350E-27 8.87636E-29 1.09706E-28 1.13583E-26 1.68193E-27 1.37921E-27 2.05135E-29 2.51542E-29
 1.25000E+06 1.83247E-24 1.55135E-24 1.76494E-25 2.40201E-26 1.92217E-26 3.78878E-26 5.69257E-27 4.67415E-27 6.50739E-29 8.25729E-29 8.86299E-27 1.29289E-27 1.05794E-27 1.50549E-29 1.89414E-29
 1.40000E+06 1.48222E-24 1.25552E-24 1.42684E-25 1.91957E-26 1.53383E-26 3.06232E-26 4.55033E-27 3.73015E-27 5.00810E-29 6.49524E-29 7.16328E-27 1.03358E-27 8.44282E-28 1.15899E-29 1.49060E-29
 1.50000E+06 1.30683E-24 1.10729E-24 1.25749E-25 1.68180E-26 1.34256E-26 2.69850E-26 3.98730E-27 3.26502E-27 4.29727E-29 5.64434E-29 6.31200E-27 9.05784E-28 7.39038E-28 9.93924E-30 1.29451E-29
 1.75000E+06 9.94526E-25 8.43176E-25 9.55954E-26 1.26570E-26 1.00796E-26 2.05081E-26 3.00208E-27 2.45133E-27 3.09126E-29 4.17491E-29 4.79667E-27 6.81943E-28 5.54848E-28 7.15572E-30 9.57777E-30
 2.00000E+06 7.91934E-25 6.71703E-25 7.60413E-26 1.00140E-26 7.95437E-27 1.63088E-26 2.37573E-27 1.93441E-27 2.36029E-29 3.25811E-29 3.81428E-27 5.39686E-28 4.37820E-28 5.46651E-30 7.47794E-30
 2.20000E+06 6.76298E-25 5.73742E-25 6.48785E-26 8.54342E-27 6.78539E-27 1.39004E-26 2.02484E-27 1.64866E-27 2.01154E-29 2.77668E-29 3.25023E-27 4.59873E-28 3.73070E-28 4.65797E-30 6.37188E-30
 2.50000E+06 5.50433E-25 4.67084E-25 5.27445E-26 6.94505E-27 5.51504E-27 1.12864E-26 1.64400E-27 1.33853E-27 1.63305E-29 2.25421E-29 2.63823E-27 3.73276E-28 3.02816E-28 3.78073E-30 5.17186E-30
 3.00000E+06 4.14775E-25 3.52103E-25 3.96757E-26 5.22376E-27 4.14732E-27 8.47633E-27 1.23464E-27 1.00518E-27 1.22627E-29 1.69269E-29 1.98064E-27 2.80230E-28 2.27331E-28 2.83821E-30 3.88253E-30
 3.50000E+06 3.29524E-25 2.79842E-25 3.14614E-26 4.14197E-27 3.28795E-27 6.71350E-27 9.77838E-28 7.96086E-28 9.71133E-30 1.34050E-29 1.56829E-27 2.21887E-28 1.80000E-28 2.24724E-30 3.07410E-30
 4.00000E+06 2.71686E-25 2.30818E-25 2.58850E-26 3.40764E-27 2.70472E-27 5.51857E-27 8.03775E-28 6.54360E-28 7.98212E-30 1.10180E-29 1.28888E-27 1.82353E-28 1.47929E-28 1.84681E-30 2.52633E-30
 4.50000E+06 2.30202E-25 1.95659E-25 2.18834E-26 2.88073E-27 2.28629E-27 4.66212E-27 6.79020E-28 5.52786E-28 6.74286E-30 9.30736E-30 1.08867E-27 1.54026E-28 1.24949E-28 1.55989E-30 2.13385E-30
 5.00000E+06 1.99167E-25 1.69354E-25 1.88891E-26 2.48648E-27 1.97325E-27 4.02187E-27 5.85762E-28 4.76858E-28 5.81654E-30 8.02871E-30 9.39038E-28 1.32855E-28 1.07774E-28 1.34547E-30 1.84052E-30
 5.50000E+06 1.75169E-25 1.49013E-25 1.65741E-26 2.18169E-27 1.73126E-27 3.52728E-27 5.13721E-28 4.18205E-28 5.10100E-30 7.04102E-30 8.23467E-28 1.16503E-28 9.45089E-29 1.17985E-30 1.61397E-30
 6.00000E+06 1.56123E-25 1.32869E-25 1.47368E-26 1.93979E-27 1.53923E-27 3.13500E-27 4.56584E-28 3.71688E-28 4.53353E-30 6.25771E-30 7.31818E-28 1.03537E-28 8.39899E-29 1.04853E-30 1.43432E-30
 7.00000E+06 1.27751E-25 1.08792E-25 1.20170E-26 1.58173E-27 1.25500E-27 2.55477E-27 3.72072E-28 3.02884E-28 3.69422E-30 5.09918E-30 5.96282E-28 8.43606E-29 6.84338E-29 8.54316E-31 1.16865E-30
 8.00000E+06 1.07768E-25 9.18187E-26 1.01106E-26 1.33077E-27 1.05582E-27 2.14843E-27 3.12890E-28 2.54704E-28 3.10651E-30 4.28793E-30 5.01386E-28 7.09346E-29 5.75424E-29 7.18343E-31 9.82650E-31
 9.00000E+06 9.29971E-26 7.92633E-26 8.70679E-27 1.14597E-27 9.09152E-28 1.84941E-27 2.69340E-28 2.19250E-28 2.67405E-30 3.69100E-30 4.31565E-28 6.10563E-29 4.95289E-29 6.18301E-31 8.45799E-31
 1.00000E+07 8.16686E-26 6.96288E-26 7.63342E-27 1.00467E-27 7.97026E-28 1.62092E-27 2.36060E-28 1.92158E-28 2.34359E-30 3.23487E-30 3.78217E-28 5.35086E-29 4.34062E-29 5.41864E-31 7.41237E-31
 1.10000E+07 7.27248E-26 6.20189E-26 6.78811E-27 8.93404E-28 7.08732E-28 1.44105E-27 2.09865E-28 1.70833E-28 2.08349E-30 2.87583E-30 3.36228E-28 4.75681E-29 3.85872E-29 4.81703E-31 6.58941E-31
 1.25000E+07 6.23810E-26 5.32138E-26 5.81295E-27 7.65046E-28 6.06882E-28 1.23365E-27 1.79659E-28 1.46244E-28 1.78357E-30 2.46186E-30 2.87817E-28 4.07189E-29 3.30311E-29 4.12342E-31 5.64058E-31
 1.40000E+07 5.45536E-26 4.65478E-26 5.07686E-27 6.68160E-28 5.30010E-28 1.07717E-27 1.56870E-28 1.27693E-28 1.55730E-30 2.14954E-30 2.51295E-28 3.55519E-29 2.88396E-29 3.60016E-31 4.92479E-31
 1.50000E+07 5.03200E-26 4.29411E-26 4.67942E-27 6.15849E-28 4.88506E-28 9.92713E-28 1.44569E-28 1.17679E-28 1.43518E-30 1.98097E-30 2.31584E-28 3.27632E-29 2.65774E-29 3.31775E-31 4.53848E-31
 1.75000E+07 4.21009E-26 3.59368E-26 3.90931E-27 5.14488E-28 4.08090E-28 8.29110E-28 1.20743E-28 9.82839E-29 1.19862E-30 1.65445E-30 1.93406E-28 2.73619E-29 2.21958E-29 2.77077E-31 3.79024E-31
 2.00000E+07 3.61558E-26 3.08683E-26 3.35352E-27 4.41337E-28 3.50057E-28 7.11086E-28 1.03554E-28 8.42922E-29 1.02798E-30 1.41891E-30 1.65866E-28 2.34657E-29 1.90352E-29 2.37622E-31 3.25051E-31
 2.20000E+07 3.24713E-26 2.77262E-26 3.00961E-27 3.96075E-28 3.14151E-28 6.38079E-28 9.29222E-29 7.56374E-29 9.22422E-31 1.27321E-30 1.48832E-28 2.10558E-29 1.70803E-29 2.13217E-31 2.91668E-31
 2.50000E+07 2.81521E-26 2.40419E-26 2.60703E-27 3.43091E-28 2.72121E-28 5.52638E-28 8.04792E-29 6.55088E-29 7.98895E-31 1.10270E-30 1.28898E-28 1.82357E-29 1.47926E-29 1.84659E-31 2.52602E-31
 3.00000E+07 2.30260E-26 1.96680E-26 2.13006E-27 2.80317E-28 2.22327E-28 4.51441E-28 6.57418E-29 5.35125E-29 6.52591E-31 9.00763E-31 1.05290E-28 1.48957E-29 1.20832E-29 1.50837E-31 2.06335E-31
 3.50000E+07 1.94685E-26 1.66316E-26 1.79960E-27 2.36826E-28 1.87829E-28 3.81348E-28 5.55343E-29 4.52036E-29 5.51260E-31 7.60895E-31 8.89392E-29 1.25825E-29 1.02068E-29 1.27412E-31 1.74292E-31
 4.00000E+07 1.68579E-26 1.44028E-26 1.55738E-27 2.04949E-28 1.62545E-28 3.29986E-28 4.80544E-29 3.91150E-29 4.77007E-31 6.58405E-31 7.69583E-29 1.08875E-29 8.83182E-30 1.10248E-31 1.50813E-31
 4.50000E+07 1.48617E-26 1.26984E-26 1.37235E-27 1.80598E-28 1.43231E-28 2.90756E-28 4.23414E-29 3.44647E-29 4.20295E-31 5.80127E-31 6.78079E-29 9.59297E-30 7.78171E-30 9.71396E-32 1.32881E-31
 5.00000E+07 1.32865E-26 1.13532E-26 1.22645E-27 1.61398E-28 1.28002E-28 2.59827E-28 3.78374E-29 3.07985E-29 3.75585E-31 5.18414E-31 6.05941E-29 8.57239E-30 6.95383E-30 8.68050E-32 1.18744E-31
 5.50000E+07 1.20122E-26 1.02649E-26 1.10849E-27 1.45874E-28 1.15690E-28 2.34825E-28 3.41963E-29 2.78347E-29 3.39441E-31 4.68525E-31 5.47625E-29 7.74738E-30 6.28458E-30 7.84507E-32 1.07316E-31
 6.00000E+07 1.09603E-26 9.36634E-27 1.01117E-27 1.33066E-28 1.05532E-28 2.14197E-28 3.11924E-29 2.53896E-29 3.09623E-31 4.27367E-31 4.99515E-29 7.06676E-30 5.73247E-30 7.15587E-32 9.78876E-32
 7.00000E+07 9.32563E-27 7.96999E-27 8.60026E-28 1.13176E-28 8.97563E-29 1.82168E-28 2.65280E-29 2.15929E-29 2.63322E-31 3.63458E-31 4.24814E-29 6.00993E-30 4.87518E-30 6.08570E-32 8.32485E-32
 8.00000E+07 8.11454E-27 6.93531E-27 7.48118E-28 9.84490E-29 7.80762E-29 1.58455E-28 2.30749E-29 1.87821E-29 2.29044E-31 3.16145E-31 3.69511E-29 5.22755E-30 4.24052E-30 5.29345E-32 7.24110E-32
 9.00000E+07 7.18144E-27 6.13806E-27 6.61939E-28 8.71081E-29 6.90817E-29 1.40196E-28 2.04159E-29 1.66178E-29 2.02650E-31 2.79714E-31 3.26928E-29 4.62512E-30 3.75184E-30 4.68342E-32 6.40662E-32
 1.00000E+08 6.44056E-27 5.50500E-27 5.93541E-28 7.81070E-29 6.19431E-29 1.25705E-28 1.83057E-29 1.49001E-29 1.81703E-31 2.50802E-31 2.93134E-29 4.14703E-30 3.36402E-30 4.19930E-32 5.74437E-32
 1.10000E+08 5.83810E-27 4.99019E-27 5.37939E-28 7.07900E-29 5.61402E-29 1.13926E-28 1.65904E-29 1.35039E-29 1.64677E-31 2.27300E-31 2.65665E-29 3.75842E-30 3.04878E-30 3.80579E-32 5.20607E-32
 1.25000E+08 5.11959E-27 4.37617E-27 4.71648E-28 6.20664E-29 4.92216E-29 9.98835E-29 1.45454E-29 1.18394E-29 1.44378E-31 1.99282E-31 2.32917E-29 3.29513E-30 2.67296E-30 3.33665E-32 4.56433E-32
 1.40000E+08 4.55844E-27 3.89661E-27 4.19893E-28 5.52555E-29 4.38201E-29 8.89205E-29 1.29489E-29 1.05399E-29 1.28531E-31 1.77409E-31 2.07352E-29 2.93344E-30 2.37957E-30 2.97041E-32 4.06333E-32
 1.50000E+08 4.24799E-27 3.63129E-27 3.91265E-28 5.14882E-29 4.08325E-29 8.28569E-29 1.20659E-29 9.82120E-30 1.19766E-31 1.65311E-31 1.93211E-29 2.73340E-30 2.21729E-30 2.76784E-32 3.78623E-32
 1.75000E+08 3.62988E-27 3.10300E-27 3.34281E-28 4.39893E-29 3.48854E-29 7.07874E-29 1.03083E-29 8.39056E-30 1.02320E-31 1.41230E-31 1.65066E-29 2.33521E-30 1.89429E-30 2.36464E-32 3.23467E-32
 2.00000E+08 3.16874E-27 2.70885E-27 2.91779E-28 3.83963E-29 3.04498E-29 6.17859E-29 8.99747E-30 7.32359E-30 8.93086E-32 1.23271E-31 1.44075E-29 2.03825E-30 1.65340E-30 2.06393E-32 2.82333E-32
 2.20000E+08 2.87639E-27 2.45896E-27 2.64839E-28 3.48511E-29 2.76383E-29 5.60803E-29 8.16661E-30 6.64729E-30 8.10614E-32 1.11887E-31 1.30770E-29 1.85002E-30 1.50071E-30 1.87334E-32 2.56260E-32
 2.50000E+08 2.52668E-27 2.16004E-27 2.32619E-28 3.06112E-29 2.42758E-29 4.92569E-29 7.17296E-30 5.83850E-30 7.11984E-32 9.82736E-32 1.14858E-29 1.62492E-30 1.31811E-30 1.64540E-32 2.25079E-32
 3.00000E+08 2.10094E-27 1.79611E-27 1.93402E-28 2.54504E-29 2.01830E-29 4.09518E-29 5.96354E-30 4.85408E-30 5.91936E-32 8.17037E-32 9.54919E-30 1.35094E-30 1.09586E-30 1.36796E-32 1.87128E-32
 3.50000E+08 1.79797E-27 1.53712E-27 1.65498E-28 2.17785E-29 1.72711E-29 3.50429E-29 5.10306E-30 4.15368E-30 5.06526E-32 6.99146E-32 8.17132E-30 1.15601E-30 9.37739E-31 1.17058E-32 1.60127E-32
 4.00000E+08 1.57136E-27 1.34340E-27 1.44631E-28 1.90324E-29 1.50933E-29 3.06240E-29 4.45957E-30 3.62990E-30 4.42653E-32 6.10984E-32 7.14090E-30 1.01024E-30 8.19489E-31 1.02296E-32 1.39935E-32
 4.50000E+08 1.39547E-27 1.19304E-27 1.28436E-28 1.69013E-29 1.34032E-29 2.71947E-29 3.96018E-30 3.22342E-30 3.93083E-32 5.42565E-32 6.34124E-30 8.97106E-31 7.27720E-31 9.08408E-33 1.24264E-32
 5.00000E+08 1.25499E-27 1.07295E-27 1.15502E-28 1.51993E-29 1.20535E-29 2.44560E-29 3.56136E-30 2.89880E-30 3.53497E-32 4.87925E-32 5.70263E-30 8.06761E-31 6.54433E-31 8.16924E-33 1.11750E-32
 5.50000E+08 1.14021E-27 9.74820E-28 1.04935E-28 1.38088E-29 1.09508E-29 2.22185E-29 3.23552E-30 2.63358E-30 3.21154E-32 4.43282E-32 5.18087E-30 7.32946E-31 5.94556E-31 7.42180E-33 1.01525E-32
 6.00000E+08 1.04466E-27 8.93136E-28 9.61396E-29 1.26513E-29 1.00328E-29 2.03560E-29 2.96430E-30 2.41282E-30 2.94233E-32 4.06124E-32 4.74658E-30 6.71506E-31 5.44716E-31 6.79966E-33 9.30149E-33
 7.00000E+08 8.94714E-28 7.64941E-28 8.23364E-29 1.08349E-29 8.59238E-30 1.74333E-29 2.53869E-30 2.06638E-30 2.51987E-32 3.47812E-32 4.06506E-30 5.75090E-31 4.66505E-31 5.82335E-33 7.96596E-33
 8.00000E+08 7.82406E-28 6.68927E-28 7.19991E-29 9.47458E-30 7.51360E-30 1.52445E-29 2.21994E-30 1.80694E-30 2.20349E-32 3.04143E-32 3.55467E-30 5.02884E-31 4.07932E-31 5.09219E-33 6.96579E-33
 9.00000E+08 6.95148E-28 5.94327E-28 6.39679E-29 8.41773E-30 6.67548E-30 1.35439E-29 1.97231E-30 1.60538E-30 1.95769E-32 2.70216E-32 3.15814E-30 4.46787E-31 3.62427E-31 4.52416E-33 6.18875E-33
 1.00000E+09 6.25400E-28 5.34696E-28 5.75486E-29 7.57299E-30 6.00558E-30 1.21847E-29 1.77438E-30 1.44427E-30 1.76122E-32 2.43098E-32 2.84120E-30 4.01949E-31 3.26055E-31 4.07013E-33 5.56767E-33
