 # Material data file: Am                  
 # 
 # PENELOPE >>>  Photon mass attenuation coefficients (mac).
 # 
 #   Energy       mac_Ra       mac_Co       mac_ph       mac_pp       mac_tot
 #    (eV)       (cm**2/g)    (cm**2/g)    (cm**2/g)    (cm**2/g)    (cm**2/g)
 #------------------------------------------------------------------------------
   5.00000E+01  5.76062E-01  2.51262E-03  5.53670E+04  1.00000E-35  5.53676E+04
   5.40000E+01  6.44561E-01  2.51769E-03  5.10750E+04  1.00000E-35  5.10756E+04
   5.40000E+01  6.44561E-01  2.51769E-03  5.19840E+04  1.00000E-35  5.19847E+04
   5.40310E+01  6.44988E-01  2.51773E-03  5.19528E+04  1.00000E-35  5.19534E+04
   5.40620E+01  6.45415E-01  2.51777E-03  5.19216E+04  1.00000E-35  5.19222E+04
   5.41240E+01  6.46269E-01  2.51784E-03  5.18591E+04  1.00000E-35  5.18598E+04
   5.42483E+01  6.47982E-01  2.51800E-03  5.17348E+04  1.00000E-35  5.17354E+04
   5.44977E+01  6.51589E-01  2.51834E-03  5.14870E+04  1.00000E-35  5.14877E+04
   5.50000E+01  6.60273E-01  2.51916E-03  5.09952E+04  1.00000E-35  5.09959E+04
   6.00000E+01  7.30825E-01  2.52746E-03  4.64757E+04  1.00000E-35  4.64765E+04
   6.23574E+01  7.61137E-01  2.53239E-03  4.44830E+04  1.00000E-35  4.44837E+04
   6.48074E+01  7.89551E-01  2.53768E-03  4.24565E+04  1.00000E-35  4.24573E+04
   6.73537E+01  8.15159E-01  2.54485E-03  4.03837E+04  1.00000E-35  4.03845E+04
   7.00000E+01  8.35500E-01  2.55204E-03  3.82616E+04  1.00000E-35  3.82625E+04
   7.23762E+01  8.46825E-01  2.56085E-03  3.63866E+04  1.00000E-35  3.63874E+04
   7.48331E+01  8.50366E-01  2.56981E-03  3.44818E+04  1.00000E-35  3.44826E+04
   7.73735E+01  8.44909E-01  2.58025E-03  3.25537E+04  1.00000E-35  3.25545E+04
   8.00000E+01  8.28198E-01  2.59272E-03  3.06080E+04  1.00000E-35  3.06088E+04
   8.23907E+01  8.01531E-01  2.60377E-03  2.88823E+04  1.00000E-35  2.88831E+04
   8.48528E+01  7.60077E-01  2.61759E-03  2.71522E+04  1.00000E-35  2.71529E+04
   8.73885E+01  7.18623E-01  2.63241E-03  2.54220E+04  1.00000E-35  2.54227E+04
   9.00000E+01  7.84136E-01  2.64731E-03  2.36982E+04  1.00000E-35  2.36990E+04
   9.24021E+01  9.09974E-01  2.66387E-03  2.21683E+04  1.00000E-35  2.21692E+04
   9.48683E+01  1.10699E+00  2.68103E-03  2.06563E+04  1.00000E-35  2.06575E+04
   9.74004E+01  1.45024E+00  2.69829E-03  1.91690E+04  1.00000E-35  1.91704E+04
   1.00000E+02  2.15991E+00  2.71799E-03  1.77139E+04  1.00000E-35  1.77161E+04
   1.02411E+02  4.00311E+00  2.73704E-03  1.64324E+04  1.00000E-35  1.64365E+04
   1.04881E+02  1.66806E+01  2.75623E-03  1.51903E+04  1.00000E-35  1.52070E+04
   1.07410E+02  7.27415E+01  2.77610E-03  1.39928E+04  1.00000E-35  1.40655E+04
   1.10000E+02  3.12634E+01  2.79862E-03  1.28448E+04  1.00000E-35  1.28760E+04
   1.12000E+02  5.41744E+00  2.81578E-03  1.20121E+04  1.00000E-35  1.20175E+04
   1.12000E+02  5.41743E+00  2.81578E-03  1.44394E+04  1.00000E-35  1.44448E+04
   1.12082E+02  5.07430E+00  2.81648E-03  1.44370E+04  1.00000E-35  1.44421E+04
   1.12164E+02  4.75313E+00  2.81718E-03  1.44348E+04  1.00000E-35  1.44395E+04
   1.12328E+02  4.17108E+00  2.81857E-03  1.44307E+04  1.00000E-35  1.44348E+04
   1.12658E+02  3.20882E+00  2.82138E-03  1.44251E+04  1.00000E-35  1.44283E+04
   1.13319E+02  3.04161E+00  2.82698E-03  1.44315E+04  1.00000E-35  1.44346E+04
   1.14654E+02  7.77049E+00  2.83824E-03  1.45333E+04  1.00000E-35  1.45411E+04
   1.17371E+02  4.06689E+01  2.86193E-03  1.48684E+04  1.00000E-35  1.49091E+04
   1.18754E+02  3.39738E+01  2.87478E-03  1.49911E+04  1.00000E-35  1.50251E+04
   1.20153E+02  1.79992E+01  2.88768E-03  1.50183E+04  1.00000E-35  1.50363E+04
   1.20858E+02  1.29373E+01  2.89415E-03  1.49862E+04  1.00000E-35  1.49991E+04
   1.21568E+02  9.71577E+00  2.90064E-03  1.49213E+04  1.00000E-35  1.49310E+04
   1.22282E+02  7.95922E+00  2.90714E-03  1.48235E+04  1.00000E-35  1.48314E+04
   1.23000E+02  6.93833E+00  2.91366E-03  1.46940E+04  1.00000E-35  1.47009E+04
   1.23000E+02  6.93832E+00  2.91366E-03  1.62384E+04  1.00000E-35  1.62454E+04
   1.23062E+02  6.86913E+00  2.91422E-03  1.62356E+04  1.00000E-35  1.62424E+04
   1.23124E+02  6.80067E+00  2.91478E-03  1.62326E+04  1.00000E-35  1.62394E+04
   1.23248E+02  6.66587E+00  2.91590E-03  1.62264E+04  1.00000E-35  1.62331E+04
   1.23497E+02  6.40361E+00  2.91815E-03  1.62150E+04  1.00000E-35  1.62214E+04
   1.23996E+02  6.02475E+00  2.92266E-03  1.61946E+04  1.00000E-35  1.62006E+04
   1.25000E+02  5.41971E+00  2.93168E-03  1.61585E+04  1.00000E-35  1.61639E+04
   1.28592E+02  4.32250E+00  2.96542E-03  1.60083E+04  1.00000E-35  1.60127E+04
   1.30427E+02  4.05768E+00  2.98319E-03  1.58340E+04  1.00000E-35  1.58381E+04
   1.31354E+02  3.96223E+00  2.99212E-03  1.56993E+04  1.00000E-35  1.57033E+04
   1.32288E+02  3.88337E+00  3.00108E-03  1.55279E+04  1.00000E-35  1.55318E+04
   1.33228E+02  3.81788E+00  3.01005E-03  1.53194E+04  1.00000E-35  1.53232E+04
   1.34175E+02  3.76217E+00  3.01906E-03  1.50755E+04  1.00000E-35  1.50792E+04
   1.35129E+02  3.71483E+00  3.02810E-03  1.48000E+04  1.00000E-35  1.48037E+04
   1.36089E+02  3.67253E+00  3.03716E-03  1.44979E+04  1.00000E-35  1.45016E+04
   1.38031E+02  3.60321E+00  3.05554E-03  1.38352E+04  1.00000E-35  1.38388E+04
   1.40000E+02  3.54022E+00  3.07532E-03  1.31280E+04  1.00000E-35  1.31315E+04
   1.42436E+02  3.46497E+00  3.09957E-03  1.22516E+04  1.00000E-35  1.22550E+04
   1.44914E+02  3.39132E+00  3.12402E-03  1.13910E+04  1.00000E-35  1.13944E+04
   1.50000E+02  3.24783E+00  3.17352E-03  9.77804E+03  1.00000E-35  9.78129E+03
   1.55893E+02  3.08549E+00  3.23309E-03  8.17699E+03  1.00000E-35  8.18008E+03
   1.62019E+02  2.92957E+00  3.29380E-03  6.78560E+03  1.00000E-35  6.78853E+03
   1.68384E+02  2.77814E+00  3.35774E-03  5.59738E+03  1.00000E-35  5.60016E+03
   1.75000E+02  2.63410E+00  3.42342E-03  4.60493E+03  1.00000E-35  4.60757E+03
   1.80941E+02  2.51123E+00  3.48219E-03  3.89244E+03  1.00000E-35  3.89495E+03
   1.87083E+02  2.39393E+00  3.54262E-03  3.30190E+03  1.00000E-35  3.30429E+03
   1.93434E+02  2.28210E+00  3.60413E-03  2.81702E+03  1.00000E-35  2.81931E+03
   1.96689E+02  2.22659E+00  3.63563E-03  2.60915E+03  1.00000E-35  2.61138E+03
   2.00000E+02  2.17097E+00  3.66741E-03  2.42188E+03  1.00000E-35  2.42406E+03
   2.04823E+02  2.09399E+00  3.71327E-03  2.18684E+03  1.00000E-35  2.18894E+03
   2.09762E+02  2.01438E+00  3.75969E-03  1.98569E+03  1.00000E-35  1.98771E+03
   2.14820E+02  1.93147E+00  3.80674E-03  1.81455E+03  1.00000E-35  1.81649E+03
   2.20000E+02  1.82790E+00  3.85438E-03  1.66996E+03  1.00000E-35  1.67179E+03
   2.20000E+02  1.82790E+00  3.85438E-03  2.54473E+03  1.00000E-35  2.54656E+03
   2.21765E+02  1.80214E+00  3.87050E-03  2.47557E+03  1.00000E-35  2.47738E+03
   2.23544E+02  1.79140E+00  3.88667E-03  2.41553E+03  1.00000E-35  2.41732E+03
   2.27144E+02  1.79694E+00  3.91922E-03  2.31565E+03  1.00000E-35  2.31745E+03
   2.30803E+02  1.79397E+00  3.95190E-03  2.23395E+03  1.00000E-35  2.23575E+03
   2.34521E+02  1.77853E+00  3.98474E-03  2.16362E+03  1.00000E-35  2.16540E+03
   2.42137E+02  1.73971E+00  4.05124E-03  2.04361E+03  1.00000E-35  2.04535E+03
   2.50000E+02  1.69538E+00  4.11869E-03  1.94364E+03  1.00000E-35  1.94534E+03
   2.55763E+02  1.66054E+00  4.16678E-03  1.88424E+03  1.00000E-35  1.88590E+03
   2.61659E+02  1.62341E+00  4.21544E-03  1.83486E+03  1.00000E-35  1.83649E+03
   2.67691E+02  1.58525E+00  4.26467E-03  1.79519E+03  1.00000E-35  1.79678E+03
   2.73861E+02  1.54554E+00  4.31392E-03  1.76424E+03  1.00000E-35  1.76579E+03
   2.80174E+02  1.49989E+00  4.36318E-03  1.74044E+03  1.00000E-35  1.74195E+03
   2.86633E+02  1.43959E+00  4.41300E-03  1.72226E+03  1.00000E-35  1.72371E+03
   3.00000E+02  1.37525E+00  4.51328E-03  1.69719E+03  1.00000E-35  1.69857E+03
   3.01000E+02  1.37530E+00  4.52057E-03  1.69579E+03  1.00000E-35  1.69717E+03
   3.01000E+02  1.37530E+00  4.52057E-03  2.01977E+03  1.00000E-35  2.02115E+03
   3.01177E+02  1.37531E+00  4.52186E-03  2.01899E+03  1.00000E-35  2.02037E+03
   3.01355E+02  1.37532E+00  4.52315E-03  2.01822E+03  1.00000E-35  2.01959E+03
   3.01710E+02  1.37534E+00  4.52574E-03  2.01666E+03  1.00000E-35  2.01804E+03
   3.02422E+02  1.37470E+00  4.53091E-03  2.01358E+03  1.00000E-35  2.01496E+03
   3.03851E+02  1.37252E+00  4.54128E-03  2.00747E+03  1.00000E-35  2.00884E+03
   3.06729E+02  1.36757E+00  4.56208E-03  1.99554E+03  1.00000E-35  1.99691E+03
   3.12566E+02  1.35717E+00  4.60396E-03  1.97311E+03  1.00000E-35  1.97447E+03
   3.24577E+02  1.31982E+00  4.68805E-03  1.93151E+03  1.00000E-35  1.93283E+03
   3.37049E+02  1.27547E+00  4.77185E-03  1.89288E+03  1.00000E-35  1.89416E+03
   3.50000E+02  1.22500E+00  4.85692E-03  1.86082E+03  1.00000E-35  1.86205E+03
   3.55000E+02  1.20417E+00  4.88831E-03  1.85015E+03  1.00000E-35  1.85136E+03
   3.55000E+02  1.20417E+00  4.88831E-03  1.98340E+03  1.00000E-35  1.98461E+03
   3.55331E+02  1.20269E+00  4.89038E-03  1.98128E+03  1.00000E-35  1.98248E+03
   3.55663E+02  1.20121E+00  4.89245E-03  1.97919E+03  1.00000E-35  1.98040E+03
   3.56326E+02  1.19827E+00  4.89659E-03  1.97529E+03  1.00000E-35  1.97649E+03
   3.57658E+02  1.19239E+00  4.90489E-03  1.96851E+03  1.00000E-35  1.96971E+03
   3.60336E+02  1.18072E+00  4.92154E-03  1.95758E+03  1.00000E-35  1.95877E+03
   3.65752E+02  1.16026E+00  4.95499E-03  1.94179E+03  1.00000E-35  1.94296E+03
   3.76829E+02  1.12040E+00  5.02258E-03  1.91929E+03  1.00000E-35  1.92042E+03
   4.00000E+02  1.02162E+00  5.15622E-03  1.87460E+03  1.00000E-35  1.87563E+03
   4.50000E+02  7.24192E-01  5.42168E-03  1.77598E+03  1.00000E-35  1.77671E+03
   4.52000E+02  7.09887E-01  5.43145E-03  1.77200E+03  1.00000E-35  1.77272E+03
   4.52000E+02  7.09887E-01  5.43145E-03  1.96717E+03  1.00000E-35  1.96789E+03
   4.52231E+02  7.08257E-01  5.43258E-03  1.96578E+03  1.00000E-35  1.96649E+03
   4.52461E+02  7.06639E-01  5.43370E-03  1.96440E+03  1.00000E-35  1.96511E+03
   4.52923E+02  7.03397E-01  5.43595E-03  1.96172E+03  1.00000E-35  1.96243E+03
   4.53848E+02  6.96792E-01  5.44046E-03  1.95700E+03  1.00000E-35  1.95770E+03
   4.55704E+02  6.83765E-01  5.44948E-03  1.94996E+03  1.00000E-35  1.95065E+03
   4.59439E+02  6.58291E-01  5.46758E-03  1.94108E+03  1.00000E-35  1.94174E+03
   4.67000E+02  6.08249E-01  5.50394E-03  1.92933E+03  1.00000E-35  1.92995E+03
   4.67000E+02  6.08249E-01  5.50394E-03  2.05881E+03  1.00000E-35  2.05942E+03
   4.67249E+02  6.06533E-01  5.50513E-03  2.05876E+03  1.00000E-35  2.05938E+03
   4.67498E+02  6.04822E-01  5.50632E-03  2.05874E+03  1.00000E-35  2.05935E+03
   4.67998E+02  6.01404E-01  5.50871E-03  2.05874E+03  1.00000E-35  2.05935E+03
   4.68997E+02  5.94644E-01  5.51349E-03  2.05898E+03  1.00000E-35  2.05958E+03
   4.71003E+02  5.80009E-01  5.52305E-03  2.06060E+03  1.00000E-35  2.06119E+03
   4.75040E+02  5.49233E-01  5.54223E-03  2.07023E+03  1.00000E-35  2.07078E+03
   4.79112E+02  5.17603E-01  5.56147E-03  2.09167E+03  1.00000E-35  2.09219E+03
   4.81161E+02  5.00927E-01  5.57112E-03  2.10828E+03  1.00000E-35  2.10879E+03
   4.83218E+02  4.84624E-01  5.58078E-03  2.13025E+03  1.00000E-35  2.13074E+03
   4.85285E+02  4.66869E-01  5.59046E-03  2.15868E+03  1.00000E-35  2.15915E+03
   4.87360E+02  4.49771E-01  5.60015E-03  2.19475E+03  1.00000E-35  2.19520E+03
   4.89444E+02  4.31583E-01  5.60984E-03  2.23962E+03  1.00000E-35  2.24006E+03
   4.91538E+02  4.13977E-01  5.61921E-03  2.29440E+03  1.00000E-35  2.29482E+03
   4.93640E+02  3.95850E-01  5.62859E-03  2.36008E+03  1.00000E-35  2.36048E+03
   4.95751E+02  3.78142E-01  5.63799E-03  2.43754E+03  1.00000E-35  2.43792E+03
   4.97871E+02  3.61204E-01  5.64740E-03  2.52746E+03  1.00000E-35  2.52783E+03
   5.00000E+02  3.45010E-01  5.65683E-03  2.63036E+03  1.00000E-35  2.63071E+03
   5.02987E+02  3.24439E-01  5.67002E-03  2.79631E+03  1.00000E-35  2.79664E+03
   5.05993E+02  3.05857E-01  5.68324E-03  2.98855E+03  1.00000E-35  2.98886E+03
   5.09016E+02  2.92411E-01  5.69649E-03  3.20690E+03  1.00000E-35  3.20720E+03
   5.12057E+02  2.82955E-01  5.70978E-03  3.45068E+03  1.00000E-35  3.45097E+03
   5.18194E+02  2.80119E-01  5.73643E-03  4.00926E+03  1.00000E-35  4.00955E+03
   5.24404E+02  3.02386E-01  5.76321E-03  4.64874E+03  1.00000E-35  4.64905E+03
   5.27538E+02  3.26990E-01  5.77665E-03  4.99192E+03  1.00000E-35  4.99225E+03
   5.30689E+02  3.57724E-01  5.79012E-03  5.34639E+03  1.00000E-35  5.34675E+03
   5.33860E+02  3.97349E-01  5.80339E-03  5.70857E+03  1.00000E-35  5.70897E+03
   5.37050E+02  4.45951E-01  5.81642E-03  6.07467E+03  1.00000E-35  6.07512E+03
   5.40258E+02  5.02377E-01  5.82948E-03  6.44074E+03  1.00000E-35  6.44125E+03
   5.43486E+02  5.67559E-01  5.84257E-03  6.80299E+03  1.00000E-35  6.80357E+03
   5.46733E+02  6.40351E-01  5.85569E-03  7.15767E+03  1.00000E-35  7.15831E+03
   5.50000E+02  7.21373E-01  5.86884E-03  7.50144E+03  1.00000E-35  7.50217E+03
   5.52999E+02  7.99957E-01  5.88087E-03  7.80339E+03  1.00000E-35  7.80419E+03
   5.56015E+02  8.84247E-01  5.89292E-03  8.09218E+03  1.00000E-35  8.09307E+03
   5.59047E+02  9.73684E-01  5.90500E-03  8.36660E+03  1.00000E-35  8.36758E+03
   5.62095E+02  1.06535E+00  5.91710E-03  8.62589E+03  1.00000E-35  8.62696E+03
   5.65160E+02  1.16266E+00  5.92923E-03  8.86966E+03  1.00000E-35  8.87083E+03
   5.68242E+02  1.25869E+00  5.94139E-03  9.09788E+03  1.00000E-35  9.09914E+03
   5.71341E+02  1.35842E+00  5.95357E-03  9.31068E+03  1.00000E-35  9.31205E+03
   5.74456E+02  1.45856E+00  5.96577E-03  9.50840E+03  1.00000E-35  9.50986E+03
   5.80738E+02  1.66155E+00  5.99005E-03  9.85985E+03  1.00000E-35  9.86152E+03
   5.87089E+02  1.86308E+00  6.01375E-03  1.01550E+04  1.00000E-35  1.01568E+04
   5.93510E+02  2.05968E+00  6.03754E-03  1.03961E+04  1.00000E-35  1.03982E+04
   6.00000E+02  2.25416E+00  6.06142E-03  1.05862E+04  1.00000E-35  1.05884E+04
   6.05809E+02  2.42263E+00  6.08265E-03  1.07150E+04  1.00000E-35  1.07174E+04
   6.11673E+02  2.58246E+00  6.10396E-03  1.08105E+04  1.00000E-35  1.08131E+04
   6.17595E+02  2.73800E+00  6.12534E-03  1.08769E+04  1.00000E-35  1.08797E+04
   6.23574E+02  2.88448E+00  6.14680E-03  1.09187E+04  1.00000E-35  1.09216E+04
   6.35706E+02  3.15881E+00  6.18930E-03  1.09433E+04  1.00000E-35  1.09464E+04
   6.48074E+02  3.41146E+00  6.23125E-03  1.09065E+04  1.00000E-35  1.09099E+04
   6.60683E+02  3.64222E+00  6.27348E-03  1.08194E+04  1.00000E-35  1.08230E+04
   6.73537E+02  3.85973E+00  6.31600E-03  1.06886E+04  1.00000E-35  1.06924E+04
   6.86641E+02  4.05295E+00  6.35873E-03  1.05228E+04  1.00000E-35  1.05269E+04
   7.00000E+02  4.22602E+00  6.40046E-03  1.03328E+04  1.00000E-35  1.03370E+04
   7.23762E+02  4.48522E+00  6.47339E-03  9.96822E+03  1.00000E-35  9.97271E+03
   7.48331E+02  4.69654E+00  6.54700E-03  9.57071E+03  1.00000E-35  9.57541E+03
   7.73735E+02  4.84651E+00  6.61961E-03  9.14597E+03  1.00000E-35  9.15082E+03
   8.00000E+02  5.06305E+00  6.69302E-03  8.70901E+03  1.00000E-35  8.71408E+03
   8.36000E+02  5.60190E+00  6.78995E-03  8.13120E+03  1.00000E-35  8.13681E+03
   8.36000E+02  5.60190E+00  6.78995E-03  8.31569E+03  1.00000E-35  8.32130E+03
   8.36774E+02  5.58943E+00  6.79199E-03  8.32753E+03  1.00000E-35  8.33313E+03
   8.37548E+02  5.57701E+00  6.79403E-03  8.34131E+03  1.00000E-35  8.34689E+03
   8.39100E+02  5.55221E+00  6.79811E-03  8.38085E+03  1.00000E-35  8.38641E+03
   8.42211E+02  5.57586E+00  6.80628E-03  8.48831E+03  1.00000E-35  8.49389E+03
   8.45334E+02  5.60927E+00  6.81447E-03  8.58957E+03  1.00000E-35  8.59518E+03
   8.48468E+02  5.66591E+00  6.82266E-03  8.64806E+03  1.00000E-35  8.65374E+03
   8.51614E+02  5.75887E+00  6.83086E-03  8.66253E+03  1.00000E-35  8.66830E+03
   8.54772E+02  5.85337E+00  6.83908E-03  8.64915E+03  1.00000E-35  8.65501E+03
   8.61123E+02  6.09873E+00  6.85553E-03  8.58986E+03  1.00000E-35  8.59597E+03
   8.73965E+02  6.36734E+00  6.88856E-03  8.44101E+03  1.00000E-35  8.44738E+03
   8.87000E+02  6.28650E+00  6.92174E-03  8.25999E+03  1.00000E-35  8.26628E+03
   8.87000E+02  6.28650E+00  6.92174E-03  8.39750E+03  1.00000E-35  8.40379E+03
   8.87807E+02  6.28884E+00  6.92378E-03  8.39406E+03  1.00000E-35  8.40035E+03
   8.88615E+02  6.29313E+00  6.92583E-03  8.39366E+03  1.00000E-35  8.39996E+03
   8.90232E+02  6.30170E+00  6.92991E-03  8.40087E+03  1.00000E-35  8.40718E+03
   8.93476E+02  6.31888E+00  6.93809E-03  8.43568E+03  1.00000E-35  8.44201E+03
   8.96732E+02  6.34334E+00  6.94628E-03  8.46896E+03  1.00000E-35  8.47531E+03
   9.00000E+02  6.37798E+00  6.95448E-03  8.47783E+03  1.00000E-35  8.48421E+03
   9.05946E+02  6.44353E+00  6.96934E-03  8.44069E+03  1.00000E-35  8.44714E+03
   9.11931E+02  6.51356E+00  6.98424E-03  8.37793E+03  1.00000E-35  8.38445E+03
   9.24021E+02  6.62783E+00  7.01413E-03  8.23801E+03  1.00000E-35  8.24465E+03
   9.48683E+02  6.83982E+00  7.07430E-03  7.91230E+03  1.00000E-35  7.91915E+03
   1.00000E+03  7.16909E+00  7.19804E-03  7.26150E+03  1.00000E-35  7.26868E+03
   1.04881E+03  7.37287E+00  7.31273E-03  6.69531E+03  1.00000E-35  6.70270E+03
   1.10000E+03  7.46604E+00  7.43527E-03  6.15633E+03  1.00000E-35  6.16380E+03
   1.16700E+03  7.81310E+00  7.59619E-03  5.52577E+03  1.00000E-35  5.53359E+03
   1.16700E+03  7.81310E+00  7.59619E-03  5.89251E+03  1.00000E-35  5.90033E+03
   1.16763E+03  7.81947E+00  7.59775E-03  5.88424E+03  1.00000E-35  5.89206E+03
   1.16825E+03  7.82574E+00  7.59929E-03  5.87623E+03  1.00000E-35  5.88407E+03
   1.16951E+03  7.83848E+00  7.60241E-03  5.86181E+03  1.00000E-35  5.86966E+03
   1.17202E+03  7.85870E+00  7.60863E-03  5.83788E+03  1.00000E-35  5.84575E+03
   1.17707E+03  7.89941E+00  7.62110E-03  5.79767E+03  1.00000E-35  5.80557E+03
   1.18722E+03  7.97004E+00  7.64608E-03  5.71184E+03  1.00000E-35  5.71982E+03
   1.20779E+03  8.07943E+00  7.69631E-03  5.52783E+03  1.00000E-35  5.53592E+03
   1.25000E+03  8.23044E+00  7.80090E-03  5.18752E+03  1.00000E-35  5.19576E+03
   1.32288E+03  8.39031E+00  7.99236E-03  4.65796E+03  1.00000E-35  4.66635E+03
   1.40000E+03  8.47199E+00  8.20678E-03  4.17192E+03  1.00000E-35  4.18040E+03
   1.43900E+03  8.50836E+00  8.31741E-03  3.95091E+03  1.00000E-35  3.95943E+03
   1.43900E+03  8.50836E+00  8.31741E-03  3.99890E+03  1.00000E-35  4.00742E+03
   1.43993E+03  8.50982E+00  8.32003E-03  3.99390E+03  1.00000E-35  4.00242E+03
   1.44087E+03  8.51130E+00  8.32267E-03  3.98889E+03  1.00000E-35  3.99741E+03
   1.44274E+03  8.51424E+00  8.32793E-03  3.97893E+03  1.00000E-35  3.98746E+03
   1.44649E+03  8.52013E+00  8.33848E-03  3.95914E+03  1.00000E-35  3.96767E+03
   1.45401E+03  8.53190E+00  8.35957E-03  3.91984E+03  1.00000E-35  3.92838E+03
   1.46918E+03  8.55002E+00  8.40274E-03  3.83991E+03  1.00000E-35  3.84847E+03
   1.50000E+03  8.57321E+00  8.50071E-03  3.68427E+03  1.00000E-35  3.69285E+03
   1.62300E+03  8.62127E+00  8.89456E-03  3.14216E+03  1.00000E-35  3.15079E+03
   1.62300E+03  8.62127E+00  8.89456E-03  3.20720E+03  1.00000E-35  3.21583E+03
   1.62396E+03  8.62278E+00  8.89791E-03  3.20200E+03  1.00000E-35  3.21063E+03
   1.62491E+03  8.62429E+00  8.90123E-03  3.19699E+03  1.00000E-35  3.20563E+03
   1.62683E+03  8.62732E+00  8.90792E-03  3.18760E+03  1.00000E-35  3.19624E+03
   1.63066E+03  8.63286E+00  8.92127E-03  3.17033E+03  1.00000E-35  3.17897E+03
   1.63836E+03  8.64213E+00  8.94807E-03  3.13907E+03  1.00000E-35  3.14772E+03
   1.65386E+03  8.65540E+00  9.00189E-03  3.08057E+03  1.00000E-35  3.08923E+03
   1.68530E+03  8.67524E+00  9.11049E-03  2.96439E+03  1.00000E-35  2.97308E+03
   1.75000E+03  8.68394E+00  9.33724E-03  2.74398E+03  1.00000E-35  2.75267E+03
   2.00000E+03  8.53294E+00  1.03236E-02  2.07488E+03  1.00000E-35  2.08343E+03
   2.20000E+03  8.32218E+00  1.11901E-02  1.69191E+03  1.00000E-35  1.70024E+03
   2.50000E+03  7.90936E+00  1.25803E-02  1.28014E+03  1.00000E-35  1.28807E+03
   2.73861E+03  7.51664E+00  1.37270E-02  1.04587E+03  1.00000E-35  1.05340E+03
   3.00000E+03  7.01987E+00  1.50069E-02  8.52421E+02  1.00000E-35  8.59456E+02
   3.50000E+03  5.74502E+00  1.74844E-02  6.00059E+02  1.00000E-35  6.05821E+02
   3.89800E+03  3.96051E+00  1.94456E-02  4.67847E+02  1.00000E-35  4.71827E+02
   3.89800E+03  3.96051E+00  1.94456E-02  5.05517E+02  1.00000E-35  5.09497E+02
   3.90115E+03  3.97475E+00  1.94610E-02  6.05242E+02  1.00000E-35  6.09236E+02
   3.90430E+03  3.98903E+00  1.94765E-02  7.41487E+02  1.00000E-35  7.45495E+02
   3.90745E+03  4.00335E+00  1.94919E-02  8.69526E+02  1.00000E-35  8.73549E+02
   3.91061E+03  4.02283E+00  1.95074E-02  9.58444E+02  1.00000E-35  9.62486E+02
   3.91376E+03  4.04454E+00  1.95228E-02  1.00894E+03  1.00000E-35  1.01300E+03
   3.91692E+03  4.06643E+00  1.95383E-02  1.03571E+03  1.00000E-35  1.03980E+03
   3.92009E+03  4.08848E+00  1.95538E-02  1.05108E+03  1.00000E-35  1.05519E+03
   3.92325E+03  4.11056E+00  1.95693E-02  1.06169E+03  1.00000E-35  1.06582E+03
   3.92959E+03  4.15518E+00  1.96003E-02  1.07749E+03  1.00000E-35  1.08166E+03
   3.93594E+03  4.20027E+00  1.96314E-02  1.08753E+03  1.00000E-35  1.09175E+03
   3.94230E+03  4.24586E+00  1.96626E-02  1.09057E+03  1.00000E-35  1.09484E+03
   3.94867E+03  4.28723E+00  1.96938E-02  1.08768E+03  1.00000E-35  1.09198E+03
   3.97425E+03  4.44595E+00  1.98190E-02  1.06413E+03  1.00000E-35  1.06860E+03
   4.00000E+03  4.57364E+00  1.99451E-02  1.04561E+03  1.00000E-35  1.05020E+03
   4.10200E+03  5.14906E+00  2.04400E-02  9.74851E+02  1.00000E-35  9.80020E+02
   4.10200E+03  5.14906E+00  2.04400E-02  9.99830E+02  1.00000E-35  1.00500E+03
   4.10497E+03  5.17265E+00  2.04544E-02  1.05147E+03  1.00000E-35  1.05666E+03
   4.10794E+03  5.19634E+00  2.04687E-02  1.12799E+03  1.00000E-35  1.13321E+03
   4.11091E+03  5.22011E+00  2.04830E-02  1.20523E+03  1.00000E-35  1.21047E+03
   4.11389E+03  5.24406E+00  2.04973E-02  1.26277E+03  1.00000E-35  1.26804E+03
   4.11687E+03  5.26810E+00  2.05117E-02  1.29747E+03  1.00000E-35  1.30276E+03
   4.11984E+03  5.29215E+00  2.05260E-02  1.31646E+03  1.00000E-35  1.32177E+03
   4.12283E+03  5.31646E+00  2.05404E-02  1.32714E+03  1.00000E-35  1.33247E+03
   4.12581E+03  5.34077E+00  2.05548E-02  1.33398E+03  1.00000E-35  1.33934E+03
   4.13178E+03  5.38947E+00  2.05835E-02  1.34324E+03  1.00000E-35  1.34865E+03
   4.13777E+03  5.43760E+00  2.06124E-02  1.34882E+03  1.00000E-35  1.35428E+03
   4.14376E+03  5.48609E+00  2.06413E-02  1.35020E+03  1.00000E-35  1.35571E+03
   4.14976E+03  5.53503E+00  2.06702E-02  1.34764E+03  1.00000E-35  1.35320E+03
   4.19807E+03  5.90328E+00  2.09028E-02  1.30569E+03  1.00000E-35  1.31162E+03
   4.29639E+03  6.38787E+00  2.13761E-02  1.22689E+03  1.00000E-35  1.23330E+03
   4.50000E+03  6.69582E+00  2.23451E-02  1.08891E+03  1.00000E-35  1.09562E+03
   4.71000E+03  6.77722E+00  2.33316E-02  9.67586E+02  1.00000E-35  9.74387E+02
   4.71000E+03  6.77722E+00  2.33316E-02  1.13285E+03  1.00000E-35  1.13965E+03
   4.71440E+03  6.79703E+00  2.33522E-02  1.13024E+03  1.00000E-35  1.13706E+03
   4.71880E+03  6.81688E+00  2.33729E-02  1.12764E+03  1.00000E-35  1.13448E+03
   4.72762E+03  6.85678E+00  2.34142E-02  1.12244E+03  1.00000E-35  1.12932E+03
   4.74531E+03  6.93666E+00  2.34972E-02  1.11211E+03  1.00000E-35  1.11907E+03
   4.78088E+03  7.09251E+00  2.36640E-02  1.09168E+03  1.00000E-35  1.09880E+03
   4.85283E+03  7.30048E+00  2.39926E-02  1.05182E+03  1.00000E-35  1.05915E+03
   5.00000E+03  7.48582E+00  2.46615E-02  9.76094E+02  1.00000E-35  9.83605E+02
   5.50000E+03  7.46958E+00  2.68777E-02  7.67884E+02  1.00000E-35  7.75380E+02
   5.74800E+03  7.28506E+00  2.79416E-02  6.86280E+02  1.00000E-35  6.93593E+02
   5.74800E+03  7.28506E+00  2.79416E-02  7.24198E+02  1.00000E-35  7.31511E+02
   5.75185E+03  7.28441E+00  2.79577E-02  7.24917E+02  1.00000E-35  7.32229E+02
   5.75571E+03  7.28450E+00  2.79738E-02  7.25234E+02  1.00000E-35  7.32546E+02
   5.76344E+03  7.28758E+00  2.80061E-02  7.24295E+02  1.00000E-35  7.31610E+02
   5.77891E+03  7.29373E+00  2.80706E-02  7.18720E+02  1.00000E-35  7.26042E+02
   5.80999E+03  7.30607E+00  2.82003E-02  7.09357E+02  1.00000E-35  7.16691E+02
   5.87265E+03  7.32598E+00  2.84615E-02  6.90891E+02  1.00000E-35  6.98246E+02
   6.00000E+03  7.30074E+00  2.89910E-02  6.55285E+02  1.00000E-35  6.62615E+02
   6.13500E+03  7.27674E+00  2.95506E-02  6.20172E+02  1.00000E-35  6.27478E+02
   6.13500E+03  7.27674E+00  2.95506E-02  6.49036E+02  1.00000E-35  6.56343E+02
   6.13816E+03  7.27737E+00  2.95637E-02  6.46908E+02  1.00000E-35  6.54215E+02
   6.14133E+03  7.27816E+00  2.95768E-02  6.45308E+02  1.00000E-35  6.52615E+02
   6.14766E+03  7.27975E+00  2.96030E-02  6.43023E+02  1.00000E-35  6.50333E+02
   6.16034E+03  7.28291E+00  2.96554E-02  6.39963E+02  1.00000E-35  6.47276E+02
   6.18578E+03  7.28924E+00  2.97583E-02  6.33802E+02  1.00000E-35  6.41121E+02
   6.23699E+03  7.30192E+00  2.99627E-02  6.21171E+02  1.00000E-35  6.28502E+02
   6.34067E+03  7.30200E+00  3.03756E-02  5.96679E+02  1.00000E-35  6.04011E+02
   6.55324E+03  7.24354E+00  3.12187E-02  5.50533E+02  1.00000E-35  5.57808E+02
   7.00000E+03  7.03829E+00  3.29378E-02  4.68323E+02  1.00000E-35  4.75394E+02
   8.00000E+03  6.47113E+00  3.65696E-02  3.36602E+02  1.00000E-35  3.43109E+02
   9.00000E+03  5.89396E+00  3.99082E-02  2.50863E+02  1.00000E-35  2.56797E+02
   1.00000E+04  5.35372E+00  4.30123E-02  1.92489E+02  1.00000E-35  1.97885E+02
   1.10000E+04  4.86703E+00  4.58929E-02  1.51269E+02  1.00000E-35  1.56182E+02
   1.25000E+04  4.23002E+00  4.98150E-02  1.09291E+02  1.00000E-35  1.13571E+02
   1.40000E+04  3.68205E+00  5.33354E-02  8.17982E+01  1.00000E-35  8.55335E+01
   1.50000E+04  3.35281E+00  5.54916E-02  6.85225E+01  1.00000E-35  7.19308E+01
   1.75000E+04  2.56220E+00  6.03458E-02  4.60498E+01  1.00000E-35  4.86724E+01
   1.85120E+04  2.08495E+00  6.21272E-02  3.98109E+01  1.00000E-35  4.19580E+01
   1.85120E+04  2.08495E+00  6.21272E-02  9.38082E+01  1.00000E-35  9.59553E+01
   1.85232E+04  2.08235E+00  6.21457E-02  9.36631E+01  1.00000E-35  9.58075E+01
   1.85344E+04  2.07975E+00  6.21642E-02  9.35181E+01  1.00000E-35  9.56600E+01
   1.85568E+04  2.08558E+00  6.22011E-02  9.32282E+01  1.00000E-35  9.53760E+01
   1.86017E+04  2.09823E+00  6.22751E-02  9.26490E+01  1.00000E-35  9.48095E+01
   1.86918E+04  2.12375E+00  6.24233E-02  9.14934E+01  1.00000E-35  9.36796E+01
   1.88733E+04  2.20558E+00  6.27207E-02  8.91961E+01  1.00000E-35  9.14644E+01
   1.92416E+04  2.29967E+00  6.33198E-02  8.46787E+01  1.00000E-35  8.70416E+01
   2.00000E+04  2.29768E+00  6.45353E-02  7.61363E+01  1.00000E-35  7.84985E+01
   2.09762E+04  2.19875E+00  6.59941E-02  6.68915E+01  1.00000E-35  6.91562E+01
   2.20000E+04  2.04473E+00  6.74667E-02  5.88954E+01  1.00000E-35  6.10076E+01
   2.29490E+04  1.82294E+00  6.87305E-02  5.25568E+01  1.00000E-35  5.44485E+01
   2.29490E+04  1.82294E+00  6.87305E-02  7.24602E+01  1.00000E-35  7.43519E+01
   2.29621E+04  1.82155E+00  6.87478E-02  7.47634E+01  1.00000E-35  7.66537E+01
   2.29752E+04  1.82016E+00  6.87650E-02  7.43494E+01  1.00000E-35  7.62383E+01
   2.29883E+04  1.81878E+00  6.87822E-02  7.39326E+01  1.00000E-35  7.58202E+01
   2.30015E+04  1.81739E+00  6.87996E-02  7.39257E+01  1.00000E-35  7.58119E+01
   2.30541E+04  1.81186E+00  6.88687E-02  7.35417E+01  1.00000E-35  7.54224E+01
   2.31596E+04  1.80619E+00  6.90070E-02  7.27493E+01  1.00000E-35  7.46245E+01
   2.33721E+04  1.81407E+00  6.92846E-02  7.10930E+01  1.00000E-35  7.29764E+01
   2.38030E+04  1.83907E+00  6.98430E-02  6.77789E+01  1.00000E-35  6.96879E+01
   2.38030E+04  1.83907E+00  6.98430E-02  7.89818E+01  1.00000E-35  8.08907E+01
   2.38213E+04  1.84042E+00  6.98666E-02  7.78939E+01  1.00000E-35  7.98042E+01
   2.38395E+04  1.84177E+00  6.98898E-02  7.79140E+01  1.00000E-35  7.98256E+01
   2.38761E+04  1.84448E+00  6.99343E-02  7.75706E+01  1.00000E-35  7.94850E+01
   2.39494E+04  1.84990E+00  7.00231E-02  7.69910E+01  1.00000E-35  7.89110E+01
   2.40968E+04  1.86218E+00  7.02012E-02  7.58323E+01  1.00000E-35  7.77646E+01
   2.43942E+04  1.88419E+00  7.05588E-02  7.35394E+01  1.00000E-35  7.54942E+01
   2.50000E+04  1.88793E+00  7.12792E-02  6.91419E+01  1.00000E-35  7.11011E+01
   3.00000E+04  1.59803E+00  7.64864E-02  4.35848E+01  1.00000E-35  4.52594E+01
   3.50000E+04  1.31474E+00  8.05849E-02  2.93374E+01  1.00000E-35  3.07328E+01
   4.00000E+04  1.09217E+00  8.38293E-02  2.07488E+01  1.00000E-35  2.19248E+01
   4.50000E+04  9.16485E-01  8.63651E-02  1.52509E+01  1.00000E-35  1.62538E+01
   5.00000E+04  7.78408E-01  8.83985E-02  1.15607E+01  1.00000E-35  1.24276E+01
   5.50000E+04  6.66927E-01  9.00124E-02  8.98743E+00  1.00000E-35  9.74437E+00
   6.00000E+04  5.75851E-01  9.12708E-02  7.13549E+00  1.00000E-35  7.80261E+00
   7.00000E+04  4.40503E-01  9.29511E-02  4.73293E+00  1.00000E-35  5.26638E+00
   8.00000E+04  3.47628E-01  9.38572E-02  3.31156E+00  1.00000E-35  3.75304E+00
   9.00000E+04  2.80722E-01  9.42353E-02  2.41471E+00  1.00000E-35  2.78967E+00
   1.00000E+05  2.30271E-01  9.42499E-02  1.81957E+00  1.00000E-35  2.14409E+00
   1.10000E+05  1.90383E-01  9.39701E-02  1.40836E+00  1.00000E-35  1.69271E+00
   1.24984E+05  1.32077E-01  9.31962E-02  9.99196E-01  1.00000E-35  1.22447E+00
   1.24984E+05  1.32077E-01  9.31962E-02  4.24513E+00  1.00000E-35  4.47040E+00
   1.25000E+05  1.32048E-01  9.31953E-02  4.01925E+00  1.00000E-35  4.24449E+00
   1.25111E+05  1.31849E-01  9.31887E-02  4.05807E+00  1.00000E-35  4.28311E+00
   1.25222E+05  1.31649E-01  9.31821E-02  4.04729E+00  1.00000E-35  4.27212E+00
   1.25443E+05  1.31254E-01  9.31690E-02  4.03106E+00  1.00000E-35  4.25549E+00
   1.25889E+05  1.30462E-01  9.31427E-02  3.99610E+00  1.00000E-35  4.21971E+00
   1.26783E+05  1.31826E-01  9.30903E-02  3.92519E+00  1.00000E-35  4.15011E+00
   1.28592E+05  1.35174E-01  9.29853E-02  3.78843E+00  1.00000E-35  4.01659E+00
   1.32288E+05  1.35670E-01  9.27191E-02  3.52929E+00  1.00000E-35  3.75768E+00
   1.40000E+05  1.27970E-01  9.21697E-02  3.06005E+00  1.00000E-35  3.28019E+00
   1.50000E+05  1.16074E-01  9.13497E-02  2.57055E+00  1.00000E-35  2.77797E+00
   1.75000E+05  9.03034E-02  8.91144E-02  1.73851E+00  1.00000E-35  1.91793E+00
   2.00000E+05  7.15731E-02  8.68076E-02  1.23813E+00  1.00000E-35  1.39651E+00
   2.20000E+05  6.03854E-02  8.49789E-02  9.72152E-01  1.00000E-35  1.11752E+00
   2.50000E+05  4.79353E-02  8.23485E-02  7.03946E-01  1.00000E-35  8.34230E-01
   2.73861E+05  4.05347E-02  8.03632E-02  5.59609E-01  1.00000E-35  6.80507E-01
   3.00000E+05  3.42520E-02  7.83041E-02  4.46527E-01  1.00000E-35  5.59083E-01
   3.50000E+05  2.56708E-02  7.46833E-02  3.05946E-01  1.00000E-35  4.06300E-01
   3.74166E+05  2.26372E-02  7.30785E-02  2.60293E-01  1.00000E-35  3.56009E-01
   4.00000E+05  1.99565E-02  7.14611E-02  2.21904E-01  1.00000E-35  3.13322E-01
   4.50000E+05  1.59367E-02  6.85795E-02  1.68093E-01  1.00000E-35  2.52609E-01
   5.00000E+05  1.30297E-02  6.59850E-02  1.31742E-01  1.00000E-35  2.10757E-01
   5.50000E+05  1.08469E-02  6.36212E-02  1.06108E-01  1.00000E-35  1.80576E-01
   6.00000E+05  9.16687E-03  6.14658E-02  8.73852E-02  1.00000E-35  1.58018E-01
   6.48074E+05  7.89738E-03  5.95647E-02  7.37498E-02  1.00000E-35  1.41212E-01
   7.00000E+05  6.80370E-03  5.76737E-02  6.24580E-02  1.00000E-35  1.26935E-01
   8.00000E+05  5.25014E-03  5.44212E-02  4.70810E-02  1.00000E-35  1.06752E-01
   9.00000E+05  4.17149E-03  5.16113E-02  3.69240E-02  1.00000E-35  9.27067E-02
   1.00000E+06  3.39575E-03  4.91362E-02  2.98555E-02  1.00000E-35  8.23874E-02
   1.10000E+06  2.81907E-03  4.69400E-02  2.47307E-02  1.82195E-05  7.45080E-02
   1.25000E+06  2.19502E-03  4.40690E-02  1.93209E-02  4.54134E-04  6.60390E-02
   1.40000E+06  1.75582E-03  4.15920E-02  1.56075E-02  1.45767E-03  6.04130E-02
   1.50000E+06  1.53246E-03  4.01228E-02  1.37397E-02  2.35248E-03  5.77474E-02
   1.62019E+06  1.31635E-03  3.85118E-02  1.19391E-02  3.46331E-03  5.52305E-02
   1.75000E+06  1.13070E-03  3.69370E-02  1.04048E-02  4.64651E-03  5.31191E-02
   2.00000E+06  8.67994E-04  3.42973E-02  8.23997E-03  6.82656E-03  5.02318E-02
   2.20000E+06  7.18226E-04  3.24863E-02  7.00517E-03  8.48749E-03  4.86972E-02
   2.50000E+06  5.57104E-04  3.01561E-02  5.66591E-03  1.07763E-02  4.71554E-02
   2.73861E+06  4.64795E-04  2.85603E-02  4.88563E-03  1.24031E-02  4.63138E-02
   3.00000E+06  3.87780E-04  2.70225E-02  4.22794E-03  1.40561E-02  4.56943E-02
   3.24037E+06  3.32710E-04  2.57688E-02  3.74941E-03  1.54910E-02  4.53419E-02
   3.50000E+06  2.85341E-04  2.45571E-02  3.33272E-03  1.69612E-02  4.51364E-02
   4.00000E+06  2.18568E-04  2.25531E-02  2.73063E-03  1.95797E-02  4.50821E-02
   4.50000E+06  1.72755E-04  2.08907E-02  2.30215E-03  2.19994E-02  4.53650E-02
   5.00000E+06  1.39974E-04  1.94886E-02  1.98375E-03  2.41945E-02  4.58068E-02
   5.50000E+06  1.15713E-04  1.82788E-02  1.73895E-03  2.61966E-02  4.63301E-02
   6.00000E+06  9.72552E-05  1.72257E-02  1.54559E-03  2.81241E-02  4.69927E-02
   7.00000E+06  7.14846E-05  1.54811E-02  1.26081E-03  3.16674E-02  4.84808E-02
   8.00000E+06  5.47515E-05  1.40894E-02  1.06211E-03  3.48552E-02  5.00615E-02
   9.00000E+06  4.32751E-05  1.29497E-02  9.16173E-04  3.77888E-02  5.16980E-02
   1.00000E+07  3.50635E-05  1.19973E-02  8.04711E-04  4.04968E-02  5.33338E-02
   1.10000E+07  2.89811E-05  1.11882E-02  7.16956E-04  4.30092E-02  5.49433E-02
   1.25000E+07  2.24429E-05  1.01778E-02  6.15668E-04  4.64529E-02  5.72688E-02
   1.40000E+07  1.78915E-05  9.34908E-03  5.39106E-04  4.95884E-02  5.94945E-02
   1.50000E+07  1.55855E-05  8.87456E-03  4.95544E-04  5.15153E-02  6.09010E-02
   1.75000E+07  1.14507E-05  7.89093E-03  4.11548E-04  5.57789E-02  6.40928E-02
   2.00000E+07  8.76700E-06  7.11893E-03  3.51321E-04  5.94934E-02  6.69725E-02
   2.20000E+07  7.24550E-06  6.61064E-03  3.14251E-04  6.21593E-02  6.90914E-02
   2.50000E+07  5.61095E-06  5.98062E-03  2.71073E-04  6.57202E-02  7.19775E-02
   3.00000E+07  3.89650E-06  5.17717E-03  2.20259E-04  7.07022E-02  7.61035E-02
   3.50000E+07  2.86275E-06  4.57710E-03  1.85304E-04  7.48374E-02  7.96026E-02
   4.00000E+07  2.19180E-06  4.11037E-03  1.59831E-04  7.83773E-02  8.26497E-02
   4.50000E+07  1.73179E-06  3.73592E-03  1.40463E-04  8.14132E-02  8.52913E-02
   5.00000E+07  1.40275E-06  3.42841E-03  1.25252E-04  8.40440E-02  8.75991E-02
   5.50000E+07  1.15930E-06  3.17096E-03  1.12995E-04  8.63455E-02  8.96306E-02
   6.00000E+07  9.74130E-07  2.95200E-03  1.02911E-04  8.84539E-02  9.15098E-02
   7.00000E+07  7.15688E-07  2.59884E-03  8.73054E-05  9.20132E-02  9.47001E-02
   8.00000E+07  5.47949E-07  2.32583E-03  7.57958E-05  9.49563E-02  9.73584E-02
   9.00000E+07  4.32948E-07  2.10789E-03  6.69598E-05  9.74210E-02  9.95963E-02
   1.00000E+08  3.50687E-07  1.92966E-03  5.99647E-05  9.95330E-02  1.01523E-01
   1.10000E+08  2.89826E-07  1.78097E-03  5.42902E-05  1.01360E-01  1.03196E-01
   1.25000E+08  2.24439E-07  1.59871E-03  4.75389E-05  1.03674E-01  1.05320E-01
   1.40000E+08  1.78922E-07  1.45229E-03  4.22791E-05  1.05612E-01  1.07106E-01
   1.50000E+08  1.55860E-07  1.36957E-03  3.93741E-05  1.06735E-01  1.08144E-01
   1.75000E+08  1.14510E-07  1.20089E-03  3.36007E-05  1.09110E-01  1.10345E-01
   2.00000E+08  8.76718E-08  1.07120E-03  2.93030E-05  1.11027E-01  1.12128E-01
   2.20000E+08  7.24560E-08  9.87037E-04  2.65823E-05  1.12312E-01  1.13326E-01
   2.50000E+08  5.61100E-08  8.84166E-04  2.33326E-05  1.13931E-01  1.14838E-01
   3.00000E+08  3.89650E-08  7.55300E-04  1.93827E-05  1.16041E-01  1.16815E-01
   3.50000E+08  2.86275E-08  6.60777E-04  1.65762E-05  1.17633E-01  1.18310E-01
   4.00000E+08  2.19179E-08  5.88312E-04  1.44795E-05  1.18896E-01  1.19498E-01
   4.50000E+08  1.73179E-08  5.30873E-04  1.28536E-05  1.19927E-01  1.20470E-01
   5.00000E+08  1.40275E-08  4.84170E-04  1.15559E-05  1.20785E-01  1.21281E-01
   5.50000E+08  1.15929E-08  4.45400E-04  1.04963E-05  1.21490E-01  1.21946E-01
   6.00000E+08  9.74130E-09  4.12671E-04  9.61456E-06  1.22130E-01  1.22552E-01
   7.00000E+08  7.15688E-09  3.60371E-04  8.23162E-06  1.23137E-01  1.23505E-01
   8.00000E+08  5.47949E-09  3.20365E-04  7.19647E-06  1.23921E-01  1.24249E-01
   9.00000E+08  4.32948E-09  2.88718E-04  6.39257E-06  1.24547E-01  1.24842E-01
   1.00000E+09  3.50687E-09  2.63028E-04  5.75022E-06  1.25064E-01  1.25333E-01
