 # Material data file: B                   
 # 
 # PENELOPE >>>  Photon mass attenuation coefficients (mac).
 # 
 #   Energy       mac_Ra       mac_Co       mac_ph       mac_pp       mac_tot
 #    (eV)       (cm**2/g)    (cm**2/g)    (cm**2/g)    (cm**2/g)    (cm**2/g)
 #------------------------------------------------------------------------------
   5.00000E+01  3.05977E-01  5.57361E-02  6.14948E+04  1.00000E-35  6.14952E+04
   5.50000E+01  3.09488E-01  5.57910E-02  5.15635E+04  1.00000E-35  5.15638E+04
   6.00000E+01  3.11280E-01  5.58456E-02  4.37610E+04  1.00000E-35  4.37614E+04
   6.48074E+01  3.11507E-01  5.58983E-02  3.77316E+04  1.00000E-35  3.77320E+04
   7.00000E+01  3.10504E-01  5.59551E-02  3.24329E+04  1.00000E-35  3.24333E+04
   7.48331E+01  3.08509E-01  5.60083E-02  2.83743E+04  1.00000E-35  2.83747E+04
   8.00000E+01  3.05311E-01  5.60650E-02  2.47656E+04  1.00000E-35  2.47660E+04
   8.48528E+01  3.01243E-01  5.61178E-02  2.19254E+04  1.00000E-35  2.19257E+04
   9.00000E+01  2.95989E-01  5.61736E-02  1.93784E+04  1.00000E-35  1.93787E+04
   9.48683E+01  2.89924E-01  5.62274E-02  1.73303E+04  1.00000E-35  1.73306E+04
   1.00000E+02  2.82342E-01  5.62832E-02  1.54799E+04  1.00000E-35  1.54802E+04
   1.10000E+02  2.64788E-01  5.63928E-02  1.25856E+04  1.00000E-35  1.25859E+04
   1.17260E+02  2.49421E-01  5.64715E-02  1.09353E+04  1.00000E-35  1.09356E+04
   1.25000E+02  2.30409E-01  5.65561E-02  9.48920E+03  1.00000E-35  9.48949E+03
   1.32288E+02  2.09420E-01  5.66362E-02  8.35847E+03  1.00000E-35  8.35874E+03
   1.40000E+02  1.83457E-01  5.67198E-02  7.35491E+03  1.00000E-35  7.35515E+03
   1.50000E+02  1.42273E-01  5.68280E-02  6.28451E+03  1.00000E-35  6.28471E+03
   1.62019E+02  7.91153E-02  5.69596E-02  5.26235E+03  1.00000E-35  5.26248E+03
   1.75000E+02  1.14376E-02  5.71018E-02  4.39790E+03  1.00000E-35  4.39796E+03
   1.92000E+02  2.64537E+00  5.72866E-02  3.53558E+03  1.00000E-35  3.53828E+03
   1.92000E+02  2.64537E+00  5.72866E-02  8.67203E+04  1.00000E-35  8.67230E+04
   1.92123E+02  2.53194E+00  5.72879E-02  8.63955E+04  1.00000E-35  8.63981E+04
   1.92245E+02  2.42431E+00  5.72892E-02  8.60713E+04  1.00000E-35  8.60738E+04
   1.92490E+02  2.21508E+00  5.72918E-02  8.54280E+04  1.00000E-35  8.54302E+04
   1.92982E+02  1.84444E+00  5.72969E-02  8.41807E+04  1.00000E-35  8.41826E+04
   1.93969E+02  1.27921E+00  5.73079E-02  8.19337E+04  1.00000E-35  8.19350E+04
   1.94962E+02  1.09784E+00  5.73191E-02  7.99495E+04  1.00000E-35  7.99506E+04
   1.95959E+02  9.78207E-01  5.73303E-02  7.81887E+04  1.00000E-35  7.81897E+04
   1.96962E+02  9.61613E-01  5.73415E-02  7.66173E+04  1.00000E-35  7.66183E+04
   1.97969E+02  9.45551E-01  5.73527E-02  7.52080E+04  1.00000E-35  7.52090E+04
   1.98982E+02  9.30366E-01  5.73639E-02  7.39374E+04  1.00000E-35  7.39384E+04
   2.00000E+02  9.16083E-01  5.73751E-02  7.27849E+04  1.00000E-35  7.27858E+04
   2.01195E+02  9.00550E-01  5.73882E-02  7.15661E+04  1.00000E-35  7.15670E+04
   2.02397E+02  8.89890E-01  5.74012E-02  7.04631E+04  1.00000E-35  7.04641E+04
   2.04823E+02  8.73970E-01  5.74274E-02  6.85302E+04  1.00000E-35  6.85311E+04
   2.07278E+02  8.66008E-01  5.74536E-02  6.68674E+04  1.00000E-35  6.68684E+04
   2.09762E+02  8.64420E-01  5.74798E-02  6.53907E+04  1.00000E-35  6.53917E+04
   2.14820E+02  8.74534E-01  5.75362E-02  6.27643E+04  1.00000E-35  6.27652E+04
   2.20000E+02  8.95041E-01  5.75931E-02  6.03284E+04  1.00000E-35  6.03293E+04
   2.23544E+02  9.11049E-01  5.76312E-02  5.87163E+04  1.00000E-35  5.87173E+04
   2.27144E+02  9.27566E-01  5.76694E-02  5.70875E+04  1.00000E-35  5.70885E+04
   2.30803E+02  9.44947E-01  5.77095E-02  5.54319E+04  1.00000E-35  5.54329E+04
   2.34521E+02  9.62566E-01  5.77509E-02  5.37483E+04  1.00000E-35  5.37494E+04
   2.38298E+02  9.79217E-01  5.77924E-02  5.20429E+04  1.00000E-35  5.20440E+04
   2.42137E+02  9.94902E-01  5.78339E-02  5.03247E+04  1.00000E-35  5.03258E+04
   2.46037E+02  1.00939E+00  5.78755E-02  4.86055E+04  1.00000E-35  4.86066E+04
   2.50000E+02  1.02118E+00  5.79180E-02  4.68975E+04  1.00000E-35  4.68986E+04
   2.55763E+02  1.03720E+00  5.79822E-02  4.45027E+04  1.00000E-35  4.45038E+04
   2.61659E+02  1.04922E+00  5.80465E-02  4.21819E+04  1.00000E-35  4.21831E+04
   2.73861E+02  1.06902E+00  5.81780E-02  3.78326E+04  1.00000E-35  3.78337E+04
   3.00000E+02  1.09291E+00  5.84624E-02  3.04171E+04  1.00000E-35  3.04183E+04
   3.24037E+02  1.10597E+00  5.87226E-02  2.52805E+04  1.00000E-35  2.52817E+04
   3.36768E+02  1.11063E+00  5.88622E-02  2.30092E+04  1.00000E-35  2.30104E+04
   3.50000E+02  1.11469E+00  5.90030E-02  2.09090E+04  1.00000E-35  2.09102E+04
   3.61881E+02  1.11580E+00  5.91344E-02  1.92200E+04  1.00000E-35  1.92212E+04
   3.74166E+02  1.11667E+00  5.92660E-02  1.76493E+04  1.00000E-35  1.76504E+04
   4.00000E+02  1.11217E+00  5.95468E-02  1.48506E+04  1.00000E-35  1.48518E+04
   4.50000E+02  1.09605E+00  6.00834E-02  1.09241E+04  1.00000E-35  1.09253E+04
   5.00000E+02  1.07966E+00  6.06246E-02  8.27731E+03  1.00000E-35  8.27845E+03
   5.24404E+02  1.07092E+00  6.08859E-02  7.28779E+03  1.00000E-35  7.28892E+03
   5.50000E+02  1.06149E+00  6.11621E-02  6.40990E+03  1.00000E-35  6.41102E+03
   6.00000E+02  1.04449E+00  6.16973E-02  5.06111E+03  1.00000E-35  5.06222E+03
   6.48074E+02  1.02652E+00  6.22094E-02  4.10099E+03  1.00000E-35  4.10208E+03
   7.00000E+02  1.00869E+00  6.27599E-02  3.31846E+03  1.00000E-35  3.31953E+03
   8.00000E+02  9.68149E-01  6.38139E-02  2.28782E+03  1.00000E-35  2.28886E+03
   9.00000E+02  9.32480E-01  6.48597E-02  1.64146E+03  1.00000E-35  1.64246E+03
   1.00000E+03  8.97896E-01  6.58966E-02  1.21584E+03  1.00000E-35  1.21681E+03
   1.10000E+03  8.65308E-01  6.69198E-02  9.24104E+02  1.00000E-35  9.25037E+02
   1.25000E+03  8.18890E-01  6.84270E-02  6.37887E+02  1.00000E-35  6.38774E+02
   1.40000E+03  7.74878E-01  6.99127E-02  4.57610E+02  1.00000E-35  4.58455E+02
   1.50000E+03  7.47596E-01  7.08811E-02  3.73368E+02  1.00000E-35  3.74187E+02
   1.75000E+03  6.80607E-01  7.32419E-02  2.36219E+02  1.00000E-35  2.36973E+02
   2.00000E+03  6.19304E-01  7.55338E-02  1.58283E+02  1.00000E-35  1.58978E+02
   2.20000E+03  5.74856E-01  7.73201E-02  1.18703E+02  1.00000E-35  1.19355E+02
   2.50000E+03  5.16082E-01  7.99744E-02  8.05065E+01  1.00000E-35  8.11026E+01
   2.73861E+03  4.75077E-01  8.20786E-02  6.08280E+01  1.00000E-35  6.13852E+01
   3.00000E+03  4.35666E-01  8.43822E-02  4.60215E+01  1.00000E-35  4.65416E+01
   3.50000E+03  3.73461E-01  8.87699E-02  2.85512E+01  1.00000E-35  2.90134E+01
   4.00000E+03  3.25387E-01  9.30976E-02  1.88185E+01  1.00000E-35  1.92370E+01
   4.50000E+03  2.87855E-01  9.73342E-02  1.29951E+01  1.00000E-35  1.33803E+01
   5.00000E+03  2.57917E-01  1.01422E-01  9.31418E+00  1.00000E-35  9.67352E+00
   5.50000E+03  2.33526E-01  1.05326E-01  6.88132E+00  1.00000E-35  7.22017E+00
   6.00000E+03  2.13289E-01  1.09032E-01  5.21372E+00  1.00000E-35  5.53604E+00
   6.48074E+03  1.96957E-01  1.12401E-01  4.06985E+00  1.00000E-35  4.37921E+00
   7.00000E+03  1.81876E-01  1.15825E-01  3.18082E+00  1.00000E-35  3.47852E+00
   8.00000E+03  1.58326E-01  1.21827E-01  2.06811E+00  1.00000E-35  2.34826E+00
   9.00000E+03  1.39553E-01  1.27057E-01  1.41211E+00  1.00000E-35  1.67872E+00
   1.00000E+04  1.23976E-01  1.31634E-01  1.00249E+00  1.00000E-35  1.25810E+00
   1.10000E+04  1.10842E-01  1.35621E-01  7.34561E-01  1.00000E-35  9.81024E-01
   1.25000E+04  9.45771E-02  1.40610E-01  4.83362E-01  1.00000E-35  7.18548E-01
   1.40000E+04  8.13112E-02  1.44635E-01  3.33114E-01  1.00000E-35  5.59060E-01
   1.50000E+04  7.38711E-02  1.46848E-01  2.65410E-01  1.00000E-35  4.86129E-01
   1.62019E+04  6.60602E-02  1.49097E-01  2.05578E-01  1.00000E-35  4.20735E-01
   1.75000E+04  5.88784E-02  1.51083E-01  1.59534E-01  1.00000E-35  3.69495E-01
   2.00000E+04  4.78748E-02  1.53870E-01  1.02501E-01  1.00000E-35  3.04245E-01
   2.20000E+04  4.10878E-02  1.55315E-01  7.46910E-02  1.00000E-35  2.71094E-01
   2.50000E+04  3.32907E-02  1.56553E-01  4.88115E-02  1.00000E-35  2.38655E-01
   2.73861E+04  2.85680E-02  1.57025E-01  3.59497E-02  1.00000E-35  2.21543E-01
   2.86633E+04  2.64196E-02  1.57144E-01  3.08879E-02  1.00000E-35  2.14451E-01
   3.00000E+04  2.44228E-02  1.57161E-01  2.65678E-02  1.00000E-35  2.08152E-01
   3.50000E+04  1.86678E-02  1.56679E-01  1.58663E-02  1.00000E-35  1.91213E-01
   4.00000E+04  1.47217E-02  1.55638E-01  1.01445E-02  1.00000E-35  1.80505E-01
   4.50000E+04  1.18980E-02  1.54247E-01  6.83458E-03  1.00000E-35  1.72980E-01
   5.00000E+04  9.80124E-03  1.52697E-01  4.79931E-03  1.00000E-35  1.67298E-01
   5.50000E+04  8.21809E-03  1.51051E-01  3.48531E-03  1.00000E-35  1.62755E-01
   6.00000E+04  6.97602E-03  1.49352E-01  2.60248E-03  1.00000E-35  1.58931E-01
   6.48074E+04  6.03351E-03  1.47696E-01  2.00685E-03  1.00000E-35  1.55736E-01
   7.00000E+04  5.21013E-03  1.45915E-01  1.55135E-03  1.00000E-35  1.52676E-01
   8.00000E+04  4.03337E-03  1.42556E-01  9.91417E-04  1.00000E-35  1.47581E-01
   9.00000E+04  3.21207E-03  1.39330E-01  6.68318E-04  1.00000E-35  1.43211E-01
   1.00000E+05  2.61645E-03  1.36268E-01  4.69964E-04  1.00000E-35  1.39354E-01
   1.10000E+05  2.17339E-03  1.33342E-01  3.42017E-04  1.00000E-35  1.35857E-01
   1.17260E+05  1.91684E-03  1.31315E-01  2.76367E-04  1.00000E-35  1.33509E-01
   1.25000E+05  1.69001E-03  1.29235E-01  2.23636E-04  1.00000E-35  1.31149E-01
   1.40000E+05  1.35183E-03  1.25470E-01  1.53716E-04  1.00000E-35  1.26976E-01
   1.50000E+05  1.18000E-03  1.23106E-01  1.22466E-04  1.00000E-35  1.24408E-01
   1.62019E+05  1.01342E-03  1.20429E-01  9.49867E-05  1.00000E-35  1.21537E-01
   1.75000E+05  8.69638E-04  1.17717E-01  7.39457E-05  1.00000E-35  1.18660E-01
   1.87083E+05  7.61567E-04  1.15344E-01  5.95301E-05  1.00000E-35  1.16166E-01
   2.00000E+05  6.66930E-04  1.12959E-01  4.79831E-05  1.00000E-35  1.13674E-01
   2.20000E+05  5.51840E-04  1.09523E-01  3.53518E-05  1.00000E-35  1.10110E-01
   2.34521E+05  4.86006E-04  1.07220E-01  2.88438E-05  1.00000E-35  1.07735E-01
   2.50000E+05  4.28028E-04  1.04905E-01  2.35854E-05  1.00000E-35  1.05356E-01
   2.73861E+05  3.57097E-04  1.01616E-01  1.77139E-05  1.00000E-35  1.01991E-01
   2.86633E+05  3.26083E-04  9.99679E-02  1.53929E-05  1.00000E-35  1.00309E-01
   3.00000E+05  2.97753E-04  9.83387E-02  1.34043E-05  1.00000E-35  9.86499E-02
   3.24037E+05  2.55276E-04  9.55754E-02  1.06109E-05  1.00000E-35  9.58413E-02
   3.36768E+05  2.36365E-04  9.41973E-02  9.45132E-06  1.00000E-35  9.44431E-02
   3.50000E+05  2.18853E-04  9.28312E-02  8.42810E-06  1.00000E-35  9.30585E-02
   3.74166E+05  1.91531E-04  9.04721E-02  6.92237E-06  1.00000E-35  9.06706E-02
   3.86867E+05  1.79178E-04  8.93088E-02  6.28284E-06  1.00000E-35  8.94943E-02
   4.00000E+05  1.67620E-04  8.81360E-02  5.70814E-06  1.00000E-35  8.83093E-02
   4.24264E+05  1.49020E-04  8.60982E-02  4.82606E-06  1.00000E-35  8.62521E-02
   4.50000E+05  1.32483E-04  8.40702E-02  4.09193E-06  1.00000E-35  8.42068E-02
   4.74342E+05  1.19251E-04  8.22731E-02  3.53818E-06  1.00000E-35  8.23959E-02
   5.00000E+05  1.07341E-04  8.05002E-02  3.06730E-06  1.00000E-35  8.06107E-02
   5.24404E+05  9.75957E-05  7.88996E-02  2.70075E-06  1.00000E-35  7.89999E-02
   5.50000E+05  8.87348E-05  7.73222E-02  2.38320E-06  1.00000E-35  7.74133E-02
   5.74456E+05  8.13501E-05  7.58893E-02  2.12983E-06  1.00000E-35  7.59728E-02
   6.00000E+05  7.45796E-05  7.44732E-02  1.90672E-06  1.00000E-35  7.45497E-02
   6.23574E+05  6.90545E-05  7.32258E-02  1.73068E-06  1.00000E-35  7.32966E-02
   6.48074E+05  6.39388E-05  7.19942E-02  1.57327E-06  1.00000E-35  7.20597E-02
   6.73537E+05  5.92020E-05  7.07646E-02  1.43298E-06  1.00000E-35  7.08252E-02
   7.00000E+05  5.48162E-05  6.95555E-02  1.30752E-06  1.00000E-35  6.96116E-02
   7.48331E+05  4.79728E-05  6.74698E-02  1.11852E-06  1.00000E-35  6.75189E-02
   7.73735E+05  4.48783E-05  6.64421E-02  1.03621E-06  1.00000E-35  6.64881E-02
   8.00000E+05  4.19836E-05  6.54218E-02  9.61086E-07  1.00000E-35  6.54647E-02
   8.48528E+05  3.73241E-05  6.36469E-02  8.43674E-07  1.00000E-35  6.36850E-02
   9.00000E+05  3.31804E-05  6.19021E-02  7.43340E-07  1.00000E-35  6.19360E-02
   9.48683E+05  2.98635E-05  6.03480E-02  6.65510E-07  1.00000E-35  6.03785E-02
   1.00000E+06  2.68775E-05  5.88214E-02  5.97440E-07  1.00000E-35  5.88489E-02
   1.04881E+06  2.44344E-05  5.74577E-02  5.43052E-07  1.89999E-13  5.74827E-02
   1.10000E+06  2.22134E-05  5.61096E-02  4.94649E-07  4.13940E-07  5.61327E-02
   1.17260E+06  1.95482E-05  5.43341E-02  4.37714E-07  3.64241E-06  5.43577E-02
   1.25000E+06  1.72027E-05  5.25874E-02  3.88799E-07  1.06265E-05  5.26156E-02
   1.32288E+06  1.53598E-05  5.10633E-02  3.50928E-07  2.07893E-05  5.10998E-02
   1.40000E+06  1.37144E-05  4.95697E-02  3.17563E-07  3.61234E-05  4.96198E-02
   1.50000E+06  1.19469E-05  4.77867E-02  2.82070E-07  6.13861E-05  4.78603E-02
   1.55893E+06  1.10609E-05  4.68019E-02  2.64340E-07  7.74289E-05  4.68906E-02
   1.62019E+06  1.02404E-05  4.58371E-02  2.47986E-07  9.76696E-05  4.59453E-02
   1.68384E+06  9.48092E-06  4.48776E-02  2.32917E-07  1.18576E-04  4.50058E-02
   1.75000E+06  8.77770E-06  4.39359E-02  2.18992E-07  1.43172E-04  4.40880E-02
   1.87083E+06  7.68064E-06  4.23281E-02  1.97145E-07  1.89972E-04  4.25260E-02
   2.00000E+06  6.72071E-06  4.07596E-02  1.77931E-07  2.44174E-04  4.10107E-02
   2.09762E+06  6.10981E-06  3.96673E-02  1.65610E-07  2.88376E-04  3.99620E-02
   2.20000E+06  5.55446E-06  3.85863E-02  1.54321E-07  3.33079E-04  3.89250E-02
   2.34521E+06  4.88800E-06  3.71726E-02  1.40604E-07  4.00269E-04  3.75779E-02
   2.50000E+06  4.30153E-06  3.57956E-02  1.28351E-07  4.73958E-04  3.62740E-02
   2.73861E+06  3.58468E-06  3.38884E-02  1.12984E-07  5.87858E-04  3.44799E-02
   3.00000E+06  2.98723E-06  3.20528E-02  9.98246E-08  7.13845E-04  3.27698E-02
   3.24037E+06  2.56049E-06  3.05578E-02  9.00759E-08  8.30244E-04  3.13907E-02
   3.50000E+06  2.19472E-06  2.91138E-02  8.14323E-08  9.55064E-04  3.00711E-02
   3.74166E+06  1.92038E-06  2.79023E-02  7.47161E-08  1.06875E-03  2.89730E-02
   4.00000E+06  1.68034E-06  2.67283E-02  6.86433E-08  1.18747E-03  2.79175E-02
   4.50000E+06  1.32768E-06  2.47520E-02  5.92594E-08  1.41176E-03  2.61651E-02
   5.00000E+06  1.07542E-06  2.30778E-02  5.20930E-08  1.62373E-03  2.47026E-02
   5.50000E+06  8.88784E-07  2.16419E-02  4.64480E-08  1.82469E-03  2.34675E-02
   6.00000E+06  7.46829E-07  2.03941E-02  4.18905E-08  2.02417E-03  2.24190E-02
   6.48074E+06  6.40140E-07  1.93379E-02  3.82647E-08  2.20648E-03  2.15450E-02
   7.00000E+06  5.48694E-07  1.83267E-02  3.49916E-08  2.38901E-03  2.07163E-02
   8.00000E+06  4.20095E-07  1.66781E-02  3.00240E-08  2.71988E-03  1.93985E-02
   9.00000E+06  3.31927E-07  1.53282E-02  2.62804E-08  3.02250E-03  1.83510E-02
   1.00000E+07  2.68861E-07  1.42002E-02  2.33602E-08  3.29925E-03  1.74998E-02
   1.10000E+07  2.22200E-07  1.32422E-02  2.10199E-08  3.55362E-03  1.67961E-02
   1.25000E+07  1.72071E-07  1.20458E-02  1.82692E-08  3.89925E-03  1.59452E-02
   1.40000E+07  1.37175E-07  1.10647E-02  1.61519E-08  4.21220E-03  1.52771E-02
   1.50000E+07  1.19494E-07  1.05030E-02  1.49922E-08  4.40452E-03  1.49076E-02
   1.75000E+07  8.77916E-08  9.33861E-03  1.27085E-08  4.83784E-03  1.41766E-02
   2.00000E+07  6.72155E-08  8.42479E-03  1.10267E-08  5.21969E-03  1.36446E-02
   2.20000E+07  5.55502E-08  7.82316E-03  9.97026E-09  5.49340E-03  1.33166E-02
   2.50000E+07  4.30180E-08  7.07750E-03  8.71676E-09  5.86016E-03  1.29377E-02
   3.00000E+07  2.98735E-08  6.12660E-03  7.20579E-09  6.38339E-03  1.25100E-02
   3.50000E+07  2.19479E-08  5.41640E-03  6.14068E-09  6.82294E-03  1.22394E-02
   4.00000E+07  1.68039E-08  4.86404E-03  5.34962E-09  7.19926E-03  1.20633E-02
   4.50000E+07  1.32771E-08  4.42091E-03  4.73896E-09  7.52740E-03  1.19483E-02
   5.00000E+07  1.07544E-08  4.05698E-03  4.25334E-09  7.81757E-03  1.18746E-02
   5.50000E+07  8.88798E-09  3.75232E-03  3.85795E-09  8.07583E-03  1.18282E-02
   6.00000E+07  7.46837E-09  3.49320E-03  3.52977E-09  8.31435E-03  1.18076E-02
   7.00000E+07  5.48700E-09  3.07527E-03  3.01651E-09  8.72117E-03  1.17965E-02
   8.00000E+07  4.20097E-09  2.75221E-03  2.63353E-09  9.06318E-03  1.18154E-02
   9.00000E+07  3.31928E-09  2.49431E-03  2.33682E-09  9.35739E-03  1.18517E-02
   1.00000E+08  2.68861E-09  2.28340E-03  2.10018E-09  9.61593E-03  1.18993E-02
   1.10000E+08  2.22200E-09  2.10745E-03  1.90706E-09  9.84494E-03  1.19524E-02
   1.25000E+08  1.72071E-09  1.89177E-03  1.67589E-09  1.01430E-02  1.20348E-02
   1.40000E+08  1.37175E-09  1.71851E-03  1.49470E-09  1.03996E-02  1.21181E-02
   1.50000E+08  1.19494E-09  1.62062E-03  1.39420E-09  1.05516E-02  1.21722E-02
   1.75000E+08  8.77911E-10  1.42102E-03  1.19358E-09  1.08804E-02  1.23014E-02
   2.00000E+08  6.72152E-10  1.26756E-03  1.04342E-09  1.11523E-02  1.24198E-02
   2.20000E+08  5.55498E-10  1.16797E-03  9.48012E-10  1.13372E-02  1.25052E-02
   2.50000E+08  4.30178E-10  1.04624E-03  8.33669E-10  1.15739E-02  1.26201E-02
   3.00000E+08  2.98734E-10  8.93750E-04  6.94125E-10  1.18921E-02  1.27859E-02
   3.50000E+08  2.19478E-10  7.81897E-04  5.94599E-10  1.21423E-02  1.29242E-02
   4.00000E+08  1.68038E-10  6.96153E-04  5.20037E-10  1.23452E-02  1.30413E-02
   4.50000E+08  1.32771E-10  6.28185E-04  4.62089E-10  1.25119E-02  1.31400E-02
   5.00000E+08  1.07544E-10  5.72919E-04  4.15761E-10  1.26523E-02  1.32252E-02
   5.50000E+08  8.88795E-11  5.27043E-04  3.77876E-10  1.27711E-02  1.32982E-02
   6.00000E+08  7.46834E-11  4.88314E-04  3.46318E-10  1.28797E-02  1.33680E-02
   7.00000E+08  5.48695E-11  4.26427E-04  2.96753E-10  1.30544E-02  1.34808E-02
   8.00000E+08  4.20095E-11  3.79088E-04  2.59599E-10  1.31921E-02  1.35712E-02
   9.00000E+08  3.31927E-11  3.41641E-04  2.30713E-10  1.33027E-02  1.36444E-02
   9.48683E+08  2.98735E-11  3.26090E-04  2.19041E-10  1.33493E-02  1.36754E-02
   1.00000E+09  2.68861E-11  3.11241E-04  2.07612E-10  1.33951E-02  1.37063E-02
