 # Material data file: Cr                  
 # 
 # PENELOPE >>>  Photon mass attenuation coefficients (mac).
 # 
 #   Energy       mac_Ra       mac_Co       mac_ph       mac_pp       mac_tot
 #    (eV)       (cm**2/g)    (cm**2/g)    (cm**2/g)    (cm**2/g)    (cm**2/g)
 #------------------------------------------------------------------------------
   5.00000E+01  1.74923E+00  7.78701E-03  1.19804E+05  1.00000E-35  1.19805E+05
   5.50000E+01  1.32095E+00  7.79883E-03  9.89583E+04  1.00000E-35  9.89597E+04
   5.62095E+01  1.26527E+00  7.80173E-03  9.48776E+04  1.00000E-35  9.48788E+04
   5.74456E+01  1.21840E+00  7.80463E-03  9.10642E+04  1.00000E-35  9.10654E+04
   5.87089E+01  1.17863E+00  7.80753E-03  8.75083E+04  1.00000E-35  8.75095E+04
   6.00000E+01  1.14177E+00  7.81060E-03  8.41975E+04  1.00000E-35  8.41987E+04
   6.11673E+01  1.11380E+00  7.81340E-03  8.14587E+04  1.00000E-35  8.14599E+04
   6.23574E+01  1.08796E+00  7.81620E-03  7.88917E+04  1.00000E-35  7.88928E+04
   6.35706E+01  1.06481E+00  7.81900E-03  7.64862E+04  1.00000E-35  7.64872E+04
   6.48074E+01  1.04441E+00  7.82188E-03  7.42316E+04  1.00000E-35  7.42327E+04
   6.73537E+01  1.00777E+00  7.82797E-03  7.01335E+04  1.00000E-35  7.01345E+04
   7.00000E+01  9.74577E-01  7.83406E-03  6.65126E+04  1.00000E-35  6.65136E+04
   7.23762E+01  9.44971E-01  7.83979E-03  6.36981E+04  1.00000E-35  6.36990E+04
   7.48331E+01  9.17242E-01  7.84553E-03  6.11290E+04  1.00000E-35  6.11299E+04
   7.73735E+01  9.71368E-01  7.85150E-03  5.87592E+04  1.00000E-35  5.87602E+04
   8.00000E+01  9.70550E-01  7.85775E-03  5.65479E+04  1.00000E-35  5.65488E+04
   8.00000E+01  9.70550E-01  7.85775E-03  6.02498E+04  1.00000E-35  6.02508E+04
   8.00736E+01  9.70833E-01  7.85792E-03  6.01967E+04  1.00000E-35  6.01977E+04
   8.01474E+01  9.71116E-01  7.85810E-03  6.01436E+04  1.00000E-35  6.01446E+04
   8.02950E+01  9.71683E-01  7.85844E-03  6.00377E+04  1.00000E-35  6.00387E+04
   8.05911E+01  9.72818E-01  7.85913E-03  5.98267E+04  1.00000E-35  5.98277E+04
   8.11865E+01  9.75091E-01  7.86051E-03  5.94058E+04  1.00000E-35  5.94068E+04
   8.23907E+01  9.79654E-01  7.86327E-03  5.85672E+04  1.00000E-35  5.85682E+04
   8.48528E+01  9.88844E-01  7.86918E-03  5.69054E+04  1.00000E-35  5.69064E+04
   9.00000E+01  1.00983E+00  7.88129E-03  5.36408E+04  1.00000E-35  5.36418E+04
   9.48683E+01  1.03346E+00  7.89322E-03  5.07858E+04  1.00000E-35  5.07869E+04
   1.00000E+02  1.05764E+00  7.90576E-03  4.79939E+04  1.00000E-35  4.79950E+04
   1.04881E+02  1.08209E+00  7.91805E-03  4.55256E+04  1.00000E-35  4.55267E+04
   1.10000E+02  1.10711E+00  7.93184E-03  4.31165E+04  1.00000E-35  4.31176E+04
   1.17260E+02  1.14158E+00  7.95239E-03  3.99896E+04  1.00000E-35  3.99908E+04
   1.25000E+02  1.17712E+00  7.97774E-03  3.69922E+04  1.00000E-35  3.69934E+04
   1.32288E+02  1.20820E+00  8.00574E-03  3.44451E+04  1.00000E-35  3.44463E+04
   1.40000E+02  1.23940E+00  8.03846E-03  3.20001E+04  1.00000E-35  3.20013E+04
   1.50000E+02  1.27616E+00  8.08801E-03  2.91609E+04  1.00000E-35  2.91622E+04
   1.55893E+02  1.29578E+00  8.12575E-03  2.76416E+04  1.00000E-35  2.76429E+04
   1.62019E+02  1.31554E+00  8.16367E-03  2.61704E+04  1.00000E-35  2.61717E+04
   1.68384E+02  1.33302E+00  8.21227E-03  2.47487E+04  1.00000E-35  2.47501E+04
   1.75000E+02  1.35058E+00  8.26352E-03  2.33780E+04  1.00000E-35  2.33794E+04
   1.87083E+02  1.37668E+00  8.37418E-03  2.11293E+04  1.00000E-35  2.11307E+04
   2.00000E+02  1.40021E+00  8.50771E-03  1.90425E+04  1.00000E-35  1.90440E+04
   2.09762E+02  1.41139E+00  8.61470E-03  1.76518E+04  1.00000E-35  1.76532E+04
   2.20000E+02  1.42267E+00  8.74409E-03  1.63415E+04  1.00000E-35  1.63430E+04
   2.34521E+02  1.43044E+00  8.93335E-03  1.47048E+04  1.00000E-35  1.47062E+04
   2.50000E+02  1.43471E+00  9.14665E-03  1.31982E+04  1.00000E-35  1.31996E+04
   2.61659E+02  1.43388E+00  9.32079E-03  1.21996E+04  1.00000E-35  1.22010E+04
   2.73861E+02  1.42965E+00  9.50272E-03  1.12621E+04  1.00000E-35  1.12635E+04
   2.86633E+02  1.42188E+00  9.70258E-03  1.03833E+04  1.00000E-35  1.03847E+04
   3.00000E+02  1.40962E+00  9.91317E-03  9.56209E+03  1.00000E-35  9.56351E+03
   3.24037E+02  1.37954E+00  1.03009E-02  8.29884E+03  1.00000E-35  8.30023E+03
   3.50000E+02  1.33175E+00  1.07260E-02  7.18222E+03  1.00000E-35  7.18356E+03
   3.74166E+02  1.27246E+00  1.11241E-02  6.32211E+03  1.00000E-35  6.32340E+03
   4.00000E+02  1.19214E+00  1.15460E-02  5.55169E+03  1.00000E-35  5.55290E+03
   4.24264E+02  1.09968E+00  1.19362E-02  4.94042E+03  1.00000E-35  4.94154E+03
   4.50000E+02  9.75055E-01  1.23429E-02  4.38873E+03  1.00000E-35  4.38972E+03
   4.74342E+02  8.28077E-01  1.27198E-02  3.94213E+03  1.00000E-35  3.94297E+03
   5.00000E+02  6.26801E-01  1.31076E-02  3.53684E+03  1.00000E-35  3.53748E+03
   5.24404E+02  3.71706E-01  1.34676E-02  3.20276E+03  1.00000E-35  3.20315E+03
   5.50000E+02  2.98405E-01  1.38351E-02  2.89721E+03  1.00000E-35  2.89752E+03
   5.80000E+02  6.45778E+00  1.42549E-02  2.58747E+03  1.00000E-35  2.59395E+03
   5.80000E+02  6.45778E+00  1.42549E-02  1.25747E+04  1.00000E-35  1.25812E+04
   5.80558E+02  6.48238E+00  1.42625E-02  1.29323E+04  1.00000E-35  1.29388E+04
   5.81117E+02  6.41666E+00  1.42701E-02  1.32161E+04  1.00000E-35  1.32226E+04
   5.81677E+02  6.29980E+00  1.42778E-02  1.34473E+04  1.00000E-35  1.34536E+04
   5.82237E+02  6.18519E+00  1.42854E-02  1.36405E+04  1.00000E-35  1.36467E+04
   5.82798E+02  6.07257E+00  1.42931E-02  1.38057E+04  1.00000E-35  1.38117E+04
   5.83359E+02  5.96210E+00  1.43007E-02  1.39497E+04  1.00000E-35  1.39557E+04
   5.84483E+02  5.74709E+00  1.43160E-02  1.41923E+04  1.00000E-35  1.41980E+04
   5.85609E+02  5.53986E+00  1.43313E-02  1.43921E+04  1.00000E-35  1.43976E+04
   5.86737E+02  5.27978E+00  1.43467E-02  1.45620E+04  1.00000E-35  1.45673E+04
   5.87867E+02  4.98165E+00  1.43620E-02  1.47085E+04  1.00000E-35  1.47135E+04
   5.89000E+02  4.70015E+00  1.43774E-02  1.48353E+04  1.00000E-35  1.48400E+04
   5.89000E+02  4.70015E+00  1.43774E-02  1.96373E+04  1.00000E-35  1.96420E+04
   5.89341E+02  4.61869E+00  1.43820E-02  1.97884E+04  1.00000E-35  1.97931E+04
   5.89682E+02  4.53868E+00  1.43866E-02  1.99231E+04  1.00000E-35  1.99277E+04
   5.90364E+02  4.38293E+00  1.43959E-02  2.01526E+04  1.00000E-35  2.01570E+04
   5.91047E+02  4.23248E+00  1.44051E-02  2.03423E+04  1.00000E-35  2.03465E+04
   5.91731E+02  4.09252E+00  1.44144E-02  2.05028E+04  1.00000E-35  2.05069E+04
   5.93101E+02  3.85707E+00  1.44329E-02  2.07622E+04  1.00000E-35  2.07661E+04
   5.94475E+02  3.63504E+00  1.44515E-02  2.09621E+04  1.00000E-35  2.09658E+04
   5.95851E+02  3.42597E+00  1.44701E-02  2.11170E+04  1.00000E-35  2.11204E+04
   5.97231E+02  3.24520E+00  1.44887E-02  2.12345E+04  1.00000E-35  2.12378E+04
   5.98614E+02  3.16960E+00  1.45073E-02  2.13189E+04  1.00000E-35  2.13220E+04
   6.00000E+02  3.09577E+00  1.45260E-02  2.13732E+04  1.00000E-35  2.13763E+04
   7.00000E+02  3.58166E+00  1.58132E-02  1.48579E+04  1.00000E-35  1.48615E+04
   7.02000E+02  3.60517E+00  1.58378E-02  1.47551E+04  1.00000E-35  1.47588E+04
   7.02000E+02  3.60517E+00  1.58378E-02  1.67116E+04  1.00000E-35  1.67152E+04
   7.02358E+02  3.60939E+00  1.58422E-02  1.67013E+04  1.00000E-35  1.67049E+04
   7.02717E+02  3.61362E+00  1.58467E-02  1.66908E+04  1.00000E-35  1.66945E+04
   7.03435E+02  3.62209E+00  1.58555E-02  1.66685E+04  1.00000E-35  1.66721E+04
   7.04873E+02  3.63850E+00  1.58731E-02  1.66154E+04  1.00000E-35  1.66191E+04
   7.07757E+02  3.66325E+00  1.59085E-02  1.64882E+04  1.00000E-35  1.64918E+04
   7.13561E+02  3.70873E+00  1.59795E-02  1.61920E+04  1.00000E-35  1.61957E+04
   7.25313E+02  3.77917E+00  1.61223E-02  1.55789E+04  1.00000E-35  1.55827E+04
   7.37258E+02  3.83873E+00  1.62665E-02  1.50074E+04  1.00000E-35  1.50113E+04
   7.49400E+02  3.89284E+00  1.64119E-02  1.44780E+04  1.00000E-35  1.44819E+04
   7.74287E+02  3.98768E+00  1.67067E-02  1.34860E+04  1.00000E-35  1.34900E+04
   8.00000E+02  4.06537E+00  1.70068E-02  1.25257E+04  1.00000E-35  1.25298E+04
   9.00000E+02  4.24002E+00  1.81474E-02  9.53397E+03  1.00000E-35  9.53823E+03
   9.48683E+02  4.28123E+00  1.86917E-02  8.41703E+03  1.00000E-35  8.42133E+03
   1.00000E+03  4.29985E+00  1.92643E-02  7.41648E+03  1.00000E-35  7.42080E+03
   1.10000E+03  4.28565E+00  2.03717E-02  5.88390E+03  1.00000E-35  5.88821E+03
   1.17260E+03  4.26165E+00  2.11727E-02  5.02377E+03  1.00000E-35  5.02805E+03
   1.25000E+03  4.22573E+00  2.20226E-02  4.28411E+03  1.00000E-35  4.28836E+03
   1.40000E+03  4.12052E+00  2.36705E-02  3.21801E+03  1.00000E-35  3.22215E+03
   1.50000E+03  4.04591E+00  2.47614E-02  2.69865E+03  1.00000E-35  2.70272E+03
   1.62019E+03  3.94547E+00  2.60662E-02  2.21311E+03  1.00000E-35  2.21708E+03
   1.75000E+03  3.84218E+00  2.74648E-02  1.81233E+03  1.00000E-35  1.81620E+03
   2.00000E+03  3.64011E+00  3.01220E-02  1.27774E+03  1.00000E-35  1.28141E+03
   2.20000E+03  3.47846E+00  3.22047E-02  9.93294E+02  1.00000E-35  9.96805E+02
   2.50000E+03  3.25062E+00  3.52646E-02  7.06526E+02  1.00000E-35  7.09812E+02
   2.73861E+03  3.07746E+00  3.76479E-02  5.53044E+02  1.00000E-35  5.56159E+02
   3.00000E+03  2.89864E+00  4.02162E-02  4.32262E+02  1.00000E-35  4.35201E+02
   3.50000E+03  2.58285E+00  4.50302E-02  2.84068E+02  1.00000E-35  2.86696E+02
   4.00000E+03  2.29698E+00  4.97196E-02  1.96877E+02  1.00000E-35  1.99223E+02
   4.50000E+03  2.03187E+00  5.42282E-02  1.42180E+02  1.00000E-35  1.44266E+02
   5.00000E+03  1.77700E+00  5.85203E-02  1.06107E+02  1.00000E-35  1.07943E+02
   5.50000E+03  1.49541E+00  6.25897E-02  8.13333E+01  1.00000E-35  8.28913E+01
   5.99500E+03  1.06130E+00  6.63963E-02  6.38930E+01  1.00000E-35  6.50207E+01
   5.99500E+03  1.06130E+00  6.63963E-02  5.06867E+02  1.00000E-35  5.07995E+02
   6.00000E+03  1.06867E+00  6.64338E-02  5.24524E+02  1.00000E-35  5.25659E+02
   6.00361E+03  1.07402E+00  6.64609E-02  5.26977E+02  1.00000E-35  5.28117E+02
   6.00723E+03  1.07941E+00  6.64881E-02  5.25934E+02  1.00000E-35  5.27080E+02
   6.01447E+03  1.09026E+00  6.65424E-02  5.20886E+02  1.00000E-35  5.22043E+02
   6.02172E+03  1.10121E+00  6.65968E-02  5.16619E+02  1.00000E-35  5.17787E+02
   6.02897E+03  1.11323E+00  6.66512E-02  5.14266E+02  1.00000E-35  5.15445E+02
   6.03624E+03  1.12652E+00  6.67056E-02  5.13553E+02  1.00000E-35  5.14747E+02
   6.04351E+03  1.13995E+00  6.67601E-02  5.13710E+02  1.00000E-35  5.14916E+02
   6.05809E+03  1.16733E+00  6.68693E-02  5.14329E+02  1.00000E-35  5.15563E+02
   6.06539E+03  1.18125E+00  6.69239E-02  5.14084E+02  1.00000E-35  5.15332E+02
   6.07269E+03  1.19533E+00  6.69785E-02  5.13312E+02  1.00000E-35  5.14575E+02
   6.08734E+03  1.22037E+00  6.70880E-02  5.10445E+02  1.00000E-35  5.11732E+02
   6.11673E+03  1.26105E+00  6.73075E-02  5.03608E+02  1.00000E-35  5.04936E+02
   6.23574E+03  1.36708E+00  6.81762E-02  4.80388E+02  1.00000E-35  4.81824E+02
   6.48074E+03  1.44294E+00  6.99204E-02  4.36608E+02  1.00000E-35  4.38120E+02
   6.73537E+03  1.46147E+00  7.17034E-02  3.95764E+02  1.00000E-35  3.97297E+02
   7.00000E+03  1.45700E+00  7.34680E-02  3.57928E+02  1.00000E-35  3.59458E+02
   8.00000E+03  1.35636E+00  7.97167E-02  2.51971E+02  1.00000E-35  2.53407E+02
   8.48528E+03  1.29422E+00  8.24669E-02  2.15591E+02  1.00000E-35  2.16967E+02
   9.00000E+03  1.22852E+00  8.52144E-02  1.84270E+02  1.00000E-35  1.85583E+02
   1.00000E+04  1.11015E+00  9.01131E-02  1.38780E+02  1.00000E-35  1.39981E+02
   1.10000E+04  1.00562E+00  9.44802E-02  1.07070E+02  1.00000E-35  1.08170E+02
   1.25000E+04  8.74608E-01  1.00158E-01  7.52939E+01  1.00000E-35  7.62687E+01
   1.40000E+04  7.67134E-01  1.05000E-01  5.49033E+01  1.00000E-35  5.57755E+01
   1.50000E+04  7.06346E-01  1.07827E-01  4.52269E+01  1.00000E-35  4.60410E+01
   1.75000E+04  5.79686E-01  1.13788E-01  2.92006E+01  1.00000E-35  2.98941E+01
   2.00000E+04  4.82629E-01  1.18500E-01  1.99030E+01  1.00000E-35  2.05041E+01
   2.20000E+04  4.20126E-01  1.21544E-01  1.51035E+01  1.00000E-35  1.56452E+01
   2.50000E+04  3.45994E-01  1.25161E-01  1.04012E+01  1.00000E-35  1.08723E+01
   3.00000E+04  2.58451E-01  1.29469E-01  6.07655E+00  1.00000E-35  6.46447E+00
   3.24037E+04  2.28070E-01  1.30970E-01  4.83275E+00  1.00000E-35  5.19179E+00
   3.50000E+04  2.01260E-01  1.32285E-01  3.83968E+00  1.00000E-35  4.17322E+00
   4.00000E+04  1.61886E-01  1.34125E-01  2.57166E+00  1.00000E-35  2.86768E+00
   4.50000E+04  1.32907E-01  1.35202E-01  1.80169E+00  1.00000E-35  2.06979E+00
   5.00000E+04  1.11408E-01  1.35767E-01  1.30832E+00  1.00000E-35  1.55549E+00
   5.50000E+04  9.48165E-02  1.35937E-01  9.78269E-01  1.00000E-35  1.20902E+00
   6.00000E+04  8.17701E-02  1.35802E-01  7.49526E-01  1.00000E-35  9.67098E-01
   6.48074E+04  7.15648E-02  1.35450E-01  5.91069E-01  1.00000E-35  7.98084E-01
   7.00000E+04  6.25831E-02  1.34895E-01  4.66659E-01  1.00000E-35  6.64137E-01
   8.00000E+04  4.94050E-02  1.33467E-01  3.09029E-01  1.00000E-35  4.91901E-01
   9.00000E+04  3.99870E-02  1.31735E-01  2.14618E-01  1.00000E-35  3.86340E-01
   1.00000E+05  3.30277E-02  1.29839E-01  1.54808E-01  1.00000E-35  3.17674E-01
   1.10000E+05  2.77168E-02  1.27819E-01  1.15171E-01  1.00000E-35  2.70708E-01
   1.25000E+05  2.18505E-02  1.24740E-01  7.74559E-02  1.00000E-35  2.24046E-01
   1.40000E+05  1.76340E-02  1.21740E-01  5.45105E-02  1.00000E-35  1.93885E-01
   1.50000E+05  1.54760E-02  1.19774E-01  4.40308E-02  1.00000E-35  1.79281E-01
   1.62019E+05  1.33727E-02  1.17496E-01  3.46696E-02  1.00000E-35  1.65538E-01
   1.75000E+05  1.15465E-02  1.15136E-01  2.73718E-02  1.00000E-35  1.54054E-01
   2.00000E+05  8.93865E-03  1.10894E-01  1.81828E-02  1.00000E-35  1.38015E-01
   2.20000E+05  7.44268E-03  1.07760E-01  1.36084E-02  1.00000E-35  1.28811E-01
   2.34521E+05  6.57830E-03  1.05636E-01  1.12161E-02  1.00000E-35  1.23430E-01
   2.50000E+05  5.81054E-03  1.03478E-01  9.26010E-03  1.00000E-35  1.18549E-01
   2.73861E+05  4.86793E-03  1.00385E-01  7.04852E-03  1.00000E-35  1.12301E-01
   2.86633E+05  4.45511E-03  9.88221E-02  6.16319E-03  1.00000E-35  1.09440E-01
   3.00000E+05  4.07726E-03  9.72746E-02  5.39845E-03  1.00000E-35  1.06750E-01
   3.24037E+05  3.50506E-03  9.46349E-02  4.31525E-03  1.00000E-35  1.02455E-01
   3.50000E+05  3.01277E-03  9.19993E-02  3.45921E-03  1.00000E-35  9.84712E-02
   3.74166E+05  2.64258E-03  8.97226E-02  2.86254E-03  1.00000E-35  9.52277E-02
   4.00000E+05  2.31781E-03  8.74607E-02  2.37672E-03  1.00000E-35  9.21553E-02
   4.24264E+05  2.06394E-03  8.54829E-02  2.02094E-03  1.00000E-35  8.95678E-02
   4.50000E+05  1.83721E-03  8.35083E-02  1.72263E-03  1.00000E-35  8.70681E-02
   4.74342E+05  1.65507E-03  8.17537E-02  1.49608E-03  1.00000E-35  8.49049E-02
   5.00000E+05  1.49099E-03  8.00200E-02  1.30224E-03  1.00000E-35  8.28132E-02
   5.24404E+05  1.35663E-03  7.84504E-02  1.15050E-03  1.00000E-35  8.09575E-02
   5.50000E+05  1.23437E-03  7.69024E-02  1.01837E-03  1.00000E-35  7.91551E-02
   5.74456E+05  1.13240E-03  7.54939E-02  9.12443E-04  1.00000E-35  7.75387E-02
   6.00000E+05  1.03886E-03  7.41013E-02  8.18771E-04  1.00000E-35  7.59589E-02
   6.23574E+05  9.62470E-04  7.28738E-02  7.44585E-04  1.00000E-35  7.45808E-02
   6.48074E+05  8.91640E-04  7.16613E-02  6.78016E-04  1.00000E-35  7.32310E-02
   6.73537E+05  8.25997E-04  7.04497E-02  6.18466E-04  1.00000E-35  7.18942E-02
   7.00000E+05  7.65096E-04  6.92581E-02  5.65031E-04  1.00000E-35  7.05882E-02
   7.48331E+05  6.69710E-04  6.71978E-02  4.84230E-04  1.00000E-35  6.83518E-02
   7.73735E+05  6.26571E-04  6.61805E-02  4.48913E-04  1.00000E-35  6.72560E-02
   8.00000E+05  5.86213E-04  6.51681E-02  4.16607E-04  1.00000E-35  6.61709E-02
   8.48528E+05  5.21249E-04  6.34056E-02  3.65962E-04  1.00000E-35  6.42928E-02
   9.00000E+05  4.63485E-04  6.16711E-02  3.22526E-04  1.00000E-35  6.24571E-02
   9.48683E+05  4.17259E-04  6.01305E-02  2.88732E-04  1.00000E-35  6.08365E-02
   1.00000E+06  3.75643E-04  5.86167E-02  2.59104E-04  1.00000E-35  5.92514E-02
   1.04881E+06  3.41584E-04  5.72635E-02  2.35380E-04  6.55763E-13  5.78405E-02
   1.10000E+06  3.10615E-04  5.59253E-02  2.14230E-04  2.56213E-06  5.64527E-02
   1.17260E+06  2.73438E-04  5.41625E-02  1.89310E-04  2.15483E-05  5.46468E-02
   1.25000E+06  2.40710E-04  5.24301E-02  1.67867E-04  6.03620E-05  5.28990E-02
   1.32288E+06  2.14988E-04  5.09146E-02  1.51248E-04  1.14596E-04  5.13955E-02
   1.40000E+06  1.92015E-04  4.94287E-02  1.36597E-04  1.94006E-04  4.99513E-02
   1.50000E+06  1.67330E-04  4.76551E-02  1.21009E-04  3.21682E-04  4.82651E-02
   1.62019E+06  1.43475E-04  4.57149E-02  1.06041E-04  5.03250E-04  4.64676E-02
   1.75000E+06  1.22997E-04  4.38216E-02  9.33140E-05  7.30700E-04  4.47686E-02
   1.87083E+06  1.07629E-04  4.22202E-02  8.37316E-05  9.64640E-04  4.33762E-02
   2.00000E+06  9.41808E-05  4.06578E-02  7.53236E-05  1.23444E-03  4.20618E-02
   2.09762E+06  8.56224E-05  3.95698E-02  6.99532E-05  1.45340E-03  4.11788E-02
   2.20000E+06  7.78419E-05  3.84927E-02  6.50459E-05  1.67188E-03  4.03075E-02
   2.34521E+06  6.85044E-05  3.70852E-02  5.90895E-05  1.99687E-03  3.92097E-02
   2.50000E+06  6.02873E-05  3.57154E-02  5.37756E-05  2.34770E-03  3.81772E-02
   2.73861E+06  5.02434E-05  3.38146E-02  4.71300E-05  2.87831E-03  3.67903E-02
   3.00000E+06  4.18726E-05  3.19831E-02  4.14609E-05  3.45372E-03  3.55201E-02
   3.24037E+06  3.58932E-05  3.04916E-02  3.72751E-05  3.97820E-03  3.45430E-02
   3.50000E+06  3.07676E-05  2.90514E-02  3.35757E-05  4.53494E-03  3.36507E-02
   3.74166E+06  2.69232E-05  2.78429E-02  3.07107E-05  5.03753E-03  3.29381E-02
   4.00000E+06  2.35592E-05  2.66717E-02  2.81282E-05  5.55803E-03  3.22814E-02
   4.50000E+06  1.86165E-05  2.47000E-02  2.41553E-05  6.52967E-03  3.12725E-02
   5.00000E+06  1.50804E-05  2.30301E-02  2.11378E-05  7.43361E-03  3.04999E-02
   5.50000E+06  1.24633E-05  2.15974E-02  1.87728E-05  8.28027E-03  2.99089E-02
   6.00000E+06  1.04728E-05  2.03523E-02  1.68720E-05  9.11139E-03  2.94910E-02
   6.48074E+06  8.97673E-06  1.92984E-02  1.53659E-05  9.86691E-03  2.91896E-02
   7.00000E+06  7.69440E-06  1.82893E-02  1.40115E-05  1.06213E-02  2.89324E-02
   8.00000E+06  5.89111E-06  1.66443E-02  1.19661E-05  1.19768E-02  2.86390E-02
   9.00000E+06  4.65475E-06  1.52972E-02  1.04338E-05  1.32019E-02  2.85143E-02
   1.00000E+07  3.77038E-06  1.41716E-02  9.24462E-06  1.43093E-02  2.84939E-02
   1.10000E+07  3.11606E-06  1.32156E-02  8.29571E-06  1.53237E-02  2.85507E-02
   1.25000E+07  2.41309E-06  1.20216E-02  7.18556E-06  1.66914E-02  2.87226E-02
   1.40000E+07  1.92373E-06  1.10425E-02  6.33511E-06  1.79188E-02  2.89696E-02
   1.50000E+07  1.67579E-06  1.04819E-02  5.87093E-06  1.86663E-02  2.91558E-02
   1.75000E+07  1.23120E-06  9.31993E-03  4.96033E-06  2.03474E-02  2.96735E-02
   2.00000E+07  9.42637E-07  8.40796E-03  4.29296E-06  2.18082E-02  3.02214E-02
   2.20000E+07  7.79041E-07  7.80754E-03  3.87523E-06  2.28519E-02  3.06641E-02
   2.50000E+07  6.03290E-07  7.06337E-03  3.38114E-06  2.42393E-02  3.13066E-02
   3.00000E+07  4.18950E-07  6.11437E-03  2.78789E-06  2.62067E-02  3.23242E-02
   3.50000E+07  3.07801E-07  5.40561E-03  2.37134E-06  2.78372E-02  3.32455E-02
   4.00000E+07  2.35660E-07  4.85436E-03  2.06289E-06  2.92215E-02  3.40782E-02
   4.50000E+07  1.86201E-07  4.41211E-03  1.82534E-06  3.04217E-02  3.48358E-02
   5.00000E+07  1.50823E-07  4.04891E-03  1.63678E-06  3.14725E-02  3.55232E-02
   5.50000E+07  1.24647E-07  3.74486E-03  1.48349E-06  3.23973E-02  3.61437E-02
   6.00000E+07  1.04738E-07  3.48626E-03  1.35643E-06  3.32471E-02  3.67348E-02
   7.00000E+07  7.69506E-08  3.06917E-03  1.15802E-06  3.46917E-02  3.77621E-02
   8.00000E+07  5.89154E-08  2.74674E-03  1.01021E-06  3.58940E-02  3.86419E-02
   9.00000E+07  4.65504E-08  2.48935E-03  8.95855E-07  3.69057E-02  3.93960E-02
   1.00000E+08  3.77059E-08  2.27886E-03  8.04745E-07  3.77796E-02  4.00593E-02
   1.10000E+08  3.11620E-08  2.10326E-03  7.30450E-07  3.85450E-02  4.06491E-02
   1.25000E+08  2.41317E-08  1.88801E-03  6.41595E-07  3.95289E-02  4.14176E-02
   1.40000E+08  1.92378E-08  1.71509E-03  5.72010E-07  4.03628E-02  4.20785E-02
   1.50000E+08  1.67582E-08  1.61740E-03  5.33437E-07  4.08488E-02  4.24668E-02
   1.75000E+08  1.23121E-08  1.41820E-03  4.56480E-07  4.18788E-02  4.32975E-02
   2.00000E+08  9.42649E-09  1.26504E-03  3.98926E-07  4.27123E-02  4.39778E-02
   2.20000E+08  7.79050E-09  1.16565E-03  3.62374E-07  4.32721E-02  4.44381E-02
   2.50000E+08  6.03295E-09  1.04416E-03  3.18587E-07  4.39791E-02  4.50236E-02
   3.00000E+08  4.18954E-09  8.91974E-04  2.65181E-07  4.49101E-02  4.58024E-02
   3.50000E+08  3.07803E-09  7.80347E-04  2.27109E-07  4.56223E-02  4.64029E-02
   4.00000E+08  2.35661E-09  6.94769E-04  1.98595E-07  4.61886E-02  4.68836E-02
   4.50000E+08  1.86202E-09  6.26936E-04  1.76444E-07  4.66490E-02  4.72761E-02
   5.00000E+08  1.50823E-09  5.71781E-04  1.58737E-07  4.70328E-02  4.76047E-02
   5.50000E+08  1.24647E-09  5.25997E-04  1.44261E-07  4.73536E-02  4.78798E-02
   6.00000E+08  1.04738E-09  4.87344E-04  1.32204E-07  4.76453E-02  4.81328E-02
   7.00000E+08  7.69503E-10  4.25581E-04  1.13270E-07  4.81072E-02  4.85329E-02
   8.00000E+08  5.89150E-10  3.78335E-04  9.90803E-08  4.84673E-02  4.88457E-02
   9.00000E+08  4.65501E-10  3.40962E-04  8.80498E-08  4.87557E-02  4.90968E-02
   9.48683E+08  4.18950E-10  3.25443E-04  8.35934E-08  4.88766E-02  4.92021E-02
   1.00000E+09  3.77054E-10  3.10623E-04  7.92293E-08  4.89950E-02  4.93057E-02
