 # Material data file: Ca                  
 # 
 # PENELOPE >>>  Photon mass attenuation coefficients (mac).
 # 
 #   Energy       mac_Ra       mac_Co       mac_ph       mac_pp       mac_tot
 #    (eV)       (cm**2/g)    (cm**2/g)    (cm**2/g)    (cm**2/g)    (cm**2/g)
 #------------------------------------------------------------------------------
   5.00000E+01  7.03553E-01  1.02618E-02  2.28160E+04  1.00000E-35  2.28167E+04
   5.12057E+01  7.02394E-01  1.02690E-02  2.31003E+04  1.00000E-35  2.31010E+04
   5.24404E+01  6.63155E-01  1.02762E-02  2.34201E+04  1.00000E-35  2.34207E+04
   5.50000E+01  6.24855E-01  1.02909E-02  2.41267E+04  1.00000E-35  2.41274E+04
   5.74456E+01  5.96186E-01  1.03052E-02  2.48049E+04  1.00000E-35  2.48055E+04
   6.00000E+01  5.74326E-01  1.03199E-02  2.54731E+04  1.00000E-35  2.54737E+04
   6.23574E+01  5.59085E-01  1.03337E-02  2.60284E+04  1.00000E-35  2.60290E+04
   6.48074E+01  5.47581E-01  1.03477E-02  2.65282E+04  1.00000E-35  2.65288E+04
   6.73537E+01  5.40133E-01  1.03627E-02  2.69549E+04  1.00000E-35  2.69555E+04
   7.00000E+01  5.35337E-01  1.03777E-02  2.72933E+04  1.00000E-35  2.72939E+04
   7.23762E+01  5.33563E-01  1.03917E-02  2.75058E+04  1.00000E-35  2.75063E+04
   7.48331E+01  5.34501E-01  1.04059E-02  2.76377E+04  1.00000E-35  2.76383E+04
   7.73735E+01  5.37082E-01  1.04205E-02  2.76857E+04  1.00000E-35  2.76862E+04
   8.00000E+01  5.41084E-01  1.04359E-02  2.76491E+04  1.00000E-35  2.76497E+04
   8.23907E+01  5.45634E-01  1.04495E-02  2.75479E+04  1.00000E-35  2.75484E+04
   8.48528E+01  5.51679E-01  1.04639E-02  2.73845E+04  1.00000E-35  2.73851E+04
   8.73885E+01  5.58215E-01  1.04786E-02  2.71629E+04  1.00000E-35  2.71635E+04
   9.00000E+01  5.65768E-01  1.04934E-02  2.68875E+04  1.00000E-35  2.68880E+04
   9.24021E+01  5.72610E-01  1.05076E-02  2.65996E+04  1.00000E-35  2.66002E+04
   9.48683E+01  5.79536E-01  1.05219E-02  2.62767E+04  1.00000E-35  2.62772E+04
   9.74004E+01  5.86545E-01  1.05363E-02  2.59223E+04  1.00000E-35  2.59229E+04
   1.00000E+02  5.93694E-01  1.05514E-02  2.55405E+04  1.00000E-35  2.55411E+04
   1.04881E+02  6.07014E-01  1.05796E-02  2.47897E+04  1.00000E-35  2.47903E+04
   1.10000E+02  6.20634E-01  1.06093E-02  2.39760E+04  1.00000E-35  2.39767E+04
   1.13572E+02  6.29226E-01  1.06299E-02  2.34017E+04  1.00000E-35  2.34024E+04
   1.17260E+02  6.37493E-01  1.06509E-02  2.28076E+04  1.00000E-35  2.28082E+04
   1.21068E+02  6.45870E-01  1.06732E-02  2.21959E+04  1.00000E-35  2.21965E+04
   1.25000E+02  6.54328E-01  1.06956E-02  2.15687E+04  1.00000E-35  2.15694E+04
   1.28592E+02  6.60866E-01  1.07163E-02  2.10012E+04  1.00000E-35  2.10018E+04
   1.32288E+02  6.67246E-01  1.07378E-02  2.04242E+04  1.00000E-35  2.04248E+04
   1.36089E+02  6.73513E-01  1.07594E-02  1.98392E+04  1.00000E-35  1.98399E+04
   1.40000E+02  6.78165E-01  1.07820E-02  1.92484E+04  1.00000E-35  1.92491E+04
   1.44914E+02  6.83693E-01  1.08104E-02  1.85237E+04  1.00000E-35  1.85244E+04
   1.50000E+02  6.87639E-01  1.08390E-02  1.77972E+04  1.00000E-35  1.77979E+04
   1.55893E+02  6.90606E-01  1.08735E-02  1.69882E+04  1.00000E-35  1.69889E+04
   1.62019E+02  6.92165E-01  1.09081E-02  1.61877E+04  1.00000E-35  1.61884E+04
   1.68384E+02  6.91175E-01  1.09451E-02  1.54004E+04  1.00000E-35  1.54011E+04
   1.75000E+02  6.88537E-01  1.09826E-02  1.46300E+04  1.00000E-35  1.46307E+04
   1.80941E+02  6.83889E-01  1.10167E-02  1.39780E+04  1.00000E-35  1.39787E+04
   1.87083E+02  6.78634E-01  1.10520E-02  1.33414E+04  1.00000E-35  1.33421E+04
   1.93434E+02  6.68819E-01  1.10874E-02  1.27203E+04  1.00000E-35  1.27210E+04
   2.00000E+02  6.58889E-01  1.11256E-02  1.21151E+04  1.00000E-35  1.21157E+04
   2.09762E+02  6.38398E-01  1.11803E-02  1.12786E+04  1.00000E-35  1.12792E+04
   2.20000E+02  6.10974E-01  1.12393E-02  1.04753E+04  1.00000E-35  1.04759E+04
   2.34521E+02  5.63096E-01  1.13213E-02  9.45378E+03  1.00000E-35  9.45435E+03
   2.50000E+02  4.97028E-01  1.14080E-02  8.50165E+03  1.00000E-35  8.50216E+03
   2.61659E+02  4.36489E-01  1.14744E-02  7.86731E+03  1.00000E-35  7.86776E+03
   2.73861E+02  3.62372E-01  1.15423E-02  7.27012E+03  1.00000E-35  7.27049E+03
   2.86633E+02  2.73117E-01  1.16141E-02  6.70879E+03  1.00000E-35  6.70907E+03
   3.00000E+02  1.67248E-01  1.16884E-02  6.18142E+03  1.00000E-35  6.18160E+03
   3.11564E+02  7.62373E-02  1.17528E-02  5.76847E+03  1.00000E-35  5.76856E+03
   3.23574E+02  3.98954E-02  1.18187E-02  5.37725E+03  1.00000E-35  5.37730E+03
   3.49000E+02  1.65285E+01  1.19582E-02  4.65856E+03  1.00000E-35  4.67510E+03
   3.49000E+02  1.65285E+01  1.19582E-02  2.64322E+04  1.00000E-35  2.64487E+04
   3.49250E+02  1.71439E+01  1.19596E-02  2.67596E+04  1.00000E-35  2.67768E+04
   3.49500E+02  1.77819E+01  1.19610E-02  2.70591E+04  1.00000E-35  2.70769E+04
   3.50000E+02  1.89688E+01  1.19638E-02  2.75704E+04  1.00000E-35  2.75894E+04
   3.50374E+02  1.89232E+01  1.19659E-02  2.78942E+04  1.00000E-35  2.79131E+04
   3.50748E+02  1.88777E+01  1.19680E-02  2.81784E+04  1.00000E-35  2.81972E+04
   3.51122E+02  1.88324E+01  1.19701E-02  2.84296E+04  1.00000E-35  2.84484E+04
   3.51497E+02  1.87871E+01  1.19722E-02  2.86524E+04  1.00000E-35  2.86712E+04
   3.52248E+02  1.86970E+01  1.19765E-02  2.90273E+04  1.00000E-35  2.90460E+04
   3.53000E+02  1.86073E+01  1.19807E-02  2.93235E+04  1.00000E-35  2.93421E+04
   3.53000E+02  1.86073E+01  1.19807E-02  3.99878E+04  1.00000E-35  4.00064E+04
   3.53345E+02  1.82071E+01  1.19826E-02  4.03278E+04  1.00000E-35  4.03460E+04
   3.53690E+02  1.74271E+01  1.19846E-02  4.06258E+04  1.00000E-35  4.06432E+04
   3.54382E+02  1.59638E+01  1.19884E-02  4.11176E+04  1.00000E-35  4.11336E+04
   3.55074E+02  1.46260E+01  1.19923E-02  4.14987E+04  1.00000E-35  4.15133E+04
   3.55769E+02  1.33974E+01  1.19962E-02  4.17918E+04  1.00000E-35  4.18052E+04
   3.56464E+02  1.22643E+01  1.20000E-02  4.20119E+04  1.00000E-35  4.20242E+04
   3.57161E+02  1.07592E+01  1.20039E-02  4.21694E+04  1.00000E-35  4.21802E+04
   3.57859E+02  9.43954E+00  1.20078E-02  4.22722E+04  1.00000E-35  4.22816E+04
   3.58559E+02  8.28072E+00  1.20117E-02  4.23270E+04  1.00000E-35  4.23353E+04
   3.59962E+02  6.42136E+00  1.20194E-02  4.23147E+04  1.00000E-35  4.23211E+04
   3.61371E+02  5.19105E+00  1.20272E-02  4.21717E+04  1.00000E-35  4.21769E+04
   3.62785E+02  4.19680E+00  1.20349E-02  4.19319E+04  1.00000E-35  4.19361E+04
   3.64205E+02  3.75117E+00  1.20427E-02  4.16241E+04  1.00000E-35  4.16279E+04
   3.67062E+02  3.24862E+00  1.20583E-02  4.08997E+04  1.00000E-35  4.09030E+04
   3.69940E+02  3.11851E+00  1.20738E-02  4.01352E+04  1.00000E-35  4.01383E+04
   3.72842E+02  3.07305E+00  1.20894E-02  3.94084E+04  1.00000E-35  3.94115E+04
   3.75766E+02  3.04734E+00  1.21050E-02  3.87538E+04  1.00000E-35  3.87569E+04
   4.00000E+02  3.00555E+00  1.22376E-02  3.47414E+04  1.00000E-35  3.47445E+04
   4.41000E+02  3.43133E+00  1.24599E-02  2.82340E+04  1.00000E-35  2.82374E+04
   4.41000E+02  3.43133E+00  1.24599E-02  3.21416E+04  1.00000E-35  3.21451E+04
   4.41279E+02  3.43490E+00  1.24613E-02  3.20935E+04  1.00000E-35  3.20970E+04
   4.41557E+02  3.43846E+00  1.24628E-02  3.20455E+04  1.00000E-35  3.20489E+04
   4.42115E+02  3.44561E+00  1.24658E-02  3.19499E+04  1.00000E-35  3.19534E+04
   4.43233E+02  3.45995E+00  1.24717E-02  3.17616E+04  1.00000E-35  3.17651E+04
   4.45477E+02  3.48670E+00  1.24836E-02  3.13996E+04  1.00000E-35  3.14031E+04
   4.50000E+02  3.53125E+00  1.25076E-02  3.07254E+04  1.00000E-35  3.07290E+04
   4.74342E+02  3.68743E+00  1.26428E-02  2.76595E+04  1.00000E-35  2.76632E+04
   4.87002E+02  3.74370E+00  1.27109E-02  2.61661E+04  1.00000E-35  2.61698E+04
   5.00000E+02  3.78750E+00  1.27851E-02  2.47272E+04  1.00000E-35  2.47310E+04
   5.24404E+02  3.86034E+00  1.29227E-02  2.23304E+04  1.00000E-35  2.23342E+04
   5.50000E+02  3.91540E+00  1.30735E-02  2.01161E+04  1.00000E-35  2.01201E+04
   6.00000E+02  3.97765E+00  1.33811E-02  1.65299E+04  1.00000E-35  1.65339E+04
   6.23574E+02  3.99383E+00  1.35312E-02  1.51341E+04  1.00000E-35  1.51381E+04
   6.48074E+02  3.99938E+00  1.37009E-02  1.38380E+04  1.00000E-35  1.38420E+04
   7.00000E+02  3.99336E+00  1.40776E-02  1.15376E+04  1.00000E-35  1.15416E+04
   7.48331E+02  3.96280E+00  1.44554E-02  9.83574E+03  1.00000E-35  9.83972E+03
   8.00000E+02  3.92280E+00  1.49044E-02  8.36487E+03  1.00000E-35  8.36881E+03
   8.48528E+02  3.88094E+00  1.53563E-02  7.24304E+03  1.00000E-35  7.24693E+03
   9.00000E+02  3.83137E+00  1.58559E-02  6.26268E+03  1.00000E-35  6.26653E+03
   1.00000E+03  3.72780E+00  1.69069E-02  4.81490E+03  1.00000E-35  4.81865E+03
   1.10000E+03  3.62510E+00  1.80284E-02  3.78466E+03  1.00000E-35  3.78830E+03
   1.25000E+03  3.46276E+00  1.98016E-02  2.73002E+03  1.00000E-35  2.73351E+03
   1.40000E+03  3.31059E+00  2.16532E-02  2.03666E+03  1.00000E-35  2.03999E+03
   1.50000E+03  3.21622E+00  2.29044E-02  1.70131E+03  1.00000E-35  1.70455E+03
   1.62019E+03  3.10368E+00  2.44201E-02  1.38973E+03  1.00000E-35  1.39285E+03
   1.75000E+03  2.99327E+00  2.60635E-02  1.13372E+03  1.00000E-35  1.13674E+03
   2.00000E+03  2.79091E+00  2.92367E-02  7.94471E+02  1.00000E-35  7.97291E+02
   2.20000E+03  2.63897E+00  3.17755E-02  6.15108E+02  1.00000E-35  6.17779E+02
   2.50000E+03  2.42554E+00  3.55944E-02  4.35360E+02  1.00000E-35  4.37821E+02
   2.73861E+03  2.26368E+00  3.86366E-02  3.39704E+02  1.00000E-35  3.42007E+02
   3.00000E+03  2.09319E+00  4.19516E-02  2.64783E+02  1.00000E-35  2.66918E+02
   3.50000E+03  1.74575E+00  4.81512E-02  1.73279E+02  1.00000E-35  1.75073E+02
   4.00000E+03  1.03578E+00  5.40646E-02  1.19716E+02  1.00000E-35  1.20806E+02
   4.04100E+03  1.08995E+00  5.45398E-02  1.16370E+02  1.00000E-35  1.17515E+02
   4.04100E+03  1.08995E+00  5.45398E-02  1.04918E+03  1.00000E-35  1.05033E+03
   4.04440E+03  1.09914E+00  5.45790E-02  1.04717E+03  1.00000E-35  1.04833E+03
   4.04780E+03  1.10840E+00  5.46172E-02  1.04516E+03  1.00000E-35  1.04632E+03
   4.05461E+03  1.12717E+00  5.46938E-02  1.04113E+03  1.00000E-35  1.04231E+03
   4.06826E+03  1.17544E+00  5.48472E-02  1.03307E+03  1.00000E-35  1.03430E+03
   4.09571E+03  1.27579E+00  5.51555E-02  1.01691E+03  1.00000E-35  1.01824E+03
   4.15116E+03  1.41775E+00  5.57772E-02  9.84551E+02  1.00000E-35  9.86024E+02
   4.26433E+03  1.55578E+00  5.70419E-02  9.20168E+02  1.00000E-35  9.21781E+02
   4.38058E+03  1.62146E+00  5.83351E-02  8.57326E+02  1.00000E-35  8.59006E+02
   4.50000E+03  1.65733E+00  5.96194E-02  7.97523E+02  1.00000E-35  7.99240E+02
   4.62011E+03  1.67538E+00  6.08971E-02  7.43384E+02  1.00000E-35  7.45120E+02
   4.74342E+03  1.68184E+00  6.22020E-02  6.93804E+02  1.00000E-35  6.95548E+02
   5.00000E+03  1.67040E+00  6.48083E-02  6.05867E+02  1.00000E-35  6.07602E+02
   5.24404E+03  1.64280E+00  6.72277E-02  5.35392E+02  1.00000E-35  5.37102E+02
   5.50000E+03  1.60486E+00  6.96428E-02  4.72309E+02  1.00000E-35  4.73984E+02
   6.00000E+03  1.51956E+00  7.41337E-02  3.75444E+02  1.00000E-35  3.77038E+02
   6.48074E+03  1.43566E+00  7.81461E-02  3.05664E+02  1.00000E-35  3.07178E+02
   7.00000E+03  1.34752E+00  8.21775E-02  2.48493E+02  1.00000E-35  2.49923E+02
   7.48331E+03  1.26992E+00  8.56790E-02  2.07299E+02  1.00000E-35  2.08655E+02
   8.00000E+03  1.19560E+00  8.91849E-02  1.72741E+02  1.00000E-35  1.74026E+02
   9.00000E+03  1.06829E+00  9.52792E-02  1.24804E+02  1.00000E-35  1.25967E+02
   1.00000E+04  9.60579E-01  1.00677E-01  9.30119E+01  1.00000E-35  9.40731E+01
   1.10000E+04  8.68667E-01  1.05468E-01  7.11115E+01  1.00000E-35  7.20857E+01
   1.25000E+04  7.51595E-01  1.11673E-01  4.94333E+01  1.00000E-35  5.02966E+01
   1.40000E+04  6.55090E-01  1.16947E-01  3.56998E+01  1.00000E-35  3.64718E+01
   1.50000E+04  6.00000E-01  1.20019E-01  2.92428E+01  1.00000E-35  2.99628E+01
   1.75000E+04  4.85481E-01  1.26475E-01  1.86560E+01  1.00000E-35  1.92680E+01
   2.00000E+04  3.98922E-01  1.31527E-01  1.25908E+01  1.00000E-35  1.31212E+01
   2.20000E+04  3.44916E-01  1.34779E-01  9.48993E+00  1.00000E-35  9.96962E+00
   2.50000E+04  2.82349E-01  1.38653E-01  6.47803E+00  1.00000E-35  6.89903E+00
   2.73861E+04  2.44254E-01  1.41112E-01  4.91860E+00  1.00000E-35  5.30396E+00
   3.00000E+04  2.10972E-01  1.43289E-01  3.73961E+00  1.00000E-35  4.09387E+00
   3.50000E+04  1.64688E-01  1.46263E-01  2.34035E+00  1.00000E-35  2.65130E+00
   4.00000E+04  1.32516E-01  1.48111E-01  1.55505E+00  1.00000E-35  1.83567E+00
   4.50000E+04  1.09113E-01  1.49110E-01  1.08213E+00  1.00000E-35  1.34035E+00
   5.00000E+04  9.14548E-02  1.49558E-01  7.81250E-01  1.00000E-35  1.02226E+00
   5.50000E+04  7.78456E-02  1.49582E-01  5.81206E-01  1.00000E-35  8.08634E-01
   6.00000E+04  6.70259E-02  1.49281E-01  4.43309E-01  1.00000E-35  6.59616E-01
   6.48074E+04  5.85740E-02  1.48755E-01  3.48224E-01  1.00000E-35  5.55554E-01
   7.00000E+04  5.11272E-02  1.48003E-01  2.73907E-01  1.00000E-35  4.73037E-01
   8.00000E+04  4.02204E-02  1.46177E-01  1.80244E-01  1.00000E-35  3.66641E-01
   9.00000E+04  3.24737E-02  1.44038E-01  1.24512E-01  1.00000E-35  3.01024E-01
   1.00000E+05  2.67515E-02  1.41758E-01  8.94016E-02  1.00000E-35  2.57911E-01
   1.10000E+05  2.24397E-02  1.39390E-01  6.62448E-02  1.00000E-35  2.28075E-01
   1.25000E+05  1.76407E-02  1.35847E-01  4.43213E-02  1.00000E-35  1.97809E-01
   1.40000E+05  1.42469E-02  1.32440E-01  3.10552E-02  1.00000E-35  1.77742E-01
   1.50000E+05  1.24890E-02  1.30227E-01  2.50202E-02  1.00000E-35  1.67737E-01
   1.62019E+05  1.07804E-02  1.27677E-01  1.96448E-02  1.00000E-35  1.58102E-01
   1.75000E+05  9.30531E-03  1.25047E-01  1.54683E-02  1.00000E-35  1.49820E-01
   2.00000E+05  7.19872E-03  1.20345E-01  1.02293E-02  1.00000E-35  1.37773E-01
   2.20000E+05  5.98651E-03  1.16889E-01  7.63262E-03  1.00000E-35  1.30508E-01
   2.34521E+05  5.28979E-03  1.14551E-01  6.27843E-03  1.00000E-35  1.26120E-01
   2.50000E+05  4.67363E-03  1.12181E-01  5.17374E-03  1.00000E-35  1.22029E-01
   2.73861E+05  3.90984E-03  1.08790E-01  3.92772E-03  1.00000E-35  1.16628E-01
   2.86633E+05  3.57593E-03  1.07081E-01  3.43013E-03  1.00000E-35  1.14087E-01
   3.00000E+05  3.27054E-03  1.05388E-01  3.00102E-03  1.00000E-35  1.11660E-01
   3.24037E+05  2.81231E-03  1.02507E-01  2.39419E-03  1.00000E-35  1.07714E-01
   3.50000E+05  2.41686E-03  9.96343E-02  1.91569E-03  1.00000E-35  1.03967E-01
   3.74166E+05  2.11852E-03  9.71538E-02  1.58286E-03  1.00000E-35  1.00855E-01
   4.00000E+05  1.85638E-03  9.46894E-02  1.31236E-03  1.00000E-35  9.78582E-02
   4.24264E+05  1.65221E-03  9.25348E-02  1.11460E-03  1.00000E-35  9.53016E-02
   4.50000E+05  1.47049E-03  9.03876E-02  9.49030E-04  1.00000E-35  9.28071E-02
   4.74342E+05  1.32494E-03  8.84830E-02  8.23468E-04  1.00000E-35  9.06314E-02
   5.00000E+05  1.19380E-03  8.66028E-02  7.16161E-04  1.00000E-35  8.85128E-02
   5.24404E+05  1.08639E-03  8.48982E-02  6.32260E-04  1.00000E-35  8.66169E-02
   5.50000E+05  9.88238E-04  8.32174E-02  5.59277E-04  1.00000E-35  8.47649E-02
   5.74456E+05  9.06392E-04  8.16887E-02  5.00827E-04  1.00000E-35  8.30959E-02
   6.00000E+05  8.31138E-04  8.01770E-02  4.49183E-04  1.00000E-35  8.14573E-02
   6.23574E+05  7.69706E-04  7.88438E-02  4.08315E-04  1.00000E-35  8.00218E-02
   6.48074E+05  7.12816E-04  7.75272E-02  3.71671E-04  1.00000E-35  7.86116E-02
   6.73537E+05  6.60131E-04  7.62116E-02  3.38916E-04  1.00000E-35  7.72106E-02
   7.00000E+05  6.11341E-04  7.49178E-02  3.09544E-04  1.00000E-35  7.58387E-02
   7.48331E+05  5.35194E-04  7.26853E-02  2.65168E-04  1.00000E-35  7.34857E-02
   7.73735E+05  5.00752E-04  7.15831E-02  2.45786E-04  1.00000E-35  7.23297E-02
   8.00000E+05  4.68529E-04  7.04865E-02  2.28064E-04  1.00000E-35  7.11831E-02
   8.48528E+05  4.16655E-04  6.85777E-02  2.00302E-04  1.00000E-35  6.91947E-02
   9.00000E+05  3.70523E-04  6.66997E-02  1.76510E-04  1.00000E-35  6.72467E-02
   9.48683E+05  3.33603E-04  6.50344E-02  1.58011E-04  1.00000E-35  6.55260E-02
   1.00000E+06  3.00362E-04  6.33971E-02  1.41803E-04  1.00000E-35  6.38392E-02
   1.04881E+06  2.73154E-04  6.19322E-02  1.28831E-04  7.75045E-13  6.23342E-02
   1.10000E+06  2.48408E-04  6.04835E-02  1.17271E-04  2.14121E-06  6.08514E-02
   1.17260E+06  2.18639E-04  5.85748E-02  1.03656E-04  1.82350E-05  5.89154E-02
   1.25000E+06  1.92425E-04  5.66964E-02  9.19450E-05  5.16644E-05  5.70324E-02
   1.32288E+06  1.71822E-04  5.50567E-02  8.28708E-05  9.89224E-05  5.54103E-02
   1.40000E+06  1.53425E-04  5.34494E-02  7.48723E-05  1.68716E-04  5.38464E-02
   1.50000E+06  1.33663E-04  5.15302E-02  6.63629E-05  2.81714E-04  5.20119E-02
   1.62019E+06  1.14579E-04  4.94302E-02  5.81920E-05  4.42780E-04  5.00457E-02
   1.75000E+06  9.82222E-05  4.73838E-02  5.12441E-05  6.44725E-04  4.81780E-02
   1.87083E+06  8.59523E-05  4.56549E-02  4.60129E-05  8.52942E-04  4.66399E-02
   2.00000E+06  7.52156E-05  4.39665E-02  4.14205E-05  1.09418E-03  4.51773E-02
   2.09762E+06  6.83823E-05  4.27896E-02  3.84844E-05  1.29082E-03  4.41873E-02
   2.20000E+06  6.21699E-05  4.16242E-02  3.57994E-05  1.48736E-03  4.32096E-02
   2.34521E+06  5.47143E-05  4.01001E-02  3.25403E-05  1.77998E-03  4.19673E-02
   2.50000E+06  4.81530E-05  3.86154E-02  2.96321E-05  2.09591E-03  4.07891E-02
   2.73861E+06  4.01326E-05  3.65589E-02  2.59934E-05  2.57391E-03  3.91989E-02
   3.00000E+06  3.34479E-05  3.45794E-02  2.28868E-05  3.09316E-03  3.77289E-02
   3.24037E+06  2.86727E-05  3.29668E-02  2.05917E-05  3.56757E-03  3.65836E-02
   3.50000E+06  2.45780E-05  3.14097E-02  1.85621E-05  4.07233E-03  3.55251E-02
   3.74166E+06  2.15062E-05  3.01046E-02  1.69892E-05  4.52884E-03  3.46719E-02
   4.00000E+06  1.88181E-05  2.88395E-02  1.55706E-05  5.00212E-03  3.38760E-02
   4.50000E+06  1.48690E-05  2.67073E-02  1.33861E-05  5.88660E-03  3.26221E-02
   5.00000E+06  1.20440E-05  2.48995E-02  1.17252E-05  6.71080E-03  3.16340E-02
   5.50000E+06  9.95389E-06  2.33502E-02  1.04221E-05  7.48418E-03  3.08547E-02
   6.00000E+06  8.36415E-06  2.20040E-02  9.37381E-06  8.24423E-03  3.02660E-02
   6.48074E+06  7.16936E-06  2.08646E-02  8.54252E-06  8.93504E-03  2.98153E-02
   7.00000E+06  6.14524E-06  1.97737E-02  7.79434E-06  9.62449E-03  2.94121E-02
   8.00000E+06  4.70505E-06  1.79951E-02  6.66332E-06  1.08636E-02  2.88701E-02
   9.00000E+06  3.71763E-06  1.65386E-02  5.81493E-06  1.19861E-02  2.85343E-02
   1.00000E+07  3.01134E-06  1.53216E-02  5.15580E-06  1.30055E-02  2.83353E-02
   1.10000E+07  2.48873E-06  1.42880E-02  4.62936E-06  1.39363E-02  2.82314E-02
   1.25000E+07  1.92726E-06  1.29971E-02  4.01287E-06  1.51877E-02  2.81908E-02
   1.40000E+07  1.53641E-06  1.19386E-02  3.54009E-06  1.63128E-02  2.82565E-02
   1.50000E+07  1.33838E-06  1.13325E-02  3.28187E-06  1.70016E-02  2.83388E-02
   1.75000E+07  9.83303E-07  1.00762E-02  2.77486E-06  1.85488E-02  2.86288E-02
   2.00000E+07  7.52845E-07  9.09022E-03  2.40288E-06  1.98897E-02  2.89831E-02
   2.20000E+07  6.22188E-07  8.44108E-03  2.16988E-06  2.08449E-02  2.92888E-02
   2.50000E+07  4.81823E-07  7.63652E-03  1.89408E-06  2.21249E-02  2.97638E-02
   3.00000E+07  3.34599E-07  6.61051E-03  1.56263E-06  2.39337E-02  3.05461E-02
   3.50000E+07  2.45828E-07  5.84424E-03  1.32972E-06  2.54325E-02  3.12783E-02
   4.00000E+07  1.88212E-07  5.24826E-03  1.15713E-06  2.67282E-02  3.19778E-02
   4.50000E+07  1.48711E-07  4.77012E-03  1.02414E-06  2.78377E-02  3.26090E-02
   5.00000E+07  1.20456E-07  4.37745E-03  9.18541E-07  2.88023E-02  3.31808E-02
   5.50000E+07  9.95504E-08  4.04873E-03  8.32661E-07  2.96542E-02  3.37038E-02
   6.00000E+07  8.36501E-08  3.76914E-03  7.61454E-07  3.04381E-02  3.42081E-02
   7.00000E+07  6.14573E-08  3.31820E-03  6.50221E-07  3.17711E-02  3.50900E-02
   8.00000E+07  4.70533E-08  2.96961E-03  5.67330E-07  3.28806E-02  3.58508E-02
   9.00000E+07  3.71779E-08  2.69134E-03  5.03174E-07  3.38189E-02  3.65108E-02
   1.00000E+08  3.01140E-08  2.46377E-03  4.52050E-07  3.46322E-02  3.70964E-02
   1.10000E+08  2.48878E-08  2.27392E-03  4.10354E-07  3.53438E-02  3.76182E-02
   1.25000E+08  1.92730E-08  2.04121E-03  3.60477E-07  3.62570E-02  3.82986E-02
   1.40000E+08  1.53643E-08  1.85426E-03  3.21407E-07  3.70316E-02  3.88862E-02
   1.50000E+08  1.33840E-08  1.74865E-03  2.99749E-07  3.74851E-02  3.92340E-02
   1.75000E+08  9.83315E-09  1.53327E-03  2.56531E-07  3.84519E-02  3.99854E-02
   2.00000E+08  7.52852E-09  1.36769E-03  2.24202E-07  3.92354E-02  4.06033E-02
   2.20000E+08  6.22193E-09  1.26023E-03  2.03669E-07  3.97610E-02  4.10214E-02
   2.50000E+08  4.81826E-09  1.12889E-03  1.79068E-07  4.04244E-02  4.15535E-02
   3.00000E+08  3.34601E-09  9.64350E-04  1.49061E-07  4.13002E-02  4.22647E-02
   3.50000E+08  2.45829E-09  8.43665E-04  1.27667E-07  4.19792E-02  4.28230E-02
   4.00000E+08  1.88213E-09  7.51143E-04  1.11643E-07  4.25240E-02  4.32752E-02
   4.50000E+08  1.48712E-09  6.77806E-04  9.91927E-08  4.29688E-02  4.36467E-02
   5.00000E+08  1.20456E-09  6.18176E-04  8.92408E-08  4.33415E-02  4.39597E-02
   5.50000E+08  9.95506E-10  5.68677E-04  8.11036E-08  4.36520E-02  4.42207E-02
   6.00000E+08  8.36502E-10  5.26889E-04  7.43264E-08  4.39342E-02  4.44612E-02
   7.00000E+08  6.14575E-10  4.60113E-04  6.36833E-08  4.43782E-02  4.48384E-02
   8.00000E+08  4.70534E-10  4.09034E-04  5.57064E-08  4.47249E-02  4.51340E-02
   9.00000E+08  3.71779E-10  3.68629E-04  4.95054E-08  4.50055E-02  4.53741E-02
   9.48683E+08  3.34602E-10  3.51850E-04  4.70001E-08  4.51240E-02  4.54759E-02
   1.00000E+09  3.01142E-10  3.35828E-04  4.45467E-08  4.52404E-02  4.55763E-02
