 # Material data file: Ge                  
 # 
 # PENELOPE >>>  Photon mass attenuation coefficients (mac).
 # 
 #   Energy       mac_Ra       mac_Co       mac_ph       mac_pp       mac_tot
 #    (eV)       (cm**2/g)    (cm**2/g)    (cm**2/g)    (cm**2/g)    (cm**2/g)
 #------------------------------------------------------------------------------
   5.00000E+01  2.67680E-02  5.61495E-03  3.25199E+04  1.00000E-35  3.25199E+04
   5.12057E+01  2.92557E-02  5.61783E-03  3.46780E+04  1.00000E-35  3.46781E+04
   5.24404E+01  3.35198E-02  5.62072E-03  3.68785E+04  1.00000E-35  3.68785E+04
   5.37050E+01  3.94842E-02  5.62360E-03  3.90913E+04  1.00000E-35  3.90913E+04
   5.50000E+01  4.72824E-02  5.62660E-03  4.12865E+04  1.00000E-35  4.12866E+04
   5.62095E+01  5.60871E-02  5.62946E-03  4.32516E+04  1.00000E-35  4.32517E+04
   5.74456E+01  6.64076E-02  5.63232E-03  4.51595E+04  1.00000E-35  4.51596E+04
   5.87089E+01  7.85400E-02  5.63518E-03  4.69938E+04  1.00000E-35  4.69939E+04
   6.00000E+01  9.22956E-02  5.63820E-03  4.87409E+04  1.00000E-35  4.87410E+04
   6.11673E+01  1.05777E-01  5.64096E-03  5.02080E+04  1.00000E-35  5.02081E+04
   6.23574E+01  1.20396E-01  5.64373E-03  5.15941E+04  1.00000E-35  5.15942E+04
   6.35706E+01  1.36036E-01  5.64649E-03  5.28969E+04  1.00000E-35  5.28970E+04
   6.48074E+01  1.52716E-01  5.64933E-03  5.41155E+04  1.00000E-35  5.41157E+04
   6.60683E+01  1.70276E-01  5.65233E-03  5.52508E+04  1.00000E-35  5.52510E+04
   6.73537E+01  1.88595E-01  5.65533E-03  5.63049E+04  1.00000E-35  5.63051E+04
   6.86641E+01  2.07887E-01  5.65833E-03  5.72811E+04  1.00000E-35  5.72813E+04
   7.00000E+01  2.27909E-01  5.66134E-03  5.81832E+04  1.00000E-35  5.81834E+04
   7.23762E+01  2.64160E-01  5.66697E-03  5.95837E+04  1.00000E-35  5.95840E+04
   7.48331E+01  3.02445E-01  5.67263E-03  6.07983E+04  1.00000E-35  6.07986E+04
   7.73735E+01  3.42929E-01  5.67850E-03  6.18484E+04  1.00000E-35  6.18488E+04
   8.00000E+01  3.85737E-01  5.68466E-03  6.27508E+04  1.00000E-35  6.27512E+04
   8.23907E+01  4.25017E-01  5.69009E-03  6.34328E+04  1.00000E-35  6.34332E+04
   8.48528E+01  4.67190E-01  5.69587E-03  6.40114E+04  1.00000E-35  6.40119E+04
   8.73885E+01  5.11108E-01  5.70177E-03  6.44858E+04  1.00000E-35  6.44863E+04
   9.00000E+01  5.56774E-01  5.70768E-03  6.48514E+04  1.00000E-35  6.48519E+04
   9.24021E+01  6.00187E-01  5.71337E-03  6.50801E+04  1.00000E-35  6.50807E+04
   9.48683E+01  6.45355E-01  5.71911E-03  6.52092E+04  1.00000E-35  6.52099E+04
   9.74004E+01  6.92264E-01  5.72487E-03  6.52317E+04  1.00000E-35  6.52324E+04
   1.00000E+02  7.40337E-01  5.73094E-03  6.51406E+04  1.00000E-35  6.51414E+04
   1.02411E+02  7.85062E-01  5.73659E-03  6.49554E+04  1.00000E-35  6.49562E+04
   1.04881E+02  8.29146E-01  5.74225E-03  6.46691E+04  1.00000E-35  6.46700E+04
   1.07410E+02  8.75341E-01  5.74800E-03  6.42799E+04  1.00000E-35  6.42808E+04
   1.10000E+02  9.21090E-01  5.75414E-03  6.37877E+04  1.00000E-35  6.37886E+04
   1.13572E+02  9.80238E-01  5.76239E-03  6.29689E+04  1.00000E-35  6.29699E+04
   1.17260E+02  1.03491E+00  5.77081E-03  6.19772E+04  1.00000E-35  6.19783E+04
   1.21068E+02  1.12794E+00  5.77978E-03  6.08271E+04  1.00000E-35  6.08282E+04
   1.25000E+02  1.24052E+00  5.78875E-03  5.95372E+04  1.00000E-35  5.95384E+04
   1.25000E+02  1.24052E+00  5.78875E-03  6.18819E+04  1.00000E-35  6.18832E+04
   1.25077E+02  1.24259E+00  5.78893E-03  6.18565E+04  1.00000E-35  6.18578E+04
   1.25153E+02  1.24464E+00  5.78910E-03  6.18310E+04  1.00000E-35  6.18322E+04
   1.25307E+02  1.24880E+00  5.78944E-03  6.17799E+04  1.00000E-35  6.17812E+04
   1.25614E+02  1.25712E+00  5.79013E-03  6.16773E+04  1.00000E-35  6.16786E+04
   1.26232E+02  1.27386E+00  5.79151E-03  6.14707E+04  1.00000E-35  6.14720E+04
   1.27475E+02  1.30490E+00  5.79442E-03  6.10523E+04  1.00000E-35  6.10536E+04
   1.30000E+02  1.35039E+00  5.80040E-03  6.01993E+04  1.00000E-35  6.02006E+04
   1.30000E+02  1.35039E+00  5.80040E-03  6.12512E+04  1.00000E-35  6.12525E+04
   1.30075E+02  1.35166E+00  5.80058E-03  6.12258E+04  1.00000E-35  6.12272E+04
   1.30151E+02  1.35294E+00  5.80076E-03  6.12004E+04  1.00000E-35  6.12018E+04
   1.30301E+02  1.35549E+00  5.80111E-03  6.11495E+04  1.00000E-35  6.11509E+04
   1.30604E+02  1.36063E+00  5.80182E-03  6.10476E+04  1.00000E-35  6.10489E+04
   1.31210E+02  1.37089E+00  5.80323E-03  6.08430E+04  1.00000E-35  6.08443E+04
   1.32431E+02  1.39105E+00  5.80605E-03  6.04308E+04  1.00000E-35  6.04322E+04
   1.34907E+02  1.43099E+00  5.81171E-03  5.95960E+04  1.00000E-35  5.95974E+04
   1.40000E+02  1.50993E+00  5.82344E-03  5.78855E+04  1.00000E-35  5.78871E+04
   1.44914E+02  1.58052E+00  5.83488E-03  5.62460E+04  1.00000E-35  5.62476E+04
   1.50000E+02  1.64917E+00  5.84635E-03  5.45741E+04  1.00000E-35  5.45757E+04
   1.55893E+02  1.72260E+00  5.86022E-03  5.26865E+04  1.00000E-35  5.26882E+04
   1.62019E+02  1.78652E+00  5.87413E-03  5.07889E+04  1.00000E-35  5.07907E+04
   1.68384E+02  1.83083E+00  5.88905E-03  4.88843E+04  1.00000E-35  4.88861E+04
   1.75000E+02  2.16869E+00  5.90422E-03  4.69657E+04  1.00000E-35  4.69678E+04
   1.84000E+02  2.19822E+00  5.92530E-03  4.44359E+04  1.00000E-35  4.44381E+04
   1.84000E+02  2.19822E+00  5.92530E-03  4.64956E+04  1.00000E-35  4.64978E+04
   1.84120E+02  2.19973E+00  5.92558E-03  4.64582E+04  1.00000E-35  4.64604E+04
   1.84240E+02  2.20123E+00  5.92586E-03  4.64208E+04  1.00000E-35  4.64230E+04
   1.84480E+02  2.20423E+00  5.92642E-03  4.63461E+04  1.00000E-35  4.63483E+04
   1.84961E+02  2.21026E+00  5.92754E-03  4.61971E+04  1.00000E-35  4.61993E+04
   1.85928E+02  2.22237E+00  5.92979E-03  4.59025E+04  1.00000E-35  4.59047E+04
   1.87876E+02  2.24677E+00  5.93429E-03  4.53260E+04  1.00000E-35  4.53283E+04
   1.91833E+02  2.29638E+00  5.94330E-03  4.42082E+04  1.00000E-35  4.42105E+04
   2.00000E+02  2.38903E+00  5.96284E-03  4.20385E+04  1.00000E-35  4.20409E+04
   2.09762E+02  2.49006E+00  5.98559E-03  3.95876E+04  1.00000E-35  3.95901E+04
   2.20000E+02  2.58478E+00  6.01172E-03  3.71525E+04  1.00000E-35  3.71551E+04
   2.27144E+02  2.64581E+00  6.02942E-03  3.55403E+04  1.00000E-35  3.55429E+04
   2.34521E+02  2.70170E+00  6.05018E-03  3.39562E+04  1.00000E-35  3.39589E+04
   2.50000E+02  2.80918E+00  6.09442E-03  3.08997E+04  1.00000E-35  3.09025E+04
   2.61659E+02  2.88067E+00  6.13384E-03  2.88192E+04  1.00000E-35  2.88221E+04
   2.73861E+02  2.94654E+00  6.17665E-03  2.68200E+04  1.00000E-35  2.68229E+04
   2.86633E+02  3.01067E+00  6.22965E-03  2.48996E+04  1.00000E-35  2.49026E+04
   3.00000E+02  3.06580E+00  6.29026E-03  2.30605E+04  1.00000E-35  2.30636E+04
   3.11787E+02  3.10606E+00  6.35159E-03  2.15736E+04  1.00000E-35  2.15767E+04
   3.24037E+02  3.14341E+00  6.41894E-03  2.01541E+04  1.00000E-35  2.01572E+04
   3.36768E+02  3.17790E+00  6.50206E-03  1.88056E+04  1.00000E-35  1.88088E+04
   3.50000E+02  3.20808E+00  6.58812E-03  1.75293E+04  1.00000E-35  1.75325E+04
   3.74166E+02  3.25042E+00  6.78069E-03  1.54843E+04  1.00000E-35  1.54876E+04
   4.00000E+02  3.28089E+00  7.01694E-03  1.36343E+04  1.00000E-35  1.36376E+04
   4.24264E+02  3.29891E+00  7.26086E-03  1.21519E+04  1.00000E-35  1.21552E+04
   4.50000E+02  3.30899E+00  7.53781E-03  1.08039E+04  1.00000E-35  1.08073E+04
   4.74342E+02  3.31361E+00  7.82663E-03  9.70941E+03  1.00000E-35  9.71273E+03
   5.00000E+02  3.31050E+00  8.13844E-03  8.71456E+03  1.00000E-35  8.71788E+03
   5.24404E+02  3.30334E+00  8.44722E-03  7.89394E+03  1.00000E-35  7.89725E+03
   5.50000E+02  3.29077E+00  8.78374E-03  7.14214E+03  1.00000E-35  7.14544E+03
   6.00000E+02  3.25442E+00  9.46193E-03  5.93080E+03  1.00000E-35  5.93407E+03
   6.48074E+02  3.20620E+00  1.01342E-02  5.01679E+03  1.00000E-35  5.02001E+03
   7.00000E+02  3.13510E+00  1.08730E-02  4.23482E+03  1.00000E-35  4.23796E+03
   7.48331E+02  3.05847E+00  1.15651E-02  3.64964E+03  1.00000E-35  3.65271E+03
   8.00000E+02  2.96771E+00  1.23049E-02  3.13989E+03  1.00000E-35  3.14287E+03
   8.48528E+02  2.87247E+00  1.29947E-02  2.74655E+03  1.00000E-35  2.74943E+03
   9.00000E+02  2.75648E+00  1.37205E-02  2.39987E+03  1.00000E-35  2.40264E+03
   1.00000E+03  2.46636E+00  1.51068E-02  1.87955E+03  1.00000E-35  1.88203E+03
   1.10000E+03  2.01632E+00  1.64628E-02  1.50259E+03  1.00000E-35  1.50462E+03
   1.22000E+03  7.86652E-01  1.80550E-02  1.17451E+03  1.00000E-35  1.17532E+03
   1.22000E+03  7.86652E-01  1.80550E-02  2.44345E+03  1.00000E-35  2.44425E+03
   1.22093E+03  7.86546E-01  1.80672E-02  2.79858E+03  1.00000E-35  2.79939E+03
   1.22185E+03  7.86442E-01  1.80793E-02  3.14366E+03  1.00000E-35  3.14446E+03
   1.22278E+03  7.86337E-01  1.80916E-02  3.46582E+03  1.00000E-35  3.46663E+03
   1.22371E+03  7.86232E-01  1.81038E-02  3.75678E+03  1.00000E-35  3.75758E+03
   1.22464E+03  7.86442E-01  1.81160E-02  4.01208E+03  1.00000E-35  4.01288E+03
   1.22557E+03  8.01088E-01  1.81283E-02  4.23041E+03  1.00000E-35  4.23123E+03
   1.22650E+03  8.15995E-01  1.81405E-02  4.41300E+03  1.00000E-35  4.41383E+03
   1.22743E+03  8.31168E-01  1.81527E-02  4.56272E+03  1.00000E-35  4.56357E+03
   1.22836E+03  8.46612E-01  1.81649E-02  4.68332E+03  1.00000E-35  4.68418E+03
   1.22930E+03  8.62501E-01  1.81773E-02  4.77886E+03  1.00000E-35  4.77974E+03
   1.23023E+03  8.78502E-01  1.81895E-02  4.85332E+03  1.00000E-35  4.85422E+03
   1.23116E+03  8.94787E-01  1.82017E-02  4.91039E+03  1.00000E-35  4.91130E+03
   1.23210E+03  9.11542E-01  1.82141E-02  4.95335E+03  1.00000E-35  4.95428E+03
   1.23304E+03  9.28597E-01  1.82264E-02  4.98499E+03  1.00000E-35  4.98594E+03
   1.23397E+03  9.45771E-01  1.82387E-02  5.00770E+03  1.00000E-35  5.00866E+03
   1.23491E+03  9.63440E-01  1.82510E-02  5.02342E+03  1.00000E-35  5.02441E+03
   1.23679E+03  1.00311E+00  1.82757E-02  5.04005E+03  1.00000E-35  5.04108E+03
   1.23866E+03  1.04847E+00  1.83003E-02  5.04433E+03  1.00000E-35  5.04540E+03
   1.24243E+03  1.14602E+00  1.83495E-02  5.03796E+03  1.00000E-35  5.03913E+03
   1.25000E+03  1.36173E+00  1.84481E-02  5.02284E+03  1.00000E-35  5.02422E+03
   1.25100E+03  1.39114E+00  1.84611E-02  5.02248E+03  1.00000E-35  5.02389E+03
   1.25100E+03  1.39114E+00  1.84611E-02  5.62838E+03  1.00000E-35  5.62979E+03
   1.25210E+03  1.42420E+00  1.84755E-02  5.83272E+03  1.00000E-35  5.83416E+03
   1.25320E+03  1.45802E+00  1.84898E-02  6.02885E+03  1.00000E-35  6.03033E+03
   1.25430E+03  1.49260E+00  1.85041E-02  6.20731E+03  1.00000E-35  6.20882E+03
   1.25541E+03  1.52830E+00  1.85186E-02  6.36271E+03  1.00000E-35  6.36426E+03
   1.25651E+03  1.56449E+00  1.85329E-02  6.49308E+03  1.00000E-35  6.49466E+03
   1.25762E+03  1.60185E+00  1.85473E-02  6.59906E+03  1.00000E-35  6.60068E+03
   1.25872E+03  1.63971E+00  1.85617E-02  6.68295E+03  1.00000E-35  6.68461E+03
   1.25983E+03  1.67373E+00  1.85761E-02  6.74784E+03  1.00000E-35  6.74953E+03
   1.26094E+03  1.70722E+00  1.85906E-02  6.79698E+03  1.00000E-35  6.79871E+03
   1.26205E+03  1.74136E+00  1.86050E-02  6.83343E+03  1.00000E-35  6.83519E+03
   1.26316E+03  1.77614E+00  1.86194E-02  6.85986E+03  1.00000E-35  6.86165E+03
   1.26427E+03  1.81159E+00  1.86339E-02  6.87848E+03  1.00000E-35  6.88031E+03
   1.26649E+03  1.88452E+00  1.86628E-02  6.89917E+03  1.00000E-35  6.90107E+03
   1.26872E+03  1.96060E+00  1.86918E-02  6.90581E+03  1.00000E-35  6.90779E+03
   1.27319E+03  2.09626E+00  1.87499E-02  6.89916E+03  1.00000E-35  6.90128E+03
   1.27768E+03  2.22214E+00  1.88082E-02  6.88188E+03  1.00000E-35  6.88412E+03
   1.28669E+03  2.45123E+00  1.89252E-02  6.83548E+03  1.00000E-35  6.83795E+03
   1.29577E+03  2.64016E+00  1.90431E-02  6.77320E+03  1.00000E-35  6.77586E+03
   1.30492E+03  2.78498E+00  1.91617E-02  6.69240E+03  1.00000E-35  6.69520E+03
   1.31413E+03  2.89852E+00  1.92810E-02  6.59614E+03  1.00000E-35  6.59906E+03
   1.32340E+03  2.99671E+00  1.94010E-02  6.49051E+03  1.00000E-35  6.49353E+03
   1.36116E+03  3.25284E+00  1.98880E-02  6.06890E+03  1.00000E-35  6.07217E+03
   1.38045E+03  3.35418E+00  2.01352E-02  5.86125E+03  1.00000E-35  5.86462E+03
   1.40000E+03  3.51137E+00  2.03854E-02  5.65316E+03  1.00000E-35  5.65669E+03
   1.41300E+03  3.63881E+00  2.05515E-02  5.51935E+03  1.00000E-35  5.52301E+03
   1.41300E+03  3.63881E+00  2.05515E-02  6.31263E+03  1.00000E-35  6.31629E+03
   1.41432E+03  3.65233E+00  2.05684E-02  6.29783E+03  1.00000E-35  6.30150E+03
   1.41564E+03  3.66588E+00  2.05852E-02  6.28305E+03  1.00000E-35  6.28673E+03
   1.41829E+03  3.69321E+00  2.06190E-02  6.25362E+03  1.00000E-35  6.25734E+03
   1.42359E+03  3.74601E+00  2.06867E-02  6.19523E+03  1.00000E-35  6.19900E+03
   1.43427E+03  3.84890E+00  2.08229E-02  6.08045E+03  1.00000E-35  6.08432E+03
   1.45585E+03  4.00788E+00  2.10977E-02  5.85908E+03  1.00000E-35  5.86311E+03
   1.50000E+03  4.21795E+00  2.16570E-02  5.45094E+03  1.00000E-35  5.45518E+03
   1.55893E+03  4.39977E+00  2.23995E-02  4.97252E+03  1.00000E-35  4.97694E+03
   1.62019E+03  4.53135E+00  2.31662E-02  4.53001E+03  1.00000E-35  4.53456E+03
   1.75000E+03  4.68688E+00  2.47729E-02  3.75729E+03  1.00000E-35  3.76200E+03
   1.87083E+03  4.74795E+00  2.62434E-02  3.18992E+03  1.00000E-35  3.19469E+03
   2.00000E+03  4.76196E+00  2.77793E-02  2.70415E+03  1.00000E-35  2.70894E+03
   2.20000E+03  4.72138E+00  3.00812E-02  2.12870E+03  1.00000E-35  2.13345E+03
   2.34521E+03  4.65637E+00  3.16813E-02  1.80955E+03  1.00000E-35  1.81424E+03
   2.50000E+03  4.57505E+00  3.33267E-02  1.53655E+03  1.00000E-35  1.54115E+03
   2.73861E+03  4.43366E+00  3.57300E-02  1.21409E+03  1.00000E-35  1.21856E+03
   3.00000E+03  4.27032E+00  3.81911E-02  9.57198E+02  1.00000E-35  9.61506E+02
   3.24037E+03  4.11385E+00  4.03105E-02  7.81583E+02  1.00000E-35  7.85737E+02
   3.50000E+03  3.94905E+00  4.24622E-02  6.37333E+02  1.00000E-35  6.41325E+02
   4.00000E+03  3.64821E+00  4.62710E-02  4.46238E+02  1.00000E-35  4.49933E+02
   4.50000E+03  3.36375E+00  4.97356E-02  3.24941E+02  1.00000E-35  3.28354E+02
   5.00000E+03  3.10047E+00  5.29625E-02  2.44165E+02  1.00000E-35  2.47318E+02
   5.50000E+03  2.86076E+00  5.60179E-02  1.88236E+02  1.00000E-35  1.91153E+02
   6.00000E+03  2.64194E+00  5.89349E-02  1.48257E+02  1.00000E-35  1.50958E+02
   7.00000E+03  2.25079E+00  6.43843E-02  9.68643E+01  1.00000E-35  9.91795E+01
   8.00000E+03  1.91696E+00  6.93662E-02  6.68214E+01  1.00000E-35  6.88077E+01
   9.00000E+03  1.62615E+00  7.39201E-02  4.80689E+01  1.00000E-35  4.97690E+01
   1.00000E+04  1.35250E+00  7.81097E-02  3.57522E+01  1.00000E-35  3.71828E+01
   1.10000E+04  9.31031E-01  8.19622E-02  2.73239E+01  1.00000E-35  2.83369E+01
   1.11070E+04  9.30376E-01  8.23608E-02  2.65856E+01  1.00000E-35  2.75983E+01
   1.11070E+04  9.30376E-01  8.23608E-02  2.02300E+02  1.00000E-35  2.03313E+02
   1.11173E+04  9.34315E-01  8.23990E-02  1.90236E+02  1.00000E-35  1.91253E+02
   1.11275E+04  9.38229E-01  8.24369E-02  1.92768E+02  1.00000E-35  1.93789E+02
   1.11378E+04  9.42194E-01  8.24752E-02  1.95801E+02  1.00000E-35  1.96826E+02
   1.11481E+04  9.46172E-01  8.25128E-02  1.96731E+02  1.00000E-35  1.97760E+02
   1.11584E+04  9.50164E-01  8.25497E-02  1.96199E+02  1.00000E-35  1.97232E+02
   1.11687E+04  9.54191E-01  8.25865E-02  1.95169E+02  1.00000E-35  1.96206E+02
   1.11790E+04  9.60582E-01  8.26233E-02  1.94378E+02  1.00000E-35  1.95421E+02
   1.11893E+04  9.67009E-01  8.26601E-02  1.93964E+02  1.00000E-35  1.95014E+02
   1.12100E+04  9.80039E-01  8.27340E-02  1.93760E+02  1.00000E-35  1.94823E+02
   1.12307E+04  9.93219E-01  8.28078E-02  1.93343E+02  1.00000E-35  1.94419E+02
   1.12515E+04  1.00662E+00  8.28819E-02  1.92405E+02  1.00000E-35  1.93494E+02
   1.12723E+04  1.02013E+00  8.29559E-02  1.91241E+02  1.00000E-35  1.92344E+02
   1.13140E+04  1.04155E+00  8.31041E-02  1.89331E+02  1.00000E-35  1.90456E+02
   1.13558E+04  1.06340E+00  8.32523E-02  1.87804E+02  1.00000E-35  1.88951E+02
   1.13978E+04  1.08107E+00  8.34010E-02  1.86090E+02  1.00000E-35  1.87255E+02
   1.14400E+04  1.09454E+00  8.35502E-02  1.84200E+02  1.00000E-35  1.85378E+02
   1.17829E+04  1.14802E+00  8.47514E-02  1.70806E+02  1.00000E-35  1.72039E+02
   1.25000E+04  1.15024E+00  8.71551E-02  1.46685E+02  1.00000E-35  1.47923E+02
   1.40000E+04  1.06608E+00  9.17479E-02  1.08945E+02  1.00000E-35  1.10103E+02
   1.50000E+04  9.97434E-01  9.45086E-02  9.07178E+01  1.00000E-35  9.18097E+01
   1.75000E+04  8.38651E-01  1.00531E-01  5.99691E+01  1.00000E-35  6.09083E+01
   1.87083E+04  7.72615E-01  1.03051E-01  5.00207E+01  1.00000E-35  5.08963E+01
   2.00000E+04  7.09871E-01  1.05481E-01  4.16709E+01  1.00000E-35  4.24862E+01
   2.20000E+04  6.26268E-01  1.08769E-01  3.20382E+01  1.00000E-35  3.27732E+01
   2.50000E+04  5.24481E-01  1.12775E-01  2.24349E+01  1.00000E-35  2.30722E+01
   3.00000E+04  3.98906E-01  1.17670E-01  1.34032E+01  1.00000E-35  1.39198E+01
   3.24037E+04  3.53330E-01  1.19390E-01  1.07559E+01  1.00000E-35  1.12286E+01
   3.50000E+04  3.12961E-01  1.20897E-01  8.62101E+00  1.00000E-35  9.05487E+00
   4.00000E+04  2.51530E-01  1.23025E-01  5.85914E+00  1.00000E-35  6.23370E+00
   4.50000E+04  2.05982E-01  1.24356E-01  4.15607E+00  1.00000E-35  4.48640E+00
   5.00000E+04  1.72105E-01  1.25182E-01  3.05050E+00  1.00000E-35  3.34779E+00
   5.50000E+04  1.46286E-01  1.25617E-01  2.30246E+00  1.00000E-35  2.57437E+00
   6.00000E+04  1.25747E-01  1.25745E-01  1.77882E+00  1.00000E-35  2.03032E+00
   7.00000E+04  9.60809E-02  1.25323E-01  1.12329E+00  1.00000E-35  1.34469E+00
   8.00000E+04  7.59119E-02  1.24340E-01  7.52610E-01  1.00000E-35  9.52862E-01
   9.00000E+04  6.16158E-02  1.23024E-01  5.27878E-01  1.00000E-35  7.12518E-01
   1.00000E+05  5.09658E-02  1.21521E-01  3.84023E-01  1.00000E-35  5.56510E-01
   1.10000E+05  4.28947E-02  1.19877E-01  2.87831E-01  1.00000E-35  4.50603E-01
   1.25000E+05  3.38878E-02  1.17303E-01  1.95440E-01  1.00000E-35  3.46631E-01
   1.40000E+05  2.74137E-02  1.14730E-01  1.38668E-01  1.00000E-35  2.80812E-01
   1.50000E+05  2.40798E-02  1.13008E-01  1.12548E-01  1.00000E-35  2.49636E-01
   1.62019E+05  2.08213E-02  1.10990E-01  8.90897E-02  1.00000E-35  2.20901E-01
   1.75000E+05  1.79789E-02  1.08878E-01  7.06886E-02  1.00000E-35  1.97545E-01
   2.00000E+05  1.39366E-02  1.05037E-01  4.73546E-02  1.00000E-35  1.66328E-01
   2.20000E+05  1.16053E-02  1.02169E-01  3.56448E-02  1.00000E-35  1.49419E-01
   2.34521E+05  1.02582E-02  1.00216E-01  2.94879E-02  1.00000E-35  1.39962E-01
   2.50000E+05  9.06745E-03  9.82223E-02  2.44328E-02  1.00000E-35  1.31723E-01
   2.73861E+05  7.60431E-03  9.53539E-02  1.86909E-02  1.00000E-35  1.21649E-01
   2.86633E+05  6.95997E-03  9.38995E-02  1.63819E-02  1.00000E-35  1.17241E-01
   3.00000E+05  6.36975E-03  9.24577E-02  1.43814E-02  1.00000E-35  1.13209E-01
   3.24037E+05  5.48008E-03  8.99911E-02  1.15390E-02  1.00000E-35  1.07010E-01
   3.50000E+05  4.71441E-03  8.75225E-02  9.28319E-03  1.00000E-35  1.01520E-01
   3.74166E+05  4.13818E-03  8.53856E-02  7.70469E-03  1.00000E-35  9.72285E-02
   4.00000E+05  3.63204E-03  8.32581E-02  6.41467E-03  1.00000E-35  9.33048E-02
   4.24264E+05  3.23370E-03  8.13943E-02  5.46702E-03  1.00000E-35  9.00951E-02
   4.50000E+05  2.87903E-03  7.95308E-02  4.67013E-03  1.00000E-35  8.70800E-02
   4.74342E+05  2.59486E-03  7.78742E-02  4.06337E-03  1.00000E-35  8.45324E-02
   5.00000E+05  2.33875E-03  7.62367E-02  3.54287E-03  1.00000E-35  8.21183E-02
   5.24404E+05  2.12891E-03  7.47521E-02  3.13455E-03  1.00000E-35  8.00156E-02
   5.50000E+05  1.93790E-03  7.32874E-02  2.77825E-03  1.00000E-35  7.80036E-02
   5.74456E+05  1.77853E-03  7.19537E-02  2.49208E-03  1.00000E-35  7.62243E-02
   6.00000E+05  1.63186E-03  7.06341E-02  2.23856E-03  1.00000E-35  7.45045E-02
   6.23574E+05  1.51207E-03  6.94695E-02  2.03748E-03  1.00000E-35  7.30190E-02
   6.48074E+05  1.40069E-03  6.83189E-02  1.85677E-03  1.00000E-35  7.15764E-02
   6.73537E+05  1.29736E-03  6.71682E-02  1.69487E-03  1.00000E-35  7.01604E-02
   7.00000E+05  1.20165E-03  6.60365E-02  1.54938E-03  1.00000E-35  6.87875E-02
   7.48331E+05  1.05225E-03  6.40802E-02  1.32902E-03  1.00000E-35  6.64615E-02
   8.00000E+05  9.21424E-04  6.21519E-02  1.14421E-03  1.00000E-35  6.42175E-02
   8.48528E+05  8.19595E-04  6.04768E-02  1.00555E-03  1.00000E-35  6.23019E-02
   9.00000E+05  7.29022E-04  5.88278E-02  8.86427E-04  1.00000E-35  6.04432E-02
   9.48683E+05  6.56517E-04  5.73644E-02  7.93630E-04  1.00000E-35  5.88145E-02
   1.00000E+06  5.91222E-04  5.59252E-02  7.12176E-04  1.00000E-35  5.72286E-02
   1.04881E+06  5.37768E-04  5.46372E-02  6.46890E-04  9.51244E-13  5.58218E-02
   1.10000E+06  4.89138E-04  5.33628E-02  5.88636E-04  3.75744E-06  5.44444E-02
   1.17260E+06  4.30569E-04  5.16839E-02  5.19946E-04  3.10885E-05  5.26655E-02
   1.25000E+06  3.78981E-04  5.00339E-02  4.60785E-04  8.57566E-05  5.09594E-02
   1.32288E+06  3.38425E-04  4.85898E-02  4.14906E-04  1.60794E-04  4.95039E-02
   1.40000E+06  3.02210E-04  4.71735E-02  3.74443E-04  2.69072E-04  4.81192E-02
   1.50000E+06  2.63304E-04  4.54828E-02  3.31377E-04  4.40525E-04  4.65180E-02
   1.62019E+06  2.25731E-04  4.36323E-02  2.90022E-04  6.80972E-04  4.48291E-02
   1.75000E+06  1.93523E-04  4.18275E-02  2.54857E-04  9.78451E-04  4.32543E-02
   1.87083E+06  1.69362E-04  4.03015E-02  2.28382E-04  1.28079E-03  4.19800E-02
   2.00000E+06  1.48218E-04  3.88117E-02  2.05177E-04  1.62561E-03  4.07907E-02
   2.09762E+06  1.34760E-04  3.77736E-02  1.90391E-04  1.90295E-03  4.00017E-02
   2.20000E+06  1.22523E-04  3.67458E-02  1.76898E-04  2.18117E-03  3.92264E-02
   2.34521E+06  1.07838E-04  3.54014E-02  1.60523E-04  2.59535E-03  3.82651E-02
   2.50000E+06  9.49131E-05  3.40917E-02  1.45915E-04  3.04451E-03  3.73771E-02
   2.73861E+06  7.91126E-05  3.22769E-02  1.27663E-04  3.72703E-03  3.62107E-02
   3.00000E+06  6.59422E-05  3.05309E-02  1.12116E-04  4.46497E-03  3.51739E-02
   3.24037E+06  5.65331E-05  2.91097E-02  1.00649E-04  5.13091E-03  3.43977E-02
   3.50000E+06  4.84618E-05  2.77365E-02  9.05254E-05  5.83042E-03  3.37059E-02
   3.74166E+06  4.24056E-05  2.65831E-02  8.26952E-05  6.45787E-03  3.31661E-02
   4.00000E+06  3.71056E-05  2.54649E-02  7.56456E-05  7.10750E-03  3.26852E-02
   4.50000E+06  2.93191E-05  2.35826E-02  6.48177E-05  8.32230E-03  3.19990E-02
   5.00000E+06  2.37491E-05  2.19883E-02  5.66113E-05  9.44890E-03  3.15175E-02
   5.50000E+06  1.96279E-05  2.06205E-02  5.01918E-05  1.04938E-02  3.11841E-02
   6.00000E+06  1.64933E-05  1.94318E-02  4.50417E-05  1.15161E-02  3.10094E-02
   6.48074E+06  1.41374E-05  1.84256E-02  4.09678E-05  1.24480E-02  3.09286E-02
   7.00000E+06  1.21181E-05  1.74622E-02  3.73100E-05  1.33800E-02  3.08916E-02
   8.00000E+06  9.27830E-06  1.58916E-02  3.17974E-05  1.50507E-02  3.09834E-02
   9.00000E+06  7.33122E-06  1.46055E-02  2.76780E-05  1.65680E-02  3.12085E-02
   1.00000E+07  5.93846E-06  1.35308E-02  2.44876E-05  1.79428E-02  3.15040E-02
   1.10000E+07  4.90787E-06  1.26180E-02  2.19468E-05  1.92002E-02  3.18451E-02
   1.25000E+07  3.80066E-06  1.14781E-02  1.89802E-05  2.08935E-02  3.23943E-02
   1.40000E+07  3.02988E-06  1.05433E-02  1.67124E-05  2.24078E-02  3.29709E-02
   1.50000E+07  2.63936E-06  1.00080E-02  1.54764E-05  2.33281E-02  3.33543E-02
   1.75000E+07  1.93913E-06  8.89858E-03  1.30561E-05  2.53916E-02  3.43052E-02
   2.00000E+07  1.48466E-06  8.02786E-03  1.12861E-05  2.71948E-02  3.52354E-02
   2.20000E+07  1.22699E-06  7.45459E-03  1.01800E-05  2.84786E-02  3.59446E-02
   2.50000E+07  9.50189E-07  6.74407E-03  8.87356E-06  3.01906E-02  3.69445E-02
   3.00000E+07  6.59854E-07  5.83797E-03  7.30774E-06  3.26000E-02  3.84459E-02
   3.50000E+07  4.84792E-07  5.16126E-03  6.21033E-06  3.45998E-02  3.97678E-02
   4.00000E+07  3.71169E-07  4.63493E-03  5.39882E-06  3.63023E-02  4.09429E-02
   4.50000E+07  2.93270E-07  4.21267E-03  4.77453E-06  3.77683E-02  4.19860E-02
   5.00000E+07  2.37548E-07  3.86589E-03  4.27944E-06  3.90478E-02  4.29182E-02
   5.50000E+07  1.96321E-07  3.57559E-03  3.87724E-06  4.01747E-02  4.37543E-02
   6.00000E+07  1.64964E-07  3.32867E-03  3.54407E-06  4.12096E-02  4.45419E-02
   7.00000E+07  1.21198E-07  2.93044E-03  3.02418E-06  4.29608E-02  4.58944E-02
   8.00000E+07  9.27929E-08  2.62259E-03  2.63722E-06  4.44129E-02  4.70382E-02
   9.00000E+07  7.33176E-08  2.37683E-03  2.33799E-06  4.56347E-02  4.80139E-02
   1.00000E+08  5.93872E-08  2.17586E-03  2.09972E-06  4.66868E-02  4.88648E-02
   1.10000E+08  4.90805E-08  2.00819E-03  1.90550E-06  4.76015E-02  4.96116E-02
   1.25000E+08  3.80077E-08  1.80267E-03  1.67332E-06  4.87666E-02  5.05710E-02
   1.40000E+08  3.02996E-08  1.63756E-03  1.49156E-06  4.97479E-02  5.13870E-02
   1.50000E+08  2.63943E-08  1.54429E-03  1.39083E-06  5.03189E-02  5.18646E-02
   1.75000E+08  1.93917E-08  1.35410E-03  1.18994E-06  5.15286E-02  5.28839E-02
   2.00000E+08  1.48468E-08  1.20786E-03  1.03975E-06  5.25040E-02  5.37129E-02
   2.20000E+08  1.22701E-08  1.11296E-03  9.44384E-07  5.31551E-02  5.42690E-02
   2.50000E+08  9.50198E-09  9.96965E-04  8.30170E-07  5.39718E-02  5.49696E-02
   3.00000E+08  6.59858E-09  8.51656E-04  6.90902E-07  5.50375E-02  5.58899E-02
   3.50000E+08  4.84794E-09  7.45074E-04  5.91646E-07  5.58490E-02  5.65946E-02
   4.00000E+08  3.71170E-09  6.63365E-04  5.17325E-07  5.64969E-02  5.71608E-02
   4.50000E+08  2.93271E-09  5.98598E-04  4.59592E-07  5.70267E-02  5.76257E-02
   5.00000E+08  2.37549E-09  5.45936E-04  4.13451E-07  5.74659E-02  5.80123E-02
   5.50000E+08  1.96322E-09  5.02222E-04  3.75730E-07  5.78263E-02  5.83289E-02
   6.00000E+08  1.64965E-09  4.65316E-04  3.44315E-07  5.81533E-02  5.86189E-02
   7.00000E+08  1.21199E-09  4.06344E-04  2.94988E-07  5.86685E-02  5.90751E-02
   8.00000E+08  9.27929E-10  3.61234E-04  2.58023E-07  5.90733E-02  5.94348E-02
   9.00000E+08  7.33178E-10  3.25550E-04  2.29291E-07  5.94015E-02  5.97272E-02
   9.48683E+08  6.59860E-10  3.10733E-04  2.17683E-07  5.95388E-02  5.98498E-02
   1.00000E+09  5.93874E-10  2.96583E-04  2.06316E-07  5.96732E-02  5.99700E-02
