 # Material data file: Mg                  
 # 
 # PENELOPE >>>  Photon mass attenuation coefficients (mac).
 # 
 #   Energy       mac_Ra       mac_Co       mac_ph       mac_pp       mac_tot
 #    (eV)       (cm**2/g)    (cm**2/g)    (cm**2/g)    (cm**2/g)    (cm**2/g)
 #------------------------------------------------------------------------------
   5.00000E+01  1.15904E-02  1.67792E-02  3.94280E+03  1.00000E-35  3.94283E+03
   5.19615E+01  3.67511E-02  1.67933E-02  3.78482E+03  1.00000E-35  3.78487E+03
   5.40000E+01  1.12634E-01  1.68074E-02  3.62845E+03  1.00000E-35  3.62858E+03
   5.40000E+01  1.12634E-01  1.68074E-02  4.94336E+04  1.00000E-35  4.94337E+04
   5.40310E+01  1.12658E-01  1.68076E-02  4.97146E+04  1.00000E-35  4.97147E+04
   5.40620E+01  1.12681E-01  1.68078E-02  4.99960E+04  1.00000E-35  4.99962E+04
   5.41240E+01  1.12729E-01  1.68082E-02  5.05597E+04  1.00000E-35  5.05599E+04
   5.42483E+01  1.12823E-01  1.68091E-02  5.16930E+04  1.00000E-35  5.16932E+04
   5.44977E+01  1.13374E-01  1.68108E-02  5.40015E+04  1.00000E-35  5.40017E+04
   5.47483E+01  1.15498E-01  1.68126E-02  5.63762E+04  1.00000E-35  5.63763E+04
   5.50000E+01  1.18331E-01  1.68145E-02  5.87962E+04  1.00000E-35  5.87964E+04
   5.52999E+01  1.25527E-01  1.68166E-02  6.17190E+04  1.00000E-35  6.17191E+04
   5.56015E+01  1.33699E-01  1.68188E-02  6.46955E+04  1.00000E-35  6.46956E+04
   5.59047E+01  1.43076E-01  1.68209E-02  6.77186E+04  1.00000E-35  6.77187E+04
   5.62095E+01  1.52913E-01  1.68231E-02  7.07815E+04  1.00000E-35  7.07817E+04
   5.65160E+01  1.63328E-01  1.68253E-02  7.38775E+04  1.00000E-35  7.38776E+04
   5.68242E+01  1.73976E-01  1.68274E-02  7.69994E+04  1.00000E-35  7.69996E+04
   5.71341E+01  1.85208E-01  1.68296E-02  8.01397E+04  1.00000E-35  8.01399E+04
   5.74456E+01  1.96969E-01  1.68317E-02  8.32919E+04  1.00000E-35  8.32921E+04
   5.77589E+01  2.09030E-01  1.68339E-02  8.64480E+04  1.00000E-35  8.64482E+04
   5.80738E+01  2.21605E-01  1.68361E-02  8.96017E+04  1.00000E-35  8.96019E+04
   5.83905E+01  2.34201E-01  1.68382E-02  9.27457E+04  1.00000E-35  9.27459E+04
   5.87089E+01  2.47265E-01  1.68404E-02  9.58731E+04  1.00000E-35  9.58733E+04
   5.90291E+01  2.60463E-01  1.68426E-02  9.89772E+04  1.00000E-35  9.89775E+04
   5.93510E+01  2.73831E-01  1.68448E-02  1.02052E+05  1.00000E-35  1.02052E+05
   5.96746E+01  2.87519E-01  1.68472E-02  1.05091E+05  1.00000E-35  1.05091E+05
   6.00000E+01  3.01378E-01  1.68495E-02  1.08089E+05  1.00000E-35  1.08089E+05
   6.05809E+01  3.26511E-01  1.68537E-02  1.13281E+05  1.00000E-35  1.13281E+05
   6.11673E+01  3.52548E-01  1.68579E-02  1.18298E+05  1.00000E-35  1.18298E+05
   6.17595E+01  3.79240E-01  1.68620E-02  1.23116E+05  1.00000E-35  1.23116E+05
   6.23574E+01  4.06424E-01  1.68662E-02  1.27715E+05  1.00000E-35  1.27716E+05
   6.29611E+01  4.33591E-01  1.68704E-02  1.32080E+05  1.00000E-35  1.32080E+05
   6.35706E+01  4.61122E-01  1.68746E-02  1.36197E+05  1.00000E-35  1.36198E+05
   6.41860E+01  4.88572E-01  1.68788E-02  1.40058E+05  1.00000E-35  1.40059E+05
   6.48074E+01  5.16050E-01  1.68832E-02  1.43659E+05  1.00000E-35  1.43660E+05
   6.54348E+01  5.43480E-01  1.68877E-02  1.46998E+05  1.00000E-35  1.46999E+05
   6.60683E+01  5.70661E-01  1.68922E-02  1.50075E+05  1.00000E-35  1.50076E+05
   6.67079E+01  5.97498E-01  1.68968E-02  1.52894E+05  1.00000E-35  1.52895E+05
   6.73537E+01  6.23718E-01  1.69013E-02  1.55462E+05  1.00000E-35  1.55462E+05
   6.80057E+01  6.49800E-01  1.69058E-02  1.57784E+05  1.00000E-35  1.57784E+05
   6.86641E+01  6.74790E-01  1.69104E-02  1.59869E+05  1.00000E-35  1.59870E+05
   6.93288E+01  7.00059E-01  1.69149E-02  1.61728E+05  1.00000E-35  1.61729E+05
   7.00000E+01  7.24581E-01  1.69195E-02  1.63371E+05  1.00000E-35  1.63372E+05
   7.11782E+01  7.65679E-01  1.69279E-02  1.65736E+05  1.00000E-35  1.65737E+05
   7.23762E+01  8.04961E-01  1.69365E-02  1.67542E+05  1.00000E-35  1.67542E+05
   7.35944E+01  8.43028E-01  1.69450E-02  1.68843E+05  1.00000E-35  1.68844E+05
   7.48331E+01  8.79654E-01  1.69536E-02  1.69695E+05  1.00000E-35  1.69695E+05
   7.60927E+01  9.15243E-01  1.69622E-02  1.70145E+05  1.00000E-35  1.70145E+05
   7.73735E+01  9.49030E-01  1.69713E-02  1.70237E+05  1.00000E-35  1.70238E+05
   7.86758E+01  9.82564E-01  1.69806E-02  1.70012E+05  1.00000E-35  1.70013E+05
   8.00000E+01  1.01372E+00  1.69899E-02  1.69501E+05  1.00000E-35  1.69502E+05
   8.11865E+01  1.04087E+00  1.69982E-02  1.68838E+05  1.00000E-35  1.68839E+05
   8.23907E+01  1.06685E+00  1.70064E-02  1.67992E+05  1.00000E-35  1.67993E+05
   8.48528E+01  1.28426E+00  1.70239E-02  1.65808E+05  1.00000E-35  1.65809E+05
   8.73885E+01  1.40427E+00  1.70417E-02  1.63040E+05  1.00000E-35  1.63041E+05
   9.00000E+01  1.44111E+00  1.70596E-02  1.59754E+05  1.00000E-35  1.59755E+05
   9.20000E+01  1.49040E+00  1.70739E-02  1.56994E+05  1.00000E-35  1.56995E+05
   9.20000E+01  1.49040E+00  1.70739E-02  1.71509E+05  1.00000E-35  1.71511E+05
   9.20600E+01  1.49187E+00  1.70743E-02  1.71423E+05  1.00000E-35  1.71424E+05
   9.21199E+01  1.49336E+00  1.70747E-02  1.71336E+05  1.00000E-35  1.71337E+05
   9.22400E+01  1.49635E+00  1.70756E-02  1.71162E+05  1.00000E-35  1.71163E+05
   9.24807E+01  1.50233E+00  1.70773E-02  1.70811E+05  1.00000E-35  1.70812E+05
   9.29639E+01  1.51443E+00  1.70807E-02  1.70097E+05  1.00000E-35  1.70099E+05
   9.39379E+01  1.53958E+00  1.70876E-02  1.68630E+05  1.00000E-35  1.68631E+05
   9.59166E+01  1.58724E+00  1.71014E-02  1.65535E+05  1.00000E-35  1.65537E+05
   9.79370E+01  1.63434E+00  1.71151E-02  1.62244E+05  1.00000E-35  1.62245E+05
   1.00000E+02  1.67699E+00  1.71299E-02  1.58776E+05  1.00000E-35  1.58777E+05
   1.02411E+02  1.72517E+00  1.71470E-02  1.54623E+05  1.00000E-35  1.54624E+05
   1.04881E+02  1.77138E+00  1.71641E-02  1.50302E+05  1.00000E-35  1.50304E+05
   1.07410E+02  1.81471E+00  1.71815E-02  1.45844E+05  1.00000E-35  1.45846E+05
   1.10000E+02  1.85570E+00  1.72000E-02  1.41278E+05  1.00000E-35  1.41280E+05
   1.13572E+02  1.90638E+00  1.72250E-02  1.35037E+05  1.00000E-35  1.35039E+05
   1.17260E+02  1.95091E+00  1.72504E-02  1.28731E+05  1.00000E-35  1.28733E+05
   1.21068E+02  1.98975E+00  1.72775E-02  1.22428E+05  1.00000E-35  1.22430E+05
   1.25000E+02  2.02257E+00  1.73047E-02  1.16193E+05  1.00000E-35  1.16195E+05
   1.28592E+02  2.05111E+00  1.73298E-02  1.10764E+05  1.00000E-35  1.10766E+05
   1.32288E+02  2.07227E+00  1.73560E-02  1.05457E+05  1.00000E-35  1.05459E+05
   1.40000E+02  2.10844E+00  1.74095E-02  9.52965E+04  1.00000E-35  9.52986E+04
   1.44914E+02  2.12497E+00  1.74441E-02  8.94424E+04  1.00000E-35  8.94445E+04
   1.50000E+02  2.14118E+00  1.74788E-02  8.38528E+04  1.00000E-35  8.38550E+04
   1.55893E+02  2.15223E+00  1.75207E-02  7.79253E+04  1.00000E-35  7.79275E+04
   1.62019E+02  2.16292E+00  1.75628E-02  7.23266E+04  1.00000E-35  7.23288E+04
   1.68384E+02  2.17043E+00  1.76077E-02  6.70478E+04  1.00000E-35  6.70500E+04
   1.75000E+02  2.17604E+00  1.76534E-02  6.20772E+04  1.00000E-35  6.20794E+04
   1.87083E+02  2.18313E+00  1.77379E-02  5.41628E+04  1.00000E-35  5.41650E+04
   2.00000E+02  2.19024E+00  1.78277E-02  4.70894E+04  1.00000E-35  4.70916E+04
   2.09762E+02  2.19429E+00  1.78944E-02  4.25286E+04  1.00000E-35  4.25308E+04
   2.20000E+02  2.19340E+00  1.79664E-02  3.83549E+04  1.00000E-35  3.83571E+04
   2.34521E+02  2.19150E+00  1.80667E-02  3.33276E+04  1.00000E-35  3.33298E+04
   2.50000E+02  2.18276E+00  1.81728E-02  2.89011E+04  1.00000E-35  2.89033E+04
   2.73861E+02  2.16999E+00  1.83375E-02  2.35053E+04  1.00000E-35  2.35074E+04
   2.86633E+02  2.15992E+00  1.84259E-02  2.11645E+04  1.00000E-35  2.11667E+04
   3.00000E+02  2.14990E+00  1.85172E-02  1.90372E+04  1.00000E-35  1.90393E+04
   3.24037E+02  2.13076E+00  1.86812E-02  1.58797E+04  1.00000E-35  1.58819E+04
   3.50000E+02  2.10794E+00  1.88574E-02  1.32143E+04  1.00000E-35  1.32164E+04
   3.74166E+02  2.08825E+00  1.90220E-02  1.12514E+04  1.00000E-35  1.12535E+04
   4.00000E+02  2.06395E+00  1.91971E-02  9.56657E+03  1.00000E-35  9.56865E+03
   4.24264E+02  2.04259E+00  1.93601E-02  8.28129E+03  1.00000E-35  8.28335E+03
   4.50000E+02  2.01851E+00  1.95309E-02  7.16098E+03  1.00000E-35  7.16302E+03
   5.00000E+02  1.97029E+00  1.98683E-02  5.50821E+03  1.00000E-35  5.51020E+03
   5.50000E+02  1.92766E+00  2.02097E-02  4.33416E+03  1.00000E-35  4.33611E+03
   6.00000E+02  1.88715E+00  2.05631E-02  3.47560E+03  1.00000E-35  3.47750E+03
   6.48074E+02  1.84842E+00  2.09217E-02  2.85406E+03  1.00000E-35  2.85593E+03
   7.00000E+02  1.80567E+00  2.13378E-02  2.34063E+03  1.00000E-35  2.34246E+03
   8.00000E+02  1.71152E+00  2.22480E-02  1.65512E+03  1.00000E-35  1.65685E+03
   9.00000E+02  1.61198E+00  2.33225E-02  1.21555E+03  1.00000E-35  1.21719E+03
   1.00000E+03  1.49859E+00  2.45508E-02  9.20140E+02  1.00000E-35  9.21663E+02
   1.10000E+03  1.35152E+00  2.58879E-02  7.14029E+02  1.00000E-35  7.15407E+02
   1.25000E+03  8.84150E-01  2.80368E-02  5.06772E+02  1.00000E-35  5.07684E+02
   1.30800E+03  8.11734E-01  2.89145E-02  4.48401E+02  1.00000E-35  4.49242E+02
   1.30800E+03  8.11734E-01  2.89145E-02  5.63433E+03  1.00000E-35  5.63517E+03
   1.30869E+03  8.21632E-01  2.89249E-02  5.61619E+03  1.00000E-35  5.61704E+03
   1.30939E+03  8.31791E-01  2.89354E-02  5.59820E+03  1.00000E-35  5.59906E+03
   1.31078E+03  8.52321E-01  2.89563E-02  5.56329E+03  1.00000E-35  5.56417E+03
   1.31357E+03  8.95002E-01  2.89982E-02  5.50125E+03  1.00000E-35  5.50217E+03
   1.31636E+03  9.39722E-01  2.90400E-02  5.45167E+03  1.00000E-35  5.45264E+03
   1.31916E+03  9.81941E-01  2.90820E-02  5.41462E+03  1.00000E-35  5.41564E+03
   1.32197E+03  1.01557E+00  2.91241E-02  5.38876E+03  1.00000E-35  5.38980E+03
   1.32478E+03  1.05028E+00  2.91661E-02  5.37203E+03  1.00000E-35  5.37311E+03
   1.33042E+03  1.12332E+00  2.92505E-02  5.35712E+03  1.00000E-35  5.35827E+03
   1.34177E+03  1.22697E+00  2.94198E-02  5.35010E+03  1.00000E-35  5.35136E+03
   1.34748E+03  1.26770E+00  2.95049E-02  5.33804E+03  1.00000E-35  5.33934E+03
   1.35322E+03  1.30667E+00  2.95941E-02  5.31410E+03  1.00000E-35  5.31544E+03
   1.35898E+03  1.34016E+00  2.96842E-02  5.27793E+03  1.00000E-35  5.27930E+03
   1.36477E+03  1.37100E+00  2.97746E-02  5.23120E+03  1.00000E-35  5.23260E+03
   1.37058E+03  1.39942E+00  2.98653E-02  5.17674E+03  1.00000E-35  5.17817E+03
   1.37641E+03  1.42512E+00  2.99562E-02  5.11752E+03  1.00000E-35  5.11897E+03
   1.40000E+03  1.51043E+00  3.03228E-02  4.87750E+03  1.00000E-35  4.87904E+03
   1.50000E+03  1.70972E+00  3.18764E-02  4.07967E+03  1.00000E-35  4.08141E+03
   1.75000E+03  1.86027E+00  3.57989E-02  2.76357E+03  1.00000E-35  2.76547E+03
   2.00000E+03  1.86389E+00  3.96749E-02  1.96144E+03  1.00000E-35  1.96334E+03
   2.09762E+03  1.85325E+00  4.11604E-02  1.73301E+03  1.00000E-35  1.73490E+03
   2.20000E+03  1.83762E+00  4.27001E-02  1.52946E+03  1.00000E-35  1.53134E+03
   2.34521E+03  1.80795E+00  4.48483E-02  1.29140E+03  1.00000E-35  1.29325E+03
   2.50000E+03  1.76753E+00  4.70938E-02  1.08929E+03  1.00000E-35  1.09110E+03
   2.73861E+03  1.70445E+00  5.04638E-02  8.52052E+02  1.00000E-35  8.53807E+02
   3.00000E+03  1.63516E+00  5.40368E-02  6.64784E+02  1.00000E-35  6.66474E+02
   3.50000E+03  1.50509E+00  6.05619E-02  4.34330E+02  1.00000E-35  4.35896E+02
   3.74166E+03  1.44650E+00  6.35836E-02  3.60429E+02  1.00000E-35  3.61939E+02
   4.00000E+03  1.38466E+00  6.67165E-02  2.98773E+02  1.00000E-35  3.00224E+02
   4.50000E+03  1.27148E+00  7.25068E-02  2.13970E+02  1.00000E-35  2.15314E+02
   5.00000E+03  1.16805E+00  7.79408E-02  1.58289E+02  1.00000E-35  1.59535E+02
   5.50000E+03  1.07379E+00  8.30229E-02  1.20245E+02  1.00000E-35  1.21401E+02
   6.00000E+03  9.86367E-01  8.77540E-02  9.33867E+01  1.00000E-35  9.44608E+01
   7.00000E+03  8.35425E-01  9.62246E-02  5.94330E+01  1.00000E-35  6.03646E+01
   8.00000E+03  7.12021E-01  1.03558E-01  4.00276E+01  1.00000E-35  4.08432E+01
   9.00000E+03  6.11350E-01  1.09851E-01  2.81597E+01  1.00000E-35  2.88809E+01
   1.00000E+04  5.29978E-01  1.15323E-01  2.05139E+01  1.00000E-35  2.11592E+01
   1.10000E+04  4.63759E-01  1.20083E-01  1.53764E+01  1.00000E-35  1.59603E+01
   1.25000E+04  3.85863E-01  1.26110E-01  1.04200E+01  1.00000E-35  1.09320E+01
   1.40000E+04  3.26365E-01  1.31119E-01  7.36346E+00  1.00000E-35  7.82095E+00
   1.50000E+04  2.94686E-01  1.33980E-01  5.95467E+00  1.00000E-35  6.38334E+00
   1.62019E+04  2.62412E-01  1.37008E-01  4.68870E+00  1.00000E-35  5.08812E+00
   1.75000E+04  2.33600E-01  1.39842E-01  3.69557E+00  1.00000E-35  4.06901E+00
   2.00000E+04  1.90961E-01  1.44287E-01  2.43795E+00  1.00000E-35  2.77319E+00
   2.20000E+04  1.64970E-01  1.47055E-01  1.80898E+00  1.00000E-35  2.12101E+00
   2.50000E+04  1.35310E-01  1.50197E-01  1.21011E+00  1.00000E-35  1.49561E+00
   2.73861E+04  1.17228E-01  1.52075E-01  9.05848E-01  1.00000E-35  1.17515E+00
   3.00000E+04  1.01251E-01  1.53627E-01  6.79611E-01  1.00000E-35  9.34489E-01
   3.50000E+04  7.88352E-02  1.55476E-01  4.16052E-01  1.00000E-35  6.50363E-01
   4.00000E+04  6.30167E-02  1.56312E-01  2.71436E-01  1.00000E-35  4.90765E-01
   4.50000E+04  5.14355E-02  1.56382E-01  1.85983E-01  1.00000E-35  3.93801E-01
   5.00000E+04  4.27713E-02  1.55967E-01  1.32486E-01  1.00000E-35  3.31224E-01
   5.50000E+04  3.61473E-02  1.55198E-01  9.74142E-02  1.00000E-35  2.88759E-01
   6.00000E+04  3.08961E-02  1.54179E-01  7.35343E-02  1.00000E-35  2.58609E-01
   6.48074E+04  2.68500E-02  1.53033E-01  5.72404E-02  1.00000E-35  2.37124E-01
   7.00000E+04  2.33034E-02  1.51689E-01  4.46397E-02  1.00000E-35  2.19632E-01
   8.00000E+04  1.82210E-02  1.48929E-01  2.89519E-02  1.00000E-35  1.96102E-01
   9.00000E+04  1.46219E-02  1.46086E-01  1.97573E-02  1.00000E-35  1.80465E-01
   1.00000E+05  1.20092E-02  1.43269E-01  1.40385E-02  1.00000E-35  1.69317E-01
   1.10000E+05  1.00291E-02  1.40490E-01  1.03084E-02  1.00000E-35  1.60828E-01
   1.17260E+05  8.88143E-03  1.38530E-01  8.37820E-03  1.00000E-35  1.55790E-01
   1.25000E+05  7.86496E-03  1.36491E-01  6.81732E-03  1.00000E-35  1.51173E-01
   1.40000E+05  6.32630E-03  1.32754E-01  4.73042E-03  1.00000E-35  1.43811E-01
   1.50000E+05  5.53747E-03  1.30373E-01  3.78950E-03  1.00000E-35  1.39700E-01
   1.62019E+05  4.77142E-03  1.27658E-01  2.95686E-03  1.00000E-35  1.35386E-01
   1.75000E+05  4.10959E-03  1.24885E-01  2.31469E-03  1.00000E-35  1.31310E-01
   1.87083E+05  3.60646E-03  1.22447E-01  1.87220E-03  1.00000E-35  1.27925E-01
   2.00000E+05  3.16493E-03  1.19984E-01  1.51592E-03  1.00000E-35  1.24665E-01
   2.20000E+05  2.62662E-03  1.16417E-01  1.12375E-03  1.00000E-35  1.20168E-01
   2.34521E+05  2.31717E-03  1.14018E-01  9.20492E-04  1.00000E-35  1.17256E-01
   2.50000E+05  2.04305E-03  1.11597E-01  7.55499E-04  1.00000E-35  1.14396E-01
   2.73861E+05  1.70616E-03  1.08147E-01  5.70365E-04  1.00000E-35  1.10423E-01
   2.86633E+05  1.55912E-03  1.06413E-01  4.96816E-04  1.00000E-35  1.08469E-01
   3.00000E+05  1.42476E-03  1.04699E-01  4.33604E-04  1.00000E-35  1.06557E-01
   3.24037E+05  1.22338E-03  1.01788E-01  3.44522E-04  1.00000E-35  1.03356E-01
   3.36768E+05  1.13362E-03  1.00334E-01  3.07420E-04  1.00000E-35  1.01775E-01
   3.50000E+05  1.05042E-03  9.88926E-02  2.74610E-04  1.00000E-35  1.00218E-01
   3.74166E+05  9.20089E-04  9.63999E-02  2.26188E-04  1.00000E-35  9.75462E-02
   4.00000E+05  8.05522E-04  9.39280E-02  1.86997E-04  1.00000E-35  9.49205E-02
   4.24264E+05  7.16366E-04  9.17698E-02  1.58438E-04  1.00000E-35  9.26446E-02
   4.50000E+05  6.37078E-04  8.96219E-02  1.34603E-04  1.00000E-35  9.03936E-02
   4.74342E+05  5.73618E-04  8.77187E-02  1.16578E-04  1.00000E-35  8.84089E-02
   5.00000E+05  5.16480E-04  8.58411E-02  1.01214E-04  1.00000E-35  8.64588E-02
   5.24404E+05  4.69712E-04  8.41408E-02  8.92285E-05  1.00000E-35  8.46997E-02
   5.50000E+05  4.27178E-04  8.24648E-02  7.88258E-05  1.00000E-35  8.29708E-02
   5.74456E+05  3.91720E-04  8.09417E-02  7.05112E-05  1.00000E-35  8.14039E-02
   6.00000E+05  3.59206E-04  7.94361E-02  6.31778E-05  1.00000E-35  7.98585E-02
   6.23574E+05  3.32666E-04  7.81093E-02  5.73837E-05  1.00000E-35  7.84993E-02
   6.48074E+05  3.08086E-04  7.67991E-02  5.21958E-05  1.00000E-35  7.71594E-02
   6.73537E+05  2.85323E-04  7.54904E-02  4.75656E-05  1.00000E-35  7.58233E-02
   7.00000E+05  2.64234E-04  7.42035E-02  4.34199E-05  1.00000E-35  7.45112E-02
   7.48331E+05  2.31294E-04  7.19835E-02  3.71661E-05  1.00000E-35  7.22519E-02
   7.73735E+05  2.16378E-04  7.08890E-02  3.44391E-05  1.00000E-35  7.11398E-02
   8.00000E+05  2.02414E-04  6.98016E-02  3.19482E-05  1.00000E-35  7.00359E-02
   8.48528E+05  1.79940E-04  6.79096E-02  2.80505E-05  1.00000E-35  6.81176E-02
   9.00000E+05  1.59961E-04  6.60491E-02  2.47152E-05  1.00000E-35  6.62338E-02
   9.48683E+05  1.43976E-04  6.43935E-02  2.21256E-05  1.00000E-35  6.45596E-02
   1.00000E+06  1.29589E-04  6.27669E-02  1.98590E-05  1.00000E-35  6.29163E-02
   1.04881E+06  1.17817E-04  6.13133E-02  1.80465E-05  4.49124E-13  6.14492E-02
   1.10000E+06  1.07114E-04  5.98764E-02  1.64323E-05  1.12268E-06  6.00010E-02
   1.17260E+06  9.42697E-05  5.79837E-02  1.45326E-05  9.78050E-06  5.81023E-02
   1.25000E+06  8.29651E-05  5.61214E-02  1.28997E-05  2.82779E-05  5.62456E-02
   1.32288E+06  7.40824E-05  5.44962E-02  1.16352E-05  5.49550E-05  5.46369E-02
   1.40000E+06  6.61510E-05  5.29034E-02  1.05209E-05  9.49391E-05  5.30750E-02
   1.50000E+06  5.76307E-05  5.10019E-02  9.33560E-06  1.60447E-04  5.12293E-02
   1.55893E+06  5.33591E-05  4.99514E-02  8.74347E-06  2.01977E-04  5.02155E-02
   1.62019E+06  4.94032E-05  4.89223E-02  8.19732E-06  2.54271E-04  4.92342E-02
   1.68384E+06  4.57416E-05  4.78987E-02  7.69414E-06  3.08322E-04  4.82605E-02
   1.75000E+06  4.23509E-05  4.68942E-02  7.22925E-06  3.71868E-04  4.73157E-02
   1.87083E+06  3.70608E-05  4.51791E-02  6.50020E-06  4.92864E-04  4.57156E-02
   2.00000E+06  3.24316E-05  4.35055E-02  5.85953E-06  6.32995E-04  4.41768E-02
   2.09762E+06  2.94853E-05  4.23399E-02  5.44916E-06  7.47253E-04  4.31221E-02
   2.20000E+06  2.68064E-05  4.11868E-02  5.07349E-06  8.62289E-04  4.20810E-02
   2.34521E+06  2.35908E-05  3.96798E-02  4.61726E-06  1.03446E-03  4.07425E-02
   2.50000E+06  2.07602E-05  3.82129E-02  4.21000E-06  1.22192E-03  3.94598E-02
   2.73861E+06  1.73004E-05  3.61778E-02  3.69978E-06  1.50842E-03  3.77072E-02
   3.00000E+06  1.44172E-05  3.42175E-02  3.26353E-06  1.82183E-03  3.60570E-02
   3.24037E+06  1.23578E-05  3.26212E-02  2.94078E-06  2.10895E-03  3.47455E-02
   3.50000E+06  1.05925E-05  3.10798E-02  2.65497E-06  2.41472E-03  3.35078E-02
   3.74166E+06  9.26857E-06  2.97866E-02  2.43317E-06  2.69151E-03  3.24898E-02
   4.00000E+06  8.11011E-06  2.85334E-02  2.23287E-06  2.97901E-03  3.15228E-02
   4.50000E+06  6.40811E-06  2.64235E-02  1.92388E-06  3.51823E-03  2.99501E-02
   5.00000E+06  5.19067E-06  2.46358E-02  1.68840E-06  4.02312E-03  2.86658E-02
   5.50000E+06  4.28988E-06  2.31029E-02  1.50327E-06  4.49857E-03  2.76073E-02
   6.00000E+06  3.60475E-06  2.17710E-02  1.35405E-06  4.96732E-03  2.67432E-02
   6.48074E+06  3.08983E-06  2.06435E-02  1.23552E-06  5.39403E-03  2.60418E-02
   7.00000E+06  2.64845E-06  1.95641E-02  1.12867E-06  5.82000E-03  2.53878E-02
   8.00000E+06  2.02772E-06  1.78042E-02  9.66806E-07  6.58646E-03  2.43937E-02
   9.00000E+06  1.60215E-06  1.63632E-02  8.45089E-07  7.28359E-03  2.36492E-02
   1.00000E+07  1.29774E-06  1.51591E-02  7.50318E-07  7.91807E-03  2.30792E-02
   1.10000E+07  1.07252E-06  1.41364E-02  6.74490E-07  8.49811E-03  2.26362E-02
   1.25000E+07  8.30558E-07  1.28592E-02  5.85514E-07  9.28178E-03  2.21424E-02
   1.40000E+07  6.62120E-07  1.18119E-02  5.17146E-07  9.98691E-03  2.18000E-02
   1.50000E+07  5.76779E-07  1.12122E-02  4.79745E-07  1.04187E-02  2.16320E-02
   1.75000E+07  4.23756E-07  9.96924E-03  4.06195E-07  1.13875E-02  2.13576E-02
   2.00000E+07  3.24439E-07  8.99370E-03  3.52126E-07  1.22363E-02  2.12307E-02
   2.20000E+07  2.68133E-07  8.35145E-03  3.18203E-07  1.28424E-02  2.11944E-02
   2.50000E+07  2.07642E-07  7.55543E-03  2.78000E-07  1.36501E-02  2.12060E-02
   3.00000E+07  1.44195E-07  6.54031E-03  2.29604E-07  1.47963E-02  2.13370E-02
   3.50000E+07  1.05940E-07  5.78217E-03  1.95537E-07  1.57564E-02  2.15389E-02
   4.00000E+07  8.11101E-08  5.19252E-03  1.70262E-07  1.65814E-02  2.17741E-02
   4.50000E+07  6.40870E-08  4.71946E-03  1.50766E-07  1.72934E-02  2.20131E-02
   5.00000E+07  5.19104E-08  4.33096E-03  1.35274E-07  1.79180E-02  2.22492E-02
   5.50000E+07  4.29012E-08  4.00572E-03  1.22666E-07  1.84726E-02  2.24784E-02
   6.00000E+07  3.60490E-08  3.72910E-03  1.12206E-07  1.89842E-02  2.27134E-02
   7.00000E+07  2.64850E-08  3.28296E-03  9.58567E-08  1.98602E-02  2.31432E-02
   8.00000E+07  2.02775E-08  2.93807E-03  8.36640E-08  2.05926E-02  2.35308E-02
   9.00000E+07  1.60217E-08  2.66275E-03  7.42224E-08  2.12112E-02  2.38741E-02
   1.00000E+08  1.29776E-08  2.43760E-03  6.66950E-08  2.17459E-02  2.41835E-02
   1.10000E+08  1.07253E-08  2.24977E-03  6.05534E-08  2.22129E-02  2.44628E-02
   1.25000E+08  8.30562E-09  2.01952E-03  5.32042E-08  2.28113E-02  2.48309E-02
   1.40000E+08  6.62123E-09  1.83456E-03  4.74457E-08  2.33180E-02  2.51526E-02
   1.50000E+08  5.76780E-09  1.73007E-03  4.42524E-08  2.36140E-02  2.53441E-02
   1.75000E+08  4.23756E-09  1.51699E-03  3.78789E-08  2.42442E-02  2.57612E-02
   2.00000E+08  3.24439E-09  1.35316E-03  3.31100E-08  2.47562E-02  2.61093E-02
   2.20000E+08  2.68132E-09  1.24684E-03  3.00805E-08  2.51009E-02  2.63477E-02
   2.50000E+08  2.07642E-09  1.11689E-03  2.64498E-08  2.55373E-02  2.66543E-02
   3.00000E+08  1.44195E-09  9.54107E-04  2.20204E-08  2.61143E-02  2.70684E-02
   3.50000E+08  1.05940E-09  8.34702E-04  1.88616E-08  2.65584E-02  2.73931E-02
   4.00000E+08  8.11101E-10  7.43164E-04  1.64954E-08  2.69113E-02  2.76545E-02
   4.50000E+08  6.40871E-10  6.70607E-04  1.46566E-08  2.71969E-02  2.78675E-02
   5.00000E+08  5.19105E-10  6.11609E-04  1.31867E-08  2.74393E-02  2.80509E-02
   5.50000E+08  4.29012E-10  5.62635E-04  1.19848E-08  2.76481E-02  2.82108E-02
   6.00000E+08  3.60490E-10  5.21290E-04  1.09836E-08  2.78388E-02  2.83601E-02
   7.00000E+08  2.64850E-10  4.55225E-04  9.41127E-09  2.81338E-02  2.85890E-02
   8.00000E+08  2.02776E-10  4.04689E-04  8.23270E-09  2.83569E-02  2.87616E-02
   9.00000E+08  1.60218E-10  3.64712E-04  7.31649E-09  2.85330E-02  2.88977E-02
   9.48683E+08  1.44196E-10  3.48112E-04  6.94629E-09  2.86072E-02  2.89553E-02
   1.00000E+09  1.29776E-10  3.32260E-04  6.58377E-09  2.86801E-02  2.90123E-02
