 # Material data file: K                   
 # 
 # PENELOPE >>>  Photon mass attenuation coefficients (mac).
 # 
 #   Energy       mac_Ra       mac_Co       mac_ph       mac_pp       mac_tot
 #    (eV)       (cm**2/g)    (cm**2/g)    (cm**2/g)    (cm**2/g)    (cm**2/g)
 #------------------------------------------------------------------------------
   5.00000E+01  5.77737E-01  5.39573E-03  2.20603E+04  1.00000E-35  2.20609E+04
   5.24404E+01  5.47476E-01  5.40956E-03  2.30318E+04  1.00000E-35  2.30323E+04
   5.37050E+01  5.35782E-01  5.41649E-03  2.34954E+04  1.00000E-35  2.34959E+04
   5.50000E+01  5.24631E-01  5.42368E-03  2.39350E+04  1.00000E-35  2.39355E+04
   5.62095E+01  5.16996E-01  5.43053E-03  2.43101E+04  1.00000E-35  2.43106E+04
   5.74456E+01  5.09471E-01  5.43738E-03  2.46565E+04  1.00000E-35  2.46570E+04
   5.87089E+01  5.03798E-01  5.44425E-03  2.49713E+04  1.00000E-35  2.49718E+04
   6.00000E+01  4.98556E-01  5.45148E-03  2.52524E+04  1.00000E-35  2.52529E+04
   6.11673E+01  4.95286E-01  5.45809E-03  2.54719E+04  1.00000E-35  2.54724E+04
   6.23574E+01  4.92410E-01  5.46470E-03  2.56629E+04  1.00000E-35  2.56634E+04
   6.35706E+01  4.90207E-01  5.47133E-03  2.58251E+04  1.00000E-35  2.58256E+04
   6.48074E+01  4.89038E-01  5.47812E-03  2.59581E+04  1.00000E-35  2.59586E+04
   6.60683E+01  4.87872E-01  5.48529E-03  2.60624E+04  1.00000E-35  2.60629E+04
   6.73537E+01  4.87240E-01  5.49247E-03  2.61384E+04  1.00000E-35  2.61388E+04
   6.86641E+01  4.87406E-01  5.49965E-03  2.61863E+04  1.00000E-35  2.61867E+04
   7.00000E+01  4.88022E-01  5.50685E-03  2.62069E+04  1.00000E-35  2.62074E+04
   7.23762E+01  4.90037E-01  5.52030E-03  2.61810E+04  1.00000E-35  2.61815E+04
   7.48331E+01  4.93036E-01  5.53383E-03  2.60812E+04  1.00000E-35  2.60817E+04
   7.73735E+01  4.96681E-01  5.54785E-03  2.59135E+04  1.00000E-35  2.59140E+04
   8.00000E+01  5.01168E-01  5.56254E-03  2.56832E+04  1.00000E-35  2.56837E+04
   8.23907E+01  5.05682E-01  5.57552E-03  2.54331E+04  1.00000E-35  2.54336E+04
   8.48528E+01  5.10235E-01  5.58929E-03  2.51429E+04  1.00000E-35  2.51434E+04
   8.73885E+01  5.15010E-01  5.60336E-03  2.48160E+04  1.00000E-35  2.48166E+04
   9.00000E+01  5.20170E-01  5.61747E-03  2.44558E+04  1.00000E-35  2.44563E+04
   9.24021E+01  5.24830E-01  5.63096E-03  2.41077E+04  1.00000E-35  2.41082E+04
   9.48683E+01  5.29531E-01  5.64462E-03  2.37372E+04  1.00000E-35  2.37378E+04
   9.74004E+01  5.34274E-01  5.65831E-03  2.33460E+04  1.00000E-35  2.33465E+04
   1.00000E+02  5.39060E-01  5.67272E-03  2.29358E+04  1.00000E-35  2.29364E+04
   1.04881E+02  5.47829E-01  5.69955E-03  2.21497E+04  1.00000E-35  2.21502E+04
   1.10000E+02  5.56361E-01  5.72771E-03  2.13142E+04  1.00000E-35  2.13148E+04
   1.13572E+02  5.60928E-01  5.74724E-03  2.07302E+04  1.00000E-35  2.07307E+04
   1.17260E+02  5.65532E-01  5.76717E-03  2.01299E+04  1.00000E-35  2.01305E+04
   1.21068E+02  5.70174E-01  5.78829E-03  1.95161E+04  1.00000E-35  1.95167E+04
   1.25000E+02  5.73053E-01  5.80949E-03  1.88912E+04  1.00000E-35  1.88918E+04
   1.28592E+02  5.75337E-01  5.82909E-03  1.83304E+04  1.00000E-35  1.83310E+04
   1.32288E+02  5.77630E-01  5.84938E-03  1.77651E+04  1.00000E-35  1.77657E+04
   1.36089E+02  5.79154E-01  5.86974E-03  1.71976E+04  1.00000E-35  1.71981E+04
   1.40000E+02  5.78952E-01  5.89099E-03  1.66295E+04  1.00000E-35  1.66301E+04
   1.44914E+02  5.78707E-01  5.91775E-03  1.59402E+04  1.00000E-35  1.59408E+04
   1.50000E+02  5.76387E-01  5.94465E-03  1.52570E+04  1.00000E-35  1.52576E+04
   1.55893E+02  5.71675E-01  5.97691E-03  1.45046E+04  1.00000E-35  1.45051E+04
   1.62019E+02  5.65584E-01  6.00935E-03  1.37676E+04  1.00000E-35  1.37682E+04
   1.68384E+02  5.56208E-01  6.04376E-03  1.30493E+04  1.00000E-35  1.30498E+04
   1.75000E+02  5.44049E-01  6.07877E-03  1.23522E+04  1.00000E-35  1.23527E+04
   1.87083E+02  5.16433E-01  6.14306E-03  1.11991E+04  1.00000E-35  1.11996E+04
   2.00000E+02  4.75984E-01  6.21105E-03  1.01173E+04  1.00000E-35  1.01178E+04
   2.09762E+02  4.38738E-01  6.26148E-03  9.38829E+03  1.00000E-35  9.38874E+03
   2.20000E+02  3.92653E-01  6.31524E-03  8.69423E+03  1.00000E-35  8.69463E+03
   2.34521E+02  3.12294E-01  6.38988E-03  7.81703E+03  1.00000E-35  7.81735E+03
   2.50000E+02  2.07967E-01  6.46828E-03  7.00174E+03  1.00000E-35  7.00195E+03
   2.60782E+02  1.25011E-01  6.52325E-03  6.49753E+03  1.00000E-35  6.49766E+03
   2.72029E+02  4.53215E-02  6.57900E-03  6.02092E+03  1.00000E-35  6.02098E+03
   2.83762E+02  8.92457E-02  6.63791E-03  5.57183E+03  1.00000E-35  5.57192E+03
   2.96000E+02  3.42592E+00  6.69768E-03  5.15010E+03  1.00000E-35  5.15354E+03
   2.96000E+02  3.42592E+00  6.69768E-03  1.31805E+05  1.00000E-35  1.31809E+05
   2.96187E+02  3.64710E+00  6.69863E-03  1.22773E+05  1.00000E-35  1.22776E+05
   2.96373E+02  3.88111E+00  6.69956E-03  1.14521E+05  1.00000E-35  1.14525E+05
   2.96560E+02  4.06545E+00  6.70050E-03  1.07173E+05  1.00000E-35  1.07177E+05
   2.96747E+02  4.16174E+00  6.70144E-03  1.00658E+05  1.00000E-35  1.00662E+05
   2.96934E+02  4.26025E+00  6.70238E-03  9.48888E+04  1.00000E-35  9.48931E+04
   2.97121E+02  4.36103E+00  6.70332E-03  8.97775E+04  1.00000E-35  8.97818E+04
   2.97309E+02  4.46469E+00  6.70426E-03  8.52392E+04  1.00000E-35  8.52437E+04
   2.97496E+02  4.57016E+00  6.70520E-03  8.11994E+04  1.00000E-35  8.12040E+04
   2.97684E+02  4.67865E+00  6.70615E-03  7.75918E+04  1.00000E-35  7.75965E+04
   2.97871E+02  4.78905E+00  6.70708E-03  7.43594E+04  1.00000E-35  7.43642E+04
   2.98059E+02  4.90258E+00  6.70802E-03  7.14535E+04  1.00000E-35  7.14584E+04
   2.98247E+02  5.01874E+00  6.70897E-03  6.88324E+04  1.00000E-35  6.88375E+04
   2.98435E+02  5.13757E+00  6.70991E-03  6.64601E+04  1.00000E-35  6.64653E+04
   2.98623E+02  5.25914E+00  6.71085E-03  6.43067E+04  1.00000E-35  6.43119E+04
   2.98812E+02  5.38417E+00  6.71179E-03  6.23454E+04  1.00000E-35  6.23508E+04
   2.99000E+02  5.51141E+00  6.71273E-03  6.05546E+04  1.00000E-35  6.05601E+04
   2.99000E+02  5.51141E+00  6.71273E-03  1.22751E+05  1.00000E-35  1.22756E+05
   2.99250E+02  5.66348E+00  6.71398E-03  1.14721E+05  1.00000E-35  1.14727E+05
   2.99500E+02  5.61409E+00  6.71523E-03  1.07677E+05  1.00000E-35  1.07683E+05
   2.99750E+02  5.56517E+00  6.71648E-03  1.01594E+05  1.00000E-35  1.01600E+05
   3.00000E+02  5.51671E+00  6.71772E-03  9.63406E+04  1.00000E-35  9.63461E+04
   3.00181E+02  5.48192E+00  6.71862E-03  9.29935E+04  1.00000E-35  9.29990E+04
   3.00362E+02  5.44737E+00  6.71953E-03  8.99677E+04  1.00000E-35  8.99731E+04
   3.00542E+02  5.41324E+00  6.72042E-03  8.72246E+04  1.00000E-35  8.72300E+04
   3.00723E+02  5.37916E+00  6.72132E-03  8.47305E+04  1.00000E-35  8.47359E+04
   3.00905E+02  5.34513E+00  6.72223E-03  8.24556E+04  1.00000E-35  8.24610E+04
   3.01086E+02  5.31152E+00  6.72313E-03  8.03752E+04  1.00000E-35  8.03805E+04
   3.01267E+02  5.27814E+00  6.72403E-03  7.84668E+04  1.00000E-35  7.84721E+04
   3.01449E+02  5.24481E+00  6.72493E-03  7.67115E+04  1.00000E-35  7.67168E+04
   3.01630E+02  5.21189E+00  6.72583E-03  7.50929E+04  1.00000E-35  7.50981E+04
   3.01812E+02  5.17902E+00  6.72673E-03  7.35966E+04  1.00000E-35  7.36018E+04
   3.01994E+02  5.14637E+00  6.72763E-03  7.22101E+04  1.00000E-35  7.22152E+04
   3.02176E+02  5.04778E+00  6.72854E-03  7.09229E+04  1.00000E-35  7.09279E+04
   3.02540E+02  4.85571E+00  6.73034E-03  6.86083E+04  1.00000E-35  6.86132E+04
   3.02904E+02  4.67116E+00  6.73214E-03  6.65898E+04  1.00000E-35  6.65945E+04
   3.03269E+02  4.49336E+00  6.73394E-03  6.48176E+04  1.00000E-35  6.48221E+04
   3.03635E+02  4.32207E+00  6.73575E-03  6.32525E+04  1.00000E-35  6.32568E+04
   3.04001E+02  4.15750E+00  6.73756E-03  6.18632E+04  1.00000E-35  6.18673E+04
   3.04367E+02  3.99938E+00  6.73936E-03  6.06243E+04  1.00000E-35  6.06284E+04
   3.04734E+02  3.84706E+00  6.74117E-03  5.95147E+04  1.00000E-35  5.95186E+04
   3.05101E+02  3.72159E+00  6.74298E-03  5.85177E+04  1.00000E-35  5.85215E+04
   3.05469E+02  3.60361E+00  6.74479E-03  5.76185E+04  1.00000E-35  5.76221E+04
   3.05837E+02  3.48951E+00  6.74659E-03  5.68051E+04  1.00000E-35  5.68086E+04
   3.06205E+02  3.37915E+00  6.74840E-03  5.60676E+04  1.00000E-35  5.60710E+04
   3.06574E+02  3.27212E+00  6.75021E-03  5.53970E+04  1.00000E-35  5.54003E+04
   3.07314E+02  3.06796E+00  6.75383E-03  5.42282E+04  1.00000E-35  5.42313E+04
   3.08055E+02  2.94384E+00  6.75745E-03  5.32502E+04  1.00000E-35  5.32531E+04
   3.08798E+02  2.86844E+00  6.76108E-03  5.24260E+04  1.00000E-35  5.24288E+04
   3.09542E+02  2.79505E+00  6.76470E-03  5.17273E+04  1.00000E-35  5.17301E+04
   3.10289E+02  2.72342E+00  6.76833E-03  5.11312E+04  1.00000E-35  5.11339E+04
   3.11037E+02  2.69620E+00  6.77196E-03  5.06198E+04  1.00000E-35  5.06225E+04
   3.11787E+02  2.68149E+00  6.77559E-03  5.01786E+04  1.00000E-35  5.01812E+04
   3.13293E+02  2.65228E+00  6.78286E-03  4.94599E+04  1.00000E-35  4.94625E+04
   3.14805E+02  2.64768E+00  6.79013E-03  4.89007E+04  1.00000E-35  4.89034E+04
   3.16326E+02  2.64405E+00  6.79742E-03  4.84482E+04  1.00000E-35  4.84509E+04
   3.17853E+02  2.64591E+00  6.80471E-03  4.80652E+04  1.00000E-35  4.80678E+04
   3.24037E+02  2.65801E+00  6.83496E-03  4.67656E+04  1.00000E-35  4.67683E+04
   3.27174E+02  2.66472E+00  6.85057E-03  4.60887E+04  1.00000E-35  4.60914E+04
   3.30341E+02  2.67144E+00  6.86622E-03  4.53438E+04  1.00000E-35  4.53465E+04
   3.33539E+02  2.67460E+00  6.88190E-03  4.45304E+04  1.00000E-35  4.45331E+04
   3.36768E+02  2.67641E+00  6.89762E-03  4.36637E+04  1.00000E-35  4.36664E+04
   3.43320E+02  2.67249E+00  6.92917E-03  4.18511E+04  1.00000E-35  4.18538E+04
   3.50000E+02  2.65448E+00  6.96125E-03  4.00547E+04  1.00000E-35  4.00573E+04
   3.57505E+02  2.61237E+00  6.99915E-03  3.82020E+04  1.00000E-35  3.82047E+04
   3.65171E+02  2.63193E+00  7.03725E-03  3.65151E+04  1.00000E-35  3.65178E+04
   3.73002E+02  2.89149E+00  7.07556E-03  3.49743E+04  1.00000E-35  3.49772E+04
   3.81000E+02  3.06781E+00  7.11474E-03  3.35361E+04  1.00000E-35  3.35392E+04
   3.81000E+02  3.06781E+00  7.11474E-03  3.70870E+04  1.00000E-35  3.70901E+04
   3.81290E+02  3.07172E+00  7.11628E-03  3.70712E+04  1.00000E-35  3.70743E+04
   3.81580E+02  3.07564E+00  7.11782E-03  3.70550E+04  1.00000E-35  3.70581E+04
   3.82161E+02  3.08349E+00  7.12089E-03  3.70204E+04  1.00000E-35  3.70234E+04
   3.83325E+02  3.09924E+00  7.12704E-03  3.69396E+04  1.00000E-35  3.69427E+04
   3.85664E+02  3.12574E+00  7.13937E-03  3.67336E+04  1.00000E-35  3.67367E+04
   3.88017E+02  3.15036E+00  7.15171E-03  3.64749E+04  1.00000E-35  3.64781E+04
   3.90384E+02  3.17290E+00  7.16408E-03  3.61746E+04  1.00000E-35  3.61778E+04
   3.95163E+02  3.21669E+00  7.18888E-03  3.54833E+04  1.00000E-35  3.54865E+04
   4.00000E+02  3.25644E+00  7.21376E-03  3.47130E+04  1.00000E-35  3.47163E+04
   4.05933E+02  3.30197E+00  7.24399E-03  3.37265E+04  1.00000E-35  3.37298E+04
   4.11953E+02  3.34382E+00  7.27434E-03  3.27199E+04  1.00000E-35  3.27233E+04
   4.24264E+02  3.41525E+00  7.34326E-03  3.07368E+04  1.00000E-35  3.07402E+04
   4.50000E+02  3.51335E+00  7.48527E-03  2.71076E+04  1.00000E-35  2.71112E+04
   4.74342E+02  3.57733E+00  7.63678E-03  2.42309E+04  1.00000E-35  2.42345E+04
   5.00000E+02  3.62200E+00  7.80351E-03  2.16006E+04  1.00000E-35  2.16042E+04
   5.24404E+02  3.65012E+00  7.97357E-03  1.94051E+04  1.00000E-35  1.94087E+04
   5.50000E+02  3.66775E+00  8.17007E-03  1.73947E+04  1.00000E-35  1.73984E+04
   6.00000E+02  3.67867E+00  8.58999E-03  1.42089E+04  1.00000E-35  1.42125E+04
   6.48074E+02  3.67279E+00  9.04185E-03  1.18383E+04  1.00000E-35  1.18420E+04
   7.00000E+02  3.64047E+00  9.57688E-03  9.82888E+03  1.00000E-35  9.83253E+03
   7.48331E+02  3.60019E+00  1.01090E-02  8.35241E+03  1.00000E-35  8.35602E+03
   8.00000E+02  3.56034E+00  1.07200E-02  7.08759E+03  1.00000E-35  7.09116E+03
   9.00000E+02  3.47470E+00  1.19704E-02  5.28332E+03  1.00000E-35  5.28681E+03
   1.00000E+03  3.37644E+00  1.32871E-02  4.04964E+03  1.00000E-35  4.05303E+03
   1.10000E+03  3.28926E+00  1.46368E-02  3.17479E+03  1.00000E-35  3.17809E+03
   1.25000E+03  3.15050E+00  1.66874E-02  2.28271E+03  1.00000E-35  2.28588E+03
   1.40000E+03  3.02054E+00  1.87386E-02  1.69804E+03  1.00000E-35  1.70108E+03
   1.50000E+03  2.93736E+00  2.01020E-02  1.41618E+03  1.00000E-35  1.41914E+03
   1.62019E+03  2.84426E+00  2.17356E-02  1.15477E+03  1.00000E-35  1.15763E+03
   1.75000E+03  2.74017E+00  2.34960E-02  9.40617E+02  1.00000E-35  9.43381E+02
   2.00000E+03  2.55630E+00  2.68887E-02  6.57496E+02  1.00000E-35  6.60079E+02
   2.20000E+03  2.41248E+00  2.96173E-02  5.08267E+02  1.00000E-35  5.10709E+02
   2.50000E+03  2.20237E+00  3.37298E-02  3.59089E+02  1.00000E-35  3.61325E+02
   3.00000E+03  1.83757E+00  4.05381E-02  2.17911E+02  1.00000E-35  2.19789E+02
   3.50000E+03  1.19633E+00  4.70775E-02  1.42360E+02  1.00000E-35  1.43604E+02
   3.61000E+03  1.08361E+00  4.84647E-02  1.30652E+02  1.00000E-35  1.31784E+02
   3.61000E+03  1.08361E+00  4.84647E-02  9.72270E+02  1.00000E-35  9.73402E+02
   3.61289E+03  1.09484E+00  4.85011E-02  1.05429E+03  1.00000E-35  1.05544E+03
   3.61579E+03  1.10622E+00  4.85377E-02  1.11133E+03  1.00000E-35  1.11249E+03
   3.61869E+03  1.11771E+00  4.85742E-02  1.14973E+03  1.00000E-35  1.15089E+03
   3.62159E+03  1.12931E+00  4.86107E-02  1.17445E+03  1.00000E-35  1.17563E+03
   3.62450E+03  1.14106E+00  4.86474E-02  1.18915E+03  1.00000E-35  1.19034E+03
   3.62740E+03  1.15288E+00  4.86839E-02  1.19662E+03  1.00000E-35  1.19782E+03
   3.63031E+03  1.16485E+00  4.87206E-02  1.19897E+03  1.00000E-35  1.20019E+03
   3.63322E+03  1.17659E+00  4.87572E-02  1.19785E+03  1.00000E-35  1.19908E+03
   3.65659E+03  1.27431E+00  4.90515E-02  1.15959E+03  1.00000E-35  1.16092E+03
   3.66246E+03  1.30000E+00  4.91254E-02  1.15276E+03  1.00000E-35  1.15410E+03
   3.66833E+03  1.31991E+00  4.91993E-02  1.14776E+03  1.00000E-35  1.14913E+03
   3.68011E+03  1.35443E+00  4.93475E-02  1.14125E+03  1.00000E-35  1.14265E+03
   3.70378E+03  1.41996E+00  4.96454E-02  1.13020E+03  1.00000E-35  1.13167E+03
   3.71567E+03  1.44340E+00  4.97949E-02  1.12268E+03  1.00000E-35  1.12417E+03
   3.72761E+03  1.46724E+00  4.99399E-02  1.11374E+03  1.00000E-35  1.11525E+03
   3.75158E+03  1.50303E+00  5.02305E-02  1.09527E+03  1.00000E-35  1.09682E+03
   3.77571E+03  1.53354E+00  5.05228E-02  1.07856E+03  1.00000E-35  1.08014E+03
   3.80000E+03  1.55969E+00  5.08169E-02  1.06341E+03  1.00000E-35  1.06502E+03
   3.82444E+03  1.58139E+00  5.11127E-02  1.04817E+03  1.00000E-35  1.04980E+03
   3.84904E+03  1.60039E+00  5.14102E-02  1.03211E+03  1.00000E-35  1.03376E+03
   3.89872E+03  1.63076E+00  5.20104E-02  9.98799E+02  1.00000E-35  1.00048E+03
   4.00000E+03  1.67169E+00  5.32318E-02  9.35427E+02  1.00000E-35  9.37151E+02
   4.11953E+03  1.69793E+00  5.46320E-02  8.67525E+02  1.00000E-35  8.69278E+02
   4.24264E+03  1.70811E+00  5.60465E-02  8.03196E+02  1.00000E-35  8.04960E+02
   4.50000E+03  1.69701E+00  5.89345E-02  6.88890E+02  1.00000E-35  6.90646E+02
   5.00000E+03  1.62435E+00  6.42019E-02  5.23174E+02  1.00000E-35  5.24862E+02
   5.50000E+03  1.53146E+00  6.90641E-02  4.06868E+02  1.00000E-35  4.08469E+02
   6.00000E+03  1.43660E+00  7.35431E-02  3.22509E+02  1.00000E-35  3.24019E+02
   7.00000E+03  1.26297E+00  8.14979E-02  2.12385E+02  1.00000E-35  2.13729E+02
   7.48331E+03  1.19002E+00  8.49408E-02  1.76846E+02  1.00000E-35  1.78121E+02
   8.00000E+03  1.11897E+00  8.83783E-02  1.47065E+02  1.00000E-35  1.48272E+02
   9.00000E+03  9.98186E-01  9.43301E-02  1.05903E+02  1.00000E-35  1.06995E+02
   1.00000E+04  8.96036E-01  9.95875E-02  7.87046E+01  1.00000E-35  7.97003E+01
   1.10000E+04  8.07535E-01  1.04243E-01  6.00293E+01  1.00000E-35  6.09411E+01
   1.25000E+04  6.96098E-01  1.10260E-01  4.16048E+01  1.00000E-35  4.24112E+01
   1.40000E+04  6.03586E-01  1.15367E-01  2.99704E+01  1.00000E-35  3.06893E+01
   1.50000E+04  5.50570E-01  1.18336E-01  2.45126E+01  1.00000E-35  2.51815E+01
   1.75000E+04  4.42930E-01  1.24553E-01  1.55872E+01  1.00000E-35  1.61547E+01
   2.00000E+04  3.62672E-01  1.29413E-01  1.04918E+01  1.00000E-35  1.09839E+01
   2.20000E+04  3.13135E-01  1.32544E-01  7.89337E+00  1.00000E-35  8.33905E+00
   2.50000E+04  2.56301E-01  1.36274E-01  5.37538E+00  1.00000E-35  5.76796E+00
   2.73861E+04  2.21646E-01  1.38637E-01  4.07456E+00  1.00000E-35  4.43485E+00
   3.00000E+04  1.91677E-01  1.40718E-01  3.09297E+00  1.00000E-35  3.42536E+00
   3.50000E+04  1.49461E-01  1.43525E-01  1.93071E+00  1.00000E-35  2.22370E+00
   4.00000E+04  1.20375E-01  1.45241E-01  1.28013E+00  1.00000E-35  1.54575E+00
   4.50000E+04  9.89983E-02  1.46138E-01  8.89220E-01  1.00000E-35  1.13436E+00
   5.00000E+04  8.29906E-02  1.46504E-01  6.40992E-01  1.00000E-35  8.70486E-01
   5.50000E+04  7.05978E-02  1.46461E-01  4.76225E-01  1.00000E-35  6.93284E-01
   6.00000E+04  6.06805E-02  1.46108E-01  3.62804E-01  1.00000E-35  5.69592E-01
   6.48074E+04  5.30501E-02  1.45541E-01  2.84688E-01  1.00000E-35  4.83279E-01
   7.00000E+04  4.62297E-02  1.44752E-01  2.23707E-01  1.00000E-35  4.14689E-01
   8.00000E+04  3.63328E-02  1.42871E-01  1.46965E-01  1.00000E-35  3.26169E-01
   9.00000E+04  2.92916E-02  1.40704E-01  1.01380E-01  1.00000E-35  2.71376E-01
   1.00000E+05  2.41409E-02  1.38418E-01  7.27028E-02  1.00000E-35  2.35261E-01
   1.10000E+05  2.02152E-02  1.36060E-01  5.38141E-02  1.00000E-35  2.10089E-01
   1.25000E+05  1.59014E-02  1.32549E-01  3.59556E-02  1.00000E-35  1.84406E-01
   1.40000E+05  1.28263E-02  1.29188E-01  2.51641E-02  1.00000E-35  1.67178E-01
   1.50000E+05  1.12532E-02  1.27010E-01  2.02601E-02  1.00000E-35  1.58523E-01
   1.62019E+05  9.71237E-03  1.24502E-01  1.58956E-02  1.00000E-35  1.50110E-01
   1.75000E+05  8.37544E-03  1.21920E-01  1.25073E-02  1.00000E-35  1.42803E-01
   2.00000E+05  6.47966E-03  1.17311E-01  8.26152E-03  1.00000E-35  1.32052E-01
   2.20000E+05  5.38799E-03  1.13926E-01  6.15946E-03  1.00000E-35  1.25474E-01
   2.34521E+05  4.75755E-03  1.11639E-01  5.06406E-03  1.00000E-35  1.21461E-01
   2.50000E+05  4.20089E-03  1.09322E-01  4.17102E-03  1.00000E-35  1.17694E-01
   2.73861E+05  3.51776E-03  1.06011E-01  3.16434E-03  1.00000E-35  1.12693E-01
   2.86633E+05  3.21650E-03  1.04341E-01  2.76258E-03  1.00000E-35  1.10320E-01
   3.00000E+05  2.94072E-03  1.02689E-01  2.41625E-03  1.00000E-35  1.08046E-01
   3.24037E+05  2.52672E-03  9.98738E-02  1.92669E-03  1.00000E-35  1.04327E-01
   3.36768E+05  2.34211E-03  9.84648E-02  1.72217E-03  1.00000E-35  1.02529E-01
   3.50000E+05  2.17098E-03  9.70665E-02  1.54090E-03  1.00000E-35  1.00778E-01
   3.74166E+05  1.90356E-03  9.46449E-02  1.27269E-03  1.00000E-35  9.78212E-02
   4.00000E+05  1.66898E-03  9.22424E-02  1.05483E-03  1.00000E-35  9.49662E-02
   4.24264E+05  1.48515E-03  9.01439E-02  8.95608E-04  1.00000E-35  9.25247E-02
   4.50000E+05  1.32138E-03  8.80509E-02  7.62353E-04  1.00000E-35  9.01347E-02
   4.74342E+05  1.19011E-03  8.61915E-02  6.61334E-04  1.00000E-35  8.80429E-02
   5.00000E+05  1.07189E-03  8.43543E-02  5.75031E-04  1.00000E-35  8.60012E-02
   5.24404E+05  9.75090E-04  8.26925E-02  5.07574E-04  1.00000E-35  8.41752E-02
   5.50000E+05  8.87033E-04  8.10540E-02  4.48910E-04  1.00000E-35  8.23900E-02
   5.74456E+05  8.13607E-04  7.95642E-02  4.01941E-04  1.00000E-35  8.07797E-02
   6.00000E+05  7.46258E-04  7.80909E-02  3.60449E-04  1.00000E-35  7.91976E-02
   6.23574E+05  6.91271E-04  7.67916E-02  3.27621E-04  1.00000E-35  7.78105E-02
   6.48074E+05  6.40336E-04  7.55085E-02  2.98190E-04  1.00000E-35  7.64470E-02
   6.73537E+05  5.93154E-04  7.42266E-02  2.71887E-04  1.00000E-35  7.50916E-02
   7.00000E+05  5.49387E-04  7.29660E-02  2.48307E-04  1.00000E-35  7.37637E-02
   7.48331E+05  4.80851E-04  7.07906E-02  2.12685E-04  1.00000E-35  7.14842E-02
   7.73735E+05  4.49849E-04  6.97168E-02  1.97131E-04  1.00000E-35  7.03637E-02
   8.00000E+05  4.20841E-04  6.86484E-02  1.82913E-04  1.00000E-35  6.92521E-02
   8.48528E+05  3.74153E-04  6.67888E-02  1.60641E-04  1.00000E-35  6.73235E-02
   9.00000E+05  3.32644E-04  6.49591E-02  1.41557E-04  1.00000E-35  6.54333E-02
   9.48683E+05  2.99431E-04  6.33364E-02  1.26722E-04  1.00000E-35  6.37626E-02
   1.00000E+06  2.69533E-04  6.17413E-02  1.13724E-04  1.00000E-35  6.21246E-02
   1.04881E+06  2.45068E-04  6.03146E-02  1.03323E-04  8.06380E-13  6.06629E-02
   1.10000E+06  2.22825E-04  5.89034E-02  9.40545E-05  1.93931E-06  5.92222E-02
   1.17260E+06  1.96126E-04  5.70442E-02  8.31401E-05  1.66030E-05  5.73401E-02
   1.25000E+06  1.72627E-04  5.52146E-02  7.37528E-05  4.72575E-05  5.55082E-02
   1.32288E+06  1.54160E-04  5.36173E-02  6.64798E-05  9.07741E-05  5.39287E-02
   1.40000E+06  1.37668E-04  5.20517E-02  6.00697E-05  1.55220E-04  5.24046E-02
   1.50000E+06  1.19951E-04  5.01829E-02  5.32502E-05  2.59706E-04  5.06158E-02
   1.55893E+06  1.11067E-04  4.91519E-02  4.98437E-05  3.25684E-04  4.96385E-02
   1.62019E+06  1.02840E-04  4.81418E-02  4.67019E-05  4.08446E-04  4.86998E-02
   1.75000E+06  8.81714E-05  4.61499E-02  4.11335E-05  5.94456E-04  4.68737E-02
   1.87083E+06  7.71667E-05  4.44628E-02  3.69407E-05  7.85834E-04  4.53628E-02
   2.00000E+06  6.75358E-05  4.28163E-02  3.32593E-05  1.00744E-03  4.39245E-02
   2.09762E+06  6.14051E-05  4.16697E-02  3.09050E-05  1.18807E-03  4.29501E-02
   2.20000E+06  5.58257E-05  4.05347E-02  2.87519E-05  1.36913E-03  4.19884E-02
   2.34521E+06  4.91289E-05  3.90504E-02  2.61382E-05  1.63914E-03  4.07648E-02
   2.50000E+06  4.32345E-05  3.76046E-02  2.38061E-05  1.93150E-03  3.96031E-02
   2.73861E+06  3.60300E-05  3.56019E-02  2.08873E-05  2.37516E-03  3.80340E-02
   3.00000E+06  3.00258E-05  3.36741E-02  1.83951E-05  2.85767E-03  3.65802E-02
   3.24037E+06  2.57372E-05  3.21037E-02  1.65536E-05  3.29824E-03  3.54442E-02
   3.50000E+06  2.20611E-05  3.05873E-02  1.49248E-05  3.76641E-03  3.43907E-02
   3.74166E+06  1.93039E-05  2.93163E-02  1.36623E-05  4.18943E-03  3.35387E-02
   4.00000E+06  1.68913E-05  2.80843E-02  1.25235E-05  4.62810E-03  3.27418E-02
   4.50000E+06  1.33468E-05  2.60079E-02  1.07695E-05  5.44871E-03  3.14807E-02
   5.00000E+06  1.08113E-05  2.42475E-02  9.43556E-06  6.21379E-03  3.04816E-02
   5.50000E+06  8.93524E-06  2.27388E-02  8.38867E-06  6.93154E-03  2.96876E-02
   6.00000E+06  7.50831E-06  2.14279E-02  7.54630E-06  7.63709E-03  2.90800E-02
   6.48074E+06  6.43583E-06  2.03182E-02  6.87816E-06  8.27864E-03  2.86102E-02
   7.00000E+06  5.51648E-06  1.92559E-02  6.27672E-06  8.91898E-03  2.81867E-02
   8.00000E+06  4.22358E-06  1.75239E-02  5.36725E-06  1.00696E-02  2.76031E-02
   9.00000E+06  3.33716E-06  1.61056E-02  4.68486E-06  1.11130E-02  2.72267E-02
   1.00000E+07  2.70311E-06  1.49204E-02  4.15454E-06  1.20605E-02  2.69878E-02
   1.10000E+07  2.23399E-06  1.39138E-02  3.73088E-06  1.29258E-02  2.68456E-02
   1.25000E+07  1.73001E-06  1.26568E-02  3.23464E-06  1.40922E-02  2.67540E-02
   1.40000E+07  1.37916E-06  1.16260E-02  2.85399E-06  1.51385E-02  2.67687E-02
   1.50000E+07  1.20140E-06  1.10357E-02  2.64603E-06  1.57791E-02  2.68187E-02
   1.75000E+07  8.82667E-07  9.81234E-03  2.23766E-06  1.72117E-02  2.70272E-02
   2.00000E+07  6.75797E-07  8.85218E-03  1.93797E-06  1.84700E-02  2.73248E-02
   2.20000E+07  5.58511E-07  8.22004E-03  1.75019E-06  1.93587E-02  2.75810E-02
   2.50000E+07  4.32511E-07  7.43654E-03  1.52791E-06  2.05500E-02  2.79885E-02
   3.00000E+07  3.00354E-07  6.43740E-03  1.26072E-06  2.22228E-02  2.86617E-02
   3.50000E+07  2.20668E-07  5.69119E-03  1.07292E-06  2.36209E-02  2.93133E-02
   4.00000E+07  1.68950E-07  5.11082E-03  9.33732E-07  2.48328E-02  2.99447E-02
   4.50000E+07  1.33491E-07  4.64521E-03  8.26471E-07  2.58760E-02  3.05222E-02
   5.00000E+07  1.08128E-07  4.26281E-03  7.41288E-07  2.67822E-02  3.10459E-02
   5.50000E+07  8.93619E-08  3.94270E-03  6.72010E-07  2.75745E-02  3.15179E-02
   6.00000E+07  7.50889E-08  3.67043E-03  6.14562E-07  2.83012E-02  3.19723E-02
   7.00000E+07  5.51673E-08  3.23131E-03  5.24817E-07  2.95347E-02  3.27666E-02
   8.00000E+07  4.22375E-08  2.89186E-03  4.57931E-07  3.05663E-02  3.34586E-02
   9.00000E+07  3.33729E-08  2.62087E-03  4.06161E-07  3.14424E-02  3.40637E-02
   1.00000E+08  2.70320E-08  2.39926E-03  3.64903E-07  3.22026E-02  3.46023E-02
   1.10000E+08  2.23405E-08  2.21437E-03  3.31253E-07  3.28663E-02  3.50811E-02
   1.25000E+08  1.73004E-08  1.98775E-03  2.90998E-07  3.37154E-02  3.57035E-02
   1.40000E+08  1.37919E-08  1.80570E-03  2.59464E-07  3.44350E-02  3.62409E-02
   1.50000E+08  1.20142E-08  1.70285E-03  2.41982E-07  3.48562E-02  3.65593E-02
   1.75000E+08  8.82675E-09  1.49312E-03  2.07098E-07  3.57563E-02  3.72496E-02
   2.00000E+08  6.75800E-09  1.33187E-03  1.81003E-07  3.64899E-02  3.78219E-02
   2.20000E+08  5.58513E-09  1.22723E-03  1.64428E-07  3.69824E-02  3.82098E-02
   2.50000E+08  4.32512E-09  1.09932E-03  1.44569E-07  3.76048E-02  3.87043E-02
   3.00000E+08  3.00355E-09  9.39097E-04  1.20345E-07  3.84294E-02  3.93687E-02
   3.50000E+08  2.20669E-09  8.21571E-04  1.03073E-07  3.90663E-02  3.98879E-02
   4.00000E+08  1.68950E-09  7.31472E-04  9.01370E-08  3.95697E-02  4.03012E-02
   4.50000E+08  1.33491E-09  6.60057E-04  8.00856E-08  3.99734E-02  4.06335E-02
   5.00000E+08  1.08128E-09  6.01988E-04  7.20511E-08  4.03133E-02  4.09154E-02
   5.50000E+08  8.93618E-10  5.53784E-04  6.54817E-08  4.06049E-02  4.11588E-02
   6.00000E+08  7.50887E-10  5.13090E-04  6.00101E-08  4.08706E-02  4.13837E-02
   7.00000E+08  5.51673E-10  4.48063E-04  5.14172E-08  4.12817E-02  4.17298E-02
   8.00000E+08  4.22375E-10  3.98323E-04  4.49771E-08  4.15999E-02  4.19983E-02
   9.00000E+08  3.33728E-10  3.58976E-04  3.99706E-08  4.18599E-02  4.22189E-02
   9.48683E+08  3.00355E-10  3.42636E-04  3.79477E-08  4.19696E-02  4.23123E-02
   1.00000E+09  2.70320E-10  3.27033E-04  3.59670E-08  4.20771E-02  4.24041E-02
