 # Material data file: Lu                  
 # 
 # PENELOPE >>>  Photon mass attenuation coefficients (mac).
 # 
 #   Energy       mac_Ra       mac_Co       mac_ph       mac_pp       mac_tot
 #    (eV)       (cm**2/g)    (cm**2/g)    (cm**2/g)    (cm**2/g)    (cm**2/g)
 #------------------------------------------------------------------------------
   5.00000E+01  5.47000E-01  3.48945E-03  3.10976E+04  1.00000E-35  3.10982E+04
   5.12057E+01  5.22894E-01  3.49118E-03  2.99388E+04  1.00000E-35  2.99393E+04
   5.24404E+01  5.01369E-01  3.49291E-03  2.89064E+04  1.00000E-35  2.89069E+04
   5.37050E+01  4.81917E-01  3.49465E-03  2.79914E+04  1.00000E-35  2.79919E+04
   5.50000E+01  4.63761E-01  3.49651E-03  2.71870E+04  1.00000E-35  2.71875E+04
   5.62095E+01  4.48271E-01  3.49836E-03  2.65441E+04  1.00000E-35  2.65445E+04
   5.74456E+01  4.34148E-01  3.50022E-03  2.59837E+04  1.00000E-35  2.59841E+04
   5.87089E+01  4.20860E-01  3.50207E-03  2.55006E+04  1.00000E-35  2.55010E+04
   6.00000E+01  4.08437E-01  3.50425E-03  2.50903E+04  1.00000E-35  2.50907E+04
   6.09918E+01  3.99316E-01  3.50604E-03  2.48264E+04  1.00000E-35  2.48268E+04
   6.20000E+01  3.91012E-01  3.50784E-03  2.45991E+04  1.00000E-35  2.45995E+04
   6.20000E+01  3.91012E-01  3.50784E-03  2.48017E+04  1.00000E-35  2.48021E+04
   6.20588E+01  3.90710E-01  3.50794E-03  2.47892E+04  1.00000E-35  2.47896E+04
   6.21177E+01  3.90408E-01  3.50804E-03  2.47768E+04  1.00000E-35  2.47772E+04
   6.22356E+01  3.89804E-01  3.50825E-03  2.47524E+04  1.00000E-35  2.47528E+04
   6.24721E+01  3.88600E-01  3.50867E-03  2.47049E+04  1.00000E-35  2.47053E+04
   6.29477E+01  3.87676E-01  3.50950E-03  2.46154E+04  1.00000E-35  2.46158E+04
   6.39099E+01  3.84545E-01  3.51116E-03  2.44583E+04  1.00000E-35  2.44586E+04
   6.48868E+01  3.78452E-01  3.51318E-03  2.43287E+04  1.00000E-35  2.43290E+04
   6.58787E+01  3.73536E-01  3.51561E-03  2.42250E+04  1.00000E-35  2.42254E+04
   6.79081E+01  3.65334E-01  3.52046E-03  2.40886E+04  1.00000E-35  2.40890E+04
   7.00000E+01  3.59442E-01  3.52533E-03  2.40351E+04  1.00000E-35  2.40354E+04
   7.23762E+01  3.55691E-01  3.53351E-03  2.40564E+04  1.00000E-35  2.40567E+04
   7.48331E+01  3.54282E-01  3.54185E-03  2.41444E+04  1.00000E-35  2.41448E+04
   7.73735E+01  3.56122E-01  3.55231E-03  2.42833E+04  1.00000E-35  2.42836E+04
   8.00000E+01  3.60344E-01  3.56566E-03  2.44580E+04  1.00000E-35  2.44583E+04
   9.00000E+01  3.99649E-01  3.63073E-03  2.51802E+04  1.00000E-35  2.51806E+04
   9.48683E+01  4.28697E-01  3.67825E-03  2.54866E+04  1.00000E-35  2.54871E+04
   1.00000E+02  4.64717E-01  3.73405E-03  2.57578E+04  1.00000E-35  2.57583E+04
   1.04881E+02  5.02520E-01  3.79764E-03  2.59683E+04  1.00000E-35  2.59688E+04
   1.10000E+02  5.45671E-01  3.87344E-03  2.61432E+04  1.00000E-35  2.61438E+04
   1.17260E+02  6.12532E-01  3.99090E-03  2.63152E+04  1.00000E-35  2.63158E+04
   1.25000E+02  6.90993E-01  4.13317E-03  2.63973E+04  1.00000E-35  2.63980E+04
   1.32288E+02  7.69022E-01  4.27845E-03  2.63721E+04  1.00000E-35  2.63728E+04
   1.36089E+02  8.11176E-01  4.35524E-03  2.63183E+04  1.00000E-35  2.63191E+04
   1.40000E+02  8.55101E-01  4.43808E-03  2.62347E+04  1.00000E-35  2.62356E+04
   1.44914E+02  9.11627E-01  4.54564E-03  2.60914E+04  1.00000E-35  2.60923E+04
   1.50000E+02  9.69373E-01  4.65589E-03  2.59026E+04  1.00000E-35  2.59035E+04
   1.55893E+02  1.03637E+00  4.79184E-03  2.56403E+04  1.00000E-35  2.56413E+04
   1.62019E+02  1.10490E+00  4.93179E-03  2.53280E+04  1.00000E-35  2.53291E+04
   1.68384E+02  1.17406E+00  5.08249E-03  2.49708E+04  1.00000E-35  2.49720E+04
   1.75000E+02  1.24261E+00  5.23935E-03  2.45730E+04  1.00000E-35  2.45742E+04
   1.80941E+02  1.29943E+00  5.38223E-03  2.41972E+04  1.00000E-35  2.41985E+04
   1.87083E+02  1.35000E+00  5.53140E-03  2.37932E+04  1.00000E-35  2.37945E+04
   1.93434E+02  1.40408E+00  5.68484E-03  2.33600E+04  1.00000E-35  2.33614E+04
   2.00000E+02  1.54649E+00  5.84545E-03  2.28969E+04  1.00000E-35  2.28985E+04
   2.02000E+02  1.57635E+00  5.89420E-03  2.27529E+04  1.00000E-35  2.27545E+04
   2.02000E+02  1.57635E+00  5.89420E-03  2.39598E+04  1.00000E-35  2.39614E+04
   2.02167E+02  1.57945E+00  5.89827E-03  2.39488E+04  1.00000E-35  2.39504E+04
   2.02335E+02  1.58257E+00  5.90236E-03  2.39379E+04  1.00000E-35  2.39395E+04
   2.02671E+02  1.58883E+00  5.91054E-03  2.39164E+04  1.00000E-35  2.39180E+04
   2.03343E+02  1.60260E+00  5.92690E-03  2.38764E+04  1.00000E-35  2.38781E+04
   2.04696E+02  1.64375E+00  5.95979E-03  2.38084E+04  1.00000E-35  2.38100E+04
   2.07427E+02  1.73302E+00  6.02609E-03  2.37103E+04  1.00000E-35  2.37120E+04
   2.13000E+02  1.85831E+00  6.16118E-03  2.35466E+04  1.00000E-35  2.35484E+04
   2.13000E+02  1.85831E+00  6.16118E-03  2.44015E+04  1.00000E-35  2.44033E+04
   2.13108E+02  1.86044E+00  6.16379E-03  2.43960E+04  1.00000E-35  2.43979E+04
   2.13215E+02  1.86256E+00  6.16639E-03  2.43905E+04  1.00000E-35  2.43924E+04
   2.13431E+02  1.86684E+00  6.17162E-03  2.43794E+04  1.00000E-35  2.43813E+04
   2.13863E+02  1.87542E+00  6.18208E-03  2.43573E+04  1.00000E-35  2.43591E+04
   2.14729E+02  1.89267E+00  6.20305E-03  2.43138E+04  1.00000E-35  2.43157E+04
   2.16472E+02  1.92674E+00  6.24520E-03  2.42254E+04  1.00000E-35  2.42273E+04
   2.20000E+02  1.99538E+00  6.33035E-03  2.40309E+04  1.00000E-35  2.40329E+04
   2.23544E+02  2.05808E+00  6.41567E-03  2.37926E+04  1.00000E-35  2.37946E+04
   2.27144E+02  2.11747E+00  6.50211E-03  2.34812E+04  1.00000E-35  2.34833E+04
   2.30803E+02  2.16469E+00  6.58928E-03  2.30952E+04  1.00000E-35  2.30973E+04
   2.34521E+02  2.20913E+00  6.67726E-03  2.26578E+04  1.00000E-35  2.26601E+04
   2.42137E+02  2.27940E+00  6.85675E-03  2.17231E+04  1.00000E-35  2.17254E+04
   2.50000E+02  2.33729E+00  7.04052E-03  2.07918E+04  1.00000E-35  2.07941E+04
   2.61659E+02  2.40748E+00  7.30610E-03  1.95537E+04  1.00000E-35  1.95561E+04
   2.73861E+02  2.47366E+00  7.57968E-03  1.84556E+04  1.00000E-35  1.84580E+04
   2.86633E+02  2.54167E+00  7.85702E-03  1.74819E+04  1.00000E-35  1.74845E+04
   3.00000E+02  2.61155E+00  8.14031E-03  1.65993E+04  1.00000E-35  1.66019E+04
   3.50000E+02  2.86300E+00  9.12467E-03  1.39775E+04  1.00000E-35  1.39804E+04
   3.66000E+02  3.10427E+00  9.41185E-03  1.32812E+04  1.00000E-35  1.32843E+04
   3.66000E+02  3.10427E+00  9.41185E-03  1.42155E+04  1.00000E-35  1.42186E+04
   3.66254E+02  3.10605E+00  9.41638E-03  1.42014E+04  1.00000E-35  1.42045E+04
   3.66508E+02  3.10783E+00  9.42090E-03  1.41874E+04  1.00000E-35  1.41905E+04
   3.67017E+02  3.11140E+00  9.42997E-03  1.41597E+04  1.00000E-35  1.41628E+04
   3.68038E+02  3.11856E+00  9.44815E-03  1.41067E+04  1.00000E-35  1.41098E+04
   3.70087E+02  3.13291E+00  9.48458E-03  1.40092E+04  1.00000E-35  1.40124E+04
   3.74219E+02  3.16182E+00  9.55787E-03  1.38327E+04  1.00000E-35  1.38359E+04
   3.82623E+02  3.21894E+00  9.70362E-03  1.34943E+04  1.00000E-35  1.34975E+04
   4.00000E+02  3.31774E+00  9.99166E-03  1.28013E+04  1.00000E-35  1.28046E+04
   4.20000E+02  3.46999E+00  1.03121E-02  1.20574E+04  1.00000E-35  1.20609E+04
   4.20000E+02  3.46999E+00  1.03121E-02  1.22688E+04  1.00000E-35  1.22723E+04
   4.20226E+02  3.47176E+00  1.03156E-02  1.22603E+04  1.00000E-35  1.22638E+04
   4.20453E+02  3.47354E+00  1.03191E-02  1.22519E+04  1.00000E-35  1.22553E+04
   4.20907E+02  3.47709E+00  1.03260E-02  1.22350E+04  1.00000E-35  1.22384E+04
   4.21815E+02  3.48420E+00  1.03399E-02  1.22013E+04  1.00000E-35  1.22048E+04
   4.23638E+02  3.49848E+00  1.03678E-02  1.21350E+04  1.00000E-35  1.21385E+04
   4.27307E+02  3.52313E+00  1.04237E-02  1.20055E+04  1.00000E-35  1.20091E+04
   4.34741E+02  3.56797E+00  1.05365E-02  1.17518E+04  1.00000E-35  1.17554E+04
   4.50000E+02  3.65336E+00  1.07655E-02  1.12474E+04  1.00000E-35  1.12511E+04
   4.74342E+02  3.76534E+00  1.11056E-02  1.04924E+04  1.00000E-35  1.04961E+04
   5.00000E+02  3.88365E+00  1.14484E-02  9.76394E+03  1.00000E-35  9.76784E+03
   5.14000E+02  3.98034E+00  1.16261E-02  9.39185E+03  1.00000E-35  9.39584E+03
   5.14000E+02  3.98034E+00  1.16261E-02  9.67098E+03  1.00000E-35  9.67497E+03
   5.14272E+02  3.98202E+00  1.16296E-02  9.66262E+03  1.00000E-35  9.66661E+03
   5.14544E+02  3.98370E+00  1.16330E-02  9.65425E+03  1.00000E-35  9.65825E+03
   5.15089E+02  3.98706E+00  1.16399E-02  9.63763E+03  1.00000E-35  9.64163E+03
   5.16179E+02  3.99293E+00  1.16536E-02  9.60486E+03  1.00000E-35  9.60887E+03
   5.18368E+02  4.00446E+00  1.16812E-02  9.54160E+03  1.00000E-35  9.54562E+03
   5.22773E+02  4.02761E+00  1.17364E-02  9.42086E+03  1.00000E-35  9.42490E+03
   5.31695E+02  4.07408E+00  1.18478E-02  9.19357E+03  1.00000E-35  9.19765E+03
   5.50000E+02  4.15052E+00  1.20617E-02  8.75973E+03  1.00000E-35  8.76389E+03
   5.74456E+02  4.24230E+00  1.23417E-02  8.21248E+03  1.00000E-35  8.21673E+03
   6.00000E+02  4.32039E+00  1.26159E-02  7.68536E+03  1.00000E-35  7.68970E+03
   6.23574E+02  4.38289E+00  1.28611E-02  7.23776E+03  1.00000E-35  7.24215E+03
   6.48074E+02  4.43885E+00  1.31020E-02  6.80722E+03  1.00000E-35  6.81167E+03
   6.73537E+02  4.48712E+00  1.33438E-02  6.39472E+03  1.00000E-35  6.39922E+03
   7.00000E+02  4.52861E+00  1.35843E-02  6.00032E+03  1.00000E-35  6.00486E+03
   7.48331E+02  4.57984E+00  1.40011E-02  5.35877E+03  1.00000E-35  5.36336E+03
   8.00000E+02  4.59993E+00  1.44146E-02  4.77170E+03  1.00000E-35  4.77631E+03
   8.48528E+02  4.59691E+00  1.47812E-02  4.29710E+03  1.00000E-35  4.30172E+03
   9.00000E+02  4.57724E+00  1.51518E-02  3.86092E+03  1.00000E-35  3.86552E+03
   9.48683E+02  4.54477E+00  1.54864E-02  3.50287E+03  1.00000E-35  3.50743E+03
   1.00000E+03  4.48995E+00  1.58256E-02  3.17319E+03  1.00000E-35  3.17770E+03
   1.04881E+03  4.41793E+00  1.61379E-02  2.89777E+03  1.00000E-35  2.90221E+03
   1.10000E+03  4.32591E+00  1.64559E-02  2.64335E+03  1.00000E-35  2.64769E+03
   1.17260E+03  4.15437E+00  1.68939E-02  2.33294E+03  1.00000E-35  2.33711E+03
   1.25000E+03  3.93114E+00  1.73468E-02  2.05487E+03  1.00000E-35  2.05882E+03
   1.32288E+03  3.66288E+00  1.77648E-02  1.83338E+03  1.00000E-35  1.83706E+03
   1.40000E+03  3.28561E+00  1.82006E-02  1.63372E+03  1.00000E-35  1.63702E+03
   1.50000E+03  2.52767E+00  1.87568E-02  1.41692E+03  1.00000E-35  1.41947E+03
   1.59600E+03  1.40039E+00  1.92836E-02  1.24465E+03  1.00000E-35  1.24607E+03
   1.59600E+03  1.40039E+00  1.92836E-02  1.31648E+03  1.00000E-35  1.31790E+03
   1.59757E+03  1.41728E+00  1.92923E-02  1.35982E+03  1.00000E-35  1.36125E+03
   1.59914E+03  1.43435E+00  1.93011E-02  1.42937E+03  1.00000E-35  1.43082E+03
   1.60071E+03  1.46741E+00  1.93098E-02  1.52636E+03  1.00000E-35  1.52785E+03
   1.60229E+03  1.50740E+00  1.93187E-02  1.64984E+03  1.00000E-35  1.65137E+03
   1.60386E+03  1.54817E+00  1.93275E-02  1.79562E+03  1.00000E-35  1.79719E+03
   1.60544E+03  1.59028E+00  1.93363E-02  1.95644E+03  1.00000E-35  1.95805E+03
   1.60702E+03  1.63349E+00  1.93451E-02  2.12323E+03  1.00000E-35  2.12488E+03
   1.60860E+03  1.67783E+00  1.93539E-02  2.28707E+03  1.00000E-35  2.28877E+03
   1.61018E+03  1.72332E+00  1.93628E-02  2.44100E+03  1.00000E-35  2.44275E+03
   1.61177E+03  1.77030E+00  1.93716E-02  2.58084E+03  1.00000E-35  2.58263E+03
   1.61335E+03  1.81821E+00  1.93804E-02  2.70508E+03  1.00000E-35  2.70692E+03
   1.61494E+03  1.86448E+00  1.93893E-02  2.81424E+03  1.00000E-35  2.81612E+03
   1.61653E+03  1.90616E+00  1.93982E-02  2.90993E+03  1.00000E-35  2.91185E+03
   1.61812E+03  1.94873E+00  1.94070E-02  2.99421E+03  1.00000E-35  2.99618E+03
   1.61971E+03  1.99221E+00  1.94158E-02  3.06910E+03  1.00000E-35  3.07111E+03
   1.62130E+03  2.03661E+00  1.94247E-02  3.13635E+03  1.00000E-35  3.13840E+03
   1.62289E+03  2.08196E+00  1.94335E-02  3.19731E+03  1.00000E-35  3.19941E+03
   1.62449E+03  2.12857E+00  1.94424E-02  3.25299E+03  1.00000E-35  3.25514E+03
   1.62609E+03  2.17617E+00  1.94513E-02  3.30407E+03  1.00000E-35  3.30626E+03
   1.62769E+03  2.22479E+00  1.94602E-02  3.35099E+03  1.00000E-35  3.35324E+03
   1.62929E+03  2.27445E+00  1.94690E-02  3.39400E+03  1.00000E-35  3.39630E+03
   1.63089E+03  2.31482E+00  1.94779E-02  3.43323E+03  1.00000E-35  3.43556E+03
   1.63249E+03  2.35581E+00  1.94868E-02  3.46873E+03  1.00000E-35  3.47110E+03
   1.63410E+03  2.39774E+00  1.94957E-02  3.50053E+03  1.00000E-35  3.50295E+03
   1.63571E+03  2.44038E+00  1.95046E-02  3.52865E+03  1.00000E-35  3.53111E+03
   1.63731E+03  2.48346E+00  1.95135E-02  3.55316E+03  1.00000E-35  3.55566E+03
   1.64054E+03  2.57263E+00  1.95313E-02  3.59184E+03  1.00000E-35  3.59443E+03
   1.64377E+03  2.66481E+00  1.95491E-02  3.61779E+03  1.00000E-35  3.62048E+03
   1.64700E+03  2.75938E+00  1.95669E-02  3.63290E+03  1.00000E-35  3.63568E+03
   1.64700E+03  2.75938E+00  1.95669E-02  3.68456E+03  1.00000E-35  3.68734E+03
   1.64856E+03  2.80609E+00  1.95755E-02  3.71564E+03  1.00000E-35  3.71847E+03
   1.65013E+03  2.85386E+00  1.95842E-02  3.75691E+03  1.00000E-35  3.75979E+03
   1.65169E+03  2.90208E+00  1.95928E-02  3.81556E+03  1.00000E-35  3.81848E+03
   1.65326E+03  2.95139E+00  1.96014E-02  3.88956E+03  1.00000E-35  3.89253E+03
   1.65482E+03  3.00117E+00  1.96100E-02  3.97688E+03  1.00000E-35  3.97990E+03
   1.65639E+03  3.05207E+00  1.96186E-02  4.07359E+03  1.00000E-35  4.07666E+03
   1.65954E+03  3.15665E+00  1.96359E-02  4.27384E+03  1.00000E-35  4.27701E+03
   1.66111E+03  3.20416E+00  1.96445E-02  4.36770E+03  1.00000E-35  4.37092E+03
   1.66268E+03  3.25215E+00  1.96532E-02  4.45326E+03  1.00000E-35  4.45653E+03
   1.66426E+03  3.30112E+00  1.96618E-02  4.52939E+03  1.00000E-35  4.53271E+03
   1.66584E+03  3.35078E+00  1.96705E-02  4.59630E+03  1.00000E-35  4.59967E+03
   1.66742E+03  3.40114E+00  1.96791E-02  4.65488E+03  1.00000E-35  4.65830E+03
   1.66900E+03  3.45221E+00  1.96878E-02  4.70634E+03  1.00000E-35  4.70981E+03
   1.67058E+03  3.50399E+00  1.96964E-02  4.75191E+03  1.00000E-35  4.75543E+03
   1.67217E+03  3.55684E+00  1.97051E-02  4.79266E+03  1.00000E-35  4.79623E+03
   1.67534E+03  3.66047E+00  1.97224E-02  4.86284E+03  1.00000E-35  4.86652E+03
   1.67852E+03  3.73902E+00  1.97398E-02  4.92086E+03  1.00000E-35  4.92462E+03
   1.68170E+03  3.81911E+00  1.97572E-02  4.96840E+03  1.00000E-35  4.97223E+03
   1.68489E+03  3.90101E+00  1.97745E-02  5.00581E+03  1.00000E-35  5.00973E+03
   1.68809E+03  3.98478E+00  1.97919E-02  5.03320E+03  1.00000E-35  5.03721E+03
   1.69129E+03  4.06347E+00  1.98093E-02  5.05090E+03  1.00000E-35  5.05498E+03
   1.69450E+03  4.12493E+00  1.98268E-02  5.05967E+03  1.00000E-35  5.06382E+03
   1.69772E+03  4.18740E+00  1.98443E-02  5.06074E+03  1.00000E-35  5.06495E+03
   1.70417E+03  4.31501E+00  1.98792E-02  5.04549E+03  1.00000E-35  5.04983E+03
   1.71064E+03  4.42367E+00  1.99142E-02  5.01651E+03  1.00000E-35  5.02096E+03
   1.72366E+03  4.62533E+00  1.99844E-02  4.94558E+03  1.00000E-35  4.95022E+03
   1.73678E+03  4.80958E+00  2.00548E-02  4.87247E+03  1.00000E-35  4.87730E+03
   1.75000E+03  4.98688E+00  2.01282E-02  4.79486E+03  1.00000E-35  4.79987E+03
   1.80941E+03  5.69768E+00  2.04552E-02  4.42690E+03  1.00000E-35  4.43261E+03
   1.87083E+03  6.13325E+00  2.07875E-02  4.07242E+03  1.00000E-35  4.07858E+03
   2.00000E+03  6.33685E+00  2.14888E-02  3.45159E+03  1.00000E-35  3.45795E+03
   2.03200E+03  6.64246E+00  2.16599E-02  3.31850E+03  1.00000E-35  3.32517E+03
   2.03200E+03  6.64246E+00  2.16599E-02  3.87958E+03  1.00000E-35  3.88624E+03
   2.03326E+03  6.65542E+00  2.16666E-02  3.87238E+03  1.00000E-35  3.87906E+03
   2.03452E+03  6.66822E+00  2.16733E-02  3.86519E+03  1.00000E-35  3.87188E+03
   2.03705E+03  6.69399E+00  2.16868E-02  3.85077E+03  1.00000E-35  3.85749E+03
   2.04211E+03  6.74572E+00  2.17137E-02  3.82207E+03  1.00000E-35  3.82883E+03
   2.05228E+03  6.84840E+00  2.17676E-02  3.76472E+03  1.00000E-35  3.77159E+03
   2.06249E+03  6.93519E+00  2.18225E-02  3.70869E+03  1.00000E-35  3.71565E+03
   2.07276E+03  7.01624E+00  2.18784E-02  3.66016E+03  1.00000E-35  3.66720E+03
   2.11433E+03  7.21802E+00  2.21030E-02  3.49578E+03  1.00000E-35  3.50302E+03
   2.20000E+03  7.37343E+00  2.25595E-02  3.18328E+03  1.00000E-35  3.19067E+03
   2.27000E+03  7.53606E+00  2.29308E-02  2.95623E+03  1.00000E-35  2.96378E+03
   2.27000E+03  7.53606E+00  2.29308E-02  3.13687E+03  1.00000E-35  3.14443E+03
   2.27171E+03  7.54326E+00  2.29399E-02  3.13143E+03  1.00000E-35  3.13900E+03
   2.27341E+03  7.55043E+00  2.29490E-02  3.12601E+03  1.00000E-35  3.13358E+03
   2.27683E+03  7.56484E+00  2.29673E-02  3.11518E+03  1.00000E-35  3.12277E+03
   2.28368E+03  7.59372E+00  2.30039E-02  3.09362E+03  1.00000E-35  3.10124E+03
   2.29744E+03  7.65183E+00  2.30771E-02  3.05093E+03  1.00000E-35  3.05860E+03
   2.32520E+03  7.75108E+00  2.32244E-02  2.96721E+03  1.00000E-35  2.97499E+03
   2.38175E+03  7.85111E+00  2.35217E-02  2.80615E+03  1.00000E-35  2.81402E+03
   2.49900E+03  8.01467E+00  2.41371E-02  2.50855E+03  1.00000E-35  2.51658E+03
   2.49900E+03  8.01467E+00  2.41371E-02  2.62907E+03  1.00000E-35  2.63711E+03
   2.50000E+03  8.01820E+00  2.41424E-02  2.62495E+03  1.00000E-35  2.63300E+03
   3.00000E+03  8.30732E+00  2.67218E-02  1.70855E+03  1.00000E-35  1.71688E+03
   3.24037E+03  8.19615E+00  2.79353E-02  1.42091E+03  1.00000E-35  1.42914E+03
   3.50000E+03  8.00851E+00  2.92257E-02  1.17935E+03  1.00000E-35  1.18739E+03
   3.74166E+03  7.81074E+00  3.04060E-02  1.00210E+03  1.00000E-35  1.00994E+03
   4.00000E+03  7.57164E+00  3.16471E-02  8.50476E+02  1.00000E-35  8.58079E+02
   4.50000E+03  7.09026E+00  3.39768E-02  6.35011E+02  1.00000E-35  6.42135E+02
   5.00000E+03  6.61413E+00  3.62121E-02  4.87695E+02  1.00000E-35  4.94345E+02
   5.50000E+03  6.15073E+00  3.83583E-02  3.83366E+02  1.00000E-35  3.89555E+02
   6.00000E+03  5.70896E+00  4.04146E-02  3.07287E+02  1.00000E-35  3.13037E+02
   7.00000E+03  4.89839E+00  4.42379E-02  2.06992E+02  1.00000E-35  2.11935E+02
   8.00000E+03  4.12336E+00  4.77290E-02  1.46552E+02  1.00000E-35  1.50723E+02
   9.00000E+03  3.10728E+00  5.09564E-02  1.07837E+02  1.00000E-35  1.10995E+02
   9.25000E+03  2.76511E+00  5.17316E-02  1.00379E+02  1.00000E-35  1.03196E+02
   9.25000E+03  2.76511E+00  5.17316E-02  2.82726E+02  1.00000E-35  2.85543E+02
   9.25564E+03  2.76696E+00  5.17490E-02  2.79597E+02  1.00000E-35  2.82416E+02
   9.26127E+03  2.76881E+00  5.17663E-02  2.76453E+02  1.00000E-35  2.79273E+02
   9.27256E+03  2.77253E+00  5.18011E-02  2.70065E+02  1.00000E-35  2.72889E+02
   9.27821E+03  2.77439E+00  5.18185E-02  2.66949E+02  1.00000E-35  2.69776E+02
   9.28387E+03  2.77625E+00  5.18359E-02  2.64622E+02  1.00000E-35  2.67451E+02
   9.28952E+03  2.77811E+00  5.18533E-02  2.63274E+02  1.00000E-35  2.66104E+02
   9.29518E+03  2.78665E+00  5.18707E-02  2.62686E+02  1.00000E-35  2.65524E+02
   9.31785E+03  2.82175E+00  5.19403E-02  2.62152E+02  1.00000E-35  2.65025E+02
   9.34058E+03  2.85730E+00  5.20101E-02  2.60278E+02  1.00000E-35  2.63187E+02
   9.36337E+03  2.89330E+00  5.20800E-02  2.58788E+02  1.00000E-35  2.61733E+02
   9.38621E+03  2.92901E+00  5.21500E-02  2.57655E+02  1.00000E-35  2.60636E+02
   9.43205E+03  2.99996E+00  5.22893E-02  2.54508E+02  1.00000E-35  2.57561E+02
   9.52442E+03  3.10600E+00  5.25672E-02  2.48145E+02  1.00000E-35  2.51303E+02
   9.61769E+03  3.16109E+00  5.28464E-02  2.42259E+02  1.00000E-35  2.45473E+02
   1.00000E+04  3.13564E+00  5.39786E-02  2.18355E+02  1.00000E-35  2.21545E+02
   1.03550E+04  2.93657E+00  5.50067E-02  1.98854E+02  1.00000E-35  2.01845E+02
   1.03550E+04  2.93657E+00  5.50067E-02  2.74656E+02  1.00000E-35  2.77647E+02
   1.03629E+04  2.93509E+00  5.50292E-02  2.74103E+02  1.00000E-35  2.77093E+02
   1.03709E+04  2.93359E+00  5.50519E-02  2.73551E+02  1.00000E-35  2.76540E+02
   1.03868E+04  2.93780E+00  5.50970E-02  2.72448E+02  1.00000E-35  2.75441E+02
   1.04187E+04  2.95178E+00  5.51874E-02  2.70253E+02  1.00000E-35  2.73260E+02
   1.04829E+04  2.98179E+00  5.53690E-02  2.65898E+02  1.00000E-35  2.68935E+02
   1.06123E+04  3.04645E+00  5.57334E-02  2.57344E+02  1.00000E-35  2.60446E+02
   1.08760E+04  3.11493E+00  5.64697E-02  2.40929E+02  1.00000E-35  2.44100E+02
   1.08760E+04  3.11493E+00  5.64697E-02  2.81353E+02  1.00000E-35  2.84525E+02
   1.08837E+04  3.11888E+00  5.64910E-02  2.78071E+02  1.00000E-35  2.81246E+02
   1.08914E+04  3.12282E+00  5.65124E-02  2.76903E+02  1.00000E-35  2.80083E+02
   1.09069E+04  3.13078E+00  5.65554E-02  2.76511E+02  1.00000E-35  2.79698E+02
   1.09223E+04  3.13869E+00  5.65981E-02  2.75856E+02  1.00000E-35  2.79051E+02
   1.09378E+04  3.14666E+00  5.66410E-02  2.74723E+02  1.00000E-35  2.77926E+02
   1.10000E+04  3.18001E+00  5.68130E-02  2.70635E+02  1.00000E-35  2.73871E+02
   1.17260E+04  3.28718E+00  5.87570E-02  2.30173E+02  1.00000E-35  2.33519E+02
   1.25000E+04  3.19985E+00  6.07380E-02  1.95428E+02  1.00000E-35  1.98688E+02
   1.40000E+04  2.93084E+00  6.43225E-02  1.45743E+02  1.00000E-35  1.48738E+02
   1.50000E+04  2.73879E+00  6.65396E-02  1.21726E+02  1.00000E-35  1.24531E+02
   1.75000E+04  2.30573E+00  7.15673E-02  8.11249E+01  1.00000E-35  8.35022E+01
   2.00000E+04  1.95872E+00  7.59633E-02  5.68794E+01  1.00000E-35  5.89141E+01
   2.20000E+04  1.73342E+00  7.90736E-02  4.40635E+01  1.00000E-35  4.58760E+01
   2.50000E+04  1.45871E+00  8.31109E-02  3.12173E+01  1.00000E-35  3.27591E+01
   3.00000E+04  1.11954E+00  8.84784E-02  1.90198E+01  1.00000E-35  2.02279E+01
   3.50000E+04  8.82373E-01  9.25030E-02  1.24705E+01  1.00000E-35  1.34454E+01
   4.00000E+04  7.10106E-01  9.55585E-02  8.63345E+00  1.00000E-35  9.43911E+00
   4.50000E+04  5.78893E-01  9.78447E-02  6.23292E+00  1.00000E-35  6.90966E+00
   5.00000E+04  4.79674E-01  9.95965E-02  4.65230E+00  1.00000E-35  5.23157E+00
   5.50000E+04  4.00381E-01  1.00920E-01  3.56802E+00  1.00000E-35  4.06933E+00
   6.00000E+04  3.28127E-01  1.01898E-01  2.79880E+00  1.00000E-35  3.22882E+00
   6.33200E+04  2.65005E-01  1.02370E-01  2.40632E+00  1.00000E-35  2.77370E+00
   6.33200E+04  2.65005E-01  1.02370E-01  1.31182E+01  1.00000E-35  1.34855E+01
   6.33696E+04  2.64813E-01  1.02377E-01  1.24724E+01  1.00000E-35  1.28396E+01
   6.34193E+04  2.64620E-01  1.02383E-01  1.24045E+01  1.00000E-35  1.27715E+01
   6.34690E+04  2.64428E-01  1.02390E-01  1.23661E+01  1.00000E-35  1.27329E+01
   6.35188E+04  2.64236E-01  1.02397E-01  1.23553E+01  1.00000E-35  1.27220E+01
   6.35686E+04  2.64044E-01  1.02403E-01  1.23429E+01  1.00000E-35  1.27093E+01
   6.36184E+04  2.63853E-01  1.02410E-01  1.23181E+01  1.00000E-35  1.26843E+01
   6.37182E+04  2.64066E-01  1.02423E-01  1.22564E+01  1.00000E-35  1.26229E+01
   6.41188E+04  2.68753E-01  1.02477E-01  1.20696E+01  1.00000E-35  1.24408E+01
   6.49277E+04  2.79368E-01  1.02583E-01  1.16959E+01  1.00000E-35  1.20779E+01
   6.65763E+04  2.86358E-01  1.02761E-01  1.09678E+01  1.00000E-35  1.13569E+01
   7.00000E+04  2.78293E-01  1.03057E-01  9.63006E+00  1.00000E-35  1.00114E+01
   7.48331E+04  2.58234E-01  1.03331E-01  8.09139E+00  1.00000E-35  8.45296E+00
   8.00000E+04  2.35484E-01  1.03475E-01  6.79025E+00  1.00000E-35  7.12921E+00
   9.00000E+04  1.96732E-01  1.03380E-01  4.97039E+00  1.00000E-35  5.27050E+00
   1.00000E+05  1.65688E-01  1.02919E-01  3.75034E+00  1.00000E-35  4.01894E+00
   1.10000E+05  1.40799E-01  1.02171E-01  2.90160E+00  1.00000E-35  3.14457E+00
   1.25000E+05  1.12311E-01  1.00761E-01  2.05227E+00  1.00000E-35  2.26534E+00
   1.40000E+05  9.14424E-02  9.92068E-02  1.50740E+00  1.00000E-35  1.69805E+00
   1.50000E+05  8.06748E-02  9.80982E-02  1.24867E+00  1.00000E-35  1.42744E+00
   1.62019E+05  7.01247E-02  9.67530E-02  1.01091E+00  1.00000E-35  1.17778E+00
   1.75000E+05  6.09183E-02  9.52957E-02  8.19499E-01  1.00000E-35  9.75713E-01
   2.00000E+05  4.76616E-02  9.25440E-02  5.69310E-01  1.00000E-35  7.09516E-01
   2.20000E+05  3.99237E-02  9.04152E-02  4.39392E-01  1.00000E-35  5.69731E-01
   2.34521E+05  3.54120E-02  8.89385E-02  3.69517E-01  1.00000E-35  4.93867E-01
   2.50000E+05  3.14101E-02  8.74043E-02  3.11095E-01  1.00000E-35  4.29909E-01
   2.73861E+05  2.63980E-02  8.51625E-02  2.43415E-01  1.00000E-35  3.54976E-01
   2.86633E+05  2.41952E-02  8.40070E-02  2.15658E-01  1.00000E-35  3.23860E-01
   3.00000E+05  2.21760E-02  8.28568E-02  1.91297E-01  1.00000E-35  2.96330E-01
   3.24037E+05  1.91357E-02  8.08592E-02  1.56195E-01  1.00000E-35  2.56190E-01
   3.50000E+05  1.64895E-02  7.88314E-02  1.27803E-01  1.00000E-35  2.23124E-01
   3.74166E+05  1.44883E-02  7.70534E-02  1.07584E-01  1.00000E-35  1.99125E-01
   4.00000E+05  1.27299E-02  7.52654E-02  9.07813E-02  1.00000E-35  1.78777E-01
   4.24264E+05  1.13570E-02  7.36866E-02  7.82579E-02  1.00000E-35  1.63301E-01
   4.50000E+05  1.01295E-02  7.20939E-02  6.75828E-02  1.00000E-35  1.49806E-01
   4.74342E+05  9.14226E-03  7.06696E-02  5.93517E-02  1.00000E-35  1.39164E-01
   5.00000E+05  8.24718E-03  6.92563E-02  5.22058E-02  1.00000E-35  1.29709E-01
   5.24404E+05  7.51252E-03  6.79650E-02  4.65392E-02  1.00000E-35  1.22017E-01
   5.50000E+05  6.84327E-03  6.66879E-02  4.15437E-02  1.00000E-35  1.15075E-01
   5.74456E+05  6.28450E-03  6.55196E-02  3.74931E-02  1.00000E-35  1.09297E-01
   6.00000E+05  5.77136E-03  6.43605E-02  3.38725E-02  1.00000E-35  1.04004E-01
   6.48074E+05  4.96298E-03  6.23171E-02  2.83575E-02  1.00000E-35  9.56376E-02
   6.73537E+05  4.60229E-03  6.12966E-02  2.59907E-02  1.00000E-35  9.18896E-02
   7.00000E+05  4.26730E-03  6.02924E-02  2.38476E-02  1.00000E-35  8.84073E-02
   7.48331E+05  3.74182E-03  5.85501E-02  2.05736E-02  1.00000E-35  8.28656E-02
   8.00000E+05  3.27996E-03  5.68277E-02  1.77966E-02  1.00000E-35  7.79043E-02
   8.48528E+05  2.91991E-03  5.53274E-02  1.56921E-02  1.00000E-35  7.39394E-02
   9.00000E+05  2.59937E-03  5.38468E-02  1.38677E-02  1.00000E-35  7.03138E-02
   9.48683E+05  2.34258E-03  5.25278E-02  1.24355E-02  1.00000E-35  6.73059E-02
   1.00000E+06  2.11116E-03  5.12296E-02  1.11698E-02  1.00000E-35  6.45106E-02
   1.04881E+06  1.92157E-03  5.00668E-02  1.01493E-02  2.26548E-12  6.21376E-02
   1.10000E+06  1.74899E-03  4.89143E-02  9.23401E-03  1.30660E-05  5.99104E-02
   1.17260E+06  1.54126E-03  4.73935E-02  8.14904E-03  1.07110E-04  5.71909E-02
   1.25000E+06  1.35765E-03  4.58936E-02  7.20939E-03  2.91819E-04  5.47525E-02
   1.32288E+06  1.21297E-03  4.45822E-02  6.47777E-03  5.38858E-04  5.28118E-02
   1.40000E+06  1.08372E-03  4.32954E-02  5.83043E-03  8.85138E-04  5.10947E-02
   1.50000E+06  9.44786E-04  4.17569E-02  5.13966E-03  1.40797E-03  4.92493E-02
   1.62019E+06  8.10528E-04  4.00720E-02  4.47508E-03  2.08594E-03  4.74436E-02
   1.75000E+06  6.95359E-04  3.84260E-02  3.90959E-03  2.85846E-03  4.58895E-02
   1.87083E+06  6.08905E-04  3.70314E-02  3.48435E-03  3.59465E-03  4.47193E-02
   2.00000E+06  5.33203E-04  3.56685E-02  3.11159E-03  4.39972E-03  4.37130E-02
   2.20000E+06  4.41093E-04  3.37782E-02  2.65614E-03  5.64024E-03  4.25156E-02
   2.34521E+06  3.88326E-04  3.25474E-02  2.39349E-03  6.52385E-03  4.18531E-02
   2.50000E+06  3.41781E-04  3.13472E-02  2.16053E-03  7.44905E-03  4.12986E-02
   2.73861E+06  2.84881E-04  2.96832E-02  1.87117E-03  8.80422E-03  4.06435E-02
   3.00000E+06  2.37452E-04  2.80813E-02  1.62666E-03  1.02249E-02  4.01703E-02
   3.24037E+06  2.03569E-04  2.67763E-02  1.44787E-03  1.14823E-02  3.99100E-02
   3.50000E+06  1.74520E-04  2.55151E-02  1.29140E-03  1.27855E-02  3.97666E-02
   3.74166E+06  1.52730E-04  2.44561E-02  1.17135E-03  1.39412E-02  3.97214E-02
   4.00000E+06  1.33660E-04  2.34287E-02  1.06411E-03  1.51224E-02  3.97489E-02
   4.24264E+06  1.18826E-04  2.25506E-02  9.78742E-04  1.61919E-02  3.98401E-02
   4.50000E+06  1.05639E-04  2.16996E-02  9.01201E-04  1.72906E-02  3.99970E-02
   5.00000E+06  8.55890E-05  2.02389E-02  7.79392E-04  1.92653E-02  4.03692E-02
   5.50000E+06  7.07510E-05  1.89815E-02  6.85255E-04  2.10768E-02  4.08142E-02
   6.00000E+06  5.94632E-05  1.78876E-02  6.10578E-04  2.28279E-02  4.13855E-02
   6.48074E+06  5.09772E-05  1.69618E-02  5.52125E-04  2.44133E-02  4.19782E-02
   7.00000E+06  4.37001E-05  1.60753E-02  4.99996E-04  2.59975E-02  4.26165E-02
   8.00000E+06  3.34591E-05  1.46299E-02  4.21540E-04  2.88359E-02  4.39207E-02
   9.00000E+06  2.64376E-05  1.34461E-02  3.63579E-04  3.14177E-02  4.52538E-02
   1.00000E+07  2.14150E-05  1.24570E-02  3.19150E-04  3.37822E-02  4.65798E-02
   1.10000E+07  1.76988E-05  1.16168E-02  2.84090E-04  3.59735E-02  4.78921E-02
   1.25000E+07  1.37063E-05  1.05675E-02  2.43563E-04  3.89897E-02  4.98144E-02
   1.40000E+07  1.09269E-05  9.70696E-03  2.12912E-04  4.16956E-02  5.16264E-02
   1.50000E+07  9.51868E-06  9.21424E-03  1.96341E-04  4.33488E-02  5.27689E-02
   1.75000E+07  6.99360E-06  8.19286E-03  1.64187E-04  4.70092E-02  5.53732E-02
   2.00000E+07  5.35465E-06  7.39126E-03  1.40944E-04  5.01500E-02  5.76876E-02
   2.20000E+07  4.42538E-06  6.86350E-03  1.26546E-04  5.23957E-02  5.93902E-02
   2.50000E+07  3.42701E-06  6.20936E-03  1.09675E-04  5.54056E-02  6.17280E-02
   2.73861E+07  2.85585E-06  5.77839E-03  9.91167E-05  5.75196E-02  6.34000E-02
   3.00000E+07  2.37987E-06  5.37513E-03  8.96651E-05  5.96104E-02  6.50776E-02
   3.50000E+07  1.74848E-06  4.75209E-03  7.57867E-05  6.30958E-02  6.79254E-02
   4.00000E+07  1.33869E-06  4.26751E-03  6.56068E-05  6.60711E-02  7.04056E-02
   4.50000E+07  1.05773E-06  3.87874E-03  5.78263E-05  6.86349E-02  7.25725E-02
   5.00000E+07  8.56762E-07  3.55944E-03  5.16885E-05  7.08617E-02  7.44737E-02
   5.50000E+07  7.08070E-07  3.29216E-03  4.67243E-05  7.28070E-02  7.61466E-02
   6.00000E+07  5.94976E-07  3.06482E-03  4.26276E-05  7.45894E-02  7.76974E-02
   7.00000E+07  4.37127E-07  2.69816E-03  3.62629E-05  7.76095E-02  8.03444E-02
   8.00000E+07  3.34675E-07  2.41472E-03  3.15489E-05  8.01084E-02  8.25550E-02
   9.00000E+07  2.64435E-07  2.18844E-03  2.79178E-05  8.21889E-02  8.44055E-02
   1.00000E+08  2.14192E-07  2.00340E-03  2.50353E-05  8.39692E-02  8.59978E-02
   1.10000E+08  1.77018E-07  1.84902E-03  2.26917E-05  8.55141E-02  8.73860E-02
   1.25000E+08  1.37082E-07  1.65980E-03  1.98971E-05  8.74787E-02  8.91585E-02
   1.40000E+08  1.09282E-07  1.50778E-03  1.77149E-05  8.91282E-02  9.06538E-02
   1.50000E+08  9.51962E-08  1.42190E-03  1.65077E-05  9.00838E-02  9.15223E-02
   1.75000E+08  6.99400E-08  1.24678E-03  1.41045E-05  9.20973E-02  9.33583E-02
   2.00000E+08  5.35481E-08  1.11213E-03  1.23119E-05  9.37148E-02  9.48393E-02
   2.20000E+08  4.42546E-08  1.02475E-03  1.11755E-05  9.47965E-02  9.58325E-02
   2.50000E+08  3.42708E-08  9.17950E-04  9.81636E-06  9.61569E-02  9.70847E-02
   3.00000E+08  2.37991E-08  7.84159E-04  8.16181E-06  9.79377E-02  9.87300E-02
   3.50000E+08  1.74851E-08  6.86025E-04  6.98451E-06  9.92965E-02  9.99895E-02
   4.00000E+08  1.33870E-08  6.10793E-04  6.10399E-06  1.00371E-01  1.00988E-01
   4.50000E+08  1.05774E-08  5.51157E-04  5.42062E-06  1.01238E-01  1.01794E-01
   5.00000E+08  8.56771E-09  5.02669E-04  4.87485E-06  1.01956E-01  1.02463E-01
   5.50000E+08  7.08077E-09  4.62420E-04  4.42893E-06  1.02551E-01  1.03017E-01
   6.00000E+08  5.94981E-09  4.28439E-04  4.05773E-06  1.03090E-01  1.03523E-01
   7.00000E+08  4.37128E-09  3.74142E-04  3.47520E-06  1.03944E-01  1.04321E-01
   8.00000E+08  3.34677E-09  3.32606E-04  3.03893E-06  1.04606E-01  1.04942E-01
   9.00000E+08  2.64436E-09  2.99750E-04  2.69998E-06  1.05131E-01  1.05434E-01
   9.48683E+08  2.37992E-09  2.86107E-04  2.56308E-06  1.05350E-01  1.05639E-01
   1.00000E+09  2.14193E-09  2.73078E-04  2.42905E-06  1.05565E-01  1.05841E-01
