 # Material data file: Co                  
 # 
 # PENELOPE >>>  Photon mass attenuation coefficients (mac).
 # 
 #   Energy       mac_Ra       mac_Co       mac_ph       mac_pp       mac_tot
 #    (eV)       (cm**2/g)    (cm**2/g)    (cm**2/g)    (cm**2/g)    (cm**2/g)
 #------------------------------------------------------------------------------
   5.00000E+01  2.99031E-01  6.86437E-03  9.27890E+04  1.00000E-35  9.27893E+04
   5.24404E+01  3.58140E-01  6.86930E-03  9.13704E+04  1.00000E-35  9.13708E+04
   5.50000E+01  6.22411E-01  6.87433E-03  8.96410E+04  1.00000E-35  8.96417E+04
   5.74456E+01  9.08084E+00  6.87923E-03  8.78286E+04  1.00000E-35  8.78376E+04
   6.00000E+01  9.62183E+00  6.88426E-03  8.58268E+04  1.00000E-35  8.58365E+04
   6.29285E+01  1.90918E+00  6.89011E-03  8.34513E+04  1.00000E-35  8.34532E+04
   6.60000E+01  1.06731E+00  6.89625E-03  8.09160E+04  1.00000E-35  8.09170E+04
   6.60000E+01  1.06731E+00  6.89625E-03  8.84656E+04  1.00000E-35  8.84667E+04
   6.60616E+01  1.06080E+00  6.89638E-03  8.84024E+04  1.00000E-35  8.84035E+04
   6.61233E+01  1.05521E+00  6.89651E-03  8.83392E+04  1.00000E-35  8.83402E+04
   6.62467E+01  1.04438E+00  6.89676E-03  8.82121E+04  1.00000E-35  8.82131E+04
   6.64944E+01  1.02304E+00  6.89726E-03  8.79545E+04  1.00000E-35  8.79555E+04
   6.69925E+01  9.83843E-01  6.89826E-03  8.74219E+04  1.00000E-35  8.74228E+04
   6.80000E+01  9.17852E-01  6.90027E-03  8.63090E+04  1.00000E-35  8.63100E+04
   6.80000E+01  9.17851E-01  6.90027E-03  8.98987E+04  1.00000E-35  8.98997E+04
   6.80616E+01  9.15370E-01  6.90040E-03  8.98250E+04  1.00000E-35  8.98259E+04
   6.81233E+01  9.12894E-01  6.90052E-03  8.97509E+04  1.00000E-35  8.97518E+04
   6.82468E+01  9.07965E-01  6.90076E-03  8.96020E+04  1.00000E-35  8.96029E+04
   6.84946E+01  8.98180E-01  6.90125E-03  8.93007E+04  1.00000E-35  8.93016E+04
   6.89928E+01  9.02478E-01  6.90223E-03  8.86846E+04  1.00000E-35  8.86855E+04
   7.00000E+01  9.46778E-01  6.90418E-03  8.74144E+04  1.00000E-35  8.74153E+04
   8.00000E+01  1.06630E+00  6.92553E-03  7.58230E+04  1.00000E-35  7.58241E+04
   8.48528E+01  1.08577E+00  6.93699E-03  7.14385E+04  1.00000E-35  7.14396E+04
   9.00000E+01  1.10857E+00  6.95022E-03  6.74454E+04  1.00000E-35  6.74465E+04
   9.48683E+01  1.13241E+00  6.96628E-03  6.40727E+04  1.00000E-35  6.40738E+04
   1.00000E+02  1.15209E+00  6.98518E-03  6.07970E+04  1.00000E-35  6.07982E+04
   1.07000E+02  1.30217E+00  7.01620E-03  5.66640E+04  1.00000E-35  5.66653E+04
   1.07000E+02  1.30217E+00  7.01620E-03  6.01276E+04  1.00000E-35  6.01289E+04
   1.07092E+02  1.30306E+00  7.01680E-03  6.00703E+04  1.00000E-35  6.00716E+04
   1.07185E+02  1.30395E+00  7.01740E-03  6.00129E+04  1.00000E-35  6.00142E+04
   1.07370E+02  1.30573E+00  7.01859E-03  5.98982E+04  1.00000E-35  5.98995E+04
   1.07742E+02  1.30826E+00  7.02097E-03  5.96697E+04  1.00000E-35  5.96710E+04
   1.08490E+02  1.30717E+00  7.02575E-03  5.92158E+04  1.00000E-35  5.92171E+04
   1.10000E+02  1.31741E+00  7.03531E-03  5.83189E+04  1.00000E-35  5.83202E+04
   1.17260E+02  1.38705E+00  7.08220E-03  5.43218E+04  1.00000E-35  5.43232E+04
   1.25000E+02  1.45806E+00  7.14840E-03  5.05213E+04  1.00000E-35  5.05227E+04
   1.32288E+02  1.51952E+00  7.22683E-03  4.72949E+04  1.00000E-35  4.72964E+04
   1.40000E+02  1.57999E+00  7.32045E-03  4.41878E+04  1.00000E-35  4.41894E+04
   1.50000E+02  1.65283E+00  7.46358E-03  4.05455E+04  1.00000E-35  4.05471E+04
   1.55893E+02  1.69344E+00  7.56879E-03  3.85713E+04  1.00000E-35  3.85730E+04
   1.62019E+02  1.73266E+00  7.67552E-03  3.66391E+04  1.00000E-35  3.66408E+04
   1.68384E+02  1.77093E+00  7.80331E-03  3.47500E+04  1.00000E-35  3.47517E+04
   1.75000E+02  1.80965E+00  7.93768E-03  3.29069E+04  1.00000E-35  3.29087E+04
   1.80941E+02  1.83946E+00  8.06711E-03  3.13508E+04  1.00000E-35  3.13527E+04
   1.87083E+02  1.86954E+00  8.20726E-03  2.98354E+04  1.00000E-35  2.98373E+04
   2.00000E+02  1.92371E+00  8.51426E-03  2.69392E+04  1.00000E-35  2.69411E+04
   2.09762E+02  1.95860E+00  8.75355E-03  2.49907E+04  1.00000E-35  2.49926E+04
   2.20000E+02  1.99120E+00  9.02257E-03  2.31460E+04  1.00000E-35  2.31480E+04
   2.34521E+02  2.02963E+00  9.40848E-03  2.08352E+04  1.00000E-35  2.08372E+04
   2.50000E+02  2.06040E+00  9.82954E-03  1.87055E+04  1.00000E-35  1.87076E+04
   2.61659E+02  2.07974E+00  1.01557E-02  1.72921E+04  1.00000E-35  1.72941E+04
   2.73861E+02  2.09542E+00  1.04952E-02  1.59633E+04  1.00000E-35  1.59654E+04
   2.86633E+02  2.10834E+00  1.08540E-02  1.47169E+04  1.00000E-35  1.47190E+04
   3.00000E+02  2.11838E+00  1.12269E-02  1.35507E+04  1.00000E-35  1.35528E+04
   3.24037E+02  2.12586E+00  1.18920E-02  1.17548E+04  1.00000E-35  1.17569E+04
   3.50000E+02  2.12396E+00  1.25954E-02  1.01673E+04  1.00000E-35  1.01694E+04
   3.74166E+02  2.11243E+00  1.32304E-02  8.94673E+03  1.00000E-35  8.94886E+03
   4.00000E+02  2.09227E+00  1.38862E-02  7.85553E+03  1.00000E-35  7.85763E+03
   4.24264E+02  2.06632E+00  1.44808E-02  6.99115E+03  1.00000E-35  6.99323E+03
   4.50000E+02  2.02822E+00  1.50906E-02  6.21217E+03  1.00000E-35  6.21421E+03
   4.74342E+02  1.98527E+00  1.56385E-02  5.58241E+03  1.00000E-35  5.58441E+03
   5.00000E+02  1.93305E+00  1.61971E-02  5.01092E+03  1.00000E-35  5.01287E+03
   5.50000E+02  1.80048E+00  1.72190E-02  4.10971E+03  1.00000E-35  4.11152E+03
   6.00000E+02  1.62570E+00  1.81629E-02  3.41738E+03  1.00000E-35  3.41903E+03
   6.48074E+02  1.39294E+00  1.90048E-02  2.89497E+03  1.00000E-35  2.89638E+03
   7.00000E+02  1.01056E+00  1.98504E-02  2.44724E+03  1.00000E-35  2.44827E+03
   7.41283E+02  5.52235E-01  2.04823E-02  2.15665E+03  1.00000E-35  2.15722E+03
   7.85000E+02  3.02250E+00  2.11117E-02  1.89808E+03  1.00000E-35  1.90112E+03
   7.85000E+02  3.02250E+00  2.11117E-02  5.14307E+03  1.00000E-35  5.14612E+03
   7.85464E+02  3.01856E+00  2.11183E-02  5.44188E+03  1.00000E-35  5.44492E+03
   7.85929E+02  3.01462E+00  2.11249E-02  5.72519E+03  1.00000E-35  5.72822E+03
   7.86394E+02  3.01069E+00  2.11314E-02  5.99260E+03  1.00000E-35  5.99563E+03
   7.86860E+02  3.00676E+00  2.11380E-02  6.24536E+03  1.00000E-35  6.24838E+03
   7.87325E+02  2.99633E+00  2.11446E-02  6.48453E+03  1.00000E-35  6.48755E+03
   7.87791E+02  2.98159E+00  2.11511E-02  6.71104E+03  1.00000E-35  6.71404E+03
   7.88257E+02  2.96693E+00  2.11577E-02  6.92564E+03  1.00000E-35  6.92863E+03
   7.88723E+02  2.95235E+00  2.11643E-02  7.12902E+03  1.00000E-35  7.13200E+03
   7.89190E+02  2.93782E+00  2.11709E-02  7.32177E+03  1.00000E-35  7.32473E+03
   7.89657E+02  2.92337E+00  2.11775E-02  7.50440E+03  1.00000E-35  7.50735E+03
   7.90124E+02  2.90900E+00  2.11840E-02  7.67740E+03  1.00000E-35  7.68034E+03
   7.90592E+02  2.89468E+00  2.11906E-02  7.84118E+03  1.00000E-35  7.84409E+03
   7.91060E+02  2.88044E+00  2.11972E-02  7.99613E+03  1.00000E-35  7.99904E+03
   7.91528E+02  2.86627E+00  2.12038E-02  8.14261E+03  1.00000E-35  8.14550E+03
   7.91996E+02  2.85219E+00  2.12104E-02  8.28095E+03  1.00000E-35  8.28382E+03
   7.92465E+02  2.83815E+00  2.12170E-02  8.41145E+03  1.00000E-35  8.41431E+03
   7.92933E+02  2.82422E+00  2.12236E-02  8.53442E+03  1.00000E-35  8.53727E+03
   7.93403E+02  2.81030E+00  2.12302E-02  8.65015E+03  1.00000E-35  8.65298E+03
   7.94342E+02  2.78265E+00  2.12434E-02  8.86090E+03  1.00000E-35  8.86370E+03
   7.95282E+02  2.74969E+00  2.12566E-02  9.04579E+03  1.00000E-35  9.04856E+03
   7.96223E+02  2.71713E+00  2.12698E-02  9.20679E+03  1.00000E-35  9.20952E+03
   7.97166E+02  2.68492E+00  2.12831E-02  9.34576E+03  1.00000E-35  9.34846E+03
   7.98109E+02  2.65313E+00  2.12963E-02  9.46452E+03  1.00000E-35  9.46719E+03
   7.99054E+02  2.62169E+00  2.13096E-02  9.56482E+03  1.00000E-35  9.56746E+03
   8.00000E+02  2.59062E+00  2.13228E-02  9.64830E+03  1.00000E-35  9.65091E+03
   8.00000E+02  2.59062E+00  2.13228E-02  1.12012E+04  1.00000E-35  1.12039E+04
   8.00736E+02  2.56673E+00  2.13331E-02  1.14840E+04  1.00000E-35  1.14866E+04
   8.01474E+02  2.54302E+00  2.13435E-02  1.17396E+04  1.00000E-35  1.17421E+04
   8.02211E+02  2.52089E+00  2.13538E-02  1.19700E+04  1.00000E-35  1.19725E+04
   8.02950E+02  2.49942E+00  2.13641E-02  1.21777E+04  1.00000E-35  1.21803E+04
   8.03689E+02  2.47815E+00  2.13744E-02  1.23648E+04  1.00000E-35  1.23673E+04
   8.04429E+02  2.45706E+00  2.13848E-02  1.25331E+04  1.00000E-35  1.25356E+04
   8.05170E+02  2.43613E+00  2.13951E-02  1.26841E+04  1.00000E-35  1.26865E+04
   8.05911E+02  2.41540E+00  2.14055E-02  1.28189E+04  1.00000E-35  1.28213E+04
   8.06653E+02  2.39484E+00  2.14158E-02  1.29389E+04  1.00000E-35  1.29413E+04
   8.07395E+02  2.37447E+00  2.14262E-02  1.30451E+04  1.00000E-35  1.30475E+04
   8.08883E+02  2.33420E+00  2.14469E-02  1.32202E+04  1.00000E-35  1.32226E+04
   8.10373E+02  2.33326E+00  2.14677E-02  1.33512E+04  1.00000E-35  1.33536E+04
   8.11865E+02  2.33883E+00  2.14885E-02  1.34446E+04  1.00000E-35  1.34470E+04
   8.13361E+02  2.34442E+00  2.15088E-02  1.35062E+04  1.00000E-35  1.35085E+04
   8.14859E+02  2.35002E+00  2.15289E-02  1.35409E+04  1.00000E-35  1.35433E+04
   8.16360E+02  2.35564E+00  2.15490E-02  1.35535E+04  1.00000E-35  1.35558E+04
   8.17864E+02  2.39014E+00  2.15692E-02  1.35480E+04  1.00000E-35  1.35504E+04
   8.20880E+02  2.47104E+00  2.16096E-02  1.34965E+04  1.00000E-35  1.34989E+04
   8.23907E+02  2.55468E+00  2.16501E-02  1.34089E+04  1.00000E-35  1.34115E+04
   8.29994E+02  2.71596E+00  2.17312E-02  1.31868E+04  1.00000E-35  1.31896E+04
   8.36127E+02  2.84201E+00  2.18127E-02  1.29541E+04  1.00000E-35  1.29570E+04
   8.48528E+02  3.01453E+00  2.19766E-02  1.25285E+04  1.00000E-35  1.25316E+04
   8.61113E+02  3.11770E+00  2.21417E-02  1.21351E+04  1.00000E-35  1.21383E+04
   8.73885E+02  3.18774E+00  2.23080E-02  1.17303E+04  1.00000E-35  1.17335E+04
   8.86846E+02  3.22503E+00  2.24746E-02  1.13073E+04  1.00000E-35  1.13106E+04
   9.00000E+02  3.22985E+00  2.26393E-02  1.08872E+04  1.00000E-35  1.08905E+04
   9.15369E+02  3.34705E+00  2.28303E-02  1.04289E+04  1.00000E-35  1.04323E+04
   9.31000E+02  3.64427E+00  2.30228E-02  1.00017E+04  1.00000E-35  1.00054E+04
   9.31000E+02  3.64427E+00  2.30228E-02  1.15664E+04  1.00000E-35  1.15700E+04
   9.31520E+02  3.65258E+00  2.30292E-02  1.15382E+04  1.00000E-35  1.15418E+04
   9.32041E+02  3.66092E+00  2.30355E-02  1.15103E+04  1.00000E-35  1.15139E+04
   9.33082E+02  3.67763E+00  2.30483E-02  1.14563E+04  1.00000E-35  1.14600E+04
   9.35169E+02  3.71129E+00  2.30739E-02  1.13586E+04  1.00000E-35  1.13623E+04
   9.39358E+02  3.76904E+00  2.31251E-02  1.11896E+04  1.00000E-35  1.11934E+04
   9.43565E+02  3.81345E+00  2.31764E-02  1.10443E+04  1.00000E-35  1.10481E+04
   9.47790E+02  3.85369E+00  2.32278E-02  1.09146E+04  1.00000E-35  1.09185E+04
   9.56299E+02  3.91747E+00  2.33310E-02  1.06847E+04  1.00000E-35  1.06886E+04
   9.64883E+02  3.97274E+00  2.34341E-02  1.04758E+04  1.00000E-35  1.04798E+04
   9.82285E+02  4.06462E+00  2.36400E-02  1.00780E+04  1.00000E-35  1.00821E+04
   1.00000E+03  4.14133E+00  2.38478E-02  9.68192E+03  1.00000E-35  9.68609E+03
   1.10000E+03  4.41726E+00  2.49851E-02  7.75726E+03  1.00000E-35  7.76171E+03
   1.17260E+03  4.51225E+00  2.57790E-02  6.66840E+03  1.00000E-35  6.67294E+03
   1.25000E+03  4.56829E+00  2.66021E-02  5.72637E+03  1.00000E-35  5.73097E+03
   1.32288E+03  4.59614E+00  2.73620E-02  4.99127E+03  1.00000E-35  4.99589E+03
   1.40000E+03  4.60237E+00  2.81515E-02  4.34505E+03  1.00000E-35  4.34968E+03
   1.50000E+03  4.56993E+00  2.91542E-02  3.66342E+03  1.00000E-35  3.66802E+03
   1.62019E+03  4.51379E+00  3.03340E-02  3.02030E+03  1.00000E-35  3.02484E+03
   1.75000E+03  4.43533E+00  3.15814E-02  2.48521E+03  1.00000E-35  2.48968E+03
   2.00000E+03  4.25073E+00  3.39218E-02  1.76505E+03  1.00000E-35  1.76934E+03
   2.20000E+03  4.09855E+00  3.57357E-02  1.37841E+03  1.00000E-35  1.38254E+03
   2.50000E+03  3.86805E+00  3.83742E-02  9.85924E+02  1.00000E-35  9.89831E+02
   2.73861E+03  3.69207E+00  4.04082E-02  7.74597E+02  1.00000E-35  7.78330E+02
   3.00000E+03  3.51115E+00  4.25793E-02  6.07596E+02  1.00000E-35  6.11150E+02
   3.50000E+03  3.17826E+00  4.65966E-02  4.01499E+02  1.00000E-35  4.04724E+02
   4.00000E+03  2.87625E+00  5.04803E-02  2.79448E+02  1.00000E-35  2.82374E+02
   4.50000E+03  2.60196E+00  5.42599E-02  2.02501E+02  1.00000E-35  2.05158E+02
   5.00000E+03  2.35247E+00  5.79186E-02  1.51547E+02  1.00000E-35  1.53958E+02
   5.50000E+03  2.12359E+00  6.14287E-02  1.16432E+02  1.00000E-35  1.18617E+02
   6.00000E+03  1.91063E+00  6.47836E-02  9.14312E+01  1.00000E-35  9.34066E+01
   7.00000E+03  1.49168E+00  7.10375E-02  5.94474E+01  1.00000E-35  6.10101E+01
   7.71500E+03  1.02815E+00  7.51549E-02  4.52386E+01  1.00000E-35  4.63419E+01
   7.71500E+03  1.02815E+00  7.51549E-02  3.94526E+02  1.00000E-35  3.95629E+02
   7.71937E+03  1.02998E+00  7.51793E-02  3.72876E+02  1.00000E-35  3.73981E+02
   7.72375E+03  1.03181E+00  7.52038E-02  3.60109E+02  1.00000E-35  3.61216E+02
   7.72813E+03  1.03460E+00  7.52282E-02  3.52598E+02  1.00000E-35  3.53708E+02
   7.73251E+03  1.03963E+00  7.52526E-02  3.48450E+02  1.00000E-35  3.49565E+02
   7.73690E+03  1.04469E+00  7.52771E-02  3.46502E+02  1.00000E-35  3.47622E+02
   7.74128E+03  1.04975E+00  7.53015E-02  3.45978E+02  1.00000E-35  3.47103E+02
   7.74567E+03  1.05486E+00  7.53260E-02  3.46314E+02  1.00000E-35  3.47444E+02
   7.75006E+03  1.05998E+00  7.53505E-02  3.47114E+02  1.00000E-35  3.48250E+02
   7.75885E+03  1.07030E+00  7.53994E-02  3.49068E+02  1.00000E-35  3.50214E+02
   7.76765E+03  1.08073E+00  7.54484E-02  3.50473E+02  1.00000E-35  3.51629E+02
   7.77646E+03  1.09126E+00  7.54974E-02  3.50904E+02  1.00000E-35  3.52071E+02
   7.78528E+03  1.10189E+00  7.55465E-02  3.50435E+02  1.00000E-35  3.51613E+02
   7.82067E+03  1.14294E+00  7.57431E-02  3.45764E+02  1.00000E-35  3.46983E+02
   7.83842E+03  1.16328E+00  7.58416E-02  3.43689E+02  1.00000E-35  3.44928E+02
   7.85621E+03  1.18398E+00  7.59401E-02  3.42146E+02  1.00000E-35  3.43406E+02
   7.89191E+03  1.21703E+00  7.61377E-02  3.39302E+02  1.00000E-35  3.40595E+02
   7.92778E+03  1.24459E+00  7.63358E-02  3.35863E+02  1.00000E-35  3.37184E+02
   8.00000E+03  1.28308E+00  7.67253E-02  3.27872E+02  1.00000E-35  3.29231E+02
   8.05911E+03  1.30419E+00  7.70402E-02  3.21286E+02  1.00000E-35  3.22667E+02
   8.11865E+03  1.32027E+00  7.73564E-02  3.15169E+02  1.00000E-35  3.16567E+02
   8.23907E+03  1.34198E+00  7.79927E-02  3.03876E+02  1.00000E-35  3.05296E+02
   8.36127E+03  1.35323E+00  7.86343E-02  2.92912E+02  1.00000E-35  2.94344E+02
   8.48528E+03  1.35887E+00  7.92811E-02  2.82019E+02  1.00000E-35  2.83457E+02
   9.00000E+03  1.34610E+00  8.18597E-02  2.42083E+02  1.00000E-35  2.43511E+02
   9.48683E+03  1.30922E+00  8.41955E-02  2.10916E+02  1.00000E-35  2.12310E+02
   1.00000E+04  1.25972E+00  8.65164E-02  1.83547E+02  1.00000E-35  1.84893E+02
   1.10000E+04  1.15777E+00  9.07347E-02  1.42524E+02  1.00000E-35  1.43773E+02
   1.25000E+04  1.01476E+00  9.63192E-02  1.01110E+02  1.00000E-35  1.02221E+02
   1.40000E+04  8.93449E-01  1.01164E-01  7.42727E+01  1.00000E-35  7.52673E+01
   1.50000E+04  8.24413E-01  1.04022E-01  6.14462E+01  1.00000E-35  6.23747E+01
   1.75000E+04  6.80860E-01  1.10102E-01  4.00381E+01  1.00000E-35  4.08291E+01
   1.87083E+04  6.24869E-01  1.12585E-01  3.31942E+01  1.00000E-35  3.39316E+01
   2.00000E+04  5.71060E-01  1.14947E-01  2.74922E+01  1.00000E-35  2.81782E+01
   2.20000E+04  4.99935E-01  1.18104E-01  2.09670E+01  1.00000E-35  2.15850E+01
   2.50000E+04  4.14466E-01  1.21874E-01  1.45317E+01  1.00000E-35  1.50680E+01
   3.00000E+04  3.10870E-01  1.26356E-01  8.56360E+00  1.00000E-35  9.00083E+00
   3.24037E+04  2.74683E-01  1.27907E-01  6.83463E+00  1.00000E-35  7.23722E+00
   3.50000E+04  2.42436E-01  1.29265E-01  5.44890E+00  1.00000E-35  5.82060E+00
   4.00000E+04  1.94821E-01  1.31179E-01  3.67042E+00  1.00000E-35  3.99642E+00
   4.50000E+04  1.59667E-01  1.32351E-01  2.58395E+00  1.00000E-35  2.87597E+00
   5.00000E+04  1.33633E-01  1.33022E-01  1.88427E+00  1.00000E-35  2.15093E+00
   5.50000E+04  1.13757E-01  1.33291E-01  1.41412E+00  1.00000E-35  1.66117E+00
   6.00000E+04  9.79539E-02  1.33251E-01  1.08700E+00  1.00000E-35  1.31820E+00
   6.48074E+04  8.57803E-02  1.32985E-01  8.59629E-01  1.00000E-35  1.07839E+00
   7.00000E+04  7.50068E-02  1.32519E-01  6.80518E-01  1.00000E-35  8.88044E-01
   8.00000E+04  5.93292E-02  1.31255E-01  4.52705E-01  1.00000E-35  6.43289E-01
   9.00000E+04  4.80577E-02  1.29676E-01  3.15612E-01  1.00000E-35  4.93346E-01
   1.00000E+05  3.97753E-02  1.27926E-01  2.28412E-01  1.00000E-35  3.96113E-01
   1.10000E+05  3.33906E-02  1.26042E-01  1.70421E-01  1.00000E-35  3.29853E-01
   1.25000E+05  2.63386E-02  1.23133E-01  1.15040E-01  1.00000E-35  2.64512E-01
   1.40000E+05  2.12925E-02  1.20268E-01  8.12167E-02  1.00000E-35  2.22777E-01
   1.50000E+05  1.86946E-02  1.18374E-01  6.57249E-02  1.00000E-35  2.02793E-01
   1.62019E+05  1.61452E-02  1.16172E-01  5.18574E-02  1.00000E-35  1.84174E-01
   1.75000E+05  1.39435E-02  1.13882E-01  4.10208E-02  1.00000E-35  1.68846E-01
   2.00000E+05  1.08044E-02  1.09752E-01  2.73383E-02  1.00000E-35  1.47894E-01
   2.20000E+05  8.99260E-03  1.06689E-01  2.05058E-02  1.00000E-35  1.36187E-01
   2.34521E+05  7.95034E-03  1.04609E-01  1.69252E-02  1.00000E-35  1.29484E-01
   2.50000E+05  7.02890E-03  1.02492E-01  1.39928E-02  1.00000E-35  1.23514E-01
   2.73861E+05  5.89017E-03  9.94542E-02  1.06714E-02  1.00000E-35  1.16016E-01
   2.86633E+05  5.38918E-03  9.79175E-02  9.33949E-03  1.00000E-35  1.12646E-01
   3.00000E+05  4.93048E-03  9.63951E-02  8.18767E-03  1.00000E-35  1.09513E-01
   3.24037E+05  4.24191E-03  9.37953E-02  6.55421E-03  1.00000E-35  1.04591E-01
   3.50000E+05  3.64950E-03  9.11974E-02  5.26121E-03  1.00000E-35  1.00108E-01
   3.74166E+05  3.20194E-03  8.89515E-02  4.35863E-03  1.00000E-35  9.65121E-02
   4.00000E+05  2.80742E-03  8.67182E-02  3.62267E-03  1.00000E-35  9.31483E-02
   4.24264E+05  2.49952E-03  8.47636E-02  3.08307E-03  1.00000E-35  9.03462E-02
   4.50000E+05  2.22538E-03  8.28110E-02  2.63013E-03  1.00000E-35  8.76665E-02
   4.74342E+05  2.00573E-03  8.10763E-02  2.28582E-03  1.00000E-35  8.53679E-02
   5.00000E+05  1.80776E-03  7.93625E-02  1.99093E-03  1.00000E-35  8.31612E-02
   5.24404E+05  1.64556E-03  7.78113E-02  1.75989E-03  1.00000E-35  8.12168E-02
   5.50000E+05  1.49745E-03  7.62809E-02  1.55855E-03  1.00000E-35  7.93369E-02
   5.74456E+05  1.37390E-03  7.48872E-02  1.39704E-03  1.00000E-35  7.76582E-02
   6.00000E+05  1.26006E-03  7.35083E-02  1.25410E-03  1.00000E-35  7.60224E-02
   6.23574E+05  1.16710E-03  7.22912E-02  1.14084E-03  1.00000E-35  7.45991E-02
   6.48074E+05  1.08100E-03  7.10890E-02  1.03914E-03  1.00000E-35  7.32092E-02
   6.73537E+05  1.00126E-03  6.98876E-02  9.48117E-04  1.00000E-35  7.18370E-02
   7.00000E+05  9.27396E-04  6.87061E-02  8.66394E-04  1.00000E-35  7.04999E-02
   7.48331E+05  8.12095E-04  6.66674E-02  7.42743E-04  1.00000E-35  6.82222E-02
   7.73735E+05  7.59935E-04  6.56607E-02  6.88665E-04  1.00000E-35  6.71093E-02
   8.00000E+05  7.11127E-04  6.46592E-02  6.39177E-04  1.00000E-35  6.60095E-02
   8.48528E+05  6.32540E-04  6.29147E-02  5.61562E-04  1.00000E-35  6.41088E-02
   9.00000E+05  5.62638E-04  6.11966E-02  4.94954E-04  1.00000E-35  6.22542E-02
   9.48683E+05  5.06681E-04  5.96691E-02  4.43110E-04  1.00000E-35  6.06189E-02
   1.00000E+06  4.56288E-04  5.81680E-02  3.97636E-04  1.00000E-35  5.90219E-02
   1.04881E+06  4.14879E-04  5.68261E-02  3.61210E-04  7.16388E-13  5.76022E-02
   1.10000E+06  3.77227E-04  5.54989E-02  3.28725E-04  3.01748E-06  5.62079E-02
   1.17260E+06  3.32013E-04  5.37502E-02  2.90439E-04  2.52142E-05  5.43979E-02
   1.25000E+06  2.92218E-04  5.20287E-02  2.57482E-04  7.02047E-05  5.26486E-02
   1.32288E+06  2.60946E-04  5.05263E-02  2.31934E-04  1.32629E-04  5.11518E-02
   1.40000E+06  2.33021E-04  4.90538E-02  2.09407E-04  2.23488E-04  4.97197E-02
   1.50000E+06  2.03021E-04  4.72957E-02  1.85437E-04  3.68597E-04  4.80527E-02
   1.62019E+06  1.74051E-04  4.53708E-02  1.62422E-04  5.73357E-04  4.62806E-02
   1.75000E+06  1.49217E-04  4.34922E-02  1.42851E-04  8.28272E-04  4.46125E-02
   1.87083E+06  1.30586E-04  4.19033E-02  1.28118E-04  1.08970E-03  4.32517E-02
   2.00000E+06  1.14282E-04  4.03529E-02  1.15196E-04  1.39117E-03  4.19735E-02
   2.09762E+06  1.03906E-04  3.92731E-02  1.06949E-04  1.63598E-03  4.11200E-02
   2.20000E+06  9.44711E-05  3.82041E-02  9.94163E-05  1.88083E-03  4.02789E-02
   2.34521E+06  8.31477E-05  3.68060E-02  9.02744E-05  2.24504E-03  3.92245E-02
   2.50000E+06  7.31818E-05  3.54442E-02  8.21190E-05  2.63835E-03  3.82378E-02
   2.73861E+06  6.09989E-05  3.35591E-02  7.19238E-05  3.23319E-03  3.69252E-02
   3.00000E+06  5.08438E-05  3.17445E-02  6.32312E-05  3.87697E-03  3.57355E-02
   3.24037E+06  4.35836E-05  3.02650E-02  5.68159E-05  4.46165E-03  3.48271E-02
   3.50000E+06  3.73586E-05  2.88351E-02  5.11484E-05  5.08006E-03  3.40037E-02
   3.74166E+06  3.26894E-05  2.76356E-02  4.67613E-05  5.63699E-03  3.33520E-02
   4.00000E+06  2.86038E-05  2.64732E-02  4.28088E-05  6.21347E-03  3.27581E-02
   4.50000E+06  2.26013E-05  2.45163E-02  3.67319E-05  7.28999E-03  3.18657E-02
   5.00000E+06  1.83076E-05  2.28588E-02  3.21200E-05  8.29177E-03  3.12010E-02
   5.50000E+06  1.51306E-05  2.14368E-02  2.85081E-05  9.22878E-03  3.07092E-02
   6.00000E+06  1.27142E-05  2.02010E-02  2.56072E-05  1.01474E-02  3.03867E-02
   6.48074E+06  1.08981E-05  1.91549E-02  2.33100E-05  1.09811E-02  3.01703E-02
   7.00000E+06  9.34145E-06  1.81534E-02  2.12455E-05  1.18133E-02  2.99973E-02
   8.00000E+06  7.15232E-06  1.65206E-02  1.81302E-05  1.33102E-02  2.98561E-02
   9.00000E+06  5.65140E-06  1.51836E-02  1.57984E-05  1.46620E-02  2.98671E-02
   1.00000E+07  4.57769E-06  1.40663E-02  1.39902E-05  1.58885E-02  2.99734E-02
   1.10000E+07  3.78323E-06  1.31174E-02  1.25485E-05  1.70107E-02  3.01444E-02
   1.25000E+07  2.92973E-06  1.19323E-02  1.08629E-05  1.85133E-02  3.04594E-02
   1.40000E+07  2.33558E-06  1.09606E-02  9.57272E-06  1.98663E-02  3.08388E-02
   1.50000E+07  2.03454E-06  1.04041E-02  8.86892E-06  2.06927E-02  3.11077E-02
   1.75000E+07  1.49478E-06  9.25071E-03  7.48914E-06  2.25466E-02  3.18063E-02
   2.00000E+07  1.14445E-06  8.34552E-03  6.47871E-06  2.41641E-02  3.25172E-02
   2.20000E+07  9.45825E-07  7.74956E-03  5.84663E-06  2.53158E-02  3.30722E-02
   2.50000E+07  7.32451E-07  7.01092E-03  5.09937E-06  2.68490E-02  3.38658E-02
   3.00000E+07  5.08646E-07  6.06897E-03  4.20278E-06  2.90078E-02  3.50815E-02
   3.50000E+07  3.73700E-07  5.36548E-03  3.57367E-06  3.07971E-02  3.61666E-02
   4.00000E+07  2.86114E-07  4.81832E-03  3.10804E-06  3.23173E-02  3.71390E-02
   4.50000E+07  2.26066E-07  4.37935E-03  2.74959E-06  3.36318E-02  3.80141E-02
   5.00000E+07  1.83113E-07  4.01885E-03  2.46516E-06  3.47844E-02  3.88059E-02
   5.50000E+07  1.51333E-07  3.71706E-03  2.23400E-06  3.58021E-02  3.95216E-02
   6.00000E+07  1.27162E-07  3.46037E-03  2.04243E-06  3.67375E-02  4.02000E-02
   7.00000E+07  9.34255E-08  3.04638E-03  1.74336E-06  3.83225E-02  4.13707E-02
   8.00000E+07  7.15290E-08  2.72635E-03  1.52063E-06  3.96392E-02  4.23671E-02
   9.00000E+07  5.65167E-08  2.47087E-03  1.34835E-06  4.07503E-02  4.32226E-02
   1.00000E+08  4.57785E-08  2.26194E-03  1.21112E-06  4.17109E-02  4.39741E-02
   1.10000E+08  3.78336E-08  2.08764E-03  1.09923E-06  4.25486E-02  4.46374E-02
   1.25000E+08  2.92982E-08  1.87399E-03  9.65432E-07  4.36186E-02  4.54936E-02
   1.40000E+08  2.33564E-08  1.70236E-03  8.60666E-07  4.45218E-02  4.62250E-02
   1.50000E+08  2.03460E-08  1.60539E-03  8.02598E-07  4.50475E-02  4.66537E-02
   1.75000E+08  1.49481E-08  1.40767E-03  6.86758E-07  4.61610E-02  4.75694E-02
   2.00000E+08  1.14447E-08  1.25565E-03  6.00136E-07  4.70601E-02  4.83164E-02
   2.20000E+08  9.45841E-09  1.15699E-03  5.45128E-07  4.76626E-02  4.88202E-02
   2.50000E+08  7.32458E-09  1.03641E-03  4.79236E-07  4.84220E-02  4.94589E-02
   3.00000E+08  5.08650E-09  8.85352E-04  3.98879E-07  4.94189E-02  5.03047E-02
   3.50000E+08  3.73702E-09  7.74553E-04  3.41598E-07  5.01815E-02  5.09564E-02
   4.00000E+08  2.86115E-09  6.89610E-04  2.98703E-07  5.07881E-02  5.14780E-02
   4.50000E+08  2.26067E-09  6.22281E-04  2.65379E-07  5.12794E-02  5.19020E-02
   5.00000E+08  1.83114E-09  5.67536E-04  2.38743E-07  5.16901E-02  5.22579E-02
   5.50000E+08  1.51334E-09  5.22092E-04  2.16967E-07  5.20339E-02  5.25562E-02
   6.00000E+08  1.27162E-09  4.83726E-04  1.98831E-07  5.23464E-02  5.28303E-02
   7.00000E+08  9.34255E-10  4.22422E-04  1.70352E-07  5.28316E-02  5.32542E-02
   8.00000E+08  7.15289E-10  3.75526E-04  1.49009E-07  5.32087E-02  5.35843E-02
   9.00000E+08  5.65166E-10  3.38431E-04  1.32418E-07  5.35144E-02  5.38529E-02
   9.48683E+08  5.08650E-10  3.23027E-04  1.25716E-07  5.36435E-02  5.39667E-02
   1.00000E+09  4.57785E-10  3.08317E-04  1.19152E-07  5.37704E-02  5.40788E-02
