 # Material data file: Nd                  
 # 
 # PENELOPE >>>  Photon mass attenuation coefficients (mac).
 # 
 #   Energy       mac_Ra       mac_Co       mac_ph       mac_pp       mac_tot
 #    (eV)       (cm**2/g)    (cm**2/g)    (cm**2/g)    (cm**2/g)    (cm**2/g)
 #------------------------------------------------------------------------------
   5.00000E+01  3.66811E-01  4.24827E-03  2.07705E+04  1.00000E-35  2.07708E+04
   5.12057E+01  3.58347E-01  4.25260E-03  2.02988E+04  1.00000E-35  2.02991E+04
   5.24404E+01  3.50079E-01  4.25694E-03  1.98704E+04  1.00000E-35  1.98707E+04
   5.37050E+01  3.42001E-01  4.26127E-03  1.94794E+04  1.00000E-35  1.94798E+04
   5.50000E+01  3.34110E-01  4.26633E-03  1.91208E+04  1.00000E-35  1.91211E+04
   5.74456E+01  3.20168E-01  4.27712E-03  1.85327E+04  1.00000E-35  1.85331E+04
   6.00000E+01  3.06808E-01  4.28913E-03  1.80100E+04  1.00000E-35  1.80103E+04
   6.48074E+01  2.83822E-01  4.31586E-03  1.71857E+04  1.00000E-35  1.71860E+04
   7.00000E+01  2.59934E-01  4.35036E-03  1.64391E+04  1.00000E-35  1.64393E+04
   8.00000E+01  1.97249E-01  4.43309E-03  1.52376E+04  1.00000E-35  1.52378E+04
   8.48528E+01  1.59202E-01  4.47742E-03  1.47250E+04  1.00000E-35  1.47252E+04
   9.00000E+01  1.18468E-01  4.52657E-03  1.42075E+04  1.00000E-35  1.42076E+04
   9.48683E+01  1.67087E-01  4.57669E-03  1.37317E+04  1.00000E-35  1.37319E+04
   1.00000E+02  3.67907E-01  4.62978E-03  1.32363E+04  1.00000E-35  1.32367E+04
   1.04881E+02  9.80670E-01  4.68207E-03  1.27690E+04  1.00000E-35  1.27700E+04
   1.10000E+02  4.15677E+00  4.73801E-03  1.22847E+04  1.00000E-35  1.22889E+04
   1.15845E+02  1.46172E+02  4.80189E-03  1.17439E+04  1.00000E-35  1.18901E+04
   1.22000E+02  7.84836E+01  4.87130E-03  1.11942E+04  1.00000E-35  1.12727E+04
   1.22000E+02  7.84835E+01  4.87130E-03  1.35456E+04  1.00000E-35  1.36240E+04
   1.22093E+02  7.65135E+01  4.87234E-03  1.35463E+04  1.00000E-35  1.36228E+04
   1.22185E+02  7.46147E+01  4.87336E-03  1.35472E+04  1.00000E-35  1.36218E+04
   1.22371E+02  7.09226E+01  4.87543E-03  1.35507E+04  1.00000E-35  1.36217E+04
   1.22743E+02  5.97821E+01  4.87956E-03  1.35640E+04  1.00000E-35  1.36238E+04
   1.23491E+02  4.05879E+01  4.88784E-03  1.36121E+04  1.00000E-35  1.36527E+04
   1.24243E+02  2.73692E+01  4.89613E-03  1.36864E+04  1.00000E-35  1.37138E+04
   1.25000E+02  1.91852E+01  4.90443E-03  1.37821E+04  1.00000E-35  1.38013E+04
   1.26000E+02  1.34765E+01  4.91535E-03  1.39287E+04  1.00000E-35  1.39422E+04
   1.26000E+02  1.34765E+01  4.91535E-03  1.55397E+04  1.00000E-35  1.55532E+04
   1.26104E+02  1.31407E+01  4.91648E-03  1.55605E+04  1.00000E-35  1.55737E+04
   1.26208E+02  1.28135E+01  4.91761E-03  1.55816E+04  1.00000E-35  1.55944E+04
   1.26416E+02  1.21843E+01  4.91987E-03  1.56247E+04  1.00000E-35  1.56369E+04
   1.26832E+02  1.10196E+01  4.92452E-03  1.57165E+04  1.00000E-35  1.57275E+04
   1.27670E+02  9.35528E+00  4.93415E-03  1.59136E+04  1.00000E-35  1.59230E+04
   1.29363E+02  7.20770E+00  4.95346E-03  1.63076E+04  1.00000E-35  1.63148E+04
   1.30218E+02  6.52949E+00  4.96314E-03  1.64760E+04  1.00000E-35  1.64825E+04
   1.31078E+02  5.98333E+00  4.97284E-03  1.66093E+04  1.00000E-35  1.66153E+04
   1.31944E+02  5.54088E+00  4.98256E-03  1.66987E+04  1.00000E-35  1.67043E+04
   1.32816E+02  5.19726E+00  4.99230E-03  1.67389E+04  1.00000E-35  1.67441E+04
   1.33693E+02  4.91848E+00  5.00205E-03  1.67276E+04  1.00000E-35  1.67325E+04
   1.34576E+02  4.68446E+00  5.01183E-03  1.66659E+04  1.00000E-35  1.66706E+04
   1.35466E+02  4.48982E+00  5.02163E-03  1.65579E+04  1.00000E-35  1.65624E+04
   1.36361E+02  4.32864E+00  5.03145E-03  1.64093E+04  1.00000E-35  1.64136E+04
   1.37261E+02  4.18713E+00  5.04127E-03  1.62271E+04  1.00000E-35  1.62313E+04
   1.38168E+02  4.06214E+00  5.05132E-03  1.60186E+04  1.00000E-35  1.60227E+04
   1.39081E+02  3.95256E+00  5.06166E-03  1.57904E+04  1.00000E-35  1.57944E+04
   1.40000E+02  3.85409E+00  5.07202E-03  1.55484E+04  1.00000E-35  1.55523E+04
   1.42436E+02  3.63175E+00  5.09926E-03  1.48818E+04  1.00000E-35  1.48854E+04
   1.44914E+02  3.44388E+00  5.12664E-03  1.42088E+04  1.00000E-35  1.42122E+04
   1.50000E+02  3.13444E+00  5.18187E-03  1.29375E+04  1.00000E-35  1.29407E+04
   1.52918E+02  2.98609E+00  5.21402E-03  1.22909E+04  1.00000E-35  1.22939E+04
   1.55893E+02  2.85355E+00  5.24636E-03  1.16957E+04  1.00000E-35  1.16986E+04
   1.58926E+02  2.73357E+00  5.27891E-03  1.11539E+04  1.00000E-35  1.11567E+04
   1.62019E+02  2.62444E+00  5.31167E-03  1.06660E+04  1.00000E-35  1.06687E+04
   1.65171E+02  2.52483E+00  5.34509E-03  1.02307E+04  1.00000E-35  1.02332E+04
   1.68384E+02  2.43437E+00  5.37899E-03  9.84493E+03  1.00000E-35  9.84737E+03
   1.71660E+02  2.35162E+00  5.41311E-03  9.50495E+03  1.00000E-35  9.50731E+03
   1.75000E+02  2.27166E+00  5.44744E-03  9.20639E+03  1.00000E-35  9.20867E+03
   1.77946E+02  2.20976E+00  5.47741E-03  8.97785E+03  1.00000E-35  8.98007E+03
   1.80941E+02  2.15189E+00  5.50787E-03  8.77444E+03  1.00000E-35  8.77660E+03
   1.83986E+02  2.09789E+00  5.53849E-03  8.59362E+03  1.00000E-35  8.59572E+03
   1.87083E+02  2.04831E+00  5.56928E-03  8.43304E+03  1.00000E-35  8.43510E+03
   1.90232E+02  2.00112E+00  5.60025E-03  8.29051E+03  1.00000E-35  8.29251E+03
   1.93434E+02  1.95678E+00  5.63140E-03  8.16379E+03  1.00000E-35  8.16575E+03
   1.96689E+02  1.91428E+00  5.66283E-03  8.05086E+03  1.00000E-35  8.05278E+03
   2.00000E+02  1.87428E+00  5.69445E-03  7.94982E+03  1.00000E-35  7.95170E+03
   2.04823E+02  1.81864E+00  5.73990E-03  7.82252E+03  1.00000E-35  7.82435E+03
   2.09762E+02  1.76429E+00  5.78570E-03  7.71113E+03  1.00000E-35  7.71290E+03
   2.14820E+02  1.70282E+00  5.83178E-03  7.61168E+03  1.00000E-35  7.61339E+03
   2.20000E+02  1.62916E+00  5.87822E-03  7.52154E+03  1.00000E-35  7.52317E+03
   2.30000E+02  1.67932E+00  5.96576E-03  7.37078E+03  1.00000E-35  7.37246E+03
   2.30000E+02  1.67932E+00  5.96576E-03  8.70192E+03  1.00000E-35  8.70360E+03
   2.30150E+02  1.67973E+00  5.96705E-03  8.70025E+03  1.00000E-35  8.70193E+03
   2.30300E+02  1.68015E+00  5.96833E-03  8.69858E+03  1.00000E-35  8.70027E+03
   2.30600E+02  1.68099E+00  5.97090E-03  8.69528E+03  1.00000E-35  8.69697E+03
   2.31202E+02  1.68266E+00  5.97605E-03  8.68873E+03  1.00000E-35  8.69041E+03
   2.32410E+02  1.68104E+00  5.98635E-03  8.67570E+03  1.00000E-35  8.67739E+03
   2.34845E+02  1.67770E+00  6.00700E-03  8.65015E+03  1.00000E-35  8.65183E+03
   2.39792E+02  1.67093E+00  6.04852E-03  8.59863E+03  1.00000E-35  8.60030E+03
   2.44843E+02  1.66559E+00  6.09032E-03  8.53721E+03  1.00000E-35  8.53888E+03
   2.50000E+02  1.67213E+00  6.13231E-03  8.46578E+03  1.00000E-35  8.46745E+03
   2.50000E+02  1.67213E+00  6.13231E-03  8.87464E+03  1.00000E-35  8.87632E+03
   2.50178E+02  1.67245E+00  6.13373E-03  8.87201E+03  1.00000E-35  8.87369E+03
   2.50356E+02  1.67278E+00  6.13516E-03  8.86938E+03  1.00000E-35  8.87106E+03
   2.50713E+02  1.67342E+00  6.13801E-03  8.86416E+03  1.00000E-35  8.86584E+03
   2.51428E+02  1.67514E+00  6.14372E-03  8.85360E+03  1.00000E-35  8.85528E+03
   2.52865E+02  1.68033E+00  6.15516E-03  8.83231E+03  1.00000E-35  8.83399E+03
   2.55763E+02  1.69444E+00  6.17809E-03  8.78935E+03  1.00000E-35  8.79105E+03
   2.61659E+02  1.72737E+00  6.22423E-03  8.70284E+03  1.00000E-35  8.70457E+03
   2.73861E+02  1.77793E+00  6.31717E-03  8.52890E+03  1.00000E-35  8.53069E+03
   2.86633E+02  1.81708E+00  6.41042E-03  8.34654E+03  1.00000E-35  8.34836E+03
   3.00000E+02  1.85342E+00  6.50439E-03  8.14976E+03  1.00000E-35  8.15162E+03
   3.10322E+02  1.87291E+00  6.57425E-03  7.99474E+03  1.00000E-35  7.99662E+03
   3.21000E+02  1.93603E+00  6.64484E-03  7.83225E+03  1.00000E-35  7.83419E+03
   3.21000E+02  1.93603E+00  6.64484E-03  8.37756E+03  1.00000E-35  8.37950E+03
   3.21217E+02  1.93756E+00  6.64623E-03  8.37196E+03  1.00000E-35  8.37391E+03
   3.21434E+02  1.93909E+00  6.64762E-03  8.36637E+03  1.00000E-35  8.36831E+03
   3.21869E+02  1.94215E+00  6.65041E-03  8.35522E+03  1.00000E-35  8.35717E+03
   3.22740E+02  1.94748E+00  6.65598E-03  8.33355E+03  1.00000E-35  8.33551E+03
   3.24489E+02  1.95755E+00  6.66713E-03  8.29326E+03  1.00000E-35  8.29523E+03
   3.28017E+02  1.97785E+00  6.68951E-03  8.22091E+03  1.00000E-35  8.22289E+03
   3.35187E+02  2.01502E+00  6.73448E-03  8.09566E+03  1.00000E-35  8.09768E+03
   3.50000E+02  2.07747E+00  6.82520E-03  7.85922E+03  1.00000E-35  7.86130E+03
   3.61881E+02  2.12498E+00  6.89476E-03  7.66153E+03  1.00000E-35  7.66366E+03
   3.74166E+02  2.16812E+00  6.96502E-03  7.45474E+03  1.00000E-35  7.45691E+03
   3.86867E+02  2.21008E+00  7.03522E-03  7.24544E+03  1.00000E-35  7.24766E+03
   4.00000E+02  2.24947E+00  7.10549E-03  7.03335E+03  1.00000E-35  7.03560E+03
   4.11953E+02  2.28292E+00  7.16806E-03  6.84234E+03  1.00000E-35  6.84463E+03
   4.24264E+02  2.31276E+00  7.23012E-03  6.64794E+03  1.00000E-35  6.65026E+03
   4.36943E+02  2.34300E+00  7.29259E-03  6.45117E+03  1.00000E-35  6.45352E+03
   4.50000E+02  2.36989E+00  7.35557E-03  6.25357E+03  1.00000E-35  6.25594E+03
   4.74342E+02  2.41569E+00  7.46779E-03  5.90152E+03  1.00000E-35  5.90395E+03
   5.00000E+02  2.44825E+00  7.58117E-03  5.55165E+03  1.00000E-35  5.55411E+03
   5.24404E+02  2.47773E+00  7.68452E-03  5.23785E+03  1.00000E-35  5.24034E+03
   5.50000E+02  2.49162E+00  7.78910E-03  4.92906E+03  1.00000E-35  4.93156E+03
   5.74456E+02  2.50123E+00  7.88573E-03  4.65367E+03  1.00000E-35  4.65618E+03
   6.00000E+02  2.49574E+00  7.98437E-03  4.38563E+03  1.00000E-35  4.38814E+03
   6.23574E+02  2.48526E+00  8.07294E-03  4.15445E+03  1.00000E-35  4.15694E+03
   6.48074E+02  2.46198E+00  8.16432E-03  3.92946E+03  1.00000E-35  3.93193E+03
   6.73537E+02  2.42887E+00  8.25747E-03  3.71134E+03  1.00000E-35  3.71378E+03
   7.00000E+02  2.38360E+00  8.35413E-03  3.50080E+03  1.00000E-35  3.50320E+03
   7.48331E+02  2.25314E+00  8.52869E-03  3.15446E+03  1.00000E-35  3.15672E+03
   8.00000E+02  2.05918E+00  8.71950E-03  2.83138E+03  1.00000E-35  2.83344E+03
   8.48528E+02  1.80759E+00  8.90343E-03  2.56645E+03  1.00000E-35  2.56827E+03
   9.00000E+02  1.41889E+00  9.10203E-03  2.32015E+03  1.00000E-35  2.32158E+03
   9.40585E+02  1.00797E+00  9.26484E-03  2.14744E+03  1.00000E-35  2.14846E+03
   9.83000E+02  1.56433E+01  9.44033E-03  1.98488E+03  1.00000E-35  2.00053E+03
   9.83000E+02  1.56433E+01  9.44033E-03  2.20702E+03  1.00000E-35  2.22268E+03
   9.83527E+02  1.55811E+01  9.44261E-03  2.27362E+03  1.00000E-35  2.28921E+03
   9.84054E+02  1.55193E+01  9.44488E-03  2.35580E+03  1.00000E-35  2.37133E+03
   9.84581E+02  1.54577E+01  9.44715E-03  2.45375E+03  1.00000E-35  2.46922E+03
   9.85109E+02  1.53962E+01  9.44943E-03  2.56767E+03  1.00000E-35  2.58307E+03
   9.85637E+02  1.53351E+01  9.45171E-03  2.69741E+03  1.00000E-35  2.71276E+03
   9.86165E+02  1.52742E+01  9.45398E-03  2.84244E+03  1.00000E-35  2.85773E+03
   9.86694E+02  1.52135E+01  9.45626E-03  3.00171E+03  1.00000E-35  3.01693E+03
   9.87223E+02  1.51530E+01  9.45854E-03  3.17366E+03  1.00000E-35  3.18882E+03
   9.88281E+02  1.50329E+01  9.46309E-03  3.54703E+03  1.00000E-35  3.56207E+03
   9.88811E+02  1.49732E+01  9.46537E-03  3.74319E+03  1.00000E-35  3.75817E+03
   9.89341E+02  1.49137E+01  9.46765E-03  3.94179E+03  1.00000E-35  3.95672E+03
   9.89871E+02  1.48545E+01  9.46993E-03  4.13988E+03  1.00000E-35  4.15474E+03
   9.90402E+02  1.47954E+01  9.47222E-03  4.33466E+03  1.00000E-35  4.34946E+03
   9.90932E+02  1.47229E+01  9.47449E-03  4.52362E+03  1.00000E-35  4.53835E+03
   9.91464E+02  1.45914E+01  9.47678E-03  4.70465E+03  1.00000E-35  4.71925E+03
   9.91995E+02  1.44613E+01  9.47906E-03  4.87612E+03  1.00000E-35  4.89059E+03
   9.92527E+02  1.43322E+01  9.48134E-03  5.03699E+03  1.00000E-35  5.05133E+03
   9.93059E+02  1.42043E+01  9.48363E-03  5.18641E+03  1.00000E-35  5.20063E+03
   9.93591E+02  1.40777E+01  9.48591E-03  5.32428E+03  1.00000E-35  5.33836E+03
   9.94123E+02  1.39522E+01  9.48819E-03  5.45066E+03  1.00000E-35  5.46462E+03
   9.94656E+02  1.38277E+01  9.49048E-03  5.56589E+03  1.00000E-35  5.57973E+03
   9.95189E+02  1.37044E+01  9.49276E-03  5.67064E+03  1.00000E-35  5.68435E+03
   9.95723E+02  1.35820E+01  9.49505E-03  5.76558E+03  1.00000E-35  5.77917E+03
   9.96256E+02  1.34610E+01  9.49734E-03  5.85155E+03  1.00000E-35  5.86502E+03
   9.96790E+02  1.33409E+01  9.49962E-03  5.92941E+03  1.00000E-35  5.94276E+03
   9.97324E+02  1.32219E+01  9.50191E-03  5.99997E+03  1.00000E-35  6.01320E+03
   9.97859E+02  1.31038E+01  9.50420E-03  6.06402E+03  1.00000E-35  6.07713E+03
   9.98929E+02  1.28711E+01  9.50878E-03  6.17562E+03  1.00000E-35  6.18850E+03
   1.00000E+03  1.26424E+01  9.51336E-03  6.26939E+03  1.00000E-35  6.28204E+03
   1.00125E+03  1.20191E+01  9.51870E-03  6.36158E+03  1.00000E-35  6.37360E+03
   1.00250E+03  1.14272E+01  9.52404E-03  6.44011E+03  1.00000E-35  6.45155E+03
   1.00375E+03  1.08652E+01  9.52938E-03  6.50820E+03  1.00000E-35  6.51908E+03
   1.00500E+03  1.03314E+01  9.53471E-03  6.56795E+03  1.00000E-35  6.57829E+03
   1.00500E+03  1.03314E+01  9.53471E-03  6.71779E+03  1.00000E-35  6.72813E+03
   1.00571E+03  1.00403E+01  9.53773E-03  6.80752E+03  1.00000E-35  6.81757E+03
   1.00642E+03  9.75758E+00  9.54076E-03  6.91331E+03  1.00000E-35  6.92308E+03
   1.00713E+03  9.48300E+00  9.54378E-03  7.03568E+03  1.00000E-35  7.04518E+03
   1.00784E+03  9.21634E+00  9.54681E-03  7.17467E+03  1.00000E-35  7.18390E+03
   1.00855E+03  8.95735E+00  9.54983E-03  7.32940E+03  1.00000E-35  7.33837E+03
   1.00926E+03  8.70425E+00  9.55285E-03  7.49782E+03  1.00000E-35  7.50654E+03
   1.01069E+03  8.01041E+00  9.55893E-03  7.86281E+03  1.00000E-35  7.87083E+03
   1.01212E+03  7.37275E+00  9.56500E-03  8.23627E+03  1.00000E-35  8.24365E+03
   1.01283E+03  7.07557E+00  9.56802E-03  8.41488E+03  1.00000E-35  8.42197E+03
   1.01355E+03  6.78664E+00  9.57108E-03  8.58314E+03  1.00000E-35  8.58993E+03
   1.01426E+03  6.51346E+00  9.57409E-03  8.73845E+03  1.00000E-35  8.74497E+03
   1.01498E+03  6.24785E+00  9.57714E-03  8.87919E+03  1.00000E-35  8.88545E+03
   1.01569E+03  5.99671E+00  9.58015E-03  9.00478E+03  1.00000E-35  9.01079E+03
   1.01641E+03  5.75251E+00  9.58320E-03  9.11550E+03  1.00000E-35  9.12126E+03
   1.01713E+03  5.51842E+00  9.58625E-03  9.21203E+03  1.00000E-35  9.21756E+03
   1.01785E+03  5.29400E+00  9.58930E-03  9.29562E+03  1.00000E-35  9.30092E+03
   1.01857E+03  5.07887E+00  9.59235E-03  9.36755E+03  1.00000E-35  9.37264E+03
   1.01928E+03  4.95373E+00  9.59536E-03  9.42922E+03  1.00000E-35  9.43418E+03
   1.02072E+03  4.71399E+00  9.60145E-03  9.52729E+03  1.00000E-35  9.53201E+03
   1.02217E+03  4.48463E+00  9.60757E-03  9.59927E+03  1.00000E-35  9.60376E+03
   1.02361E+03  4.26818E+00  9.61365E-03  9.65250E+03  1.00000E-35  9.65678E+03
   1.02505E+03  4.06247E+00  9.61973E-03  9.69208E+03  1.00000E-35  9.69615E+03
   1.02795E+03  3.67856E+00  9.63195E-03  9.74318E+03  1.00000E-35  9.74687E+03
   1.03086E+03  3.63466E+00  9.64419E-03  9.76744E+03  1.00000E-35  9.77109E+03
   1.03377E+03  3.59912E+00  9.65642E-03  9.77041E+03  1.00000E-35  9.77402E+03
   1.03669E+03  3.56392E+00  9.66867E-03  9.75492E+03  1.00000E-35  9.75849E+03
   1.03962E+03  3.58644E+00  9.68094E-03  9.72327E+03  1.00000E-35  9.72687E+03
   1.04551E+03  3.67950E+00  9.70555E-03  9.62486E+03  1.00000E-35  9.62855E+03
   1.05143E+03  3.77808E+00  9.73266E-03  9.50241E+03  1.00000E-35  9.50620E+03
   1.10000E+03  4.45204E+00  9.95642E-03  8.54243E+03  1.00000E-35  8.54689E+03
   1.25000E+03  5.28575E+00  1.06826E-02  6.39535E+03  1.00000E-35  6.40065E+03
   1.30300E+03  5.78613E+00  1.09637E-02  5.81226E+03  1.00000E-35  5.81806E+03
   1.30300E+03  5.78613E+00  1.09637E-02  6.57246E+03  1.00000E-35  6.57826E+03
   1.30373E+03  5.79420E+00  1.09675E-02  6.58945E+03  1.00000E-35  6.59526E+03
   1.30446E+03  5.80227E+00  1.09713E-02  6.60093E+03  1.00000E-35  6.60675E+03
   1.30593E+03  5.81854E+00  1.09791E-02  6.61442E+03  1.00000E-35  6.62025E+03
   1.30886E+03  5.84696E+00  1.09945E-02  6.62173E+03  1.00000E-35  6.62758E+03
   1.31180E+03  5.87519E+00  1.10099E-02  6.61170E+03  1.00000E-35  6.61759E+03
   1.31475E+03  5.90359E+00  1.10254E-02  6.58862E+03  1.00000E-35  6.59453E+03
   1.32066E+03  5.95540E+00  1.10563E-02  6.52094E+03  1.00000E-35  6.52691E+03
   1.32660E+03  5.99985E+00  1.10874E-02  6.44737E+03  1.00000E-35  6.45338E+03
   1.33856E+03  6.07150E+00  1.11498E-02  6.31707E+03  1.00000E-35  6.32315E+03
   1.35063E+03  6.12832E+00  1.12136E-02  6.19962E+03  1.00000E-35  6.20576E+03
   1.40000E+03  6.43023E+00  1.14920E-02  5.72751E+03  1.00000E-35  5.73395E+03
   1.40800E+03  6.48769E+00  1.15369E-02  5.65586E+03  1.00000E-35  5.66236E+03
   1.40800E+03  6.48769E+00  1.15369E-02  5.94006E+03  1.00000E-35  5.94656E+03
   1.40939E+03  6.49769E+00  1.15446E-02  5.94666E+03  1.00000E-35  5.95317E+03
   1.41079E+03  6.50777E+00  1.15525E-02  5.94703E+03  1.00000E-35  5.95355E+03
   1.41358E+03  6.52787E+00  1.15681E-02  5.93893E+03  1.00000E-35  5.94547E+03
   1.41918E+03  6.56811E+00  1.15994E-02  5.90253E+03  1.00000E-35  5.90910E+03
   1.43046E+03  6.63457E+00  1.16623E-02  5.79798E+03  1.00000E-35  5.80463E+03
   1.45327E+03  6.73623E+00  1.17890E-02  5.60100E+03  1.00000E-35  5.60775E+03
   1.50000E+03  6.84711E+00  1.20600E-02  5.22700E+03  1.00000E-35  5.23386E+03
   1.58000E+03  7.10999E+00  1.25285E-02  4.65697E+03  1.00000E-35  4.66409E+03
   1.58000E+03  7.10999E+00  1.25285E-02  4.89032E+03  1.00000E-35  4.89744E+03
   1.58126E+03  7.11762E+00  1.25358E-02  4.87704E+03  1.00000E-35  4.88417E+03
   1.58252E+03  7.12525E+00  1.25431E-02  4.86456E+03  1.00000E-35  4.87170E+03
   1.58505E+03  7.14033E+00  1.25578E-02  4.84185E+03  1.00000E-35  4.84900E+03
   1.59012E+03  7.16351E+00  1.25873E-02  4.80260E+03  1.00000E-35  4.80978E+03
   1.60031E+03  7.20906E+00  1.26476E-02  4.73659E+03  1.00000E-35  4.74381E+03
   1.62089E+03  7.27184E+00  1.27738E-02  4.60842E+03  1.00000E-35  4.61570E+03
   1.66283E+03  7.35195E+00  1.30299E-02  4.35361E+03  1.00000E-35  4.36098E+03
   1.75000E+03  7.45209E+00  1.35612E-02  3.88206E+03  1.00000E-35  3.88952E+03
   1.87083E+03  7.50075E+00  1.43188E-02  3.33536E+03  1.00000E-35  3.34288E+03
   2.00000E+03  7.50103E+00  1.51450E-02  2.85972E+03  1.00000E-35  2.86724E+03
   2.20000E+03  7.39112E+00  1.64426E-02  2.28854E+03  1.00000E-35  2.29595E+03
   2.34521E+03  7.29010E+00  1.73975E-02  1.96708E+03  1.00000E-35  1.97439E+03
   2.50000E+03  7.14072E+00  1.84195E-02  1.68850E+03  1.00000E-35  1.69566E+03
   2.73861E+03  6.89806E+00  1.99992E-02  1.35500E+03  1.00000E-35  1.36192E+03
   3.00000E+03  6.61673E+00  2.17234E-02  1.08484E+03  1.00000E-35  1.09148E+03
   3.24037E+03  6.35101E+00  2.32943E-02  8.97393E+02  1.00000E-35  9.03767E+02
   3.50000E+03  6.05661E+00  2.49682E-02  7.41278E+02  1.00000E-35  7.47359E+02
   4.00000E+03  5.51429E+00  2.81087E-02  5.30628E+02  1.00000E-35  5.36171E+02
   4.50000E+03  4.99032E+00  3.11159E-02  3.93881E+02  1.00000E-35  3.98902E+02
   5.00000E+03  4.47018E+00  3.39640E-02  3.01014E+02  1.00000E-35  3.05518E+02
   5.50000E+03  3.91863E+00  3.66549E-02  2.35606E+02  1.00000E-35  2.39561E+02
   6.00000E+03  3.11973E+00  3.92039E-02  1.88121E+02  1.00000E-35  1.91280E+02
   6.21300E+03  2.64838E+00  4.02568E-02  1.71816E+02  1.00000E-35  1.74505E+02
   6.21300E+03  2.64838E+00  4.02568E-02  4.35858E+02  1.00000E-35  4.38547E+02
   6.21686E+03  2.65521E+00  4.02754E-02  4.70403E+02  1.00000E-35  4.73098E+02
   6.22072E+03  2.66205E+00  4.02939E-02  4.85174E+02  1.00000E-35  4.87876E+02
   6.22459E+03  2.66892E+00  4.03125E-02  4.89896E+02  1.00000E-35  4.92605E+02
   6.22845E+03  2.67579E+00  4.03311E-02  4.88727E+02  1.00000E-35  4.91443E+02
   6.23619E+03  2.68960E+00  4.03683E-02  4.81851E+02  1.00000E-35  4.84581E+02
   6.24007E+03  2.69654E+00  4.03869E-02  4.79358E+02  1.00000E-35  4.82095E+02
   6.24394E+03  2.70348E+00  4.04055E-02  4.77989E+02  1.00000E-35  4.80733E+02
   6.24782E+03  2.71045E+00  4.04241E-02  4.77496E+02  1.00000E-35  4.80247E+02
   6.25170E+03  2.71743E+00  4.04428E-02  4.77496E+02  1.00000E-35  4.80254E+02
   6.25947E+03  2.74025E+00  4.04801E-02  4.77855E+02  1.00000E-35  4.80636E+02
   6.26725E+03  2.76331E+00  4.05174E-02  4.77346E+02  1.00000E-35  4.80150E+02
   6.27504E+03  2.78655E+00  4.05548E-02  4.75918E+02  1.00000E-35  4.78745E+02
   6.33770E+03  2.95930E+00  4.08549E-02  4.65063E+02  1.00000E-35  4.68063E+02
   6.40098E+03  3.07521E+00  4.11573E-02  4.54212E+02  1.00000E-35  4.57328E+02
   6.46489E+03  3.12453E+00  4.14619E-02  4.42918E+02  1.00000E-35  4.46084E+02
   6.72700E+03  3.05821E+00  4.27013E-02  3.98819E+02  1.00000E-35  4.01920E+02
   6.72700E+03  3.05821E+00  4.27013E-02  5.16951E+02  1.00000E-35  5.20051E+02
   6.73118E+03  3.06104E+00  4.27204E-02  5.35860E+02  1.00000E-35  5.38963E+02
   6.73537E+03  3.06708E+00  4.27396E-02  5.42765E+02  1.00000E-35  5.45875E+02
   6.73956E+03  3.07313E+00  4.27588E-02  5.43980E+02  1.00000E-35  5.47096E+02
   6.74375E+03  3.07919E+00  4.27780E-02  5.42419E+02  1.00000E-35  5.45541E+02
   6.75213E+03  3.09133E+00  4.28164E-02  5.38168E+02  1.00000E-35  5.41302E+02
   6.76053E+03  3.10353E+00  4.28548E-02  5.36018E+02  1.00000E-35  5.39165E+02
   6.77736E+03  3.12807E+00  4.29318E-02  5.34248E+02  1.00000E-35  5.37419E+02
   6.79424E+03  3.15320E+00  4.30090E-02  5.30908E+02  1.00000E-35  5.34104E+02
   6.86214E+03  3.26159E+00  4.33188E-02  5.18057E+02  1.00000E-35  5.21362E+02
   7.00000E+03  3.35404E+00  4.39453E-02  4.92213E+02  1.00000E-35  4.95611E+02
   7.13200E+03  3.44517E+00  4.45420E-02  4.68524E+02  1.00000E-35  4.72013E+02
   7.13200E+03  3.44517E+00  4.45420E-02  5.46427E+02  1.00000E-35  5.49916E+02
   7.13840E+03  3.45299E+00  4.45709E-02  5.39897E+02  1.00000E-35  5.43394E+02
   7.14481E+03  3.46083E+00  4.45997E-02  5.37396E+02  1.00000E-35  5.40901E+02
   7.15764E+03  3.47656E+00  4.46575E-02  5.36198E+02  1.00000E-35  5.39719E+02
   7.17050E+03  3.49237E+00  4.47154E-02  5.34386E+02  1.00000E-35  5.37923E+02
   7.18338E+03  3.50846E+00  4.47734E-02  5.31668E+02  1.00000E-35  5.35221E+02
   7.23513E+03  3.57476E+00  4.50060E-02  5.22240E+02  1.00000E-35  5.25860E+02
   7.33975E+03  3.66253E+00  4.54705E-02  5.03699E+02  1.00000E-35  5.07407E+02
   7.55354E+03  3.73895E+00  4.63958E-02  4.68474E+02  1.00000E-35  4.72259E+02
   8.00000E+03  3.75527E+00  4.82967E-02  4.04708E+02  1.00000E-35  4.08511E+02
   9.00000E+03  3.57046E+00  5.22774E-02  2.98633E+02  1.00000E-35  3.02256E+02
   1.00000E+04  3.30374E+00  5.59498E-02  2.26881E+02  1.00000E-35  2.30241E+02
   1.10000E+04  3.03384E+00  5.93419E-02  1.76596E+02  1.00000E-35  1.79689E+02
   1.25000E+04  2.66609E+00  6.39564E-02  1.25825E+02  1.00000E-35  1.28555E+02
   1.40000E+04  2.35336E+00  6.81021E-02  9.29165E+01  1.00000E-35  9.53380E+01
   1.50000E+04  2.17327E+00  7.06368E-02  7.71677E+01  1.00000E-35  7.94116E+01
   1.75000E+04  1.80612E+00  7.62928E-02  5.08141E+01  1.00000E-35  5.26965E+01
   2.00000E+04  1.52312E+00  8.10796E-02  3.52827E+01  1.00000E-35  3.68869E+01
   2.20000E+04  1.33872E+00  8.43665E-02  2.71548E+01  1.00000E-35  2.85779E+01
   2.50000E+04  1.11361E+00  8.85451E-02  1.90792E+01  1.00000E-35  2.02813E+01
   2.73861E+04  9.67630E-01  9.13674E-02  1.47999E+01  1.00000E-35  1.58589E+01
   3.00000E+04  8.34633E-01  9.40242E-02  1.14957E+01  1.00000E-35  1.24243E+01
   3.50000E+04  6.42317E-01  9.80823E-02  7.47035E+00  1.00000E-35  8.21075E+00
   4.00000E+04  4.93885E-01  1.01154E-01  5.13343E+00  1.00000E-35  5.72847E+00
   4.35750E+04  3.62666E-01  1.02872E-01  4.03244E+00  1.00000E-35  4.49798E+00
   4.35750E+04  3.62666E-01  1.02872E-01  2.40898E+01  1.00000E-35  2.45554E+01
   4.35969E+04  3.62261E-01  1.02881E-01  2.25989E+01  1.00000E-35  2.30640E+01
   4.36188E+04  3.61856E-01  1.02890E-01  2.28225E+01  1.00000E-35  2.32872E+01
   4.36408E+04  3.61450E-01  1.02899E-01  2.27059E+01  1.00000E-35  2.31703E+01
   4.36627E+04  3.61509E-01  1.02908E-01  2.27454E+01  1.00000E-35  2.32099E+01
   4.36847E+04  3.62021E-01  1.02917E-01  2.27188E+01  1.00000E-35  2.31837E+01
   4.37067E+04  3.62534E-01  1.02926E-01  2.26608E+01  1.00000E-35  2.31263E+01
   4.37506E+04  3.63558E-01  1.02944E-01  2.26419E+01  1.00000E-35  2.31084E+01
   4.39270E+04  3.67692E-01  1.03017E-01  2.24134E+01  1.00000E-35  2.28841E+01
   4.42818E+04  3.78796E-01  1.03162E-01  2.19661E+01  1.00000E-35  2.24481E+01
   4.50000E+04  3.97717E-01  1.03453E-01  2.10924E+01  1.00000E-35  2.15936E+01
   5.00000E+04  3.83684E-01  1.05202E-01  1.60178E+01  1.00000E-35  1.65067E+01
   5.50000E+04  3.42908E-01  1.06496E-01  1.24576E+01  1.00000E-35  1.29070E+01
   6.00000E+04  3.04177E-01  1.07417E-01  9.88059E+00  1.00000E-35  1.02922E+01
   7.00000E+04  2.39928E-01  1.08407E-01  6.52223E+00  1.00000E-35  6.87057E+00
   8.00000E+04  1.92195E-01  1.08574E-01  4.53105E+00  1.00000E-35  4.83182E+00
   9.00000E+04  1.56824E-01  1.08205E-01  3.27606E+00  1.00000E-35  3.54109E+00
   1.00000E+05  1.30488E-01  1.07517E-01  2.44613E+00  1.00000E-35  2.68413E+00
   1.10000E+05  1.10070E-01  1.06596E-01  1.87550E+00  1.00000E-35  2.09217E+00
   1.25000E+05  8.73333E-02  1.04973E-01  1.31134E+00  1.00000E-35  1.50364E+00
   1.40000E+05  7.09657E-02  1.03224E-01  9.53907E-01  1.00000E-35  1.12810E+00
   1.50000E+05  6.25417E-02  1.01994E-01  7.85709E-01  1.00000E-35  9.50244E-01
   1.62019E+05  5.42679E-02  1.00514E-01  6.32141E-01  1.00000E-35  7.86923E-01
   1.75000E+05  4.70428E-02  9.89250E-02  5.09410E-01  1.00000E-35  6.55378E-01
   2.00000E+05  3.67006E-02  9.59538E-02  3.50338E-01  1.00000E-35  4.82993E-01
   2.20000E+05  3.06783E-02  9.36713E-02  2.68512E-01  1.00000E-35  3.92861E-01
   2.34521E+05  2.71826E-02  9.20921E-02  2.24776E-01  1.00000E-35  3.44051E-01
   2.50000E+05  2.40799E-02  9.04543E-02  1.88390E-01  1.00000E-35  3.02924E-01
   2.73861E+05  2.02102E-02  8.80642E-02  1.46470E-01  1.00000E-35  2.54744E-01
   2.86633E+05  1.85139E-02  8.68333E-02  1.29370E-01  1.00000E-35  2.34717E-01
   3.00000E+05  1.69601E-02  8.56086E-02  1.14415E-01  1.00000E-35  2.16984E-01
   3.24037E+05  1.46145E-02  8.34837E-02  9.29524E-02  1.00000E-35  1.91051E-01
   3.50000E+05  1.25828E-02  8.13336E-02  7.56847E-02  1.00000E-35  1.69601E-01
   3.74166E+05  1.10498E-02  7.94560E-02  6.34483E-02  1.00000E-35  1.53954E-01
   4.00000E+05  9.70359E-03  7.75740E-02  5.33275E-02  1.00000E-35  1.40605E-01
   4.24264E+05  8.65298E-03  7.59160E-02  4.58157E-02  1.00000E-35  1.30385E-01
   4.50000E+05  7.71480E-03  7.42472E-02  3.94375E-02  1.00000E-35  1.21399E-01
   4.74342E+05  6.96109E-03  7.27571E-02  3.45375E-02  1.00000E-35  1.14256E-01
   5.00000E+05  6.27766E-03  7.12800E-02  3.02985E-02  1.00000E-35  1.07856E-01
   5.24404E+05  5.71683E-03  6.99341E-02  2.69476E-02  1.00000E-35  1.02598E-01
   5.50000E+05  5.20608E-03  6.86038E-02  2.40023E-02  1.00000E-35  9.78122E-02
   5.74456E+05  4.77977E-03  6.73885E-02  2.16210E-02  1.00000E-35  9.37892E-02
   6.00000E+05  4.38836E-03  6.61836E-02  1.94981E-02  1.00000E-35  9.00701E-02
   6.23574E+05  4.06850E-03  6.51170E-02  1.78052E-02  1.00000E-35  8.69906E-02
   6.48074E+05  3.77197E-03  6.40621E-02  1.62756E-02  1.00000E-35  8.41097E-02
   6.73537E+05  3.49704E-03  6.30043E-02  1.48977E-02  1.00000E-35  8.13990E-02
   7.00000E+05  3.24163E-03  6.19634E-02  1.36528E-02  1.00000E-35  7.88579E-02
   7.48331E+05  2.84072E-03  6.01604E-02  1.17561E-02  1.00000E-35  7.47572E-02
   8.00000E+05  2.48910E-03  5.83793E-02  1.01529E-02  1.00000E-35  7.10213E-02
   8.48528E+05  2.21521E-03  5.68287E-02  8.94174E-03  1.00000E-35  6.79856E-02
   9.00000E+05  1.97146E-03  5.52990E-02  7.89471E-03  1.00000E-35  6.51652E-02
   9.48683E+05  1.77623E-03  5.39371E-02  7.07481E-03  1.00000E-35  6.27881E-02
   1.00000E+06  1.60034E-03  5.25975E-02  6.35176E-03  1.00000E-35  6.05496E-02
   1.04881E+06  1.45628E-03  5.13986E-02  5.76988E-03  2.01681E-12  5.86248E-02
   1.10000E+06  1.32517E-03  5.02115E-02  5.24887E-03  1.02346E-05  5.67958E-02
   1.17260E+06  1.16743E-03  4.86458E-02  4.63234E-03  8.28289E-05  5.45284E-02
   1.25000E+06  1.02809E-03  4.71017E-02  4.09936E-03  2.23399E-04  5.24525E-02
   1.32288E+06  9.18341E-04  4.57515E-02  3.68492E-03  4.10281E-04  5.07651E-02
   1.40000E+06  8.20314E-04  4.44271E-02  3.31863E-03  6.71907E-04  4.92380E-02
   1.50000E+06  7.14967E-04  4.28450E-02  2.92814E-03  1.06955E-03  4.75576E-02
   1.62019E+06  6.13191E-04  4.11116E-02  2.55271E-03  1.59657E-03  4.58741E-02
   1.75000E+06  5.25911E-04  3.94183E-02  2.23338E-03  2.21379E-03  4.43913E-02
   1.87083E+06  4.60410E-04  3.79844E-02  1.99325E-03  2.81609E-03  4.32542E-02
   2.00000E+06  4.03071E-04  3.65843E-02  1.78271E-03  3.48550E-03  4.22556E-02
   2.09762E+06  3.66565E-04  3.56088E-02  1.64819E-03  4.01451E-03  4.16380E-02
   2.20000E+06  3.33365E-04  3.46425E-02  1.52535E-03  4.53492E-03  4.10362E-02
   2.34521E+06  2.93495E-04  3.33785E-02  1.37679E-03  5.29465E-03  4.03434E-02
   2.50000E+06  2.58377E-04  3.21467E-02  1.24488E-03  6.09981E-03  3.97498E-02
   2.73861E+06  2.15346E-04  3.04403E-02  1.08080E-03  7.29324E-03  3.90297E-02
   3.00000E+06  1.79477E-04  2.87966E-02  9.41870E-04  8.55479E-03  3.84728E-02
   3.24037E+06  1.53854E-04  2.74564E-02  8.40073E-04  9.67536E-03  3.81257E-02
   3.50000E+06  1.31889E-04  2.61619E-02  7.50797E-04  1.08392E-02  3.78837E-02
   3.74166E+06  1.15414E-04  2.50772E-02  6.82171E-04  1.18744E-02  3.77492E-02
   4.00000E+06  1.00996E-04  2.40249E-02  6.20735E-04  1.29390E-02  3.76856E-02
   4.24264E+06  8.97819E-05  2.31245E-02  5.71707E-04  1.39088E-02  3.76948E-02
   4.50000E+06  7.98126E-05  2.22508E-02  5.27167E-04  1.49106E-02  3.77685E-02
   5.00000E+06  6.46576E-05  2.07494E-02  4.57380E-04  1.67158E-02  3.79873E-02
   5.50000E+06  5.34432E-05  1.94595E-02  4.03114E-04  1.83691E-02  3.82852E-02
   6.00000E+06  4.49127E-05  1.83381E-02  3.59820E-04  1.99714E-02  3.87142E-02
   6.48074E+06  3.85006E-05  1.73888E-02  3.25752E-04  2.14263E-02  3.91793E-02
   7.00000E+06  3.30039E-05  1.64799E-02  2.95315E-04  2.28806E-02  3.96888E-02
   8.00000E+06  2.52710E-05  1.49979E-02  2.49758E-04  2.54817E-02  4.07546E-02
   9.00000E+06  1.99676E-05  1.37844E-02  2.15998E-04  2.78428E-02  4.18631E-02
   1.00000E+07  1.61740E-05  1.27703E-02  1.90048E-04  3.00112E-02  4.29877E-02
   1.10000E+07  1.33672E-05  1.19089E-02  1.69517E-04  3.20181E-02  4.41098E-02
   1.25000E+07  1.03517E-05  1.08331E-02  1.45718E-04  3.47527E-02  4.57419E-02
   1.40000E+07  8.25246E-06  9.95095E-03  1.27663E-04  3.72121E-02  4.72990E-02
   1.50000E+07  7.18887E-06  9.44581E-03  1.17879E-04  3.87035E-02  4.82744E-02
   1.75000E+07  5.28176E-06  8.39876E-03  9.88430E-05  4.19960E-02  5.04989E-02
   2.00000E+07  4.04392E-06  7.57699E-03  8.50352E-05  4.48593E-02  5.25254E-02
   2.20000E+07  3.34214E-06  7.03594E-03  7.64591E-05  4.68783E-02  5.39940E-02
   2.50000E+07  2.58817E-06  6.36534E-03  6.63859E-05  4.95969E-02  5.60312E-02
   3.00000E+07  1.79734E-06  5.51016E-03  5.44001E-05  5.33952E-02  5.89616E-02
   3.50000E+07  1.32050E-06  4.87145E-03  4.60604E-05  5.65203E-02  6.14391E-02
   4.00000E+07  1.01101E-06  4.37472E-03  3.99274E-05  5.92034E-02  6.36190E-02
   4.50000E+07  7.98827E-07  3.97616E-03  3.52303E-05  6.15019E-02  6.55140E-02
   5.00000E+07  6.47050E-07  3.64885E-03  3.15187E-05  6.35038E-02  6.71848E-02
   5.50000E+07  5.34754E-07  3.37485E-03  2.85127E-05  6.52659E-02  6.86698E-02
   6.00000E+07  4.49343E-07  3.14180E-03  2.60289E-05  6.68821E-02  7.00503E-02
   7.00000E+07  3.30130E-07  2.76592E-03  2.21648E-05  6.96042E-02  7.23926E-02
   8.00000E+07  2.52756E-07  2.47536E-03  1.92982E-05  7.18473E-02  7.43422E-02
   9.00000E+07  1.99708E-07  2.24340E-03  1.70874E-05  7.37285E-02  7.59892E-02
   1.00000E+08  1.61764E-07  2.05371E-03  1.53305E-05  7.53508E-02  7.74200E-02
   1.10000E+08  1.33689E-07  1.89546E-03  1.39010E-05  7.67632E-02  7.86727E-02
   1.25000E+08  1.03528E-07  1.70148E-03  1.21950E-05  7.85625E-02  8.02763E-02
   1.40000E+08  8.25325E-08  1.54564E-03  1.08617E-05  8.00764E-02  8.16330E-02
   1.50000E+08  7.18949E-08  1.45761E-03  1.01238E-05  8.09552E-02  8.24230E-02
   1.75000E+08  5.28208E-08  1.27809E-03  8.65374E-06  8.28113E-02  8.40981E-02
   2.00000E+08  4.04411E-08  1.14006E-03  7.55640E-06  8.43037E-02  8.54513E-02
   2.20000E+08  3.34224E-08  1.05049E-03  6.86041E-06  8.52989E-02  8.63563E-02
   2.50000E+08  2.58823E-08  9.41002E-04  6.02757E-06  8.65515E-02  8.74985E-02
   3.00000E+08  1.79737E-08  8.03852E-04  5.01319E-06  8.82050E-02  8.90139E-02
   3.50000E+08  1.32052E-08  7.03252E-04  4.29103E-06  8.94783E-02  9.01859E-02
   4.00000E+08  1.01102E-08  6.26128E-04  3.75072E-06  9.04814E-02  9.11113E-02
   4.50000E+08  7.98834E-09  5.64997E-04  3.33125E-06  9.12773E-02  9.18457E-02
   5.00000E+08  6.47055E-09  5.15292E-04  2.99616E-06  9.19432E-02  9.24615E-02
   5.50000E+08  5.34756E-09  4.74033E-04  2.72232E-06  9.25077E-02  9.29844E-02
   6.00000E+08  4.49344E-09  4.39197E-04  2.49435E-06  9.30213E-02  9.34630E-02
   7.00000E+08  3.30131E-09  3.83535E-04  2.13651E-06  9.38210E-02  9.42066E-02
   8.00000E+08  2.52756E-09  3.40958E-04  1.86845E-06  9.44405E-02  9.47833E-02
   9.00000E+08  1.99709E-09  3.07277E-04  1.66016E-06  9.49373E-02  9.52462E-02
   9.48683E+08  1.79738E-09  2.93291E-04  1.57603E-06  9.51455E-02  9.54403E-02
   1.00000E+09  1.61764E-09  2.79935E-04  1.49366E-06  9.53493E-02  9.56307E-02
