 # Material data file: Zn                  
 # 
 # PENELOPE >>>  Photon mass attenuation coefficients (mac).
 # 
 #   Energy       mac_Ra       mac_Co       mac_ph       mac_pp       mac_tot
 #    (eV)       (cm**2/g)    (cm**2/g)    (cm**2/g)    (cm**2/g)    (cm**2/g)
 #------------------------------------------------------------------------------
   5.00000E+01  2.50770E-01  6.20697E-03  8.60232E+04  1.00000E-35  8.60235E+04
   5.12057E+01  2.70516E-01  6.20959E-03  8.65751E+04  1.00000E-35  8.65753E+04
   5.24404E+01  2.90471E-01  6.21221E-03  8.70300E+04  1.00000E-35  8.70303E+04
   5.37050E+01  3.11665E-01  6.21483E-03  8.73869E+04  1.00000E-35  8.73872E+04
   5.50000E+01  3.33560E-01  6.21756E-03  8.76450E+04  1.00000E-35  8.76454E+04
   5.74456E+01  3.75177E-01  6.22276E-03  8.78636E+04  1.00000E-35  8.78640E+04
   6.00000E+01  4.18982E-01  6.22811E-03  8.77635E+04  1.00000E-35  8.77639E+04
   6.23574E+01  4.58683E-01  6.23313E-03  8.74218E+04  1.00000E-35  8.74223E+04
   6.48074E+01  5.00094E-01  6.23822E-03  8.68583E+04  1.00000E-35  8.68588E+04
   6.73537E+01  5.42592E-01  6.24368E-03  8.60907E+04  1.00000E-35  8.60913E+04
   7.00000E+01  5.85310E-01  6.24915E-03  8.51382E+04  1.00000E-35  8.51388E+04
   7.23762E+01  6.23718E-01  6.25432E-03  8.41783E+04  1.00000E-35  8.41789E+04
   7.48331E+01  6.61565E-01  6.25951E-03  8.31058E+04  1.00000E-35  8.31065E+04
   7.73735E+01  6.99293E-01  6.26496E-03  8.19315E+04  1.00000E-35  8.19322E+04
   8.00000E+01  7.35777E-01  6.27075E-03  8.06649E+04  1.00000E-35  8.06657E+04
   8.23907E+01  7.67459E-01  6.27586E-03  7.94773E+04  1.00000E-35  7.94780E+04
   8.48528E+01  7.93596E-01  6.28162E-03  7.82283E+04  1.00000E-35  7.82291E+04
   8.73885E+01  8.77936E-01  6.28761E-03  7.69214E+04  1.00000E-35  7.69223E+04
   9.00000E+01  9.84982E-01  6.29361E-03  7.55590E+04  1.00000E-35  7.55600E+04
   9.10000E+01  1.02375E+00  6.29626E-03  7.50338E+04  1.00000E-35  7.50348E+04
   9.10000E+01  1.02375E+00  6.29626E-03  8.01692E+04  1.00000E-35  8.01702E+04
   9.10461E+01  1.02570E+00  6.29639E-03  8.01407E+04  1.00000E-35  8.01417E+04
   9.10923E+01  1.02765E+00  6.29652E-03  8.01123E+04  1.00000E-35  8.01133E+04
   9.11847E+01  1.03157E+00  6.29679E-03  8.00552E+04  1.00000E-35  8.00562E+04
   9.13697E+01  1.03769E+00  6.29731E-03  7.99404E+04  1.00000E-35  7.99414E+04
   9.17409E+01  1.04971E+00  6.29835E-03  7.97068E+04  1.00000E-35  7.97078E+04
   9.24878E+01  1.06814E+00  6.30044E-03  7.92227E+04  1.00000E-35  7.92238E+04
   9.40000E+01  1.09453E+00  6.30461E-03  7.82073E+04  1.00000E-35  7.82084E+04
   9.40000E+01  1.09453E+00  6.30461E-03  8.05862E+04  1.00000E-35  8.05873E+04
   9.40909E+01  1.09606E+00  6.30486E-03  8.05212E+04  1.00000E-35  8.05223E+04
   9.41819E+01  1.09759E+00  6.30511E-03  8.04560E+04  1.00000E-35  8.04571E+04
   9.43642E+01  1.10066E+00  6.30561E-03  8.03249E+04  1.00000E-35  8.03260E+04
   9.47299E+01  1.10672E+00  6.30661E-03  8.00601E+04  1.00000E-35  8.00612E+04
   9.54654E+01  1.11843E+00  6.30860E-03  7.95177E+04  1.00000E-35  7.95188E+04
   9.69536E+01  1.14103E+00  6.31259E-03  7.83974E+04  1.00000E-35  7.83986E+04
   1.00000E+02  1.18372E+00  6.32219E-03  7.60913E+04  1.00000E-35  7.60925E+04
   1.10000E+02  1.30286E+00  6.36078E-03  6.92643E+04  1.00000E-35  6.92656E+04
   1.25000E+02  1.46634E+00  6.44929E-03  6.12735E+04  1.00000E-35  6.12750E+04
   1.32288E+02  1.56712E+00  6.51345E-03  5.79230E+04  1.00000E-35  5.79246E+04
   1.40000E+02  1.74401E+00  6.59196E-03  5.46078E+04  1.00000E-35  5.46096E+04
   1.41000E+02  1.75675E+00  6.60464E-03  5.41937E+04  1.00000E-35  5.41954E+04
   1.41000E+02  1.75675E+00  6.60464E-03  5.68296E+04  1.00000E-35  5.68314E+04
   1.41136E+02  1.75848E+00  6.60636E-03  5.67681E+04  1.00000E-35  5.67699E+04
   1.41273E+02  1.76023E+00  6.60809E-03  5.67067E+04  1.00000E-35  5.67084E+04
   1.41546E+02  1.76371E+00  6.61153E-03  5.65838E+04  1.00000E-35  5.65856E+04
   1.42095E+02  1.77070E+00  6.61844E-03  5.63387E+04  1.00000E-35  5.63404E+04
   1.43198E+02  1.78476E+00  6.63227E-03  5.58526E+04  1.00000E-35  5.58544E+04
   1.45430E+02  1.81322E+00  6.66001E-03  5.48939E+04  1.00000E-35  5.48957E+04
   1.50000E+02  1.87019E+00  6.71612E-03  5.30197E+04  1.00000E-35  5.30216E+04
   1.62019E+02  2.00683E+00  6.90984E-03  4.85439E+04  1.00000E-35  4.85459E+04
   1.68384E+02  2.07361E+00  7.03235E-03  4.63903E+04  1.00000E-35  4.63924E+04
   1.75000E+02  2.13796E+00  7.16238E-03  4.42842E+04  1.00000E-35  4.42863E+04
   1.80941E+02  2.19486E+00  7.29154E-03  4.24934E+04  1.00000E-35  4.24956E+04
   1.87083E+02  2.24902E+00  7.43429E-03  4.07307E+04  1.00000E-35  4.07330E+04
   1.93434E+02  2.30296E+00  7.58072E-03  3.89942E+04  1.00000E-35  3.89965E+04
   2.00000E+02  2.35668E+00  7.75245E-03  3.72828E+04  1.00000E-35  3.72851E+04
   2.09762E+02  2.42986E+00  8.00438E-03  3.48855E+04  1.00000E-35  3.48879E+04
   2.20000E+02  2.49844E+00  8.29274E-03  3.25487E+04  1.00000E-35  3.25512E+04
   2.27144E+02  2.54054E+00  8.49284E-03  3.10207E+04  1.00000E-35  3.10233E+04
   2.34521E+02  2.58234E+00  8.71114E-03  2.95288E+04  1.00000E-35  2.95313E+04
   2.42137E+02  2.62030E+00  8.93890E-03  2.80764E+04  1.00000E-35  2.80790E+04
   2.50000E+02  2.65789E+00  9.17451E-03  2.66672E+04  1.00000E-35  2.66699E+04
   2.61659E+02  2.70661E+00  9.53920E-03  2.47377E+04  1.00000E-35  2.47404E+04
   2.73861E+02  2.74963E+00  9.92180E-03  2.29071E+04  1.00000E-35  2.29098E+04
   2.86633E+02  2.78771E+00  1.03310E-02  2.11773E+04  1.00000E-35  2.11801E+04
   3.00000E+02  2.82265E+00  1.07598E-02  1.95471E+04  1.00000E-35  1.95500E+04
   3.11787E+02  2.84892E+00  1.11402E-02  1.82442E+04  1.00000E-35  1.82470E+04
   3.24037E+02  2.87098E+00  1.15342E-02  1.70086E+04  1.00000E-35  1.70115E+04
   3.36768E+02  2.89178E+00  1.19424E-02  1.58379E+04  1.00000E-35  1.58408E+04
   3.50000E+02  2.90677E+00  1.23647E-02  1.47309E+04  1.00000E-35  1.47338E+04
   3.74166E+02  2.92698E+00  1.31231E-02  1.29608E+04  1.00000E-35  1.29638E+04
   4.00000E+02  2.93679E+00  1.39136E-02  1.13713E+04  1.00000E-35  1.13743E+04
   4.24264E+02  2.93789E+00  1.46360E-02  1.01116E+04  1.00000E-35  1.01145E+04
   4.50000E+02  2.93221E+00  1.53821E-02  8.97589E+03  1.00000E-35  8.97884E+03
   4.74342E+02  2.92114E+00  1.60553E-02  8.05693E+03  1.00000E-35  8.05987E+03
   5.00000E+02  2.90465E+00  1.67454E-02  7.22185E+03  1.00000E-35  7.22477E+03
   5.24404E+02  2.88321E+00  1.73784E-02  6.53337E+03  1.00000E-35  6.53627E+03
   5.50000E+02  2.85632E+00  1.80144E-02  5.90442E+03  1.00000E-35  5.90730E+03
   6.00000E+02  2.79193E+00  1.91926E-02  4.89680E+03  1.00000E-35  4.89961E+03
   6.48074E+02  2.71053E+00  2.02466E-02  4.13888E+03  1.00000E-35  4.14162E+03
   7.00000E+02  2.60061E+00  2.13057E-02  3.49024E+03  1.00000E-35  3.49286E+03
   7.48331E+02  2.47942E+00  2.22281E-02  3.00543E+03  1.00000E-35  3.00793E+03
   8.00000E+02  2.32277E+00  2.31414E-02  2.58414E+03  1.00000E-35  2.58649E+03
   8.48528E+02  2.14276E+00  2.39462E-02  2.25923E+03  1.00000E-35  2.26140E+03
   9.00000E+02  1.88913E+00  2.47552E-02  1.97304E+03  1.00000E-35  1.97495E+03
   1.00000E+03  9.11458E-01  2.61947E-02  1.54371E+03  1.00000E-35  1.54465E+03
   1.02400E+03  5.91535E-01  2.65208E-02  1.46003E+03  1.00000E-35  1.46065E+03
   1.02400E+03  5.91535E-01  2.65208E-02  3.23939E+03  1.00000E-35  3.24000E+03
   1.02471E+03  5.92848E-01  2.65304E-02  3.51180E+03  1.00000E-35  3.51242E+03
   1.02542E+03  5.94162E-01  2.65400E-02  3.76895E+03  1.00000E-35  3.76957E+03
   1.02613E+03  5.95479E-01  2.65495E-02  4.01114E+03  1.00000E-35  4.01176E+03
   1.02685E+03  5.96816E-01  2.65593E-02  4.23935E+03  1.00000E-35  4.23998E+03
   1.02756E+03  5.98136E-01  2.65688E-02  4.45451E+03  1.00000E-35  4.45513E+03
   1.02827E+03  6.04043E-01  2.65784E-02  4.65736E+03  1.00000E-35  4.65799E+03
   1.02899E+03  6.18822E-01  2.65881E-02  4.84850E+03  1.00000E-35  4.84915E+03
   1.02970E+03  6.33739E-01  2.65977E-02  5.02851E+03  1.00000E-35  5.02917E+03
   1.03042E+03  6.49222E-01  2.66074E-02  5.19788E+03  1.00000E-35  5.19855E+03
   1.03113E+03  6.64850E-01  2.66169E-02  5.35702E+03  1.00000E-35  5.35771E+03
   1.03185E+03  6.81071E-01  2.66266E-02  5.50632E+03  1.00000E-35  5.50703E+03
   1.03257E+03  6.97675E-01  2.66363E-02  5.64621E+03  1.00000E-35  5.64693E+03
   1.03328E+03  7.14434E-01  2.66459E-02  5.77699E+03  1.00000E-35  5.77773E+03
   1.03400E+03  7.31828E-01  2.66556E-02  5.89905E+03  1.00000E-35  5.89980E+03
   1.03472E+03  7.49632E-01  2.66652E-02  6.01270E+03  1.00000E-35  6.01348E+03
   1.03544E+03  7.67857E-01  2.66749E-02  6.11826E+03  1.00000E-35  6.11906E+03
   1.03616E+03  7.86512E-01  2.66846E-02  6.21608E+03  1.00000E-35  6.21689E+03
   1.03687E+03  8.05338E-01  2.66941E-02  6.30647E+03  1.00000E-35  6.30730E+03
   1.03759E+03  8.25145E-01  2.67038E-02  6.38976E+03  1.00000E-35  6.39061E+03
   1.03832E+03  8.48786E-01  2.67136E-02  6.46627E+03  1.00000E-35  6.46715E+03
   1.03904E+03  8.72750E-01  2.67232E-02  6.53632E+03  1.00000E-35  6.53722E+03
   1.03976E+03  8.97373E-01  2.67329E-02  6.60022E+03  1.00000E-35  6.60114E+03
   1.04120E+03  9.48667E-01  2.67522E-02  6.71084E+03  1.00000E-35  6.71182E+03
   1.04265E+03  1.00320E+00  2.67716E-02  6.80062E+03  1.00000E-35  6.80165E+03
   1.04410E+03  1.06079E+00  2.67910E-02  6.87191E+03  1.00000E-35  6.87300E+03
   1.04555E+03  1.12160E+00  2.68104E-02  6.92695E+03  1.00000E-35  6.92810E+03
   1.04700E+03  1.18580E+00  2.68296E-02  6.96788E+03  1.00000E-35  6.96909E+03
   1.04700E+03  1.18580E+00  2.68296E-02  7.80509E+03  1.00000E-35  7.80630E+03
   1.04781E+03  1.21812E+00  2.68400E-02  7.97147E+03  1.00000E-35  7.97271E+03
   1.04862E+03  1.25030E+00  2.68505E-02  8.12544E+03  1.00000E-35  8.12672E+03
   1.04943E+03  1.28330E+00  2.68609E-02  8.26749E+03  1.00000E-35  8.26880E+03
   1.05024E+03  1.31714E+00  2.68713E-02  8.39852E+03  1.00000E-35  8.39986E+03
   1.05105E+03  1.35185E+00  2.68817E-02  8.51927E+03  1.00000E-35  8.52065E+03
   1.05186E+03  1.38745E+00  2.68921E-02  8.63043E+03  1.00000E-35  8.63185E+03
   1.05267E+03  1.42396E+00  2.69025E-02  8.73257E+03  1.00000E-35  8.73403E+03
   1.05348E+03  1.46140E+00  2.69129E-02  8.82622E+03  1.00000E-35  8.82771E+03
   1.05511E+03  1.53965E+00  2.69338E-02  8.98989E+03  1.00000E-35  8.99146E+03
   1.05674E+03  1.62197E+00  2.69547E-02  9.12491E+03  1.00000E-35  9.12656E+03
   1.05837E+03  1.68660E+00  2.69756E-02  9.23435E+03  1.00000E-35  9.23606E+03
   1.06001E+03  1.75296E+00  2.69966E-02  9.32083E+03  1.00000E-35  9.32261E+03
   1.06164E+03  1.82138E+00  2.70175E-02  9.38732E+03  1.00000E-35  9.38917E+03
   1.06328E+03  1.89281E+00  2.70384E-02  9.43613E+03  1.00000E-35  9.43805E+03
   1.06492E+03  1.96692E+00  2.70594E-02  9.46956E+03  1.00000E-35  9.47156E+03
   1.06657E+03  2.04429E+00  2.70804E-02  9.48991E+03  1.00000E-35  9.49199E+03
   1.06987E+03  2.15510E+00  2.71225E-02  9.49912E+03  1.00000E-35  9.50131E+03
   1.07317E+03  2.27104E+00  2.71645E-02  9.47748E+03  1.00000E-35  9.47978E+03
   1.07649E+03  2.39332E+00  2.72067E-02  9.43549E+03  1.00000E-35  9.43791E+03
   1.07982E+03  2.47513E+00  2.72490E-02  9.38106E+03  1.00000E-35  9.38356E+03
   1.08650E+03  2.64633E+00  2.73336E-02  9.25553E+03  1.00000E-35  9.25820E+03
   1.10000E+03  2.87229E+00  2.75037E-02  8.99693E+03  1.00000E-35  8.99983E+03
   1.12372E+03  3.12210E+00  2.78001E-02  8.56527E+03  1.00000E-35  8.56842E+03
   1.13577E+03  3.20130E+00  2.79495E-02  8.34155E+03  1.00000E-35  8.34478E+03
   1.14795E+03  3.25127E+00  2.80966E-02  8.11239E+03  1.00000E-35  8.11567E+03
   1.17271E+03  3.38322E+00  2.83910E-02  7.66326E+03  1.00000E-35  7.66667E+03
   1.19800E+03  3.78034E+00  2.86885E-02  7.25494E+03  1.00000E-35  7.25875E+03
   1.19800E+03  3.78034E+00  2.86885E-02  8.39318E+03  1.00000E-35  8.39699E+03
   1.19880E+03  3.79287E+00  2.86978E-02  8.36630E+03  1.00000E-35  8.37012E+03
   1.19959E+03  3.80529E+00  2.87070E-02  8.34000E+03  1.00000E-35  8.34383E+03
   1.20119E+03  3.83053E+00  2.87257E-02  8.29094E+03  1.00000E-35  8.29480E+03
   1.20438E+03  3.87070E+00  2.87630E-02  8.20399E+03  1.00000E-35  8.20789E+03
   1.21079E+03  3.94149E+00  2.88377E-02  8.05883E+03  1.00000E-35  8.06280E+03
   1.21724E+03  4.00397E+00  2.89126E-02  7.93784E+03  1.00000E-35  7.94188E+03
   1.22372E+03  4.06075E+00  2.89877E-02  7.83136E+03  1.00000E-35  7.83545E+03
   1.25000E+03  4.23525E+00  2.92878E-02  7.46331E+03  1.00000E-35  7.46758E+03
   1.26783E+03  4.32693E+00  2.94873E-02  7.22814E+03  1.00000E-35  7.23250E+03
   1.28592E+03  4.40457E+00  2.96883E-02  6.99231E+03  1.00000E-35  6.99675E+03
   1.32288E+03  4.53390E+00  3.00943E-02  6.53506E+03  1.00000E-35  6.53962E+03
   1.40000E+03  4.72379E+00  3.09168E-02  5.71058E+03  1.00000E-35  5.71534E+03
   1.50000E+03  4.87217E+00  3.19435E-02  4.83503E+03  1.00000E-35  4.83993E+03
   1.62019E+03  4.94259E+00  3.31273E-02  4.00955E+03  1.00000E-35  4.01452E+03
   1.75000E+03  4.95876E+00  3.43543E-02  3.31442E+03  1.00000E-35  3.31942E+03
   1.87083E+03  4.92739E+00  3.54553E-02  2.80544E+03  1.00000E-35  2.81040E+03
   2.00000E+03  4.87638E+00  3.65962E-02  2.37036E+03  1.00000E-35  2.37527E+03
   2.20000E+03  4.76187E+00  3.82988E-02  1.85878E+03  1.00000E-35  1.86358E+03
   2.34521E+03  4.66842E+00  3.94945E-02  1.57654E+03  1.00000E-35  1.58125E+03
   2.50000E+03  4.55635E+00  4.07346E-02  1.33581E+03  1.00000E-35  1.34041E+03
   2.73861E+03  4.39453E+00  4.25868E-02  1.05264E+03  1.00000E-35  1.05707E+03
   3.00000E+03  4.20844E+00  4.45434E-02  8.27816E+02  1.00000E-35  8.32069E+02
   3.24037E+03  4.03948E+00  4.62854E-02  6.74642E+02  1.00000E-35  6.78728E+02
   3.50000E+03  3.86376E+00  4.81149E-02  5.49187E+02  1.00000E-35  5.53099E+02
   4.00000E+03  3.54176E+00  5.15169E-02  3.83479E+02  1.00000E-35  3.87073E+02
   4.50000E+03  3.24302E+00  5.48075E-02  2.78625E+02  1.00000E-35  2.81922E+02
   5.00000E+03  2.96813E+00  5.80114E-02  2.08961E+02  1.00000E-35  2.11987E+02
   5.50000E+03  2.71571E+00  6.11320E-02  1.60837E+02  1.00000E-35  1.63614E+02
   6.00000E+03  2.48375E+00  6.41531E-02  1.26507E+02  1.00000E-35  1.29055E+02
   7.00000E+03  2.07805E+00  6.98575E-02  8.24670E+01  1.00000E-35  8.46149E+01
   8.00000E+03  1.72445E+00  7.51241E-02  5.67842E+01  1.00000E-35  5.85838E+01
   9.00000E+03  1.37235E+00  7.99584E-02  4.07887E+01  1.00000E-35  4.22410E+01
   9.66300E+03  1.01744E+00  8.29482E-02  3.33786E+01  1.00000E-35  3.44790E+01
   9.66300E+03  1.01744E+00  8.29482E-02  2.82882E+02  1.00000E-35  2.83983E+02
   9.66818E+03  1.02070E+00  8.29708E-02  2.66336E+02  1.00000E-35  2.67440E+02
   9.67336E+03  1.02397E+00  8.29933E-02  2.56610E+02  1.00000E-35  2.57717E+02
   9.67854E+03  1.02725E+00  8.30159E-02  2.50930E+02  1.00000E-35  2.52040E+02
   9.68373E+03  1.03054E+00  8.30385E-02  2.47820E+02  1.00000E-35  2.48933E+02
   9.68891E+03  1.03384E+00  8.30610E-02  2.46373E+02  1.00000E-35  2.47490E+02
   9.69411E+03  1.03716E+00  8.30836E-02  2.45992E+02  1.00000E-35  2.47113E+02
   9.69930E+03  1.04048E+00  8.31062E-02  2.46252E+02  1.00000E-35  2.47376E+02
   9.70450E+03  1.04381E+00  8.31288E-02  2.46856E+02  1.00000E-35  2.47983E+02
   9.71490E+03  1.05051E+00  8.31740E-02  2.48338E+02  1.00000E-35  2.49472E+02
   9.72531E+03  1.05725E+00  8.32192E-02  2.49442E+02  1.00000E-35  2.50583E+02
   9.73573E+03  1.06554E+00  8.32644E-02  2.49863E+02  1.00000E-35  2.51012E+02
   9.74617E+03  1.07431E+00  8.33097E-02  2.49651E+02  1.00000E-35  2.50809E+02
   9.78802E+03  1.11009E+00  8.34911E-02  2.46761E+02  1.00000E-35  2.47955E+02
   9.80902E+03  1.12844E+00  8.35819E-02  2.45450E+02  1.00000E-35  2.46662E+02
   9.83006E+03  1.14393E+00  8.36728E-02  2.44475E+02  1.00000E-35  2.45702E+02
   9.87227E+03  1.17123E+00  8.38550E-02  2.42377E+02  1.00000E-35  2.43632E+02
   9.91466E+03  1.19737E+00  8.40375E-02  2.39577E+02  1.00000E-35  2.40858E+02
   9.95724E+03  1.21365E+00  8.42204E-02  2.36740E+02  1.00000E-35  2.38037E+02
   1.00000E+04  1.23015E+00  8.44037E-02  2.34261E+02  1.00000E-35  2.35576E+02
   1.01199E+04  1.25727E+00  8.49157E-02  2.27647E+02  1.00000E-35  2.28989E+02
   1.02411E+04  1.27429E+00  8.54303E-02  2.20705E+02  1.00000E-35  2.22064E+02
   1.04881E+04  1.28808E+00  8.64345E-02  2.07578E+02  1.00000E-35  2.08953E+02
   1.10000E+04  1.27940E+00  8.84781E-02  1.83548E+02  1.00000E-35  1.84916E+02
   1.25000E+04  1.17042E+00  9.39405E-02  1.31150E+02  1.00000E-35  1.32414E+02
   1.40000E+04  1.04511E+00  9.87397E-02  9.69796E+01  1.00000E-35  9.81234E+01
   1.50000E+04  9.67481E-01  1.01603E-01  8.05598E+01  1.00000E-35  8.16289E+01
   1.75000E+04  8.04281E-01  1.07767E-01  5.29547E+01  1.00000E-35  5.38667E+01
   1.87083E+04  7.39172E-01  1.10308E-01  4.40616E+01  1.00000E-35  4.49111E+01
   2.00000E+04  6.77144E-01  1.12735E-01  3.66213E+01  1.00000E-35  3.74112E+01
   2.20000E+04  5.95224E-01  1.15992E-01  2.80650E+01  1.00000E-35  2.87762E+01
   2.50000E+04  4.96079E-01  1.19916E-01  1.95714E+01  1.00000E-35  2.01874E+01
   3.00000E+04  3.74535E-01  1.24638E-01  1.16284E+01  1.00000E-35  1.21276E+01
   3.24037E+04  3.31439E-01  1.26272E-01  9.31116E+00  1.00000E-35  9.76887E+00
   3.50000E+04  2.92939E-01  1.27697E-01  7.44726E+00  1.00000E-35  7.86789E+00
   4.00000E+04  2.35281E-01  1.29700E-01  5.04359E+00  1.00000E-35  5.40857E+00
   4.50000E+04  1.92536E-01  1.30939E-01  3.56696E+00  1.00000E-35  3.89044E+00
   5.00000E+04  1.60847E-01  1.31683E-01  2.61137E+00  1.00000E-35  2.90390E+00
   5.50000E+04  1.36698E-01  1.32035E-01  1.96657E+00  1.00000E-35  2.23530E+00
   6.00000E+04  1.17731E-01  1.32073E-01  1.51629E+00  1.00000E-35  1.76610E+00
   7.00000E+04  8.99165E-02  1.31476E-01  9.54259E-01  1.00000E-35  1.17565E+00
   8.00000E+04  7.11456E-02  1.30331E-01  6.37563E-01  1.00000E-35  8.39040E-01
   9.00000E+04  5.76483E-02  1.28860E-01  4.46118E-01  1.00000E-35  6.32627E-01
   1.00000E+05  4.77380E-02  1.27209E-01  3.23876E-01  1.00000E-35  4.98823E-01
   1.10000E+05  4.01125E-02  1.25422E-01  2.42314E-01  1.00000E-35  4.07848E-01
   1.25000E+05  3.16673E-02  1.22642E-01  1.64152E-01  1.00000E-35  3.18461E-01
   1.40000E+05  2.56254E-02  1.19878E-01  1.16240E-01  1.00000E-35  2.61744E-01
   1.50000E+05  2.24930E-02  1.18038E-01  9.42351E-02  1.00000E-35  2.34767E-01
   1.62019E+05  1.94310E-02  1.15891E-01  7.44982E-02  1.00000E-35  2.09820E-01
   1.75000E+05  1.67858E-02  1.13650E-01  5.90394E-02  1.00000E-35  1.89475E-01
   2.00000E+05  1.30094E-02  1.09590E-01  3.94698E-02  1.00000E-35  1.62069E-01
   2.20000E+05  1.08291E-02  1.06568E-01  2.96686E-02  1.00000E-35  1.47066E-01
   2.34521E+05  9.57557E-03  1.04513E-01  2.45218E-02  1.00000E-35  1.38610E-01
   2.50000E+05  8.46717E-03  1.02418E-01  2.03002E-02  1.00000E-35  1.31185E-01
   2.73861E+05  7.09531E-03  9.94076E-02  1.55106E-02  1.00000E-35  1.22014E-01
   2.86633E+05  6.49289E-03  9.78828E-02  1.35865E-02  1.00000E-35  1.17962E-01
   3.00000E+05  5.94138E-03  9.63717E-02  1.19209E-02  1.00000E-35  1.14234E-01
   3.24037E+05  5.11328E-03  9.37884E-02  9.55595E-03  1.00000E-35  1.08458E-01
   3.50000E+05  4.39935E-03  9.12046E-02  7.68102E-03  1.00000E-35  1.03285E-01
   3.74166E+05  3.85982E-03  8.89692E-02  6.37031E-03  1.00000E-35  9.91994E-02
   4.00000E+05  3.38454E-03  8.67450E-02  5.30011E-03  1.00000E-35  9.54296E-02
   4.24264E+05  3.01413E-03  8.47974E-02  4.51454E-03  1.00000E-35  9.23260E-02
   4.50000E+05  2.68426E-03  8.28509E-02  3.85443E-03  1.00000E-35  8.93896E-02
   4.74342E+05  2.41989E-03  8.11210E-02  3.35214E-03  1.00000E-35  8.68930E-02
   5.00000E+05  2.18156E-03  7.94112E-02  2.92152E-03  1.00000E-35  8.45142E-02
   5.24404E+05  1.98626E-03  7.78616E-02  2.58388E-03  1.00000E-35  8.24317E-02
   5.50000E+05  1.80700E-03  7.63333E-02  2.28941E-03  1.00000E-35  8.04297E-02
   5.74456E+05  1.65751E-03  7.49430E-02  2.05301E-03  1.00000E-35  7.86535E-02
   6.00000E+05  1.52034E-03  7.35671E-02  1.84367E-03  1.00000E-35  7.69311E-02
   6.23574E+05  1.40835E-03  7.23522E-02  1.67770E-03  1.00000E-35  7.54383E-02
   6.48074E+05  1.30461E-03  7.11519E-02  1.52860E-03  1.00000E-35  7.39851E-02
   6.73537E+05  1.20851E-03  6.99508E-02  1.39506E-03  1.00000E-35  7.25544E-02
   7.00000E+05  1.11949E-03  6.87696E-02  1.27510E-03  1.00000E-35  7.11642E-02
   7.48331E+05  9.80501E-04  6.67295E-02  1.09349E-03  1.00000E-35  6.88035E-02
   8.00000E+05  8.58771E-04  6.47205E-02  9.41265E-04  1.00000E-35  6.65205E-02
   8.48528E+05  7.64005E-04  6.29762E-02  8.27105E-04  1.00000E-35  6.45674E-02
   9.00000E+05  6.79696E-04  6.12597E-02  7.29073E-04  1.00000E-35  6.26685E-02
   9.48683E+05  6.11942E-04  5.97347E-02  6.52731E-04  1.00000E-35  6.09994E-02
   1.00000E+06  5.50864E-04  5.82350E-02  5.85740E-04  1.00000E-35  5.93716E-02
   1.04881E+06  5.00867E-04  5.68928E-02  5.32059E-04  8.54446E-13  5.79257E-02
   1.10000E+06  4.55410E-04  5.55649E-02  4.84170E-04  3.54613E-06  5.65081E-02
   1.17260E+06  4.00848E-04  5.38151E-02  4.27713E-04  2.94374E-05  5.46731E-02
   1.25000E+06  3.52822E-04  5.20924E-02  3.79097E-04  8.14596E-05  5.29058E-02
   1.32288E+06  3.15081E-04  5.05882E-02  3.41402E-04  1.53139E-04  5.13978E-02
   1.40000E+06  2.81378E-04  4.91136E-02  3.08160E-04  2.56889E-04  4.99600E-02
   1.50000E+06  2.45169E-04  4.73526E-02  2.72783E-04  4.21670E-04  4.82922E-02
   1.62019E+06  2.10198E-04  4.54272E-02  2.38813E-04  6.53219E-04  4.65294E-02
   1.75000E+06  1.80219E-04  4.35484E-02  2.09929E-04  9.40427E-04  4.48790E-02
   1.87083E+06  1.57728E-04  4.19581E-02  1.88183E-04  1.23362E-03  4.35377E-02
   2.00000E+06  1.38044E-04  4.04060E-02  1.69118E-04  1.56982E-03  4.22829E-02
   2.09762E+06  1.25515E-04  3.93249E-02  1.56962E-04  1.84151E-03  4.14489E-02
   2.20000E+06  1.14123E-04  3.82547E-02  1.45865E-04  2.11359E-03  4.06283E-02
   2.34521E+06  1.00450E-04  3.68550E-02  1.32398E-04  2.51847E-03  3.96064E-02
   2.50000E+06  8.84157E-05  3.54915E-02  1.20384E-04  2.95671E-03  3.86570E-02
   2.73861E+06  7.37027E-05  3.36020E-02  1.05370E-04  3.62101E-03  3.74021E-02
   3.00000E+06  6.14257E-05  3.17841E-02  9.25765E-05  4.33938E-03  3.62775E-02
   3.24037E+06  5.26524E-05  3.03042E-02  8.31378E-05  4.98950E-03  3.54295E-02
   3.50000E+06  4.51319E-05  2.88746E-02  7.48031E-05  5.67446E-03  3.46690E-02
   3.74166E+06  3.94914E-05  2.76737E-02  6.83542E-05  6.28982E-03  3.40714E-02
   4.00000E+06  3.45559E-05  2.65096E-02  6.25468E-05  6.92665E-03  3.35334E-02
   4.50000E+06  2.73046E-05  2.45500E-02  5.36234E-05  8.11638E-03  3.27473E-02
   5.00000E+06  2.21177E-05  2.28903E-02  4.68568E-05  9.22158E-03  3.21809E-02
   5.50000E+06  1.82797E-05  2.14664E-02  4.15612E-05  1.02513E-02  3.17776E-02
   6.00000E+06  1.53606E-05  2.02289E-02  3.73108E-05  1.12600E-02  3.15416E-02
   6.48074E+06  1.31666E-05  1.91814E-02  3.39472E-05  1.21779E-02  3.14065E-02
   7.00000E+06  1.12860E-05  1.81785E-02  3.09260E-05  1.30959E-02  3.13166E-02
   8.00000E+06  8.64127E-06  1.65435E-02  2.63705E-05  1.47445E-02  3.13230E-02
   9.00000E+06  6.82783E-06  1.52046E-02  2.29642E-05  1.62341E-02  3.14684E-02
   1.00000E+07  5.53057E-06  1.40858E-02  2.03247E-05  1.75815E-02  3.16932E-02
   1.10000E+07  4.57075E-06  1.31355E-02  1.82215E-05  1.88135E-02  3.19718E-02
   1.25000E+07  3.53959E-06  1.19489E-02  1.57648E-05  2.04752E-02  3.24434E-02
   1.40000E+07  2.82176E-06  1.09757E-02  1.38856E-05  2.19595E-02  3.29520E-02
   1.50000E+07  2.45807E-06  1.04185E-02  1.28612E-05  2.28680E-02  3.33019E-02
   1.75000E+07  1.80594E-06  9.26354E-03  1.08541E-05  2.49048E-02  3.41810E-02
   2.00000E+07  1.38269E-06  8.35712E-03  9.38548E-06  2.66848E-02  3.50527E-02
   2.20000E+07  1.14272E-06  7.76034E-03  8.46730E-06  2.79480E-02  3.57180E-02
   2.50000E+07  8.84928E-07  7.02067E-03  7.38243E-06  2.96235E-02  3.66524E-02
   3.00000E+07  6.14532E-07  6.07742E-03  6.08165E-06  3.19909E-02  3.80750E-02
   3.50000E+07  4.51493E-07  5.37294E-03  5.16955E-06  3.39583E-02  3.93368E-02
   4.00000E+07  3.45674E-07  4.82502E-03  4.49483E-06  3.56327E-02  4.04625E-02
   4.50000E+07  2.73126E-07  4.38545E-03  3.97563E-06  3.70848E-02  4.14745E-02
   5.00000E+07  2.21232E-07  4.02445E-03  3.56377E-06  3.83522E-02  4.23805E-02
   5.50000E+07  1.82836E-07  3.72224E-03  3.22915E-06  3.94623E-02  4.31880E-02
   6.00000E+07  1.53633E-07  3.46519E-03  2.95190E-06  4.04811E-02  4.39494E-02
   7.00000E+07  1.12874E-07  3.05062E-03  2.51920E-06  4.22120E-02  4.52653E-02
   8.00000E+07  8.64191E-08  2.73015E-03  2.19705E-06  4.36521E-02  4.63845E-02
   9.00000E+07  6.82816E-08  2.47431E-03  1.94792E-06  4.48626E-02  4.73389E-02
   1.00000E+08  5.53081E-08  2.26510E-03  1.74951E-06  4.59049E-02  4.81718E-02
   1.10000E+08  4.57093E-08  2.09055E-03  1.58777E-06  4.68129E-02  4.89051E-02
   1.25000E+08  3.53972E-08  1.87660E-03  1.39438E-06  4.79715E-02  4.98496E-02
   1.40000E+08  2.82185E-08  1.70473E-03  1.24298E-06  4.89473E-02  5.06533E-02
   1.50000E+08  2.45814E-08  1.60763E-03  1.15907E-06  4.95141E-02  5.11229E-02
   1.75000E+08  1.80598E-08  1.40964E-03  9.91705E-07  5.07120E-02  5.21227E-02
   2.00000E+08  1.38271E-08  1.25740E-03  8.66567E-07  5.16760E-02  5.29342E-02
   2.20000E+08  1.14274E-08  1.15861E-03  7.87108E-07  5.23213E-02  5.34807E-02
   2.50000E+08  8.84936E-09  1.03785E-03  6.91937E-07  5.31339E-02  5.41725E-02
   3.00000E+08  6.14536E-09  8.86586E-04  5.75881E-07  5.41975E-02  5.50846E-02
   3.50000E+08  4.51496E-09  7.75633E-04  4.93163E-07  5.50065E-02  5.57826E-02
   4.00000E+08  3.45676E-09  6.90572E-04  4.31223E-07  5.56473E-02  5.63383E-02
   4.50000E+08  2.73127E-09  6.23148E-04  3.83105E-07  5.61667E-02  5.67903E-02
   5.00000E+08  2.21233E-09  5.68327E-04  3.44647E-07  5.66018E-02  5.71705E-02
   5.50000E+08  1.82837E-09  5.22820E-04  3.13206E-07  5.69660E-02  5.74891E-02
   6.00000E+08  1.53633E-09  4.84400E-04  2.87022E-07  5.72968E-02  5.77815E-02
   7.00000E+08  1.12874E-09  4.23009E-04  2.45906E-07  5.78074E-02  5.82307E-02
   8.00000E+08  8.64192E-10  3.76049E-04  2.15093E-07  5.82057E-02  5.85820E-02
   9.00000E+08  6.82817E-10  3.38903E-04  1.91143E-07  5.85321E-02  5.88711E-02
   9.48683E+08  6.14536E-10  3.23477E-04  1.81467E-07  5.86699E-02  5.89935E-02
   1.00000E+09  5.53082E-10  3.08746E-04  1.71992E-07  5.88050E-02  5.91139E-02
