 # Material data file: Sn                  
 # 
 # PENELOPE >>>  Photon mass attenuation coefficients (mac).
 # 
 #   Energy       mac_Ra       mac_Co       mac_ph       mac_pp       mac_tot
 #    (eV)       (cm**2/g)    (cm**2/g)    (cm**2/g)    (cm**2/g)    (cm**2/g)
 #------------------------------------------------------------------------------
   5.00000E+01  2.67098E+00  3.44190E-03  2.20956E+05  1.00000E-35  2.20959E+05
   5.05993E+01  2.86287E+00  3.44286E-03  2.21876E+05  1.00000E-35  2.21879E+05
   5.12057E+01  3.05190E+00  3.44383E-03  2.22016E+05  1.00000E-35  2.22019E+05
   5.18194E+01  3.23541E+00  3.44479E-03  2.21402E+05  1.00000E-35  2.21405E+05
   5.24404E+01  3.41544E+00  3.44575E-03  2.20066E+05  1.00000E-35  2.20070E+05
   5.30689E+01  3.58865E+00  3.44672E-03  2.18048E+05  1.00000E-35  2.18051E+05
   5.37050E+01  3.75299E+00  3.44768E-03  2.15390E+05  1.00000E-35  2.15394E+05
   5.43486E+01  3.91053E+00  3.44865E-03  2.12140E+05  1.00000E-35  2.12143E+05
   5.50000E+01  4.05640E+00  3.44968E-03  2.08344E+05  1.00000E-35  2.08349E+05
   5.56015E+01  4.17762E+00  3.45064E-03  2.04447E+05  1.00000E-35  2.04451E+05
   5.62095E+01  4.29163E+00  3.45159E-03  2.00174E+05  1.00000E-35  2.00178E+05
   5.68242E+01  4.39397E+00  3.45255E-03  1.95564E+05  1.00000E-35  1.95569E+05
   5.74456E+01  4.48950E+00  3.45350E-03  1.90654E+05  1.00000E-35  1.90659E+05
   5.80738E+01  4.57338E+00  3.45446E-03  1.85481E+05  1.00000E-35  1.85486E+05
   5.87089E+01  4.65120E+00  3.45541E-03  1.80080E+05  1.00000E-35  1.80084E+05
   5.93510E+01  4.71503E+00  3.45639E-03  1.74485E+05  1.00000E-35  1.74490E+05
   6.00000E+01  4.76860E+00  3.45743E-03  1.68732E+05  1.00000E-35  1.68736E+05
   6.05809E+01  4.80919E+00  3.45835E-03  1.63529E+05  1.00000E-35  1.63534E+05
   6.11673E+01  4.84151E+00  3.45927E-03  1.58248E+05  1.00000E-35  1.58253E+05
   6.17595E+01  4.86593E+00  3.46020E-03  1.52912E+05  1.00000E-35  1.52917E+05
   6.23574E+01  4.88194E+00  3.46112E-03  1.47541E+05  1.00000E-35  1.47546E+05
   6.29611E+01  4.88989E+00  3.46204E-03  1.42154E+05  1.00000E-35  1.42159E+05
   6.35706E+01  4.89207E+00  3.46296E-03  1.36771E+05  1.00000E-35  1.36776E+05
   6.41860E+01  4.88857E+00  3.46389E-03  1.31410E+05  1.00000E-35  1.31414E+05
   6.48074E+01  4.87830E+00  3.46486E-03  1.26086E+05  1.00000E-35  1.26091E+05
   6.54348E+01  4.86035E+00  3.46586E-03  1.20817E+05  1.00000E-35  1.20822E+05
   6.60683E+01  4.83750E+00  3.46686E-03  1.15617E+05  1.00000E-35  1.15622E+05
   6.67079E+01  4.80862E+00  3.46786E-03  1.10500E+05  1.00000E-35  1.10505E+05
   6.73537E+01  4.77105E+00  3.46886E-03  1.05478E+05  1.00000E-35  1.05483E+05
   6.86641E+01  4.68142E+00  3.47087E-03  9.57628E+04  1.00000E-35  9.57674E+04
   7.00000E+01  4.57172E+00  3.47288E-03  8.65456E+04  1.00000E-35  8.65502E+04
   7.11782E+01  4.46244E+00  3.47475E-03  7.90057E+04  1.00000E-35  7.90101E+04
   7.23762E+01  4.34918E+00  3.47664E-03  7.19050E+04  1.00000E-35  7.19094E+04
   7.35944E+01  4.22911E+00  3.47853E-03  6.52574E+04  1.00000E-35  6.52616E+04
   7.48331E+01  4.10191E+00  3.48042E-03  5.90668E+04  1.00000E-35  5.90709E+04
   7.60927E+01  3.96918E+00  3.48231E-03  5.33303E+04  1.00000E-35  5.33342E+04
   7.73735E+01  3.83527E+00  3.48434E-03  4.80392E+04  1.00000E-35  4.80430E+04
   7.86758E+01  3.69931E+00  3.48639E-03  4.31789E+04  1.00000E-35  4.31826E+04
   8.00000E+01  3.56438E+00  3.48845E-03  3.87308E+04  1.00000E-35  3.87344E+04
   8.11865E+01  3.44432E+00  3.49026E-03  3.51326E+04  1.00000E-35  3.51361E+04
   8.23907E+01  3.32816E+00  3.49207E-03  3.18227E+04  1.00000E-35  3.18261E+04
   8.36127E+01  3.21042E+00  3.49396E-03  2.87851E+04  1.00000E-35  2.87883E+04
   8.48528E+01  3.09583E+00  3.49593E-03  2.60028E+04  1.00000E-35  2.60059E+04
   8.61113E+01  2.98533E+00  3.49790E-03  2.34584E+04  1.00000E-35  2.34614E+04
   8.73885E+01  2.87552E+00  3.49988E-03  2.11352E+04  1.00000E-35  2.11381E+04
   9.00000E+01  2.66493E+00  3.50382E-03  1.70965E+04  1.00000E-35  1.70992E+04
   9.14877E+01  2.55575E+00  3.50617E-03  1.51626E+04  1.00000E-35  1.51652E+04
   9.30000E+01  2.45328E+00  3.50855E-03  1.34280E+04  1.00000E-35  1.34305E+04
   9.30000E+01  2.45328E+00  3.50855E-03  1.64410E+04  1.00000E-35  1.64434E+04
   9.30527E+01  2.44883E+00  3.50864E-03  1.63856E+04  1.00000E-35  1.63881E+04
   9.31055E+01  2.44438E+00  3.50872E-03  1.63305E+04  1.00000E-35  1.63329E+04
   9.32111E+01  2.43550E+00  3.50888E-03  1.62208E+04  1.00000E-35  1.62232E+04
   9.34228E+01  2.41784E+00  3.50921E-03  1.60034E+04  1.00000E-35  1.60059E+04
   9.38475E+01  2.38175E+00  3.50988E-03  1.55756E+04  1.00000E-35  1.55780E+04
   9.47027E+01  2.30345E+00  3.51120E-03  1.47465E+04  1.00000E-35  1.47488E+04
   9.64365E+01  2.19035E+00  3.51384E-03  1.31959E+04  1.00000E-35  1.31981E+04
   1.00000E+02  2.07648E+00  3.51935E-03  1.05318E+04  1.00000E-35  1.05339E+04
   1.02000E+02  1.99229E+00  3.52248E-03  9.32410E+03  1.00000E-35  9.32609E+03
   1.02000E+02  1.99229E+00  3.52248E-03  1.06432E+04  1.00000E-35  1.06452E+04
   1.02060E+02  1.98951E+00  3.52258E-03  1.06120E+04  1.00000E-35  1.06140E+04
   1.02120E+02  1.98673E+00  3.52267E-03  1.05809E+04  1.00000E-35  1.05829E+04
   1.02241E+02  1.98115E+00  3.52286E-03  1.05190E+04  1.00000E-35  1.05210E+04
   1.02482E+02  1.97010E+00  3.52323E-03  1.03964E+04  1.00000E-35  1.03983E+04
   1.02967E+02  1.94907E+00  3.52398E-03  1.01546E+04  1.00000E-35  1.01565E+04
   1.03944E+02  1.91300E+00  3.52547E-03  9.68631E+03  1.00000E-35  9.68822E+03
   1.05925E+02  1.86218E+00  3.52847E-03  8.81071E+03  1.00000E-35  8.81258E+03
   1.07943E+02  1.81317E+00  3.53159E-03  8.01948E+03  1.00000E-35  8.02129E+03
   1.10000E+02  1.75930E+00  3.53483E-03  7.31935E+03  1.00000E-35  7.32112E+03
   1.11772E+02  1.71387E+00  3.53759E-03  6.79907E+03  1.00000E-35  6.80079E+03
   1.13572E+02  1.66966E+00  3.54034E-03  6.34215E+03  1.00000E-35  6.34382E+03
   1.14483E+02  1.64766E+00  3.54172E-03  6.13598E+03  1.00000E-35  6.13763E+03
   1.15402E+02  1.62586E+00  3.54310E-03  5.94402E+03  1.00000E-35  5.94565E+03
   1.16327E+02  1.60439E+00  3.54447E-03  5.76580E+03  1.00000E-35  5.76741E+03
   1.17260E+02  1.58317E+00  3.54596E-03  5.60068E+03  1.00000E-35  5.60226E+03
   1.18201E+02  1.56223E+00  3.54746E-03  5.44803E+03  1.00000E-35  5.44960E+03
   1.19149E+02  1.54158E+00  3.54895E-03  5.30736E+03  1.00000E-35  5.30890E+03
   1.20105E+02  1.52119E+00  3.55045E-03  5.17805E+03  1.00000E-35  5.17957E+03
   1.21068E+02  1.50109E+00  3.55194E-03  5.05960E+03  1.00000E-35  5.06111E+03
   1.22040E+02  1.48124E+00  3.55344E-03  4.95148E+03  1.00000E-35  4.95297E+03
   1.23018E+02  1.46167E+00  3.55494E-03  4.85321E+03  1.00000E-35  4.85468E+03
   1.24005E+02  1.44234E+00  3.55644E-03  4.76432E+03  1.00000E-35  4.76577E+03
   1.25000E+02  1.42347E+00  3.55793E-03  4.68430E+03  1.00000E-35  4.68573E+03
   1.25889E+02  1.40750E+00  3.55926E-03  4.62040E+03  1.00000E-35  4.62181E+03
   1.26783E+02  1.39190E+00  3.56061E-03  4.56283E+03  1.00000E-35  4.56423E+03
   1.28592E+02  1.36123E+00  3.56349E-03  4.46552E+03  1.00000E-35  4.46688E+03
   1.30427E+02  1.33122E+00  3.56637E-03  4.39012E+03  1.00000E-35  4.39146E+03
   1.32288E+02  1.30189E+00  3.56926E-03  4.33467E+03  1.00000E-35  4.33598E+03
   1.34175E+02  1.27624E+00  3.57214E-03  4.29715E+03  1.00000E-35  4.29843E+03
   1.36089E+02  1.25440E+00  3.57503E-03  4.27573E+03  1.00000E-35  4.27699E+03
   1.38031E+02  1.22551E+00  3.57795E-03  4.26860E+03  1.00000E-35  4.26983E+03
   1.40000E+02  1.18940E+00  3.58108E-03  4.27438E+03  1.00000E-35  4.27557E+03
   1.41000E+02  1.17238E+00  3.58266E-03  4.28171E+03  1.00000E-35  4.28288E+03
   1.41000E+02  1.17238E+00  3.58266E-03  5.15233E+03  1.00000E-35  5.15350E+03
   1.41136E+02  1.17024E+00  3.58287E-03  5.15177E+03  1.00000E-35  5.15294E+03
   1.41273E+02  1.16810E+00  3.58308E-03  5.15121E+03  1.00000E-35  5.15238E+03
   1.41546E+02  1.16384E+00  3.58351E-03  5.15035E+03  1.00000E-35  5.15152E+03
   1.42095E+02  1.15618E+00  3.58437E-03  5.14944E+03  1.00000E-35  5.15060E+03
   1.43198E+02  1.14414E+00  3.58608E-03  5.15177E+03  1.00000E-35  5.15292E+03
   1.45430E+02  1.13292E+00  3.58950E-03  5.17297E+03  1.00000E-35  5.17411E+03
   1.47698E+02  1.12230E+00  3.59293E-03  5.21082E+03  1.00000E-35  5.21194E+03
   1.50000E+02  1.11068E+00  3.59637E-03  5.26155E+03  1.00000E-35  5.26266E+03
   1.52918E+02  1.09571E+00  3.60099E-03  5.33810E+03  1.00000E-35  5.33920E+03
   1.55893E+02  1.08037E+00  3.60563E-03  5.42490E+03  1.00000E-35  5.42598E+03
   1.62019E+02  1.05290E+00  3.61491E-03  5.61316E+03  1.00000E-35  5.61421E+03
   1.68384E+02  1.02947E+00  3.62482E-03  5.80314E+03  1.00000E-35  5.80417E+03
   1.75000E+02  1.01146E+00  3.63491E-03  5.98120E+03  1.00000E-35  5.98222E+03
   1.80941E+02  9.99008E-01  3.64406E-03  6.11939E+03  1.00000E-35  6.12039E+03
   1.87083E+02  9.89341E-01  3.65354E-03  6.23987E+03  1.00000E-35  6.24087E+03
   1.93434E+02  9.82253E-01  3.66307E-03  6.34118E+03  1.00000E-35  6.34217E+03
   2.00000E+02  9.77516E-01  3.67335E-03  6.42255E+03  1.00000E-35  6.42353E+03
   2.04823E+02  9.75403E-01  3.68070E-03  6.46816E+03  1.00000E-35  6.46914E+03
   2.09762E+02  9.73717E-01  3.68806E-03  6.50316E+03  1.00000E-35  6.50414E+03
   2.14820E+02  9.73045E-01  3.69600E-03  6.52756E+03  1.00000E-35  6.52854E+03
   2.20000E+02  9.72627E-01  3.70401E-03  6.54141E+03  1.00000E-35  6.54239E+03
   2.27144E+02  9.73329E-01  3.71478E-03  6.54354E+03  1.00000E-35  6.54452E+03
   2.34521E+02  9.74051E-01  3.72635E-03  6.52726E+03  1.00000E-35  6.52824E+03
   2.42137E+02  9.74777E-01  3.73818E-03  6.49317E+03  1.00000E-35  6.49415E+03
   2.50000E+02  9.75504E-01  3.75022E-03  6.44224E+03  1.00000E-35  6.44321E+03
   2.55763E+02  9.76019E-01  3.75960E-03  6.39617E+03  1.00000E-35  6.39715E+03
   2.61659E+02  9.76468E-01  3.76901E-03  6.34240E+03  1.00000E-35  6.34338E+03
   2.67691E+02  9.76039E-01  3.77844E-03  6.28137E+03  1.00000E-35  6.28235E+03
   2.73861E+02  9.75316E-01  3.78859E-03  6.21360E+03  1.00000E-35  6.21457E+03
   2.86633E+02  9.71599E-01  3.81046E-03  6.05953E+03  1.00000E-35  6.06050E+03
   3.00000E+02  9.64112E-01  3.83414E-03  5.88350E+03  1.00000E-35  5.88446E+03
   3.11787E+02  9.53310E-01  3.85651E-03  5.72020E+03  1.00000E-35  5.72115E+03
   3.24037E+02  9.38254E-01  3.88054E-03  5.54579E+03  1.00000E-35  5.54673E+03
   3.36768E+02  9.19543E-01  3.90889E-03  5.36250E+03  1.00000E-35  5.36342E+03
   3.50000E+02  8.93318E-01  3.93808E-03  5.17231E+03  1.00000E-35  5.17321E+03
   3.61881E+02  8.64262E-01  3.97016E-03  5.00355E+03  1.00000E-35  5.00442E+03
   3.74166E+02  8.28876E-01  4.00251E-03  4.83202E+03  1.00000E-35  4.83285E+03
   3.86867E+02  7.87843E-01  4.04051E-03  4.65867E+03  1.00000E-35  4.65946E+03
   4.00000E+02  7.35730E-01  4.08323E-03  4.48438E+03  1.00000E-35  4.48512E+03
   4.11953E+02  6.81294E-01  4.12128E-03  4.33052E+03  1.00000E-35  4.33120E+03
   4.24264E+02  6.18592E-01  4.16939E-03  4.17698E+03  1.00000E-35  4.17760E+03
   4.50000E+02  4.53739E-01  4.26998E-03  3.87259E+03  1.00000E-35  3.87304E+03
   4.69095E+02  3.01843E-01  4.36033E-03  3.66165E+03  1.00000E-35  3.66195E+03
   4.89000E+02  1.48149E-01  4.45259E-03  3.45508E+03  1.00000E-35  3.45523E+03
   4.89000E+02  1.48149E-01  4.45259E-03  3.75762E+03  1.00000E-35  3.75777E+03
   4.89248E+02  1.46822E-01  4.45373E-03  3.75467E+03  1.00000E-35  3.75482E+03
   4.89496E+02  1.45507E-01  4.45506E-03  3.75199E+03  1.00000E-35  3.75214E+03
   4.89993E+02  1.42909E-01  4.45781E-03  3.74772E+03  1.00000E-35  3.74787E+03
   4.90988E+02  1.37854E-01  4.46330E-03  3.74400E+03  1.00000E-35  3.74414E+03
   4.91985E+02  1.32979E-01  4.46879E-03  3.74834E+03  1.00000E-35  3.74848E+03
   4.92984E+02  1.32116E-01  4.47430E-03  3.76325E+03  1.00000E-35  3.76339E+03
   4.93985E+02  1.31485E-01  4.47981E-03  3.79203E+03  1.00000E-35  3.79217E+03
   4.94486E+02  1.31171E-01  4.48256E-03  3.81290E+03  1.00000E-35  3.81303E+03
   4.94988E+02  1.30857E-01  4.48532E-03  3.83889E+03  1.00000E-35  3.83902E+03
   4.95490E+02  1.30544E-01  4.48808E-03  3.87067E+03  1.00000E-35  3.87081E+03
   4.95993E+02  1.30232E-01  4.49084E-03  3.90901E+03  1.00000E-35  3.90914E+03
   4.96496E+02  1.29921E-01  4.49361E-03  3.95471E+03  1.00000E-35  3.95484E+03
   4.97000E+02  1.33639E-01  4.49637E-03  4.00862E+03  1.00000E-35  4.00876E+03
   4.97000E+02  1.33639E-01  4.49637E-03  4.21335E+03  1.00000E-35  4.21349E+03
   4.97374E+02  1.37194E-01  4.49843E-03  4.25923E+03  1.00000E-35  4.25937E+03
   4.97748E+02  1.40842E-01  4.50048E-03  4.31085E+03  1.00000E-35  4.31100E+03
   4.98123E+02  1.44594E-01  4.50254E-03  4.36884E+03  1.00000E-35  4.36899E+03
   4.98498E+02  1.48443E-01  4.50459E-03  4.43358E+03  1.00000E-35  4.43373E+03
   4.98873E+02  1.52391E-01  4.50665E-03  4.50552E+03  1.00000E-35  4.50568E+03
   4.99248E+02  1.56441E-01  4.50870E-03  4.58514E+03  1.00000E-35  4.58530E+03
   4.99624E+02  1.60607E-01  4.51076E-03  4.67291E+03  1.00000E-35  4.67307E+03
   5.00000E+02  1.64881E-01  4.51282E-03  4.76924E+03  1.00000E-35  4.76941E+03
   5.00372E+02  1.69217E-01  4.51486E-03  4.87342E+03  1.00000E-35  4.87359E+03
   5.00745E+02  1.73677E-01  4.51690E-03  4.98676E+03  1.00000E-35  4.98694E+03
   5.01118E+02  1.78251E-01  4.51894E-03  5.10966E+03  1.00000E-35  5.10985E+03
   5.01491E+02  1.86299E-01  4.52098E-03  5.24247E+03  1.00000E-35  5.24266E+03
   5.02239E+02  2.05221E-01  4.52507E-03  5.53874E+03  1.00000E-35  5.53895E+03
   5.02987E+02  2.26032E-01  4.52916E-03  5.87726E+03  1.00000E-35  5.87749E+03
   5.03737E+02  2.48982E-01  4.53325E-03  6.25869E+03  1.00000E-35  6.25895E+03
   5.04488E+02  2.74259E-01  4.53735E-03  6.68290E+03  1.00000E-35  6.68318E+03
   5.05993E+02  3.32872E-01  4.54556E-03  7.65473E+03  1.00000E-35  7.65507E+03
   5.07502E+02  4.05126E-01  4.55378E-03  8.77571E+03  1.00000E-35  8.77612E+03
   5.08258E+02  4.46926E-01  4.55789E-03  9.38472E+03  1.00000E-35  9.38517E+03
   5.09016E+02  4.93095E-01  4.56202E-03  1.00217E+04  1.00000E-35  1.00222E+04
   5.09774E+02  5.43954E-01  4.56614E-03  1.06831E+04  1.00000E-35  1.06837E+04
   5.10534E+02  5.99677E-01  4.57027E-03  1.13655E+04  1.00000E-35  1.13661E+04
   5.11295E+02  6.48714E-01  4.57440E-03  1.20650E+04  1.00000E-35  1.20657E+04
   5.12057E+02  7.01752E-01  4.57853E-03  1.27777E+04  1.00000E-35  1.27784E+04
   5.12820E+02  7.59116E-01  4.58267E-03  1.34993E+04  1.00000E-35  1.35000E+04
   5.13584E+02  8.21157E-01  4.58681E-03  1.42251E+04  1.00000E-35  1.42259E+04
   5.14350E+02  8.88348E-01  4.59096E-03  1.49505E+04  1.00000E-35  1.49514E+04
   5.15116E+02  9.60924E-01  4.59511E-03  1.56706E+04  1.00000E-35  1.56716E+04
   5.15884E+02  1.02176E+00  4.59926E-03  1.63805E+04  1.00000E-35  1.63815E+04
   5.16653E+02  1.08321E+00  4.60342E-03  1.70756E+04  1.00000E-35  1.70767E+04
   5.17423E+02  1.14834E+00  4.60758E-03  1.77516E+04  1.00000E-35  1.77528E+04
   5.18194E+02  1.21737E+00  4.61174E-03  1.84047E+04  1.00000E-35  1.84059E+04
   5.18966E+02  1.29054E+00  4.61591E-03  1.90314E+04  1.00000E-35  1.90327E+04
   5.19740E+02  1.36820E+00  4.62009E-03  1.96290E+04  1.00000E-35  1.96304E+04
   5.20514E+02  1.43579E+00  4.62426E-03  2.01952E+04  1.00000E-35  2.01966E+04
   5.21290E+02  1.49928E+00  4.62844E-03  2.07281E+04  1.00000E-35  2.07296E+04
   5.22067E+02  1.56555E+00  4.63263E-03  2.12265E+04  1.00000E-35  2.12281E+04
   5.22845E+02  1.63474E+00  4.63681E-03  2.16894E+04  1.00000E-35  2.16911E+04
   5.23624E+02  1.70698E+00  4.64100E-03  2.21164E+04  1.00000E-35  2.21181E+04
   5.24404E+02  1.78239E+00  4.64520E-03  2.25072E+04  1.00000E-35  2.25090E+04
   5.25186E+02  1.85219E+00  4.64940E-03  2.28619E+04  1.00000E-35  2.28638E+04
   5.25969E+02  1.91477E+00  4.65360E-03  2.31810E+04  1.00000E-35  2.31829E+04
   5.26753E+02  1.97946E+00  4.65781E-03  2.34648E+04  1.00000E-35  2.34668E+04
   5.27538E+02  2.04632E+00  4.66202E-03  2.37143E+04  1.00000E-35  2.37164E+04
   5.28324E+02  2.11542E+00  4.66623E-03  2.39305E+04  1.00000E-35  2.39327E+04
   5.29111E+02  2.18683E+00  4.67045E-03  2.41146E+04  1.00000E-35  2.41168E+04
   5.29900E+02  2.25541E+00  4.67467E-03  2.42678E+04  1.00000E-35  2.42701E+04
   5.30689E+02  2.31328E+00  4.67889E-03  2.43917E+04  1.00000E-35  2.43940E+04
   5.32272E+02  2.43363E+00  4.68735E-03  2.45577E+04  1.00000E-35  2.45601E+04
   5.33860E+02  2.56026E+00  4.69701E-03  2.46262E+04  1.00000E-35  2.46288E+04
   5.35453E+02  2.67470E+00  4.70680E-03  2.46117E+04  1.00000E-35  2.46144E+04
   5.37050E+02  2.77871E+00  4.71660E-03  2.45287E+04  1.00000E-35  2.45315E+04
   5.38652E+02  2.88679E+00  4.72643E-03  2.43911E+04  1.00000E-35  2.43940E+04
   5.40258E+02  2.98585E+00  4.73627E-03  2.42118E+04  1.00000E-35  2.42148E+04
   5.43486E+02  3.16218E+00  4.75602E-03  2.37725E+04  1.00000E-35  2.37757E+04
   5.50000E+02  3.46651E+00  4.79578E-03  2.27895E+04  1.00000E-35  2.27930E+04
   5.56015E+02  3.68110E+00  4.83236E-03  2.19554E+04  1.00000E-35  2.19591E+04
   5.62095E+02  3.84983E+00  4.86922E-03  2.12385E+04  1.00000E-35  2.12424E+04
   5.68242E+02  3.98932E+00  4.90637E-03  2.06200E+04  1.00000E-35  2.06240E+04
   5.74456E+02  4.10546E+00  4.94379E-03  2.00640E+04  1.00000E-35  2.00681E+04
   5.87089E+02  4.25458E+00  5.02485E-03  1.90463E+04  1.00000E-35  1.90506E+04
   6.00000E+02  4.33449E+00  5.11070E-03  1.81052E+04  1.00000E-35  1.81096E+04
   6.11673E+02  4.37675E+00  5.18796E-03  1.73479E+04  1.00000E-35  1.73523E+04
   6.23574E+02  4.40950E+00  5.26640E-03  1.66673E+04  1.00000E-35  1.66717E+04
   6.48074E+02  4.47141E+00  5.43737E-03  1.54531E+04  1.00000E-35  1.54576E+04
   6.73537E+02  4.47991E+00  5.61818E-03  1.43092E+04  1.00000E-35  1.43137E+04
   7.00000E+02  4.38909E+00  5.81189E-03  1.32264E+04  1.00000E-35  1.32308E+04
   7.19000E+02  4.77559E+00  5.95487E-03  1.25252E+04  1.00000E-35  1.25299E+04
   7.19000E+02  4.77559E+00  5.95487E-03  1.33441E+04  1.00000E-35  1.33489E+04
   7.19638E+02  4.79113E+00  5.95966E-03  1.34262E+04  1.00000E-35  1.34310E+04
   7.20277E+02  4.80673E+00  5.96447E-03  1.35005E+04  1.00000E-35  1.35053E+04
   7.21556E+02  4.83805E+00  5.97408E-03  1.36213E+04  1.00000E-35  1.36262E+04
   7.22837E+02  4.86958E+00  5.98370E-03  1.37051E+04  1.00000E-35  1.37100E+04
   7.24121E+02  4.90133E+00  5.99335E-03  1.37558E+04  1.00000E-35  1.37607E+04
   7.25406E+02  4.92415E+00  6.00300E-03  1.37793E+04  1.00000E-35  1.37842E+04
   7.26694E+02  4.94412E+00  6.01267E-03  1.37818E+04  1.00000E-35  1.37867E+04
   7.29278E+02  4.98432E+00  6.03207E-03  1.37444E+04  1.00000E-35  1.37494E+04
   7.34471E+02  5.04084E+00  6.07103E-03  1.35912E+04  1.00000E-35  1.35962E+04
   7.39702E+02  5.08408E+00  6.11026E-03  1.34122E+04  1.00000E-35  1.34173E+04
   7.61000E+02  5.36562E+00  6.27536E-03  1.27357E+04  1.00000E-35  1.27411E+04
   7.61000E+02  5.36562E+00  6.27536E-03  1.30662E+04  1.00000E-35  1.30716E+04
   7.61595E+02  5.37594E+00  6.28004E-03  1.30883E+04  1.00000E-35  1.30937E+04
   7.62189E+02  5.38625E+00  6.28472E-03  1.31075E+04  1.00000E-35  1.31129E+04
   7.63381E+02  5.40698E+00  6.29410E-03  1.31360E+04  1.00000E-35  1.31414E+04
   7.65769E+02  5.44820E+00  6.31288E-03  1.31530E+04  1.00000E-35  1.31584E+04
   7.68165E+02  5.48381E+00  6.33173E-03  1.31282E+04  1.00000E-35  1.31337E+04
   7.70568E+02  5.51965E+00  6.35063E-03  1.30777E+04  1.00000E-35  1.30832E+04
   7.75397E+02  5.58094E+00  6.38860E-03  1.29417E+04  1.00000E-35  1.29473E+04
   7.80256E+02  5.63288E+00  6.42679E-03  1.27915E+04  1.00000E-35  1.27972E+04
   8.00000E+02  5.76995E+00  6.58188E-03  1.21996E+04  1.00000E-35  1.22054E+04
   8.21147E+02  5.86350E+00  6.75039E-03  1.16034E+04  1.00000E-35  1.16093E+04
   8.42852E+02  5.92184E+00  6.92689E-03  1.10219E+04  1.00000E-35  1.10278E+04
   8.88000E+02  6.19955E+00  7.29473E-03  9.91662E+03  1.00000E-35  9.92283E+03
   8.88000E+02  6.19955E+00  7.29473E-03  1.03896E+04  1.00000E-35  1.03958E+04
   8.88745E+02  6.20457E+00  7.30094E-03  1.03662E+04  1.00000E-35  1.03724E+04
   8.89491E+02  6.20959E+00  7.30716E-03  1.03432E+04  1.00000E-35  1.03494E+04
   8.90985E+02  6.21966E+00  7.31961E-03  1.02998E+04  1.00000E-35  1.03060E+04
   8.93980E+02  6.23983E+00  7.34457E-03  1.02207E+04  1.00000E-35  1.02270E+04
   9.00000E+02  6.27477E+00  7.39474E-03  1.00798E+04  1.00000E-35  1.00861E+04
   9.24021E+02  6.38016E+00  7.59499E-03  9.56664E+03  1.00000E-35  9.57302E+03
   9.48683E+02  6.45057E+00  7.80066E-03  9.05716E+03  1.00000E-35  9.06361E+03
   1.00000E+03  6.56099E+00  8.23414E-03  8.11556E+03  1.00000E-35  8.12213E+03
   1.04881E+03  6.63510E+00  8.64895E-03  7.33138E+03  1.00000E-35  7.33802E+03
   1.10000E+03  6.68478E+00  9.08879E-03  6.61360E+03  1.00000E-35  6.62029E+03
   1.17260E+03  6.70967E+00  9.71557E-03  5.74820E+03  1.00000E-35  5.75492E+03
   1.25000E+03  6.68791E+00  1.03877E-02  4.98377E+03  1.00000E-35  4.99047E+03
   1.40000E+03  6.60060E+00  1.16956E-02  3.85173E+03  1.00000E-35  3.85834E+03
   1.50000E+03  6.52716E+00  1.25681E-02  3.28318E+03  1.00000E-35  3.28972E+03
   1.62019E+03  6.39957E+00  1.36140E-02  2.74147E+03  1.00000E-35  2.74788E+03
   1.75000E+03  6.25481E+00  1.47364E-02  2.28443E+03  1.00000E-35  2.29070E+03
   2.00000E+03  5.94324E+00  1.68574E-02  1.65842E+03  1.00000E-35  1.66438E+03
   2.20000E+03  5.69392E+00  1.85096E-02  1.31536E+03  1.00000E-35  1.32107E+03
   2.50000E+03  5.30960E+00  2.09049E-02  9.60413E+02  1.00000E-35  9.65743E+02
   2.73861E+03  5.00197E+00  2.27417E-02  7.65559E+02  1.00000E-35  7.70584E+02
   3.00000E+03  4.64131E+00  2.46790E-02  6.09189E+02  1.00000E-35  6.13855E+02
   3.24037E+03  4.28159E+00  2.63901E-02  5.01424E+02  1.00000E-35  5.05732E+02
   3.50000E+03  3.82875E+00  2.81700E-02  4.12219E+02  1.00000E-35  4.16076E+02
   3.93300E+03  2.42260E+00  3.10094E-02  3.05782E+02  1.00000E-35  3.08235E+02
   3.93300E+03  2.42260E+00  3.10094E-02  5.93133E+02  1.00000E-35  5.95587E+02
   3.93508E+03  2.42598E+00  3.10228E-02  7.28542E+02  1.00000E-35  7.30999E+02
   3.93715E+03  2.42934E+00  3.10361E-02  8.21611E+02  1.00000E-35  8.24071E+02
   3.93923E+03  2.43272E+00  3.10494E-02  8.77961E+02  1.00000E-35  8.80425E+02
   3.94131E+03  2.43611E+00  3.10628E-02  9.08947E+02  1.00000E-35  9.11414E+02
   3.94339E+03  2.43950E+00  3.10761E-02  9.24364E+02  1.00000E-35  9.26835E+02
   3.94548E+03  2.44670E+00  3.10895E-02  9.30964E+02  1.00000E-35  9.33442E+02
   3.94756E+03  2.45879E+00  3.11029E-02  9.32947E+02  1.00000E-35  9.35437E+02
   3.94964E+03  2.47094E+00  3.11162E-02  9.32739E+02  1.00000E-35  9.35241E+02
   3.95799E+03  2.52024E+00  3.11698E-02  9.29386E+02  1.00000E-35  9.31938E+02
   3.96217E+03  2.54524E+00  3.11966E-02  9.30091E+02  1.00000E-35  9.32668E+02
   3.96636E+03  2.57053E+00  3.12235E-02  9.32217E+02  1.00000E-35  9.34819E+02
   3.97474E+03  2.62179E+00  3.12772E-02  9.37726E+02  1.00000E-35  9.40379E+02
   3.98314E+03  2.67231E+00  3.13310E-02  9.41064E+02  1.00000E-35  9.43768E+02
   3.99156E+03  2.71833E+00  3.13850E-02  9.40481E+02  1.00000E-35  9.43231E+02
   4.00000E+03  2.76515E+00  3.14390E-02  9.36575E+02  1.00000E-35  9.39371E+02
   4.01966E+03  2.87158E+00  3.15648E-02  9.24181E+02  1.00000E-35  9.27084E+02
   4.03941E+03  2.92538E+00  3.16911E-02  9.13168E+02  1.00000E-35  9.16125E+02
   4.07922E+03  2.98222E+00  3.19416E-02  8.91623E+02  1.00000E-35  8.94637E+02
   4.16000E+03  3.07425E+00  3.24477E-02  8.45459E+02  1.00000E-35  8.48565E+02
   4.16000E+03  3.07425E+00  3.24477E-02  9.80020E+02  1.00000E-35  9.83126E+02
   4.16233E+03  3.07987E+00  3.24623E-02  1.04982E+03  1.00000E-35  1.05294E+03
   4.16466E+03  3.08550E+00  3.24768E-02  1.09396E+03  1.00000E-35  1.09708E+03
   4.16699E+03  3.09113E+00  3.24914E-02  1.11757E+03  1.00000E-35  1.12069E+03
   4.16932E+03  3.09803E+00  3.25060E-02  1.12841E+03  1.00000E-35  1.13155E+03
   4.17166E+03  3.10837E+00  3.25206E-02  1.13232E+03  1.00000E-35  1.13546E+03
   4.17400E+03  3.11874E+00  3.25352E-02  1.13280E+03  1.00000E-35  1.13595E+03
   4.17867E+03  3.13951E+00  3.25644E-02  1.13031E+03  1.00000E-35  1.13348E+03
   4.18804E+03  3.18154E+00  3.26229E-02  1.12592E+03  1.00000E-35  1.12914E+03
   4.19743E+03  3.22413E+00  3.26815E-02  1.12504E+03  1.00000E-35  1.12829E+03
   4.20683E+03  3.26724E+00  3.27402E-02  1.12406E+03  1.00000E-35  1.12736E+03
   4.21626E+03  3.30936E+00  3.27990E-02  1.12092E+03  1.00000E-35  1.12426E+03
   4.23519E+03  3.39510E+00  3.29170E-02  1.10921E+03  1.00000E-35  1.11264E+03
   4.31173E+03  3.61267E+00  3.33931E-02  1.06023E+03  1.00000E-35  1.06388E+03
   4.38966E+03  3.69014E+00  3.38760E-02  1.01359E+03  1.00000E-35  1.01732E+03
   4.46900E+03  3.83523E+00  3.43605E-02  9.67002E+02  1.00000E-35  9.70872E+02
   4.46900E+03  3.83523E+00  3.43605E-02  1.11863E+03  1.00000E-35  1.12250E+03
   4.47286E+03  3.84558E+00  3.43839E-02  1.10901E+03  1.00000E-35  1.11289E+03
   4.47673E+03  3.85597E+00  3.44075E-02  1.10414E+03  1.00000E-35  1.10803E+03
   4.48447E+03  3.87681E+00  3.44545E-02  1.10017E+03  1.00000E-35  1.10408E+03
   4.50000E+03  3.91900E+00  3.45489E-02  1.09471E+03  1.00000E-35  1.09867E+03
   4.74342E+03  4.26833E+00  3.60196E-02  9.60002E+02  1.00000E-35  9.64306E+02
   5.00000E+03  4.36075E+00  3.75376E-02  8.40563E+02  1.00000E-35  8.44962E+02
   5.50000E+03  4.31602E+00  4.04178E-02  6.58656E+02  1.00000E-35  6.63013E+02
   6.00000E+03  4.16059E+00  4.31853E-02  5.26175E+02  1.00000E-35  5.30379E+02
   6.48074E+03  3.97392E+00  4.57359E-02  4.30637E+02  1.00000E-35  4.34657E+02
   7.00000E+03  3.76024E+00  4.83717E-02  3.52010E+02  1.00000E-35  3.55819E+02
   8.00000E+03  3.36432E+00  5.31226E-02  2.47372E+02  1.00000E-35  2.50789E+02
   9.00000E+03  3.01497E+00  5.74452E-02  1.80640E+02  1.00000E-35  1.83713E+02
   1.00000E+04  2.71521E+00  6.14139E-02  1.36042E+02  1.00000E-35  1.38819E+02
   1.10000E+04  2.45817E+00  6.50648E-02  1.05083E+02  1.00000E-35  1.07607E+02
   1.25000E+04  2.13720E+00  6.99911E-02  7.41508E+01  1.00000E-35  7.63580E+01
   1.40000E+04  1.87277E+00  7.43509E-02  5.43256E+01  1.00000E-35  5.62727E+01
   1.50000E+04  1.71928E+00  7.69658E-02  4.49138E+01  1.00000E-35  4.67100E+01
   1.75000E+04  1.40318E+00  8.26655E-02  2.92950E+01  1.00000E-35  3.07808E+01
   2.00000E+04  1.15493E+00  8.74071E-02  2.01853E+01  1.00000E-35  2.14276E+01
   2.20000E+04  9.93552E-01  9.06339E-02  1.54542E+01  1.00000E-35  1.65384E+01
   2.50000E+04  7.95091E-01  9.47076E-02  1.07854E+01  1.00000E-35  1.16752E+01
   2.92040E+04  5.01140E-01  9.92824E-02  6.94548E+00  1.00000E-35  7.54590E+00
   2.92040E+04  5.01140E-01  9.92824E-02  4.41506E+01  1.00000E-35  4.47510E+01
   2.92286E+04  5.01664E-01  9.93057E-02  4.25473E+01  1.00000E-35  4.31483E+01
   2.92531E+04  5.02185E-01  9.93289E-02  4.27456E+01  1.00000E-35  4.33471E+01
   2.92777E+04  5.02709E-01  9.93521E-02  4.24627E+01  1.00000E-35  4.30647E+01
   2.93023E+04  5.03232E-01  9.93754E-02  4.25606E+01  1.00000E-35  4.31632E+01
   2.93270E+04  5.03758E-01  9.93987E-02  4.25286E+01  1.00000E-35  4.31317E+01
   2.93516E+04  5.04282E-01  9.94219E-02  4.23921E+01  1.00000E-35  4.29958E+01
   2.94010E+04  5.06846E-01  9.94685E-02  4.22836E+01  1.00000E-35  4.28899E+01
   2.95993E+04  5.23541E-01  9.96551E-02  4.16346E+01  1.00000E-35  4.22577E+01
   3.00000E+04  5.53399E-01  1.00029E-01  4.02697E+01  1.00000E-35  4.09231E+01
   3.50000E+04  5.28140E-01  1.03976E-01  2.68788E+01  1.00000E-35  2.75109E+01
   4.00000E+04  4.50090E-01  1.06938E-01  1.88399E+01  1.00000E-35  1.93969E+01
   4.50000E+04  3.81564E-01  1.09092E-01  1.37136E+01  1.00000E-35  1.42043E+01
   5.00000E+04  3.25837E-01  1.10666E-01  1.02904E+01  1.00000E-35  1.07269E+01
   5.50000E+04  2.80445E-01  1.11760E-01  7.91721E+00  1.00000E-35  8.30941E+00
   6.00000E+04  2.42908E-01  1.12450E-01  6.22050E+00  1.00000E-35  6.57585E+00
   7.00000E+04  1.86643E-01  1.12961E-01  4.04143E+00  1.00000E-35  4.34103E+00
   8.00000E+04  1.47545E-01  1.12751E-01  2.77169E+00  1.00000E-35  3.03198E+00
   9.00000E+04  1.19702E-01  1.12104E-01  1.98268E+00  1.00000E-35  2.21449E+00
   1.00000E+05  9.91008E-02  1.11193E-01  1.46701E+00  1.00000E-35  1.67730E+00
   1.10000E+05  8.35099E-02  1.10069E-01  1.11597E+00  1.00000E-35  1.30954E+00
   1.25000E+05  6.61687E-02  1.08179E-01  7.72413E-01  1.00000E-35  9.46760E-01
   1.40000E+05  5.37517E-02  1.06206E-01  5.57075E-01  1.00000E-35  7.17032E-01
   1.50000E+05  4.73160E-02  1.04847E-01  4.56530E-01  1.00000E-35  6.08693E-01
   1.62019E+05  4.09875E-02  1.03229E-01  3.65251E-01  1.00000E-35  5.09468E-01
   1.75000E+05  3.55022E-02  1.01507E-01  2.92768E-01  1.00000E-35  4.29778E-01
   2.00000E+05  2.76071E-02  9.83095E-02  1.99528E-01  1.00000E-35  3.25444E-01
   2.20000E+05  2.30382E-02  9.58647E-02  1.51971E-01  1.00000E-35  2.70874E-01
   2.34521E+05  2.03900E-02  9.41777E-02  1.26695E-01  1.00000E-35  2.41262E-01
   2.50000E+05  1.80286E-02  9.24335E-02  1.05761E-01  1.00000E-35  2.16223E-01
   2.73861E+05  1.51259E-02  8.98974E-02  8.17618E-02  1.00000E-35  1.86785E-01
   2.86633E+05  1.38548E-02  8.85981E-02  7.20197E-02  1.00000E-35  1.74473E-01
   3.00000E+05  1.26905E-02  8.73071E-02  6.35275E-02  1.00000E-35  1.63525E-01
   3.24037E+05  1.09231E-02  8.50802E-02  5.13827E-02  1.00000E-35  1.47386E-01
   3.50000E+05  9.40042E-03  8.28366E-02  4.16581E-02  1.00000E-35  1.33895E-01
   3.74166E+05  8.25411E-03  8.08835E-02  3.47974E-02  1.00000E-35  1.23935E-01
   4.00000E+05  7.24756E-03  7.89307E-02  2.91468E-02  1.00000E-35  1.15325E-01
   4.24264E+05  6.46148E-03  7.72141E-02  2.49682E-02  1.00000E-35  1.08644E-01
   4.50000E+05  5.75774E-03  7.54906E-02  2.14323E-02  1.00000E-35  1.02681E-01
   4.74342E+05  5.19122E-03  7.39545E-02  1.87246E-02  1.00000E-35  9.78703E-02
   5.00000E+05  4.68045E-03  7.24333E-02  1.63893E-02  1.00000E-35  9.35031E-02
   5.24404E+05  4.26184E-03  7.10506E-02  1.45483E-02  1.00000E-35  8.98607E-02
   5.50000E+05  3.88066E-03  6.96845E-02  1.29344E-02  1.00000E-35  8.64996E-02
   5.74456E+05  3.56252E-03  6.84376E-02  1.16328E-02  1.00000E-35  8.36328E-02
   6.00000E+05  3.27046E-03  6.72021E-02  1.04750E-02  1.00000E-35  8.09476E-02
   6.48074E+05  2.81005E-03  6.50294E-02  8.72269E-03  1.00000E-35  7.65621E-02
   6.73537E+05  2.60428E-03  6.39474E-02  7.97565E-03  1.00000E-35  7.45273E-02
   7.00000E+05  2.41333E-03  6.28830E-02  7.30206E-03  1.00000E-35  7.25984E-02
   7.48331E+05  2.11415E-03  6.10412E-02  6.27812E-03  1.00000E-35  6.94335E-02
   8.00000E+05  1.85206E-03  5.92241E-02  5.41516E-03  1.00000E-35  6.64913E-02
   8.48528E+05  1.64798E-03  5.76434E-02  4.76487E-03  1.00000E-35  6.40563E-02
   9.00000E+05  1.46639E-03  5.60850E-02  4.20407E-03  1.00000E-35  6.17555E-02
   9.48683E+05  1.32098E-03  5.46972E-02  3.76579E-03  1.00000E-35  5.97840E-02
   1.00000E+06  1.18998E-03  5.33326E-02  3.37997E-03  1.00000E-35  5.79026E-02
   1.04881E+06  1.08271E-03  5.21120E-02  3.06997E-03  1.58607E-12  5.62647E-02
   1.10000E+06  9.85080E-04  5.09035E-02  2.79276E-03  7.65947E-06  5.46890E-02
   1.17260E+06  8.67338E-04  4.93099E-02  2.46519E-03  6.16866E-05  5.27041E-02
   1.25000E+06  7.63581E-04  4.77399E-02  2.18241E-03  1.65845E-04  5.08517E-02
   1.32288E+06  6.81985E-04  4.63691E-02  1.96277E-03  3.04435E-04  4.93182E-02
   1.40000E+06  6.09108E-04  4.50240E-02  1.76882E-03  4.99168E-04  4.79011E-02
   1.50000E+06  5.30802E-04  4.34148E-02  1.56220E-03  7.98243E-04  4.63061E-02
   1.62019E+06  4.55166E-04  4.16545E-02  1.36365E-03  1.20369E-03  4.46770E-02
   1.75000E+06  3.90314E-04  3.99350E-02  1.19482E-03  1.69065E-03  4.32108E-02
   1.87083E+06  3.41651E-04  3.84792E-02  1.06785E-03  2.17517E-03  4.20639E-02
   2.00000E+06  2.99057E-04  3.70606E-02  9.56486E-04  2.71987E-03  4.10360E-02
   2.20000E+06  2.47286E-04  3.50937E-02  8.20261E-04  3.58324E-03  3.97445E-02
   2.34521E+06  2.17689E-04  3.38119E-02  7.41564E-04  4.21555E-03  3.89867E-02
   2.50000E+06  1.91635E-04  3.25630E-02  6.71602E-04  4.89199E-03  3.83182E-02
   2.73861E+06  1.59760E-04  3.08334E-02  5.84378E-04  5.90512E-03  3.74827E-02
   3.00000E+06  1.33146E-04  2.91681E-02  5.10545E-04  6.98709E-03  3.67989E-02
   3.24037E+06  1.14133E-04  2.78108E-02  4.56761E-04  7.95591E-03  3.63376E-02
   3.50000E+06  9.78347E-05  2.64988E-02  4.09690E-04  8.96790E-03  3.59742E-02
   4.00000E+06  7.49133E-05  2.43298E-02  3.40476E-04  1.08009E-02  3.55461E-02
   4.50000E+06  5.91971E-05  2.25325E-02  2.90330E-04  1.25254E-02  3.54074E-02
   5.00000E+06  4.79540E-05  2.10116E-02  2.52481E-04  1.41056E-02  3.54176E-02
   5.50000E+06  3.96347E-05  1.97052E-02  2.22993E-04  1.55567E-02  3.55245E-02
   6.00000E+06  3.33067E-05  1.85694E-02  1.99425E-04  1.69680E-02  3.57702E-02
   6.48074E+06  2.85505E-05  1.76081E-02  1.80845E-04  1.82536E-02  3.60710E-02
   7.00000E+06  2.44735E-05  1.66876E-02  1.64220E-04  1.95402E-02  3.64165E-02
   8.00000E+06  1.87395E-05  1.51869E-02  1.39276E-04  2.18408E-02  3.71857E-02
   9.00000E+06  1.48070E-05  1.39579E-02  1.20737E-04  2.39349E-02  3.80283E-02
   1.00000E+07  1.19938E-05  1.29310E-02  1.06449E-04  2.58533E-02  3.89027E-02
   1.10000E+07  9.91238E-06  1.20587E-02  9.51185E-05  2.76251E-02  3.97888E-02
   1.25000E+07  7.67618E-06  1.09694E-02  8.19500E-05  3.00287E-02  4.10877E-02
   1.40000E+07  6.11949E-06  1.00761E-02  7.19324E-05  3.21751E-02  4.23292E-02
   1.50000E+07  5.33078E-06  9.56457E-03  6.64926E-05  3.34699E-02  4.31063E-02
   1.75000E+07  3.91656E-06  8.50433E-03  5.58835E-05  3.63435E-02  4.49076E-02
   2.00000E+07  2.99866E-06  7.67220E-03  4.81648E-05  3.88547E-02  4.65781E-02
   2.20000E+07  2.47826E-06  7.12434E-03  4.33597E-05  4.06446E-02  4.78148E-02
   2.50000E+07  1.91918E-06  6.44531E-03  3.77040E-05  4.30265E-02  4.95115E-02
   3.00000E+07  1.33276E-06  5.57939E-03  3.09561E-05  4.63669E-02  5.19786E-02
   3.50000E+07  9.79175E-07  4.93265E-03  2.62478E-05  4.91310E-02  5.40909E-02
   4.00000E+07  7.49682E-07  4.42963E-03  2.27782E-05  5.14681E-02  5.59212E-02
   4.50000E+07  5.92342E-07  4.02609E-03  2.01163E-05  5.34669E-02  5.75137E-02
   5.00000E+07  4.79797E-07  3.69467E-03  1.80100E-05  5.52155E-02  5.89286E-02
   5.50000E+07  3.96527E-07  3.41722E-03  1.63021E-05  5.67649E-02  6.01989E-02
   6.00000E+07  3.33193E-07  3.18125E-03  1.48895E-05  5.81859E-02  6.13823E-02
   7.00000E+07  2.44796E-07  2.80065E-03  1.26894E-05  6.05595E-02  6.33731E-02
   8.00000E+07  1.87422E-07  2.50644E-03  1.10551E-05  6.25238E-02  6.50414E-02
   9.00000E+07  1.48086E-07  2.27157E-03  9.79335E-06  6.41990E-02  6.64805E-02
   1.00000E+08  1.19950E-07  2.07949E-03  8.78991E-06  6.56492E-02  6.77376E-02
   1.10000E+08  9.91324E-08  1.91925E-03  7.97291E-06  6.69016E-02  6.88289E-02
   1.25000E+08  7.67677E-08  1.72284E-03  6.99717E-06  6.84784E-02  7.02083E-02
   1.40000E+08  6.11990E-08  1.56505E-03  6.23409E-06  6.97953E-02  7.13666E-02
   1.50000E+08  5.33109E-08  1.47591E-03  5.81156E-06  7.05597E-02  7.20415E-02
   1.75000E+08  3.91672E-08  1.29413E-03  4.96944E-06  7.21817E-02  7.34809E-02
   2.00000E+08  2.99875E-08  1.15437E-03  4.34043E-06  7.34944E-02  7.46531E-02
   2.20000E+08  2.47831E-08  1.06367E-03  3.94131E-06  7.43788E-02  7.54464E-02
   2.50000E+08  1.91920E-08  9.52812E-04  3.46356E-06  7.54954E-02  7.64517E-02
   3.00000E+08  1.33277E-08  8.13940E-04  2.88141E-06  7.69478E-02  7.77646E-02
   3.50000E+08  9.79180E-09  7.12078E-04  2.46678E-06  7.80337E-02  7.87482E-02
   4.00000E+08  7.49687E-09  6.33986E-04  2.15646E-06  7.88927E-02  7.95289E-02
   4.50000E+08  5.92345E-09  5.72088E-04  1.91549E-06  7.96052E-02  8.01793E-02
   5.00000E+08  4.79798E-09  5.21761E-04  1.72296E-06  8.02027E-02  8.07262E-02
   5.50000E+08  3.96528E-09  4.79981E-04  1.56560E-06  8.06999E-02  8.11815E-02
   6.00000E+08  3.33194E-09  4.44710E-04  1.43457E-06  8.11518E-02  8.15980E-02
   7.00000E+08  2.44796E-09  3.88350E-04  1.22888E-06  8.18609E-02  8.22505E-02
   8.00000E+08  1.87422E-09  3.45237E-04  1.07478E-06  8.24115E-02  8.27579E-02
   9.00000E+08  1.48087E-09  3.11134E-04  9.55015E-07  8.28457E-02  8.31578E-02
   9.48683E+08  1.33278E-09  2.96972E-04  9.06639E-07  8.30275E-02  8.33254E-02
   1.00000E+09  1.19950E-09  2.83449E-04  8.59267E-07  8.32061E-02  8.34904E-02
