 # Material data file: Na                  
 # 
 # PENELOPE >>>  Photon mass attenuation coefficients (mac).
 # 
 #   Energy       mac_Ra       mac_Co       mac_ph       mac_pp       mac_tot
 #    (eV)       (cm**2/g)    (cm**2/g)    (cm**2/g)    (cm**2/g)    (cm**2/g)
 #------------------------------------------------------------------------------
   5.00000E+01  5.07470E-01  9.03994E-03  1.95560E+05  1.00000E-35  1.95561E+05
   5.12057E+01  5.52184E-01  9.04845E-03  2.00391E+05  1.00000E-35  2.00391E+05
   5.24404E+01  5.97807E-01  9.05696E-03  2.04565E+05  1.00000E-35  2.04565E+05
   5.37050E+01  6.43759E-01  9.06548E-03  2.08049E+05  1.00000E-35  2.08050E+05
   5.50000E+01  6.90779E-01  9.07432E-03  2.10818E+05  1.00000E-35  2.10819E+05
   5.62095E+01  7.33939E-01  9.08275E-03  2.12706E+05  1.00000E-35  2.12707E+05
   5.74456E+01  7.76806E-01  9.09118E-03  2.13977E+05  1.00000E-35  2.13978E+05
   5.87089E+01  8.19534E-01  9.09962E-03  2.14632E+05  1.00000E-35  2.14632E+05
   6.00000E+01  8.82171E-01  9.10852E-03  2.14676E+05  1.00000E-35  2.14677E+05
   6.14468E+01  1.02013E+00  9.11858E-03  2.14042E+05  1.00000E-35  2.14043E+05
   6.29285E+01  1.02211E+00  9.12865E-03  2.12719E+05  1.00000E-35  2.12720E+05
   6.44460E+01  1.07800E+00  9.13875E-03  2.10744E+05  1.00000E-35  2.10745E+05
   6.60000E+01  1.12961E+00  9.14966E-03  2.08159E+05  1.00000E-35  2.08160E+05
   6.60000E+01  1.12961E+00  9.14966E-03  2.18372E+05  1.00000E-35  2.18373E+05
   6.60607E+01  1.13165E+00  9.15008E-03  2.18295E+05  1.00000E-35  2.18297E+05
   6.61215E+01  1.13357E+00  9.15051E-03  2.18218E+05  1.00000E-35  2.18219E+05
   6.62432E+01  1.13739E+00  9.15135E-03  2.18061E+05  1.00000E-35  2.18062E+05
   6.64872E+01  1.14507E+00  9.15304E-03  2.17736E+05  1.00000E-35  2.17737E+05
   6.69780E+01  1.16019E+00  9.15641E-03  2.17043E+05  1.00000E-35  2.17044E+05
   6.79706E+01  1.19052E+00  9.16316E-03  2.15487E+05  1.00000E-35  2.15488E+05
   6.89778E+01  1.22014E+00  9.16992E-03  2.13715E+05  1.00000E-35  2.13716E+05
   7.00000E+01  1.24883E+00  9.17668E-03  2.11739E+05  1.00000E-35  2.11740E+05
   7.11782E+01  1.28087E+00  9.18494E-03  2.09268E+05  1.00000E-35  2.09269E+05
   7.23762E+01  1.31031E+00  9.19327E-03  2.06573E+05  1.00000E-35  2.06574E+05
   7.35944E+01  1.34043E+00  9.20160E-03  2.03674E+05  1.00000E-35  2.03676E+05
   7.48331E+01  1.36915E+00  9.20994E-03  2.00593E+05  1.00000E-35  2.00594E+05
   7.60927E+01  1.39680E+00  9.21828E-03  1.97349E+05  1.00000E-35  1.97351E+05
   7.73735E+01  1.42298E+00  9.22722E-03  1.93962E+05  1.00000E-35  1.93964E+05
   8.00000E+01  1.47168E+00  9.24533E-03  1.86836E+05  1.00000E-35  1.86838E+05
   8.23907E+01  1.51110E+00  9.26133E-03  1.80255E+05  1.00000E-35  1.80256E+05
   8.48528E+01  1.54744E+00  9.27834E-03  1.73490E+05  1.00000E-35  1.73491E+05
   8.73885E+01  1.57916E+00  9.29570E-03  1.66620E+05  1.00000E-35  1.66621E+05
   9.00000E+01  1.60974E+00  9.31310E-03  1.59715E+05  1.00000E-35  1.59716E+05
   9.24021E+01  1.63240E+00  9.32978E-03  1.53557E+05  1.00000E-35  1.53558E+05
   9.48683E+01  1.65514E+00  9.34667E-03  1.47454E+05  1.00000E-35  1.47455E+05
   9.74004E+01  1.67527E+00  9.36358E-03  1.41436E+05  1.00000E-35  1.41437E+05
   1.00000E+02  1.69470E+00  9.38141E-03  1.35527E+05  1.00000E-35  1.35529E+05
   1.04881E+02  1.72060E+00  9.41461E-03  1.25175E+05  1.00000E-35  1.25177E+05
   1.10000E+02  1.74658E+00  9.44949E-03  1.15326E+05  1.00000E-35  1.15327E+05
   1.17260E+02  1.77308E+00  9.49838E-03  1.02978E+05  1.00000E-35  1.02980E+05
   1.25000E+02  1.79672E+00  9.55090E-03  9.16492E+04  1.00000E-35  9.16510E+04
   1.32288E+02  1.81370E+00  9.60049E-03  8.24431E+04  1.00000E-35  8.24449E+04
   1.40000E+02  1.82720E+00  9.65227E-03  7.39888E+04  1.00000E-35  7.39906E+04
   1.50000E+02  1.84128E+00  9.71913E-03  6.46478E+04  1.00000E-35  6.46496E+04
   1.55893E+02  1.84920E+00  9.75949E-03  5.98576E+04  1.00000E-35  5.98594E+04
   1.62019E+02  1.85591E+00  9.80003E-03  5.53571E+04  1.00000E-35  5.53589E+04
   1.68384E+02  1.85980E+00  9.84319E-03  5.11342E+04  1.00000E-35  5.11361E+04
   1.75000E+02  1.86370E+00  9.88709E-03  4.71773E+04  1.00000E-35  4.71792E+04
   1.87083E+02  1.86555E+00  9.96796E-03  4.09210E+04  1.00000E-35  4.09228E+04
   2.00000E+02  1.86515E+00  1.00538E-02  3.53803E+04  1.00000E-35  3.53822E+04
   2.09762E+02  1.86037E+00  1.01175E-02  3.18338E+04  1.00000E-35  3.18357E+04
   2.20000E+02  1.85560E+00  1.01858E-02  2.86056E+04  1.00000E-35  2.86074E+04
   2.34521E+02  1.84572E+00  1.02809E-02  2.47394E+04  1.00000E-35  2.47412E+04
   2.50000E+02  1.83409E+00  1.03812E-02  2.13576E+04  1.00000E-35  2.13594E+04
   2.73861E+02  1.81497E+00  1.05359E-02  1.72731E+04  1.00000E-35  1.72749E+04
   3.00000E+02  1.79277E+00  1.07035E-02  1.39314E+04  1.00000E-35  1.39332E+04
   3.24037E+02  1.77379E+00  1.08558E-02  1.15911E+04  1.00000E-35  1.15928E+04
   3.50000E+02  1.75117E+00  1.10196E-02  9.62421E+03  1.00000E-35  9.62598E+03
   3.74166E+02  1.73096E+00  1.11737E-02  8.17853E+03  1.00000E-35  8.18028E+03
   4.00000E+02  1.70693E+00  1.13418E-02  6.93966E+03  1.00000E-35  6.94138E+03
   4.50000E+02  1.66535E+00  1.16797E-02  5.17713E+03  1.00000E-35  5.17881E+03
   5.00000E+02  1.62489E+00  1.20681E-02  3.97045E+03  1.00000E-35  3.97209E+03
   5.50000E+02  1.58400E+00  1.25148E-02  3.11593E+03  1.00000E-35  3.11752E+03
   6.00000E+02  1.54399E+00  1.30326E-02  2.49303E+03  1.00000E-35  2.49458E+03
   6.48074E+02  1.50132E+00  1.36007E-02  2.04268E+03  1.00000E-35  2.04420E+03
   7.00000E+02  1.44715E+00  1.42879E-02  1.67187E+03  1.00000E-35  1.67334E+03
   8.00000E+02  1.33620E+00  1.57955E-02  1.17822E+03  1.00000E-35  1.17957E+03
   9.00000E+02  1.18671E+00  1.74756E-02  8.62869E+02  1.00000E-35  8.64073E+02
   1.00000E+03  9.11468E-01  1.92705E-02  6.51714E+02  1.00000E-35  6.52645E+02
   1.07500E+03  6.51675E-01  2.06580E-02  5.36817E+02  1.00000E-35  5.37489E+02
   1.07500E+03  6.51675E-01  2.06580E-02  5.43381E+03  1.00000E-35  5.43448E+03
   1.07577E+03  6.64436E-01  2.06724E-02  5.57293E+03  1.00000E-35  5.57361E+03
   1.07655E+03  6.77555E-01  2.06871E-02  5.70254E+03  1.00000E-35  5.70324E+03
   1.07732E+03  6.90289E-01  2.07015E-02  5.82296E+03  1.00000E-35  5.82367E+03
   1.07809E+03  7.03253E-01  2.07160E-02  5.93473E+03  1.00000E-35  5.93545E+03
   1.07887E+03  7.16623E-01  2.07306E-02  6.03843E+03  1.00000E-35  6.03917E+03
   1.07964E+03  7.30062E-01  2.07450E-02  6.13462E+03  1.00000E-35  6.13537E+03
   1.08042E+03  7.43922E-01  2.07597E-02  6.22384E+03  1.00000E-35  6.22460E+03
   1.08120E+03  7.58036E-01  2.07743E-02  6.30654E+03  1.00000E-35  6.30732E+03
   1.08197E+03  7.72220E-01  2.07887E-02  6.38318E+03  1.00000E-35  6.38397E+03
   1.08275E+03  7.86849E-01  2.08034E-02  6.45417E+03  1.00000E-35  6.45498E+03
   1.08431E+03  8.16910E-01  2.08326E-02  6.58058E+03  1.00000E-35  6.58142E+03
   1.08587E+03  8.48074E-01  2.08619E-02  6.68838E+03  1.00000E-35  6.68924E+03
   1.08743E+03  8.73877E-01  2.08911E-02  6.77974E+03  1.00000E-35  6.78064E+03
   1.08899E+03  8.96699E-01  2.09204E-02  6.85657E+03  1.00000E-35  6.85749E+03
   1.09056E+03  9.20234E-01  2.09498E-02  6.92049E+03  1.00000E-35  6.92143E+03
   1.09213E+03  9.44353E-01  2.09793E-02  6.97290E+03  1.00000E-35  6.97387E+03
   1.09370E+03  9.69067E-01  2.10087E-02  7.01507E+03  1.00000E-35  7.01606E+03
   1.09527E+03  9.94391E-01  2.10381E-02  7.04808E+03  1.00000E-35  7.04909E+03
   1.09684E+03  1.01827E+00  2.10676E-02  7.07294E+03  1.00000E-35  7.07398E+03
   1.10000E+03  1.05341E+00  2.11268E-02  7.10157E+03  1.00000E-35  7.10264E+03
   1.10220E+03  1.07853E+00  2.11681E-02  7.10754E+03  1.00000E-35  7.10864E+03
   1.10440E+03  1.10419E+00  2.12093E-02  7.10406E+03  1.00000E-35  7.10518E+03
   1.10882E+03  1.14890E+00  2.12922E-02  7.07446E+03  1.00000E-35  7.07563E+03
   1.11326E+03  1.18651E+00  2.13754E-02  7.02249E+03  1.00000E-35  7.02370E+03
   1.11772E+03  1.22321E+00  2.14590E-02  6.95553E+03  1.00000E-35  6.95678E+03
   1.12668E+03  1.28091E+00  2.16269E-02  6.79727E+03  1.00000E-35  6.79857E+03
   1.13572E+03  1.32757E+00  2.17963E-02  6.62886E+03  1.00000E-35  6.63021E+03
   1.15402E+03  1.40189E+00  2.21417E-02  6.30861E+03  1.00000E-35  6.31003E+03
   1.16327E+03  1.43222E+00  2.23166E-02  6.16553E+03  1.00000E-35  6.16699E+03
   1.17260E+03  1.45987E+00  2.24930E-02  6.03327E+03  1.00000E-35  6.03476E+03
   1.25000E+03  1.62621E+00  2.39544E-02  5.15253E+03  1.00000E-35  5.15418E+03
   1.40000E+03  1.76636E+00  2.67603E-02  3.87122E+03  1.00000E-35  3.87302E+03
   1.50000E+03  1.80267E+00  2.86006E-02  3.25209E+03  1.00000E-35  3.25392E+03
   1.62019E+03  1.81958E+00  3.07698E-02  2.67046E+03  1.00000E-35  2.67231E+03
   1.75000E+03  1.82053E+00  3.30592E-02  2.18886E+03  1.00000E-35  2.19071E+03
   1.87083E+03  1.80638E+00  3.51395E-02  1.83807E+03  1.00000E-35  1.83991E+03
   2.00000E+03  1.78392E+00  3.73132E-02  1.54076E+03  1.00000E-35  1.54258E+03
   2.20000E+03  1.74045E+00  4.05960E-02  1.19403E+03  1.00000E-35  1.19582E+03
   2.50000E+03  1.66529E+00  4.53416E-02  8.44423E+02  1.00000E-35  8.46133E+02
   2.73861E+03  1.60359E+00  4.89879E-02  6.57356E+02  1.00000E-35  6.59009E+02
   3.00000E+03  1.53340E+00  5.28638E-02  5.10588E+02  1.00000E-35  5.12174E+02
   3.50000E+03  1.40174E+00  5.99458E-02  3.31241E+02  1.00000E-35  3.32703E+02
   4.00000E+03  1.27642E+00  6.65861E-02  2.26611E+02  1.00000E-35  2.27954E+02
   4.50000E+03  1.16120E+00  7.27511E-02  1.61552E+02  1.00000E-35  1.62786E+02
   5.00000E+03  1.05626E+00  7.84472E-02  1.19026E+02  1.00000E-35  1.20161E+02
   5.50000E+03  9.60860E-01  8.36945E-02  9.00977E+01  1.00000E-35  9.11422E+01
   6.00000E+03  8.75334E-01  8.85136E-02  6.97599E+01  1.00000E-35  7.07238E+01
   7.00000E+03  7.30439E-01  9.70088E-02  4.41670E+01  1.00000E-35  4.49944E+01
   8.00000E+03  6.16707E-01  1.04244E-01  2.96125E+01  1.00000E-35  3.03334E+01
   9.00000E+03  5.26507E-01  1.10343E-01  2.07566E+01  1.00000E-35  2.13935E+01
   1.00000E+04  4.54458E-01  1.15592E-01  1.50737E+01  1.00000E-35  1.56437E+01
   1.10000E+04  3.96600E-01  1.20130E-01  1.12674E+01  1.00000E-35  1.17841E+01
   1.25000E+04  3.29580E-01  1.25824E-01  7.60838E+00  1.00000E-35  8.06379E+00
   1.40000E+04  2.78649E-01  1.30504E-01  5.36060E+00  1.00000E-35  5.76975E+00
   1.50000E+04  2.51554E-01  1.33155E-01  4.32743E+00  1.00000E-35  4.71214E+00
   1.62019E+04  2.24359E-01  1.35948E-01  3.40077E+00  1.00000E-35  3.76108E+00
   1.75000E+04  1.99742E-01  1.38551E-01  2.67533E+00  1.00000E-35  3.01363E+00
   2.00000E+04  1.63312E-01  1.42608E-01  1.75933E+00  1.00000E-35  2.06526E+00
   2.20000E+04  1.41173E-01  1.45113E-01  1.30254E+00  1.00000E-35  1.58883E+00
   2.50000E+04  1.15846E-01  1.47927E-01  8.68781E-01  1.00000E-35  1.13255E+00
   2.73861E+04  1.00228E-01  1.49590E-01  6.49011E-01  1.00000E-35  8.98829E-01
   3.00000E+04  8.64717E-02  1.50941E-01  4.85976E-01  1.00000E-35  7.23388E-01
   3.50000E+04  6.71718E-02  1.52474E-01  2.96549E-01  1.00000E-35  5.16195E-01
   4.00000E+04  5.35938E-02  1.53049E-01  1.92955E-01  1.00000E-35  3.99598E-01
   4.50000E+04  4.36556E-02  1.52895E-01  1.31912E-01  1.00000E-35  3.28463E-01
   5.00000E+04  3.62573E-02  1.52304E-01  9.37882E-02  1.00000E-35  2.82350E-01
   5.50000E+04  3.06050E-02  1.51404E-01  6.88457E-02  1.00000E-35  2.50854E-01
   6.00000E+04  2.61418E-02  1.50288E-01  5.18931E-02  1.00000E-35  2.28323E-01
   6.48074E+04  2.27029E-02  1.49078E-01  4.03431E-02  1.00000E-35  2.12124E-01
   7.00000E+04  1.96960E-02  1.47684E-01  3.14246E-02  1.00000E-35  1.98805E-01
   8.00000E+04  1.53912E-02  1.44874E-01  2.03402E-02  1.00000E-35  1.80606E-01
   9.00000E+04  1.23448E-02  1.42021E-01  1.38575E-02  1.00000E-35  1.68223E-01
   1.00000E+05  1.01344E-02  1.39217E-01  9.83246E-03  1.00000E-35  1.59183E-01
   1.10000E+05  8.45247E-03  1.36467E-01  7.21109E-03  1.00000E-35  1.52131E-01
   1.17260E+05  7.48388E-03  1.34534E-01  5.85622E-03  1.00000E-35  1.47874E-01
   1.25000E+05  6.62619E-03  1.32527E-01  4.76155E-03  1.00000E-35  1.43915E-01
   1.40000E+05  5.32432E-03  1.28857E-01  3.29968E-03  1.00000E-35  1.37481E-01
   1.50000E+05  4.65930E-03  1.26526E-01  2.64133E-03  1.00000E-35  1.33826E-01
   1.62019E+05  4.01315E-03  1.23870E-01  2.05928E-03  1.00000E-35  1.29942E-01
   1.75000E+05  3.45418E-03  1.21162E-01  1.61081E-03  1.00000E-35  1.26227E-01
   1.87083E+05  3.03061E-03  1.18783E-01  1.30204E-03  1.00000E-35  1.23115E-01
   2.00000E+05  2.65900E-03  1.16382E-01  1.05360E-03  1.00000E-35  1.20094E-01
   2.20000E+05  2.20606E-03  1.12908E-01  7.80361E-04  1.00000E-35  1.15895E-01
   2.34521E+05  1.94568E-03  1.10573E-01  6.38866E-04  1.00000E-35  1.13157E-01
   2.50000E+05  1.71498E-03  1.08218E-01  5.24081E-04  1.00000E-35  1.10457E-01
   2.73861E+05  1.43183E-03  1.04862E-01  3.95371E-04  1.00000E-35  1.06690E-01
   2.86633E+05  1.30828E-03  1.03178E-01  3.44273E-04  1.00000E-35  1.04830E-01
   3.00000E+05  1.19540E-03  1.01512E-01  3.00374E-04  1.00000E-35  1.03007E-01
   3.24037E+05  1.02623E-03  9.86841E-02  2.38540E-04  1.00000E-35  9.99489E-02
   3.36768E+05  9.50848E-04  9.72723E-02  2.12798E-04  1.00000E-35  9.84360E-02
   3.50000E+05  8.81000E-04  9.58723E-02  1.90040E-04  1.00000E-35  9.69434E-02
   3.74166E+05  7.71640E-04  9.34518E-02  1.56469E-04  1.00000E-35  9.43799E-02
   4.00000E+05  6.75554E-04  9.10540E-02  1.29310E-04  1.00000E-35  9.18589E-02
   4.24264E+05  6.00732E-04  8.89624E-02  1.09529E-04  1.00000E-35  8.96727E-02
   4.50000E+05  5.34196E-04  8.68794E-02  9.30249E-05  1.00000E-35  8.75067E-02
   4.74342E+05  4.80947E-04  8.50306E-02  8.05490E-05  1.00000E-35  8.55921E-02
   5.00000E+05  4.33007E-04  8.32051E-02  6.99184E-05  1.00000E-35  8.37081E-02
   5.24404E+05  3.93771E-04  8.15557E-02  6.16283E-05  1.00000E-35  8.20111E-02
   5.50000E+05  3.58088E-04  7.99301E-02  5.44345E-05  1.00000E-35  8.03426E-02
   5.74456E+05  3.28344E-04  7.84530E-02  4.86861E-05  1.00000E-35  7.88300E-02
   6.00000E+05  3.01071E-04  7.69927E-02  4.36174E-05  1.00000E-35  7.73373E-02
   6.23574E+05  2.78810E-04  7.57052E-02  3.96133E-05  1.00000E-35  7.60236E-02
   6.48074E+05  2.58196E-04  7.44343E-02  3.60289E-05  1.00000E-35  7.47285E-02
   6.73537E+05  2.39105E-04  7.31660E-02  3.28302E-05  1.00000E-35  7.34379E-02
   7.00000E+05  2.21426E-04  7.19189E-02  2.99669E-05  1.00000E-35  7.21703E-02
   7.48331E+05  1.93836E-04  6.97719E-02  2.56484E-05  1.00000E-35  6.99914E-02
   7.73735E+05  1.81344E-04  6.87119E-02  2.37657E-05  1.00000E-35  6.89170E-02
   8.00000E+05  1.69650E-04  6.76573E-02  2.20461E-05  1.00000E-35  6.78490E-02
   8.48528E+05  1.50821E-04  6.58204E-02  1.93559E-05  1.00000E-35  6.59906E-02
   9.00000E+05  1.34072E-04  6.40114E-02  1.70544E-05  1.00000E-35  6.41625E-02
   9.48683E+05  1.20673E-04  6.24062E-02  1.52676E-05  1.00000E-35  6.25422E-02
   1.00000E+06  1.08612E-04  6.08296E-02  1.37038E-05  1.00000E-35  6.09519E-02
   1.04881E+06  9.87435E-05  5.94211E-02  1.24535E-05  4.55525E-13  5.95323E-02
   1.10000E+06  8.97721E-05  5.80284E-02  1.13401E-05  9.84165E-07  5.81305E-02
   1.17260E+06  7.90052E-05  5.61938E-02  1.00299E-05  8.59326E-06  5.62915E-02
   1.25000E+06  6.95295E-05  5.43888E-02  8.90384E-06  2.48970E-05  5.44922E-02
   1.32288E+06  6.20840E-05  5.28139E-02  8.03177E-06  4.84603E-05  5.29325E-02
   1.40000E+06  5.54359E-05  5.12702E-02  7.26332E-06  8.38319E-05  5.14167E-02
   1.50000E+06  4.82945E-05  4.94271E-02  6.44587E-06  1.41853E-04  4.96237E-02
   1.55893E+06  4.47142E-05  4.84089E-02  6.03754E-06  1.78648E-04  4.86383E-02
   1.62019E+06  4.13987E-05  4.74114E-02  5.66094E-06  2.24999E-04  4.76835E-02
   1.68384E+06  3.83298E-05  4.64194E-02  5.31400E-06  2.72901E-04  4.67360E-02
   1.75000E+06  3.54880E-05  4.54458E-02  4.99343E-06  3.29227E-04  4.58155E-02
   1.87083E+06  3.10544E-05  4.37837E-02  4.49062E-06  4.36500E-04  4.42557E-02
   2.00000E+06  2.71748E-05  4.21640E-02  4.04872E-06  5.60833E-04  4.27561E-02
   2.09762E+06  2.47058E-05  4.10373E-02  3.76561E-06  6.62287E-04  4.17280E-02
   2.20000E+06  2.24611E-05  3.99187E-02  3.50641E-06  7.64482E-04  4.07091E-02
   2.34521E+06  1.97670E-05  3.84561E-02  3.19160E-06  9.17479E-04  3.93966E-02
   2.50000E+06  1.73960E-05  3.70320E-02  2.91056E-06  1.08410E-03  3.81364E-02
   2.73861E+06  1.44969E-05  3.50595E-02  2.55844E-06  1.33883E-03  3.64154E-02
   3.00000E+06  1.20808E-05  3.31601E-02  2.25727E-06  1.61759E-03  3.47920E-02
   3.24037E+06  1.03551E-05  3.16133E-02  2.03443E-06  1.87306E-03  3.34988E-02
   3.50000E+06  8.87589E-06  3.01195E-02  1.83706E-06  2.14527E-03  3.22755E-02
   3.74166E+06  7.76645E-06  2.88661E-02  1.68388E-06  2.39195E-03  3.12675E-02
   4.00000E+06  6.79570E-06  2.76516E-02  1.54551E-06  2.64858E-03  3.03085E-02
   4.50000E+06  5.36953E-06  2.56070E-02  1.33201E-06  3.13085E-03  2.87446E-02
   5.00000E+06  4.34937E-06  2.38746E-02  1.16925E-06  3.58245E-03  2.74626E-02
   5.50000E+06  3.59456E-06  2.23891E-02  1.04126E-06  4.00663E-03  2.64004E-02
   6.00000E+06  3.02047E-06  2.10983E-02  9.38071E-07  4.42474E-03  2.55270E-02
   6.48074E+06  2.58900E-06  2.00056E-02  8.56087E-07  4.80587E-03  2.48149E-02
   7.00000E+06  2.21916E-06  1.89596E-02  7.82168E-07  5.18722E-03  2.41498E-02
   8.00000E+06  1.69906E-06  1.72541E-02  6.70158E-07  5.87499E-03  2.31315E-02
   9.00000E+06  1.34247E-06  1.58576E-02  5.85905E-07  6.49829E-03  2.23578E-02
   1.00000E+07  1.08740E-06  1.46907E-02  5.20288E-07  7.06768E-03  2.17600E-02
   1.10000E+07  8.98681E-07  1.36996E-02  4.67773E-07  7.58833E-03  2.12893E-02
   1.25000E+07  6.95934E-07  1.24619E-02  4.06140E-07  8.29152E-03  2.07545E-02
   1.40000E+07  5.54798E-07  1.14469E-02  3.58767E-07  8.92407E-03  2.03719E-02
   1.50000E+07  4.83289E-07  1.08658E-02  3.32847E-07  9.31149E-03  2.01781E-02
   1.75000E+07  3.55071E-07  9.66118E-03  2.81867E-07  1.01807E-02  1.98425E-02
   2.00000E+07  2.71852E-07  8.71580E-03  2.44377E-07  1.09445E-02  1.96608E-02
   2.20000E+07  2.24672E-07  8.09338E-03  2.20855E-07  1.14889E-02  1.95827E-02
   2.50000E+07  1.73986E-07  7.32197E-03  1.92970E-07  1.22143E-02  1.95366E-02
   3.00000E+07  1.20823E-07  6.33822E-03  1.59398E-07  1.32462E-02  1.95847E-02
   3.50000E+07  8.87680E-08  5.60350E-03  1.35761E-07  1.41097E-02  1.97134E-02
   4.00000E+07  6.79632E-08  5.03207E-03  1.18221E-07  1.48496E-02  1.98819E-02
   4.50000E+07  5.36993E-08  4.57363E-03  1.04690E-07  1.54925E-02  2.00663E-02
   5.00000E+07  4.34964E-08  4.19713E-03  9.39368E-08  1.60583E-02  2.02555E-02
   5.50000E+07  3.59475E-08  3.88195E-03  8.51851E-08  1.65598E-02  2.04419E-02
   6.00000E+07  3.02060E-08  3.61387E-03  7.79240E-08  1.70222E-02  2.06361E-02
   7.00000E+07  2.21921E-08  3.18151E-03  6.65731E-08  1.78123E-02  2.09939E-02
   8.00000E+07  1.69908E-08  2.84730E-03  5.81075E-08  1.84739E-02  2.13213E-02
   9.00000E+07  1.34249E-08  2.58047E-03  5.15515E-08  1.90352E-02  2.16157E-02
   1.00000E+08  1.08741E-08  2.36228E-03  4.63244E-08  1.95216E-02  2.18839E-02
   1.10000E+08  8.98691E-09  2.18025E-03  4.20596E-08  1.99471E-02  2.21274E-02
   1.25000E+08  6.95944E-09  1.95712E-03  3.69559E-08  2.04930E-02  2.24502E-02
   1.40000E+08  5.54804E-09  1.77787E-03  3.29568E-08  2.09560E-02  2.27339E-02
   1.50000E+08  4.83294E-09  1.67661E-03  3.07389E-08  2.12268E-02  2.29034E-02
   1.75000E+08  3.55073E-09  1.47011E-03  2.63122E-08  2.18036E-02  2.32737E-02
   2.00000E+08  2.71854E-09  1.31134E-03  2.30000E-08  2.22718E-02  2.35832E-02
   2.20000E+08  2.24673E-09  1.20831E-03  2.08956E-08  2.25862E-02  2.37946E-02
   2.50000E+08  1.73986E-09  1.08238E-03  1.83739E-08  2.29830E-02  2.40654E-02
   3.00000E+08  1.20823E-09  9.24624E-04  1.52971E-08  2.35058E-02  2.44305E-02
   3.50000E+08  8.87683E-10  8.08910E-04  1.31029E-08  2.39079E-02  2.47169E-02
   4.00000E+08  6.79632E-10  7.20199E-04  1.14592E-08  2.42293E-02  2.49495E-02
   4.50000E+08  5.36993E-10  6.49884E-04  1.01819E-08  2.44910E-02  2.51409E-02
   5.00000E+08  4.34964E-10  5.92710E-04  9.16083E-09  2.47094E-02  2.53021E-02
   5.50000E+08  3.59474E-10  5.45249E-04  8.32585E-09  2.48910E-02  2.54363E-02
   6.00000E+08  3.02057E-10  5.05183E-04  7.63039E-09  2.50562E-02  2.55614E-02
   7.00000E+08  2.21920E-10  4.41158E-04  6.53810E-09  2.53173E-02  2.57584E-02
   8.00000E+08  1.69908E-10  3.92184E-04  5.71938E-09  2.55231E-02  2.59153E-02
   9.00000E+08  1.34248E-10  3.53443E-04  5.08288E-09  2.56906E-02  2.60441E-02
   9.48683E+08  1.20824E-10  3.37355E-04  4.82570E-09  2.57610E-02  2.60984E-02
   1.00000E+09  1.08741E-10  3.21992E-04  4.57387E-09  2.58300E-02  2.61520E-02
