 # Material data file: Ho                  
 # 
 # PENELOPE >>>  Photon mass attenuation coefficients (mac).
 # 
 #   Energy       mac_Ra       mac_Co       mac_ph       mac_pp       mac_tot
 #    (eV)       (cm**2/g)    (cm**2/g)    (cm**2/g)    (cm**2/g)    (cm**2/g)
 #------------------------------------------------------------------------------
   5.00000E+01  4.18449E-01  3.80056E-03  2.90538E+04  1.00000E-35  2.90543E+04
   5.09902E+01  4.08031E-01  3.81707E-03  2.84816E+04  1.00000E-35  2.84820E+04
   5.20000E+01  4.01678E-01  3.83365E-03  2.79710E+04  1.00000E-35  2.79714E+04
   5.20000E+01  4.01678E-01  3.83365E-03  2.81790E+04  1.00000E-35  2.81794E+04
   5.20456E+01  4.01516E-01  3.83439E-03  2.81575E+04  1.00000E-35  2.81579E+04
   5.20912E+01  4.01354E-01  3.83513E-03  2.81360E+04  1.00000E-35  2.81364E+04
   5.21826E+01  4.01031E-01  3.83662E-03  2.80935E+04  1.00000E-35  2.80939E+04
   5.23659E+01  4.00385E-01  3.83959E-03  2.80098E+04  1.00000E-35  2.80102E+04
   5.27343E+01  3.98483E-01  3.84555E-03  2.78479E+04  1.00000E-35  2.78483E+04
   5.34790E+01  3.93274E-01  3.85748E-03  2.75460E+04  1.00000E-35  2.75464E+04
   5.50000E+01  3.84374E-01  3.88464E-03  2.70244E+04  1.00000E-35  2.70248E+04
   5.62095E+01  3.78761E-01  3.90977E-03  2.66890E+04  1.00000E-35  2.66894E+04
   5.74456E+01  3.74316E-01  3.93507E-03  2.64077E+04  1.00000E-35  2.64081E+04
   5.87089E+01  3.70392E-01  3.96052E-03  2.61754E+04  1.00000E-35  2.61758E+04
   6.00000E+01  3.67632E-01  3.99052E-03  2.59873E+04  1.00000E-35  2.59877E+04
   6.11673E+01  3.66023E-01  4.01974E-03  2.58533E+04  1.00000E-35  2.58537E+04
   6.23574E+01  3.64420E-01  4.04916E-03  2.57461E+04  1.00000E-35  2.57465E+04
   6.48074E+01  3.65044E-01  4.11035E-03  2.55997E+04  1.00000E-35  2.56001E+04
   6.73537E+01  3.67214E-01  4.18178E-03  2.55238E+04  1.00000E-35  2.55242E+04
   7.00000E+01  3.72501E-01  4.25446E-03  2.54963E+04  1.00000E-35  2.54967E+04
   8.00000E+01  4.10436E-01  4.56247E-03  2.55371E+04  1.00000E-35  2.55375E+04
   8.48528E+01  4.34905E-01  4.71959E-03  2.55448E+04  1.00000E-35  2.55453E+04
   9.00000E+01  4.62927E-01  4.89038E-03  2.55196E+04  1.00000E-35  2.55201E+04
   9.48683E+01  4.90302E-01  5.05745E-03  2.54654E+04  1.00000E-35  2.54659E+04
   1.00000E+02  5.19672E-01  5.23323E-03  2.53750E+04  1.00000E-35  2.53756E+04
   1.04881E+02  5.47756E-01  5.40194E-03  2.52535E+04  1.00000E-35  2.52541E+04
   1.10000E+02  5.75715E-01  5.57846E-03  2.50841E+04  1.00000E-35  2.50846E+04
   1.13572E+02  5.94051E-01  5.70118E-03  2.49381E+04  1.00000E-35  2.49387E+04
   1.17260E+02  6.10479E-01  5.82682E-03  2.47628E+04  1.00000E-35  2.47634E+04
   1.21068E+02  6.24648E-01  5.95596E-03  2.45560E+04  1.00000E-35  2.45566E+04
   1.25000E+02  6.35047E-01  6.08797E-03  2.43166E+04  1.00000E-35  2.43173E+04
   1.28592E+02  6.39456E-01  6.20702E-03  2.40771E+04  1.00000E-35  2.40778E+04
   1.32288E+02  6.36636E-01  6.32807E-03  2.38128E+04  1.00000E-35  2.38134E+04
   1.36089E+02  6.23208E-01  6.45145E-03  2.35251E+04  1.00000E-35  2.35257E+04
   1.40000E+02  5.95465E-01  6.57608E-03  2.32158E+04  1.00000E-35  2.32164E+04
   1.44914E+02  6.00316E-01  6.72994E-03  2.28128E+04  1.00000E-35  2.28134E+04
   1.50000E+02  1.12714E+00  6.88733E-03  2.23841E+04  1.00000E-35  2.23853E+04
   1.56844E+02  1.50049E+01  7.09098E-03  2.17956E+04  1.00000E-35  2.18106E+04
   1.64000E+02  1.04211E+01  7.29984E-03  2.11712E+04  1.00000E-35  2.11816E+04
   1.64000E+02  1.04211E+01  7.29984E-03  2.26513E+04  1.00000E-35  2.26617E+04
   1.64122E+02  1.04666E+01  7.30327E-03  2.26422E+04  1.00000E-35  2.26526E+04
   1.64244E+02  1.05122E+01  7.30670E-03  2.26331E+04  1.00000E-35  2.26436E+04
   1.64489E+02  1.04708E+01  7.31358E-03  2.26156E+04  1.00000E-35  2.26261E+04
   1.64979E+02  9.45678E+00  7.32734E-03  2.25836E+04  1.00000E-35  2.25931E+04
   1.65964E+02  7.70928E+00  7.35495E-03  2.25301E+04  1.00000E-35  2.25378E+04
   1.67952E+02  4.40021E+00  7.41048E-03  2.24603E+04  1.00000E-35  2.24647E+04
   1.72000E+02  2.67890E+00  7.52283E-03  2.23914E+04  1.00000E-35  2.23941E+04
   1.72000E+02  2.67890E+00  7.52283E-03  2.34281E+04  1.00000E-35  2.34308E+04
   1.72093E+02  2.66506E+00  7.52540E-03  2.34288E+04  1.00000E-35  2.34315E+04
   1.72186E+02  2.65130E+00  7.52797E-03  2.34295E+04  1.00000E-35  2.34321E+04
   1.72372E+02  2.63325E+00  7.53310E-03  2.34305E+04  1.00000E-35  2.34332E+04
   1.72745E+02  2.59758E+00  7.54340E-03  2.34318E+04  1.00000E-35  2.34344E+04
   1.73494E+02  2.52762E+00  7.56404E-03  2.34301E+04  1.00000E-35  2.34326E+04
   1.75000E+02  2.42771E+00  7.60546E-03  2.34070E+04  1.00000E-35  2.34094E+04
   1.76467E+02  2.36512E+00  7.64568E-03  2.33571E+04  1.00000E-35  2.33595E+04
   1.77946E+02  2.32566E+00  7.68567E-03  2.32810E+04  1.00000E-35  2.32833E+04
   1.80941E+02  2.29347E+00  7.76398E-03  2.30682E+04  1.00000E-35  2.30705E+04
   1.82457E+02  2.29079E+00  7.80342E-03  2.29366E+04  1.00000E-35  2.29389E+04
   1.83986E+02  2.29225E+00  7.84307E-03  2.27759E+04  1.00000E-35  2.27782E+04
   1.85528E+02  2.29570E+00  7.88293E-03  2.25881E+04  1.00000E-35  2.25904E+04
   1.87083E+02  2.30045E+00  7.92299E-03  2.23770E+04  1.00000E-35  2.23793E+04
   1.90232E+02  2.31000E+00  8.00372E-03  2.19054E+04  1.00000E-35  2.19078E+04
   1.93434E+02  2.31692E+00  8.08501E-03  2.13974E+04  1.00000E-35  2.13997E+04
   2.00000E+02  2.31636E+00  8.24334E-03  2.03591E+04  1.00000E-35  2.03614E+04
   2.09762E+02  2.30506E+00  8.47477E-03  1.89509E+04  1.00000E-35  1.89532E+04
   2.14820E+02  2.29606E+00  8.58784E-03  1.83062E+04  1.00000E-35  1.83085E+04
   2.20000E+02  2.28709E+00  8.70191E-03  1.77074E+04  1.00000E-35  1.77096E+04
   2.27144E+02  2.27687E+00  8.85728E-03  1.69740E+04  1.00000E-35  1.69763E+04
   2.34521E+02  2.26943E+00  9.00930E-03  1.63124E+04  1.00000E-35  1.63146E+04
   2.42137E+02  2.26695E+00  9.16214E-03  1.57106E+04  1.00000E-35  1.57129E+04
   2.50000E+02  2.26859E+00  9.31647E-03  1.51569E+04  1.00000E-35  1.51591E+04
   2.61659E+02  2.27259E+00  9.53083E-03  1.44286E+04  1.00000E-35  1.44309E+04
   2.73861E+02  2.27659E+00  9.74725E-03  1.37500E+04  1.00000E-35  1.37523E+04
   3.00000E+02  2.35735E+00  1.01717E-02  1.24888E+04  1.00000E-35  1.24912E+04
   3.10000E+02  2.47988E+00  1.03218E-02  1.20596E+04  1.00000E-35  1.20621E+04
   3.10000E+02  2.47988E+00  1.03218E-02  1.30962E+04  1.00000E-35  1.30987E+04
   3.10280E+02  2.48113E+00  1.03260E-02  1.30841E+04  1.00000E-35  1.30866E+04
   3.10561E+02  2.48239E+00  1.03302E-02  1.30721E+04  1.00000E-35  1.30746E+04
   3.11122E+02  2.48491E+00  1.03385E-02  1.30480E+04  1.00000E-35  1.30505E+04
   3.12248E+02  2.48995E+00  1.03552E-02  1.29998E+04  1.00000E-35  1.30023E+04
   3.14513E+02  2.50007E+00  1.03887E-02  1.29038E+04  1.00000E-35  1.29064E+04
   3.19092E+02  2.52043E+00  1.04560E-02  1.27131E+04  1.00000E-35  1.27156E+04
   3.28451E+02  2.56103E+00  1.05858E-02  1.23358E+04  1.00000E-35  1.23383E+04
   3.48000E+02  2.69116E+00  1.08476E-02  1.15942E+04  1.00000E-35  1.15969E+04
   3.48000E+02  2.69116E+00  1.08476E-02  1.18603E+04  1.00000E-35  1.18630E+04
   3.48249E+02  2.69318E+00  1.08509E-02  1.18508E+04  1.00000E-35  1.18535E+04
   3.48499E+02  2.69521E+00  1.08542E-02  1.18414E+04  1.00000E-35  1.18441E+04
   3.48999E+02  2.69927E+00  1.08608E-02  1.18225E+04  1.00000E-35  1.18252E+04
   3.50000E+02  2.70740E+00  1.08732E-02  1.17849E+04  1.00000E-35  1.17876E+04
   3.74166E+02  2.85450E+00  1.11672E-02  1.09494E+04  1.00000E-35  1.09522E+04
   4.00000E+02  2.96377E+00  1.14562E-02  1.01312E+04  1.00000E-35  1.01341E+04
   4.16653E+02  3.02267E+00  1.16323E-02  9.64554E+03  1.00000E-35  9.64857E+03
   4.34000E+02  3.14064E+00  1.18033E-02  9.16974E+03  1.00000E-35  9.17289E+03
   4.34000E+02  3.14064E+00  1.18033E-02  9.52209E+03  1.00000E-35  9.52524E+03
   4.34246E+02  3.14198E+00  1.18057E-02  9.51402E+03  1.00000E-35  9.51717E+03
   4.34491E+02  3.14330E+00  1.18081E-02  9.50599E+03  1.00000E-35  9.50914E+03
   4.34983E+02  3.14596E+00  1.18129E-02  9.48999E+03  1.00000E-35  9.49315E+03
   4.35968E+02  3.15129E+00  1.18225E-02  9.45867E+03  1.00000E-35  9.46183E+03
   4.37946E+02  3.16181E+00  1.18416E-02  9.39813E+03  1.00000E-35  9.40130E+03
   4.41928E+02  3.18284E+00  1.18801E-02  9.28333E+03  1.00000E-35  9.28652E+03
   4.50000E+02  3.22531E+00  1.19571E-02  9.06965E+03  1.00000E-35  9.07289E+03
   4.74342E+02  3.32883E+00  1.21730E-02  8.48197E+03  1.00000E-35  8.48531E+03
   5.00000E+02  3.42048E+00  1.23882E-02  7.90448E+03  1.00000E-35  7.90791E+03
   5.24404E+02  3.49547E+00  1.25804E-02  7.40161E+03  1.00000E-35  7.40512E+03
   5.50000E+02  3.55922E+00  1.27697E-02  6.91697E+03  1.00000E-35  6.92055E+03
   5.74456E+02  3.61430E+00  1.29425E-02  6.49189E+03  1.00000E-35  6.49551E+03
   6.00000E+02  3.65767E+00  1.31122E-02  6.08494E+03  1.00000E-35  6.08861E+03
   6.23574E+02  3.69301E+00  1.32632E-02  5.73851E+03  1.00000E-35  5.74221E+03
   6.48074E+02  3.71797E+00  1.34127E-02  5.40514E+03  1.00000E-35  5.40887E+03
   7.00000E+02  3.74605E+00  1.37131E-02  4.78025E+03  1.00000E-35  4.78401E+03
   7.48331E+02  3.74814E+00  1.39755E-02  4.28447E+03  1.00000E-35  4.28823E+03
   8.00000E+02  3.72469E+00  1.42427E-02  3.82802E+03  1.00000E-35  3.83176E+03
   8.48528E+02  3.68411E+00  1.44853E-02  3.45804E+03  1.00000E-35  3.46174E+03
   9.00000E+02  3.61636E+00  1.47353E-02  3.11755E+03  1.00000E-35  3.12118E+03
   9.48683E+02  3.53135E+00  1.49677E-02  2.83616E+03  1.00000E-35  2.83971E+03
   1.00000E+03  3.40910E+00  1.52117E-02  2.57618E+03  1.00000E-35  2.57960E+03
   1.04881E+03  3.25987E+00  1.54391E-02  2.35863E+03  1.00000E-35  2.36191E+03
   1.10000E+03  3.06913E+00  1.56828E-02  2.15681E+03  1.00000E-35  2.15990E+03
   1.17260E+03  2.71987E+00  1.60266E-02  1.90917E+03  1.00000E-35  1.91191E+03
   1.25000E+03  2.16508E+00  1.63948E-02  1.68658E+03  1.00000E-35  1.68876E+03
   1.35400E+03  3.20356E+00  1.69015E-02  1.44006E+03  1.00000E-35  1.44328E+03
   1.35400E+03  3.20356E+00  1.69015E-02  1.53899E+03  1.00000E-35  1.54221E+03
   1.35526E+03  3.23426E+00  1.69079E-02  1.59434E+03  1.00000E-35  1.59759E+03
   1.35653E+03  3.25677E+00  1.69144E-02  1.67827E+03  1.00000E-35  1.68154E+03
   1.35779E+03  3.27924E+00  1.69209E-02  1.79221E+03  1.00000E-35  1.79551E+03
   1.35906E+03  3.30202E+00  1.69273E-02  1.93570E+03  1.00000E-35  1.93902E+03
   1.36033E+03  3.32494E+00  1.69338E-02  2.10528E+03  1.00000E-35  2.10862E+03
   1.36159E+03  3.34782E+00  1.69403E-02  2.29442E+03  1.00000E-35  2.29779E+03
   1.36286E+03  3.37101E+00  1.69467E-02  2.49430E+03  1.00000E-35  2.49769E+03
   1.36414E+03  3.39452E+00  1.69533E-02  2.69528E+03  1.00000E-35  2.69869E+03
   1.36541E+03  3.41800E+00  1.69597E-02  2.88875E+03  1.00000E-35  2.89219E+03
   1.36668E+03  3.44161E+00  1.69662E-02  3.06835E+03  1.00000E-35  3.07181E+03
   1.36796E+03  3.47133E+00  1.69727E-02  3.23046E+03  1.00000E-35  3.23395E+03
   1.36923E+03  3.52755E+00  1.69792E-02  3.37400E+03  1.00000E-35  3.37755E+03
   1.37051E+03  3.58509E+00  1.69857E-02  3.49973E+03  1.00000E-35  3.50333E+03
   1.37179E+03  3.64351E+00  1.69922E-02  3.60946E+03  1.00000E-35  3.61312E+03
   1.37307E+03  3.70282E+00  1.69987E-02  3.70548E+03  1.00000E-35  3.70920E+03
   1.37435E+03  3.76304E+00  1.70052E-02  3.79008E+03  1.00000E-35  3.79386E+03
   1.37563E+03  3.82418E+00  1.70117E-02  3.86526E+03  1.00000E-35  3.86910E+03
   1.37691E+03  3.88626E+00  1.70182E-02  3.93278E+03  1.00000E-35  3.93668E+03
   1.37820E+03  3.94979E+00  1.70247E-02  3.99397E+03  1.00000E-35  3.99794E+03
   1.37948E+03  4.01379E+00  1.70312E-02  4.04980E+03  1.00000E-35  4.05383E+03
   1.38077E+03  4.06478E+00  1.70377E-02  4.10099E+03  1.00000E-35  4.10507E+03
   1.38206E+03  4.08274E+00  1.70442E-02  4.14802E+03  1.00000E-35  4.15212E+03
   1.38464E+03  4.11883E+00  1.70573E-02  4.23072E+03  1.00000E-35  4.23486E+03
   1.38722E+03  4.15518E+00  1.70703E-02  4.29915E+03  1.00000E-35  4.30332E+03
   1.38981E+03  4.19192E+00  1.70834E-02  4.35370E+03  1.00000E-35  4.35791E+03
   1.39240E+03  4.22891E+00  1.70964E-02  4.39489E+03  1.00000E-35  4.39913E+03
   1.39500E+03  4.19194E+00  1.71095E-02  4.42348E+03  1.00000E-35  4.42769E+03
   1.39500E+03  4.19194E+00  1.71095E-02  4.49307E+03  1.00000E-35  4.49728E+03
   1.39625E+03  4.15976E+00  1.71158E-02  4.53605E+03  1.00000E-35  4.54023E+03
   1.39750E+03  4.12786E+00  1.71221E-02  4.59363E+03  1.00000E-35  4.59778E+03
   1.39875E+03  4.09623E+00  1.71283E-02  4.66768E+03  1.00000E-35  4.67179E+03
   1.40000E+03  4.06487E+00  1.71346E-02  4.75820E+03  1.00000E-35  4.76228E+03
   1.40151E+03  4.02734E+00  1.71422E-02  4.88680E+03  1.00000E-35  4.89084E+03
   1.40302E+03  3.99020E+00  1.71498E-02  5.03055E+03  1.00000E-35  5.03456E+03
   1.40453E+03  3.95344E+00  1.71573E-02  5.18014E+03  1.00000E-35  5.18411E+03
   1.40605E+03  3.91682E+00  1.71649E-02  5.32591E+03  1.00000E-35  5.32984E+03
   1.40757E+03  3.90222E+00  1.71725E-02  5.46016E+03  1.00000E-35  5.46408E+03
   1.40908E+03  3.88780E+00  1.71801E-02  5.57861E+03  1.00000E-35  5.58252E+03
   1.41060E+03  3.87334E+00  1.71877E-02  5.68008E+03  1.00000E-35  5.68398E+03
   1.41213E+03  3.85886E+00  1.71953E-02  5.76571E+03  1.00000E-35  5.76958E+03
   1.41365E+03  3.84454E+00  1.72029E-02  5.83771E+03  1.00000E-35  5.84157E+03
   1.41517E+03  3.83029E+00  1.72105E-02  5.89873E+03  1.00000E-35  5.90257E+03
   1.41670E+03  3.81602E+00  1.72181E-02  5.95105E+03  1.00000E-35  5.95488E+03
   1.41823E+03  3.80181E+00  1.72258E-02  5.99647E+03  1.00000E-35  6.00029E+03
   1.42129E+03  3.82584E+00  1.72410E-02  6.07173E+03  1.00000E-35  6.07557E+03
   1.42436E+03  3.86984E+00  1.72563E-02  6.13091E+03  1.00000E-35  6.13480E+03
   1.42743E+03  3.91426E+00  1.72715E-02  6.17663E+03  1.00000E-35  6.18056E+03
   1.43051E+03  3.95923E+00  1.72868E-02  6.20956E+03  1.00000E-35  6.21354E+03
   1.43360E+03  4.01159E+00  1.73021E-02  6.23001E+03  1.00000E-35  6.23404E+03
   1.43669E+03  4.07279E+00  1.73174E-02  6.23863E+03  1.00000E-35  6.24272E+03
   1.43979E+03  4.13499E+00  1.73327E-02  6.23666E+03  1.00000E-35  6.24081E+03
   1.44290E+03  4.19820E+00  1.73480E-02  6.22592E+03  1.00000E-35  6.23014E+03
   1.44914E+03  4.31928E+00  1.73787E-02  6.18620E+03  1.00000E-35  6.19053E+03
   1.47435E+03  4.76828E+00  1.75049E-02  5.96693E+03  1.00000E-35  5.97172E+03
   1.48712E+03  4.97085E+00  1.75719E-02  5.85520E+03  1.00000E-35  5.86019E+03
   1.50000E+03  5.14798E+00  1.76392E-02  5.73752E+03  1.00000E-35  5.74269E+03
   1.74600E+03  6.36880E+00  1.89240E-02  3.98024E+03  1.00000E-35  3.98663E+03
   1.74600E+03  6.36880E+00  1.89240E-02  4.58081E+03  1.00000E-35  4.58720E+03
   1.74700E+03  6.38009E+00  1.89294E-02  4.57968E+03  1.00000E-35  4.58608E+03
   1.74800E+03  6.39140E+00  1.89349E-02  4.57833E+03  1.00000E-35  4.58474E+03
   1.75000E+03  6.41405E+00  1.89458E-02  4.57439E+03  1.00000E-35  4.58082E+03
   1.83589E+03  6.90975E+00  1.94083E-02  4.10209E+03  1.00000E-35  4.10902E+03
   1.92600E+03  7.18495E+00  1.98919E-02  3.67218E+03  1.00000E-35  3.67939E+03
   1.92600E+03  7.18495E+00  1.98919E-02  3.87790E+03  1.00000E-35  3.88510E+03
   1.92713E+03  7.19130E+00  1.98981E-02  3.87841E+03  1.00000E-35  3.88562E+03
   1.92827E+03  7.19772E+00  1.99043E-02  3.87698E+03  1.00000E-35  3.88420E+03
   1.93054E+03  7.21049E+00  1.99168E-02  3.87231E+03  1.00000E-35  3.87954E+03
   1.93510E+03  7.23619E+00  1.99417E-02  3.85913E+03  1.00000E-35  3.86639E+03
   1.94424E+03  7.28490E+00  1.99915E-02  3.81991E+03  1.00000E-35  3.82722E+03
   1.96265E+03  7.36846E+00  2.00916E-02  3.73308E+03  1.00000E-35  3.74047E+03
   2.00000E+03  7.47342E+00  2.02934E-02  3.57817E+03  1.00000E-35  3.58566E+03
   2.13300E+03  7.71628E+00  2.10168E-02  3.08756E+03  1.00000E-35  3.09530E+03
   2.13300E+03  7.71628E+00  2.10168E-02  3.23835E+03  1.00000E-35  3.24609E+03
   2.13506E+03  7.72497E+00  2.10281E-02  3.22707E+03  1.00000E-35  3.23482E+03
   2.13713E+03  7.73371E+00  2.10394E-02  3.21689E+03  1.00000E-35  3.22465E+03
   2.14126E+03  7.75115E+00  2.10619E-02  3.19898E+03  1.00000E-35  3.20675E+03
   2.14956E+03  7.78421E+00  2.11072E-02  3.16929E+03  1.00000E-35  3.17710E+03
   2.16624E+03  7.83530E+00  2.11980E-02  3.11711E+03  1.00000E-35  3.12497E+03
   2.20000E+03  7.90362E+00  2.13807E-02  3.00911E+03  1.00000E-35  3.01703E+03
   2.34521E+03  8.03516E+00  2.21763E-02  2.59856E+03  1.00000E-35  2.60662E+03
   2.50000E+03  8.05890E+00  2.30230E-02  2.23990E+03  1.00000E-35  2.24798E+03
   2.73861E+03  7.97905E+00  2.43277E-02  1.80682E+03  1.00000E-35  1.81482E+03
   3.00000E+03  7.80256E+00  2.57477E-02  1.45316E+03  1.00000E-35  1.46099E+03
   3.24037E+03  7.60475E+00  2.70393E-02  1.20614E+03  1.00000E-35  1.21377E+03
   3.50000E+03  7.35395E+00  2.84153E-02  9.99384E+02  1.00000E-35  1.00677E+03
   3.74166E+03  7.12083E+00  2.96747E-02  8.48055E+02  1.00000E-35  8.55205E+02
   4.00000E+03  6.86328E+00  3.09974E-02  7.18856E+02  1.00000E-35  7.25750E+02
   4.50000E+03  6.35107E+00  3.34789E-02  5.35720E+02  1.00000E-35  5.42104E+02
   5.00000E+03  5.86950E+00  3.58600E-02  4.10793E+02  1.00000E-35  4.16698E+02
   5.50000E+03  5.40571E+00  3.81385E-02  3.22478E+02  1.00000E-35  3.27922E+02
   6.00000E+03  4.96396E+00  4.03033E-02  2.58165E+02  1.00000E-35  2.63169E+02
   7.00000E+03  4.10001E+00  4.43174E-02  1.73532E+02  1.00000E-35  1.77676E+02
   8.00000E+03  2.76000E+00  4.80006E-02  1.22634E+02  1.00000E-35  1.25442E+02
   8.07500E+03  2.73501E+00  4.82640E-02  1.19684E+02  1.00000E-35  1.22467E+02
   8.07500E+03  2.73501E+00  4.82640E-02  3.18384E+02  1.00000E-35  3.21167E+02
   8.08130E+03  2.73559E+00  4.82860E-02  3.27381E+02  1.00000E-35  3.30165E+02
   8.08760E+03  2.73617E+00  4.83081E-02  3.31100E+02  1.00000E-35  3.33884E+02
   8.09390E+03  2.74176E+00  4.83302E-02  3.28826E+02  1.00000E-35  3.31616E+02
   8.10021E+03  2.75314E+00  4.83522E-02  3.24708E+02  1.00000E-35  3.27509E+02
   8.10652E+03  2.76456E+00  4.83743E-02  3.21548E+02  1.00000E-35  3.24361E+02
   8.11284E+03  2.77603E+00  4.83964E-02  3.19985E+02  1.00000E-35  3.22809E+02
   8.11917E+03  2.78757E+00  4.84186E-02  3.19537E+02  1.00000E-35  3.22373E+02
   8.12550E+03  2.79913E+00  4.84407E-02  3.19528E+02  1.00000E-35  3.22376E+02
   8.13817E+03  2.82241E+00  4.84850E-02  3.19281E+02  1.00000E-35  3.22152E+02
   8.15087E+03  2.84590E+00  4.85293E-02  3.18431E+02  1.00000E-35  3.21325E+02
   8.17631E+03  2.89415E+00  4.86181E-02  3.15676E+02  1.00000E-35  3.18618E+02
   8.20184E+03  2.94430E+00  4.87070E-02  3.12787E+02  1.00000E-35  3.15780E+02
   8.22744E+03  2.99531E+00  4.87961E-02  3.10329E+02  1.00000E-35  3.13373E+02
   8.27890E+03  3.07113E+00  4.89748E-02  3.06076E+02  1.00000E-35  3.09196E+02
   8.33067E+03  3.12891E+00  4.91541E-02  3.01635E+02  1.00000E-35  3.04813E+02
   8.38277E+03  3.16070E+00  4.93341E-02  2.96711E+02  1.00000E-35  2.99921E+02
   8.48794E+03  3.18526E+00  4.96961E-02  2.86983E+02  1.00000E-35  2.90218E+02
   8.92200E+03  3.00170E+00  5.11559E-02  2.51221E+02  1.00000E-35  2.54274E+02
   8.92200E+03  3.00170E+00  5.11559E-02  3.36432E+02  1.00000E-35  3.39485E+02
   8.92686E+03  3.00244E+00  5.11719E-02  3.43235E+02  1.00000E-35  3.46288E+02
   8.93171E+03  3.00319E+00  5.11880E-02  3.45928E+02  1.00000E-35  3.48983E+02
   8.93657E+03  3.00393E+00  5.12040E-02  3.46087E+02  1.00000E-35  3.49142E+02
   8.94144E+03  3.00468E+00  5.12201E-02  3.44741E+02  1.00000E-35  3.47797E+02
   8.95117E+03  3.00617E+00  5.12523E-02  3.41557E+02  1.00000E-35  3.44614E+02
   8.95604E+03  3.00845E+00  5.12684E-02  3.40535E+02  1.00000E-35  3.43594E+02
   8.96092E+03  3.01234E+00  5.12845E-02  3.39920E+02  1.00000E-35  3.42984E+02
   8.98044E+03  3.02793E+00  5.13489E-02  3.38737E+02  1.00000E-35  3.41817E+02
   9.00000E+03  3.04360E+00  5.14134E-02  3.36818E+02  1.00000E-35  3.39913E+02
   9.09789E+03  3.12097E+00  5.17353E-02  3.27874E+02  1.00000E-35  3.31047E+02
   9.19685E+03  3.16760E+00  5.20593E-02  3.18823E+02  1.00000E-35  3.22043E+02
   9.39800E+03  3.23816E+00  5.27132E-02  3.01247E+02  1.00000E-35  3.04537E+02
   9.39800E+03  3.23816E+00  5.27132E-02  3.51604E+02  1.00000E-35  3.54895E+02
   9.40712E+03  3.24453E+00  5.27427E-02  3.46996E+02  1.00000E-35  3.50293E+02
   9.41625E+03  3.25091E+00  5.27720E-02  3.45760E+02  1.00000E-35  3.49064E+02
   9.43454E+03  3.26370E+00  5.28300E-02  3.45087E+02  1.00000E-35  3.48403E+02
   9.47122E+03  3.28984E+00  5.29461E-02  3.41484E+02  1.00000E-35  3.44827E+02
   9.54501E+03  3.34525E+00  5.31791E-02  3.34860E+02  1.00000E-35  3.38259E+02
   9.69433E+03  3.41291E+00  5.36483E-02  3.21978E+02  1.00000E-35  3.25445E+02
   1.00000E+04  3.45402E+00  5.45991E-02  2.97653E+02  1.00000E-35  3.01162E+02
   1.04881E+04  3.42636E+00  5.60743E-02  2.63591E+02  1.00000E-35  2.67073E+02
   1.10000E+04  3.34972E+00  5.75716E-02  2.33158E+02  1.00000E-35  2.36566E+02
   1.25000E+04  3.03934E+00  6.16640E-02  1.67319E+02  1.00000E-35  1.70420E+02
   1.40000E+04  2.71822E+00  6.53832E-02  1.24300E+02  1.00000E-35  1.27084E+02
   1.50000E+04  2.52066E+00  6.76739E-02  1.03600E+02  1.00000E-35  1.06188E+02
   1.75000E+04  2.10473E+00  7.28454E-02  6.87360E+01  1.00000E-35  7.09135E+01
   2.00000E+04  1.78215E+00  7.73402E-02  4.80146E+01  1.00000E-35  4.98741E+01
   2.20000E+04  1.57476E+00  8.04782E-02  3.71030E+01  1.00000E-35  3.87582E+01
   2.50000E+04  1.32157E+00  8.45064E-02  2.62035E+01  1.00000E-35  2.76095E+01
   3.00000E+04  1.00626E+00  8.98343E-02  1.58980E+01  1.00000E-35  1.69941E+01
   3.50000E+04  7.89081E-01  9.38092E-02  1.03890E+01  1.00000E-35  1.12718E+01
   4.00000E+04  6.31663E-01  9.68176E-02  7.17235E+00  1.00000E-35  7.90083E+00
   4.50000E+04  5.10789E-01  9.90697E-02  5.16572E+00  1.00000E-35  5.77558E+00
   5.00000E+04  4.15041E-01  1.00794E-01  3.84770E+00  1.00000E-35  4.36354E+00
   5.50000E+04  3.05668E-01  1.02093E-01  2.94546E+00  1.00000E-35  3.35322E+00
   5.56220E+04  2.94080E-01  1.02235E-01  2.85395E+00  1.00000E-35  3.25027E+00
   5.56220E+04  2.94080E-01  1.02235E-01  1.60666E+01  1.00000E-35  1.64629E+01
   5.56549E+04  2.94043E-01  1.02241E-01  1.52363E+01  1.00000E-35  1.56326E+01
   5.56879E+04  2.94006E-01  1.02247E-01  1.51999E+01  1.00000E-35  1.55962E+01
   5.57209E+04  2.93969E-01  1.02254E-01  1.52033E+01  1.00000E-35  1.55995E+01
   5.57539E+04  2.93932E-01  1.02260E-01  1.51637E+01  1.00000E-35  1.55599E+01
   5.57869E+04  2.93895E-01  1.02266E-01  1.51248E+01  1.00000E-35  1.55209E+01
   5.58199E+04  2.93858E-01  1.02272E-01  1.51047E+01  1.00000E-35  1.55008E+01
   5.58860E+04  2.93784E-01  1.02285E-01  1.50872E+01  1.00000E-35  1.54832E+01
   5.60185E+04  2.94425E-01  1.02310E-01  1.50147E+01  1.00000E-35  1.54114E+01
   5.61513E+04  2.96741E-01  1.02335E-01  1.49120E+01  1.00000E-35  1.53111E+01
   5.66856E+04  3.06294E-01  1.02436E-01  1.45652E+01  1.00000E-35  1.49739E+01
   5.77695E+04  3.19552E-01  1.02638E-01  1.38799E+01  1.00000E-35  1.43021E+01
   6.00000E+04  3.19009E-01  1.03043E-01  1.25793E+01  1.00000E-35  1.30014E+01
   6.48074E+04  2.96713E-01  1.03681E-01  1.02860E+01  1.00000E-35  1.06864E+01
   7.00000E+04  2.68491E-01  1.04136E-01  8.39945E+00  1.00000E-35  8.77208E+00
   8.00000E+04  2.19941E-01  1.04480E-01  5.88971E+00  1.00000E-35  6.21413E+00
   9.00000E+04  1.81377E-01  1.04290E-01  4.29163E+00  1.00000E-35  4.57730E+00
   1.00000E+05  1.51746E-01  1.03742E-01  3.22570E+00  1.00000E-35  3.48118E+00
   1.10000E+05  1.28638E-01  1.02931E-01  2.48733E+00  1.00000E-35  2.71890E+00
   1.25000E+05  1.02318E-01  1.01455E-01  1.75176E+00  1.00000E-35  1.95554E+00
   1.40000E+05  8.31870E-02  9.98470E-02  1.28207E+00  1.00000E-35  1.46511E+00
   1.50000E+05  7.33369E-02  9.87057E-02  1.05980E+00  1.00000E-35  1.23184E+00
   1.62019E+05  6.37027E-02  9.73236E-02  8.56029E-01  1.00000E-35  1.01706E+00
   1.75000E+05  5.53195E-02  9.58309E-02  6.92428E-01  1.00000E-35  8.43578E-01
   2.00000E+05  4.32188E-02  9.30239E-02  4.79256E-01  1.00000E-35  6.15498E-01
   2.20000E+05  3.61807E-02  9.08590E-02  3.68942E-01  1.00000E-35  4.95981E-01
   2.34521E+05  3.20800E-02  8.93589E-02  3.09747E-01  1.00000E-35  4.31186E-01
   2.50000E+05  2.84340E-02  8.78017E-02  2.60344E-01  1.00000E-35  3.76579E-01
   2.73861E+05  2.38921E-02  8.55275E-02  2.03228E-01  1.00000E-35  3.12648E-01
   2.86633E+05  2.18915E-02  8.43557E-02  1.79850E-01  1.00000E-35  2.86097E-01
   3.00000E+05  2.00574E-02  8.31894E-02  1.59358E-01  1.00000E-35  2.62605E-01
   3.24037E+05  1.72989E-02  8.11640E-02  1.29876E-01  1.00000E-35  2.28339E-01
   3.50000E+05  1.49032E-02  7.91089E-02  1.06076E-01  1.00000E-35  2.00088E-01
   3.74166E+05  1.30916E-02  7.73084E-02  8.91568E-02  1.00000E-35  1.79557E-01
   4.00000E+05  1.14988E-02  7.55002E-02  7.51214E-02  1.00000E-35  1.62120E-01
   4.24264E+05  1.02556E-02  7.39055E-02  6.46771E-02  1.00000E-35  1.48838E-01
   4.50000E+05  9.14624E-03  7.22984E-02  5.57865E-02  1.00000E-35  1.37231E-01
   4.74342E+05  8.25555E-03  7.08616E-02  4.89410E-02  1.00000E-35  1.28058E-01
   5.00000E+05  7.44637E-03  6.94362E-02  4.30057E-02  1.00000E-35  1.19888E-01
   5.24404E+05  6.78204E-03  6.81354E-02  3.83047E-02  1.00000E-35  1.13222E-01
   5.50000E+05  6.17696E-03  6.68493E-02  3.41650E-02  1.00000E-35  1.07191E-01
   5.74456E+05  5.67185E-03  6.56733E-02  3.08119E-02  1.00000E-35  1.02157E-01
   6.00000E+05  5.20802E-03  6.45069E-02  2.78178E-02  1.00000E-35  9.75327E-02
   6.48074E+05  4.47746E-03  6.24516E-02  2.32629E-02  1.00000E-35  9.01920E-02
   6.73537E+05  4.15156E-03  6.14257E-02  2.13107E-02  1.00000E-35  8.68880E-02
   7.00000E+05  3.84898E-03  6.04162E-02  1.95446E-02  1.00000E-35  8.38097E-02
   7.48331E+05  3.37466E-03  5.86654E-02  1.68492E-02  1.00000E-35  7.88892E-02
   8.00000E+05  2.95759E-03  5.69358E-02  1.45660E-02  1.00000E-35  7.44594E-02
   8.48528E+05  2.63248E-03  5.54298E-02  1.28377E-02  1.00000E-35  7.09000E-02
   9.00000E+05  2.34311E-03  5.39440E-02  1.13410E-02  1.00000E-35  6.76281E-02
   9.48683E+05  2.11131E-03  5.26194E-02  1.01672E-02  1.00000E-35  6.48980E-02
   1.00000E+06  1.90245E-03  5.13161E-02  9.13067E-03  1.00000E-35  6.23492E-02
   1.04881E+06  1.73137E-03  5.01492E-02  8.29553E-03  2.16483E-12  6.01761E-02
   1.10000E+06  1.57567E-03  4.89932E-02  7.54694E-03  1.19537E-05  5.81277E-02
   1.17260E+06  1.38860E-03  4.74680E-02  6.66021E-03  9.74300E-05  5.56143E-02
   1.25000E+06  1.22324E-03  4.59642E-02  5.89270E-03  2.64212E-04  5.33444E-02
   1.32288E+06  1.09293E-03  4.46500E-02  5.29542E-03  4.86563E-04  5.15250E-02
   1.40000E+06  9.76344E-04  4.33601E-02  4.76718E-03  7.97875E-04  4.99015E-02
   1.50000E+06  8.51039E-04  4.18167E-02  4.20371E-03  1.26885E-03  4.81403E-02
   1.62019E+06  7.29973E-04  4.01278E-02  3.66170E-03  1.88507E-03  4.64045E-02
   1.75000E+06  6.26138E-04  3.84785E-02  3.20061E-03  2.59463E-03  4.48998E-02
   1.87083E+06  5.48205E-04  3.70811E-02  2.85388E-03  3.27577E-03  4.37589E-02
   2.00000E+06  4.79975E-04  3.57158E-02  2.54993E-03  4.02322E-03  4.27689E-02
   2.20000E+06  3.97020E-04  3.38216E-02  2.17849E-03  5.18064E-03  4.15778E-02
   2.34521E+06  3.49565E-04  3.25883E-02  1.96423E-03  6.01172E-03  4.09138E-02
   2.50000E+06  3.07760E-04  3.13863E-02  1.77411E-03  6.88794E-03  4.03561E-02
   2.73861E+06  2.56514E-04  2.97199E-02  1.53783E-03  8.18043E-03  3.96947E-02
   3.00000E+06  2.13795E-04  2.81156E-02  1.33803E-03  9.54011E-03  3.92075E-02
   3.24037E+06  1.83278E-04  2.68087E-02  1.19183E-03  1.07432E-02  3.89270E-02
   3.50000E+06  1.57116E-04  2.55455E-02  1.06378E-03  1.19887E-02  3.87551E-02
   3.74166E+06  1.37493E-04  2.44845E-02  9.65460E-04  1.30929E-02  3.86803E-02
   4.00000E+06  1.20320E-04  2.34568E-02  8.77579E-04  1.42240E-02  3.86787E-02
   4.24264E+06  1.06962E-04  2.25789E-02  8.07572E-04  1.52510E-02  3.87445E-02
   4.50000E+06  9.50874E-05  2.17281E-02  7.43944E-04  1.63089E-02  3.88760E-02
   5.00000E+06  7.70347E-05  2.02625E-02  6.43909E-04  1.82143E-02  3.91978E-02
   5.50000E+06  6.36756E-05  1.90029E-02  5.66511E-04  1.99617E-02  3.95948E-02
   6.00000E+06  5.35132E-05  1.79078E-02  5.05059E-04  2.16522E-02  4.01186E-02
   6.48074E+06  4.58747E-05  1.69809E-02  4.56723E-04  2.31829E-02  4.06665E-02
   7.00000E+06  3.93264E-05  1.60934E-02  4.13550E-04  2.47117E-02  4.12580E-02
   8.00000E+06  3.01127E-05  1.46463E-02  3.49058E-04  2.74503E-02  4.24758E-02
   9.00000E+06  2.37933E-05  1.34612E-02  3.01362E-04  2.99388E-02  4.37252E-02
   1.00000E+07  1.92729E-05  1.24709E-02  2.64764E-04  3.22218E-02  4.49767E-02
   1.10000E+07  1.59284E-05  1.16298E-02  2.35856E-04  3.43371E-02  4.62187E-02
   1.25000E+07  1.23352E-05  1.05793E-02  2.02407E-04  3.72277E-02  4.80217E-02
   1.40000E+07  9.83376E-06  9.71779E-03  1.77081E-04  3.98358E-02  4.97405E-02
   1.50000E+07  8.56638E-06  9.22451E-03  1.63377E-04  4.14318E-02  5.08283E-02
   1.75000E+07  6.29385E-06  8.20200E-03  1.36760E-04  4.49237E-02  5.32688E-02
   2.00000E+07  4.81885E-06  7.39948E-03  1.17495E-04  4.79467E-02  5.54685E-02
   2.20000E+07  3.98258E-06  6.87113E-03  1.05549E-04  5.01086E-02  5.70892E-02
   2.50000E+07  3.08414E-06  6.21624E-03  9.15403E-05  5.29876E-02  5.92984E-02
   3.00000E+07  2.14177E-06  5.38111E-03  7.49041E-05  5.70265E-02  6.24847E-02
   3.50000E+07  1.57355E-06  4.75738E-03  6.33521E-05  6.03810E-02  6.52033E-02
   4.00000E+07  1.20475E-06  4.27225E-03  5.48704E-05  6.32173E-02  6.75456E-02
   4.50000E+07  9.51907E-07  3.88304E-03  4.83827E-05  6.56582E-02  6.95906E-02
   5.00000E+07  7.71046E-07  3.56340E-03  4.32617E-05  6.77866E-02  7.13941E-02
   5.50000E+07  6.37231E-07  3.29581E-03  3.91178E-05  6.96557E-02  7.29913E-02
   6.00000E+07  5.35453E-07  3.06822E-03  3.56963E-05  7.13703E-02  7.44747E-02
   7.00000E+07  3.93393E-07  2.70115E-03  3.03781E-05  7.42748E-02  7.70067E-02
   8.00000E+07  3.01193E-07  2.41739E-03  2.64368E-05  7.66715E-02  7.91156E-02
   9.00000E+07  2.37980E-07  2.19087E-03  2.33994E-05  7.86591E-02  8.08736E-02
   1.00000E+08  1.92763E-07  2.00562E-03  2.09872E-05  8.03631E-02  8.23899E-02
   1.10000E+08  1.59309E-07  1.85107E-03  1.90255E-05  8.18466E-02  8.37168E-02
   1.25000E+08  1.23368E-07  1.66164E-03  1.66855E-05  8.37401E-02  8.54185E-02
   1.40000E+08  9.83488E-08  1.50945E-03  1.48577E-05  8.53352E-02  8.68596E-02
   1.50000E+08  8.56724E-08  1.42348E-03  1.38464E-05  8.62598E-02  8.76972E-02
   1.75000E+08  6.29432E-08  1.24816E-03  1.18326E-05  8.82084E-02  8.94684E-02
   2.00000E+08  4.81909E-08  1.11336E-03  1.03300E-05  8.97795E-02  9.09032E-02
   2.20000E+08  3.98272E-08  1.02589E-03  9.37731E-06  9.08334E-02  9.18687E-02
   2.50000E+08  3.08422E-08  9.18966E-04  8.23766E-06  9.21603E-02  9.30876E-02
   3.00000E+08  2.14181E-08  7.85030E-04  6.85001E-06  9.38901E-02  9.46820E-02
   3.50000E+08  1.57357E-08  6.86786E-04  5.86243E-06  9.51894E-02  9.58821E-02
   4.00000E+08  1.20477E-08  6.11469E-04  5.12369E-06  9.62156E-02  9.68322E-02
   4.50000E+08  9.51917E-09  5.51767E-04  4.55033E-06  9.70534E-02  9.76098E-02
   5.00000E+08  7.71052E-09  5.03225E-04  4.09234E-06  9.77491E-02  9.82564E-02
   5.50000E+08  6.37233E-09  4.62932E-04  3.71811E-06  9.83221E-02  9.87888E-02
   6.00000E+08  5.35453E-09  4.28914E-04  3.40658E-06  9.88418E-02  9.92741E-02
   7.00000E+08  3.93393E-09  3.74554E-04  2.91766E-06  9.96559E-02  1.00033E-01
   8.00000E+08  3.01192E-09  3.32974E-04  2.55147E-06  1.00304E-01  1.00640E-01
   9.00000E+08  2.37979E-09  3.00082E-04  2.26694E-06  1.00837E-01  1.01140E-01
   9.48683E+08  2.14181E-09  2.86424E-04  2.15203E-06  1.01062E-01  1.01351E-01
   1.00000E+09  1.92763E-09  2.73380E-04  2.03951E-06  1.01283E-01  1.01558E-01
