 # Material data file: Tl                  
 # 
 # PENELOPE >>>  Photon mass attenuation coefficients (mac).
 # 
 #   Energy       mac_Ra       mac_Co       mac_ph       mac_pp       mac_tot
 #    (eV)       (cm**2/g)    (cm**2/g)    (cm**2/g)    (cm**2/g)    (cm**2/g)
 #------------------------------------------------------------------------------
   5.00000E+01  1.93731E+00  1.01109E-03  9.97935E+04  1.00000E-35  9.97954E+04
   5.12057E+01  1.92991E+00  1.01191E-03  9.37899E+04  1.00000E-35  9.37918E+04
   5.24404E+01  1.91683E+00  1.01274E-03  8.79195E+04  1.00000E-35  8.79214E+04
   5.37050E+01  1.90227E+00  1.01356E-03  8.22315E+04  1.00000E-35  8.22334E+04
   5.50000E+01  1.88635E+00  1.01441E-03  7.67571E+04  1.00000E-35  7.67590E+04
   5.74456E+01  1.84728E+00  1.01604E-03  6.73721E+04  1.00000E-35  6.73739E+04
   6.00000E+01  1.79818E+00  1.01771E-03  5.88115E+04  1.00000E-35  5.88133E+04
   6.23574E+01  1.75202E+00  1.01929E-03  5.19136E+04  1.00000E-35  5.19154E+04
   6.48074E+01  1.69906E+00  1.02088E-03  4.56381E+04  1.00000E-35  4.56398E+04
   6.73537E+01  1.64079E+00  1.02259E-03  3.99542E+04  1.00000E-35  3.99559E+04
   7.00000E+01  1.57611E+00  1.02429E-03  3.48325E+04  1.00000E-35  3.48341E+04
   7.21490E+01  1.52073E+00  1.02574E-03  3.11853E+04  1.00000E-35  3.11868E+04
   7.43640E+01  1.48187E+00  1.02720E-03  2.78488E+04  1.00000E-35  2.78503E+04
   7.66469E+01  1.40622E+00  1.02868E-03  2.48073E+04  1.00000E-35  2.48087E+04
   7.90000E+01  1.35167E+00  1.03027E-03  2.20448E+04  1.00000E-35  2.20461E+04
   7.90000E+01  1.35167E+00  1.03027E-03  2.61092E+04  1.00000E-35  2.61105E+04
   7.90621E+01  1.35265E+00  1.03031E-03  2.60510E+04  1.00000E-35  2.60524E+04
   7.91243E+01  1.35364E+00  1.03035E-03  2.59929E+04  1.00000E-35  2.59943E+04
   7.92488E+01  1.35560E+00  1.03043E-03  2.58769E+04  1.00000E-35  2.58783E+04
   7.94984E+01  1.35936E+00  1.03060E-03  2.56441E+04  1.00000E-35  2.56455E+04
   8.00000E+01  1.36597E+00  1.03093E-03  2.51749E+04  1.00000E-35  2.51763E+04
   8.11865E+01  1.37358E+00  1.03170E-03  2.40663E+04  1.00000E-35  2.40677E+04
   8.23907E+01  1.37353E+00  1.03247E-03  2.29544E+04  1.00000E-35  2.29558E+04
   8.36127E+01  1.36535E+00  1.03328E-03  2.18503E+04  1.00000E-35  2.18517E+04
   8.48528E+01  1.35677E+00  1.03411E-03  2.07628E+04  1.00000E-35  2.07641E+04
   8.73885E+01  1.32991E+00  1.03579E-03  1.86642E+04  1.00000E-35  1.86655E+04
   9.00000E+01  1.29538E+00  1.03747E-03  1.66967E+04  1.00000E-35  1.66980E+04
   9.39149E+01  1.23400E+00  1.04009E-03  1.41224E+04  1.00000E-35  1.41237E+04
   9.80000E+01  1.15048E+00  1.04273E-03  1.18900E+04  1.00000E-35  1.18912E+04
   9.80000E+01  1.15048E+00  1.04273E-03  1.35629E+04  1.00000E-35  1.35640E+04
   9.80619E+01  1.14890E+00  1.04277E-03  1.35426E+04  1.00000E-35  1.35437E+04
   9.81238E+01  1.14732E+00  1.04281E-03  1.35224E+04  1.00000E-35  1.35235E+04
   9.82478E+01  1.14459E+00  1.04289E-03  1.34819E+04  1.00000E-35  1.34831E+04
   9.84962E+01  1.13970E+00  1.04306E-03  1.34004E+04  1.00000E-35  1.34016E+04
   9.89949E+01  1.12999E+00  1.04340E-03  1.32341E+04  1.00000E-35  1.32353E+04
   1.00000E+02  1.12367E+00  1.04407E-03  1.28905E+04  1.00000E-35  1.28916E+04
   1.01199E+02  1.12414E+00  1.04488E-03  1.24698E+04  1.00000E-35  1.24709E+04
   1.02411E+02  1.12461E+00  1.04568E-03  1.20374E+04  1.00000E-35  1.20385E+04
   1.03639E+02  1.12275E+00  1.04648E-03  1.15979E+04  1.00000E-35  1.15991E+04
   1.04881E+02  1.11730E+00  1.04728E-03  1.11556E+04  1.00000E-35  1.11567E+04
   1.07410E+02  1.10427E+00  1.04892E-03  1.02764E+04  1.00000E-35  1.02775E+04
   1.10000E+02  1.08453E+00  1.05066E-03  9.42230E+03  1.00000E-35  9.42339E+03
   1.13115E+02  1.05926E+00  1.05270E-03  8.47387E+03  1.00000E-35  8.47493E+03
   1.16319E+02  1.02854E+00  1.05475E-03  7.59889E+03  1.00000E-35  7.59992E+03
   1.23000E+02  9.53575E-01  1.05919E-03  6.09097E+03  1.00000E-35  6.09193E+03
   1.23000E+02  9.53575E-01  1.05919E-03  6.44706E+03  1.00000E-35  6.44802E+03
   1.23062E+02  9.52806E-01  1.05923E-03  6.43973E+03  1.00000E-35  6.44068E+03
   1.23124E+02  9.52037E-01  1.05927E-03  6.43242E+03  1.00000E-35  6.43337E+03
   1.23248E+02  9.50503E-01  1.05935E-03  6.41783E+03  1.00000E-35  6.41878E+03
   1.23497E+02  9.47435E-01  1.05951E-03  6.38851E+03  1.00000E-35  6.38946E+03
   1.23996E+02  9.41290E-01  1.05983E-03  6.32911E+03  1.00000E-35  6.33005E+03
   1.25000E+02  9.28427E-01  1.06047E-03  6.20760E+03  1.00000E-35  6.20853E+03
   1.27000E+02  8.99939E-01  1.06176E-03  5.96050E+03  1.00000E-35  5.96140E+03
   1.27000E+02  8.99939E-01  1.06176E-03  6.20751E+03  1.00000E-35  6.20841E+03
   1.27090E+02  8.98719E-01  1.06182E-03  6.20144E+03  1.00000E-35  6.20234E+03
   1.27179E+02  8.97570E-01  1.06188E-03  6.19534E+03  1.00000E-35  6.19624E+03
   1.27359E+02  8.95252E-01  1.06200E-03  6.18302E+03  1.00000E-35  6.18392E+03
   1.27719E+02  8.90644E-01  1.06224E-03  6.15765E+03  1.00000E-35  6.15854E+03
   1.28441E+02  8.81803E-01  1.06273E-03  6.10382E+03  1.00000E-35  6.10470E+03
   1.29899E+02  8.66569E-01  1.06370E-03  5.98528E+03  1.00000E-35  5.98615E+03
   1.31374E+02  8.53559E-01  1.06468E-03  5.85437E+03  1.00000E-35  5.85522E+03
   1.32865E+02  8.42482E-01  1.06565E-03  5.71373E+03  1.00000E-35  5.71457E+03
   1.35898E+02  8.21896E-01  1.06760E-03  5.41344E+03  1.00000E-35  5.41427E+03
   1.39000E+02  8.01653E-01  1.06962E-03  5.10338E+03  1.00000E-35  5.10418E+03
   1.39000E+02  8.01653E-01  1.06962E-03  5.31135E+03  1.00000E-35  5.31215E+03
   1.39125E+02  8.00888E-01  1.06970E-03  5.29818E+03  1.00000E-35  5.29898E+03
   1.39249E+02  8.00130E-01  1.06979E-03  5.28503E+03  1.00000E-35  5.28584E+03
   1.39499E+02  7.98730E-01  1.06995E-03  5.25881E+03  1.00000E-35  5.25961E+03
   1.40000E+02  7.96031E-01  1.07029E-03  5.20677E+03  1.00000E-35  5.20757E+03
   1.44914E+02  7.68802E-01  1.07352E-03  4.74043E+03  1.00000E-35  4.74120E+03
   1.47435E+02  7.51669E-01  1.07514E-03  4.53614E+03  1.00000E-35  4.53689E+03
   1.50000E+02  7.33527E-01  1.07677E-03  4.35525E+03  1.00000E-35  4.35599E+03
   1.52918E+02  7.10493E-01  1.07872E-03  4.18400E+03  1.00000E-35  4.18471E+03
   1.54399E+02  6.98371E-01  1.07970E-03  4.11152E+03  1.00000E-35  4.11221E+03
   1.55893E+02  6.85755E-01  1.08068E-03  4.04828E+03  1.00000E-35  4.04897E+03
   1.57403E+02  6.72642E-01  1.08166E-03  3.99454E+03  1.00000E-35  3.99521E+03
   1.58926E+02  6.59673E-01  1.08264E-03  3.95046E+03  1.00000E-35  3.95112E+03
   1.60465E+02  6.46393E-01  1.08363E-03  3.91619E+03  1.00000E-35  3.91684E+03
   1.62019E+02  6.32684E-01  1.08461E-03  3.89182E+03  1.00000E-35  3.89246E+03
   1.63587E+02  6.18704E-01  1.08562E-03  3.87732E+03  1.00000E-35  3.87794E+03
   1.65171E+02  6.04716E-01  1.08668E-03  3.87285E+03  1.00000E-35  3.87345E+03
   1.66770E+02  5.90812E-01  1.08774E-03  3.87839E+03  1.00000E-35  3.87898E+03
   1.68384E+02  5.76675E-01  1.08881E-03  3.89394E+03  1.00000E-35  3.89452E+03
   1.70014E+02  5.62609E-01  1.08987E-03  3.91949E+03  1.00000E-35  3.92005E+03
   1.71660E+02  5.48529E-01  1.09094E-03  3.95505E+03  1.00000E-35  3.95560E+03
   1.73322E+02  5.34320E-01  1.09201E-03  4.00055E+03  1.00000E-35  4.00108E+03
   1.75000E+02  5.20353E-01  1.09308E-03  4.05600E+03  1.00000E-35  4.05652E+03
   1.77946E+02  4.96917E-01  1.09496E-03  4.17566E+03  1.00000E-35  4.17616E+03
   1.80941E+02  4.73797E-01  1.09696E-03  4.32555E+03  1.00000E-35  4.32603E+03
   1.83986E+02  4.51601E-01  1.09897E-03  4.50615E+03  1.00000E-35  4.50660E+03
   1.87083E+02  4.30438E-01  1.10099E-03  4.71794E+03  1.00000E-35  4.71837E+03
   1.90232E+02  4.10269E-01  1.10301E-03  4.96130E+03  1.00000E-35  4.96171E+03
   1.93434E+02  3.91528E-01  1.10504E-03  5.23636E+03  1.00000E-35  5.23675E+03
   1.96689E+02  3.75104E-01  1.10723E-03  5.54303E+03  1.00000E-35  5.54341E+03
   2.00000E+02  3.61010E-01  1.10943E-03  5.88050E+03  1.00000E-35  5.88086E+03
   2.09762E+02  3.37725E-01  1.11572E-03  6.99583E+03  1.00000E-35  6.99616E+03
   2.14820E+02  3.36778E-01  1.11923E-03  7.62111E+03  1.00000E-35  7.62145E+03
   2.20000E+02  3.44615E-01  1.12278E-03  8.27574E+03  1.00000E-35  8.27609E+03
   2.23544E+02  3.52978E-01  1.12517E-03  8.72471E+03  1.00000E-35  8.72506E+03
   2.27144E+02  3.65812E-01  1.12757E-03  9.17739E+03  1.00000E-35  9.17775E+03
   2.30803E+02  3.84147E-01  1.13021E-03  9.63053E+03  1.00000E-35  9.63092E+03
   2.34521E+02  4.05442E-01  1.13304E-03  1.00813E+04  1.00000E-35  1.00817E+04
   2.38298E+02  4.31286E-01  1.13588E-03  1.05273E+04  1.00000E-35  1.05277E+04
   2.42137E+02  4.61692E-01  1.13873E-03  1.09667E+04  1.00000E-35  1.09672E+04
   2.46037E+02  4.95922E-01  1.14158E-03  1.13978E+04  1.00000E-35  1.13983E+04
   2.50000E+02  5.34284E-01  1.14462E-03  1.18191E+04  1.00000E-35  1.18196E+04
   2.55763E+02  5.96281E-01  1.14963E-03  1.24001E+04  1.00000E-35  1.24007E+04
   2.61659E+02  6.66556E-01  1.15468E-03  1.29536E+04  1.00000E-35  1.29543E+04
   2.67691E+02  7.45103E-01  1.15974E-03  1.34743E+04  1.00000E-35  1.34751E+04
   2.73861E+02  8.31601E-01  1.16558E-03  1.39561E+04  1.00000E-35  1.39569E+04
   2.80174E+02  9.25043E-01  1.17227E-03  1.43926E+04  1.00000E-35  1.43935E+04
   2.86633E+02  1.02442E+00  1.17900E-03  1.47782E+04  1.00000E-35  1.47792E+04
   2.93240E+02  1.12933E+00  1.18576E-03  1.51084E+04  1.00000E-35  1.51096E+04
   3.00000E+02  1.23703E+00  1.19440E-03  1.53811E+04  1.00000E-35  1.53824E+04
   3.05837E+02  1.33062E+00  1.20220E-03  1.55666E+04  1.00000E-35  1.55679E+04
   3.11787E+02  1.42570E+00  1.21005E-03  1.57121E+04  1.00000E-35  1.57135E+04
   3.17853E+02  1.52279E+00  1.21795E-03  1.58195E+04  1.00000E-35  1.58210E+04
   3.24037E+02  1.62069E+00  1.22738E-03  1.58914E+04  1.00000E-35  1.58930E+04
   3.30341E+02  1.71746E+00  1.23817E-03  1.59303E+04  1.00000E-35  1.59320E+04
   3.36768E+02  1.81643E+00  1.24905E-03  1.59387E+04  1.00000E-35  1.59405E+04
   3.43320E+02  1.91174E+00  1.26003E-03  1.59185E+04  1.00000E-35  1.59204E+04
   3.50000E+02  2.00932E+00  1.27165E-03  1.58711E+04  1.00000E-35  1.58731E+04
   3.59828E+02  2.14320E+00  1.29294E-03  1.57576E+04  1.00000E-35  1.57597E+04
   3.69932E+02  2.28082E+00  1.31460E-03  1.55923E+04  1.00000E-35  1.55946E+04
   3.80320E+02  2.46961E+00  1.33695E-03  1.53773E+04  1.00000E-35  1.53797E+04
   3.91000E+02  2.59714E+00  1.36562E-03  1.51155E+04  1.00000E-35  1.51181E+04
   3.91000E+02  2.59714E+00  1.36562E-03  1.56778E+04  1.00000E-35  1.56804E+04
   3.91278E+02  2.60228E+00  1.36637E-03  1.56635E+04  1.00000E-35  1.56661E+04
   3.91557E+02  2.60745E+00  1.36711E-03  1.56493E+04  1.00000E-35  1.56520E+04
   3.92114E+02  2.61778E+00  1.36860E-03  1.56221E+04  1.00000E-35  1.56247E+04
   3.93231E+02  2.63858E+00  1.37159E-03  1.55710E+04  1.00000E-35  1.55737E+04
   3.95474E+02  2.68405E+00  1.37758E-03  1.54787E+04  1.00000E-35  1.54814E+04
   4.00000E+02  2.77950E+00  1.38964E-03  1.53197E+04  1.00000E-35  1.53225E+04
   4.05463E+02  2.85876E+00  1.40416E-03  1.51662E+04  1.00000E-35  1.51691E+04
   4.11000E+02  2.92492E+00  1.41883E-03  1.50422E+04  1.00000E-35  1.50452E+04
   4.11000E+02  2.92492E+00  1.41883E-03  1.54174E+04  1.00000E-35  1.54204E+04
   4.11291E+02  2.92882E+00  1.41960E-03  1.54071E+04  1.00000E-35  1.54100E+04
   4.11583E+02  2.93272E+00  1.42037E-03  1.53969E+04  1.00000E-35  1.53998E+04
   4.12166E+02  2.94054E+00  1.42191E-03  1.53767E+04  1.00000E-35  1.53796E+04
   4.13335E+02  2.95637E+00  1.42507E-03  1.53385E+04  1.00000E-35  1.53414E+04
   4.15684E+02  2.98918E+00  1.43269E-03  1.52671E+04  1.00000E-35  1.52701E+04
   4.20421E+02  3.05589E+00  1.44803E-03  1.51357E+04  1.00000E-35  1.51388E+04
   4.30058E+02  3.18993E+00  1.47922E-03  1.49074E+04  1.00000E-35  1.49106E+04
   4.39916E+02  3.32303E+00  1.51108E-03  1.46818E+04  1.00000E-35  1.46852E+04
   4.50000E+02  3.44911E+00  1.54383E-03  1.44281E+04  1.00000E-35  1.44316E+04
   4.62011E+02  3.59354E+00  1.58947E-03  1.41064E+04  1.00000E-35  1.41100E+04
   4.74342E+02  3.72840E+00  1.63646E-03  1.37638E+04  1.00000E-35  1.37675E+04
   5.00000E+02  3.98852E+00  1.74044E-03  1.30482E+04  1.00000E-35  1.30522E+04
   5.24404E+02  4.20703E+00  1.84814E-03  1.23763E+04  1.00000E-35  1.23805E+04
   5.50000E+02  4.39119E+00  1.97174E-03  1.16823E+04  1.00000E-35  1.16867E+04
   5.74456E+02  4.51560E+00  2.09595E-03  1.10449E+04  1.00000E-35  1.10494E+04
   6.00000E+02  4.67188E+00  2.23806E-03  1.04154E+04  1.00000E-35  1.04201E+04
   6.15000E+02  4.92628E+00  2.32441E-03  1.00620E+04  1.00000E-35  1.00669E+04
   6.15000E+02  4.92628E+00  2.32441E-03  1.04467E+04  1.00000E-35  1.04517E+04
   6.15311E+02  4.93040E+00  2.32621E-03  1.04491E+04  1.00000E-35  1.04541E+04
   6.15622E+02  4.93452E+00  2.32801E-03  1.04514E+04  1.00000E-35  1.04563E+04
   6.16245E+02  4.94277E+00  2.33163E-03  1.04550E+04  1.00000E-35  1.04599E+04
   6.17493E+02  4.95932E+00  2.33887E-03  1.04585E+04  1.00000E-35  1.04635E+04
   6.19996E+02  4.99088E+00  2.35342E-03  1.04533E+04  1.00000E-35  1.04583E+04
   6.25033E+02  5.04257E+00  2.38279E-03  1.04040E+04  1.00000E-35  1.04091E+04
   6.30111E+02  5.08830E+00  2.41254E-03  1.03197E+04  1.00000E-35  1.03248E+04
   6.35230E+02  5.13425E+00  2.44459E-03  1.02158E+04  1.00000E-35  1.02209E+04
   6.56125E+02  5.28337E+00  2.57766E-03  9.74904E+03  1.00000E-35  9.75433E+03
   7.00000E+02  5.52065E+00  2.87028E-03  8.83865E+03  1.00000E-35  8.84418E+03
   7.26000E+02  5.66675E+00  3.05532E-03  8.34455E+03  1.00000E-35  8.35022E+03
   7.26000E+02  5.66675E+00  3.05532E-03  8.42899E+03  1.00000E-35  8.43466E+03
   7.26551E+02  5.66980E+00  3.05929E-03  8.42104E+03  1.00000E-35  8.42671E+03
   7.27102E+02  5.67285E+00  3.06327E-03  8.41305E+03  1.00000E-35  8.41873E+03
   7.28205E+02  5.67895E+00  3.07123E-03  8.39673E+03  1.00000E-35  8.40241E+03
   7.30418E+02  5.69118E+00  3.08724E-03  8.36296E+03  1.00000E-35  8.36866E+03
   7.34862E+02  5.71365E+00  3.11948E-03  8.29171E+03  1.00000E-35  8.29743E+03
   7.43832E+02  5.75805E+00  3.18499E-03  8.14020E+03  1.00000E-35  8.14596E+03
   7.62102E+02  5.83170E+00  3.32218E-03  7.82864E+03  1.00000E-35  7.83447E+03
   8.00000E+02  5.95471E+00  3.61529E-03  7.22457E+03  1.00000E-35  7.23052E+03
   8.52000E+02  6.14343E+00  4.03077E-03  6.48728E+03  1.00000E-35  6.49343E+03
   8.52000E+02  6.14343E+00  4.03077E-03  6.65361E+03  1.00000E-35  6.65976E+03
   8.52730E+02  6.14630E+00  4.03672E-03  6.63977E+03  1.00000E-35  6.64592E+03
   8.53461E+02  6.14918E+00  4.04268E-03  6.62642E+03  1.00000E-35  6.63257E+03
   8.54924E+02  6.15494E+00  4.05463E-03  6.60120E+03  1.00000E-35  6.60735E+03
   8.57857E+02  6.16551E+00  4.07862E-03  6.55479E+03  1.00000E-35  6.56096E+03
   8.63755E+02  6.18662E+00  4.12705E-03  6.47090E+03  1.00000E-35  6.47709E+03
   8.75671E+02  6.22752E+00  4.22562E-03  6.31747E+03  1.00000E-35  6.32370E+03
   9.00000E+02  6.29191E+00  4.42579E-03  6.02441E+03  1.00000E-35  6.03071E+03
   9.48683E+02  6.39755E+00  4.83317E-03  5.48360E+03  1.00000E-35  5.49000E+03
   1.00000E+03  6.47558E+00  5.26584E-03  4.98216E+03  1.00000E-35  4.98864E+03
   1.10000E+03  6.55583E+00  6.12204E-03  4.16759E+03  1.00000E-35  4.17415E+03
   1.17260E+03  6.55846E+00  6.74807E-03  3.68553E+03  1.00000E-35  3.69210E+03
   1.25000E+03  6.52996E+00  7.41784E-03  3.25207E+03  1.00000E-35  3.25861E+03
   1.40000E+03  6.41648E+00  8.69556E-03  2.59115E+03  1.00000E-35  2.59758E+03
   1.50000E+03  6.29441E+00  9.53593E-03  2.25006E+03  1.00000E-35  2.25636E+03
   1.62019E+03  6.10434E+00  1.05247E-02  1.91697E+03  1.00000E-35  1.92308E+03
   1.75000E+03  5.84988E+00  1.15638E-02  1.62956E+03  1.00000E-35  1.63542E+03
   2.00000E+03  5.16612E+00  1.34654E-02  1.22331E+03  1.00000E-35  1.22849E+03
   2.20000E+03  4.27937E+00  1.49090E-02  9.93108E+02  1.00000E-35  9.97402E+02
   2.39400E+03  2.51429E+00  1.62445E-02  8.23458E+02  1.00000E-35  8.25989E+02
   2.39400E+03  2.51429E+00  1.62445E-02  8.55110E+02  1.00000E-35  8.57640E+02
   2.39547E+03  2.51987E+00  1.62545E-02  8.55151E+02  1.00000E-35  8.57687E+02
   2.39694E+03  2.52545E+00  1.62646E-02  8.58154E+02  1.00000E-35  8.60695E+02
   2.39842E+03  2.53108E+00  1.62747E-02  8.65181E+02  1.00000E-35  8.67729E+02
   2.39989E+03  2.54872E+00  1.62847E-02  8.77701E+02  1.00000E-35  8.80266E+02
   2.40136E+03  2.57118E+00  1.62947E-02  8.97555E+02  1.00000E-35  9.00142E+02
   2.40284E+03  2.59398E+00  1.63048E-02  9.26814E+02  1.00000E-35  9.29424E+02
   2.40432E+03  2.61696E+00  1.63149E-02  9.67473E+02  1.00000E-35  9.70107E+02
   2.40579E+03  2.63998E+00  1.63249E-02  1.02096E+03  1.00000E-35  1.02361E+03
   2.40727E+03  2.66335E+00  1.63350E-02  1.08743E+03  1.00000E-35  1.09011E+03
   2.40875E+03  2.68690E+00  1.63451E-02  1.16530E+03  1.00000E-35  1.16800E+03
   2.41023E+03  2.71065E+00  1.63552E-02  1.25110E+03  1.00000E-35  1.25383E+03
   2.41171E+03  2.73460E+00  1.63653E-02  1.34011E+03  1.00000E-35  1.34286E+03
   2.41320E+03  2.75890E+00  1.63755E-02  1.42745E+03  1.00000E-35  1.43023E+03
   2.41468E+03  2.78324E+00  1.63856E-02  1.50911E+03  1.00000E-35  1.51191E+03
   2.41616E+03  2.80778E+00  1.63957E-02  1.58261E+03  1.00000E-35  1.58543E+03
   2.41765E+03  2.83269E+00  1.64059E-02  1.64701E+03  1.00000E-35  1.64986E+03
   2.41913E+03  2.85764E+00  1.64159E-02  1.70259E+03  1.00000E-35  1.70546E+03
   2.42062E+03  2.88296E+00  1.64261E-02  1.75028E+03  1.00000E-35  1.75317E+03
   2.42211E+03  2.90568E+00  1.64363E-02  1.79129E+03  1.00000E-35  1.79421E+03
   2.42360E+03  2.92750E+00  1.64464E-02  1.82684E+03  1.00000E-35  1.82979E+03
   2.42508E+03  2.94931E+00  1.64565E-02  1.85800E+03  1.00000E-35  1.86096E+03
   2.42658E+03  2.97158E+00  1.64668E-02  1.88561E+03  1.00000E-35  1.88859E+03
   2.42956E+03  3.01627E+00  1.64871E-02  1.93265E+03  1.00000E-35  1.93568E+03
   2.43255E+03  3.06173E+00  1.65075E-02  1.97132E+03  1.00000E-35  1.97440E+03
   2.43554E+03  3.10781E+00  1.65279E-02  2.00323E+03  1.00000E-35  2.00635E+03
   2.43853E+03  3.15454E+00  1.65475E-02  2.02911E+03  1.00000E-35  2.03228E+03
   2.44153E+03  3.20206E+00  1.65672E-02  2.04938E+03  1.00000E-35  2.05260E+03
   2.44453E+03  3.24347E+00  1.65868E-02  2.06444E+03  1.00000E-35  2.06770E+03
   2.44754E+03  3.27365E+00  1.66065E-02  2.07478E+03  1.00000E-35  2.07807E+03
   2.45054E+03  3.30396E+00  1.66261E-02  2.08103E+03  1.00000E-35  2.08435E+03
   2.45356E+03  3.33473E+00  1.66459E-02  2.08385E+03  1.00000E-35  2.08720E+03
   2.45959E+03  3.39690E+00  1.66853E-02  2.08203E+03  1.00000E-35  2.08545E+03
   2.46564E+03  3.46029E+00  1.67249E-02  2.07436E+03  1.00000E-35  2.07784E+03
   2.49000E+03  3.75384E+00  1.68842E-02  2.03674E+03  1.00000E-35  2.04051E+03
   2.49000E+03  3.75384E+00  1.68842E-02  2.06063E+03  1.00000E-35  2.06440E+03
   2.49125E+03  3.77569E+00  1.68923E-02  2.05941E+03  1.00000E-35  2.06320E+03
   2.49250E+03  3.79766E+00  1.69005E-02  2.05947E+03  1.00000E-35  2.06328E+03
   2.49499E+03  3.84178E+00  1.69168E-02  2.06513E+03  1.00000E-35  2.06899E+03
   2.49625E+03  3.86428E+00  1.69250E-02  2.07190E+03  1.00000E-35  2.07578E+03
   2.49750E+03  3.88673E+00  1.69332E-02  2.08229E+03  1.00000E-35  2.08619E+03
   2.49875E+03  3.90929E+00  1.69414E-02  2.09714E+03  1.00000E-35  2.10107E+03
   2.50000E+03  3.93197E+00  1.69495E-02  2.11727E+03  1.00000E-35  2.12122E+03
   2.50165E+03  3.96209E+00  1.69603E-02  2.15293E+03  1.00000E-35  2.15690E+03
   2.50331E+03  3.99261E+00  1.69712E-02  2.19925E+03  1.00000E-35  2.20326E+03
   2.50496E+03  4.02316E+00  1.69820E-02  2.25485E+03  1.00000E-35  2.25889E+03
   2.50662E+03  4.05410E+00  1.69928E-02  2.31641E+03  1.00000E-35  2.32048E+03
   2.50828E+03  4.08527E+00  1.70037E-02  2.37945E+03  1.00000E-35  2.38355E+03
   2.50994E+03  4.11665E+00  1.70145E-02  2.43961E+03  1.00000E-35  2.44374E+03
   2.51160E+03  4.14825E+00  1.70253E-02  2.49376E+03  1.00000E-35  2.49793E+03
   2.51326E+03  4.17950E+00  1.70362E-02  2.54047E+03  1.00000E-35  2.54467E+03
   2.51492E+03  4.21083E+00  1.70470E-02  2.57969E+03  1.00000E-35  2.58392E+03
   2.51658E+03  4.24238E+00  1.70579E-02  2.61223E+03  1.00000E-35  2.61649E+03
   2.51825E+03  4.27433E+00  1.70688E-02  2.63922E+03  1.00000E-35  2.64351E+03
   2.51991E+03  4.30631E+00  1.70797E-02  2.66180E+03  1.00000E-35  2.66612E+03
   2.52325E+03  4.37132E+00  1.71015E-02  2.69732E+03  1.00000E-35  2.70171E+03
   2.52658E+03  4.43702E+00  1.71232E-02  2.72394E+03  1.00000E-35  2.72839E+03
   2.52993E+03  4.50403E+00  1.71451E-02  2.74421E+03  1.00000E-35  2.74873E+03
   2.53327E+03  4.57175E+00  1.71670E-02  2.75923E+03  1.00000E-35  2.76382E+03
   2.53998E+03  4.68477E+00  1.72108E-02  2.77553E+03  1.00000E-35  2.78023E+03
   2.54671E+03  4.79049E+00  1.72548E-02  2.77665E+03  1.00000E-35  2.78146E+03
   2.55345E+03  4.89847E+00  1.72988E-02  2.76749E+03  1.00000E-35  2.77240E+03
   2.60804E+03  5.51634E+00  1.76552E-02  2.64864E+03  1.00000E-35  2.65417E+03
   2.72075E+03  6.29149E+00  1.83720E-02  2.39200E+03  1.00000E-35  2.39831E+03
   2.83834E+03  6.61012E+00  1.91063E-02  2.15387E+03  1.00000E-35  2.16050E+03
   2.96100E+03  6.78873E+00  1.98509E-02  1.93545E+03  1.00000E-35  1.94226E+03
   2.96100E+03  6.78873E+00  1.98509E-02  2.06829E+03  1.00000E-35  2.07510E+03
   2.96342E+03  6.80885E+00  1.98654E-02  2.11563E+03  1.00000E-35  2.12245E+03
   2.96585E+03  6.83036E+00  1.98799E-02  2.15054E+03  1.00000E-35  2.15739E+03
   2.96827E+03  6.85357E+00  1.98943E-02  2.17528E+03  1.00000E-35  2.18215E+03
   2.97070E+03  6.87694E+00  1.99088E-02  2.19187E+03  1.00000E-35  2.19877E+03
   2.97313E+03  6.90037E+00  1.99233E-02  2.20212E+03  1.00000E-35  2.20904E+03
   2.97557E+03  6.92396E+00  1.99379E-02  2.20760E+03  1.00000E-35  2.21454E+03
   2.98044E+03  6.97121E+00  1.99669E-02  2.20915E+03  1.00000E-35  2.21614E+03
   2.99020E+03  7.06666E+00  2.00251E-02  2.19517E+03  1.00000E-35  2.20226E+03
   3.00000E+03  7.14655E+00  2.00835E-02  2.17670E+03  1.00000E-35  2.18387E+03
   3.20312E+03  7.75538E+00  2.12751E-02  1.85960E+03  1.00000E-35  1.86738E+03
   3.42000E+03  7.76959E+00  2.25030E-02  1.58248E+03  1.00000E-35  1.59027E+03
   3.42000E+03  7.76959E+00  2.25030E-02  1.62156E+03  1.00000E-35  1.62935E+03
   3.42247E+03  7.77460E+00  2.25164E-02  1.63552E+03  1.00000E-35  1.64332E+03
   3.42495E+03  7.77962E+00  2.25300E-02  1.64548E+03  1.00000E-35  1.65328E+03
   3.42742E+03  7.78463E+00  2.25434E-02  1.65201E+03  1.00000E-35  1.65982E+03
   3.42990E+03  7.78966E+00  2.25569E-02  1.65577E+03  1.00000E-35  1.66358E+03
   3.43486E+03  7.79972E+00  2.25840E-02  1.65754E+03  1.00000E-35  1.66536E+03
   3.43983E+03  7.81210E+00  2.26110E-02  1.65486E+03  1.00000E-35  1.66270E+03
   3.45977E+03  7.86341E+00  2.27196E-02  1.63310E+03  1.00000E-35  1.64098E+03
   3.50000E+03  7.94903E+00  2.29383E-02  1.59012E+03  1.00000E-35  1.59809E+03
   3.71000E+03  8.05852E+00  2.40730E-02  1.38169E+03  1.00000E-35  1.38977E+03
   3.71000E+03  8.05852E+00  2.40730E-02  1.45369E+03  1.00000E-35  1.46178E+03
   3.71218E+03  8.06161E+00  2.40847E-02  1.44705E+03  1.00000E-35  1.45513E+03
   3.71437E+03  8.06472E+00  2.40965E-02  1.44203E+03  1.00000E-35  1.45012E+03
   3.71874E+03  8.07091E+00  2.41195E-02  1.43472E+03  1.00000E-35  1.44281E+03
   3.72749E+03  8.08331E+00  2.41652E-02  1.42482E+03  1.00000E-35  1.43293E+03
   3.74507E+03  8.10931E+00  2.42569E-02  1.40981E+03  1.00000E-35  1.41794E+03
   3.78047E+03  8.15606E+00  2.44413E-02  1.37903E+03  1.00000E-35  1.38721E+03
   3.85227E+03  8.19784E+00  2.48142E-02  1.31863E+03  1.00000E-35  1.32685E+03
   4.00000E+03  8.20331E+00  2.55773E-02  1.20539E+03  1.00000E-35  1.21362E+03
   4.50000E+03  7.98786E+00  2.80522E-02  9.06910E+02  1.00000E-35  9.14926E+02
   5.00000E+03  7.62600E+00  3.04020E-02  7.00805E+02  1.00000E-35  7.08462E+02
   5.50000E+03  7.22421E+00  3.26472E-02  5.53690E+02  1.00000E-35  5.60947E+02
   6.00000E+03  6.81741E+00  3.47967E-02  4.45723E+02  1.00000E-35  4.52576E+02
   7.00000E+03  6.04645E+00  3.88351E-02  3.02380E+02  1.00000E-35  3.08465E+02
   8.00000E+03  5.35189E+00  4.25584E-02  2.15336E+02  1.00000E-35  2.20730E+02
   9.00000E+03  4.73819E+00  4.59394E-02  1.59242E+02  1.00000E-35  1.64026E+02
   1.00000E+04  4.18559E+00  4.90393E-02  1.21363E+02  1.00000E-35  1.25598E+02
   1.10000E+04  3.65964E+00  5.18990E-02  9.48005E+01  1.00000E-35  9.85121E+01
   1.25000E+04  2.59495E+00  5.57955E-02  6.79437E+01  1.00000E-35  7.05945E+01
   1.26620E+04  2.50480E+00  5.61912E-02  6.56958E+01  1.00000E-35  6.82568E+01
   1.26620E+04  2.50480E+00  5.61912E-02  1.04259E+02  1.00000E-35  1.06820E+02
   1.26719E+04  2.50449E+00  5.62153E-02  1.52782E+02  1.00000E-35  1.55343E+02
   1.26819E+04  2.50417E+00  5.62396E-02  1.63692E+02  1.00000E-35  1.66252E+02
   1.26918E+04  2.50386E+00  5.62637E-02  1.64113E+02  1.00000E-35  1.66673E+02
   1.27018E+04  2.50355E+00  5.62880E-02  1.63291E+02  1.00000E-35  1.65851E+02
   1.27417E+04  2.53336E+00  5.63849E-02  1.63243E+02  1.00000E-35  1.65833E+02
   1.27818E+04  2.56701E+00  5.64822E-02  1.61431E+02  1.00000E-35  1.64055E+02
   1.28220E+04  2.60108E+00  5.65797E-02  1.60221E+02  1.00000E-35  1.62878E+02
   1.29840E+04  2.74018E+00  5.69708E-02  1.55052E+02  1.00000E-35  1.57849E+02
   1.33142E+04  2.83924E+00  5.77505E-02  1.45028E+02  1.00000E-35  1.47925E+02
   1.40000E+04  2.75493E+00  5.93025E-02  1.26664E+02  1.00000E-35  1.29478E+02
   1.47040E+04  2.47210E+00  6.08279E-02  1.10920E+02  1.00000E-35  1.13453E+02
   1.47040E+04  2.47210E+00  6.08279E-02  1.26730E+02  1.00000E-35  1.29263E+02
   1.47132E+04  2.46937E+00  6.08472E-02  1.47583E+02  1.00000E-35  1.50113E+02
   1.47223E+04  2.46667E+00  6.08663E-02  1.52706E+02  1.00000E-35  1.55234E+02
   1.47315E+04  2.46729E+00  6.08855E-02  1.53048E+02  1.00000E-35  1.55576E+02
   1.47407E+04  2.46824E+00  6.09048E-02  1.52697E+02  1.00000E-35  1.55226E+02
   1.47774E+04  2.47199E+00  6.09816E-02  1.52332E+02  1.00000E-35  1.54865E+02
   1.48513E+04  2.47955E+00  6.11359E-02  1.50257E+02  1.00000E-35  1.52797E+02
   1.50000E+04  2.51098E+00  6.14453E-02  1.46407E+02  1.00000E-35  1.48979E+02
   1.53500E+04  2.56226E+00  6.21677E-02  1.37805E+02  1.00000E-35  1.40430E+02
   1.53500E+04  2.56226E+00  6.21677E-02  1.63348E+02  1.00000E-35  1.65972E+02
   1.53579E+04  2.56378E+00  6.21839E-02  1.59495E+02  1.00000E-35  1.62120E+02
   1.53657E+04  2.56528E+00  6.21999E-02  1.58496E+02  1.00000E-35  1.61123E+02
   1.53815E+04  2.56833E+00  6.22323E-02  1.58240E+02  1.00000E-35  1.60870E+02
   1.53972E+04  2.57136E+00  6.22644E-02  1.58118E+02  1.00000E-35  1.60752E+02
   1.54130E+04  2.57441E+00  6.22968E-02  1.57727E+02  1.00000E-35  1.60363E+02
   1.54763E+04  2.58969E+00  6.24263E-02  1.56103E+02  1.00000E-35  1.58755E+02
   1.56036E+04  2.61977E+00  6.26860E-02  1.52938E+02  1.00000E-35  1.55621E+02
   1.58614E+04  2.66002E+00  6.31884E-02  1.46709E+02  1.00000E-35  1.49433E+02
   1.63898E+04  2.65729E+00  6.42018E-02  1.34965E+02  1.00000E-35  1.37687E+02
   1.75000E+04  2.56010E+00  6.62386E-02  1.14201E+02  1.00000E-35  1.16828E+02
   2.00000E+04  2.25798E+00  7.03740E-02  8.09318E+01  1.00000E-35  8.32601E+01
   2.20000E+04  2.02387E+00  7.32919E-02  6.31423E+01  1.00000E-35  6.52395E+01
   2.50000E+04  1.72354E+00  7.71256E-02  4.51404E+01  1.00000E-35  4.69411E+01
   3.00000E+04  1.34639E+00  8.23785E-02  2.78351E+01  1.00000E-35  2.92639E+01
   3.50000E+04  1.07743E+00  8.64326E-02  1.84231E+01  1.00000E-35  1.95870E+01
   4.00000E+04  8.76721E-01  8.96044E-02  1.28534E+01  1.00000E-35  1.38197E+01
   4.50000E+04  7.22765E-01  9.20412E-02  9.34042E+00  1.00000E-35  1.01552E+01
   5.00000E+04  6.06611E-01  9.39329E-02  7.01159E+00  1.00000E-35  7.71213E+00
   5.50000E+04  5.15022E-01  9.53838E-02  5.40458E+00  1.00000E-35  6.01498E+00
   6.00000E+04  4.41789E-01  9.64812E-02  4.25861E+00  1.00000E-35  4.79688E+00
   7.00000E+04  3.32019E-01  9.78761E-02  2.78831E+00  1.00000E-35  3.21820E+00
   8.00000E+04  2.50579E-01  9.85248E-02  1.92986E+00  1.00000E-35  2.27896E+00
   8.55360E+04  1.96498E-01  9.86633E-02  1.60414E+00  1.00000E-35  1.89930E+00
   8.55360E+04  1.96498E-01  9.86633E-02  8.69963E+00  1.00000E-35  8.99480E+00
   8.56040E+04  1.96474E-01  9.86633E-02  7.54945E+00  1.00000E-35  7.84459E+00
   8.56721E+04  1.96449E-01  9.86632E-02  7.54547E+00  1.00000E-35  7.84059E+00
   8.57402E+04  1.96425E-01  9.86632E-02  7.54633E+00  1.00000E-35  7.84142E+00
   8.58084E+04  1.96401E-01  9.86631E-02  7.51300E+00  1.00000E-35  7.80807E+00
   8.59449E+04  1.96352E-01  9.86630E-02  7.47588E+00  1.00000E-35  7.77089E+00
   8.60817E+04  1.96303E-01  9.86629E-02  7.45640E+00  1.00000E-35  7.75137E+00
   8.66308E+04  1.98198E-01  9.86624E-02  7.33562E+00  1.00000E-35  7.63248E+00
   8.77396E+04  2.04733E-01  9.86615E-02  7.10281E+00  1.00000E-35  7.40621E+00
   9.00000E+04  2.08578E-01  9.86597E-02  6.65827E+00  1.00000E-35  6.96551E+00
   1.00000E+05  1.88159E-01  9.84412E-02  5.07471E+00  1.00000E-35  5.36131E+00
   1.10000E+05  1.63734E-01  9.79277E-02  3.96095E+00  1.00000E-35  4.22261E+00
   1.25000E+05  1.32920E-01  9.68074E-02  2.83302E+00  1.00000E-35  3.06274E+00
   1.40000E+05  1.09237E-01  9.54642E-02  2.10054E+00  1.00000E-35  2.30524E+00
   1.50000E+05  9.66512E-02  9.44707E-02  1.74961E+00  1.00000E-35  1.94073E+00
   1.75000E+05  7.33747E-02  9.19256E-02  1.16188E+00  1.00000E-35  1.32718E+00
   2.00000E+05  5.75749E-02  8.93907E-02  8.15028E-01  1.00000E-35  9.61994E-01
   2.20000E+05  4.83260E-02  8.74076E-02  6.33265E-01  1.00000E-35  7.68998E-01
   2.50000E+05  3.81230E-02  8.45821E-02  4.52288E-01  1.00000E-35  5.74993E-01
   2.73861E+05  3.21196E-02  8.24683E-02  3.56072E-01  1.00000E-35  4.70660E-01
   3.00000E+05  2.70425E-02  8.02887E-02  2.81476E-01  1.00000E-35  3.88807E-01
   3.24037E+05  2.33448E-02  7.83973E-02  2.30953E-01  1.00000E-35  3.32695E-01
   3.50000E+05  2.01499E-02  7.64758E-02  1.89880E-01  1.00000E-35  2.86506E-01
   3.74166E+05  1.77296E-02  7.47897E-02  1.60490E-01  1.00000E-35  2.53009E-01
   4.00000E+05  1.55904E-02  7.30920E-02  1.35954E-01  1.00000E-35  2.24637E-01
   4.24264E+05  1.39118E-02  7.15905E-02  1.17594E-01  1.00000E-35  2.03096E-01
   4.50000E+05  1.24140E-02  7.00708E-02  1.01882E-01  1.00000E-35  1.84367E-01
   5.00000E+05  1.01243E-02  6.73550E-02  7.91335E-02  1.00000E-35  1.56613E-01
   5.50000E+05  8.41083E-03  6.48909E-02  6.32587E-02  1.00000E-35  1.36560E-01
   6.00000E+05  7.09529E-03  6.26520E-02  5.17722E-02  1.00000E-35  1.21519E-01
   6.48074E+05  6.10290E-03  6.06838E-02  4.34739E-02  1.00000E-35  1.10261E-01
   7.00000E+05  5.24932E-03  5.87311E-02  3.66556E-02  1.00000E-35  1.00636E-01
   7.48331E+05  4.60706E-03  5.70473E-02  3.16862E-02  1.00000E-35  9.33406E-02
   8.00000E+05  4.04217E-03  5.53807E-02  2.74564E-02  1.00000E-35  8.68793E-02
   8.48528E+05  3.60070E-03  5.39278E-02  2.42406E-02  1.00000E-35  8.17691E-02
   9.00000E+05  3.20616E-03  5.24931E-02  2.14447E-02  1.00000E-35  7.71440E-02
   1.00000E+06  2.60502E-03  4.99536E-02  1.72957E-02  1.00000E-35  6.98544E-02
   1.10000E+06  2.15895E-03  4.77050E-02  1.43071E-02  1.53770E-05  6.41864E-02
   1.17260E+06  1.90344E-03  4.62277E-02  1.26276E-02  1.28782E-04  6.08875E-02
   1.25000E+06  1.67789E-03  4.47704E-02  1.11703E-02  3.57188E-04  5.79758E-02
   1.40000E+06  1.34053E-03  4.22422E-02  9.02755E-03  1.10446E-03  5.37147E-02
   1.50000E+06  1.16886E-03  4.07442E-02  7.95251E-03  1.76399E-03  5.16296E-02
   1.62019E+06  1.00295E-03  3.91028E-02  6.91742E-03  2.60298E-03  4.96261E-02
   1.75000E+06  8.60595E-04  3.74988E-02  6.03623E-03  3.53251E-03  4.79282E-02
   1.87083E+06  7.53718E-04  3.61401E-02  5.37364E-03  4.39608E-03  4.66635E-02
   2.00000E+06  6.60118E-04  3.48123E-02  4.79284E-03  5.32544E-03  4.55907E-02
   2.20000E+06  5.46275E-04  3.29702E-02  4.08320E-03  6.73510E-03  4.43348E-02
   2.34521E+06  4.81055E-04  3.17708E-02  3.67434E-03  7.72424E-03  4.36504E-02
   2.50000E+06  4.23484E-04  3.06013E-02  3.31206E-03  8.74798E-03  4.30848E-02
   2.73861E+06  3.53013E-04  2.89802E-02  2.86263E-03  1.02282E-02  4.24240E-02
   3.00000E+06  2.94264E-04  2.74181E-02  2.48355E-03  1.17609E-02  4.19568E-02
   3.24037E+06  2.52289E-04  2.61440E-02  2.20688E-03  1.31054E-02  4.17085E-02
   3.50000E+06  2.16302E-04  2.49125E-02  1.96519E-03  1.44900E-02  4.15840E-02
   4.00000E+06  1.65678E-04  2.28773E-02  1.61500E-03  1.69595E-02  4.16175E-02
   4.50000E+06  1.30956E-04  2.11901E-02  1.36480E-03  1.92430E-02  4.19289E-02
   5.00000E+06  1.06111E-04  1.97649E-02  1.17826E-03  2.13272E-02  4.23765E-02
   5.50000E+06  8.77219E-05  1.85372E-02  1.03443E-03  2.32454E-02  4.29048E-02
   6.00000E+06  7.37316E-05  1.74691E-02  9.20585E-04  2.50963E-02  4.35597E-02
   6.48074E+06  6.32144E-05  1.65651E-02  8.31546E-04  2.67680E-02  4.42278E-02
   7.00000E+06  5.41960E-05  1.56994E-02  7.52429E-04  2.84366E-02  4.49426E-02
   8.00000E+06  4.14974E-05  1.42879E-02  6.34770E-04  3.14294E-02  4.63935E-02
   9.00000E+06  3.27889E-05  1.31320E-02  5.48163E-04  3.41747E-02  4.78876E-02
   1.00000E+07  2.65597E-05  1.21660E-02  4.80115E-04  3.66809E-02  4.93535E-02
   1.10000E+07  2.19507E-05  1.13455E-02  4.26538E-04  3.89956E-02  5.07895E-02
   1.25000E+07  1.69991E-05  1.03207E-02  3.64764E-04  4.22017E-02  5.29042E-02
   1.40000E+07  1.35520E-05  9.48034E-03  3.18176E-04  4.50897E-02  5.49017E-02
   1.50000E+07  1.18055E-05  8.99912E-03  2.93043E-04  4.68515E-02  5.61555E-02
   1.75000E+07  8.67370E-06  8.00164E-03  2.44397E-04  5.07655E-02  5.90202E-02
   2.00000E+07  6.64104E-06  7.21877E-03  2.09347E-04  5.41389E-02  6.15737E-02
   2.20000E+07  5.48855E-06  6.70333E-03  1.87690E-04  5.65574E-02  6.34539E-02
   2.50000E+07  4.25037E-06  6.06447E-03  1.62374E-04  5.97780E-02  6.60091E-02
   3.00000E+07  2.95164E-06  5.24972E-03  1.32439E-04  6.43131E-02  6.96982E-02
   3.50000E+07  2.16856E-06  4.64123E-03  1.11743E-04  6.80680E-02  7.28231E-02
   4.00000E+07  1.66031E-06  4.16797E-03  9.66003E-05  7.12448E-02  7.55110E-02
   4.50000E+07  1.31186E-06  3.78826E-03  8.50499E-05  7.39920E-02  7.78666E-02
   5.00000E+07  1.06260E-06  3.47642E-03  7.59536E-05  7.63827E-02  7.99361E-02
   5.50000E+07  8.78188E-07  3.21538E-03  6.86073E-05  7.84689E-02  8.17538E-02
   6.00000E+07  7.37925E-07  2.99334E-03  6.25512E-05  8.03784E-02  8.34351E-02
   7.00000E+07  5.42150E-07  2.63523E-03  5.31574E-05  8.36023E-02  8.62912E-02
   8.00000E+07  4.15084E-07  2.35840E-03  4.62106E-05  8.62660E-02  8.86711E-02
   9.00000E+07  3.27966E-07  2.13740E-03  4.08668E-05  8.84924E-02  9.06710E-02
   1.00000E+08  2.65653E-07  1.95667E-03  3.66285E-05  9.04029E-02  9.23965E-02
   1.10000E+08  2.19549E-07  1.80590E-03  3.31857E-05  9.20598E-02  9.38991E-02
   1.25000E+08  1.70018E-07  1.62109E-03  2.90840E-05  9.41625E-02  9.58129E-02
   1.40000E+08  1.35538E-07  1.47262E-03  2.58838E-05  9.59252E-02  9.74239E-02
   1.50000E+08  1.18068E-07  1.38874E-03  2.41145E-05  9.69461E-02  9.83591E-02
   1.75000E+08  8.67441E-08  1.21770E-03  2.05946E-05  9.90985E-02  1.00337E-01
   2.00000E+08  6.64136E-08  1.08619E-03  1.79709E-05  1.00829E-01  1.01933E-01
   2.20000E+08  5.48873E-08  1.00085E-03  1.63086E-05  1.01987E-01  1.03004E-01
   2.50000E+08  4.25049E-08  8.96543E-04  1.43213E-05  1.03442E-01  1.04353E-01
   3.00000E+08  2.95171E-08  7.65873E-04  1.19036E-05  1.05336E-01  1.06113E-01
   3.50000E+08  2.16861E-08  6.70027E-04  1.01841E-05  1.06762E-01  1.07442E-01
   4.00000E+08  1.66034E-08  5.96546E-04  8.89864E-06  1.07897E-01  1.08502E-01
   4.50000E+08  1.31187E-08  5.38304E-04  7.90130E-06  1.08831E-01  1.09377E-01
   5.00000E+08  1.06262E-08  4.90948E-04  7.10497E-06  1.09608E-01  1.10106E-01
   5.50000E+08  8.78196E-09  4.51635E-04  6.45443E-06  1.10244E-01  1.10702E-01
   6.00000E+08  7.37929E-09  4.18446E-04  5.91303E-06  1.10819E-01  1.11243E-01
   7.00000E+08  5.42152E-09  3.65415E-04  5.06357E-06  1.11716E-01  1.12087E-01
   8.00000E+08  4.15086E-09  3.24849E-04  4.42747E-06  1.12414E-01  1.12744E-01
   9.00000E+08  3.27969E-09  2.92760E-04  3.93337E-06  1.12977E-01  1.13273E-01
   9.48683E+08  2.95172E-09  2.79434E-04  3.73386E-06  1.13213E-01  1.13496E-01
   1.00000E+09  2.65655E-09  2.66709E-04  3.53847E-06  1.13444E-01  1.13714E-01
