 # Material data file: Po                  
 # 
 # PENELOPE >>>  Photon mass attenuation coefficients (mac).
 # 
 #   Energy       mac_Ra       mac_Co       mac_ph       mac_pp       mac_tot
 #    (eV)       (cm**2/g)    (cm**2/g)    (cm**2/g)    (cm**2/g)    (cm**2/g)
 #------------------------------------------------------------------------------
   5.00000E+01  2.84765E+00  1.96380E-03  1.43108E+05  1.00000E-35  1.43111E+05
   5.02987E+01  2.99395E+00  1.96412E-03  1.48421E+05  1.00000E-35  1.48424E+05
   5.05993E+01  3.14082E+00  1.96444E-03  1.53420E+05  1.00000E-35  1.53423E+05
   5.09016E+01  3.28018E+00  1.96477E-03  1.58061E+05  1.00000E-35  1.58064E+05
   5.12057E+01  3.41763E+00  1.96509E-03  1.62300E+05  1.00000E-35  1.62304E+05
   5.15116E+01  3.55274E+00  1.96541E-03  1.66102E+05  1.00000E-35  1.66106E+05
   5.18194E+01  3.67728E+00  1.96573E-03  1.69436E+05  1.00000E-35  1.69440E+05
   5.21290E+01  3.79834E+00  1.96605E-03  1.72278E+05  1.00000E-35  1.72282E+05
   5.24404E+01  3.91301E+00  1.96637E-03  1.74611E+05  1.00000E-35  1.74615E+05
   5.27538E+01  4.01602E+00  1.96670E-03  1.76426E+05  1.00000E-35  1.76430E+05
   5.30689E+01  4.11336E+00  1.96702E-03  1.77720E+05  1.00000E-35  1.77724E+05
   5.33860E+01  4.20031E+00  1.96734E-03  1.78500E+05  1.00000E-35  1.78504E+05
   5.37050E+01  4.27528E+00  1.96766E-03  1.78779E+05  1.00000E-35  1.78783E+05
   5.40258E+01  4.34335E+00  1.96798E-03  1.78579E+05  1.00000E-35  1.78583E+05
   5.43486E+01  4.39835E+00  1.96831E-03  1.77927E+05  1.00000E-35  1.77931E+05
   5.46733E+01  4.44202E+00  1.96865E-03  1.76856E+05  1.00000E-35  1.76860E+05
   5.50000E+01  4.47846E+00  1.96900E-03  1.75402E+05  1.00000E-35  1.75406E+05
   5.56015E+01  4.51603E+00  1.96964E-03  1.71891E+05  1.00000E-35  1.71895E+05
   5.62095E+01  4.52565E+00  1.97027E-03  1.67486E+05  1.00000E-35  1.67490E+05
   5.68242E+01  4.50967E+00  1.97091E-03  1.62428E+05  1.00000E-35  1.62432E+05
   5.74456E+01  4.47233E+00  1.97155E-03  1.56932E+05  1.00000E-35  1.56937E+05
   5.80738E+01  4.41682E+00  1.97219E-03  1.51183E+05  1.00000E-35  1.51188E+05
   5.87089E+01  4.35152E+00  1.97283E-03  1.45327E+05  1.00000E-35  1.45331E+05
   6.00000E+01  4.19748E+00  1.97417E-03  1.33709E+05  1.00000E-35  1.33713E+05
   7.00000E+01  3.21788E+00  1.98449E-03  7.18798E+04  1.00000E-35  7.18831E+04
   7.23762E+01  3.05483E+00  1.98700E-03  6.27020E+04  1.00000E-35  6.27050E+04
   7.48331E+01  2.90409E+00  1.98953E-03  5.45831E+04  1.00000E-35  5.45860E+04
   7.73735E+01  2.76080E+00  1.99215E-03  4.73835E+04  1.00000E-35  4.73863E+04
   8.00000E+01  2.62458E+00  1.99489E-03  4.10216E+04  1.00000E-35  4.10242E+04
   8.48528E+01  2.39266E+00  1.99989E-03  3.16256E+04  1.00000E-35  3.16280E+04
   9.00000E+01  2.17552E+00  2.00516E-03  2.42560E+04  1.00000E-35  2.42582E+04
   1.00000E+02  1.79429E+00  2.01552E-03  1.50178E+04  1.00000E-35  1.50196E+04
   1.10000E+02  1.62913E+00  2.02586E-03  9.72309E+03  1.00000E-35  9.72472E+03
   1.12000E+02  1.60670E+00  2.02793E-03  8.95221E+03  1.00000E-35  8.95382E+03
   1.12000E+02  1.60670E+00  2.02793E-03  1.13197E+04  1.00000E-35  1.13213E+04
   1.12096E+02  1.60542E+00  2.02803E-03  1.12931E+04  1.00000E-35  1.12948E+04
   1.12192E+02  1.60415E+00  2.02813E-03  1.12666E+04  1.00000E-35  1.12682E+04
   1.12385E+02  1.60160E+00  2.02832E-03  1.12131E+04  1.00000E-35  1.12148E+04
   1.12771E+02  1.59653E+00  2.02872E-03  1.11033E+04  1.00000E-35  1.11049E+04
   1.13548E+02  1.58642E+00  2.02951E-03  1.08736E+04  1.00000E-35  1.08752E+04
   1.15117E+02  1.56623E+00  2.03109E-03  1.03828E+04  1.00000E-35  1.03843E+04
   1.16709E+02  1.54409E+00  2.03270E-03  9.86953E+03  1.00000E-35  9.87108E+03
   1.18322E+02  1.52073E+00  2.03441E-03  9.35397E+03  1.00000E-35  9.35549E+03
   1.21615E+02  1.47080E+00  2.03784E-03  8.36429E+03  1.00000E-35  8.36576E+03
   1.25000E+02  1.41806E+00  2.04127E-03  7.45970E+03  1.00000E-35  7.46112E+03
   1.31814E+02  1.30941E+00  2.04834E-03  5.95915E+03  1.00000E-35  5.96046E+03
   1.39000E+02  1.23128E+00  2.05566E-03  4.77054E+03  1.00000E-35  4.77177E+03
   1.39000E+02  1.23128E+00  2.05566E-03  5.89126E+03  1.00000E-35  5.89249E+03
   1.39125E+02  1.23153E+00  2.05579E-03  5.88958E+03  1.00000E-35  5.89082E+03
   1.39249E+02  1.23179E+00  2.05592E-03  5.88771E+03  1.00000E-35  5.88894E+03
   1.39499E+02  1.23173E+00  2.05618E-03  5.88226E+03  1.00000E-35  5.88350E+03
   1.40000E+02  1.23119E+00  2.05671E-03  5.86440E+03  1.00000E-35  5.86563E+03
   1.40605E+02  1.23054E+00  2.05735E-03  5.83106E+03  1.00000E-35  5.83229E+03
   1.41213E+02  1.22875E+00  2.05798E-03  5.78593E+03  1.00000E-35  5.78716E+03
   1.42436E+02  1.22359E+00  2.05926E-03  5.66686E+03  1.00000E-35  5.66808E+03
   1.43669E+02  1.21640E+00  2.06053E-03  5.52084E+03  1.00000E-35  5.52206E+03
   1.44914E+02  1.20924E+00  2.06180E-03  5.35970E+03  1.00000E-35  5.36091E+03
   1.47435E+02  1.19232E+00  2.06435E-03  5.02315E+03  1.00000E-35  5.02434E+03
   1.50000E+02  1.17228E+00  2.06691E-03  4.69464E+03  1.00000E-35  4.69581E+03
   1.55893E+02  1.12031E+00  2.07308E-03  4.03914E+03  1.00000E-35  4.04026E+03
   1.58926E+02  1.09256E+00  2.07617E-03  3.75550E+03  1.00000E-35  3.75659E+03
   1.62019E+02  1.06406E+00  2.07926E-03  3.49882E+03  1.00000E-35  3.49989E+03
   1.65171E+02  1.03460E+00  2.08252E-03  3.26633E+03  1.00000E-35  3.26737E+03
   1.68384E+02  1.00595E+00  2.08587E-03  3.05574E+03  1.00000E-35  3.05674E+03
   1.71660E+02  9.76316E-01  2.08922E-03  2.86493E+03  1.00000E-35  2.86590E+03
   1.75000E+02  9.41057E-01  2.09258E-03  2.69180E+03  1.00000E-35  2.69274E+03
   1.81000E+02  8.77779E-01  2.09874E-03  2.42592E+03  1.00000E-35  2.42680E+03
   1.81000E+02  8.77779E-01  2.09874E-03  2.57427E+03  1.00000E-35  2.57515E+03
   1.81092E+02  8.76823E-01  2.09884E-03  2.57089E+03  1.00000E-35  2.57177E+03
   1.81185E+02  8.75859E-01  2.09893E-03  2.56751E+03  1.00000E-35  2.56839E+03
   1.81369E+02  8.73956E-01  2.09912E-03  2.56079E+03  1.00000E-35  2.56167E+03
   1.81739E+02  8.70147E-01  2.09951E-03  2.54743E+03  1.00000E-35  2.54830E+03
   1.82482E+02  8.62574E-01  2.10028E-03  2.52094E+03  1.00000E-35  2.52180E+03
   1.83976E+02  8.47255E-01  2.10182E-03  2.46890E+03  1.00000E-35  2.46975E+03
   1.87000E+02  8.13851E-01  2.10490E-03  2.36966E+03  1.00000E-35  2.37048E+03
   1.87000E+02  8.13851E-01  2.10490E-03  2.70658E+03  1.00000E-35  2.70740E+03
   1.87185E+02  8.11834E-01  2.10509E-03  2.71580E+03  1.00000E-35  2.71661E+03
   1.87369E+02  8.09841E-01  2.10527E-03  2.72470E+03  1.00000E-35  2.72552E+03
   1.87740E+02  8.05844E-01  2.10565E-03  2.74080E+03  1.00000E-35  2.74161E+03
   1.88482E+02  7.97933E-01  2.10640E-03  2.76602E+03  1.00000E-35  2.76682E+03
   1.89228E+02  7.90756E-01  2.10714E-03  2.78212E+03  1.00000E-35  2.78291E+03
   1.89976E+02  7.84141E-01  2.10789E-03  2.78985E+03  1.00000E-35  2.79064E+03
   1.90728E+02  7.77895E-01  2.10864E-03  2.79034E+03  1.00000E-35  2.79112E+03
   1.91482E+02  7.72711E-01  2.10939E-03  2.78479E+03  1.00000E-35  2.78557E+03
   1.93000E+02  7.63103E-01  2.11089E-03  2.76024E+03  1.00000E-35  2.76101E+03
   1.93000E+02  7.63103E-01  2.11089E-03  3.02300E+03  1.00000E-35  3.02377E+03
   1.93107E+02  7.62489E-01  2.11099E-03  3.02753E+03  1.00000E-35  3.02829E+03
   1.93215E+02  7.61870E-01  2.11110E-03  3.03191E+03  1.00000E-35  3.03267E+03
   1.93430E+02  7.60641E-01  2.11133E-03  3.04009E+03  1.00000E-35  3.04085E+03
   1.93861E+02  7.58187E-01  2.11178E-03  3.05378E+03  1.00000E-35  3.05454E+03
   1.94727E+02  7.54003E-01  2.11269E-03  3.07078E+03  1.00000E-35  3.07154E+03
   1.95596E+02  7.50097E-01  2.11360E-03  3.07545E+03  1.00000E-35  3.07620E+03
   1.96469E+02  7.46697E-01  2.11452E-03  3.07006E+03  1.00000E-35  3.07081E+03
   1.98227E+02  7.40759E-01  2.11634E-03  3.03827E+03  1.00000E-35  3.03902E+03
   2.00000E+02  7.35345E-01  2.11816E-03  2.99090E+03  1.00000E-35  2.99164E+03
   2.04823E+02  7.12197E-01  2.12306E-03  2.85128E+03  1.00000E-35  2.85200E+03
   2.07278E+02  6.97254E-01  2.12551E-03  2.79097E+03  1.00000E-35  2.79167E+03
   2.09762E+02  6.79333E-01  2.12796E-03  2.74201E+03  1.00000E-35  2.74269E+03
   2.12276E+02  6.60269E-01  2.13057E-03  2.70627E+03  1.00000E-35  2.70693E+03
   2.14820E+02  6.39699E-01  2.13321E-03  2.68514E+03  1.00000E-35  2.68578E+03
   2.17395E+02  6.18051E-01  2.13586E-03  2.67971E+03  1.00000E-35  2.68033E+03
   2.20000E+02  5.95647E-01  2.13851E-03  2.69082E+03  1.00000E-35  2.69142E+03
   2.21765E+02  5.80572E-01  2.14029E-03  2.70784E+03  1.00000E-35  2.70842E+03
   2.23544E+02  5.65389E-01  2.14207E-03  2.73269E+03  1.00000E-35  2.73326E+03
   2.25337E+02  5.49822E-01  2.14385E-03  2.76550E+03  1.00000E-35  2.76605E+03
   2.27144E+02  5.34521E-01  2.14564E-03  2.80637E+03  1.00000E-35  2.80691E+03
   2.28966E+02  5.19159E-01  2.14744E-03  2.85545E+03  1.00000E-35  2.85597E+03
   2.30803E+02  5.03676E-01  2.14936E-03  2.91292E+03  1.00000E-35  2.91343E+03
   2.32655E+02  4.88592E-01  2.15128E-03  2.97900E+03  1.00000E-35  2.97949E+03
   2.34521E+02  4.73407E-01  2.15320E-03  3.05398E+03  1.00000E-35  3.05445E+03
   2.36402E+02  4.58377E-01  2.15513E-03  3.13821E+03  1.00000E-35  3.13867E+03
   2.38298E+02  4.43825E-01  2.15706E-03  3.23204E+03  1.00000E-35  3.23248E+03
   2.40210E+02  4.29730E-01  2.15899E-03  3.33592E+03  1.00000E-35  3.33635E+03
   2.42137E+02  4.16086E-01  2.16092E-03  3.45033E+03  1.00000E-35  3.45074E+03
   2.46037E+02  3.90086E-01  2.16478E-03  3.71181E+03  1.00000E-35  3.71220E+03
   2.50000E+02  3.67187E-01  2.16873E-03  4.01865E+03  1.00000E-35  4.01902E+03
   2.55763E+02  3.41062E-01  2.17467E-03  4.53548E+03  1.00000E-35  4.53582E+03
   2.61659E+02  3.25860E-01  2.18063E-03  5.13879E+03  1.00000E-35  5.13912E+03
   2.67691E+02  3.22458E-01  2.18660E-03  5.81293E+03  1.00000E-35  5.81326E+03
   2.73861E+02  3.33710E-01  2.19280E-03  6.53739E+03  1.00000E-35  6.53772E+03
   2.77000E+02  3.44925E-01  2.19602E-03  6.91203E+03  1.00000E-35  6.91238E+03
   2.80174E+02  3.57448E-01  2.19924E-03  7.29207E+03  1.00000E-35  7.29243E+03
   2.83385E+02  3.75095E-01  2.20246E-03  7.67574E+03  1.00000E-35  7.67611E+03
   2.86633E+02  3.96656E-01  2.20569E-03  8.06157E+03  1.00000E-35  8.06196E+03
   2.89918E+02  4.20842E-01  2.20893E-03  8.44826E+03  1.00000E-35  8.44868E+03
   2.93240E+02  4.49513E-01  2.21217E-03  8.83464E+03  1.00000E-35  8.83509E+03
   2.96601E+02  4.81676E-01  2.21554E-03  9.21951E+03  1.00000E-35  9.22000E+03
   3.00000E+02  5.17999E-01  2.21903E-03  9.60151E+03  1.00000E-35  9.60203E+03
   3.05837E+02  5.87957E-01  2.22493E-03  1.02364E+04  1.00000E-35  1.02370E+04
   3.11787E+02  6.67681E-01  2.23084E-03  1.08497E+04  1.00000E-35  1.08504E+04
   3.17853E+02  7.57787E-01  2.23677E-03  1.14312E+04  1.00000E-35  1.14320E+04
   3.24037E+02  8.55994E-01  2.24296E-03  1.19711E+04  1.00000E-35  1.19720E+04
   3.30341E+02  9.60879E-01  2.24938E-03  1.24615E+04  1.00000E-35  1.24624E+04
   3.36768E+02  1.07112E+00  2.25581E-03  1.28973E+04  1.00000E-35  1.28983E+04
   3.43320E+02  1.18604E+00  2.26226E-03  1.32772E+04  1.00000E-35  1.32784E+04
   3.50000E+02  1.30255E+00  2.26882E-03  1.36030E+04  1.00000E-35  1.36043E+04
   3.55891E+02  1.40618E+00  2.27492E-03  1.38440E+04  1.00000E-35  1.38454E+04
   3.61881E+02  1.51288E+00  2.28104E-03  1.40498E+04  1.00000E-35  1.40513E+04
   3.67972E+02  1.61895E+00  2.28717E-03  1.42226E+04  1.00000E-35  1.42242E+04
   3.74166E+02  1.72830E+00  2.29332E-03  1.43641E+04  1.00000E-35  1.43658E+04
   3.80464E+02  1.83740E+00  2.29956E-03  1.44752E+04  1.00000E-35  1.44770E+04
   3.86867E+02  1.94822E+00  2.30644E-03  1.45562E+04  1.00000E-35  1.45581E+04
   3.93379E+02  2.05633E+00  2.31333E-03  1.46070E+04  1.00000E-35  1.46091E+04
   4.00000E+02  2.16529E+00  2.32024E-03  1.46277E+04  1.00000E-35  1.46299E+04
   4.11953E+02  2.35098E+00  2.33249E-03  1.45924E+04  1.00000E-35  1.45948E+04
   4.24264E+02  2.52624E+00  2.34648E-03  1.44722E+04  1.00000E-35  1.44747E+04
   4.36943E+02  2.68516E+00  2.36076E-03  1.42799E+04  1.00000E-35  1.42826E+04
   4.50000E+02  2.83737E+00  2.37519E-03  1.40306E+04  1.00000E-35  1.40334E+04
   4.63789E+02  3.01105E+00  2.39303E-03  1.37287E+04  1.00000E-35  1.37317E+04
   4.78000E+02  3.23939E+00  2.41100E-03  1.33880E+04  1.00000E-35  1.33912E+04
   4.78000E+02  3.23939E+00  2.41100E-03  1.37157E+04  1.00000E-35  1.37189E+04
   4.78336E+02  3.24651E+00  2.41142E-03  1.37072E+04  1.00000E-35  1.37105E+04
   4.78673E+02  3.25365E+00  2.41184E-03  1.36988E+04  1.00000E-35  1.37021E+04
   4.79346E+02  3.26763E+00  2.41268E-03  1.36823E+04  1.00000E-35  1.36855E+04
   4.80696E+02  3.29578E+00  2.41436E-03  1.36512E+04  1.00000E-35  1.36545E+04
   4.83408E+02  3.35133E+00  2.41773E-03  1.36067E+04  1.00000E-35  1.36101E+04
   4.86134E+02  3.39734E+00  2.42110E-03  1.36141E+04  1.00000E-35  1.36175E+04
   4.88876E+02  3.43817E+00  2.42448E-03  1.36966E+04  1.00000E-35  1.37001E+04
   4.91634E+02  3.47337E+00  2.42859E-03  1.37840E+04  1.00000E-35  1.37874E+04
   4.94407E+02  3.51189E+00  2.43284E-03  1.37931E+04  1.00000E-35  1.37966E+04
   5.00000E+02  3.60101E+00  2.44136E-03  1.36810E+04  1.00000E-35  1.36846E+04
   5.03000E+02  3.65462E+00  2.44590E-03  1.36082E+04  1.00000E-35  1.36118E+04
   5.03000E+02  3.65462E+00  2.44590E-03  1.38203E+04  1.00000E-35  1.38239E+04
   5.03351E+02  3.66107E+00  2.44643E-03  1.38132E+04  1.00000E-35  1.38168E+04
   5.03703E+02  3.66755E+00  2.44696E-03  1.38061E+04  1.00000E-35  1.38097E+04
   5.04406E+02  3.68050E+00  2.44802E-03  1.37918E+04  1.00000E-35  1.37955E+04
   5.05816E+02  3.70657E+00  2.45015E-03  1.37635E+04  1.00000E-35  1.37672E+04
   5.08648E+02  3.75582E+00  2.45440E-03  1.37149E+04  1.00000E-35  1.37186E+04
   5.11496E+02  3.80467E+00  2.45866E-03  1.36956E+04  1.00000E-35  1.36994E+04
   5.14359E+02  3.85213E+00  2.46293E-03  1.37159E+04  1.00000E-35  1.37197E+04
   5.17239E+02  3.89961E+00  2.46721E-03  1.37219E+04  1.00000E-35  1.37258E+04
   5.20135E+02  3.94700E+00  2.47149E-03  1.36772E+04  1.00000E-35  1.36812E+04
   5.25975E+02  4.02662E+00  2.48008E-03  1.35275E+04  1.00000E-35  1.35315E+04
   5.50000E+02  4.33498E+00  2.52197E-03  1.28883E+04  1.00000E-35  1.28926E+04
   5.74456E+02  4.59707E+00  2.56615E-03  1.22682E+04  1.00000E-35  1.22728E+04
   6.00000E+02  4.82713E+00  2.62185E-03  1.16469E+04  1.00000E-35  1.16518E+04
   6.23574E+02  5.00962E+00  2.67456E-03  1.10883E+04  1.00000E-35  1.10933E+04
   6.48074E+02  5.16622E+00  2.73914E-03  1.05298E+04  1.00000E-35  1.05350E+04
   6.73537E+02  5.27526E+00  2.80966E-03  9.97247E+03  1.00000E-35  9.97775E+03
   7.00000E+02  5.36970E+00  2.89151E-03  9.42042E+03  1.00000E-35  9.42580E+03
   7.24000E+02  5.74691E+00  2.97280E-03  8.94803E+03  1.00000E-35  8.95378E+03
   7.24000E+02  5.74691E+00  2.97280E-03  9.34348E+03  1.00000E-35  9.34923E+03
   7.24565E+02  5.75459E+00  2.97471E-03  9.36054E+03  1.00000E-35  9.36630E+03
   7.25130E+02  5.75996E+00  2.97662E-03  9.37466E+03  1.00000E-35  9.38043E+03
   7.26262E+02  5.77073E+00  2.98044E-03  9.39354E+03  1.00000E-35  9.39931E+03
   7.28531E+02  5.79231E+00  2.98810E-03  9.39924E+03  1.00000E-35  9.40504E+03
   7.33090E+02  5.83572E+00  3.00347E-03  9.34020E+03  1.00000E-35  9.34604E+03
   7.42295E+02  5.91361E+00  3.03445E-03  9.15836E+03  1.00000E-35  9.16428E+03
   7.61052E+02  6.03761E+00  3.10731E-03  8.80755E+03  1.00000E-35  8.81359E+03
   8.00000E+02  6.22644E+00  3.26434E-03  8.13750E+03  1.00000E-35  8.14373E+03
   8.58000E+02  6.46510E+00  3.52821E-03  7.23637E+03  1.00000E-35  7.24284E+03
   8.58000E+02  6.46510E+00  3.52821E-03  7.31492E+03  1.00000E-35  7.32139E+03
   8.58641E+02  6.46823E+00  3.53123E-03  7.31002E+03  1.00000E-35  7.31649E+03
   8.59282E+02  6.47137E+00  3.53424E-03  7.30458E+03  1.00000E-35  7.31105E+03
   8.60567E+02  6.47764E+00  3.54029E-03  7.29195E+03  1.00000E-35  7.29844E+03
   8.63141E+02  6.49006E+00  3.55242E-03  7.26152E+03  1.00000E-35  7.26802E+03
   8.68313E+02  6.51102E+00  3.57679E-03  7.19121E+03  1.00000E-35  7.19773E+03
   8.78749E+02  6.55314E+00  3.62604E-03  7.04491E+03  1.00000E-35  7.05147E+03
   9.00000E+02  6.62540E+00  3.73616E-03  6.76000E+03  1.00000E-35  6.76663E+03
   9.45833E+02  6.73737E+00  3.98267E-03  6.19458E+03  1.00000E-35  6.20132E+03
   9.94000E+02  6.87764E+00  4.26146E-03  5.66282E+03  1.00000E-35  5.66971E+03
   9.94000E+02  6.87764E+00  4.26146E-03  5.76613E+03  1.00000E-35  5.77301E+03
   9.94748E+02  6.88043E+00  4.26595E-03  5.75945E+03  1.00000E-35  5.76633E+03
   9.95497E+02  6.88322E+00  4.27045E-03  5.75268E+03  1.00000E-35  5.75956E+03
   9.96995E+02  6.88880E+00  4.27945E-03  5.73881E+03  1.00000E-35  5.74571E+03
   1.00000E+03  6.89999E+00  4.29753E-03  5.71046E+03  1.00000E-35  5.71736E+03
   1.02411E+03  6.96443E+00  4.44334E-03  5.47673E+03  1.00000E-35  5.48369E+03
   1.04881E+03  7.01599E+00  4.59488E-03  5.24060E+03  1.00000E-35  5.24762E+03
   1.10000E+03  7.09528E+00  4.92938E-03  4.79604E+03  1.00000E-35  4.80314E+03
   1.17260E+03  7.15815E+00  5.42087E-03  4.24734E+03  1.00000E-35  4.25451E+03
   1.25000E+03  7.16538E+00  5.96626E-03  3.75212E+03  1.00000E-35  3.75930E+03
   1.40000E+03  7.10362E+00  7.05301E-03  2.99505E+03  1.00000E-35  3.00216E+03
   1.50000E+03  7.02728E+00  7.79192E-03  2.60272E+03  1.00000E-35  2.60975E+03
   1.62019E+03  6.87887E+00  8.68670E-03  2.21940E+03  1.00000E-35  2.22629E+03
   1.75000E+03  6.67517E+00  9.65402E-03  1.88778E+03  1.00000E-35  1.89447E+03
   2.00000E+03  6.17372E+00  1.14867E-02  1.41876E+03  1.00000E-35  1.42495E+03
   2.20000E+03  5.63302E+00  1.29185E-02  1.15266E+03  1.00000E-35  1.15831E+03
   2.50000E+03  4.31536E+00  1.49835E-02  8.68410E+02  1.00000E-35  8.72740E+02
   2.68700E+03  2.67533E+00  1.62242E-02  7.38555E+02  1.00000E-35  7.41247E+02
   2.68700E+03  2.67533E+00  1.62242E-02  7.61171E+02  1.00000E-35  7.63862E+02
   2.68876E+03  2.70067E+00  1.62356E-02  7.70303E+02  1.00000E-35  7.73020E+02
   2.69052E+03  2.72623E+00  1.62469E-02  7.95045E+02  1.00000E-35  7.97787E+02
   2.69228E+03  2.75202E+00  1.62582E-02  8.50788E+02  1.00000E-35  8.53556E+02
   2.69405E+03  2.77818E+00  1.62695E-02  9.62015E+02  1.00000E-35  9.64810E+02
   2.69581E+03  2.80442E+00  1.62809E-02  1.15441E+03  1.00000E-35  1.15723E+03
   2.69758E+03  2.83104E+00  1.62922E-02  1.42359E+03  1.00000E-35  1.42644E+03
   2.69934E+03  2.85775E+00  1.63035E-02  1.70414E+03  1.00000E-35  1.70701E+03
   2.70111E+03  2.88484E+00  1.63149E-02  1.91261E+03  1.00000E-35  1.91551E+03
   2.70288E+03  2.91218E+00  1.63263E-02  2.02411E+03  1.00000E-35  2.02704E+03
   2.70465E+03  2.94106E+00  1.63377E-02  2.06650E+03  1.00000E-35  2.06945E+03
   2.70642E+03  2.97230E+00  1.63490E-02  2.07412E+03  1.00000E-35  2.07711E+03
   2.70820E+03  3.00402E+00  1.63605E-02  2.06845E+03  1.00000E-35  2.07147E+03
   2.71175E+03  3.06824E+00  1.63833E-02  2.05144E+03  1.00000E-35  2.05452E+03
   2.71530E+03  3.13374E+00  1.64061E-02  2.03875E+03  1.00000E-35  2.04190E+03
   2.72242E+03  3.26909E+00  1.64519E-02  2.01500E+03  1.00000E-35  2.01829E+03
   2.72956E+03  3.40494E+00  1.64978E-02  1.97795E+03  1.00000E-35  1.98137E+03
   2.73672E+03  3.48374E+00  1.65439E-02  1.93458E+03  1.00000E-35  1.93808E+03
   2.74390E+03  3.56437E+00  1.65901E-02  1.89626E+03  1.00000E-35  1.89984E+03
   2.75109E+03  3.64677E+00  1.66363E-02  1.86740E+03  1.00000E-35  1.87106E+03
   2.75831E+03  3.71511E+00  1.66828E-02  1.84687E+03  1.00000E-35  1.85060E+03
   2.77280E+03  3.82999E+00  1.67760E-02  1.81813E+03  1.00000E-35  1.82198E+03
   2.80200E+03  4.23020E+00  1.69641E-02  1.76227E+03  1.00000E-35  1.76652E+03
   2.80200E+03  4.23020E+00  1.69641E-02  1.77874E+03  1.00000E-35  1.78299E+03
   2.80350E+03  4.25434E+00  1.69737E-02  1.78151E+03  1.00000E-35  1.78578E+03
   2.80499E+03  4.27844E+00  1.69833E-02  1.79080E+03  1.00000E-35  1.79510E+03
   2.80649E+03  4.30924E+00  1.69930E-02  1.81219E+03  1.00000E-35  1.81652E+03
   2.80799E+03  4.34292E+00  1.70027E-02  1.85458E+03  1.00000E-35  1.85894E+03
   2.80948E+03  4.37662E+00  1.70123E-02  1.92982E+03  1.00000E-35  1.93422E+03
   2.81098E+03  4.41079E+00  1.70219E-02  2.04744E+03  1.00000E-35  2.05187E+03
   2.81248E+03  4.44521E+00  1.70316E-02  2.20173E+03  1.00000E-35  2.20619E+03
   2.81398E+03  4.47988E+00  1.70413E-02  2.36239E+03  1.00000E-35  2.36688E+03
   2.81548E+03  4.51480E+00  1.70509E-02  2.49068E+03  1.00000E-35  2.49521E+03
   2.81699E+03  4.55021E+00  1.70607E-02  2.56889E+03  1.00000E-35  2.57345E+03
   2.81849E+03  4.58564E+00  1.70703E-02  2.60459E+03  1.00000E-35  2.60920E+03
   2.81999E+03  4.62133E+00  1.70800E-02  2.61423E+03  1.00000E-35  2.61886E+03
   2.82300E+03  4.69373E+00  1.70994E-02  2.60314E+03  1.00000E-35  2.60785E+03
   2.82602E+03  4.76742E+00  1.71189E-02  2.58568E+03  1.00000E-35  2.59046E+03
   2.83810E+03  5.04453E+00  1.71967E-02  2.53622E+03  1.00000E-35  2.54128E+03
   2.85024E+03  5.31379E+00  1.72750E-02  2.47565E+03  1.00000E-35  2.48098E+03
   2.86243E+03  5.55465E+00  1.73536E-02  2.42213E+03  1.00000E-35  2.42770E+03
   2.87467E+03  5.73909E+00  1.74326E-02  2.38564E+03  1.00000E-35  2.39139E+03
   2.89931E+03  6.02841E+00  1.75876E-02  2.32998E+03  1.00000E-35  2.33603E+03
   2.92416E+03  6.22595E+00  1.77415E-02  2.27413E+03  1.00000E-35  2.28037E+03
   2.94923E+03  6.37435E+00  1.78967E-02  2.22497E+03  1.00000E-35  2.23137E+03
   3.00000E+03  6.59562E+00  1.82112E-02  2.13461E+03  1.00000E-35  2.14122E+03
   3.14690E+03  6.86158E+00  1.91195E-02  1.89527E+03  1.00000E-35  1.90215E+03
   3.30100E+03  6.97283E+00  2.00356E-02  1.67778E+03  1.00000E-35  1.68477E+03
   3.30100E+03  6.97283E+00  2.00356E-02  1.83861E+03  1.00000E-35  1.84561E+03
   3.30402E+03  6.99579E+00  2.00535E-02  1.90998E+03  1.00000E-35  1.91700E+03
   3.30704E+03  7.01879E+00  2.00714E-02  1.93428E+03  1.00000E-35  1.94132E+03
   3.31007E+03  7.04194E+00  2.00895E-02  1.93721E+03  1.00000E-35  1.94427E+03
   3.31310E+03  7.06608E+00  2.01075E-02  1.93321E+03  1.00000E-35  1.94029E+03
   3.32524E+03  7.16612E+00  2.01796E-02  1.90969E+03  1.00000E-35  1.91687E+03
   3.34966E+03  7.35173E+00  2.03246E-02  1.88287E+03  1.00000E-35  1.89024E+03
   3.39904E+03  7.59648E+00  2.06179E-02  1.81828E+03  1.00000E-35  1.82589E+03
   3.50000E+03  7.81057E+00  2.11956E-02  1.69369E+03  1.00000E-35  1.70152E+03
   3.85200E+03  7.83384E+00  2.31558E-02  1.33634E+03  1.00000E-35  1.34420E+03
   3.85200E+03  7.83384E+00  2.31558E-02  1.38666E+03  1.00000E-35  1.39451E+03
   3.85427E+03  7.83745E+00  2.31681E-02  1.40397E+03  1.00000E-35  1.41183E+03
   3.85654E+03  7.84107E+00  2.31804E-02  1.41081E+03  1.00000E-35  1.41868E+03
   3.86109E+03  7.84831E+00  2.32049E-02  1.41050E+03  1.00000E-35  1.41837E+03
   3.87020E+03  7.86281E+00  2.32541E-02  1.40097E+03  1.00000E-35  1.40885E+03
   3.88848E+03  7.89556E+00  2.33528E-02  1.38544E+03  1.00000E-35  1.39336E+03
   3.92530E+03  7.95872E+00  2.35515E-02  1.35593E+03  1.00000E-35  1.36391E+03
   4.00000E+03  8.01295E+00  2.39540E-02  1.29570E+03  1.00000E-35  1.30374E+03
   4.16100E+03  8.03908E+00  2.47947E-02  1.17714E+03  1.00000E-35  1.18520E+03
   4.16100E+03  8.03908E+00  2.47947E-02  1.22288E+03  1.00000E-35  1.23094E+03
   4.16355E+03  8.04171E+00  2.48079E-02  1.22245E+03  1.00000E-35  1.23051E+03
   4.16610E+03  8.04434E+00  2.48210E-02  1.22162E+03  1.00000E-35  1.22969E+03
   4.17120E+03  8.05001E+00  2.48473E-02  1.21954E+03  1.00000E-35  1.22761E+03
   4.18142E+03  8.06218E+00  2.48999E-02  1.21432E+03  1.00000E-35  1.22240E+03
   4.20194E+03  8.08659E+00  2.50056E-02  1.20036E+03  1.00000E-35  1.20847E+03
   4.24328E+03  8.12512E+00  2.52182E-02  1.17219E+03  1.00000E-35  1.18034E+03
   4.32718E+03  8.15934E+00  2.56489E-02  1.11847E+03  1.00000E-35  1.12666E+03
   4.50000E+03  8.14612E+00  2.65149E-02  1.01791E+03  1.00000E-35  1.02609E+03
   5.00000E+03  7.91163E+00  2.89230E-02  7.88175E+02  1.00000E-35  7.96115E+02
   5.50000E+03  7.56324E+00  3.12086E-02  6.23775E+02  1.00000E-35  6.31369E+02
   6.00000E+03  7.18807E+00  3.33888E-02  5.02868E+02  1.00000E-35  5.10090E+02
   7.00000E+03  6.42411E+00  3.74781E-02  3.41955E+02  1.00000E-35  3.48417E+02
   8.00000E+03  5.72725E+00  4.12598E-02  2.43974E+02  1.00000E-35  2.49743E+02
   9.00000E+03  5.10770E+00  4.47311E-02  1.80707E+02  1.00000E-35  1.85859E+02
   1.00000E+04  4.55211E+00  4.79207E-02  1.37914E+02  1.00000E-35  1.42514E+02
   1.10000E+04  4.05090E+00  5.08604E-02  1.07863E+02  1.00000E-35  1.11965E+02
   1.25000E+04  3.33403E+00  5.48699E-02  7.74337E+01  1.00000E-35  8.08226E+01
   1.38160E+04  2.44260E+00  5.80633E-02  5.96506E+01  1.00000E-35  6.21512E+01
   1.38160E+04  2.44260E+00  5.80633E-02  1.09101E+02  1.00000E-35  1.11601E+02
   1.38274E+04  2.44748E+00  5.80898E-02  1.46594E+02  1.00000E-35  1.49100E+02
   1.38389E+04  2.45240E+00  5.81165E-02  1.43913E+02  1.00000E-35  1.46424E+02
   1.38503E+04  2.45729E+00  5.81430E-02  1.44240E+02  1.00000E-35  1.46756E+02
   1.38618E+04  2.46223E+00  5.81697E-02  1.45483E+02  1.00000E-35  1.48004E+02
   1.38732E+04  2.46713E+00  5.81962E-02  1.46003E+02  1.00000E-35  1.48529E+02
   1.38847E+04  2.47208E+00  5.82228E-02  1.45760E+02  1.00000E-35  1.48290E+02
   1.39077E+04  2.48199E+00  5.82762E-02  1.44840E+02  1.00000E-35  1.47381E+02
   1.39538E+04  2.51061E+00  5.83830E-02  1.44052E+02  1.00000E-35  1.46621E+02
   1.40000E+04  2.54902E+00  5.84899E-02  1.42622E+02  1.00000E-35  1.45229E+02
   1.44914E+04  2.76324E+00  5.96043E-02  1.30286E+02  1.00000E-35  1.33109E+02
   1.50000E+04  2.73898E+00  6.07039E-02  1.18720E+02  1.00000E-35  1.21519E+02
   1.62440E+04  2.36811E+00  6.32634E-02  9.57047E+01  1.00000E-35  9.81361E+01
   1.62440E+04  2.36811E+00  6.32634E-02  1.18169E+02  1.00000E-35  1.20600E+02
   1.62546E+04  2.36568E+00  6.32842E-02  1.33125E+02  1.00000E-35  1.35554E+02
   1.62652E+04  2.36325E+00  6.33051E-02  1.31576E+02  1.00000E-35  1.34002E+02
   1.62758E+04  2.36083E+00  6.33260E-02  1.31542E+02  1.00000E-35  1.33967E+02
   1.62865E+04  2.35840E+00  6.33471E-02  1.32024E+02  1.00000E-35  1.34445E+02
   1.62971E+04  2.35730E+00  6.33679E-02  1.32255E+02  1.00000E-35  1.34676E+02
   1.63077E+04  2.35828E+00  6.33888E-02  1.32138E+02  1.00000E-35  1.34559E+02
   1.63291E+04  2.36027E+00  6.34309E-02  1.31604E+02  1.00000E-35  1.34028E+02
   1.64145E+04  2.36820E+00  6.35986E-02  1.30031E+02  1.00000E-35  1.32463E+02
   1.65869E+04  2.39599E+00  6.39358E-02  1.26469E+02  1.00000E-35  1.28929E+02
   1.69370E+04  2.43614E+00  6.46154E-02  1.19712E+02  1.00000E-35  1.22213E+02
   1.69370E+04  2.43614E+00  6.46154E-02  1.36444E+02  1.00000E-35  1.38944E+02
   1.69457E+04  2.43774E+00  6.46322E-02  1.37426E+02  1.00000E-35  1.39928E+02
   1.69543E+04  2.43932E+00  6.46488E-02  1.37906E+02  1.00000E-35  1.40410E+02
   1.69630E+04  2.44092E+00  6.46656E-02  1.38028E+02  1.00000E-35  1.40534E+02
   1.69717E+04  2.44252E+00  6.46823E-02  1.37870E+02  1.00000E-35  1.40377E+02
   1.70064E+04  2.44890E+00  6.47488E-02  1.36909E+02  1.00000E-35  1.39423E+02
   1.70760E+04  2.46198E+00  6.48767E-02  1.35581E+02  1.00000E-35  1.38108E+02
   1.72162E+04  2.49030E+00  6.51336E-02  1.32838E+02  1.00000E-35  1.35393E+02
   1.75000E+04  2.52184E+00  6.56503E-02  1.27450E+02  1.00000E-35  1.30037E+02
   2.00000E+04  2.34455E+00  6.99041E-02  9.06883E+01  1.00000E-35  9.31028E+01
   2.20000E+04  2.12595E+00  7.28934E-02  7.09332E+01  1.00000E-35  7.31320E+01
   2.50000E+04  1.82589E+00  7.68138E-02  5.08655E+01  1.00000E-35  5.27682E+01
   3.00000E+04  1.43459E+00  8.21980E-02  3.14925E+01  1.00000E-35  3.30093E+01
   3.50000E+04  1.15283E+00  8.63689E-02  2.09105E+01  1.00000E-35  2.21497E+01
   4.00000E+04  9.41975E-01  8.96438E-02  1.46265E+01  1.00000E-35  1.56581E+01
   4.50000E+04  7.79464E-01  9.21841E-02  1.06521E+01  1.00000E-35  1.15237E+01
   5.00000E+04  6.55434E-01  9.41745E-02  8.01117E+00  1.00000E-35  8.76077E+00
   5.50000E+04  5.58166E-01  9.57077E-02  6.18524E+00  1.00000E-35  6.83912E+00
   6.00000E+04  4.79017E-01  9.68734E-02  4.88088E+00  1.00000E-35  5.45677E+00
   7.00000E+04  3.62793E-01  9.83781E-02  3.20383E+00  1.00000E-35  3.66500E+00
   8.00000E+04  2.80927E-01  9.91155E-02  2.22220E+00  1.00000E-35  2.60225E+00
   9.00000E+04  2.12209E-01  9.93187E-02  1.60824E+00  1.00000E-35  1.91977E+00
   9.31060E+04  1.83877E-01  9.93087E-02  1.46504E+00  1.00000E-35  1.74823E+00
   9.31060E+04  1.83877E-01  9.93087E-02  6.22513E+00  1.00000E-35  6.50831E+00
   9.31580E+04  1.83763E-01  9.93075E-02  6.68957E+00  1.00000E-35  6.97264E+00
   9.32100E+04  1.83649E-01  9.93064E-02  6.70006E+00  1.00000E-35  6.98301E+00
   9.32620E+04  1.83536E-01  9.93053E-02  6.70323E+00  1.00000E-35  6.98607E+00
   9.33141E+04  1.83422E-01  9.93042E-02  6.67401E+00  1.00000E-35  6.95673E+00
   9.34183E+04  1.83195E-01  9.93020E-02  6.64603E+00  1.00000E-35  6.92852E+00
   9.35226E+04  1.82969E-01  9.92998E-02  6.64044E+00  1.00000E-35  6.92270E+00
   9.37316E+04  1.82516E-01  9.92953E-02  6.60897E+00  1.00000E-35  6.89078E+00
   9.39411E+04  1.83233E-01  9.92909E-02  6.56398E+00  1.00000E-35  6.84651E+00
   9.47836E+04  1.86883E-01  9.92731E-02  6.41705E+00  1.00000E-35  6.70320E+00
   9.64915E+04  1.93241E-01  9.92376E-02  6.13464E+00  1.00000E-35  6.42712E+00
   1.00000E+05  1.91626E-01  9.91667E-02  5.60021E+00  1.00000E-35  5.89100E+00
   1.10000E+05  1.71436E-01  9.87145E-02  4.38275E+00  1.00000E-35  4.65290E+00
   1.25000E+05  1.40828E-01  9.76651E-02  3.14585E+00  1.00000E-35  3.38434E+00
   1.40000E+05  1.16369E-01  9.63680E-02  2.33939E+00  1.00000E-35  2.55213E+00
   1.50000E+05  1.03186E-01  9.53926E-02  1.95195E+00  1.00000E-35  2.15052E+00
   1.75000E+05  7.85281E-02  9.28720E-02  1.30109E+00  1.00000E-35  1.47249E+00
   2.00000E+05  6.17068E-02  9.03489E-02  9.15491E-01  1.00000E-35  1.06755E+00
   2.20000E+05  5.18451E-02  8.83691E-02  7.12830E-01  1.00000E-35  8.53045E-01
   2.50000E+05  4.09206E-02  8.55408E-02  5.10528E-01  1.00000E-35  6.36989E-01
   2.73861E+05  3.45330E-02  8.34201E-02  4.02707E-01  1.00000E-35  5.20660E-01
   3.00000E+05  2.90602E-02  8.12307E-02  3.18936E-01  1.00000E-35  4.29227E-01
   3.24037E+05  2.51116E-02  7.93296E-02  2.62099E-01  1.00000E-35  3.66540E-01
   3.50000E+05  2.16878E-02  7.73975E-02  2.15818E-01  1.00000E-35  3.14904E-01
   3.74166E+05  1.90870E-02  7.57016E-02  1.82650E-01  1.00000E-35  2.77439E-01
   4.00000E+05  1.67860E-02  7.39937E-02  1.54921E-01  1.00000E-35  2.45701E-01
   4.50000E+05  1.33822E-02  7.09540E-02  1.16342E-01  1.00000E-35  2.00679E-01
   5.00000E+05  1.09159E-02  6.82186E-02  9.05258E-02  1.00000E-35  1.69660E-01
   5.50000E+05  9.06753E-03  6.57330E-02  7.24726E-02  1.00000E-35  1.47273E-01
   6.00000E+05  7.65478E-03  6.34741E-02  5.93857E-02  1.00000E-35  1.30515E-01
   6.48074E+05  6.58834E-03  6.14859E-02  4.99165E-02  1.00000E-35  1.17991E-01
   7.00000E+05  5.66954E-03  5.95117E-02  4.21242E-02  1.00000E-35  1.07305E-01
   7.48331E+05  4.97384E-03  5.78098E-02  3.64374E-02  1.00000E-35  9.92211E-02
   8.00000E+05  4.36269E-03  5.61258E-02  3.15913E-02  1.00000E-35  9.20798E-02
   8.48528E+05  3.88609E-03  5.46574E-02  2.79033E-02  1.00000E-35  8.64468E-02
   9.00000E+05  3.46156E-03  5.32070E-02  2.46937E-02  1.00000E-35  8.13623E-02
   1.00000E+06  2.81443E-03  5.06365E-02  1.99256E-02  1.00000E-35  7.33765E-02
   1.10000E+06  2.33387E-03  4.83607E-02  1.64865E-02  1.63611E-05  6.71975E-02
   1.17260E+06  2.05790E-03  4.68647E-02  1.45523E-02  1.38004E-04  6.36129E-02
   1.25000E+06  1.81370E-03  4.53882E-02  1.28729E-02  3.85063E-04  6.04599E-02
   1.40000E+06  1.44897E-03  4.28280E-02  1.04020E-02  1.19859E-03  5.58776E-02
   1.50000E+06  1.26385E-03  4.13110E-02  9.16168E-03  1.91749E-03  5.36540E-02
   1.62019E+06  1.08487E-03  3.96472E-02  7.96716E-03  2.82679E-03  5.15260E-02
   1.75000E+06  9.31253E-04  3.80215E-02  6.95007E-03  3.82564E-03  4.97285E-02
   2.00000E+06  7.14470E-04  3.52997E-02  5.51497E-03  5.73375E-03  4.72629E-02
   2.20000E+06  5.90922E-04  3.34324E-02  4.69576E-03  7.22418E-03  4.59433E-02
   2.50000E+06  4.58001E-04  3.10316E-02  3.80593E-03  9.33768E-03  4.46332E-02
   2.73861E+06  3.81898E-04  2.93887E-02  3.28760E-03  1.08813E-02  4.39394E-02
   3.00000E+06  3.18441E-04  2.78051E-02  2.85064E-03  1.24729E-02  4.34471E-02
   3.24037E+06  2.73090E-04  2.65133E-02  2.53191E-03  1.38656E-02  4.31839E-02
   3.50000E+06  2.34198E-04  2.52645E-02  2.25362E-03  1.52977E-02  4.30500E-02
   4.00000E+06  1.79466E-04  2.32001E-02  1.85070E-03  1.78493E-02  4.30796E-02
   4.50000E+06  1.41868E-04  2.14901E-02  1.56309E-03  2.02079E-02  4.34029E-02
   5.00000E+06  1.14925E-04  2.00451E-02  1.34881E-03  2.23616E-02  4.38704E-02
   5.50000E+06  9.49877E-05  1.88001E-02  1.18372E-03  2.43454E-02  4.44242E-02
   6.00000E+06  7.98227E-05  1.77168E-02  1.05311E-03  2.62599E-02  4.51096E-02
   7.00000E+06  5.86538E-05  1.59222E-02  8.60335E-04  2.97233E-02  4.65644E-02
   8.00000E+06  4.49125E-05  1.44907E-02  7.25550E-04  3.28189E-02  4.80801E-02
   9.00000E+06  3.54903E-05  1.33184E-02  6.26383E-04  3.56504E-02  4.96306E-02
   1.00000E+07  2.87501E-05  1.23387E-02  5.50560E-04  3.82473E-02  5.11653E-02
   1.10000E+07  2.37626E-05  1.15065E-02  4.88826E-04  4.06515E-02  5.26706E-02
   1.25000E+07  1.84037E-05  1.04673E-02  4.17700E-04  4.39656E-02  5.48690E-02
   1.40000E+07  1.46720E-05  9.61498E-03  3.64104E-04  4.69655E-02  5.69592E-02
   1.50000E+07  1.27810E-05  9.12693E-03  3.35209E-04  4.87984E-02  5.82733E-02
   1.75000E+07  9.39022E-06  8.11531E-03  2.79327E-04  5.28507E-02  6.12547E-02
   2.00000E+07  7.18948E-06  7.32132E-03  2.39103E-04  5.63636E-02  6.39312E-02
   2.20000E+07  5.94177E-06  6.79856E-03  2.14269E-04  5.88784E-02  6.58972E-02
   2.50000E+07  4.60136E-06  6.15062E-03  1.85261E-04  6.22316E-02  6.85721E-02
   3.00000E+07  3.19542E-06  5.32432E-03  1.50992E-04  6.69545E-02  7.24331E-02
   3.50000E+07  2.34768E-06  4.70718E-03  1.27324E-04  7.08691E-02  7.57060E-02
   4.00000E+07  1.79745E-06  4.22717E-03  1.10021E-04  7.41712E-02  7.85102E-02
   4.50000E+07  1.42021E-06  3.84209E-03  9.68312E-05  7.70264E-02  8.09667E-02
   5.00000E+07  1.15037E-06  3.52582E-03  8.64493E-05  7.95150E-02  8.31284E-02
   5.50000E+07  9.50719E-07  3.26105E-03  7.80683E-05  8.16914E-02  8.50315E-02
   6.00000E+07  7.98869E-07  3.03586E-03  7.11626E-05  8.36838E-02  8.67916E-02
   7.00000E+07  5.86923E-07  2.67267E-03  6.04551E-05  8.70347E-02  8.97685E-02
   8.00000E+07  4.49364E-07  2.39191E-03  5.25412E-05  8.97920E-02  9.22369E-02
   9.00000E+07  3.55052E-07  2.16777E-03  4.64553E-05  9.20943E-02  9.43089E-02
   1.00000E+08  2.87593E-07  1.98448E-03  4.16308E-05  9.40710E-02  9.60974E-02
   1.10000E+08  2.37681E-07  1.83156E-03  3.77129E-05  9.57887E-02  9.76583E-02
   1.25000E+08  1.84059E-07  1.64412E-03  3.30460E-05  9.79747E-02  9.96520E-02
   1.40000E+08  1.46731E-07  1.49354E-03  2.94058E-05  9.98115E-02  1.01335E-01
   1.50000E+08  1.27819E-07  1.40847E-03  2.73938E-05  1.00877E-01  1.02313E-01
   1.75000E+08  9.39081E-08  1.23500E-03  2.33916E-05  1.03127E-01  1.04386E-01
   2.00000E+08  7.18986E-08  1.10163E-03  2.04093E-05  1.04937E-01  1.06059E-01
   2.20000E+08  5.94203E-08  1.01507E-03  1.85201E-05  1.06145E-01  1.07179E-01
   2.50000E+08  4.60150E-08  9.09282E-04  1.62619E-05  1.07661E-01  1.08587E-01
   3.00000E+08  3.19548E-08  7.76756E-04  1.35151E-05  1.09636E-01  1.10426E-01
   3.50000E+08  2.34771E-08  6.79548E-04  1.15619E-05  1.11132E-01  1.11823E-01
   4.00000E+08  1.79746E-08  6.05025E-04  1.01020E-05  1.12315E-01  1.12930E-01
   4.50000E+08  1.42022E-08  5.45953E-04  8.96935E-06  1.13276E-01  1.13831E-01
   5.00000E+08  1.15037E-08  4.97924E-04  8.06505E-06  1.14077E-01  1.14583E-01
   5.50000E+08  9.50722E-09  4.58053E-04  7.32642E-06  1.14744E-01  1.15209E-01
   6.00000E+08  7.98870E-09  4.24393E-04  6.71170E-06  1.15348E-01  1.15780E-01
   7.00000E+08  5.86926E-09  3.70607E-04  5.74726E-06  1.16290E-01  1.16666E-01
   8.00000E+08  4.49364E-09  3.29465E-04  5.02514E-06  1.17026E-01  1.17360E-01
   9.00000E+08  3.55052E-09  2.96920E-04  4.46425E-06  1.17624E-01  1.17926E-01
   1.00000E+09  2.87593E-09  2.70500E-04  4.01597E-06  1.18119E-01  1.18394E-01
