 # Material data file: Pu                  
 # 
 # PENELOPE >>>  Photon mass attenuation coefficients (mac).
 # 
 #   Energy       mac_Ra       mac_Co       mac_ph       mac_pp       mac_tot
 #    (eV)       (cm**2/g)    (cm**2/g)    (cm**2/g)    (cm**2/g)    (cm**2/g)
 #------------------------------------------------------------------------------
   5.00000E+01  5.65357E-01  2.54363E-03  4.15312E+04  1.00000E-35  4.15318E+04
   5.30000E+01  6.08789E-01  2.54659E-03  4.00248E+04  1.00000E-35  4.00254E+04
   5.30000E+01  6.08789E-01  2.54659E-03  4.09158E+04  1.00000E-35  4.09164E+04
   5.30307E+01  6.09139E-01  2.54662E-03  4.08984E+04  1.00000E-35  4.08990E+04
   5.30614E+01  6.09490E-01  2.54665E-03  4.08813E+04  1.00000E-35  4.08819E+04
   5.31228E+01  6.10191E-01  2.54671E-03  4.08468E+04  1.00000E-35  4.08474E+04
   5.32460E+01  6.11598E-01  2.54683E-03  4.07772E+04  1.00000E-35  4.07779E+04
   5.34931E+01  6.14306E-01  2.54706E-03  4.06377E+04  1.00000E-35  4.06383E+04
   5.39907E+01  6.18425E-01  2.54754E-03  4.03555E+04  1.00000E-35  4.03561E+04
   5.50000E+01  6.26746E-01  2.54864E-03  3.97771E+04  1.00000E-35  3.97777E+04
   5.74456E+01  6.46740E-01  2.55150E-03  3.83422E+04  1.00000E-35  3.83428E+04
   6.00000E+01  6.64359E-01  2.55471E-03  3.67891E+04  1.00000E-35  3.67898E+04
   6.23574E+01  6.77620E-01  2.55824E-03  3.53043E+04  1.00000E-35  3.53050E+04
   6.48074E+01  6.86664E-01  2.56203E-03  3.37195E+04  1.00000E-35  3.37201E+04
   6.73537E+01  6.89864E-01  2.56714E-03  3.20457E+04  1.00000E-35  3.20464E+04
   7.00000E+01  6.84301E-01  2.57226E-03  3.02971E+04  1.00000E-35  3.02978E+04
   7.23762E+01  6.72094E-01  2.57858E-03  2.87352E+04  1.00000E-35  2.87359E+04
   7.48331E+01  6.50337E-01  2.58500E-03  2.71408E+04  1.00000E-35  2.71415E+04
   7.73735E+01  6.18006E-01  2.59253E-03  2.55240E+04  1.00000E-35  2.55246E+04
   8.00000E+01  5.71869E-01  2.60158E-03  2.38934E+04  1.00000E-35  2.38939E+04
   8.23907E+01  5.35761E-01  2.60959E-03  2.24507E+04  1.00000E-35  2.24513E+04
   8.48528E+01  6.00632E-01  2.61976E-03  2.10102E+04  1.00000E-35  2.10108E+04
   8.73885E+01  7.19355E-01  2.63071E-03  1.95778E+04  1.00000E-35  1.95785E+04
   9.00000E+01  9.11266E-01  2.64169E-03  1.81596E+04  1.00000E-35  1.81605E+04
   9.24021E+01  1.20857E+00  2.65415E-03  1.69098E+04  1.00000E-35  1.69110E+04
   9.48683E+01  1.78368E+00  2.66708E-03  1.56839E+04  1.00000E-35  1.56857E+04
   9.74004E+01  3.22295E+00  2.68007E-03  1.44882E+04  1.00000E-35  1.44915E+04
   1.00000E+02  1.12073E+01  2.69516E-03  1.33291E+04  1.00000E-35  1.33403E+04
   1.02411E+02  7.08679E+01  2.70984E-03  1.23172E+04  1.00000E-35  1.23880E+04
   1.04881E+02  6.42365E+01  2.72461E-03  1.13442E+04  1.00000E-35  1.14084E+04
   1.07410E+02  6.25835E+00  2.73995E-03  1.04137E+04  1.00000E-35  1.04200E+04
   1.10000E+02  1.02980E+01  2.75763E-03  9.52849E+03  1.00000E-35  9.53879E+03
   1.11000E+02  2.71970E+01  2.76438E-03  9.20457E+03  1.00000E-35  9.23177E+03
   1.11000E+02  2.71971E+01  2.76438E-03  1.19017E+04  1.00000E-35  1.19289E+04
   1.11082E+02  2.87474E+01  2.76493E-03  1.19144E+04  1.00000E-35  1.19432E+04
   1.11164E+02  3.03849E+01  2.76548E-03  1.19273E+04  1.00000E-35  1.19577E+04
   1.11328E+02  3.39409E+01  2.76658E-03  1.19540E+04  1.00000E-35  1.19879E+04
   1.11657E+02  4.23580E+01  2.76879E-03  1.20131E+04  1.00000E-35  1.20554E+04
   1.12319E+02  4.93943E+01  2.77321E-03  1.21622E+04  1.00000E-35  1.22116E+04
   1.13653E+02  4.42564E+01  2.78207E-03  1.25371E+04  1.00000E-35  1.25814E+04
   1.15004E+02  2.28734E+01  2.79096E-03  1.29597E+04  1.00000E-35  1.29826E+04
   1.16370E+02  1.16095E+01  2.79987E-03  1.33609E+04  1.00000E-35  1.33726E+04
   1.17059E+02  9.05674E+00  2.80499E-03  1.35322E+04  1.00000E-35  1.35413E+04
   1.17753E+02  7.75370E+00  2.81013E-03  1.36740E+04  1.00000E-35  1.36818E+04
   1.18450E+02  6.84177E+00  2.81528E-03  1.37803E+04  1.00000E-35  1.37871E+04
   1.19152E+02  6.16530E+00  2.82043E-03  1.38469E+04  1.00000E-35  1.38531E+04
   1.19858E+02  5.70297E+00  2.82560E-03  1.38716E+04  1.00000E-35  1.38773E+04
   1.20567E+02  5.32457E+00  2.83077E-03  1.38538E+04  1.00000E-35  1.38591E+04
   1.21282E+02  5.02011E+00  2.83596E-03  1.37946E+04  1.00000E-35  1.37997E+04
   1.22000E+02  4.78773E+00  2.84115E-03  1.36966E+04  1.00000E-35  1.37014E+04
   1.22000E+02  4.78773E+00  2.84115E-03  1.53941E+04  1.00000E-35  1.53989E+04
   1.22093E+02  4.75913E+00  2.84182E-03  1.53992E+04  1.00000E-35  1.54040E+04
   1.22185E+02  4.73103E+00  2.84248E-03  1.54041E+04  1.00000E-35  1.54088E+04
   1.22371E+02  4.67478E+00  2.84382E-03  1.54144E+04  1.00000E-35  1.54191E+04
   1.22743E+02  4.58472E+00  2.84650E-03  1.54373E+04  1.00000E-35  1.54419E+04
   1.23491E+02  4.42226E+00  2.85186E-03  1.54856E+04  1.00000E-35  1.54900E+04
   1.25000E+02  4.17676E+00  2.86261E-03  1.55853E+04  1.00000E-35  1.55894E+04
   1.26783E+02  3.97680E+00  2.87533E-03  1.56729E+04  1.00000E-35  1.56769E+04
   1.28592E+02  3.83609E+00  2.88950E-03  1.56678E+04  1.00000E-35  1.56716E+04
   1.29506E+02  3.77888E+00  2.89661E-03  1.56095E+04  1.00000E-35  1.56132E+04
   1.30427E+02  3.73070E+00  2.90374E-03  1.55063E+04  1.00000E-35  1.55100E+04
   1.31354E+02  3.68822E+00  2.91089E-03  1.53563E+04  1.00000E-35  1.53600E+04
   1.32288E+02  3.64911E+00  2.91805E-03  1.51607E+04  1.00000E-35  1.51644E+04
   1.33228E+02  3.61208E+00  2.92523E-03  1.49233E+04  1.00000E-35  1.49269E+04
   1.34175E+02  3.57544E+00  2.93243E-03  1.46497E+04  1.00000E-35  1.46533E+04
   1.36089E+02  3.50327E+00  2.94687E-03  1.40205E+04  1.00000E-35  1.40240E+04
   1.38031E+02  3.43308E+00  2.96157E-03  1.33245E+04  1.00000E-35  1.33279E+04
   1.40000E+02  3.36477E+00  2.97756E-03  1.26030E+04  1.00000E-35  1.26064E+04
   1.42436E+02  3.28338E+00  2.99715E-03  1.17287E+04  1.00000E-35  1.17320E+04
   1.44914E+02  3.20395E+00  3.01687E-03  1.08836E+04  1.00000E-35  1.08868E+04
   1.50000E+02  3.05083E+00  3.05673E-03  9.31839E+03  1.00000E-35  9.32144E+03
   1.55893E+02  2.88847E+00  3.10529E-03  7.77623E+03  1.00000E-35  7.77912E+03
   1.62019E+02  2.73467E+00  3.15463E-03  6.44292E+03  1.00000E-35  6.44566E+03
   1.75000E+02  2.45126E+00  3.26087E-03  4.37383E+03  1.00000E-35  4.37628E+03
   1.80941E+02  2.33518E+00  3.30927E-03  3.70445E+03  1.00000E-35  3.70679E+03
   1.87083E+02  2.22352E+00  3.35918E-03  3.15144E+03  1.00000E-35  3.15367E+03
   1.93434E+02  2.11721E+00  3.40990E-03  2.69788E+03  1.00000E-35  2.70000E+03
   2.00000E+02  2.00916E+00  3.46256E-03  2.32790E+03  1.00000E-35  2.32991E+03
   2.04590E+02  1.93153E+00  3.49882E-03  2.11713E+03  1.00000E-35  2.11906E+03
   2.09284E+02  1.83976E+00  3.53545E-03  1.93510E+03  1.00000E-35  1.93694E+03
   2.14087E+02  1.76468E+00  3.57282E-03  1.77854E+03  1.00000E-35  1.78031E+03
   2.19000E+02  1.76816E+00  3.61067E-03  1.64472E+03  1.00000E-35  1.64649E+03
   2.19000E+02  1.76816E+00  3.61067E-03  2.55663E+03  1.00000E-35  2.55840E+03
   2.19125E+02  1.76794E+00  3.61162E-03  2.55144E+03  1.00000E-35  2.55321E+03
   2.19250E+02  1.76772E+00  3.61258E-03  2.54625E+03  1.00000E-35  2.54802E+03
   2.19499E+02  1.76728E+00  3.61449E-03  2.53595E+03  1.00000E-35  2.53772E+03
   2.20000E+02  1.76640E+00  3.61831E-03  2.51569E+03  1.00000E-35  2.51746E+03
   2.21765E+02  1.76039E+00  3.63177E-03  2.45089E+03  1.00000E-35  2.45266E+03
   2.23544E+02  1.75116E+00  3.64527E-03  2.39470E+03  1.00000E-35  2.39646E+03
   2.27144E+02  1.73025E+00  3.67242E-03  2.30035E+03  1.00000E-35  2.30209E+03
   2.30803E+02  1.70629E+00  3.69980E-03  2.22172E+03  1.00000E-35  2.22343E+03
   2.34521E+02  1.68138E+00  3.72740E-03  2.15272E+03  1.00000E-35  2.15441E+03
   2.42137E+02  1.62983E+00  3.78323E-03  2.03237E+03  1.00000E-35  2.03400E+03
   2.50000E+02  1.57186E+00  3.83982E-03  1.93044E+03  1.00000E-35  1.93202E+03
   2.54351E+02  1.54010E+00  3.87052E-03  1.88327E+03  1.00000E-35  1.88482E+03
   2.58777E+02  1.50773E+00  3.90146E-03  1.84175E+03  1.00000E-35  1.84326E+03
   2.63280E+02  1.47388E+00  3.93265E-03  1.80596E+03  1.00000E-35  1.80743E+03
   2.67862E+02  1.43585E+00  3.96409E-03  1.77552E+03  1.00000E-35  1.77696E+03
   2.77266E+02  1.36965E+00  4.02709E-03  1.72818E+03  1.00000E-35  1.72955E+03
   2.87000E+02  1.37313E+00  4.09080E-03  1.69433E+03  1.00000E-35  1.69570E+03
   2.87000E+02  1.37313E+00  4.09080E-03  2.03625E+03  1.00000E-35  2.03763E+03
   2.87199E+02  1.37222E+00  4.09209E-03  2.03491E+03  1.00000E-35  2.03629E+03
   2.87398E+02  1.37130E+00  4.09338E-03  2.03357E+03  1.00000E-35  2.03495E+03
   2.87796E+02  1.36947E+00  4.09595E-03  2.03090E+03  1.00000E-35  2.03228E+03
   2.88594E+02  1.36582E+00  4.10112E-03  2.02564E+03  1.00000E-35  2.02701E+03
   2.90196E+02  1.35854E+00  4.11146E-03  2.01553E+03  1.00000E-35  2.01690E+03
   2.93428E+02  1.34410E+00  4.13222E-03  1.99752E+03  1.00000E-35  1.99887E+03
   3.00000E+02  1.31568E+00  4.17339E-03  1.96514E+03  1.00000E-35  1.96646E+03
   3.11787E+02  1.26280E+00  4.24568E-03  1.90937E+03  1.00000E-35  1.91064E+03
   3.24037E+02  1.20389E+00  4.31875E-03  1.86009E+03  1.00000E-35  1.86130E+03
   3.36768E+02  1.14022E+00  4.39171E-03  1.82013E+03  1.00000E-35  1.82127E+03
   3.50000E+02  1.08524E+00  4.46575E-03  1.78695E+03  1.00000E-35  1.78804E+03
   3.56000E+02  1.06052E+00  4.49794E-03  1.77352E+03  1.00000E-35  1.77458E+03
   3.56000E+02  1.06052E+00  4.49794E-03  1.91212E+03  1.00000E-35  1.91318E+03
   3.56324E+02  1.05901E+00  4.49967E-03  1.90997E+03  1.00000E-35  1.91104E+03
   3.56649E+02  1.05748E+00  4.50141E-03  1.90786E+03  1.00000E-35  1.90892E+03
   3.57299E+02  1.05441E+00  4.50487E-03  1.90381E+03  1.00000E-35  1.90487E+03
   3.58602E+02  1.04829E+00  4.51180E-03  1.89679E+03  1.00000E-35  1.89784E+03
   3.61224E+02  1.03616E+00  4.52571E-03  1.88545E+03  1.00000E-35  1.88649E+03
   3.66524E+02  1.01227E+00  4.55365E-03  1.86890E+03  1.00000E-35  1.86992E+03
   3.77359E+02  9.56086E-01  4.61005E-03  1.84510E+03  1.00000E-35  1.84606E+03
   4.00000E+02  8.28302E-01  4.72182E-03  1.79860E+03  1.00000E-35  1.79943E+03
   4.34000E+02  6.13060E-01  4.87924E-03  1.72914E+03  1.00000E-35  1.72976E+03
   4.34000E+02  6.13060E-01  4.87924E-03  1.93385E+03  1.00000E-35  1.93447E+03
   4.34370E+02  6.11449E-01  4.88089E-03  1.93201E+03  1.00000E-35  1.93262E+03
   4.34740E+02  6.09843E-01  4.88254E-03  1.93019E+03  1.00000E-35  1.93081E+03
   4.35482E+02  6.06639E-01  4.88584E-03  1.92678E+03  1.00000E-35  1.92739E+03
   4.36969E+02  5.99654E-01  4.89246E-03  1.92125E+03  1.00000E-35  1.92186E+03
   4.39959E+02  5.83104E-01  4.90572E-03  1.91395E+03  1.00000E-35  1.91454E+03
   4.46000E+02  5.42646E-01  4.93234E-03  1.90432E+03  1.00000E-35  1.90487E+03
   4.46000E+02  5.42646E-01  4.93234E-03  2.04110E+03  1.00000E-35  2.04164E+03
   4.46249E+02  5.40779E-01  4.93343E-03  2.04135E+03  1.00000E-35  2.04190E+03
   4.46498E+02  5.38918E-01  4.93452E-03  2.04161E+03  1.00000E-35  2.04215E+03
   4.46997E+02  5.35213E-01  4.93671E-03  2.04207E+03  1.00000E-35  2.04261E+03
   4.47996E+02  5.27883E-01  4.94109E-03  2.04254E+03  1.00000E-35  2.04308E+03
   4.50000E+02  5.13082E-01  4.94980E-03  2.04338E+03  1.00000E-35  2.04390E+03
   4.52973E+02  4.91557E-01  4.96234E-03  2.04725E+03  1.00000E-35  2.04774E+03
   4.55966E+02  4.68520E-01  4.97493E-03  2.05612E+03  1.00000E-35  2.05659E+03
   4.58978E+02  4.44786E-01  4.98754E-03  2.07241E+03  1.00000E-35  2.07286E+03
   4.62011E+02  4.20533E-01  5.00018E-03  2.09931E+03  1.00000E-35  2.09974E+03
   4.65063E+02  3.95349E-01  5.01286E-03  2.14065E+03  1.00000E-35  2.14105E+03
   4.68135E+02  3.69818E-01  5.02556E-03  2.20055E+03  1.00000E-35  2.20092E+03
   4.69679E+02  3.57490E-01  5.03193E-03  2.23875E+03  1.00000E-35  2.23911E+03
   4.71228E+02  3.45354E-01  5.03830E-03  2.28310E+03  1.00000E-35  2.28345E+03
   4.72782E+02  3.33598E-01  5.04468E-03  2.33405E+03  1.00000E-35  2.33439E+03
   4.74342E+02  3.22263E-01  5.05108E-03  2.39201E+03  1.00000E-35  2.39234E+03
   4.75906E+02  3.11711E-01  5.05747E-03  2.45733E+03  1.00000E-35  2.45765E+03
   4.77476E+02  3.01499E-01  5.06388E-03  2.53031E+03  1.00000E-35  2.53061E+03
   4.80630E+02  2.84152E-01  5.07672E-03  2.70000E+03  1.00000E-35  2.70029E+03
   4.83805E+02  2.70349E-01  5.08958E-03  2.90194E+03  1.00000E-35  2.90221E+03
   4.87002E+02  2.61641E-01  5.10249E-03  3.13582E+03  1.00000E-35  3.13609E+03
   5.00000E+02  2.95002E-01  5.15320E-03  4.35244E+03  1.00000E-35  4.35274E+03
   5.05993E+02  3.50091E-01  5.17618E-03  5.01597E+03  1.00000E-35  5.01633E+03
   5.09016E+02  3.89358E-01  5.18771E-03  5.36481E+03  1.00000E-35  5.36520E+03
   5.12057E+02  4.34926E-01  5.19926E-03  5.72110E+03  1.00000E-35  5.72154E+03
   5.15116E+02  4.87873E-01  5.21084E-03  6.08154E+03  1.00000E-35  6.08204E+03
   5.18194E+02  5.47869E-01  5.22245E-03  6.44260E+03  1.00000E-35  6.44315E+03
   5.21290E+02  6.14429E-01  5.23408E-03  6.80060E+03  1.00000E-35  6.80122E+03
   5.24404E+02  6.87761E-01  5.24574E-03  7.15195E+03  1.00000E-35  7.15264E+03
   5.27538E+02  7.65235E-01  5.25742E-03  7.49345E+03  1.00000E-35  7.49422E+03
   5.30689E+02  8.48626E-01  5.26913E-03  7.82231E+03  1.00000E-35  7.82316E+03
   5.33860E+02  9.36551E-01  5.28074E-03  8.13648E+03  1.00000E-35  8.13742E+03
   5.37050E+02  1.02656E+00  5.29224E-03  8.43455E+03  1.00000E-35  8.43558E+03
   5.40258E+02  1.12097E+00  5.30375E-03  8.71577E+03  1.00000E-35  8.71689E+03
   5.43486E+02  1.21681E+00  5.31529E-03  8.97993E+03  1.00000E-35  8.98115E+03
   5.46733E+02  1.31366E+00  5.32685E-03  9.22716E+03  1.00000E-35  9.22848E+03
   5.50000E+02  1.41325E+00  5.33845E-03  9.45780E+03  1.00000E-35  9.45922E+03
   5.56015E+02  1.59279E+00  5.35967E-03  9.83739E+03  1.00000E-35  9.83899E+03
   5.62095E+02  1.77433E+00  5.38098E-03  1.01649E+04  1.00000E-35  1.01666E+04
   5.68242E+02  1.95288E+00  5.40238E-03  1.04414E+04  1.00000E-35  1.04433E+04
   5.74456E+02  2.13095E+00  5.42386E-03  1.06681E+04  1.00000E-35  1.06703E+04
   5.80738E+02  2.30457E+00  5.44536E-03  1.08475E+04  1.00000E-35  1.08498E+04
   5.87089E+02  2.47018E+00  5.46669E-03  1.09834E+04  1.00000E-35  1.09859E+04
   5.93510E+02  2.62833E+00  5.48811E-03  1.10814E+04  1.00000E-35  1.10840E+04
   6.00000E+02  2.77969E+00  5.50961E-03  1.11473E+04  1.00000E-35  1.11501E+04
   6.11673E+02  3.03337E+00  5.54790E-03  1.12019E+04  1.00000E-35  1.12049E+04
   6.23574E+02  3.26986E+00  5.58646E-03  1.11935E+04  1.00000E-35  1.11968E+04
   6.35706E+02  3.48906E+00  5.62525E-03  1.11317E+04  1.00000E-35  1.11351E+04
   6.48074E+02  3.68896E+00  5.66424E-03  1.10223E+04  1.00000E-35  1.10260E+04
   6.60683E+02  3.87562E+00  5.70351E-03  1.08738E+04  1.00000E-35  1.08777E+04
   6.73537E+02  4.04395E+00  5.74304E-03  1.06972E+04  1.00000E-35  1.07012E+04
   7.00000E+02  4.33528E+00  5.82345E-03  1.02924E+04  1.00000E-35  1.02967E+04
   7.23762E+02  4.53918E+00  5.89441E-03  9.89939E+03  1.00000E-35  9.90393E+03
   7.48331E+02  4.68069E+00  5.96640E-03  9.47410E+03  1.00000E-35  9.47878E+03
   7.73735E+02  5.07535E+00  6.04121E-03  9.03379E+03  1.00000E-35  9.03887E+03
   8.00000E+02  5.53426E+00  6.11696E-03  8.58973E+03  1.00000E-35  8.59527E+03
   8.05000E+02  5.44933E+00  6.13120E-03  8.50650E+03  1.00000E-35  8.51195E+03
   8.05000E+02  5.44933E+00  6.13120E-03  8.70715E+03  1.00000E-35  8.71261E+03
   8.05729E+02  5.44349E+00  6.13327E-03  8.72033E+03  1.00000E-35  8.72578E+03
   8.06458E+02  5.43766E+00  6.13534E-03  8.73612E+03  1.00000E-35  8.74157E+03
   8.07919E+02  5.42601E+00  6.13949E-03  8.77920E+03  1.00000E-35  8.78463E+03
   8.10849E+02  5.44471E+00  6.14779E-03  8.88896E+03  1.00000E-35  8.89441E+03
   8.13790E+02  5.49196E+00  6.15630E-03  8.99059E+03  1.00000E-35  8.99609E+03
   8.16741E+02  5.54301E+00  6.16500E-03  9.04986E+03  1.00000E-35  9.05541E+03
   8.19702E+02  5.65514E+00  6.17371E-03  9.06505E+03  1.00000E-35  9.07072E+03
   8.22675E+02  5.76959E+00  6.18244E-03  9.05153E+03  1.00000E-35  9.05730E+03
   8.28653E+02  6.01272E+00  6.19993E-03  8.98996E+03  1.00000E-35  8.99598E+03
   8.40738E+02  6.23458E+00  6.23505E-03  8.83838E+03  1.00000E-35  8.84462E+03
   8.53000E+02  6.13374E+00  6.27038E-03  8.65846E+03  1.00000E-35  8.66460E+03
   8.53000E+02  6.13374E+00  6.27038E-03  8.80603E+03  1.00000E-35  8.81217E+03
   8.53715E+02  6.12989E+00  6.27243E-03  8.80374E+03  1.00000E-35  8.80987E+03
   8.54431E+02  6.12604E+00  6.27448E-03  8.80409E+03  1.00000E-35  8.81022E+03
   8.55864E+02  6.12969E+00  6.27858E-03  8.81152E+03  1.00000E-35  8.81766E+03
   8.58738E+02  6.15517E+00  6.28680E-03  8.84402E+03  1.00000E-35  8.85018E+03
   8.61622E+02  6.18075E+00  6.29503E-03  8.87735E+03  1.00000E-35  8.88354E+03
   8.64515E+02  6.21003E+00  6.30327E-03  8.89088E+03  1.00000E-35  8.89709E+03
   8.70330E+02  6.27545E+00  6.31978E-03  8.85755E+03  1.00000E-35  8.86383E+03
   8.76185E+02  6.34389E+00  6.33633E-03  8.79074E+03  1.00000E-35  8.79709E+03
   9.00000E+02  6.57537E+00  6.40570E-03  8.47725E+03  1.00000E-35  8.48383E+03
   9.48683E+02  6.92951E+00  6.54679E-03  7.79744E+03  1.00000E-35  7.80438E+03
   1.00000E+03  7.17782E+00  6.69895E-03  7.14220E+03  1.00000E-35  7.14939E+03
   1.04881E+03  7.30401E+00  6.84279E-03  6.57825E+03  1.00000E-35  6.58556E+03
   1.10000E+03  7.41739E+00  7.00184E-03  6.03993E+03  1.00000E-35  6.04735E+03
   1.12800E+03  7.69361E+00  7.08722E-03  5.76798E+03  1.00000E-35  5.77568E+03
   1.12800E+03  7.69361E+00  7.08722E-03  6.14389E+03  1.00000E-35  6.15159E+03
   1.12891E+03  7.70135E+00  7.08997E-03  6.13508E+03  1.00000E-35  6.14279E+03
   1.12981E+03  7.70901E+00  7.09270E-03  6.12626E+03  1.00000E-35  6.13398E+03
   1.13163E+03  7.72450E+00  7.09820E-03  6.10865E+03  1.00000E-35  6.11638E+03
   1.13526E+03  7.75543E+00  7.10917E-03  6.07351E+03  1.00000E-35  6.08127E+03
   1.14257E+03  7.80941E+00  7.13230E-03  6.00370E+03  1.00000E-35  6.01152E+03
   1.15734E+03  7.89456E+00  7.18086E-03  5.86570E+03  1.00000E-35  5.87360E+03
   1.18743E+03  8.02357E+00  7.27890E-03  5.59607E+03  1.00000E-35  5.60410E+03
   1.25000E+03  8.20316E+00  7.48256E-03  5.08341E+03  1.00000E-35  5.09162E+03
   1.31529E+03  8.31025E+00  7.70757E-03  4.61114E+03  1.00000E-35  4.61946E+03
   1.38400E+03  8.39222E+00  7.95137E-03  4.17340E+03  1.00000E-35  4.18180E+03
   1.38400E+03  8.39222E+00  7.95137E-03  4.22462E+03  1.00000E-35  4.23302E+03
   1.38499E+03  8.39395E+00  7.95501E-03  4.21882E+03  1.00000E-35  4.22723E+03
   1.38599E+03  8.39569E+00  7.95869E-03  4.21306E+03  1.00000E-35  4.22146E+03
   1.38798E+03  8.39917E+00  7.96600E-03  4.20154E+03  1.00000E-35  4.20995E+03
   1.39198E+03  8.40614E+00  7.98068E-03  4.17874E+03  1.00000E-35  4.18716E+03
   1.40000E+03  8.42009E+00  8.01008E-03  4.13305E+03  1.00000E-35  4.14147E+03
   1.50000E+03  8.45408E+00  8.38293E-03  3.60326E+03  1.00000E-35  3.61172E+03
   1.56300E+03  8.51060E+00  8.62823E-03  3.31567E+03  1.00000E-35  3.32419E+03
   1.56300E+03  8.51060E+00  8.62823E-03  3.38489E+03  1.00000E-35  3.39341E+03
   1.56438E+03  8.51293E+00  8.63357E-03  3.37681E+03  1.00000E-35  3.38533E+03
   1.56576E+03  8.51526E+00  8.63891E-03  3.36920E+03  1.00000E-35  3.37772E+03
   1.56853E+03  8.51994E+00  8.64962E-03  3.35507E+03  1.00000E-35  3.36360E+03
   1.57408E+03  8.52761E+00  8.67106E-03  3.32935E+03  1.00000E-35  3.33788E+03
   1.58524E+03  8.54114E+00  8.71411E-03  3.28234E+03  1.00000E-35  3.29089E+03
   1.60779E+03  8.55722E+00  8.80460E-03  3.19051E+03  1.00000E-35  3.19908E+03
   1.65386E+03  8.57051E+00  8.99633E-03  3.01190E+03  1.00000E-35  3.02048E+03
   1.75000E+03  8.56703E+00  9.39645E-03  2.68143E+03  1.00000E-35  2.69001E+03
   2.00000E+03  8.38197E+00  1.05154E-02  2.02542E+03  1.00000E-35  2.03382E+03
   2.20000E+03  8.15044E+00  1.14545E-02  1.65056E+03  1.00000E-35  1.65872E+03
   2.50000E+03  7.71368E+00  1.29048E-02  1.24804E+03  1.00000E-35  1.25577E+03
   2.73861E+03  7.29677E+00  1.40706E-02  1.01923E+03  1.00000E-35  1.02655E+03
   3.00000E+03  6.76598E+00  1.53527E-02  8.30408E+02  1.00000E-35  8.37189E+02
   3.50000E+03  5.29102E+00  1.78083E-02  5.84242E+02  1.00000E-35  5.89551E+02
   3.78300E+03  3.94306E+00  1.91899E-02  4.88185E+02  1.00000E-35  4.92147E+02
   3.78300E+03  3.94306E+00  1.91899E-02  5.33286E+02  1.00000E-35  5.37249E+02
   3.78596E+03  3.95865E+00  1.92043E-02  6.43700E+02  1.00000E-35  6.47678E+02
   3.78892E+03  3.97429E+00  1.92186E-02  7.87793E+02  1.00000E-35  7.91787E+02
   3.79188E+03  3.98998E+00  1.92330E-02  9.21752E+02  1.00000E-35  9.25761E+02
   3.79484E+03  4.00572E+00  1.92473E-02  1.01542E+03  1.00000E-35  1.01945E+03
   3.79781E+03  4.02157E+00  1.92617E-02  1.06887E+03  1.00000E-35  1.07291E+03
   3.80078E+03  4.03746E+00  1.92761E-02  1.09667E+03  1.00000E-35  1.10073E+03
   3.80375E+03  4.05475E+00  1.92905E-02  1.11180E+03  1.00000E-35  1.11588E+03
   3.80672E+03  4.07290E+00  1.93049E-02  1.12163E+03  1.00000E-35  1.12572E+03
   3.81268E+03  4.10953E+00  1.93338E-02  1.13605E+03  1.00000E-35  1.14018E+03
   3.81864E+03  4.14643E+00  1.93627E-02  1.14592E+03  1.00000E-35  1.15009E+03
   3.82461E+03  4.18367E+00  1.93916E-02  1.14956E+03  1.00000E-35  1.15376E+03
   3.83059E+03  4.22125E+00  1.94206E-02  1.14713E+03  1.00000E-35  1.15137E+03
   3.85462E+03  4.35465E+00  1.95370E-02  1.12116E+03  1.00000E-35  1.12554E+03
   3.87879E+03  4.48032E+00  1.96541E-02  1.10143E+03  1.00000E-35  1.10593E+03
   3.92759E+03  4.74690E+00  1.98904E-02  1.06251E+03  1.00000E-35  1.06727E+03
   3.97700E+03  5.13206E+00  2.01295E-02  1.02727E+03  1.00000E-35  1.03242E+03
   3.97700E+03  5.13206E+00  2.01295E-02  1.05646E+03  1.00000E-35  1.06161E+03
   3.97987E+03  5.15687E+00  2.01434E-02  1.11635E+03  1.00000E-35  1.12152E+03
   3.98274E+03  5.18161E+00  2.01573E-02  1.20063E+03  1.00000E-35  1.20583E+03
   3.98561E+03  5.20633E+00  2.01712E-02  1.28296E+03  1.00000E-35  1.28819E+03
   3.98848E+03  5.23115E+00  2.01850E-02  1.34278E+03  1.00000E-35  1.34803E+03
   3.99136E+03  5.25615E+00  2.01990E-02  1.37791E+03  1.00000E-35  1.38319E+03
   3.99424E+03  5.28126E+00  2.02129E-02  1.39645E+03  1.00000E-35  1.40175E+03
   3.99712E+03  5.30646E+00  2.02268E-02  1.40636E+03  1.00000E-35  1.41168E+03
   4.00000E+03  5.33177E+00  2.02408E-02  1.41244E+03  1.00000E-35  1.41779E+03
   4.00737E+03  5.39700E+00  2.02764E-02  1.42217E+03  1.00000E-35  1.42758E+03
   4.01475E+03  5.46300E+00  2.03121E-02  1.42635E+03  1.00000E-35  1.43184E+03
   4.02215E+03  5.52538E+00  2.03479E-02  1.42390E+03  1.00000E-35  1.42945E+03
   4.02955E+03  5.58497E+00  2.03837E-02  1.41678E+03  1.00000E-35  1.42238E+03
   4.05933E+03  5.82385E+00  2.05267E-02  1.38642E+03  1.00000E-35  1.39226E+03
   4.11953E+03  6.20283E+00  2.08138E-02  1.33168E+03  1.00000E-35  1.33790E+03
   4.24264E+03  6.60363E+00  2.14003E-02  1.23398E+03  1.00000E-35  1.24060E+03
   4.50000E+03  6.63029E+00  2.26142E-02  1.06038E+03  1.00000E-35  1.06703E+03
   4.57400E+03  6.80300E+00  2.29583E-02  1.01643E+03  1.00000E-35  1.02325E+03
   4.57400E+03  6.80300E+00  2.29583E-02  1.18587E+03  1.00000E-35  1.19270E+03
   4.57718E+03  6.81824E+00  2.29731E-02  1.18392E+03  1.00000E-35  1.19076E+03
   4.58037E+03  6.83355E+00  2.29879E-02  1.18196E+03  1.00000E-35  1.18882E+03
   4.58675E+03  6.86423E+00  2.30175E-02  1.17806E+03  1.00000E-35  1.18495E+03
   4.59953E+03  6.92598E+00  2.30769E-02  1.17030E+03  1.00000E-35  1.17724E+03
   4.62520E+03  7.04556E+00  2.31961E-02  1.15487E+03  1.00000E-35  1.16194E+03
   4.67697E+03  7.24419E+00  2.34364E-02  1.12432E+03  1.00000E-35  1.13159E+03
   4.78226E+03  7.45084E+00  2.39245E-02  1.06451E+03  1.00000E-35  1.07199E+03
   5.00000E+03  7.59592E+00  2.49059E-02  9.52728E+02  1.00000E-35  9.60349E+02
   5.50000E+03  7.36807E+00  2.71037E-02  7.48804E+02  1.00000E-35  7.56199E+02
   5.55700E+03  7.35481E+00  2.73495E-02  7.29383E+02  1.00000E-35  7.36765E+02
   5.55700E+03  7.35481E+00  2.73495E-02  7.69275E+02  1.00000E-35  7.76657E+02
   5.55987E+03  7.35599E+00  2.73619E-02  7.70212E+02  1.00000E-35  7.77595E+02
   5.56273E+03  7.35716E+00  2.73742E-02  7.70660E+02  1.00000E-35  7.78045E+02
   5.56847E+03  7.35952E+00  2.73990E-02  7.70668E+02  1.00000E-35  7.78055E+02
   5.57996E+03  7.36423E+00  2.74485E-02  7.66854E+02  1.00000E-35  7.74245E+02
   5.60302E+03  7.37390E+00  2.75478E-02  7.58455E+02  1.00000E-35  7.65856E+02
   5.64942E+03  7.39474E+00  2.77475E-02  7.43493E+02  1.00000E-35  7.50916E+02
   5.74337E+03  7.39915E+00  2.81417E-02  7.13883E+02  1.00000E-35  7.21310E+02
   5.93600E+03  7.36281E+00  2.89416E-02  6.58004E+02  1.00000E-35  6.65396E+02
   5.93600E+03  7.36281E+00  2.89416E-02  6.88716E+02  1.00000E-35  6.96108E+02
   5.93998E+03  7.36399E+00  2.89581E-02  6.85925E+02  1.00000E-35  6.93317E+02
   5.94396E+03  7.36516E+00  2.89746E-02  6.83939E+02  1.00000E-35  6.91334E+02
   5.95194E+03  7.36752E+00  2.90076E-02  6.81246E+02  1.00000E-35  6.88643E+02
   5.96791E+03  7.37224E+00  2.90737E-02  6.77279E+02  1.00000E-35  6.84680E+02
   6.00000E+03  7.38168E+00  2.92065E-02  6.68451E+02  1.00000E-35  6.75862E+02
   7.00000E+03  7.01672E+00  3.31512E-02  4.58368E+02  1.00000E-35  4.65418E+02
   8.00000E+03  6.43566E+00  3.67970E-02  3.29231E+02  1.00000E-35  3.35704E+02
   9.00000E+03  5.84679E+00  4.01606E-02  2.45234E+02  1.00000E-35  2.51121E+02
   1.00000E+04  5.30724E+00  4.32930E-02  1.88078E+02  1.00000E-35  1.93429E+02
   1.10000E+04  4.81744E+00  4.61988E-02  1.47740E+02  1.00000E-35  1.52603E+02
   1.25000E+04  4.17827E+00  5.01548E-02  1.06680E+02  1.00000E-35  1.10909E+02
   1.40000E+04  3.62661E+00  5.37104E-02  7.98029E+01  1.00000E-35  8.34832E+01
   1.50000E+04  3.29339E+00  5.58899E-02  6.68300E+01  1.00000E-35  7.01793E+01
   1.75000E+04  2.41732E+00  6.07967E-02  4.48803E+01  1.00000E-35  4.73584E+01
   1.80590E+04  2.12424E+00  6.17976E-02  4.13682E+01  1.00000E-35  4.35543E+01
   1.80590E+04  2.12424E+00  6.17976E-02  9.65901E+01  1.00000E-35  9.87761E+01
   1.80734E+04  2.12640E+00  6.18232E-02  9.82243E+01  1.00000E-35  1.00412E+02
   1.80878E+04  2.12856E+00  6.18488E-02  9.69488E+01  1.00000E-35  9.91392E+01
   1.81023E+04  2.13073E+00  6.18745E-02  9.62616E+01  1.00000E-35  9.84542E+01
   1.81167E+04  2.13289E+00  6.19001E-02  9.64057E+01  1.00000E-35  9.86004E+01
   1.81746E+04  2.14159E+00  6.20027E-02  9.57227E+01  1.00000E-35  9.79263E+01
   1.82327E+04  2.16170E+00  6.21056E-02  9.51027E+01  1.00000E-35  9.73265E+01
   1.82909E+04  2.18920E+00  6.22084E-02  9.42656E+01  1.00000E-35  9.65170E+01
   1.85258E+04  2.29265E+00  6.26198E-02  9.11894E+01  1.00000E-35  9.35447E+01
   1.90047E+04  2.35772E+00  6.34128E-02  8.52181E+01  1.00000E-35  8.76393E+01
   2.00000E+04  2.29622E+00  6.50291E-02  7.43100E+01  1.00000E-35  7.66713E+01
   2.20000E+04  1.93964E+00  6.79903E-02  5.74458E+01  1.00000E-35  5.94534E+01
   2.22670E+04  1.87281E+00  6.83526E-02  5.55947E+01  1.00000E-35  5.75358E+01
   2.22670E+04  1.87281E+00  6.83526E-02  7.62113E+01  1.00000E-35  7.81524E+01
   2.22799E+04  1.86982E+00  6.83701E-02  7.89219E+01  1.00000E-35  8.08601E+01
   2.22928E+04  1.86834E+00  6.83875E-02  7.84785E+01  1.00000E-35  8.04153E+01
   2.23058E+04  1.86765E+00  6.84051E-02  7.80639E+01  1.00000E-35  7.99999E+01
   2.23187E+04  1.86697E+00  6.84225E-02  7.80687E+01  1.00000E-35  8.00041E+01
   2.23705E+04  1.86425E+00  6.84924E-02  7.76691E+01  1.00000E-35  7.96019E+01
   2.24746E+04  1.85880E+00  6.86327E-02  7.67814E+01  1.00000E-35  7.87088E+01
   2.26841E+04  1.86910E+00  6.89138E-02  7.50194E+01  1.00000E-35  7.69574E+01
   2.31090E+04  1.89486E+00  6.94796E-02  7.14656E+01  1.00000E-35  7.34299E+01
   2.31090E+04  1.89486E+00  6.94796E-02  8.33164E+01  1.00000E-35  8.52807E+01
   2.31232E+04  1.89580E+00  6.94984E-02  8.21936E+01  1.00000E-35  8.41589E+01
   2.31374E+04  1.89705E+00  6.95172E-02  8.21830E+01  1.00000E-35  8.41496E+01
   2.31659E+04  1.89958E+00  6.95549E-02  8.19674E+01  1.00000E-35  8.39365E+01
   2.32229E+04  1.90464E+00  6.96302E-02  8.14724E+01  1.00000E-35  8.34466E+01
   2.33373E+04  1.91481E+00  6.97812E-02  8.04712E+01  1.00000E-35  8.24558E+01
   2.35679E+04  1.93687E+00  7.00841E-02  7.85229E+01  1.00000E-35  8.05298E+01
   2.40359E+04  1.94979E+00  7.06790E-02  7.47466E+01  1.00000E-35  7.67671E+01
   2.50000E+04  1.91845E+00  7.18428E-02  6.77097E+01  1.00000E-35  6.97000E+01
   3.00000E+04  1.59317E+00  7.71080E-02  4.26032E+01  1.00000E-35  4.42734E+01
   3.50000E+04  1.30640E+00  8.12508E-02  2.86360E+01  1.00000E-35  3.00236E+01
   4.00000E+04  1.08310E+00  8.45248E-02  2.02300E+01  1.00000E-35  2.13976E+01
   4.50000E+04  9.07743E-01  8.70855E-02  1.48556E+01  1.00000E-35  1.58504E+01
   5.00000E+04  7.70287E-01  8.91363E-02  1.12520E+01  1.00000E-35  1.21115E+01
   5.50000E+04  6.59576E-01  9.07617E-02  8.74136E+00  1.00000E-35  9.49170E+00
   6.00000E+04  5.69099E-01  9.20254E-02  6.93588E+00  1.00000E-35  7.59700E+00
   7.00000E+04  4.35000E-01  9.37082E-02  4.59570E+00  1.00000E-35  5.12440E+00
   8.00000E+04  3.43024E-01  9.46125E-02  3.21276E+00  1.00000E-35  3.65039E+00
   9.00000E+04  2.76752E-01  9.49848E-02  2.34093E+00  1.00000E-35  2.71267E+00
   1.00000E+05  2.26623E-01  9.49903E-02  1.76283E+00  1.00000E-35  2.08444E+00
   1.10000E+05  1.86307E-01  9.46997E-02  1.36365E+00  1.00000E-35  1.64466E+00
   1.21800E+05  1.36664E-01  9.41022E-02  1.03616E+00  1.00000E-35  1.26692E+00
   1.21800E+05  1.36664E-01  9.41022E-02  4.45996E+00  1.00000E-35  4.69073E+00
   1.21899E+05  1.36414E-01  9.40961E-02  4.25404E+00  1.00000E-35  4.48455E+00
   1.21998E+05  1.36164E-01  9.40899E-02  4.24764E+00  1.00000E-35  4.47790E+00
   1.22195E+05  1.35670E-01  9.40776E-02  4.23218E+00  1.00000E-35  4.46192E+00
   1.22592E+05  1.35155E-01  9.40529E-02  4.19970E+00  1.00000E-35  4.42891E+00
   1.23390E+05  1.36077E-01  9.40036E-02  4.13121E+00  1.00000E-35  4.36129E+00
   1.25000E+05  1.39426E-01  9.39050E-02  3.99900E+00  1.00000E-35  4.23233E+00
   1.40000E+05  1.28172E-01  9.28566E-02  3.00570E+00  1.00000E-35  3.22673E+00
   1.50000E+05  1.15698E-01  9.20213E-02  2.52333E+00  1.00000E-35  2.73105E+00
   1.75000E+05  8.96429E-02  8.97535E-02  1.70419E+00  1.00000E-35  1.88358E+00
   2.00000E+05  7.09497E-02  8.74214E-02  1.21227E+00  1.00000E-35  1.37064E+00
   2.20000E+05  5.98365E-02  8.55747E-02  9.51085E-01  1.00000E-35  1.09650E+00
   2.50000E+05  4.74562E-02  8.29190E-02  6.87955E-01  1.00000E-35  8.18330E-01
   2.73861E+05  4.01336E-02  8.09152E-02  5.46482E-01  1.00000E-35  6.67531E-01
   3.00000E+05  3.38923E-02  7.88380E-02  4.35733E-01  1.00000E-35  5.48463E-01
   3.50000E+05  2.53934E-02  7.51873E-02  2.98185E-01  1.00000E-35  3.98766E-01
   4.00000E+05  1.97353E-02  7.19378E-02  2.16054E-01  1.00000E-35  3.07727E-01
   4.50000E+05  1.57527E-02  6.90334E-02  1.63522E-01  1.00000E-35  2.48308E-01
   5.00000E+05  1.28758E-02  6.64180E-02  1.28068E-01  1.00000E-35  2.07361E-01
   5.50000E+05  1.07182E-02  6.40350E-02  1.03087E-01  1.00000E-35  1.77840E-01
   6.00000E+05  9.05677E-03  6.18627E-02  8.48546E-02  1.00000E-35  1.55774E-01
   6.48074E+05  7.80103E-03  5.99469E-02  7.15850E-02  1.00000E-35  1.39333E-01
   7.00000E+05  6.71939E-03  5.80418E-02  6.06033E-02  1.00000E-35  1.25365E-01
   8.00000E+05  5.18393E-03  5.47658E-02  4.56594E-02  1.00000E-35  1.05609E-01
   9.00000E+05  4.11869E-03  5.19359E-02  3.57970E-02  1.00000E-35  9.18516E-02
   1.00000E+06  3.35262E-03  4.94443E-02  2.89383E-02  1.00000E-35  8.17352E-02
   1.10000E+06  2.78312E-03  4.72330E-02  2.39679E-02  1.81691E-05  7.40022E-02
   1.25000E+06  2.16571E-03  4.43427E-02  1.87236E-02  4.50141E-04  6.56821E-02
   1.40000E+06  1.73211E-03  4.18495E-02  1.51251E-02  1.44006E-03  6.01468E-02
   1.50000E+06  1.51184E-03  4.03709E-02  1.33155E-02  2.32185E-03  5.75201E-02
   1.62019E+06  1.29871E-03  3.87494E-02  1.15712E-02  3.41908E-03  5.50384E-02
   1.75000E+06  1.11556E-03  3.71644E-02  1.00850E-02  4.59170E-03  5.29566E-02
   2.00000E+06  8.55874E-04  3.45080E-02  7.98787E-03  6.75503E-03  5.01067E-02
   2.20000E+06  7.08227E-04  3.26857E-02  6.79176E-03  8.40248E-03  4.85881E-02
   2.50000E+06  5.49379E-04  3.03408E-02  5.49432E-03  1.06826E-02  4.70672E-02
   2.73861E+06  4.58369E-04  2.87354E-02  4.73838E-03  1.23112E-02  4.62433E-02
   3.00000E+06  3.82434E-04  2.71884E-02  4.10118E-03  1.39692E-02  4.56412E-02
   3.24037E+06  3.28072E-04  2.59266E-02  3.63744E-03  1.54088E-02  4.53009E-02
   3.50000E+06  2.81316E-04  2.47071E-02  3.23354E-03  1.68830E-02  4.51049E-02
   4.00000E+06  2.15470E-04  2.26906E-02  2.64987E-03  1.95073E-02  4.50632E-02
   4.50000E+06  1.70309E-04  2.10180E-02  2.23438E-03  2.19326E-02  4.53553E-02
   5.00000E+06  1.37994E-04  1.96072E-02  1.92557E-03  2.41365E-02  4.58072E-02
   5.50000E+06  1.14078E-04  1.83900E-02  1.68810E-03  2.61505E-02  4.63427E-02
   6.00000E+06  9.58821E-05  1.73305E-02  1.50051E-03  2.80900E-02  4.70168E-02
   7.00000E+06  7.04769E-05  1.55752E-02  1.22418E-03  3.16428E-02  4.85127E-02
   8.00000E+06  5.39806E-05  1.41751E-02  1.03135E-03  3.48332E-02  5.00936E-02
   9.00000E+06  4.26666E-05  1.30284E-02  8.89697E-04  3.77650E-02  5.17258E-02
   1.00000E+07  3.45684E-05  1.20702E-02  7.81508E-04  4.04706E-02  5.33568E-02
   1.10000E+07  2.85694E-05  1.12562E-02  6.96321E-04  4.29973E-02  5.49783E-02
   1.25000E+07  2.21242E-05  1.02396E-02  5.97982E-04  4.64494E-02  5.73091E-02
   1.40000E+07  1.76376E-05  9.40588E-03  5.20008E-04  4.95770E-02  5.95205E-02
   1.50000E+07  1.53643E-05  8.92847E-03  4.78061E-04  5.14994E-02  6.09213E-02
   1.75000E+07  1.12882E-05  7.93888E-03  3.97157E-04  5.57647E-02  6.41121E-02
   2.00000E+07  8.64267E-06  7.16217E-03  3.39124E-04  5.94783E-02  6.69883E-02
   2.20000E+07  7.14277E-06  6.65079E-03  3.03394E-04  6.21373E-02  6.90986E-02
   2.50000E+07  5.53142E-06  6.01695E-03  2.61767E-04  6.56930E-02  7.19772E-02
   3.00000E+07  3.84130E-06  5.20863E-03  2.12761E-04  7.06702E-02  7.60954E-02
   3.50000E+07  2.82218E-06  4.60491E-03  1.79037E-04  7.47924E-02  7.95792E-02
   4.00000E+07  2.16074E-06  4.13533E-03  1.54452E-04  7.82991E-02  8.25910E-02
   4.50000E+07  1.70725E-06  3.75861E-03  1.35756E-04  8.13252E-02  8.52212E-02
   5.00000E+07  1.38287E-06  3.44922E-03  1.21069E-04  8.39581E-02  8.75297E-02
   5.50000E+07  1.14287E-06  3.19022E-03  1.09232E-04  8.62593E-02  8.95599E-02
   6.00000E+07  9.60328E-07  2.96993E-03  9.94924E-05  8.83662E-02  9.14365E-02
   7.00000E+07  7.05547E-07  2.61462E-03  8.44168E-05  9.19170E-02  9.46167E-02
   8.00000E+07  5.40185E-07  2.33996E-03  7.32958E-05  9.48512E-02  9.72650E-02
   9.00000E+07  4.26813E-07  2.12068E-03  6.47567E-05  9.73143E-02  9.95002E-02
   1.00000E+08  3.45717E-07  1.94137E-03  5.79957E-05  9.94280E-02  1.01428E-01
   1.10000E+08  2.85719E-07  1.79178E-03  5.25104E-05  1.01255E-01  1.03099E-01
   1.25000E+08  2.21259E-07  1.60841E-03  4.59837E-05  1.03565E-01  1.05220E-01
   1.40000E+08  1.76387E-07  1.46110E-03  4.08982E-05  1.05501E-01  1.07003E-01
   1.50000E+08  1.53652E-07  1.37788E-03  3.80893E-05  1.06624E-01  1.08040E-01
   1.75000E+08  1.12888E-07  1.20818E-03  3.25062E-05  1.08998E-01  1.10239E-01
   2.00000E+08  8.64297E-08  1.07770E-03  2.83498E-05  1.10912E-01  1.12018E-01
   2.20000E+08  7.14296E-08  9.93031E-04  2.57185E-05  1.12193E-01  1.13211E-01
   2.50000E+08  5.53150E-08  8.89535E-04  2.25751E-05  1.13804E-01  1.14716E-01
   3.00000E+08  3.84130E-08  7.59886E-04  1.87543E-05  1.15909E-01  1.16687E-01
   3.50000E+08  2.82218E-08  6.64788E-04  1.60393E-05  1.17502E-01  1.18182E-01
   4.00000E+08  2.16074E-08  5.91883E-04  1.40109E-05  1.18760E-01  1.19366E-01
   4.50000E+08  1.70725E-08  5.34097E-04  1.24379E-05  1.19779E-01  1.20325E-01
   5.00000E+08  1.38287E-08  4.87110E-04  1.11823E-05  1.20632E-01  1.21130E-01
   5.50000E+08  1.14287E-08  4.48105E-04  1.01570E-05  1.21348E-01  1.21806E-01
   6.00000E+08  9.60329E-09  4.15178E-04  9.30392E-06  1.21998E-01  1.22422E-01
   7.00000E+08  7.05547E-09  3.62559E-04  7.96580E-06  1.22996E-01  1.23367E-01
   8.00000E+08  5.40186E-09  3.22310E-04  6.96417E-06  1.23770E-01  1.24100E-01
   9.00000E+08  4.26813E-09  2.90473E-04  6.18627E-06  1.24403E-01  1.24700E-01
   1.00000E+09  3.45720E-09  2.64624E-04  5.56471E-06  1.24931E-01  1.25201E-01
