 # Material data file: Pm                  
 # 
 # PENELOPE >>>  Photon mass attenuation coefficients (mac).
 # 
 #   Energy       mac_Ra       mac_Co       mac_ph       mac_pp       mac_tot
 #    (eV)       (cm**2/g)    (cm**2/g)    (cm**2/g)    (cm**2/g)    (cm**2/g)
 #------------------------------------------------------------------------------
   5.00000E+01  3.82128E-01  4.23250E-03  2.30960E+04  1.00000E-35  2.30964E+04
   5.12057E+01  3.74136E-01  4.23819E-03  2.26698E+04  1.00000E-35  2.26702E+04
   5.24404E+01  3.67152E-01  4.24389E-03  2.22888E+04  1.00000E-35  2.22892E+04
   5.37050E+01  3.60571E-01  4.24959E-03  2.19474E+04  1.00000E-35  2.19477E+04
   5.50000E+01  3.54538E-01  4.25634E-03  2.16396E+04  1.00000E-35  2.16400E+04
   5.74456E+01  3.44889E-01  4.27093E-03  2.11467E+04  1.00000E-35  2.11470E+04
   6.00000E+01  3.36024E-01  4.28726E-03  2.07186E+04  1.00000E-35  2.07190E+04
   6.48074E+01  3.22038E-01  4.32402E-03  2.00500E+04  1.00000E-35  2.00503E+04
   7.00000E+01  3.07628E-01  4.37150E-03  1.94300E+04  1.00000E-35  1.94303E+04
   8.00000E+01  2.70036E-01  4.48401E-03  1.83665E+04  1.00000E-35  1.83668E+04
   8.48528E+01  2.44337E-01  4.54369E-03  1.78877E+04  1.00000E-35  1.78879E+04
   9.00000E+01  2.10114E-01  4.60955E-03  1.73897E+04  1.00000E-35  1.73900E+04
   9.48683E+01  1.72935E-01  4.67636E-03  1.69206E+04  1.00000E-35  1.69208E+04
   1.00000E+02  1.95432E-01  4.74707E-03  1.64193E+04  1.00000E-35  1.64195E+04
   1.04881E+02  3.52997E-01  4.81646E-03  1.59335E+04  1.00000E-35  1.59338E+04
   1.10000E+02  8.65423E-01  4.89042E-03  1.54166E+04  1.00000E-35  1.54174E+04
   1.13572E+02  2.03692E+00  4.94232E-03  1.50542E+04  1.00000E-35  1.50562E+04
   1.17260E+02  8.53796E+00  4.99560E-03  1.46811E+04  1.00000E-35  1.46896E+04
   1.21068E+02  1.06620E+02  5.05214E-03  1.42995E+04  1.00000E-35  1.44061E+04
   1.25000E+02  5.46003E+01  5.10933E-03  1.39113E+04  1.00000E-35  1.39659E+04
   1.27000E+02  7.60554E+01  5.13823E-03  1.37167E+04  1.00000E-35  1.37927E+04
   1.27000E+02  7.60554E+01  5.13823E-03  1.59278E+04  1.00000E-35  1.60038E+04
   1.27123E+02  7.55269E+01  5.14007E-03  1.59249E+04  1.00000E-35  1.60004E+04
   1.27246E+02  7.34811E+01  5.14191E-03  1.59222E+04  1.00000E-35  1.59957E+04
   1.27493E+02  6.95444E+01  5.14560E-03  1.59184E+04  1.00000E-35  1.59879E+04
   1.27988E+02  6.22985E+01  5.15297E-03  1.59201E+04  1.00000E-35  1.59824E+04
   1.28984E+02  4.13599E+01  5.16776E-03  1.59541E+04  1.00000E-35  1.59955E+04
   1.29988E+02  2.53304E+01  5.18260E-03  1.60229E+04  1.00000E-35  1.60483E+04
   1.31000E+02  1.61330E+01  5.19748E-03  1.61161E+04  1.00000E-35  1.61323E+04
   1.31000E+02  1.61330E+01  5.19748E-03  1.76362E+04  1.00000E-35  1.76524E+04
   1.31068E+02  1.57459E+01  5.19848E-03  1.76451E+04  1.00000E-35  1.76608E+04
   1.31136E+02  1.53683E+01  5.19948E-03  1.76540E+04  1.00000E-35  1.76694E+04
   1.31272E+02  1.46407E+01  5.20147E-03  1.76722E+04  1.00000E-35  1.76868E+04
   1.31545E+02  1.32843E+01  5.20547E-03  1.77106E+04  1.00000E-35  1.77239E+04
   1.32093E+02  1.13142E+01  5.21348E-03  1.77958E+04  1.00000E-35  1.78071E+04
   1.33194E+02  8.90126E+00  5.22950E-03  1.79846E+04  1.00000E-35  1.79935E+04
   1.34305E+02  7.42594E+00  5.24559E-03  1.81753E+04  1.00000E-35  1.81827E+04
   1.35425E+02  6.42547E+00  5.26172E-03  1.83419E+04  1.00000E-35  1.83483E+04
   1.36555E+02  5.70757E+00  5.27791E-03  1.84623E+04  1.00000E-35  1.84680E+04
   1.37694E+02  5.17591E+00  5.29414E-03  1.85204E+04  1.00000E-35  1.85255E+04
   1.38842E+02  4.77800E+00  5.31094E-03  1.85077E+04  1.00000E-35  1.85125E+04
   1.40000E+02  4.47241E+00  5.32784E-03  1.84234E+04  1.00000E-35  1.84279E+04
   1.41213E+02  4.22650E+00  5.34545E-03  1.82667E+04  1.00000E-35  1.82709E+04
   1.42436E+02  4.03319E+00  5.36311E-03  1.80510E+04  1.00000E-35  1.80550E+04
   1.43669E+02  3.87506E+00  5.38083E-03  1.77904E+04  1.00000E-35  1.77943E+04
   1.44914E+02  3.74253E+00  5.39862E-03  1.74982E+04  1.00000E-35  1.75020E+04
   1.47435E+02  3.53151E+00  5.43435E-03  1.68628E+04  1.00000E-35  1.68664E+04
   1.50000E+02  3.36134E+00  5.47034E-03  1.62069E+04  1.00000E-35  1.62103E+04
   1.55893E+02  3.05898E+00  5.55331E-03  1.48011E+04  1.00000E-35  1.48041E+04
   1.58926E+02  2.93277E+00  5.59527E-03  1.41550E+04  1.00000E-35  1.41579E+04
   1.62019E+02  2.81643E+00  5.63756E-03  1.35543E+04  1.00000E-35  1.35571E+04
   1.65171E+02  2.71152E+00  5.68043E-03  1.30017E+04  1.00000E-35  1.30045E+04
   1.68384E+02  2.61586E+00  5.72378E-03  1.24981E+04  1.00000E-35  1.25007E+04
   1.71660E+02  2.52816E+00  5.76747E-03  1.20425E+04  1.00000E-35  1.20450E+04
   1.75000E+02  2.44744E+00  5.81150E-03  1.16326E+04  1.00000E-35  1.16350E+04
   1.77946E+02  2.38320E+00  5.84992E-03  1.13117E+04  1.00000E-35  1.13141E+04
   1.80941E+02  2.32309E+00  5.88861E-03  1.10201E+04  1.00000E-35  1.10225E+04
   1.83986E+02  2.26696E+00  5.92755E-03  1.07552E+04  1.00000E-35  1.07575E+04
   1.87083E+02  2.21507E+00  5.96676E-03  1.05145E+04  1.00000E-35  1.05167E+04
   1.90232E+02  2.16600E+00  6.00623E-03  1.02957E+04  1.00000E-35  1.02978E+04
   1.93434E+02  2.12293E+00  6.04594E-03  1.00966E+04  1.00000E-35  1.00987E+04
   1.96689E+02  2.08129E+00  6.08564E-03  9.91499E+03  1.00000E-35  9.91707E+03
   2.00000E+02  2.04046E+00  6.12562E-03  9.74900E+03  1.00000E-35  9.75105E+03
   2.04823E+02  1.98703E+00  6.18314E-03  9.53519E+03  1.00000E-35  9.53718E+03
   2.09762E+02  1.93772E+00  6.24120E-03  9.34381E+03  1.00000E-35  9.34576E+03
   2.14820E+02  1.88962E+00  6.29911E-03  9.16998E+03  1.00000E-35  9.17187E+03
   2.20000E+02  1.84272E+00  6.35749E-03  9.01006E+03  1.00000E-35  9.01191E+03
   2.29783E+02  1.74130E+00  6.46528E-03  8.74384E+03  1.00000E-35  8.74559E+03
   2.40000E+02  1.69446E+00  6.57313E-03  8.50081E+03  1.00000E-35  8.50252E+03
   2.40000E+02  1.69446E+00  6.57313E-03  9.80070E+03  1.00000E-35  9.80240E+03
   2.40153E+02  1.69499E+00  6.57473E-03  9.79767E+03  1.00000E-35  9.79937E+03
   2.40306E+02  1.69551E+00  6.57632E-03  9.79463E+03  1.00000E-35  9.79634E+03
   2.40613E+02  1.69657E+00  6.57951E-03  9.78861E+03  1.00000E-35  9.79031E+03
   2.41228E+02  1.69869E+00  6.58590E-03  9.77660E+03  1.00000E-35  9.77830E+03
   2.42462E+02  1.70549E+00  6.59869E-03  9.75266E+03  1.00000E-35  9.75437E+03
   2.44949E+02  1.73113E+00  6.62435E-03  9.70512E+03  1.00000E-35  9.70686E+03
   2.50000E+02  1.77173E+00  6.67572E-03  9.60958E+03  1.00000E-35  9.61136E+03
   2.55441E+02  1.79695E+00  6.72937E-03  9.49974E+03  1.00000E-35  9.50154E+03
   2.61000E+02  1.81734E+00  6.78344E-03  9.37989E+03  1.00000E-35  9.38171E+03
   2.61000E+02  1.81734E+00  6.78344E-03  9.76999E+03  1.00000E-35  9.77181E+03
   2.61142E+02  1.81778E+00  6.78481E-03  9.76687E+03  1.00000E-35  9.76870E+03
   2.61284E+02  1.81822E+00  6.78619E-03  9.76376E+03  1.00000E-35  9.76558E+03
   2.61569E+02  1.81910E+00  6.78894E-03  9.75748E+03  1.00000E-35  9.75931E+03
   2.62138E+02  1.82087E+00  6.79442E-03  9.74493E+03  1.00000E-35  9.74676E+03
   2.63282E+02  1.82462E+00  6.80543E-03  9.71975E+03  1.00000E-35  9.72158E+03
   2.65583E+02  1.83390E+00  6.82748E-03  9.66925E+03  1.00000E-35  9.67109E+03
   2.70247E+02  1.86130E+00  6.87181E-03  9.56864E+03  1.00000E-35  9.57051E+03
   2.79821E+02  1.91229E+00  6.95921E-03  9.37004E+03  1.00000E-35  9.37196E+03
   3.00000E+02  1.99076E+00  7.13580E-03  8.96281E+03  1.00000E-35  8.96481E+03
   3.17017E+02  2.03561E+00  7.27595E-03  8.62856E+03  1.00000E-35  8.63061E+03
   3.35000E+02  2.11820E+00  7.41558E-03  8.28235E+03  1.00000E-35  8.28447E+03
   3.35000E+02  2.11820E+00  7.41558E-03  8.80236E+03  1.00000E-35  8.80448E+03
   3.35229E+02  2.11997E+00  7.41732E-03  8.79571E+03  1.00000E-35  8.79784E+03
   3.35459E+02  2.12175E+00  7.41906E-03  8.78910E+03  1.00000E-35  8.79123E+03
   3.35918E+02  2.12531E+00  7.42254E-03  8.77597E+03  1.00000E-35  8.77810E+03
   3.36839E+02  2.13244E+00  7.42950E-03  8.75029E+03  1.00000E-35  8.75243E+03
   3.38689E+02  2.14366E+00  7.44344E-03  8.70212E+03  1.00000E-35  8.70427E+03
   3.42418E+02  2.16422E+00  7.47141E-03  8.61418E+03  1.00000E-35  8.61636E+03
   3.50000E+02  2.20593E+00  7.52743E-03  8.45843E+03  1.00000E-35  8.46064E+03
   3.61881E+02  2.25916E+00  7.61140E-03  8.23422E+03  1.00000E-35  8.23649E+03
   3.74166E+02  2.30991E+00  7.69632E-03  8.00046E+03  1.00000E-35  8.00278E+03
   3.86867E+02  2.35610E+00  7.78077E-03  7.75884E+03  1.00000E-35  7.76121E+03
   4.00000E+02  2.40013E+00  7.86502E-03  7.51668E+03  1.00000E-35  7.51909E+03
   4.11953E+02  2.43881E+00  7.94009E-03  7.30312E+03  1.00000E-35  7.30557E+03
   4.24264E+02  2.47237E+00  8.01396E-03  7.08831E+03  1.00000E-35  7.09079E+03
   4.36943E+02  2.50611E+00  8.08829E-03  6.87138E+03  1.00000E-35  6.87389E+03
   4.50000E+02  2.53892E+00  8.16326E-03  6.65365E+03  1.00000E-35  6.65620E+03
   4.74342E+02  2.59089E+00  8.29572E-03  6.26696E+03  1.00000E-35  6.26956E+03
   5.00000E+02  2.63255E+00  8.42918E-03  5.88708E+03  1.00000E-35  5.88972E+03
   5.24404E+02  2.66920E+00  8.55026E-03  5.54896E+03  1.00000E-35  5.55164E+03
   5.50000E+02  2.69028E+00  8.67205E-03  5.21704E+03  1.00000E-35  5.21974E+03
   5.74456E+02  2.70936E+00  8.78430E-03  4.92169E+03  1.00000E-35  4.92441E+03
   6.00000E+02  2.71147E+00  8.89801E-03  4.63515E+03  1.00000E-35  4.63787E+03
   6.23574E+02  2.71244E+00  8.99997E-03  4.38904E+03  1.00000E-35  4.39177E+03
   6.48074E+02  2.69645E+00  9.10438E-03  4.15014E+03  1.00000E-35  4.15284E+03
   6.73537E+02  2.67898E+00  9.21052E-03  3.91865E+03  1.00000E-35  3.92134E+03
   7.00000E+02  2.64007E+00  9.31999E-03  3.69529E+03  1.00000E-35  3.69794E+03
   7.48331E+02  2.54346E+00  9.51649E-03  3.32870E+03  1.00000E-35  3.33125E+03
   8.00000E+02  2.39246E+00  9.72853E-03  2.98754E+03  1.00000E-35  2.98994E+03
   8.48528E+02  2.19697E+00  9.93066E-03  2.70781E+03  1.00000E-35  2.71001E+03
   9.00000E+02  1.91393E+00  1.01470E-02  2.44817E+03  1.00000E-35  2.45010E+03
   9.48683E+02  1.52910E+00  1.03569E-02  2.23216E+03  1.00000E-35  2.23370E+03
   1.00000E+03  1.41299E+00  1.05877E-02  2.03129E+03  1.00000E-35  2.03271E+03
   1.03200E+03  1.34926E+01  1.07316E-02  1.91823E+03  1.00000E-35  1.93174E+03
   1.03200E+03  1.34926E+01  1.07316E-02  2.11400E+03  1.00000E-35  2.12751E+03
   1.03277E+03  1.34975E+01  1.07350E-02  2.19953E+03  1.00000E-35  2.21304E+03
   1.03355E+03  1.35024E+01  1.07385E-02  2.31342E+03  1.00000E-35  2.32694E+03
   1.03432E+03  1.35073E+01  1.07419E-02  2.45647E+03  1.00000E-35  2.46999E+03
   1.03509E+03  1.35121E+01  1.07454E-02  2.62855E+03  1.00000E-35  2.64207E+03
   1.03587E+03  1.35171E+01  1.07488E-02  2.82804E+03  1.00000E-35  2.84157E+03
   1.03664E+03  1.35219E+01  1.07523E-02  3.05144E+03  1.00000E-35  3.06497E+03
   1.03742E+03  1.35268E+01  1.07557E-02  3.29350E+03  1.00000E-35  3.30704E+03
   1.03819E+03  1.34516E+01  1.07591E-02  3.54755E+03  1.00000E-35  3.56101E+03
   1.03897E+03  1.33624E+01  1.07626E-02  3.80613E+03  1.00000E-35  3.81950E+03
   1.03975E+03  1.32739E+01  1.07661E-02  4.06177E+03  1.00000E-35  4.07506E+03
   1.04053E+03  1.31860E+01  1.07695E-02  4.30780E+03  1.00000E-35  4.32100E+03
   1.04130E+03  1.30999E+01  1.07729E-02  4.53898E+03  1.00000E-35  4.55210E+03
   1.04208E+03  1.30134E+01  1.07764E-02  4.75164E+03  1.00000E-35  4.76466E+03
   1.04286E+03  1.29274E+01  1.07799E-02  4.94405E+03  1.00000E-35  4.95699E+03
   1.04364E+03  1.28421E+01  1.07833E-02  5.11572E+03  1.00000E-35  5.12858E+03
   1.04443E+03  1.27563E+01  1.07868E-02  5.26737E+03  1.00000E-35  5.28014E+03
   1.04521E+03  1.26723E+01  1.07903E-02  5.40056E+03  1.00000E-35  5.41324E+03
   1.04599E+03  1.25889E+01  1.07937E-02  5.51721E+03  1.00000E-35  5.52981E+03
   1.04677E+03  1.25060E+01  1.07973E-02  5.61936E+03  1.00000E-35  5.63188E+03
   1.04755E+03  1.23540E+01  1.08011E-02  5.70909E+03  1.00000E-35  5.72145E+03
   1.04834E+03  1.21425E+01  1.08050E-02  5.78834E+03  1.00000E-35  5.80049E+03
   1.04912E+03  1.19373E+01  1.08088E-02  5.85882E+03  1.00000E-35  5.87077E+03
   1.04991E+03  1.17333E+01  1.08126E-02  5.92190E+03  1.00000E-35  5.93365E+03
   1.05069E+03  1.15353E+01  1.08165E-02  5.97888E+03  1.00000E-35  5.99043E+03
   1.05227E+03  1.11450E+01  1.08242E-02  6.07816E+03  1.00000E-35  6.08932E+03
   1.05384E+03  1.07708E+01  1.08318E-02  6.16232E+03  1.00000E-35  6.17310E+03
   1.05542E+03  1.04074E+01  1.08395E-02  6.23471E+03  1.00000E-35  6.24513E+03
   1.05700E+03  1.00116E+01  1.08472E-02  6.29705E+03  1.00000E-35  6.30707E+03
   1.05700E+03  1.00116E+01  1.08472E-02  6.42986E+03  1.00000E-35  6.43989E+03
   1.05766E+03  9.70797E+00  1.08505E-02  6.49790E+03  1.00000E-35  6.50761E+03
   1.05832E+03  9.41369E+00  1.08537E-02  6.57764E+03  1.00000E-35  6.58707E+03
   1.05898E+03  9.12850E+00  1.08569E-02  6.66928E+03  1.00000E-35  6.67842E+03
   1.05964E+03  8.85212E+00  1.08601E-02  6.77317E+03  1.00000E-35  6.78204E+03
   1.06030E+03  8.58428E+00  1.08633E-02  6.88900E+03  1.00000E-35  6.89759E+03
   1.06096E+03  8.32469E+00  1.08665E-02  7.01600E+03  1.00000E-35  7.02433E+03
   1.06228E+03  7.82929E+00  1.08729E-02  7.29705E+03  1.00000E-35  7.30489E+03
   1.06361E+03  7.36051E+00  1.08794E-02  7.59793E+03  1.00000E-35  7.60530E+03
   1.06493E+03  6.92354E+00  1.08858E-02  7.89528E+03  1.00000E-35  7.90221E+03
   1.06560E+03  6.71197E+00  1.08891E-02  8.03570E+03  1.00000E-35  8.04242E+03
   1.06626E+03  6.50999E+00  1.08923E-02  8.16781E+03  1.00000E-35  8.17433E+03
   1.06692E+03  6.31932E+00  1.08955E-02  8.29020E+03  1.00000E-35  8.29653E+03
   1.06759E+03  6.13691E+00  1.08987E-02  8.40207E+03  1.00000E-35  8.40822E+03
   1.06826E+03  5.95988E+00  1.09019E-02  8.50314E+03  1.00000E-35  8.50911E+03
   1.06892E+03  5.79059E+00  1.09051E-02  8.59357E+03  1.00000E-35  8.59937E+03
   1.06959E+03  5.62376E+00  1.09084E-02  8.67386E+03  1.00000E-35  8.67950E+03
   1.07025E+03  5.46421E+00  1.09116E-02  8.74472E+03  1.00000E-35  8.75019E+03
   1.07159E+03  5.15435E+00  1.09181E-02  8.86166E+03  1.00000E-35  8.86683E+03
   1.07292E+03  4.86453E+00  1.09245E-02  8.95143E+03  1.00000E-35  8.95630E+03
   1.07426E+03  4.58935E+00  1.09310E-02  9.02054E+03  1.00000E-35  9.02514E+03
   1.07560E+03  4.33004E+00  1.09374E-02  9.07423E+03  1.00000E-35  9.07857E+03
   1.07829E+03  4.07542E+00  1.09504E-02  9.15007E+03  1.00000E-35  9.15416E+03
   1.08098E+03  3.94019E+00  1.09634E-02  9.19824E+03  1.00000E-35  9.20219E+03
   1.08367E+03  3.80976E+00  1.09763E-02  9.22716E+03  1.00000E-35  9.23098E+03
   1.08638E+03  3.68303E+00  1.09893E-02  9.23975E+03  1.00000E-35  9.24345E+03
   1.08909E+03  3.70640E+00  1.10024E-02  9.23726E+03  1.00000E-35  9.24098E+03
   1.09181E+03  3.73276E+00  1.10154E-02  9.22126E+03  1.00000E-35  9.22500E+03
   1.09453E+03  3.75924E+00  1.10284E-02  9.19350E+03  1.00000E-35  9.19727E+03
   1.10000E+03  3.83642E+00  1.10545E-02  9.11225E+03  1.00000E-35  9.11610E+03
   1.17260E+03  4.77962E+00  1.14122E-02  7.85305E+03  1.00000E-35  7.85784E+03
   1.21068E+03  5.11213E+00  1.16057E-02  7.29755E+03  1.00000E-35  7.30267E+03
   1.25000E+03  5.36569E+00  1.18081E-02  6.79013E+03  1.00000E-35  6.79551E+03
   1.30480E+03  5.45062E+00  1.21062E-02  6.15400E+03  1.00000E-35  6.15947E+03
   1.36200E+03  5.94067E+00  1.24183E-02  5.56999E+03  1.00000E-35  5.57595E+03
   1.36200E+03  5.94067E+00  1.24183E-02  6.31064E+03  1.00000E-35  6.31659E+03
   1.36317E+03  5.95360E+00  1.24250E-02  6.33212E+03  1.00000E-35  6.33809E+03
   1.36434E+03  5.96654E+00  1.24318E-02  6.34347E+03  1.00000E-35  6.34945E+03
   1.36669E+03  5.99260E+00  1.24453E-02  6.35265E+03  1.00000E-35  6.35866E+03
   1.36905E+03  6.01740E+00  1.24589E-02  6.35091E+03  1.00000E-35  6.35693E+03
   1.37140E+03  6.04103E+00  1.24725E-02  6.34043E+03  1.00000E-35  6.34649E+03
   1.37613E+03  6.08875E+00  1.24997E-02  6.30016E+03  1.00000E-35  6.30626E+03
   1.38087E+03  6.13547E+00  1.25269E-02  6.24689E+03  1.00000E-35  6.25303E+03
   1.39040E+03  6.20670E+00  1.25815E-02  6.13992E+03  1.00000E-35  6.14614E+03
   1.40000E+03  6.26359E+00  1.26364E-02  6.04712E+03  1.00000E-35  6.05339E+03
   1.41863E+03  6.34140E+00  1.27426E-02  5.87873E+03  1.00000E-35  5.88508E+03
   1.43750E+03  6.42196E+00  1.28496E-02  5.70838E+03  1.00000E-35  5.71481E+03
   1.47600E+03  6.68102E+00  1.30699E-02  5.38111E+03  1.00000E-35  5.38781E+03
   1.47600E+03  6.68102E+00  1.30699E-02  5.65494E+03  1.00000E-35  5.66163E+03
   1.47674E+03  6.68633E+00  1.30744E-02  5.65913E+03  1.00000E-35  5.66583E+03
   1.47749E+03  6.69172E+00  1.30789E-02  5.66100E+03  1.00000E-35  5.66771E+03
   1.47898E+03  6.70242E+00  1.30878E-02  5.66080E+03  1.00000E-35  5.66751E+03
   1.48196E+03  6.72383E+00  1.31057E-02  5.65203E+03  1.00000E-35  5.65876E+03
   1.48795E+03  6.76498E+00  1.31416E-02  5.61504E+03  1.00000E-35  5.62182E+03
   1.50000E+03  6.83956E+00  1.32138E-02  5.51239E+03  1.00000E-35  5.51925E+03
   1.57464E+03  7.05227E+00  1.36566E-02  4.95560E+03  1.00000E-35  4.96267E+03
   1.65300E+03  7.30738E+00  1.41340E-02  4.44590E+03  1.00000E-35  4.45322E+03
   1.65300E+03  7.30738E+00  1.41340E-02  4.66806E+03  1.00000E-35  4.67538E+03
   1.65447E+03  7.31566E+00  1.41431E-02  4.65385E+03  1.00000E-35  4.66118E+03
   1.65595E+03  7.32400E+00  1.41522E-02  4.64064E+03  1.00000E-35  4.64797E+03
   1.65890E+03  7.34062E+00  1.41703E-02  4.61678E+03  1.00000E-35  4.62414E+03
   1.66482E+03  7.36664E+00  1.42066E-02  4.57618E+03  1.00000E-35  4.58356E+03
   1.67673E+03  7.41491E+00  1.42797E-02  4.50707E+03  1.00000E-35  4.51450E+03
   1.70081E+03  7.48241E+00  1.44268E-02  4.36868E+03  1.00000E-35  4.37618E+03
   1.75000E+03  7.56747E+00  1.47294E-02  4.09939E+03  1.00000E-35  4.10697E+03
   1.87083E+03  7.68190E+00  1.54897E-02  3.52532E+03  1.00000E-35  3.53302E+03
   2.00000E+03  7.71272E+00  1.63167E-02  3.02535E+03  1.00000E-35  3.03307E+03
   2.20000E+03  7.64180E+00  1.76111E-02  2.42347E+03  1.00000E-35  2.43113E+03
   2.34521E+03  7.55723E+00  1.85614E-02  2.08441E+03  1.00000E-35  2.09199E+03
   2.50000E+03  7.42474E+00  1.95764E-02  1.79017E+03  1.00000E-35  1.79762E+03
   2.73861E+03  7.18549E+00  2.11421E-02  1.43765E+03  1.00000E-35  1.44486E+03
   3.00000E+03  6.91143E+00  2.28477E-02  1.15175E+03  1.00000E-35  1.15868E+03
   3.24037E+03  6.64552E+00  2.43994E-02  9.53195E+02  1.00000E-35  9.59865E+02
   3.50000E+03  6.35131E+00  2.60510E-02  7.87732E+02  1.00000E-35  7.94110E+02
   4.00000E+03  5.80182E+00  2.91455E-02  5.64305E+02  1.00000E-35  5.70136E+02
   4.50000E+03  5.27510E+00  3.21106E-02  4.19140E+02  1.00000E-35  4.24447E+02
   5.00000E+03  4.76131E+00  3.49258E-02  3.20488E+02  1.00000E-35  3.25284E+02
   5.50000E+03  4.23924E+00  3.75860E-02  2.50963E+02  1.00000E-35  2.55240E+02
   6.00000E+03  3.63380E+00  4.01044E-02  2.00469E+02  1.00000E-35  2.04143E+02
   6.46400E+03  2.70963E+00  4.23304E-02  1.65211E+02  1.00000E-35  1.67963E+02
   6.46400E+03  2.70963E+00  4.23304E-02  4.20262E+02  1.00000E-35  4.23014E+02
   6.46802E+03  2.71292E+00  4.23493E-02  4.51559E+02  1.00000E-35  4.54314E+02
   6.47205E+03  2.71621E+00  4.23683E-02  4.64828E+02  1.00000E-35  4.67587E+02
   6.47608E+03  2.71951E+00  4.23872E-02  4.68797E+02  1.00000E-35  4.71559E+02
   6.48011E+03  2.72282E+00  4.24062E-02  4.67293E+02  1.00000E-35  4.70058E+02
   6.48818E+03  2.73287E+00  4.24441E-02  4.60402E+02  1.00000E-35  4.63178E+02
   6.49222E+03  2.74376E+00  4.24630E-02  4.58025E+02  1.00000E-35  4.60811E+02
   6.49626E+03  2.75468E+00  4.24820E-02  4.56754E+02  1.00000E-35  4.59551E+02
   6.50031E+03  2.76566E+00  4.25010E-02  4.56325E+02  1.00000E-35  4.59134E+02
   6.50435E+03  2.77666E+00  4.25200E-02  4.56371E+02  1.00000E-35  4.59190E+02
   6.51246E+03  2.79884E+00  4.25580E-02  4.56608E+02  1.00000E-35  4.59449E+02
   6.52057E+03  2.82118E+00  4.25960E-02  4.55993E+02  1.00000E-35  4.58857E+02
   6.52869E+03  2.84369E+00  4.26341E-02  4.54509E+02  1.00000E-35  4.57396E+02
   6.59402E+03  3.01929E+00  4.29399E-02  4.44207E+02  1.00000E-35  4.47269E+02
   6.66001E+03  3.13703E+00  4.32479E-02  4.33643E+02  1.00000E-35  4.36823E+02
   6.72666E+03  3.18766E+00  4.35566E-02  4.22697E+02  1.00000E-35  4.25928E+02
   7.00000E+03  3.09847E+00  4.47879E-02  3.80450E+02  1.00000E-35  3.83593E+02
   7.01700E+03  3.11049E+00  4.48640E-02  3.77998E+02  1.00000E-35  3.81154E+02
   7.01700E+03  3.11049E+00  4.48640E-02  4.91512E+02  1.00000E-35  4.94668E+02
   7.02330E+03  3.11495E+00  4.48922E-02  5.12661E+02  1.00000E-35  5.15821E+02
   7.02961E+03  3.11942E+00  4.49204E-02  5.16256E+02  1.00000E-35  5.19420E+02
   7.03593E+03  3.12390E+00  4.49486E-02  5.13767E+02  1.00000E-35  5.16936E+02
   7.04224E+03  3.12837E+00  4.49769E-02  5.10762E+02  1.00000E-35  5.13935E+02
   7.04857E+03  3.13412E+00  4.50051E-02  5.08917E+02  1.00000E-35  5.12096E+02
   7.05490E+03  3.14351E+00  4.50334E-02  5.08073E+02  1.00000E-35  5.11262E+02
   7.06758E+03  3.16237E+00  4.50901E-02  5.06872E+02  1.00000E-35  5.10080E+02
   7.11853E+03  3.23807E+00  4.53173E-02  4.97966E+02  1.00000E-35  5.01250E+02
   7.16984E+03  3.30936E+00  4.55457E-02  4.89314E+02  1.00000E-35  4.92669E+02
   7.22152E+03  3.34972E+00  4.57752E-02  4.80225E+02  1.00000E-35  4.83621E+02
   7.43200E+03  3.46927E+00  4.66907E-02  4.45425E+02  1.00000E-35  4.48941E+02
   7.43200E+03  3.46927E+00  4.66907E-02  5.19560E+02  1.00000E-35  5.23076E+02
   7.43628E+03  3.47355E+00  4.67090E-02  5.14964E+02  1.00000E-35  5.18484E+02
   7.44056E+03  3.47782E+00  4.67274E-02  5.12387E+02  1.00000E-35  5.15911E+02
   7.44484E+03  3.48210E+00  4.67457E-02  5.11094E+02  1.00000E-35  5.14623E+02
   7.44912E+03  3.48681E+00  4.67640E-02  5.10513E+02  1.00000E-35  5.14046E+02
   7.46629E+03  3.50813E+00  4.68376E-02  5.09096E+02  1.00000E-35  5.12651E+02
   7.50073E+03  3.55115E+00  4.69848E-02  5.02903E+02  1.00000E-35  5.06502E+02
   7.57010E+03  3.62580E+00  4.72809E-02  4.91542E+02  1.00000E-35  4.95215E+02
   7.71077E+03  3.71179E+00  4.78785E-02  4.69267E+02  1.00000E-35  4.73026E+02
   8.00000E+03  3.77136E+00  4.90906E-02  4.27459E+02  1.00000E-35  4.31280E+02
   8.48528E+03  3.74891E+00  5.10463E-02  3.67687E+02  1.00000E-35  3.71487E+02
   9.00000E+03  3.65898E+00  5.30374E-02  3.15910E+02  1.00000E-35  3.19622E+02
   1.00000E+04  3.40813E+00  5.66843E-02  2.40219E+02  1.00000E-35  2.43683E+02
   1.10000E+04  3.13730E+00  6.00580E-02  1.87117E+02  1.00000E-35  1.90314E+02
   1.25000E+04  2.76300E+00  6.46562E-02  1.33455E+02  1.00000E-35  1.36283E+02
   1.40000E+04  2.44240E+00  6.87939E-02  9.86366E+01  1.00000E-35  1.01148E+02
   1.50000E+04  2.25489E+00  7.13273E-02  8.19591E+01  1.00000E-35  8.42853E+01
   1.75000E+04  1.87597E+00  7.69937E-02  5.40256E+01  1.00000E-35  5.59785E+01
   2.00000E+04  1.58278E+00  8.18090E-02  3.75436E+01  1.00000E-35  3.92082E+01
   2.20000E+04  1.39339E+00  8.51207E-02  2.89110E+01  1.00000E-35  3.03895E+01
   2.50000E+04  1.16017E+00  8.93346E-02  2.03275E+01  1.00000E-35  2.15770E+01
   3.00000E+04  8.72345E-01  9.48675E-02  1.22598E+01  1.00000E-35  1.32270E+01
   3.50000E+04  6.73875E-01  9.89678E-02  7.97311E+00  1.00000E-35  8.74596E+00
   4.00000E+04  5.26006E-01  1.02071E-01  5.48251E+00  1.00000E-35  6.11059E+00
   4.50000E+04  3.60102E-01  1.04394E-01  3.93507E+00  1.00000E-35  4.39957E+00
   4.51880E+04  3.57177E-01  1.04471E-01  3.88908E+00  1.00000E-35  4.35073E+00
   4.51880E+04  3.57177E-01  1.04471E-01  2.30322E+01  1.00000E-35  2.34939E+01
   4.52237E+04  3.56625E-01  1.04485E-01  2.18617E+01  1.00000E-35  2.23228E+01
   4.52595E+04  3.56074E-01  1.04500E-01  2.17257E+01  1.00000E-35  2.21863E+01
   4.52953E+04  3.55727E-01  1.04514E-01  2.17255E+01  1.00000E-35  2.21857E+01
   4.53311E+04  3.56508E-01  1.04529E-01  2.16747E+01  1.00000E-35  2.21358E+01
   4.54747E+04  3.59649E-01  1.04587E-01  2.15236E+01  1.00000E-35  2.19879E+01
   4.57632E+04  3.66606E-01  1.04703E-01  2.11862E+01  1.00000E-35  2.16575E+01
   4.63457E+04  3.83992E-01  1.04935E-01  2.05293E+01  1.00000E-35  2.10183E+01
   4.75331E+04  3.96631E-01  1.05363E-01  1.92295E+01  1.00000E-35  1.97315E+01
   5.00000E+04  3.88786E-01  1.06165E-01  1.68485E+01  1.00000E-35  1.73435E+01
   5.50000E+04  3.51640E-01  1.07480E-01  1.31194E+01  1.00000E-35  1.35785E+01
   6.00000E+04  3.13418E-01  1.08420E-01  1.04155E+01  1.00000E-35  1.08373E+01
   7.00000E+04  2.48433E-01  1.09443E-01  6.88646E+00  1.00000E-35  7.24434E+00
   8.00000E+04  1.99365E-01  1.09643E-01  4.79041E+00  1.00000E-35  5.09942E+00
   9.00000E+04  1.62827E-01  1.09294E-01  3.46743E+00  1.00000E-35  3.73955E+00
   1.00000E+05  1.35554E-01  1.08614E-01  2.59144E+00  1.00000E-35  2.83560E+00
   1.10000E+05  1.14479E-01  1.07694E-01  1.98851E+00  1.00000E-35  2.21068E+00
   1.25000E+05  9.08006E-02  1.06068E-01  1.39178E+00  1.00000E-35  1.58865E+00
   1.40000E+05  7.38196E-02  1.04314E-01  1.01330E+00  1.00000E-35  1.19143E+00
   1.50000E+05  6.50049E-02  1.03078E-01  8.35054E-01  1.00000E-35  1.00314E+00
   1.62019E+05  5.63970E-02  1.01590E-01  6.72218E-01  1.00000E-35  8.30205E-01
   1.75000E+05  4.89287E-02  9.99909E-02  5.42001E-01  1.00000E-35  6.90921E-01
   2.00000E+05  3.81893E-02  9.69990E-02  3.73090E-01  1.00000E-35  5.08279E-01
   2.20000E+05  3.19336E-02  9.46994E-02  2.86130E-01  1.00000E-35  4.12763E-01
   2.34521E+05  2.82998E-02  9.31079E-02  2.39624E-01  1.00000E-35  3.61032E-01
   2.50000E+05  2.50486E-02  9.14573E-02  2.00916E-01  1.00000E-35  3.17422E-01
   2.73861E+05  2.10470E-02  8.90481E-02  1.56297E-01  1.00000E-35  2.66392E-01
   2.86633E+05  1.92764E-02  8.78072E-02  1.38087E-01  1.00000E-35  2.45171E-01
   3.00000E+05  1.76526E-02  8.65725E-02  1.22158E-01  1.00000E-35  2.26383E-01
   3.24037E+05  1.52063E-02  8.44296E-02  9.92874E-02  1.00000E-35  1.98923E-01
   3.50000E+05  1.30985E-02  8.22602E-02  8.08781E-02  1.00000E-35  1.76237E-01
   3.74166E+05  1.15086E-02  8.03650E-02  6.78269E-02  1.00000E-35  1.59700E-01
   4.00000E+05  1.01092E-02  7.84648E-02  5.70277E-02  1.00000E-35  1.45602E-01
   4.24264E+05  9.00965E-03  7.67907E-02  4.90091E-02  1.00000E-35  1.34809E-01
   4.50000E+05  8.02971E-03  7.51051E-02  4.21986E-02  1.00000E-35  1.25333E-01
   4.74342E+05  7.24378E-03  7.35998E-02  3.69646E-02  1.00000E-35  1.17808E-01
   5.00000E+05  6.53479E-03  7.21074E-02  3.24353E-02  1.00000E-35  1.11077E-01
   5.24404E+05  5.95341E-03  7.07474E-02  2.88540E-02  1.00000E-35  1.05555E-01
   5.50000E+05  5.42374E-03  6.94032E-02  2.57053E-02  1.00000E-35  1.00532E-01
   5.74456E+05  4.98147E-03  6.81747E-02  2.31588E-02  1.00000E-35  9.63150E-02
   6.00000E+05  4.57195E-03  6.69568E-02  2.08883E-02  1.00000E-35  9.24170E-02
   6.23574E+05  4.23730E-03  6.58787E-02  1.90772E-02  1.00000E-35  8.91931E-02
   6.48074E+05  3.92712E-03  6.48124E-02  1.74405E-02  1.00000E-35  8.61800E-02
   6.73537E+05  3.63964E-03  6.37431E-02  1.59657E-02  1.00000E-35  8.33484E-02
   7.00000E+05  3.37321E-03  6.26910E-02  1.46331E-02  1.00000E-35  8.06973E-02
   7.48331E+05  2.95696E-03  6.08678E-02  1.26023E-02  1.00000E-35  7.64271E-02
   8.00000E+05  2.59206E-03  5.90668E-02  1.08852E-02  1.00000E-35  7.25440E-02
   8.48528E+05  2.30777E-03  5.74988E-02  9.58759E-03  1.00000E-35  6.93942E-02
   9.00000E+05  2.05466E-03  5.59522E-02  8.46562E-03  1.00000E-35  6.64725E-02
   9.48683E+05  1.85108E-03  5.45750E-02  7.58683E-03  1.00000E-35  6.40130E-02
   1.00000E+06  1.66744E-03  5.32200E-02  6.81170E-03  1.00000E-35  6.16991E-02
   1.04881E+06  1.51681E-03  5.20066E-02  6.18783E-03  2.05909E-12  5.97113E-02
   1.10000E+06  1.37978E-03  5.08058E-02  5.62909E-03  1.06346E-05  5.78253E-02
   1.17260E+06  1.21522E-03  4.92221E-02  4.96786E-03  8.61577E-05  5.54914E-02
   1.25000E+06  1.07029E-03  4.76600E-02  4.39611E-03  2.32570E-04  5.33590E-02
   1.32288E+06  9.56323E-04  4.62953E-02  3.95148E-03  4.27302E-04  5.16304E-02
   1.40000E+06  8.54496E-04  4.49562E-02  3.55849E-03  6.99920E-04  5.00691E-02
   1.50000E+06  7.45032E-04  4.33546E-02  3.13948E-03  1.11397E-03  4.83531E-02
   1.62019E+06  6.39202E-04  4.16007E-02  2.73662E-03  1.66157E-03  4.66381E-02
   1.75000E+06  5.48305E-04  3.98877E-02  2.39396E-03  2.30122E-03  4.51312E-02
   1.87083E+06  4.79863E-04  3.84370E-02  2.13628E-03  2.92400E-03  4.39772E-02
   2.00000E+06  4.19966E-04  3.70204E-02  1.91036E-03  3.61512E-03  4.29658E-02
   2.09762E+06  3.81843E-04  3.60333E-02  1.76601E-03  4.16073E-03  4.23419E-02
   2.20000E+06  3.47180E-04  3.50556E-02  1.63421E-03  4.69654E-03  4.17336E-02
   2.34521E+06  3.05577E-04  3.37766E-02  1.47482E-03  5.47815E-03  4.10352E-02
   2.50000E+06  2.68961E-04  3.25302E-02  1.33331E-03  6.30588E-03  4.04384E-02
   2.73861E+06  2.24196E-04  3.08037E-02  1.15731E-03  7.53174E-03  3.97169E-02
   3.00000E+06  1.86882E-04  2.91405E-02  1.00831E-03  8.82690E-03  3.91626E-02
   3.24037E+06  1.60222E-04  2.77843E-02  8.99157E-04  9.97756E-03  3.88212E-02
   3.50000E+06  1.37365E-04  2.64744E-02  8.03449E-04  1.11729E-02  3.85881E-02
   3.74166E+06  1.20219E-04  2.53768E-02  7.29880E-04  1.22360E-02  3.84629E-02
   4.00000E+06  1.05213E-04  2.43120E-02  6.64056E-04  1.33281E-02  3.84094E-02
   4.24264E+06  9.35393E-05  2.34010E-02  6.11569E-04  1.43221E-02  3.84281E-02
   4.50000E+06  8.31610E-05  2.25169E-02  5.63806E-04  1.53480E-02  3.85119E-02
   5.00000E+06  6.73799E-05  2.09975E-02  4.88620E-04  1.71966E-02  3.87501E-02
   5.50000E+06  5.56930E-05  1.96923E-02  4.30555E-04  1.88909E-02  3.90694E-02
   6.00000E+06  4.67990E-05  1.85574E-02  3.84242E-04  2.05328E-02  3.95212E-02
   6.48074E+06  4.01144E-05  1.75968E-02  3.47794E-04  2.20219E-02  4.00066E-02
   7.00000E+06  3.43847E-05  1.66770E-02  3.15253E-04  2.35090E-02  4.05356E-02
   8.00000E+06  2.63270E-05  1.51773E-02  2.66545E-04  2.61695E-02  4.16397E-02
   9.00000E+06  2.08024E-05  1.39492E-02  2.30461E-04  2.85904E-02  4.27909E-02
   1.00000E+07  1.68506E-05  1.29230E-02  2.02730E-04  3.08114E-02  4.39540E-02
   1.10000E+07  1.39266E-05  1.20514E-02  1.80796E-04  3.28656E-02  4.51117E-02
   1.25000E+07  1.07851E-05  1.09627E-02  1.55377E-04  3.56708E-02  4.67997E-02
   1.40000E+07  8.59823E-06  1.00700E-02  1.36099E-04  3.81923E-02  4.84070E-02
   1.50000E+07  7.49015E-06  9.55880E-03  1.25654E-04  3.97210E-02  4.94129E-02
   1.75000E+07  5.50305E-06  8.49922E-03  1.05338E-04  4.30826E-02  5.16926E-02
   2.00000E+07  4.21331E-06  7.66763E-03  9.06052E-05  4.60048E-02  5.37672E-02
   2.20000E+07  3.48209E-06  7.12011E-03  8.14570E-05  4.81130E-02  5.53180E-02
   2.50000E+07  2.69654E-06  6.44150E-03  7.07143E-05  5.08677E-02  5.73826E-02
   3.00000E+07  1.87260E-06  5.57611E-03  5.79353E-05  5.47760E-02  6.04119E-02
   3.50000E+07  1.37580E-06  4.92975E-03  4.90461E-05  5.80156E-02  6.29957E-02
   4.00000E+07  1.05335E-06  4.42705E-03  4.25107E-05  6.07315E-02  6.52021E-02
   4.50000E+07  8.32279E-07  4.02374E-03  3.75062E-05  6.30817E-02  6.71437E-02
   5.00000E+07  6.74147E-07  3.69251E-03  3.35523E-05  6.51354E-02  6.88621E-02
   5.50000E+07  5.57148E-07  3.41523E-03  3.03504E-05  6.69349E-02  7.03810E-02
   6.00000E+07  4.68159E-07  3.17939E-03  2.77050E-05  6.85843E-02  7.17918E-02
   7.00000E+07  3.43954E-07  2.79902E-03  2.35900E-05  7.13779E-02  7.42009E-02
   8.00000E+07  2.63340E-07  2.50498E-03  2.05377E-05  7.36943E-02  7.62201E-02
   9.00000E+07  2.08071E-07  2.27025E-03  1.81840E-05  7.56404E-02  7.79291E-02
   1.00000E+08  1.68538E-07  2.07829E-03  1.63138E-05  7.73064E-02  7.94011E-02
   1.10000E+08  1.39288E-07  1.91814E-03  1.47920E-05  7.87471E-02  8.06801E-02
   1.25000E+08  1.07864E-07  1.72184E-03  1.29761E-05  8.05756E-02  8.23105E-02
   1.40000E+08  8.59890E-08  1.56414E-03  1.15571E-05  8.21147E-02  8.36904E-02
   1.50000E+08  7.49056E-08  1.47505E-03  1.07717E-05  8.30130E-02  8.44989E-02
   1.75000E+08  5.50326E-08  1.29338E-03  9.20721E-06  8.49263E-02  8.62290E-02
   2.00000E+08  4.21345E-08  1.15370E-03  8.03948E-06  8.64703E-02  8.76321E-02
   2.20000E+08  3.48220E-08  1.06306E-03  7.29884E-06  8.74937E-02  8.85641E-02
   2.50000E+08  2.69661E-08  9.52264E-04  6.41266E-06  8.87702E-02  8.97289E-02
   3.00000E+08  1.87264E-08  8.13471E-04  5.33332E-06  9.04380E-02  9.12568E-02
   3.50000E+08  1.37582E-08  7.11666E-04  4.56496E-06  9.17191E-02  9.24354E-02
   4.00000E+08  1.05336E-08  6.33622E-04  3.99010E-06  9.27469E-02  9.33845E-02
   4.50000E+08  8.32286E-09  5.71760E-04  3.54381E-06  9.35875E-02  9.41628E-02
   5.00000E+08  6.74149E-09  5.21458E-04  3.18731E-06  9.42822E-02  9.48069E-02
   5.50000E+08  5.57148E-09  4.79704E-04  2.89598E-06  9.48466E-02  9.53292E-02
   6.00000E+08  4.68161E-09  4.44451E-04  2.65344E-06  9.53583E-02  9.58054E-02
   7.00000E+08  3.43954E-09  3.88125E-04  2.27276E-06  9.61710E-02  9.65614E-02
   8.00000E+08  2.63340E-09  3.45038E-04  1.98760E-06  9.68125E-02  9.71596E-02
   9.00000E+08  2.08071E-09  3.10954E-04  1.76602E-06  9.73315E-02  9.76442E-02
   9.48683E+08  1.87264E-09  2.96801E-04  1.67652E-06  9.75478E-02  9.78463E-02
   1.00000E+09  1.68538E-09  2.83285E-04  1.58888E-06  9.77589E-02  9.80438E-02
