 # Material data file: He                  
 # 
 # PENELOPE >>>  Photon mass attenuation coefficients (mac).
 # 
 #   Energy       mac_Ra       mac_Co       mac_ph       mac_pp       mac_tot
 #    (eV)       (cm**2/g)    (cm**2/g)    (cm**2/g)    (cm**2/g)    (cm**2/g)
 #------------------------------------------------------------------------------
   5.00000E+01  5.79933E-01  1.50456E-12  2.83183E+05  1.00000E-35  2.83184E+05
   5.24404E+01  5.73912E-01  1.50456E-12  2.52916E+05  1.00000E-35  2.52917E+05
   5.50000E+01  5.68256E-01  1.50456E-12  2.25622E+05  1.00000E-35  2.25622E+05
   6.00000E+01  5.58073E-01  1.50456E-12  1.82647E+05  1.00000E-35  1.82648E+05
   6.48074E+01  5.49205E-01  1.50456E-12  1.51033E+05  1.00000E-35  1.51034E+05
   7.00000E+01  5.40735E-01  1.50456E-12  1.24578E+05  1.00000E-35  1.24578E+05
   7.48331E+01  5.34024E-01  1.50456E-12  1.05238E+05  1.00000E-35  1.05239E+05
   8.00000E+01  5.27396E-01  1.50456E-12  8.87544E+04  1.00000E-35  8.87550E+04
   8.48528E+01  5.21619E-01  1.50457E-12  7.62714E+04  1.00000E-35  7.62720E+04
   9.00000E+01  5.15904E-01  1.50456E-12  6.54646E+04  1.00000E-35  6.54652E+04
   1.00000E+02  5.05838E-01  1.50460E-12  4.96606E+04  1.00000E-35  4.96611E+04
   1.10000E+02  4.97642E-01  1.50508E-12  3.85535E+04  1.00000E-35  3.85540E+04
   1.25000E+02  4.87012E-01  1.50456E-12  2.73348E+04  1.00000E-35  2.73353E+04
   1.40000E+02  4.77779E-01  1.50456E-12  2.00715E+04  1.00000E-35  2.00720E+04
   1.50000E+02  4.72731E-01  1.50456E-12  1.65993E+04  1.00000E-35  1.65998E+04
   1.75000E+02  4.62117E-01  1.50456E-12  1.08055E+04  1.00000E-35  1.08059E+04
   2.00000E+02  4.53176E-01  1.51963E-12  7.41195E+03  1.00000E-35  7.41240E+03
   2.20000E+02  4.47709E-01  1.62110E-12  5.64618E+03  1.00000E-35  5.64663E+03
   2.50000E+02  4.40480E-01  1.50456E-12  3.90496E+03  1.00000E-35  3.90540E+03
   3.00000E+02  4.31578E-01  1.66447E-12  2.29204E+03  1.00000E-35  2.29247E+03
   3.24037E+02  4.28141E-01  5.49763E-12  1.82522E+03  1.00000E-35  1.82565E+03
   3.50000E+02  4.24731E-01  4.13156E-11  1.45148E+03  1.00000E-35  1.45190E+03
   4.00000E+02  4.19071E-01  2.96875E-09  9.72596E+02  1.00000E-35  9.73015E+02
   4.50000E+02  4.14842E-01  6.67451E-08  6.81130E+02  1.00000E-35  6.81545E+02
   5.00000E+02  4.11098E-01  6.07690E-07  4.93883E+02  1.00000E-35  4.94294E+02
   5.50000E+02  4.07739E-01  3.30943E-06  3.68611E+02  1.00000E-35  3.69018E+02
   6.00000E+02  4.04741E-01  1.24487E-05  2.81745E+02  1.00000E-35  2.82150E+02
   7.00000E+02  3.99148E-01  8.56193E-05  1.74416E+02  1.00000E-35  1.74815E+02
   8.00000E+02  3.93749E-01  3.20295E-04  1.14696E+02  1.00000E-35  1.15090E+02
   9.00000E+02  3.89047E-01  8.31544E-04  7.90473E+01  1.00000E-35  7.94372E+01
   1.00000E+03  3.84192E-01  1.70501E-03  5.65727E+01  1.00000E-35  5.69586E+01
   1.10000E+03  3.78649E-01  2.98991E-03  4.17254E+01  1.00000E-35  4.21071E+01
   1.25000E+03  3.71341E-01  5.69346E-03  2.76842E+01  1.00000E-35  2.80612E+01
   1.40000E+03  3.64814E-01  9.17831E-03  1.92084E+01  1.00000E-35  1.95824E+01
   1.50000E+03  3.57016E-01  1.19149E-02  1.53654E+01  1.00000E-35  1.57344E+01
   1.62019E+03  3.49753E-01  1.55468E-02  1.19517E+01  1.00000E-35  1.23170E+01
   1.75000E+03  3.42637E-01  1.98137E-02  9.30894E+00  1.00000E-35  9.67139E+00
   2.00000E+03  3.26722E-01  2.86337E-02  6.01767E+00  1.00000E-35  6.37303E+00
   2.20000E+03  3.13982E-01  3.61022E-02  4.40221E+00  1.00000E-35  4.75230E+00
   2.50000E+03  2.94593E-01  4.74073E-02  2.89057E+00  1.00000E-35  3.23257E+00
   2.73861E+03  2.79120E-01  5.62625E-02  2.13542E+00  1.00000E-35  2.47080E+00
   3.00000E+03  2.62822E-01  6.56296E-02  1.58213E+00  1.00000E-35  1.91058E+00
   3.50000E+03  2.33154E-01  8.22020E-02  9.48368E-01  1.00000E-35  1.26372E+00
   4.00000E+03  2.06088E-01  9.67607E-02  6.07847E-01  1.00000E-35  9.10696E-01
   4.50000E+03  1.82403E-01  1.09217E-01  4.10115E-01  1.00000E-35  7.01735E-01
   5.00000E+03  1.61437E-01  1.19833E-01  2.88187E-01  1.00000E-35  5.69458E-01
   5.50000E+03  1.43377E-01  1.28854E-01  2.09320E-01  1.00000E-35  4.81552E-01
   6.00000E+03  1.27757E-01  1.36453E-01  1.56247E-01  1.00000E-35  4.20457E-01
   6.48074E+03  1.14886E-01  1.42600E-01  1.20403E-01  1.00000E-35  3.77889E-01
   7.00000E+03  1.02869E-01  1.48189E-01  9.29713E-02  1.00000E-35  3.44029E-01
   8.00000E+03  8.41386E-02  1.56594E-01  5.92358E-02  1.00000E-35  2.99968E-01
   9.00000E+03  6.99584E-02  1.62501E-01  3.97721E-02  1.00000E-35  2.72231E-01
   1.00000E+04  5.90188E-02  1.66865E-01  2.78340E-02  1.00000E-35  2.53718E-01
   1.10000E+04  5.03853E-02  1.70096E-01  2.01459E-02  1.00000E-35  2.40627E-01
   1.25000E+04  4.05570E-02  1.73428E-01  1.30504E-02  1.00000E-35  2.27036E-01
   1.40000E+04  3.33194E-02  1.75611E-01  8.87629E-03  1.00000E-35  2.17807E-01
   1.50000E+04  2.95148E-02  1.76607E-01  7.01825E-03  1.00000E-35  2.13140E-01
   1.62019E+04  2.57271E-02  1.77463E-01  5.39053E-03  1.00000E-35  2.08581E-01
   1.75000E+04  2.23920E-02  1.78062E-01  4.15041E-03  1.00000E-35  2.04605E-01
   2.00000E+04  1.75363E-02  1.78555E-01  2.63168E-03  1.00000E-35  1.98723E-01
   2.20000E+04  1.47043E-02  1.78503E-01  1.90062E-03  1.00000E-35  1.95108E-01
   2.50000E+04  1.15629E-02  1.77948E-01  1.22800E-03  1.00000E-35  1.90739E-01
   2.73861E+04  9.72766E-03  1.77277E-01  8.97303E-04  1.00000E-35  1.87902E-01
   2.86633E+04  8.91437E-03  1.76862E-01  7.68093E-04  1.00000E-35  1.86545E-01
   3.00000E+04  8.16912E-03  1.76380E-01  6.58337E-04  1.00000E-35  1.85207E-01
   3.50000E+04  6.07132E-03  1.74376E-01  3.88526E-04  1.00000E-35  1.80836E-01
   3.74166E+04  5.33164E-03  1.73339E-01  3.09003E-04  1.00000E-35  1.78979E-01
   4.00000E+04  4.68208E-03  1.72208E-01  2.46040E-04  1.00000E-35  1.77136E-01
   4.50000E+04  3.72105E-03  1.69951E-01  1.64444E-04  1.00000E-35  1.73836E-01
   5.00000E+04  3.02355E-03  1.67706E-01  1.14693E-04  1.00000E-35  1.70844E-01
   5.50000E+04  2.50593E-03  1.65489E-01  8.28048E-05  1.00000E-35  1.68078E-01
   6.00000E+04  2.11116E-03  1.63311E-01  6.15147E-05  1.00000E-35  1.65484E-01
   6.48074E+04  1.81329E-03  1.61261E-01  4.72263E-05  1.00000E-35  1.63122E-01
   7.00000E+04  1.55574E-03  1.59109E-01  3.63569E-05  1.00000E-35  1.60701E-01
   8.00000E+04  1.19311E-03  1.55151E-01  2.30748E-05  1.00000E-35  1.56367E-01
   9.00000E+04  9.44086E-04  1.51437E-01  1.54661E-05  1.00000E-35  1.52396E-01
   1.00000E+05  7.65716E-04  1.47959E-01  1.08234E-05  1.00000E-35  1.48735E-01
   1.10000E+05  6.33575E-04  1.44673E-01  7.84412E-06  1.00000E-35  1.45315E-01
   1.17260E+05  5.57763E-04  1.42412E-01  6.32144E-06  1.00000E-35  1.42976E-01
   1.25000E+05  4.90913E-04  1.40102E-01  5.10224E-06  1.00000E-35  1.40598E-01
   1.40000E+05  3.91477E-04  1.35938E-01  3.49176E-06  1.00000E-35  1.36333E-01
   1.50000E+05  3.41082E-04  1.33336E-01  2.77490E-06  1.00000E-35  1.33679E-01
   1.62019E+05  2.92417E-04  1.30397E-01  2.14636E-06  1.00000E-35  1.30691E-01
   1.75000E+05  2.50699E-04  1.27426E-01  1.66666E-06  1.00000E-35  1.27678E-01
   1.87083E+05  2.19401E-04  1.24833E-01  1.33888E-06  1.00000E-35  1.25053E-01
   2.00000E+05  1.92012E-04  1.22229E-01  1.07696E-06  1.00000E-35  1.22422E-01
   2.20000E+05  1.58729E-04  1.18486E-01  7.91250E-07  1.00000E-35  1.18645E-01
   2.34521E+05  1.39706E-04  1.15979E-01  6.44438E-07  1.00000E-35  1.16119E-01
   2.50000E+05  1.22963E-04  1.13459E-01  5.26068E-07  1.00000E-35  1.13582E-01
   2.73861E+05  1.02495E-04  1.09878E-01  3.94188E-07  1.00000E-35  1.09981E-01
   2.86633E+05  9.35763E-05  1.08089E-01  3.42171E-07  1.00000E-35  1.08183E-01
   3.00000E+05  8.54338E-05  1.06322E-01  2.97668E-07  1.00000E-35  1.06407E-01
   3.24037E+05  7.32446E-05  1.03339E-01  2.35247E-07  1.00000E-35  1.03412E-01
   3.36768E+05  6.78166E-05  1.01851E-01  2.09373E-07  1.00000E-35  1.01919E-01
   3.50000E+05  6.27881E-05  1.00375E-01  1.86564E-07  1.00000E-35  1.00438E-01
   3.74166E+05  5.49419E-05  9.78190E-02  1.53041E-07  1.00000E-35  9.78740E-02
   3.86867E+05  5.13941E-05  9.65572E-02  1.38821E-07  1.00000E-35  9.66087E-02
   4.00000E+05  4.80752E-05  9.52850E-02  1.26053E-07  1.00000E-35  9.53332E-02
   4.24264E+05  4.27343E-05  9.30752E-02  1.06475E-07  1.00000E-35  9.31180E-02
   4.50000E+05  3.79867E-05  9.08786E-02  9.02009E-08  1.00000E-35  9.09167E-02
   4.74342E+05  3.41885E-05  8.89324E-02  7.79389E-08  1.00000E-35  8.89667E-02
   5.00000E+05  3.07701E-05  8.70128E-02  6.75232E-08  1.00000E-35  8.70436E-02
   5.24404E+05  2.79732E-05  8.52796E-02  5.94223E-08  1.00000E-35  8.53077E-02
   5.50000E+05  2.54305E-05  8.35719E-02  5.24105E-08  1.00000E-35  8.35974E-02
   5.74456E+05  2.33117E-05  8.20212E-02  4.68200E-08  1.00000E-35  8.20446E-02
   6.00000E+05  2.13693E-05  8.04888E-02  4.19009E-08  1.00000E-35  8.05102E-02
   6.23574E+05  1.97843E-05  7.91387E-02  3.80215E-08  1.00000E-35  7.91585E-02
   6.48074E+05  1.83169E-05  7.78060E-02  3.45549E-08  1.00000E-35  7.78243E-02
   6.73537E+05  1.69584E-05  7.64758E-02  3.14669E-08  1.00000E-35  7.64928E-02
   7.00000E+05  1.57006E-05  7.51679E-02  2.87071E-08  1.00000E-35  7.51836E-02
   7.48331E+05  1.37383E-05  7.29134E-02  2.45515E-08  1.00000E-35  7.29272E-02
   7.73735E+05  1.28511E-05  7.18013E-02  2.27429E-08  1.00000E-35  7.18142E-02
   8.00000E+05  1.20212E-05  7.06956E-02  2.10928E-08  1.00000E-35  7.07076E-02
   8.48528E+05  1.06857E-05  6.87715E-02  1.85149E-08  1.00000E-35  6.87822E-02
   9.00000E+05  9.49854E-06  6.68790E-02  1.63132E-08  1.00000E-35  6.68885E-02
   9.48683E+05  8.54882E-06  6.51998E-02  1.46059E-08  1.00000E-35  6.52084E-02
   1.00000E+06  7.69405E-06  6.35505E-02  1.31134E-08  1.00000E-35  6.35582E-02
   1.04881E+06  6.99467E-06  6.20771E-02  1.19211E-08  6.81713E-13  6.20841E-02
   1.10000E+06  6.35888E-06  6.06207E-02  1.08603E-08  1.75190E-07  6.06272E-02
   1.17260E+06  5.59582E-06  5.87025E-02  9.61277E-09  1.54751E-06  5.87097E-02
   1.25000E+06  4.92430E-06  5.68154E-02  8.54119E-09  4.53036E-06  5.68249E-02
   1.32288E+06  4.39671E-06  5.51688E-02  7.71167E-09  8.88603E-06  5.51821E-02
   1.40000E+06  3.92566E-06  5.35551E-02  6.98086E-09  1.54756E-05  5.35745E-02
   1.50000E+06  3.41968E-06  5.16287E-02  6.20346E-09  2.63570E-05  5.16585E-02
   1.55893E+06  3.16603E-06  5.05646E-02  5.81508E-09  3.32726E-05  5.06010E-02
   1.62019E+06  2.93114E-06  4.95222E-02  5.45682E-09  4.20050E-05  4.95671E-02
   1.68384E+06  2.71374E-06  4.84855E-02  5.12670E-09  5.10243E-05  4.85393E-02
   1.75000E+06  2.51243E-06  4.74682E-02  4.82162E-09  6.16402E-05  4.75323E-02
   1.87083E+06  2.19839E-06  4.57314E-02  4.34292E-09  8.18410E-05  4.58155E-02
   2.00000E+06  1.92361E-06  4.40368E-02  3.92173E-09  1.05244E-04  4.41439E-02
   2.09762E+06  1.74874E-06  4.28565E-02  3.65153E-09  1.24334E-04  4.29826E-02
   2.20000E+06  1.58976E-06  4.16886E-02  3.40387E-09  1.43769E-04  4.18340E-02
   2.34521E+06  1.39899E-06  4.01612E-02  3.10288E-09  1.73191E-04  4.03358E-02
   2.50000E+06  1.23112E-06  3.86735E-02  2.83391E-09  2.05870E-04  3.88806E-02
   2.73861E+06  1.02594E-06  3.66129E-02  2.49644E-09  2.57433E-04  3.68713E-02
   3.00000E+06  8.54946E-07  3.46297E-02  2.20723E-09  3.15661E-04  3.49463E-02
   3.24037E+06  7.32813E-07  3.30146E-02  1.99286E-09  3.70349E-04  3.33857E-02
   3.50000E+06  6.28125E-07  3.14545E-02  1.80269E-09  4.29802E-04  3.18849E-02
   3.74166E+06  5.49609E-07  3.01456E-02  1.65483E-09  4.84628E-04  3.06308E-02
   4.00000E+06  4.80909E-07  2.88772E-02  1.52106E-09  5.42557E-04  2.94203E-02
   4.50000E+06  3.79978E-07  2.67420E-02  1.31422E-09  6.53752E-04  2.73961E-02
   5.00000E+06  3.07781E-07  2.49333E-02  1.15611E-09  7.60590E-04  2.56942E-02
   5.50000E+06  2.54365E-07  2.33819E-02  1.03146E-09  8.62764E-04  2.42449E-02
   6.00000E+06  2.13737E-07  2.20338E-02  9.30749E-10  9.65422E-04  2.29994E-02
   6.48074E+06  1.83204E-07  2.08926E-02  8.50577E-10  1.06009E-03  2.19529E-02
   7.00000E+06  1.57032E-07  1.98001E-02  7.78157E-10  1.15532E-03  2.09556E-02
   8.00000E+06  1.20227E-07  1.80191E-02  6.68159E-10  1.32930E-03  1.93485E-02
   9.00000E+06  9.49945E-08  1.65606E-02  5.85187E-10  1.48984E-03  1.80505E-02
   1.00000E+07  7.69455E-08  1.53420E-02  5.20414E-10  1.63777E-03  1.69798E-02
   1.10000E+07  6.35916E-08  1.43069E-02  4.68468E-10  1.77495E-03  1.60819E-02
   1.25000E+07  4.92450E-08  1.30143E-02  4.07369E-10  1.96254E-03  1.49769E-02
   1.40000E+07  3.92580E-08  1.19543E-02  3.60305E-10  2.13319E-03  1.40876E-02
   1.50000E+07  3.41980E-08  1.13474E-02  3.34514E-10  2.23837E-03  1.35858E-02
   1.75000E+07  2.51251E-08  1.00894E-02  2.83693E-10  2.47705E-03  1.25665E-02
   2.00000E+07  1.92365E-08  9.10214E-03  2.46242E-10  2.68948E-03  1.17916E-02
   2.20000E+07  1.58979E-08  8.45214E-03  2.22705E-10  2.84301E-03  1.12952E-02
   2.50000E+07  1.23113E-08  7.64651E-03  1.94763E-10  3.04985E-03  1.06964E-02
   3.00000E+07  8.54951E-09  6.61916E-03  1.61061E-10  3.34776E-03  9.96692E-03
   3.50000E+07  6.28128E-09  5.85187E-03  1.37292E-10  3.60243E-03  9.45431E-03
   4.00000E+07  4.80909E-09  5.25510E-03  1.19630E-10  3.82387E-03  9.07898E-03
   4.50000E+07  3.79979E-09  4.77634E-03  1.05992E-10  4.01831E-03  8.79465E-03
   5.00000E+07  3.07782E-09  4.38315E-03  9.51428E-11  4.19111E-03  8.57427E-03
   5.50000E+07  2.54366E-09  4.05400E-03  8.63076E-11  4.34597E-03  8.39997E-03
   6.00000E+07  2.13738E-09  3.77405E-03  7.89732E-11  4.48975E-03  8.26381E-03
   7.00000E+07  1.57032E-09  3.32252E-03  6.74996E-11  4.73823E-03  8.06075E-03
   8.00000E+07  1.20228E-09  2.97349E-03  5.89361E-11  4.94976E-03  7.92325E-03
   9.00000E+07  9.49949E-10  2.69485E-03  5.23005E-11  5.13302E-03  7.82786E-03
   1.00000E+08  7.69458E-10  2.46698E-03  4.70075E-11  5.29399E-03  7.76096E-03
   1.10000E+08  6.35917E-10  2.27688E-03  4.26873E-11  5.43618E-03  7.71305E-03
   1.25000E+08  4.92451E-10  2.04387E-03  3.75154E-11  5.62069E-03  7.66456E-03
   1.40000E+08  3.92581E-10  1.85667E-03  3.34612E-11  5.77928E-03  7.63596E-03
   1.50000E+08  3.41981E-10  1.75092E-03  3.12123E-11  5.87317E-03  7.62409E-03
   1.75000E+08  2.51251E-10  1.53527E-03  2.67226E-11  6.07615E-03  7.61142E-03
   2.00000E+08  1.92365E-10  1.36947E-03  2.33619E-11  6.24379E-03  7.61325E-03
   2.20000E+08  1.58979E-10  1.26187E-03  2.12263E-11  6.35789E-03  7.61976E-03
   2.50000E+08  1.23113E-10  1.13035E-03  1.86667E-11  6.50360E-03  7.63395E-03
   3.00000E+08  8.54950E-11  9.65605E-04  1.55430E-11  6.69783E-03  7.66343E-03
   3.50000E+08  6.28126E-11  8.44761E-04  1.33148E-11  6.84854E-03  7.69330E-03
   4.00000E+08  4.80909E-11  7.52119E-04  1.16453E-11  6.97035E-03  7.72247E-03
   4.50000E+08  3.79978E-11  6.78687E-04  1.03479E-11  7.07073E-03  7.74941E-03
   5.00000E+08  3.07782E-11  6.18980E-04  9.31056E-12  7.15506E-03  7.77404E-03
   5.50000E+08  2.54366E-11  5.69417E-04  8.46226E-12  7.22536E-03  7.79478E-03
   6.00000E+08  2.13738E-11  5.27573E-04  7.75563E-12  7.28950E-03  7.81707E-03
   7.00000E+08  1.57032E-11  4.60711E-04  6.64574E-12  7.39270E-03  7.85341E-03
   8.00000E+08  1.20228E-11  4.09566E-04  5.81375E-12  7.47424E-03  7.88381E-03
   9.00000E+08  9.49949E-12  3.69108E-04  5.16689E-12  7.54022E-03  7.90933E-03
   9.48683E+08  8.54954E-12  3.52307E-04  4.90552E-12  7.56789E-03  7.92020E-03
   1.00000E+09  7.69458E-12  3.36264E-04  4.64956E-12  7.59501E-03  7.93127E-03
