 # Material data file: Kr                  
 # 
 # PENELOPE >>>  Photon mass attenuation coefficients (mac).
 # 
 #   Energy       mac_Ra       mac_Co       mac_ph       mac_pp       mac_tot
 #    (eV)       (cm**2/g)    (cm**2/g)    (cm**2/g)    (cm**2/g)    (cm**2/g)
 #------------------------------------------------------------------------------
   5.00000E+01  3.20001E-01  7.18633E-14  7.35262E+03  1.00000E-35  7.35294E+03
   5.12057E+01  3.11226E-01  7.18633E-14  6.84366E+03  1.00000E-35  6.84397E+03
   5.24404E+01  3.02693E-01  7.18633E-14  6.39074E+03  1.00000E-35  6.39104E+03
   5.37050E+01  2.94393E-01  7.18633E-14  5.98803E+03  1.00000E-35  5.98832E+03
   5.50000E+01  2.86321E-01  7.18633E-14  5.62997E+03  1.00000E-35  5.63026E+03
   5.62095E+01  2.79105E-01  7.18634E-14  5.33814E+03  1.00000E-35  5.33842E+03
   5.74456E+01  2.71665E-01  7.18636E-14  5.07609E+03  1.00000E-35  5.07636E+03
   5.87089E+01  2.64352E-01  7.18638E-14  4.84092E+03  1.00000E-35  4.84119E+03
   6.00000E+01  2.57235E-01  7.18633E-14  4.62980E+03  1.00000E-35  4.63006E+03
   6.11673E+01  2.50756E-01  7.18633E-14  4.46095E+03  1.00000E-35  4.46120E+03
   6.23574E+01  2.44324E-01  7.18633E-14  4.30742E+03  1.00000E-35  4.30766E+03
   6.35706E+01  2.37781E-01  7.18633E-14  4.16782E+03  1.00000E-35  4.16806E+03
   6.48074E+01  2.31329E-01  7.18633E-14  4.04076E+03  1.00000E-35  4.04099E+03
   6.60683E+01  2.24726E-01  7.18633E-14  3.92509E+03  1.00000E-35  3.92531E+03
   6.73537E+01  2.18142E-01  7.18633E-14  3.81960E+03  1.00000E-35  3.81982E+03
   6.86641E+01  2.11427E-01  7.18633E-14  3.72334E+03  1.00000E-35  3.72355E+03
   7.00000E+01  2.04614E-01  7.18636E-14  3.63530E+03  1.00000E-35  3.63551E+03
   7.11782E+01  1.98703E-01  7.18677E-14  3.56506E+03  1.00000E-35  3.56526E+03
   7.23762E+01  1.92431E-01  7.18721E-14  3.49983E+03  1.00000E-35  3.50002E+03
   7.48331E+01  1.79863E-01  7.18808E-14  3.38255E+03  1.00000E-35  3.38273E+03
   7.73735E+01  1.66519E-01  7.18745E-14  3.28008E+03  1.00000E-35  3.28024E+03
   8.00000E+01  1.52080E-01  7.18633E-14  3.18951E+03  1.00000E-35  3.18967E+03
   8.23907E+01  1.38696E-01  7.18633E-14  3.11751E+03  1.00000E-35  3.11765E+03
   8.48528E+01  1.23865E-01  7.18633E-14  3.05143E+03  1.00000E-35  3.05155E+03
   9.00000E+01  8.22252E-02  7.18738E-14  2.93232E+03  1.00000E-35  2.93241E+03
   9.38000E+01  8.13719E-02  7.19409E-14  2.85561E+03  1.00000E-35  2.85569E+03
   9.38000E+01  8.13719E-02  7.19409E-14  5.27383E+03  1.00000E-35  5.27391E+03
   9.38746E+01  8.12395E-02  7.19423E-14  5.27437E+03  1.00000E-35  5.27445E+03
   9.39492E+01  8.11073E-02  7.19437E-14  5.27491E+03  1.00000E-35  5.27499E+03
   9.40986E+01  8.08437E-02  7.19464E-14  5.27600E+03  1.00000E-35  5.27608E+03
   9.43981E+01  8.03189E-02  7.19518E-14  5.27830E+03  1.00000E-35  5.27838E+03
   9.50000E+01  7.87621E-02  7.19627E-14  5.28360E+03  1.00000E-35  5.28367E+03
   9.50000E+01  7.87621E-02  7.19627E-14  6.86971E+03  1.00000E-35  6.86979E+03
   9.50762E+01  7.85288E-02  7.19641E-14  6.87209E+03  1.00000E-35  6.87217E+03
   9.51524E+01  7.82964E-02  7.19654E-14  6.87450E+03  1.00000E-35  6.87458E+03
   9.53050E+01  7.78336E-02  7.19682E-14  6.87941E+03  1.00000E-35  6.87948E+03
   9.56111E+01  7.68746E-02  7.19737E-14  6.88965E+03  1.00000E-35  6.88972E+03
   9.62261E+01  7.48525E-02  7.19847E-14  6.91240E+03  1.00000E-35  6.91248E+03
   9.74679E+01  7.05191E-02  7.20066E-14  6.97217E+03  1.00000E-35  6.97224E+03
   9.80949E+01  6.82076E-02  7.20176E-14  7.01229E+03  1.00000E-35  7.01236E+03
   9.87259E+01  6.59180E-02  7.19384E-14  7.06118E+03  1.00000E-35  7.06125E+03
   9.93609E+01  6.35717E-02  7.18633E-14  7.12028E+03  1.00000E-35  7.12035E+03
   1.00000E+02  6.11521E-02  7.18633E-14  7.19107E+03  1.00000E-35  7.19113E+03
   1.00597E+02  5.88308E-02  7.18633E-14  7.26847E+03  1.00000E-35  7.26852E+03
   1.01199E+02  5.65321E-02  7.18633E-14  7.35844E+03  1.00000E-35  7.35850E+03
   1.01803E+02  5.42595E-02  7.18633E-14  7.46199E+03  1.00000E-35  7.46205E+03
   1.02411E+02  5.19996E-02  7.18633E-14  7.58042E+03  1.00000E-35  7.58048E+03
   1.03023E+02  4.98245E-02  7.18633E-14  7.71488E+03  1.00000E-35  7.71493E+03
   1.03639E+02  4.77382E-02  7.18633E-14  7.86651E+03  1.00000E-35  7.86656E+03
   1.04258E+02  4.57526E-02  7.18633E-14  8.03668E+03  1.00000E-35  8.03673E+03
   1.04881E+02  4.38825E-02  7.18633E-14  8.22640E+03  1.00000E-35  8.22645E+03
   1.05508E+02  4.21701E-02  7.18633E-14  8.43703E+03  1.00000E-35  8.43708E+03
   1.06138E+02  4.06543E-02  7.18633E-14  8.66951E+03  1.00000E-35  8.66955E+03
   1.06772E+02  3.92949E-02  7.18633E-14  8.92506E+03  1.00000E-35  8.92510E+03
   1.07410E+02  3.82303E-02  7.18633E-14  9.20461E+03  1.00000E-35  9.20464E+03
   1.08052E+02  3.74585E-02  7.18633E-14  9.50916E+03  1.00000E-35  9.50920E+03
   1.08697E+02  3.68957E-02  7.18633E-14  9.83945E+03  1.00000E-35  9.83948E+03
   1.09347E+02  3.67740E-02  7.18633E-14  1.01962E+04  1.00000E-35  1.01962E+04
   1.10000E+02  3.69691E-02  7.18633E-14  1.05799E+04  1.00000E-35  1.05800E+04
   1.10882E+02  3.78145E-02  7.18633E-14  1.11376E+04  1.00000E-35  1.11376E+04
   1.11772E+02  3.94254E-02  7.18633E-14  1.17447E+04  1.00000E-35  1.17447E+04
   1.13572E+02  4.52942E-02  7.18633E-14  1.31046E+04  1.00000E-35  1.31046E+04
   1.15402E+02  5.49307E-02  7.18633E-14  1.46465E+04  1.00000E-35  1.46466E+04
   1.17260E+02  6.88137E-02  7.18633E-14  1.63441E+04  1.00000E-35  1.63442E+04
   1.18201E+02  7.73614E-02  7.18633E-14  1.72397E+04  1.00000E-35  1.72398E+04
   1.19149E+02  8.69590E-02  7.18633E-14  1.81591E+04  1.00000E-35  1.81592E+04
   1.20105E+02  9.75054E-02  7.18633E-14  1.90963E+04  1.00000E-35  1.90964E+04
   1.21068E+02  1.09149E-01  7.18633E-14  2.00450E+04  1.00000E-35  2.00451E+04
   1.22040E+02  1.21775E-01  7.18633E-14  2.09991E+04  1.00000E-35  2.09992E+04
   1.23018E+02  1.35326E-01  7.18633E-14  2.19525E+04  1.00000E-35  2.19526E+04
   1.24005E+02  1.49789E-01  7.19872E-14  2.28994E+04  1.00000E-35  2.28995E+04
   1.25000E+02  1.65052E-01  7.23169E-14  2.38346E+04  1.00000E-35  2.38348E+04
   1.25889E+02  1.79247E-01  7.26106E-14  2.46502E+04  1.00000E-35  2.46504E+04
   1.26783E+02  1.93766E-01  7.29466E-14  2.54501E+04  1.00000E-35  2.54503E+04
   1.27685E+02  2.08832E-01  7.34905E-14  2.62320E+04  1.00000E-35  2.62322E+04
   1.28592E+02  2.24389E-01  7.40376E-14  2.69940E+04  1.00000E-35  2.69942E+04
   1.29506E+02  2.40452E-01  7.45892E-14  2.77345E+04  1.00000E-35  2.77348E+04
   1.30427E+02  2.56726E-01  7.51451E-14  2.84527E+04  1.00000E-35  2.84529E+04
   1.31354E+02  2.73254E-01  7.57048E-14  2.91476E+04  1.00000E-35  2.91479E+04
   1.32288E+02  2.90164E-01  7.62690E-14  2.98192E+04  1.00000E-35  2.98194E+04
   1.33228E+02  3.07421E-01  7.68370E-14  3.04671E+04  1.00000E-35  3.04675E+04
   1.34175E+02  3.24889E-01  7.74094E-14  3.10920E+04  1.00000E-35  3.10923E+04
   1.35129E+02  3.42401E-01  7.79862E-14  3.16941E+04  1.00000E-35  3.16945E+04
   1.36089E+02  3.60288E-01  7.85668E-14  3.22742E+04  1.00000E-35  3.22746E+04
   1.38031E+02  3.97224E-01  7.94350E-14  3.33714E+04  1.00000E-35  3.33718E+04
   1.40000E+02  4.34205E-01  7.81026E-14  3.43907E+04  1.00000E-35  3.43911E+04
   1.42436E+02  4.80972E-01  7.65101E-14  3.55377E+04  1.00000E-35  3.55382E+04
   1.44914E+02  5.29151E-01  7.49503E-14  3.65936E+04  1.00000E-35  3.65942E+04
   1.47435E+02  5.79390E-01  7.34223E-14  3.75693E+04  1.00000E-35  3.75698E+04
   1.50000E+02  6.31563E-01  7.18909E-14  3.84725E+04  1.00000E-35  3.84731E+04
   1.52918E+02  6.90399E-01  7.18633E-14  3.94019E+04  1.00000E-35  3.94026E+04
   1.55893E+02  7.52941E-01  7.18633E-14  4.02494E+04  1.00000E-35  4.02501E+04
   1.58926E+02  8.17195E-01  7.18633E-14  4.10133E+04  1.00000E-35  4.10141E+04
   1.62019E+02  8.83148E-01  7.18633E-14  4.16891E+04  1.00000E-35  4.16900E+04
   1.65171E+02  9.51244E-01  7.18633E-14  4.22704E+04  1.00000E-35  4.22714E+04
   1.68384E+02  1.01905E+00  9.19053E-14  4.27499E+04  1.00000E-35  4.27510E+04
   1.71660E+02  1.08872E+00  1.20791E-13  4.31211E+04  1.00000E-35  4.31222E+04
   1.75000E+02  1.15698E+00  1.58759E-13  4.33789E+04  1.00000E-35  4.33800E+04
   1.77946E+02  1.21622E+00  2.12833E-13  4.35081E+04  1.00000E-35  4.35093E+04
   1.80941E+02  1.27424E+00  4.06862E-13  4.35497E+04  1.00000E-35  4.35510E+04
   1.83986E+02  1.32969E+00  7.77709E-13  4.35052E+04  1.00000E-35  4.35066E+04
   1.87083E+02  1.38454E+00  1.48681E-12  4.33777E+04  1.00000E-35  4.33791E+04
   1.90232E+02  1.43478E+00  2.84238E-12  4.31716E+04  1.00000E-35  4.31730E+04
   1.93434E+02  1.48110E+00  5.43389E-12  4.28926E+04  1.00000E-35  4.28941E+04
   1.96689E+02  1.52280E+00  1.03874E-11  4.25474E+04  1.00000E-35  4.25489E+04
   2.00000E+02  1.57328E+00  1.98613E-11  4.21428E+04  1.00000E-35  4.21444E+04
   2.03507E+02  1.66404E+00  3.90062E-11  4.16665E+04  1.00000E-35  4.16682E+04
   2.07075E+02  1.76775E+00  7.65983E-11  4.11419E+04  1.00000E-35  4.11436E+04
   2.10706E+02  1.87791E+00  1.46805E-10  4.05763E+04  1.00000E-35  4.05782E+04
   2.14400E+02  1.98089E+00  2.39973E-10  3.99766E+04  1.00000E-35  3.99786E+04
   2.14400E+02  1.98089E+00  2.39973E-10  4.17472E+04  1.00000E-35  4.17492E+04
   2.14573E+02  1.98548E+00  2.45509E-10  4.17701E+04  1.00000E-35  4.17721E+04
   2.14746E+02  1.99008E+00  2.51168E-10  4.17934E+04  1.00000E-35  4.17954E+04
   2.15092E+02  1.99863E+00  2.62865E-10  4.18427E+04  1.00000E-35  4.18447E+04
   2.15786E+02  2.01569E+00  2.87933E-10  4.19438E+04  1.00000E-35  4.19458E+04
   2.17182E+02  2.04939E+00  3.45524E-10  4.21124E+04  1.00000E-35  4.21144E+04
   2.18586E+02  2.08144E+00  4.14580E-10  4.21799E+04  1.00000E-35  4.21820E+04
   2.20000E+02  2.11086E+00  4.97495E-10  4.21288E+04  1.00000E-35  4.21309E+04
   2.22200E+02  2.15379E+00  6.59141E-10  4.18741E+04  1.00000E-35  4.18763E+04
   2.22200E+02  2.15379E+00  6.59141E-10  4.26300E+04  1.00000E-35  4.26322E+04
   2.22405E+02  2.15768E+00  6.76554E-10  4.26242E+04  1.00000E-35  4.26263E+04
   2.22610E+02  2.16157E+00  6.94410E-10  4.26181E+04  1.00000E-35  4.26202E+04
   2.23020E+02  2.16910E+00  7.31497E-10  4.26049E+04  1.00000E-35  4.26071E+04
   2.23843E+02  2.18353E+00  8.11793E-10  4.25713E+04  1.00000E-35  4.25735E+04
   2.25498E+02  2.21211E+00  9.99778E-10  4.24585E+04  1.00000E-35  4.24607E+04
   2.27166E+02  2.24003E+00  1.23141E-09  4.22690E+04  1.00000E-35  4.22713E+04
   2.28846E+02  2.26829E+00  1.51283E-09  4.20148E+04  1.00000E-35  4.20171E+04
   2.35690E+02  2.37531E+00  2.91629E-09  4.07739E+04  1.00000E-35  4.07763E+04
   2.50000E+02  2.57348E+00  1.07496E-08  3.83189E+04  1.00000E-35  3.83215E+04
   2.60075E+02  2.69294E+00  2.40419E-08  3.66992E+04  1.00000E-35  3.67019E+04
   2.70555E+02  2.79223E+00  5.37669E-08  3.50332E+04  1.00000E-35  3.50360E+04
   2.75953E+02  2.89240E+00  7.77568E-08  3.41752E+04  1.00000E-35  3.41781E+04
   2.81458E+02  3.02192E+00  1.12221E-07  3.33014E+04  1.00000E-35  3.33044E+04
   2.87073E+02  3.11285E+00  1.61962E-07  3.24146E+04  1.00000E-35  3.24178E+04
   2.92800E+02  3.19283E+00  2.33750E-07  3.15194E+04  1.00000E-35  3.15226E+04
   2.92800E+02  3.19283E+00  2.33750E-07  3.26842E+04  1.00000E-35  3.26874E+04
   2.93022E+02  3.19562E+00  2.37064E-07  3.26556E+04  1.00000E-35  3.26588E+04
   2.93245E+02  3.19842E+00  2.40438E-07  3.26269E+04  1.00000E-35  3.26301E+04
   2.93690E+02  3.20402E+00  2.47306E-07  3.25689E+04  1.00000E-35  3.25721E+04
   2.94584E+02  3.21471E+00  2.61669E-07  3.24503E+04  1.00000E-35  3.24535E+04
   2.96378E+02  3.23607E+00  2.88518E-07  3.22057E+04  1.00000E-35  3.22089E+04
   3.00000E+02  3.27793E+00  3.49834E-07  3.16983E+04  1.00000E-35  3.17016E+04
   3.05837E+02  3.33716E+00  4.74926E-07  3.08702E+04  1.00000E-35  3.08736E+04
   3.11787E+02  3.39538E+00  6.44729E-07  3.00300E+04  1.00000E-35  3.00334E+04
   3.24037E+02  3.49667E+00  1.15902E-06  2.83401E+04  1.00000E-35  2.83436E+04
   3.36768E+02  3.58702E+00  1.94644E-06  2.66688E+04  1.00000E-35  2.66724E+04
   3.50000E+02  3.66627E+00  3.25306E-06  2.50450E+04  1.00000E-35  2.50487E+04
   3.61881E+02  3.73599E+00  4.82053E-06  2.36873E+04  1.00000E-35  2.36910E+04
   3.74166E+02  3.79543E+00  7.14342E-06  2.23765E+04  1.00000E-35  2.23803E+04
   3.86867E+02  3.85452E+00  1.03064E-05  2.11103E+04  1.00000E-35  2.11142E+04
   4.00000E+02  3.90707E+00  1.45574E-05  1.98878E+04  1.00000E-35  1.98917E+04
   4.11953E+02  3.94649E+00  1.97407E-05  1.88464E+04  1.00000E-35  1.88503E+04
   4.24264E+02  3.98273E+00  2.58864E-05  1.78413E+04  1.00000E-35  1.78453E+04
   4.50000E+02  4.03879E+00  4.41303E-05  1.59495E+04  1.00000E-35  1.59536E+04
   4.74342E+02  4.08149E+00  6.74013E-05  1.43987E+04  1.00000E-35  1.44028E+04
   5.00000E+02  4.11184E+00  1.01023E-04  1.29787E+04  1.00000E-35  1.29828E+04
   5.24404E+02  4.13731E+00  1.42175E-04  1.17973E+04  1.00000E-35  1.18014E+04
   5.50000E+02  4.15110E+00  1.95358E-04  1.07054E+04  1.00000E-35  1.07095E+04
   5.74456E+02  4.16133E+00  2.58459E-04  9.78231E+03  1.00000E-35  9.78648E+03
   6.00000E+02  4.16656E+00  3.34313E-04  8.92793E+03  1.00000E-35  8.93210E+03
   6.48074E+02  4.16342E+00  5.14082E-04  7.57726E+03  1.00000E-35  7.58143E+03
   7.00000E+02  4.14422E+00  7.60424E-04  6.41568E+03  1.00000E-35  6.41982E+03
   7.48331E+02  4.11254E+00  1.03984E-03  5.54087E+03  1.00000E-35  5.54498E+03
   8.00000E+02  4.06340E+00  1.38198E-03  4.77478E+03  1.00000E-35  4.77885E+03
   8.48528E+02  4.01499E+00  1.74598E-03  4.18207E+03  1.00000E-35  4.18608E+03
   9.00000E+02  3.95830E+00  2.17821E-03  3.65907E+03  1.00000E-35  3.66303E+03
   9.48683E+02  3.90157E+00  2.61934E-03  3.24328E+03  1.00000E-35  3.24718E+03
   1.00000E+03  3.83524E+00  3.10755E-03  2.87161E+03  1.00000E-35  2.87545E+03
   1.10000E+03  3.68746E+00  4.13346E-03  2.29914E+03  1.00000E-35  2.30283E+03
   1.17260E+03  3.55785E+00  4.92107E-03  1.97792E+03  1.00000E-35  1.98148E+03
   1.25000E+03  3.39435E+00  5.79664E-03  1.69952E+03  1.00000E-35  1.70292E+03
   1.40000E+03  3.00373E+00  7.54279E-03  1.29511E+03  1.00000E-35  1.29812E+03
   1.50000E+03  2.64261E+00  8.75073E-03  1.09581E+03  1.00000E-35  1.09847E+03
   1.67840E+03  1.30628E+00  1.09353E-02  8.32572E+02  1.00000E-35  8.33889E+02
   1.67840E+03  1.30628E+00  1.09353E-02  1.94542E+03  1.00000E-35  1.94673E+03
   1.68002E+03  1.32534E+00  1.09554E-02  2.66738E+03  1.00000E-35  2.66872E+03
   1.68163E+03  1.34453E+00  1.09755E-02  3.27482E+03  1.00000E-35  3.27618E+03
   1.68325E+03  1.36411E+00  1.09956E-02  3.64138E+03  1.00000E-35  3.64275E+03
   1.68487E+03  1.38395E+00  1.10158E-02  3.79021E+03  1.00000E-35  3.79161E+03
   1.68650E+03  1.40419E+00  1.10361E-02  3.80376E+03  1.00000E-35  3.80517E+03
   1.68812E+03  1.42457E+00  1.10563E-02  3.75143E+03  1.00000E-35  3.75286E+03
   1.68975E+03  1.44536E+00  1.10767E-02  3.67450E+03  1.00000E-35  3.67595E+03
   1.69137E+03  1.46783E+00  1.10969E-02  3.59383E+03  1.00000E-35  3.59531E+03
   1.69300E+03  1.49192E+00  1.11173E-02  3.51835E+03  1.00000E-35  3.51985E+03
   1.69463E+03  1.51638E+00  1.11377E-02  3.45184E+03  1.00000E-35  3.45336E+03
   1.69626E+03  1.54122E+00  1.11581E-02  3.39492E+03  1.00000E-35  3.39647E+03
   1.69790E+03  1.56660E+00  1.11787E-02  3.34716E+03  1.00000E-35  3.34874E+03
   1.69953E+03  1.59222E+00  1.11991E-02  3.30764E+03  1.00000E-35  3.30925E+03
   1.70117E+03  1.61839E+00  1.12197E-02  3.27533E+03  1.00000E-35  3.27696E+03
   1.70281E+03  1.64496E+00  1.12404E-02  3.24923E+03  1.00000E-35  3.25088E+03
   1.70445E+03  1.67194E+00  1.12610E-02  3.22838E+03  1.00000E-35  3.23006E+03
   1.70609E+03  1.69932E+00  1.12817E-02  3.21196E+03  1.00000E-35  3.21367E+03
   1.70773E+03  1.72416E+00  1.13023E-02  3.19924E+03  1.00000E-35  3.20098E+03
   1.71102E+03  1.77500E+00  1.13439E-02  3.18244E+03  1.00000E-35  3.18423E+03
   1.71432E+03  1.82741E+00  1.13856E-02  3.17378E+03  1.00000E-35  3.17562E+03
   1.71762E+03  1.88126E+00  1.14274E-02  3.17011E+03  1.00000E-35  3.17200E+03
   1.73090E+03  2.11730E+00  1.15963E-02  3.16641E+03  1.00000E-35  3.16854E+03
   1.73090E+03  2.11730E+00  1.15963E-02  3.70681E+03  1.00000E-35  3.70894E+03
   1.73209E+03  2.13992E+00  1.16115E-02  3.96729E+03  1.00000E-35  3.96944E+03
   1.73328E+03  2.16277E+00  1.16267E-02  4.21041E+03  1.00000E-35  4.21259E+03
   1.73447E+03  2.18584E+00  1.16420E-02  4.39833E+03  1.00000E-35  4.40053E+03
   1.73566E+03  2.20915E+00  1.16572E-02  4.51829E+03  1.00000E-35  4.52051E+03
   1.73685E+03  2.23268E+00  1.16724E-02  4.57867E+03  1.00000E-35  4.58091E+03
   1.73804E+03  2.25618E+00  1.16871E-02  4.59647E+03  1.00000E-35  4.59874E+03
   1.73923E+03  2.27879E+00  1.17014E-02  4.58784E+03  1.00000E-35  4.59013E+03
   1.74042E+03  2.30162E+00  1.17156E-02  4.56470E+03  1.00000E-35  4.56701E+03
   1.74521E+03  2.39568E+00  1.17732E-02  4.44017E+03  1.00000E-35  4.44257E+03
   1.74760E+03  2.44394E+00  1.18019E-02  4.38628E+03  1.00000E-35  4.38874E+03
   1.75000E+03  2.49331E+00  1.18308E-02  4.34193E+03  1.00000E-35  4.34443E+03
   1.75260E+03  2.54784E+00  1.18622E-02  4.30345E+03  1.00000E-35  4.30600E+03
   1.75521E+03  2.59635E+00  1.18937E-02  4.27313E+03  1.00000E-35  4.27573E+03
   1.75782E+03  2.63853E+00  1.19253E-02  4.24926E+03  1.00000E-35  4.25191E+03
   1.76043E+03  2.68134E+00  1.19568E-02  4.23027E+03  1.00000E-35  4.23297E+03
   1.76567E+03  2.76919E+00  1.20204E-02  4.20211E+03  1.00000E-35  4.20489E+03
   1.77093E+03  2.85529E+00  1.20843E-02  4.18114E+03  1.00000E-35  4.18401E+03
   1.78149E+03  2.98192E+00  1.22130E-02  4.14419E+03  1.00000E-35  4.14718E+03
   1.79211E+03  3.09296E+00  1.23431E-02  4.10146E+03  1.00000E-35  4.10456E+03
   1.80279E+03  3.18866E+00  1.24745E-02  4.05090E+03  1.00000E-35  4.05410E+03
   1.81354E+03  3.25862E+00  1.26074E-02  3.99670E+03  1.00000E-35  3.99998E+03
   1.83522E+03  3.37387E+00  1.28774E-02  3.89012E+03  1.00000E-35  3.89350E+03
   1.87938E+03  3.50221E+00  1.34349E-02  3.67640E+03  1.00000E-35  3.67992E+03
   1.92460E+03  3.81966E+00  1.39892E-02  3.46199E+03  1.00000E-35  3.46582E+03
   1.92460E+03  3.81966E+00  1.39892E-02  3.85978E+03  1.00000E-35  3.86361E+03
   1.92576E+03  3.82987E+00  1.40033E-02  3.86550E+03  1.00000E-35  3.86935E+03
   1.92691E+03  3.84002E+00  1.40173E-02  3.86947E+03  1.00000E-35  3.87332E+03
   1.92923E+03  3.86056E+00  1.40455E-02  3.87351E+03  1.00000E-35  3.87738E+03
   1.93387E+03  3.90188E+00  1.41021E-02  3.87242E+03  1.00000E-35  3.87634E+03
   1.94318E+03  3.98016E+00  1.42159E-02  3.85482E+03  1.00000E-35  3.85881E+03
   1.95254E+03  4.04234E+00  1.43306E-02  3.82503E+03  1.00000E-35  3.82909E+03
   1.96194E+03  4.10037E+00  1.44463E-02  3.78644E+03  1.00000E-35  3.79055E+03
   2.00000E+03  4.26718E+00  1.49182E-02  3.60823E+03  1.00000E-35  3.61251E+03
   2.09762E+03  4.51852E+00  1.61252E-02  3.21278E+03  1.00000E-35  3.21732E+03
   2.20000E+03  4.66276E+00  1.73811E-02  2.85541E+03  1.00000E-35  2.86009E+03
   2.50000E+03  4.78286E+00  2.09907E-02  2.07731E+03  1.00000E-35  2.08211E+03
   2.73861E+03  4.73703E+00  2.37713E-02  1.65106E+03  1.00000E-35  1.65582E+03
   3.00000E+03  4.62385E+00  2.67016E-02  1.30850E+03  1.00000E-35  1.31315E+03
   3.24037E+03  4.49113E+00  2.92779E-02  1.07271E+03  1.00000E-35  1.07723E+03
   3.50000E+03  4.33431E+00  3.19285E-02  8.77903E+02  1.00000E-35  8.82269E+02
   4.00000E+03  4.02779E+00  3.66587E-02  6.18056E+02  1.00000E-35  6.22121E+02
   4.50000E+03  3.73632E+00  4.09137E-02  4.51953E+02  1.00000E-35  4.55730E+02
   5.00000E+03  3.46654E+00  4.47732E-02  3.40745E+02  1.00000E-35  3.44257E+02
   5.50000E+03  3.21908E+00  4.83033E-02  2.63441E+02  1.00000E-35  2.66709E+02
   6.00000E+03  2.99873E+00  5.15532E-02  2.08008E+02  1.00000E-35  2.11058E+02
   7.00000E+03  2.61033E+00  5.73949E-02  1.36461E+02  1.00000E-35  1.39129E+02
   8.00000E+03  2.27733E+00  6.25709E-02  9.44398E+01  1.00000E-35  9.67797E+01
   9.00000E+03  1.99340E+00  6.71612E-02  6.81194E+01  1.00000E-35  7.01800E+01
   1.00000E+04  1.74737E+00  7.13155E-02  5.07811E+01  1.00000E-35  5.25998E+01
   1.10000E+04  1.52994E+00  7.50978E-02  3.88858E+01  1.00000E-35  4.04908E+01
   1.25000E+04  1.24158E+00  8.01654E-02  2.71394E+01  1.00000E-35  2.84612E+01
   1.40000E+04  8.80225E-01  8.46435E-02  1.97008E+01  1.00000E-35  2.06657E+01
   1.43270E+04  8.00850E-01  8.55648E-02  1.84541E+01  1.00000E-35  1.93405E+01
   1.43270E+04  8.00850E-01  8.55648E-02  1.08451E+02  1.00000E-35  1.09337E+02
   1.43373E+04  8.04064E-01  8.55936E-02  1.21954E+02  1.00000E-35  1.22844E+02
   1.43476E+04  8.07288E-01  8.56224E-02  1.28083E+02  1.00000E-35  1.28976E+02
   1.43579E+04  8.10522E-01  8.56512E-02  1.30906E+02  1.00000E-35  1.31802E+02
   1.43682E+04  8.13767E-01  8.56787E-02  1.31470E+02  1.00000E-35  1.32370E+02
   1.43785E+04  8.17023E-01  8.57061E-02  1.30894E+02  1.00000E-35  1.31797E+02
   1.43888E+04  8.20290E-01  8.57334E-02  1.30017E+02  1.00000E-35  1.30923E+02
   1.43991E+04  8.23567E-01  8.57608E-02  1.29290E+02  1.00000E-35  1.30199E+02
   1.44094E+04  8.26855E-01  8.57881E-02  1.28859E+02  1.00000E-35  1.29771E+02
   1.44198E+04  8.30186E-01  8.58157E-02  1.28694E+02  1.00000E-35  1.29610E+02
   1.44301E+04  8.33495E-01  8.58431E-02  1.28696E+02  1.00000E-35  1.29615E+02
   1.44508E+04  8.40179E-01  8.58980E-02  1.28767E+02  1.00000E-35  1.29694E+02
   1.44716E+04  8.47838E-01  8.59531E-02  1.28522E+02  1.00000E-35  1.29455E+02
   1.44924E+04  8.55744E-01  8.60081E-02  1.27958E+02  1.00000E-35  1.28900E+02
   1.46596E+04  9.12476E-01  8.64492E-02  1.24030E+02  1.00000E-35  1.25029E+02
   1.47440E+04  9.33298E-01  8.66707E-02  1.22037E+02  1.00000E-35  1.23057E+02
   1.48288E+04  9.46289E-01  8.68926E-02  1.20254E+02  1.00000E-35  1.21287E+02
   1.50000E+04  9.63687E-01  8.73385E-02  1.16785E+02  1.00000E-35  1.17836E+02
   1.62019E+04  9.64758E-01  9.03162E-02  9.56342E+01  1.00000E-35  9.66893E+01
   1.75000E+04  9.11191E-01  9.32442E-02  7.81139E+01  1.00000E-35  7.91184E+01
   2.00000E+04  7.92699E-01  9.81711E-02  5.47535E+01  1.00000E-35  5.56444E+01
   2.20000E+04  7.07167E-01  1.01519E-01  4.23595E+01  1.00000E-35  4.31682E+01
   2.50000E+04  5.98517E-01  1.05696E-01  2.99024E+01  1.00000E-35  3.06066E+01
   3.00000E+04  4.62304E-01  1.10951E-01  1.80580E+01  1.00000E-35  1.86313E+01
   3.24037E+04  4.12263E-01  1.12858E-01  1.45534E+01  1.00000E-35  1.50785E+01
   3.50000E+04  3.66449E-01  1.14563E-01  1.17134E+01  1.00000E-35  1.21944E+01
   4.00000E+04  2.96084E-01  1.17024E-01  8.01563E+00  1.00000E-35  8.42874E+00
   4.50000E+04  2.43178E-01  1.18608E-01  5.71854E+00  1.00000E-35  6.08033E+00
   5.00000E+04  2.03475E-01  1.19627E-01  4.21806E+00  1.00000E-35  4.54116E+00
   5.50000E+04  1.72945E-01  1.20223E-01  3.19746E+00  1.00000E-35  3.49062E+00
   6.00000E+04  1.48697E-01  1.20498E-01  2.47974E+00  1.00000E-35  2.74893E+00
   7.00000E+04  1.13297E-01  1.20357E-01  1.57615E+00  1.00000E-35  1.80980E+00
   8.00000E+04  8.94827E-02  1.19612E-01  1.06174E+00  1.00000E-35  1.27083E+00
   9.00000E+04  7.26151E-02  1.18503E-01  7.48104E-01  1.00000E-35  9.39222E-01
   1.00000E+05  6.01009E-02  1.17184E-01  5.46384E-01  1.00000E-35  7.23669E-01
   1.10000E+05  5.06028E-02  1.15708E-01  4.10941E-01  1.00000E-35  5.77251E-01
   1.25000E+05  4.00320E-02  1.13364E-01  2.80283E-01  1.00000E-35  4.33680E-01
   1.40000E+05  3.24193E-02  1.11003E-01  1.99625E-01  1.00000E-35  3.43047E-01
   1.50000E+05  2.84941E-02  1.09408E-01  1.62387E-01  1.00000E-35  3.00289E-01
   1.62019E+05  2.46517E-02  1.07526E-01  1.28859E-01  1.00000E-35  2.61038E-01
   1.75000E+05  2.12912E-02  1.05544E-01  1.02485E-01  1.00000E-35  2.29320E-01
   2.00000E+05  1.65129E-02  1.01915E-01  6.89278E-02  1.00000E-35  1.87356E-01
   2.20000E+05  1.37544E-02  9.91905E-02  5.20243E-02  1.00000E-35  1.64969E-01
   2.34521E+05  1.21590E-02  9.73288E-02  4.31145E-02  1.00000E-35  1.52602E-01
   2.50000E+05  1.07486E-02  9.54227E-02  3.57842E-02  1.00000E-35  1.41955E-01
   2.73861E+05  9.01544E-03  9.26736E-02  2.74403E-02  1.00000E-35  1.29129E-01
   2.86633E+05  8.25222E-03  9.12767E-02  2.40776E-02  1.00000E-35  1.23607E-01
   3.00000E+05  7.55307E-03  8.98914E-02  2.11603E-02  1.00000E-35  1.18605E-01
   3.24037E+05  6.49929E-03  8.75179E-02  1.70088E-02  1.00000E-35  1.11026E-01
   3.50000E+05  5.59223E-03  8.51386E-02  1.37074E-02  1.00000E-35  1.04438E-01
   3.74166E+05  4.90947E-03  8.30756E-02  1.13929E-02  1.00000E-35  9.93780E-02
   4.00000E+05  4.30971E-03  8.10195E-02  9.49810E-03  1.00000E-35  9.48273E-02
   4.24264E+05  3.83801E-03  7.92170E-02  8.10409E-03  1.00000E-35  9.11591E-02
   4.50000E+05  3.41780E-03  7.74134E-02  6.93023E-03  1.00000E-35  8.77614E-02
   4.74342E+05  3.08094E-03  7.58090E-02  6.03527E-03  1.00000E-35  8.49252E-02
   5.00000E+05  2.77729E-03  7.42225E-02  5.26662E-03  1.00000E-35  8.22664E-02
   5.24404E+05  2.52847E-03  7.27830E-02  4.66298E-03  1.00000E-35  7.99744E-02
   5.50000E+05  2.30194E-03  7.13624E-02  4.13569E-03  1.00000E-35  7.78000E-02
   5.74456E+05  2.11291E-03  7.00683E-02  3.71182E-03  1.00000E-35  7.58930E-02
   6.00000E+05  1.93855E-03  6.87874E-02  3.33596E-03  1.00000E-35  7.40619E-02
   6.23574E+05  1.79613E-03  6.76562E-02  3.03762E-03  1.00000E-35  7.24899E-02
   6.48074E+05  1.66393E-03  6.65384E-02  2.76931E-03  1.00000E-35  7.09716E-02
   6.73537E+05  1.54136E-03  6.54202E-02  2.52874E-03  1.00000E-35  6.94903E-02
   7.00000E+05  1.42782E-03  6.43204E-02  2.31239E-03  1.00000E-35  6.80606E-02
   7.48331E+05  1.25056E-03  6.24205E-02  1.98445E-03  1.00000E-35  6.56555E-02
   8.00000E+05  1.09530E-03  6.05472E-02  1.70914E-03  1.00000E-35  6.33517E-02
   8.48528E+05  9.74430E-04  5.89189E-02  1.50237E-03  1.00000E-35  6.13957E-02
   9.00000E+05  8.66900E-04  5.73146E-02  1.32461E-03  1.00000E-35  5.95061E-02
   9.48683E+05  7.80808E-04  5.58888E-02  1.18602E-03  1.00000E-35  5.78556E-02
   1.00000E+06  7.03265E-04  5.44873E-02  1.06431E-03  1.00000E-35  5.62549E-02
   1.04881E+06  6.39465E-04  5.32341E-02  9.66705E-04  4.89060E-12  5.48402E-02
   1.10000E+06  5.81455E-04  5.19940E-02  8.79578E-04  4.42391E-06  5.34595E-02
   1.17260E+06  5.11802E-04  5.03601E-02  7.76792E-04  3.63307E-05  5.16850E-02
   1.25000E+06  4.50491E-04  4.87535E-02  6.88223E-04  9.95179E-05  4.99918E-02
   1.32288E+06  4.02310E-04  4.73478E-02  6.19518E-04  1.85553E-04  4.85552E-02
   1.40000E+06  3.59282E-04  4.59691E-02  5.58909E-04  3.08882E-04  4.71962E-02
   1.50000E+06  3.13054E-04  4.43228E-02  4.94389E-04  5.02819E-04  4.56330E-02
   1.62019E+06  2.68407E-04  4.25205E-02  4.32429E-04  7.72978E-04  4.39943E-02
   1.75000E+06  2.30132E-04  4.07668E-02  3.79736E-04  1.10539E-03  4.24821E-02
   1.87083E+06  2.01415E-04  3.92835E-02  3.40066E-04  1.44177E-03  4.12668E-02
   2.00000E+06  1.76283E-04  3.78312E-02  3.05318E-04  1.82392E-03  4.01368E-02
   2.09762E+06  1.60286E-04  3.68172E-02  2.83204E-04  2.13034E-03  3.93910E-02
   2.20000E+06  1.45740E-04  3.58160E-02  2.63042E-04  2.43723E-03  3.86620E-02
   2.34521E+06  1.28282E-04  3.45060E-02  2.38570E-04  2.89322E-03  3.77661E-02
   2.50000E+06  1.12915E-04  3.32292E-02  2.16738E-04  3.38681E-03  3.69457E-02
   2.73861E+06  9.41278E-05  3.14604E-02  1.89473E-04  4.13517E-03  3.58791E-02
   3.00000E+06  7.84608E-05  2.97586E-02  1.66262E-04  4.94211E-03  3.49455E-02
   3.24037E+06  6.72553E-05  2.83719E-02  1.49151E-04  5.66838E-03  3.42566E-02
   3.50000E+06  5.76493E-05  2.70325E-02  1.34052E-04  6.42962E-03  3.36538E-02
   3.74166E+06  5.04446E-05  2.59100E-02  1.22380E-04  7.11159E-03  3.31944E-02
   4.00000E+06  4.41404E-05  2.48217E-02  1.11877E-04  7.81739E-03  3.27951E-02
   4.50000E+06  3.48781E-05  2.29873E-02  9.57578E-05  9.13663E-03  3.22545E-02
   5.00000E+06  2.82525E-05  2.14331E-02  8.35540E-05  1.03571E-02  3.19020E-02
   5.50000E+06  2.33502E-05  2.00999E-02  7.40156E-05  1.14840E-02  3.16812E-02
   6.00000E+06  1.96214E-05  1.89413E-02  6.63707E-05  1.25847E-02  3.16120E-02
   6.48074E+06  1.68189E-05  1.79605E-02  6.03278E-05  1.35892E-02  3.16269E-02
   7.00000E+06  1.44167E-05  1.70215E-02  5.49065E-05  1.45940E-02  3.16848E-02
   8.00000E+06  1.10384E-05  1.54905E-02  4.67445E-05  1.63922E-02  3.19405E-02
   9.00000E+06  8.72207E-06  1.42369E-02  4.06525E-05  1.80338E-02  3.23201E-02
   1.00000E+07  7.06496E-06  1.31894E-02  3.59398E-05  1.95241E-02  3.27565E-02
   1.10000E+07  5.83885E-06  1.22996E-02  3.21900E-05  2.08914E-02  3.32291E-02
   1.25000E+07  4.52162E-06  1.11885E-02  2.78163E-05  2.27255E-02  3.39463E-02
   1.40000E+07  3.60464E-06  1.02773E-02  2.44763E-05  2.43562E-02  3.46616E-02
   1.50000E+07  3.14004E-06  9.75555E-03  2.26576E-05  2.53511E-02  3.51325E-02
   1.75000E+07  2.30699E-06  8.67408E-03  1.90991E-05  2.75817E-02  3.62772E-02
   2.00000E+07  1.76630E-06  7.82535E-03  1.64996E-05  2.95289E-02  3.73725E-02
   2.20000E+07  1.45976E-06  7.26653E-03  1.48764E-05  3.09191E-02  3.82019E-02
   2.50000E+07  1.13045E-06  6.57393E-03  1.29607E-05  3.27728E-02  3.93608E-02
   3.00000E+07  7.85038E-07  5.69071E-03  1.06669E-05  3.53732E-02  4.10754E-02
   3.50000E+07  5.76761E-07  5.03106E-03  9.06074E-06  3.75309E-02  4.25716E-02
   4.00000E+07  4.41583E-07  4.51801E-03  7.87391E-06  3.93586E-02  4.38849E-02
   4.50000E+07  3.48906E-07  4.10641E-03  6.96141E-06  4.09362E-02  4.50499E-02
   5.00000E+07  2.82614E-07  3.76837E-03  6.23809E-06  4.23127E-02  4.60876E-02
   5.50000E+07  2.33565E-07  3.48539E-03  5.65073E-06  4.35199E-02  4.70111E-02
   6.00000E+07  1.96260E-07  3.24470E-03  5.16432E-06  4.46270E-02  4.78770E-02
   7.00000E+07  1.44191E-07  2.85651E-03  4.40561E-06  4.64982E-02  4.93593E-02
   8.00000E+07  1.10396E-07  2.55643E-03  3.84111E-06  4.80483E-02  5.06087E-02
   9.00000E+07  8.72269E-08  2.31687E-03  3.40477E-06  4.93514E-02  5.16717E-02
   1.00000E+08  7.06537E-08  2.12097E-03  3.05739E-06  5.04732E-02  5.25973E-02
   1.10000E+08  5.83916E-08  1.95753E-03  2.77431E-06  5.14491E-02  5.34095E-02
   1.25000E+08  4.52182E-08  1.75720E-03  2.43596E-06  5.26923E-02  5.44520E-02
   1.40000E+08  3.60479E-08  1.59626E-03  2.17114E-06  5.37382E-02  5.53366E-02
   1.50000E+08  3.14016E-08  1.50534E-03  2.02442E-06  5.43458E-02  5.58532E-02
   1.75000E+08  2.30705E-08  1.31994E-03  1.73181E-06  5.56309E-02  5.69526E-02
   2.00000E+08  1.76635E-08  1.17740E-03  1.51310E-06  5.66655E-02  5.78444E-02
   2.20000E+08  1.45979E-08  1.08489E-03  1.37425E-06  5.73574E-02  5.84437E-02
   2.50000E+08  1.13046E-08  9.71818E-04  1.20796E-06  5.82279E-02  5.92009E-02
   3.00000E+08  7.85038E-09  8.30175E-04  1.00524E-06  5.93677E-02  6.01989E-02
   3.50000E+08  5.76764E-09  7.26281E-04  8.60778E-07  6.02366E-02  6.09637E-02
   4.00000E+08  4.41585E-09  6.46632E-04  7.52617E-07  6.09261E-02  6.15735E-02
   4.50000E+08  3.48907E-09  5.83499E-04  6.68605E-07  6.14842E-02  6.20683E-02
   5.00000E+08  2.82614E-09  5.32165E-04  6.01464E-07  6.19501E-02  6.24828E-02
   5.50000E+08  2.33566E-09  4.89554E-04  5.46577E-07  6.23390E-02  6.28291E-02
   6.00000E+08  1.96260E-09  4.53579E-04  5.00869E-07  6.26922E-02  6.31463E-02
   7.00000E+08  1.44191E-09  3.96094E-04  4.29101E-07  6.32435E-02  6.36400E-02
   8.00000E+08  1.10396E-09  3.52122E-04  3.75322E-07  6.36732E-02  6.40257E-02
   9.00000E+08  8.72269E-10  3.17339E-04  3.33522E-07  6.40217E-02  6.43394E-02
   9.48683E+08  7.85043E-10  3.02895E-04  3.16636E-07  6.41680E-02  6.44712E-02
   1.00000E+09  7.06538E-10  2.89102E-04  3.00100E-07  6.43112E-02  6.46006E-02
