 # Material data file: H                   
 # 
 # PENELOPE >>>  Photon mass attenuation coefficients (mac).
 # 
 #   Energy       mac_Ra       mac_Co       mac_ph       mac_pp       mac_tot
 #    (eV)       (cm**2/g)    (cm**2/g)    (cm**2/g)    (cm**2/g)    (cm**2/g)
 #------------------------------------------------------------------------------
   5.00000E+01  4.96304E-01  5.97494E-12  9.46042E+04  1.00000E-35  9.46047E+04
   5.50000E+01  4.83380E-01  5.97494E-12  7.11962E+04  1.00000E-35  7.11967E+04
   6.00000E+01  4.73102E-01  5.97494E-12  5.48486E+04  1.00000E-35  5.48490E+04
   7.00000E+01  4.57389E-01  5.97494E-12  3.44467E+04  1.00000E-35  3.44471E+04
   8.00000E+01  4.45914E-01  5.97494E-12  2.29409E+04  1.00000E-35  2.29413E+04
   9.00000E+01  4.38008E-01  5.97496E-12  1.59922E+04  1.00000E-35  1.59927E+04
   1.00000E+02  4.31485E-01  5.97494E-12  1.15618E+04  1.00000E-35  1.15622E+04
   1.10000E+02  4.26710E-01  5.97494E-12  8.60618E+03  1.00000E-35  8.60661E+03
   1.25000E+02  4.20829E-01  5.97574E-12  5.78103E+03  1.00000E-35  5.78145E+03
   1.40000E+02  4.16613E-01  5.98554E-12  4.05569E+03  1.00000E-35  4.05611E+03
   1.50000E+02  4.14067E-01  5.97494E-12  3.26449E+03  1.00000E-35  3.26491E+03
   1.62019E+02  4.11853E-01  5.97494E-12  2.55779E+03  1.00000E-35  2.55820E+03
   1.75000E+02  4.09892E-01  5.98842E-12  2.00714E+03  1.00000E-35  2.00755E+03
   2.00000E+02  4.06515E-01  5.97494E-12  1.31296E+03  1.00000E-35  1.31337E+03
   2.20000E+02  4.04269E-01  5.97494E-12  9.69123E+02  1.00000E-35  9.69527E+02
   2.50000E+02  4.01635E-01  6.06138E-12  6.43250E+02  1.00000E-35  6.43652E+02
   2.73861E+02  3.99767E-01  1.31798E-11  4.78849E+02  1.00000E-35  4.79249E+02
   3.00000E+02  3.97908E-01  7.77252E-11  3.57589E+02  1.00000E-35  3.57987E+02
   3.50000E+02  3.94784E-01  1.01998E-08  2.17104E+02  1.00000E-35  2.17498E+02
   4.00000E+02  3.92097E-01  2.80662E-07  1.40596E+02  1.00000E-35  1.40988E+02
   4.50000E+02  3.89742E-01  3.02042E-06  9.56391E+01  1.00000E-35  9.60288E+01
   5.00000E+02  3.86287E-01  1.69529E-05  6.77295E+01  1.00000E-35  6.81158E+01
   5.50000E+02  3.82742E-01  6.40280E-05  4.95315E+01  1.00000E-35  4.99143E+01
   6.00000E+02  3.79534E-01  1.82780E-04  3.71620E+01  1.00000E-35  3.75417E+01
   6.48074E+02  3.76716E-01  4.13326E-04  2.87730E+01  1.00000E-35  2.91501E+01
   7.00000E+02  3.72777E-01  8.52052E-04  2.23311E+01  1.00000E-35  2.27047E+01
   8.00000E+02  3.64543E-01  2.47279E-03  1.43425E+01  1.00000E-35  1.47095E+01
   9.00000E+02  3.57431E-01  5.37994E-03  9.69338E+00  1.00000E-35  1.00562E+01
   1.00000E+03  3.47616E-01  9.68453E-03  6.82147E+00  1.00000E-35  7.17877E+00
   1.10000E+03  3.38624E-01  1.54018E-02  4.96097E+00  1.00000E-35  5.31500E+00
   1.25000E+03  3.23065E-01  2.63948E-02  3.23341E+00  1.00000E-35  3.58287E+00
   1.40000E+03  3.07971E-01  3.95352E-02  2.21008E+00  1.00000E-35  2.55759E+00
   1.50000E+03  2.97851E-01  4.93307E-02  1.75258E+00  1.00000E-35  2.09976E+00
   1.62019E+03  2.85344E-01  6.18002E-02  1.35041E+00  1.00000E-35  1.69756E+00
   1.75000E+03  2.72180E-01  7.58299E-02  1.04272E+00  1.00000E-35  1.39073E+00
   2.00000E+03  2.47298E-01  1.03121E-01  6.64109E-01  1.00000E-35  1.01453E+00
   2.20000E+03  2.28397E-01  1.24706E-01  4.81048E-01  1.00000E-35  8.34150E-01
   2.50000E+03  2.02162E-01  1.55001E-01  3.11909E-01  1.00000E-35  6.69072E-01
   2.73861E+03  1.83409E-01  1.76945E-01  2.28430E-01  1.00000E-35  5.88784E-01
   2.86633E+03  1.74243E-01  1.88071E-01  1.95734E-01  1.00000E-35  5.58048E-01
   3.00000E+03  1.64972E-01  1.98620E-01  1.67917E-01  1.00000E-35  5.31509E-01
   3.50000E+03  1.35420E-01  2.33483E-01  9.93620E-02  1.00000E-35  4.68265E-01
   4.00000E+03  1.12365E-01  2.60691E-01  6.30165E-02  1.00000E-35  4.36073E-01
   4.50000E+03  9.42843E-02  2.81514E-01  4.21488E-02  1.00000E-35  4.17947E-01
   5.00000E+03  8.00971E-02  2.97624E-01  2.93999E-02  1.00000E-35  4.07121E-01
   5.50000E+03  6.87559E-02  3.10246E-01  2.12169E-02  1.00000E-35  4.00219E-01
   6.00000E+03  5.96259E-02  3.20184E-01  1.57491E-02  1.00000E-35  3.95559E-01
   6.48074E+03  5.24898E-02  3.27810E-01  1.20774E-02  1.00000E-35  3.92377E-01
   7.00000E+03  4.60431E-02  3.34459E-01  9.28332E-03  1.00000E-35  3.89785E-01
   8.00000E+03  3.65719E-02  3.43996E-01  5.87002E-03  1.00000E-35  3.86438E-01
   9.00000E+03  2.97286E-02  3.50337E-01  3.91630E-03  1.00000E-35  3.83982E-01
   1.00000E+04  2.46105E-02  3.54795E-01  2.72606E-03  1.00000E-35  3.82131E-01
   1.10000E+04  2.06891E-02  3.57895E-01  1.96386E-03  1.00000E-35  3.80548E-01
   1.25000E+04  1.63444E-02  3.60748E-01  1.26466E-03  1.00000E-35  3.78357E-01
   1.40000E+04  1.32143E-02  3.62259E-01  8.55886E-04  1.00000E-35  3.76329E-01
   1.50000E+04  1.16069E-02  3.62736E-01  6.74768E-04  1.00000E-35  3.75017E-01
   1.62019E+04  1.00162E-02  3.62926E-01  5.16624E-04  1.00000E-35  3.73458E-01
   1.75000E+04  8.64343E-03  3.62771E-01  3.96596E-04  1.00000E-35  3.71811E-01
   2.00000E+04  6.68011E-03  3.61771E-01  2.50219E-04  1.00000E-35  3.68702E-01
   2.20000E+04  5.55049E-03  3.60506E-01  1.80101E-04  1.00000E-35  3.66236E-01
   2.50000E+04  4.32736E-03  3.58127E-01  1.15866E-04  1.00000E-35  3.62570E-01
   2.73861E+04  3.61648E-03  3.56033E-01  8.44127E-05  1.00000E-35  3.59734E-01
   2.86633E+04  3.30610E-03  3.54871E-01  7.21570E-05  1.00000E-35  3.58249E-01
   3.00000E+04  3.02236E-03  3.53607E-01  6.17647E-05  1.00000E-35  3.56691E-01
   3.50000E+04  2.23129E-03  3.48761E-01  3.62900E-05  1.00000E-35  3.51029E-01
   3.74166E+04  1.95419E-03  3.46393E-01  2.88091E-05  1.00000E-35  3.48376E-01
   4.00000E+04  1.71145E-03  3.43876E-01  2.28992E-05  1.00000E-35  3.45610E-01
   4.50000E+04  1.35439E-03  3.38998E-01  1.52598E-05  1.00000E-35  3.40368E-01
   5.00000E+04  1.09861E-03  3.34252E-01  1.06165E-05  1.00000E-35  3.35361E-01
   5.50000E+04  9.09102E-04  3.29634E-01  7.64828E-06  1.00000E-35  3.30551E-01
   6.00000E+04  7.64793E-04  3.25147E-01  5.67123E-06  1.00000E-35  3.25917E-01
   6.48074E+04  6.55792E-04  3.20953E-01  4.34689E-06  1.00000E-35  3.21613E-01
   7.00000E+04  5.62239E-04  3.16573E-01  3.34138E-06  1.00000E-35  3.17138E-01
   8.00000E+04  4.30637E-04  3.08565E-01  2.11538E-06  1.00000E-35  3.08997E-01
   9.00000E+04  3.40377E-04  3.01085E-01  1.41494E-06  1.00000E-35  3.01427E-01
   1.00000E+05  2.75792E-04  2.94105E-01  9.88476E-07  1.00000E-35  2.94382E-01
   1.10000E+05  2.27993E-04  2.87526E-01  7.15314E-07  1.00000E-35  2.87755E-01
   1.17260E+05  2.00674E-04  2.83005E-01  5.75905E-07  1.00000E-35  2.83207E-01
   1.25000E+05  1.76625E-04  2.78392E-01  4.64407E-07  1.00000E-35  2.78569E-01
   1.40000E+05  1.40853E-04  2.70086E-01  3.17329E-07  1.00000E-35  2.70227E-01
   1.50000E+05  1.22723E-04  2.64893E-01  2.51955E-07  1.00000E-35  2.65016E-01
   1.62019E+05  1.05215E-04  2.59031E-01  1.94695E-07  1.00000E-35  2.59136E-01
   1.75000E+05  9.02054E-05  2.53129E-01  1.51046E-07  1.00000E-35  2.53220E-01
   1.87083E+05  7.89398E-05  2.47999E-01  1.21249E-07  1.00000E-35  2.48078E-01
   2.00000E+05  6.90761E-05  2.42852E-01  9.74584E-08  1.00000E-35  2.42921E-01
   2.20000E+05  5.70895E-05  2.35410E-01  7.15332E-08  1.00000E-35  2.35467E-01
   2.34521E+05  5.02396E-05  2.30411E-01  5.82244E-08  1.00000E-35  2.30461E-01
   2.50000E+05  4.42119E-05  2.25387E-01  4.75018E-08  1.00000E-35  2.25431E-01
   2.73861E+05  3.68444E-05  2.18264E-01  3.55648E-08  1.00000E-35  2.18301E-01
   2.86633E+05  3.36346E-05  2.14702E-01  3.08600E-08  1.00000E-35  2.14736E-01
   3.00000E+05  3.07045E-05  2.11183E-01  2.68370E-08  1.00000E-35  2.11213E-01
   3.24037E+05  2.63188E-05  2.05223E-01  2.11970E-08  1.00000E-35  2.05249E-01
   3.36768E+05  2.43669E-05  2.02252E-01  1.88604E-08  1.00000E-35  2.02277E-01
   3.50000E+05  2.25596E-05  1.99309E-01  1.68013E-08  1.00000E-35  1.99332E-01
   3.74166E+05  1.97400E-05  1.94228E-01  1.37764E-08  1.00000E-35  1.94248E-01
   3.86867E+05  1.84654E-05  1.91723E-01  1.24938E-08  1.00000E-35  1.91742E-01
   4.00000E+05  1.72729E-05  1.89199E-01  1.13426E-08  1.00000E-35  1.89216E-01
   4.24264E+05  1.53541E-05  1.84813E-01  9.57777E-09  1.00000E-35  1.84828E-01
   4.50000E+05  1.36483E-05  1.80450E-01  8.11146E-09  1.00000E-35  1.80464E-01
   4.74342E+05  1.22837E-05  1.76585E-01  7.00699E-09  1.00000E-35  1.76598E-01
   5.00000E+05  1.10555E-05  1.72773E-01  6.06922E-09  1.00000E-35  1.72784E-01
   5.24404E+05  1.00506E-05  1.69332E-01  5.34013E-09  1.00000E-35  1.69342E-01
   5.50000E+05  9.13704E-06  1.65941E-01  4.70923E-09  1.00000E-35  1.65951E-01
   5.74456E+05  8.37573E-06  1.62862E-01  4.20633E-09  1.00000E-35  1.62871E-01
   6.00000E+05  7.67774E-06  1.59819E-01  3.76390E-09  1.00000E-35  1.59827E-01
   6.23574E+05  7.10820E-06  1.57139E-01  3.41507E-09  1.00000E-35  1.57146E-01
   6.48074E+05  6.58093E-06  1.54492E-01  3.10342E-09  1.00000E-35  1.54499E-01
   6.73537E+05  6.09277E-06  1.51851E-01  2.82588E-09  1.00000E-35  1.51857E-01
   7.00000E+05  5.64083E-06  1.49254E-01  2.57789E-09  1.00000E-35  1.49260E-01
   7.48331E+05  4.93574E-06  1.44778E-01  2.20453E-09  1.00000E-35  1.44783E-01
   7.73735E+05  4.61696E-06  1.42570E-01  2.04206E-09  1.00000E-35  1.42574E-01
   8.00000E+05  4.31878E-06  1.40374E-01  1.89386E-09  1.00000E-35  1.40379E-01
   8.48528E+05  3.83892E-06  1.36554E-01  1.66235E-09  1.00000E-35  1.36558E-01
   9.00000E+05  3.41238E-06  1.32796E-01  1.46467E-09  1.00000E-35  1.32799E-01
   9.48683E+05  3.07115E-06  1.29462E-01  1.31142E-09  1.00000E-35  1.29465E-01
   1.00000E+06  2.76404E-06  1.26186E-01  1.17745E-09  1.00000E-35  1.26189E-01
   1.04881E+06  2.51277E-06  1.23261E-01  1.07043E-09  7.78390E-13  1.23263E-01
   1.10000E+06  2.28435E-06  1.20369E-01  9.75224E-10  1.73454E-07  1.20371E-01
   1.17260E+06  2.01023E-06  1.16560E-01  8.63271E-10  1.53312E-06  1.16564E-01
   1.25000E+06  1.76900E-06  1.12813E-01  7.67122E-10  4.49056E-06  1.12819E-01
   1.32288E+06  1.57946E-06  1.09544E-01  6.92687E-10  8.81121E-06  1.09554E-01
   1.40000E+06  1.41024E-06  1.06339E-01  6.27112E-10  1.53503E-05  1.06356E-01
   1.50000E+06  1.22848E-06  1.02514E-01  5.57363E-10  2.61525E-05  1.02542E-01
   1.55893E+06  1.13735E-06  1.00402E-01  5.22516E-10  3.30216E-05  1.00436E-01
   1.62019E+06  1.05297E-06  9.83319E-02  4.90369E-10  4.16972E-05  9.83746E-02
   1.68384E+06  9.74876E-07  9.62735E-02  4.60745E-10  5.06585E-05  9.63251E-02
   1.75000E+06  9.02560E-07  9.42534E-02  4.33366E-10  6.12074E-05  9.43155E-02
   1.87083E+06  7.89736E-07  9.08047E-02  3.90405E-10  8.12617E-05  9.08867E-02
   2.00000E+06  6.91023E-07  8.74397E-02  3.52604E-10  1.04458E-04  8.75448E-02
   2.09762E+06  6.28205E-07  8.50962E-02  3.28352E-10  1.23352E-04  8.52202E-02
   2.20000E+06  5.71095E-07  8.27772E-02  3.06119E-10  1.42787E-04  8.29206E-02
   2.34521E+06  5.02562E-07  7.97446E-02  2.79098E-10  1.72544E-04  7.99176E-02
   2.50000E+06  4.42256E-07  7.67907E-02  2.54948E-10  2.06278E-04  7.69974E-02
   2.73861E+06  3.68547E-07  7.26990E-02  2.24642E-10  2.61266E-04  7.29606E-02
   3.00000E+06  3.07121E-07  6.87613E-02  1.98666E-10  3.25321E-04  6.90869E-02
   3.24037E+06  2.63247E-07  6.55543E-02  1.79408E-10  3.86914E-04  6.59414E-02
   3.50000E+06  2.25640E-07  6.24565E-02  1.62319E-10  4.55154E-04  6.29119E-02
   3.74166E+06  1.97435E-07  5.98575E-02  1.49031E-10  5.19129E-04  6.03768E-02
   4.00000E+06  1.72756E-07  5.73390E-02  1.37005E-10  5.87731E-04  5.79269E-02
   4.50000E+06  1.36499E-07  5.30992E-02  1.18407E-10  7.21996E-04  5.38213E-02
   5.00000E+06  1.10564E-07  4.95080E-02  1.04187E-10  8.53321E-04  5.03614E-02
   5.50000E+06  9.13751E-08  4.64276E-02  9.29724E-11  9.79929E-04  4.74076E-02
   6.00000E+06  7.67807E-08  4.37507E-02  8.39097E-11  1.10879E-03  4.48596E-02
   6.48074E+06  6.58120E-08  4.14848E-02  7.66937E-11  1.22869E-03  4.27136E-02
   7.00000E+06  5.64102E-08  3.93155E-02  7.01739E-11  1.34982E-03  4.06654E-02
   8.00000E+06  4.31891E-08  3.57789E-02  6.02686E-11  1.57343E-03  3.73524E-02
   9.00000E+06  3.41248E-08  3.28830E-02  5.27944E-11  1.78211E-03  3.46652E-02
   1.00000E+07  2.76410E-08  3.04632E-02  4.69581E-11  1.97544E-03  3.24387E-02
   1.10000E+07  2.28439E-08  2.84080E-02  4.22766E-11  2.15593E-03  3.05639E-02
   1.25000E+07  1.76902E-08  2.58414E-02  3.67690E-11  2.40375E-03  2.82451E-02
   1.40000E+07  1.41026E-08  2.37367E-02  3.25254E-11  2.63041E-03  2.63671E-02
   1.50000E+07  1.22849E-08  2.25316E-02  3.01996E-11  2.77105E-03  2.53026E-02
   1.75000E+07  9.02566E-09  2.00337E-02  2.56155E-11  3.09106E-03  2.31248E-02
   2.00000E+07  6.91026E-09  1.80733E-02  2.22366E-11  3.37583E-03  2.14491E-02
   2.20000E+07  5.71097E-09  1.67827E-02  2.01127E-11  3.58206E-03  2.03647E-02
   2.50000E+07  4.42258E-09  1.51830E-02  1.75910E-11  3.86133E-03  1.90444E-02
   3.00000E+07  3.07123E-09  1.31431E-02  1.45489E-11  4.26579E-03  1.74089E-02
   3.50000E+07  2.25641E-09  1.16195E-02  1.24028E-11  4.61168E-03  1.62312E-02
   4.00000E+07  1.72756E-09  1.04346E-02  1.08080E-11  4.91405E-03  1.53487E-02
   4.50000E+07  1.36499E-09  9.48399E-03  9.57633E-12  5.18149E-03  1.46655E-02
   5.00000E+07  1.10564E-09  8.70328E-03  8.59650E-12  5.42069E-03  1.41240E-02
   5.50000E+07  9.13754E-10  8.04969E-03  7.79849E-12  5.63614E-03  1.36858E-02
   6.00000E+07  7.67807E-10  7.49381E-03  7.13599E-12  5.83703E-03  1.33308E-02
   7.00000E+07  5.64102E-10  6.59727E-03  6.09952E-12  6.18891E-03  1.27862E-02
   8.00000E+07  4.31890E-10  5.90419E-03  5.97494E-12  6.49266E-03  1.23969E-02
   9.00000E+07  3.41246E-10  5.35092E-03  5.97494E-12  6.75861E-03  1.21095E-02
   1.00000E+08  2.76410E-10  4.89847E-03  5.97494E-12  6.99544E-03  1.18939E-02
   1.10000E+08  2.28438E-10  4.52100E-03  5.97494E-12  7.20796E-03  1.17290E-02
   1.25000E+08  1.76901E-10  4.05832E-03  5.97494E-12  7.48887E-03  1.15472E-02
   1.40000E+08  1.41025E-10  3.68663E-03  5.97494E-12  7.73458E-03  1.14212E-02
   1.50000E+08  1.22848E-10  3.47665E-03  5.97494E-12  7.88192E-03  1.13586E-02
   1.75000E+08  9.02560E-11  3.04845E-03  5.97494E-12  8.20533E-03  1.12538E-02
   2.00000E+08  6.91023E-11  2.71923E-03  5.97494E-12  8.47828E-03  1.11975E-02
   2.20000E+08  5.71095E-11  2.50559E-03  5.97494E-12  8.66771E-03  1.11733E-02
   2.50000E+08  4.42256E-11  2.24445E-03  5.97494E-12  8.91420E-03  1.11586E-02
   3.00000E+08  3.07121E-11  1.91732E-03  5.97494E-12  9.25093E-03  1.11682E-02
   3.50000E+08  2.25640E-11  1.67737E-03  5.97494E-12  9.51924E-03  1.11966E-02
   4.00000E+08  1.72756E-11  1.49342E-03  5.97494E-12  9.73992E-03  1.12333E-02
   4.50000E+08  1.36499E-11  1.34761E-03  5.97494E-12  9.92450E-03  1.12721E-02
   5.00000E+08  1.10564E-11  1.22906E-03  5.97494E-12  1.00817E-02  1.13108E-02
   5.50000E+08  9.13748E-12  1.13064E-03  5.97494E-12  1.02153E-02  1.13459E-02
   6.00000E+08  7.67804E-12  1.04755E-03  5.97494E-12  1.03377E-02  1.13852E-02
   7.00000E+08  5.64101E-12  9.14796E-04  5.97494E-12  1.05364E-02  1.14512E-02
   8.00000E+08  4.31890E-12  8.13240E-04  5.97494E-12  1.06963E-02  1.15095E-02
   9.00000E+08  3.41246E-12  7.32907E-04  5.97494E-12  1.08282E-02  1.15611E-02
   9.48683E+08  3.07122E-12  6.99546E-04  5.97494E-12  1.08843E-02  1.15839E-02
   1.00000E+09  2.76410E-12  6.67688E-04  5.97494E-12  1.09395E-02  1.16072E-02
