 # Material data file: Sr                  
 # 
 # PENELOPE >>>  Photon mass attenuation coefficients (mac).
 # 
 #   Energy       mac_Ra       mac_Co       mac_ph       mac_pp       mac_tot
 #    (eV)       (cm**2/g)    (cm**2/g)    (cm**2/g)    (cm**2/g)    (cm**2/g)
 #------------------------------------------------------------------------------
   5.00000E+01  5.89507E-01  4.71600E-03  8.96111E+03  1.00000E-35  8.96171E+03
   5.12057E+01  5.72061E-01  4.71981E-03  8.42399E+03  1.00000E-35  8.42456E+03
   5.24404E+01  5.55703E-01  4.72362E-03  7.94116E+03  1.00000E-35  7.94172E+03
   5.37050E+01  5.39999E-01  4.72743E-03  7.50733E+03  1.00000E-35  7.50788E+03
   5.50000E+01  5.25474E-01  4.73139E-03  7.11777E+03  1.00000E-35  7.11830E+03
   5.62095E+01  5.12626E-01  4.73516E-03  6.79723E+03  1.00000E-35  6.79775E+03
   5.74456E+01  5.00092E-01  4.73894E-03  6.50698E+03  1.00000E-35  6.50749E+03
   5.87089E+01  4.88282E-01  4.74272E-03  6.24422E+03  1.00000E-35  6.24472E+03
   6.00000E+01  4.77073E-01  4.74671E-03  6.00639E+03  1.00000E-35  6.00687E+03
   6.11673E+01  4.67360E-01  4.75035E-03  5.81463E+03  1.00000E-35  5.81510E+03
   6.23574E+01  4.57844E-01  4.75400E-03  5.63904E+03  1.00000E-35  5.63950E+03
   6.35706E+01  4.48522E-01  4.75765E-03  5.47821E+03  1.00000E-35  5.47866E+03
   6.48074E+01  4.39480E-01  4.76140E-03  5.33083E+03  1.00000E-35  5.33127E+03
   6.60683E+01  4.30935E-01  4.76535E-03  5.19566E+03  1.00000E-35  5.19610E+03
   6.73537E+01  4.22566E-01  4.76931E-03  5.07158E+03  1.00000E-35  5.07201E+03
   6.86641E+01  4.14359E-01  4.77328E-03  4.95751E+03  1.00000E-35  4.95793E+03
   7.00000E+01  4.06311E-01  4.77724E-03  4.85250E+03  1.00000E-35  4.85291E+03
   7.23762E+01  3.92738E-01  4.78468E-03  4.68927E+03  1.00000E-35  4.68967E+03
   7.48331E+01  3.79617E-01  4.79215E-03  4.54619E+03  1.00000E-35  4.54657E+03
   7.73735E+01  3.66712E-01  4.79989E-03  4.41956E+03  1.00000E-35  4.41993E+03
   8.00000E+01  3.53501E-01  4.80801E-03  4.30624E+03  1.00000E-35  4.30659E+03
   8.23907E+01  3.42243E-01  4.81518E-03  4.21520E+03  1.00000E-35  4.21554E+03
   8.48528E+01  3.31312E-01  4.82281E-03  4.13091E+03  1.00000E-35  4.13125E+03
   9.00000E+01  3.08422E-01  4.83839E-03  3.97765E+03  1.00000E-35  3.97796E+03
   1.00000E+02  2.64825E-01  4.86902E-03  3.73505E+03  1.00000E-35  3.73532E+03
   1.10000E+02  2.18616E-01  4.89957E-03  3.53193E+03  1.00000E-35  3.53215E+03
   1.17260E+02  1.83221E-01  4.92151E-03  3.39758E+03  1.00000E-35  3.39777E+03
   1.25000E+02  1.41444E-01  4.94510E-03  3.26161E+03  1.00000E-35  3.26176E+03
   1.30863E+02  1.06423E-01  4.96304E-03  3.16218E+03  1.00000E-35  3.16229E+03
   1.37000E+02  6.20658E-02  4.98143E-03  3.06099E+03  1.00000E-35  3.06106E+03
   1.37000E+02  6.20657E-02  4.98143E-03  4.77029E+03  1.00000E-35  4.77036E+03
   1.37124E+02  6.11008E-02  4.98180E-03  4.76902E+03  1.00000E-35  4.76909E+03
   1.37248E+02  6.01516E-02  4.98216E-03  4.76783E+03  1.00000E-35  4.76789E+03
   1.37497E+02  5.82925E-02  4.98289E-03  4.76592E+03  1.00000E-35  4.76598E+03
   1.37996E+02  5.47474E-02  4.98439E-03  4.76599E+03  1.00000E-35  4.76605E+03
   1.38497E+02  5.25291E-02  4.98596E-03  4.77321E+03  1.00000E-35  4.77327E+03
   1.39000E+02  5.04990E-02  4.98754E-03  4.78803E+03  1.00000E-35  4.78808E+03
   1.39000E+02  5.04990E-02  4.98754E-03  5.94764E+03  1.00000E-35  5.94770E+03
   1.39125E+02  5.00079E-02  4.98793E-03  5.95252E+03  1.00000E-35  5.95257E+03
   1.39249E+02  4.95259E-02  4.98831E-03  5.95802E+03  1.00000E-35  5.95807E+03
   1.39499E+02  4.91921E-02  4.98909E-03  5.97120E+03  1.00000E-35  5.97125E+03
   1.40000E+02  4.89868E-02  4.99065E-03  6.00824E+03  1.00000E-35  6.00829E+03
   1.40605E+02  4.87410E-02  4.99252E-03  6.07396E+03  1.00000E-35  6.07401E+03
   1.40908E+02  4.88185E-02  4.99346E-03  6.11636E+03  1.00000E-35  6.11642E+03
   1.41213E+02  4.88964E-02  4.99440E-03  6.16573E+03  1.00000E-35  6.16579E+03
   1.41517E+02  4.89741E-02  4.99533E-03  6.22248E+03  1.00000E-35  6.22253E+03
   1.41823E+02  4.90522E-02  4.99627E-03  6.28702E+03  1.00000E-35  6.28707E+03
   1.42129E+02  4.87167E-02  4.99721E-03  6.35976E+03  1.00000E-35  6.35981E+03
   1.42436E+02  4.82308E-02  4.99815E-03  6.44107E+03  1.00000E-35  6.44113E+03
   1.42743E+02  4.77509E-02  4.99908E-03  6.53132E+03  1.00000E-35  6.53137E+03
   1.43051E+02  4.72751E-02  5.00002E-03  6.63082E+03  1.00000E-35  6.63088E+03
   1.43360E+02  4.65102E-02  5.00096E-03  6.73987E+03  1.00000E-35  6.73992E+03
   1.43669E+02  4.54179E-02  5.00190E-03  6.85873E+03  1.00000E-35  6.85878E+03
   1.43979E+02  4.43502E-02  5.00284E-03  6.98759E+03  1.00000E-35  6.98764E+03
   1.44290E+02  4.33064E-02  5.00377E-03  7.12657E+03  1.00000E-35  7.12662E+03
   1.44914E+02  4.10053E-02  5.00565E-03  7.43537E+03  1.00000E-35  7.43542E+03
   1.45540E+02  3.86433E-02  5.00753E-03  7.78535E+03  1.00000E-35  7.78539E+03
   1.46169E+02  3.64247E-02  5.00941E-03  8.17567E+03  1.00000E-35  8.17571E+03
   1.46801E+02  3.43419E-02  5.01129E-03  8.60461E+03  1.00000E-35  8.60465E+03
   1.47435E+02  3.25369E-02  5.01317E-03  9.06978E+03  1.00000E-35  9.06981E+03
   1.48712E+02  2.99820E-02  5.01693E-03  1.00958E+04  1.00000E-35  1.00958E+04
   1.50000E+02  2.93436E-02  5.02071E-03  1.12245E+04  1.00000E-35  1.12245E+04
   1.50724E+02  3.03562E-02  5.02298E-03  1.18881E+04  1.00000E-35  1.18881E+04
   1.51452E+02  3.16160E-02  5.02525E-03  1.25690E+04  1.00000E-35  1.25691E+04
   1.52183E+02  3.44167E-02  5.02752E-03  1.32629E+04  1.00000E-35  1.32630E+04
   1.52918E+02  3.77330E-02  5.02979E-03  1.39660E+04  1.00000E-35  1.39661E+04
   1.53657E+02  4.24287E-02  5.03206E-03  1.46751E+04  1.00000E-35  1.46752E+04
   1.54399E+02  4.79020E-02  5.03434E-03  1.53876E+04  1.00000E-35  1.53876E+04
   1.55144E+02  5.45800E-02  5.03661E-03  1.61014E+04  1.00000E-35  1.61015E+04
   1.55893E+02  6.21954E-02  5.03888E-03  1.68148E+04  1.00000E-35  1.68148E+04
   1.56646E+02  7.08818E-02  5.04116E-03  1.75263E+04  1.00000E-35  1.75264E+04
   1.57403E+02  8.05140E-02  5.04344E-03  1.82349E+04  1.00000E-35  1.82350E+04
   1.58163E+02  9.11172E-02  5.04572E-03  1.89392E+04  1.00000E-35  1.89393E+04
   1.58926E+02  1.02559E-01  5.04799E-03  1.96382E+04  1.00000E-35  1.96383E+04
   1.59694E+02  1.15002E-01  5.05027E-03  2.03308E+04  1.00000E-35  2.03309E+04
   1.60465E+02  1.27949E-01  5.05255E-03  2.10158E+04  1.00000E-35  2.10160E+04
   1.61240E+02  1.41795E-01  5.05484E-03  2.16921E+04  1.00000E-35  2.16922E+04
   1.62019E+02  1.56297E-01  5.05712E-03  2.23584E+04  1.00000E-35  2.23585E+04
   1.62801E+02  1.71953E-01  5.05940E-03  2.30132E+04  1.00000E-35  2.30134E+04
   1.63587E+02  1.88016E-01  5.06178E-03  2.36555E+04  1.00000E-35  2.36557E+04
   1.64377E+02  2.05334E-01  5.06424E-03  2.42838E+04  1.00000E-35  2.42840E+04
   1.65171E+02  2.22094E-01  5.06671E-03  2.48970E+04  1.00000E-35  2.48972E+04
   1.65968E+02  2.39998E-01  5.06917E-03  2.54938E+04  1.00000E-35  2.54940E+04
   1.66770E+02  2.58101E-01  5.07163E-03  2.60732E+04  1.00000E-35  2.60734E+04
   1.67575E+02  2.77406E-01  5.07410E-03  2.66342E+04  1.00000E-35  2.66345E+04
   1.68384E+02  2.96806E-01  5.07656E-03  2.71762E+04  1.00000E-35  2.71765E+04
   1.69197E+02  3.17106E-01  5.07903E-03  2.76985E+04  1.00000E-35  2.76988E+04
   1.70014E+02  3.36683E-01  5.08150E-03  2.82006E+04  1.00000E-35  2.82010E+04
   1.71660E+02  3.77769E-01  5.08644E-03  2.91440E+04  1.00000E-35  2.91444E+04
   1.73322E+02  4.20320E-01  5.09139E-03  3.00068E+04  1.00000E-35  3.00072E+04
   1.75000E+02  4.63036E-01  5.09634E-03  3.07920E+04  1.00000E-35  3.07924E+04
   1.76467E+02  5.00126E-01  5.10063E-03  3.14134E+04  1.00000E-35  3.14139E+04
   1.77946E+02  5.36912E-01  5.10501E-03  3.19848E+04  1.00000E-35  3.19853E+04
   1.79437E+02  5.73640E-01  5.10964E-03  3.25108E+04  1.00000E-35  3.25113E+04
   1.80941E+02  6.10371E-01  5.11426E-03  3.29963E+04  1.00000E-35  3.29969E+04
   1.82457E+02  6.46557E-01  5.11889E-03  3.34459E+04  1.00000E-35  3.34466E+04
   1.83986E+02  6.82362E-01  5.12353E-03  3.38640E+04  1.00000E-35  3.38647E+04
   1.87083E+02  7.53391E-01  5.13281E-03  3.46200E+04  1.00000E-35  3.46208E+04
   1.90232E+02  8.23533E-01  5.14211E-03  3.52868E+04  1.00000E-35  3.52877E+04
   1.93434E+02  8.95193E-01  5.15148E-03  3.58763E+04  1.00000E-35  3.58772E+04
   1.96689E+02  9.67446E-01  5.16149E-03  3.63913E+04  1.00000E-35  3.63923E+04
   2.00000E+02  1.04037E+00  5.17154E-03  3.68285E+04  1.00000E-35  3.68295E+04
   2.02397E+02  1.09361E+00  5.17871E-03  3.70896E+04  1.00000E-35  3.70907E+04
   2.04823E+02  1.14763E+00  5.18590E-03  3.73055E+04  1.00000E-35  3.73067E+04
   2.07278E+02  1.20130E+00  5.19310E-03  3.74746E+04  1.00000E-35  3.74758E+04
   2.09762E+02  1.25541E+00  5.20031E-03  3.75959E+04  1.00000E-35  3.75972E+04
   2.12276E+02  1.30822E+00  5.20795E-03  3.76696E+04  1.00000E-35  3.76709E+04
   2.14820E+02  1.36106E+00  5.21570E-03  3.76969E+04  1.00000E-35  3.76982E+04
   2.17395E+02  1.41185E+00  5.22346E-03  3.76798E+04  1.00000E-35  3.76812E+04
   2.20000E+02  1.46335E+00  5.23123E-03  3.76213E+04  1.00000E-35  3.76228E+04
   2.23544E+02  1.52901E+00  5.24168E-03  3.74841E+04  1.00000E-35  3.74856E+04
   2.27144E+02  1.59022E+00  5.25214E-03  3.72873E+04  1.00000E-35  3.72889E+04
   2.30803E+02  1.65171E+00  5.26304E-03  3.70395E+04  1.00000E-35  3.70412E+04
   2.34521E+02  1.70734E+00  5.27429E-03  3.67478E+04  1.00000E-35  3.67496E+04
   2.38298E+02  1.76152E+00  5.28556E-03  3.64178E+04  1.00000E-35  3.64196E+04
   2.42137E+02  1.80968E+00  5.29686E-03  3.60529E+04  1.00000E-35  3.60547E+04
   2.46037E+02  1.85357E+00  5.30817E-03  3.56554E+04  1.00000E-35  3.56573E+04
   2.50000E+02  1.88996E+00  5.31973E-03  3.52264E+04  1.00000E-35  3.52283E+04
   2.55562E+02  1.91769E+00  5.33647E-03  3.45850E+04  1.00000E-35  3.45869E+04
   2.61247E+02  2.05832E+00  5.35326E-03  3.38864E+04  1.00000E-35  3.38885E+04
   2.67059E+02  2.61688E+00  5.37011E-03  3.31346E+04  1.00000E-35  3.31372E+04
   2.73000E+02  2.61646E+00  5.38741E-03  3.23362E+04  1.00000E-35  3.23388E+04
   2.73000E+02  2.61646E+00  5.38741E-03  3.56484E+04  1.00000E-35  3.56510E+04
   2.73153E+02  2.62317E+00  5.38787E-03  3.56141E+04  1.00000E-35  3.56168E+04
   2.73307E+02  2.62994E+00  5.38833E-03  3.55801E+04  1.00000E-35  3.55828E+04
   2.73615E+02  2.64352E+00  5.38925E-03  3.55141E+04  1.00000E-35  3.55168E+04
   2.74230E+02  2.67080E+00  5.39110E-03  3.53908E+04  1.00000E-35  3.53934E+04
   2.75466E+02  2.72635E+00  5.39479E-03  3.51697E+04  1.00000E-35  3.51725E+04
   2.77955E+02  2.84427E+00  5.40218E-03  3.47895E+04  1.00000E-35  3.47924E+04
   2.83000E+02  2.87216E+00  5.41700E-03  3.40973E+04  1.00000E-35  3.41002E+04
   2.83000E+02  2.87216E+00  5.41700E-03  3.54741E+04  1.00000E-35  3.54769E+04
   2.83258E+02  2.87215E+00  5.41776E-03  3.54318E+04  1.00000E-35  3.54347E+04
   2.83516E+02  2.87298E+00  5.41851E-03  3.53897E+04  1.00000E-35  3.53925E+04
   2.84034E+02  2.87464E+00  5.42001E-03  3.53064E+04  1.00000E-35  3.53092E+04
   2.85071E+02  2.87796E+00  5.42302E-03  3.51468E+04  1.00000E-35  3.51497E+04
   2.87157E+02  2.89648E+00  5.42905E-03  3.48435E+04  1.00000E-35  3.48464E+04
   2.91376E+02  2.94581E+00  5.44112E-03  3.42556E+04  1.00000E-35  3.42585E+04
   3.00000E+02  3.04698E+00  5.46630E-03  3.30647E+04  1.00000E-35  3.30677E+04
   3.11787E+02  3.17477E+00  5.50056E-03  3.15020E+04  1.00000E-35  3.15052E+04
   3.24037E+02  3.28414E+00  5.53561E-03  2.99588E+04  1.00000E-35  2.99621E+04
   3.30341E+02  3.32837E+00  5.55403E-03  2.91782E+04  1.00000E-35  2.91815E+04
   3.36768E+02  3.36210E+00  5.57250E-03  2.83894E+04  1.00000E-35  2.83928E+04
   3.50000E+02  3.57428E+00  5.60981E-03  2.68052E+04  1.00000E-35  2.68088E+04
   3.61000E+02  3.75039E+00  5.64167E-03  2.55488E+04  1.00000E-35  2.55526E+04
   3.61000E+02  3.75039E+00  5.64167E-03  2.67892E+04  1.00000E-35  2.67929E+04
   3.61289E+02  3.75327E+00  5.64250E-03  2.67561E+04  1.00000E-35  2.67598E+04
   3.61579E+02  3.75616E+00  5.64333E-03  2.67230E+04  1.00000E-35  2.67268E+04
   3.62159E+02  3.76193E+00  5.64498E-03  2.66569E+04  1.00000E-35  2.66606E+04
   3.63322E+02  3.77344E+00  5.64830E-03  2.65248E+04  1.00000E-35  2.65286E+04
   3.65659E+02  3.79607E+00  5.65493E-03  2.62616E+04  1.00000E-35  2.62654E+04
   3.70378E+02  3.84129E+00  5.66822E-03  2.57388E+04  1.00000E-35  2.57427E+04
   3.80000E+02  3.92019E+00  5.69494E-03  2.47078E+04  1.00000E-35  2.47118E+04
   4.00000E+02  4.05604E+00  5.75217E-03  2.27038E+04  1.00000E-35  2.27079E+04
   4.11953E+02  4.12325E+00  5.78528E-03  2.15919E+04  1.00000E-35  2.15961E+04
   4.24264E+02  4.18473E+00  5.82077E-03  2.05127E+04  1.00000E-35  2.05169E+04
   4.50000E+02  4.28788E+00  5.89298E-03  1.84638E+04  1.00000E-35  1.84680E+04
   4.74342E+02  4.36694E+00  5.96399E-03  1.67519E+04  1.00000E-35  1.67563E+04
   5.00000E+02  4.43599E+00  6.03909E-03  1.51617E+04  1.00000E-35  1.51662E+04
   5.24404E+02  4.48209E+00  6.11208E-03  1.38275E+04  1.00000E-35  1.38320E+04
   5.50000E+02  4.51920E+00  6.19274E-03  1.25857E+04  1.00000E-35  1.25902E+04
   5.74456E+02  4.54279E+00  6.27022E-03  1.15325E+04  1.00000E-35  1.15371E+04
   6.00000E+02  4.56611E+00  6.35866E-03  1.05561E+04  1.00000E-35  1.05606E+04
   6.48074E+02  4.58318E+00  6.53327E-03  8.99988E+03  1.00000E-35  9.00447E+03
   7.00000E+02  4.57111E+00  6.74183E-03  7.64534E+03  1.00000E-35  7.64992E+03
   7.48331E+02  4.54006E+00  6.95398E-03  6.62334E+03  1.00000E-35  6.62789E+03
   8.00000E+02  4.50087E+00  7.21142E-03  5.72500E+03  1.00000E-35  5.72951E+03
   8.48528E+02  4.45900E+00  7.47650E-03  5.02617E+03  1.00000E-35  5.03064E+03
   9.00000E+02  4.40809E+00  7.77595E-03  4.40702E+03  1.00000E-35  4.41143E+03
   1.00000E+03  4.28353E+00  8.43516E-03  3.47111E+03  1.00000E-35  3.47540E+03
   1.10000E+03  4.14785E+00  9.17828E-03  2.78769E+03  1.00000E-35  2.79185E+03
   1.17260E+03  4.03934E+00  9.76199E-03  2.40236E+03  1.00000E-35  2.40641E+03
   1.25000E+03  3.91132E+00  1.04146E-02  2.06780E+03  1.00000E-35  2.07173E+03
   1.40000E+03  3.63535E+00  1.17595E-02  1.58030E+03  1.00000E-35  1.58395E+03
   1.50000E+03  3.42087E+00  1.26899E-02  1.33930E+03  1.00000E-35  1.34273E+03
   1.62019E+03  3.12008E+00  1.38345E-02  1.11167E+03  1.00000E-35  1.11480E+03
   1.75000E+03  2.67071E+00  1.50938E-02  9.21349E+02  1.00000E-35  9.24035E+02
   1.94300E+03  1.57197E+00  1.69950E-02  7.12306E+02  1.00000E-35  7.13895E+02
   1.94300E+03  1.57197E+00  1.69950E-02  2.96963E+03  1.00000E-35  2.97122E+03
   1.94476E+03  1.60121E+00  1.70125E-02  2.86665E+03  1.00000E-35  2.86827E+03
   1.94651E+03  1.63081E+00  1.70298E-02  2.81946E+03  1.00000E-35  2.82111E+03
   1.94827E+03  1.66110E+00  1.70472E-02  2.79946E+03  1.00000E-35  2.80114E+03
   1.95004E+03  1.69209E+00  1.70648E-02  2.79052E+03  1.00000E-35  2.79223E+03
   1.95356E+03  1.75538E+00  1.70997E-02  2.77733E+03  1.00000E-35  2.77910E+03
   1.95710E+03  1.82130E+00  1.71347E-02  2.75610E+03  1.00000E-35  2.75793E+03
   1.96418E+03  1.91173E+00  1.72049E-02  2.69974E+03  1.00000E-35  2.70167E+03
   1.96773E+03  1.95063E+00  1.72402E-02  2.67553E+03  1.00000E-35  2.67750E+03
   1.97129E+03  1.99036E+00  1.72755E-02  2.65731E+03  1.00000E-35  2.65932E+03
   2.00000E+03  2.28013E+00  1.75606E-02  2.59824E+03  1.00000E-35  2.60053E+03
   2.01000E+03  2.40297E+00  1.76600E-02  2.56828E+03  1.00000E-35  2.57070E+03
   2.01000E+03  2.40297E+00  1.76600E-02  3.63002E+03  1.00000E-35  3.63244E+03
   2.01142E+03  2.42089E+00  1.76742E-02  3.59060E+03  1.00000E-35  3.59304E+03
   2.01284E+03  2.43894E+00  1.76883E-02  3.56755E+03  1.00000E-35  3.57001E+03
   2.01426E+03  2.45715E+00  1.77024E-02  3.55437E+03  1.00000E-35  3.55684E+03
   2.01568E+03  2.47558E+00  1.77165E-02  3.54627E+03  1.00000E-35  3.54877E+03
   2.02138E+03  2.55083E+00  1.77733E-02  3.52288E+03  1.00000E-35  3.52545E+03
   2.03282E+03  2.70691E+00  1.78872E-02  3.45690E+03  1.00000E-35  3.45963E+03
   2.03857E+03  2.77340E+00  1.79445E-02  3.43002E+03  1.00000E-35  3.43281E+03
   2.04433E+03  2.84145E+00  1.80019E-02  3.41001E+03  1.00000E-35  3.41287E+03
   2.05590E+03  2.96703E+00  1.81173E-02  3.37665E+03  1.00000E-35  3.37963E+03
   2.06754E+03  3.07486E+00  1.82327E-02  3.33733E+03  1.00000E-35  3.34042E+03
   2.07925E+03  3.16173E+00  1.83487E-02  3.29280E+03  1.00000E-35  3.29598E+03
   2.10286E+03  3.29914E+00  1.85830E-02  3.20771E+03  1.00000E-35  3.21103E+03
   2.15088E+03  3.45159E+00  1.90604E-02  3.04058E+03  1.00000E-35  3.04405E+03
   2.20000E+03  3.61396E+00  1.95501E-02  2.87600E+03  1.00000E-35  2.87964E+03
   2.21900E+03  3.74706E+00  1.97399E-02  2.81422E+03  1.00000E-35  2.81799E+03
   2.21900E+03  3.74706E+00  1.97399E-02  3.23234E+03  1.00000E-35  3.23611E+03
   2.22107E+03  3.76324E+00  1.97606E-02  3.22510E+03  1.00000E-35  3.22889E+03
   2.22314E+03  3.77948E+00  1.97812E-02  3.21787E+03  1.00000E-35  3.22167E+03
   2.22728E+03  3.81212E+00  1.98226E-02  3.20343E+03  1.00000E-35  3.20726E+03
   2.23560E+03  3.87161E+00  1.99058E-02  3.17465E+03  1.00000E-35  3.17854E+03
   2.25232E+03  3.98481E+00  2.00716E-02  3.11756E+03  1.00000E-35  3.12157E+03
   2.28614E+03  4.14367E+00  2.04065E-02  3.00576E+03  1.00000E-35  3.00993E+03
   2.35531E+03  4.34180E+00  2.10931E-02  2.79267E+03  1.00000E-35  2.79703E+03
   2.50000E+03  4.55752E+00  2.25264E-02  2.40687E+03  1.00000E-35  2.41145E+03
   2.73861E+03  4.68296E+00  2.48680E-02  1.91739E+03  1.00000E-35  1.92210E+03
   3.00000E+03  4.67193E+00  2.73882E-02  1.52459E+03  1.00000E-35  1.52929E+03
   3.24037E+03  4.60170E+00  2.96509E-02  1.25326E+03  1.00000E-35  1.25789E+03
   3.50000E+03  4.48403E+00  3.20237E-02  1.02831E+03  1.00000E-35  1.03283E+03
   3.74166E+03  4.36189E+00  3.41636E-02  8.65038E+02  1.00000E-35  8.69435E+02
   4.00000E+03  4.21794E+00  3.63581E-02  7.26822E+02  1.00000E-35  7.31076E+02
   4.50000E+03  3.93745E+00  4.03616E-02  5.33126E+02  1.00000E-35  5.37104E+02
   5.00000E+03  3.66783E+00  4.40631E-02  4.02943E+02  1.00000E-35  4.06654E+02
   5.50000E+03  3.41770E+00  4.74953E-02  3.12154E+02  1.00000E-35  3.15619E+02
   6.00000E+03  3.19217E+00  5.06836E-02  2.46882E+02  1.00000E-35  2.50125E+02
   7.00000E+03  2.79302E+00  5.64527E-02  1.62406E+02  1.00000E-35  1.65256E+02
   8.00000E+03  2.45898E+00  6.15953E-02  1.12647E+02  1.00000E-35  1.15168E+02
   9.00000E+03  2.16983E+00  6.61837E-02  8.13986E+01  1.00000E-35  8.36346E+01
   1.00000E+04  1.91996E+00  7.03341E-02  6.07705E+01  1.00000E-35  6.27608E+01
   1.10000E+04  1.70072E+00  7.41072E-02  4.65961E+01  1.00000E-35  4.83710E+01
   1.25000E+04  1.42097E+00  7.91614E-02  3.25753E+01  1.00000E-35  3.40754E+01
   1.40000E+04  1.17659E+00  8.36329E-02  2.36797E+01  1.00000E-35  2.49399E+01
   1.50000E+04  1.01424E+00  8.63266E-02  1.94874E+01  1.00000E-35  2.05879E+01
   1.61080E+04  7.57004E-01  8.90835E-02  1.59147E+01  1.00000E-35  1.67608E+01
   1.61080E+04  7.57004E-01  8.90835E-02  1.12008E+02  1.00000E-35  1.12854E+02
   1.61184E+04  7.57385E-01  8.91081E-02  1.11786E+02  1.00000E-35  1.12632E+02
   1.61289E+04  7.57769E-01  8.91330E-02  1.11564E+02  1.00000E-35  1.12410E+02
   1.61498E+04  7.59998E-01  8.91824E-02  1.11120E+02  1.00000E-35  1.11969E+02
   1.61917E+04  7.71508E-01  8.92813E-02  1.10234E+02  1.00000E-35  1.11094E+02
   1.62758E+04  7.95044E-01  8.94794E-02  1.08487E+02  1.00000E-35  1.09371E+02
   1.64453E+04  8.45431E-01  8.98769E-02  1.05199E+02  1.00000E-35  1.06134E+02
   1.67896E+04  8.93915E-01  9.06772E-02  9.95516E+01  1.00000E-35  1.00536E+02
   1.75000E+04  9.10668E-01  9.22378E-02  8.94373E+01  1.00000E-35  9.04402E+01
   1.87083E+04  8.81161E-01  9.47403E-02  7.51414E+01  1.00000E-35  7.61173E+01
   2.00000E+04  8.31996E-01  9.71860E-02  6.30147E+01  1.00000E-35  6.39439E+01
   2.20000E+04  7.51539E-01  1.00567E-01  4.88957E+01  1.00000E-35  4.97478E+01
   2.50000E+04  6.42002E-01  1.04825E-01  3.46547E+01  1.00000E-35  3.54015E+01
   3.00000E+04  5.00471E-01  1.10267E-01  2.10432E+01  1.00000E-35  2.16539E+01
   3.24037E+04  4.47608E-01  1.12271E-01  1.69968E+01  1.00000E-35  1.75567E+01
   3.50000E+04  3.99106E-01  1.14080E-01  1.37088E+01  1.00000E-35  1.42220E+01
   4.00000E+04  3.23688E-01  1.16736E-01  9.41398E+00  1.00000E-35  9.85440E+00
   4.50000E+04  2.66561E-01  1.18476E-01  6.73571E+00  1.00000E-35  7.12075E+00
   5.00000E+04  2.23537E-01  1.19617E-01  4.98071E+00  1.00000E-35  5.32386E+00
   5.50000E+04  1.90032E-01  1.20305E-01  3.78373E+00  1.00000E-35  4.09407E+00
   6.00000E+04  1.63497E-01  1.20653E-01  2.93998E+00  1.00000E-35  3.22413E+00
   7.00000E+04  1.24485E-01  1.20628E-01  1.87472E+00  1.00000E-35  2.11983E+00
   8.00000E+04  9.82993E-02  1.19982E-01  1.26624E+00  1.00000E-35  1.48452E+00
   9.00000E+04  7.97564E-02  1.18943E-01  8.94214E-01  1.00000E-35  1.09291E+00
   1.00000E+05  6.60158E-02  1.17681E-01  6.54369E-01  1.00000E-35  8.38065E-01
   1.10000E+05  5.56270E-02  1.16249E-01  4.92995E-01  1.00000E-35  6.64871E-01
   1.25000E+05  4.40050E-02  1.13958E-01  3.36989E-01  1.00000E-35  4.94952E-01
   1.40000E+05  3.56793E-02  1.11638E-01  2.40464E-01  1.00000E-35  3.87781E-01
   1.50000E+05  3.13620E-02  1.10068E-01  1.95824E-01  1.00000E-35  3.37254E-01
   1.62019E+05  2.71387E-02  1.08211E-01  1.55583E-01  1.00000E-35  2.90933E-01
   1.75000E+05  2.34505E-02  1.06250E-01  1.23883E-01  1.00000E-35  2.53583E-01
   2.00000E+05  1.81919E-02  1.02645E-01  8.34838E-02  1.00000E-35  2.04321E-01
   2.20000E+05  1.51556E-02  9.99282E-02  6.30952E-02  1.00000E-35  1.78179E-01
   2.34521E+05  1.33993E-02  9.80691E-02  5.23353E-02  1.00000E-35  1.63804E-01
   2.50000E+05  1.18466E-02  9.61639E-02  4.34739E-02  1.00000E-35  1.51484E-01
   2.73861E+05  9.93812E-03  9.34142E-02  3.33766E-02  1.00000E-35  1.36729E-01
   2.86633E+05  9.09595E-03  9.20153E-02  2.93030E-02  1.00000E-35  1.30414E-01
   3.00000E+05  8.32434E-03  9.06273E-02  2.57663E-02  1.00000E-35  1.24718E-01
   3.24037E+05  7.16371E-03  8.82454E-02  2.07300E-02  1.00000E-35  1.16139E-01
   3.50000E+05  6.16477E-03  8.58554E-02  1.67208E-02  1.00000E-35  1.08741E-01
   3.74166E+05  5.41277E-03  8.37828E-02  1.39076E-02  1.00000E-35  1.03103E-01
   4.00000E+05  4.75209E-03  8.17173E-02  1.16023E-02  1.00000E-35  9.80718E-02
   4.24264E+05  4.23236E-03  7.99066E-02  9.90512E-03  1.00000E-35  9.40441E-02
   4.50000E+05  3.76931E-03  7.80935E-02  8.47492E-03  1.00000E-35  9.03377E-02
   4.74342E+05  3.39809E-03  7.64792E-02  7.38389E-03  1.00000E-35  8.72612E-02
   5.00000E+05  3.06343E-03  7.48822E-02  6.44619E-03  1.00000E-35  8.43918E-02
   5.24404E+05  2.78918E-03  7.34330E-02  5.70941E-03  1.00000E-35  8.19316E-02
   5.50000E+05  2.53948E-03  7.20027E-02  5.06549E-03  1.00000E-35  7.96077E-02
   5.74456E+05  2.33110E-03  7.06994E-02  4.54761E-03  1.00000E-35  7.75781E-02
   6.00000E+05  2.13876E-03  6.94092E-02  4.08821E-03  1.00000E-35  7.56361E-02
   6.23574E+05  1.98164E-03  6.82697E-02  3.72342E-03  1.00000E-35  7.39748E-02
   6.48074E+05  1.83585E-03  6.71437E-02  3.39522E-03  1.00000E-35  7.23748E-02
   6.73537E+05  1.70069E-03  6.60168E-02  3.10084E-03  1.00000E-35  7.08184E-02
   7.00000E+05  1.57548E-03  6.49084E-02  2.83601E-03  1.00000E-35  6.93199E-02
   7.48331E+05  1.37999E-03  6.29919E-02  2.43442E-03  1.00000E-35  6.68064E-02
   8.00000E+05  1.20875E-03  6.11032E-02  2.09710E-03  1.00000E-35  6.44091E-02
   8.48528E+05  1.07543E-03  5.94621E-02  1.84365E-03  1.00000E-35  6.23812E-02
   9.00000E+05  9.56812E-04  5.78458E-02  1.62564E-03  1.00000E-35  6.04283E-02
   9.48683E+05  8.61840E-04  5.64079E-02  1.45564E-03  1.00000E-35  5.87254E-02
   1.00000E+06  7.76294E-04  5.49944E-02  1.30628E-03  1.00000E-35  5.70770E-02
   1.04881E+06  7.05866E-04  5.37303E-02  1.18647E-03  1.37038E-12  5.56227E-02
   1.10000E+06  6.41830E-04  5.24795E-02  1.07949E-03  4.88758E-06  5.42058E-02
   1.17260E+06  5.64966E-04  5.08309E-02  9.53261E-04  3.99897E-05  5.23891E-02
   1.25000E+06  4.97304E-04  4.92072E-02  8.44461E-04  1.09158E-04  5.06581E-02
   1.32288E+06  4.44130E-04  4.77897E-02  7.60046E-04  2.02959E-04  4.91968E-02
   1.40000E+06  3.96643E-04  4.64000E-02  6.85573E-04  3.36977E-04  4.78191E-02
   1.50000E+06  3.45621E-04  4.47402E-02  6.06286E-04  5.46984E-04  4.62391E-02
   1.62019E+06  2.96343E-04  4.29218E-02  5.30141E-04  8.38594E-04  4.45869E-02
   1.75000E+06  2.54094E-04  4.11479E-02  4.65385E-04  1.19643E-03  4.30638E-02
   1.87083E+06  2.22396E-04  3.96484E-02  4.16632E-04  1.55771E-03  4.18451E-02
   2.00000E+06  1.94653E-04  3.81841E-02  3.73943E-04  1.96728E-03  4.07200E-02
   2.09762E+06  1.76994E-04  3.71636E-02  3.46795E-04  2.29514E-03  3.99825E-02
   2.20000E+06  1.60937E-04  3.61542E-02  3.22051E-04  2.62318E-03  3.92603E-02
   2.34521E+06  1.41663E-04  3.48329E-02  2.92019E-04  3.11007E-03  3.83767E-02
   2.50000E+06  1.24698E-04  3.35445E-02  2.65224E-04  3.63652E-03  3.75710E-02
   2.73861E+06  1.03947E-04  3.17594E-02  2.31767E-04  4.43392E-03  3.65291E-02
   3.00000E+06  8.66278E-05  3.00415E-02  2.03294E-04  5.29280E-03  3.56242E-02
   3.24037E+06  7.42556E-05  2.86419E-02  1.82308E-04  6.06490E-03  3.49633E-02
   3.50000E+06  6.36507E-05  2.72895E-02  1.63794E-04  6.87317E-03  3.43901E-02
   3.74166E+06  5.56965E-05  2.61545E-02  1.49486E-04  7.59634E-03  3.39560E-02
   4.00000E+06  4.87364E-05  2.50555E-02  1.36615E-04  8.34397E-03  3.35848E-02
   4.50000E+06  3.85104E-05  2.32062E-02  1.16868E-04  9.73947E-03  3.31010E-02
   5.00000E+06  3.11953E-05  2.16372E-02  1.01924E-04  1.10296E-02  3.27999E-02
   5.50000E+06  2.57826E-05  2.02913E-02  9.02510E-05  1.22229E-02  3.26302E-02
   6.00000E+06  2.16657E-05  1.91217E-02  8.08982E-05  1.33885E-02  3.26127E-02
   6.48074E+06  1.85714E-05  1.81316E-02  7.35083E-05  1.44509E-02  3.26745E-02
   7.00000E+06  1.59191E-05  1.71836E-02  6.68810E-05  1.55131E-02  3.27796E-02
   8.00000E+06  1.21889E-05  1.56381E-02  5.69084E-05  1.74136E-02  3.31208E-02
   9.00000E+06  9.63093E-06  1.43726E-02  4.94697E-05  1.91446E-02  3.35763E-02
   1.00000E+07  7.80115E-06  1.33151E-02  4.37182E-05  2.07220E-02  3.40886E-02
   1.10000E+07  6.44726E-06  1.24169E-02  3.91441E-05  2.21699E-02  3.46324E-02
   1.25000E+07  4.99277E-06  1.12952E-02  3.38116E-05  2.41220E-02  3.54560E-02
   1.40000E+07  3.98025E-06  1.03752E-02  2.97418E-05  2.58557E-02  3.62647E-02
   1.50000E+07  3.46725E-06  9.84853E-03  2.75264E-05  2.69071E-02  3.67866E-02
   1.75000E+07  2.54739E-06  8.75680E-03  2.31938E-05  2.92554E-02  3.80380E-02
   2.00000E+07  1.95037E-06  7.89992E-03  2.00306E-05  3.13114E-02  3.92333E-02
   2.20000E+07  1.61189E-06  7.33578E-03  1.80563E-05  3.27849E-02  4.01403E-02
   2.50000E+07  1.24825E-06  6.63661E-03  1.57270E-05  3.47386E-02  4.13922E-02
   3.00000E+07  8.66838E-07  5.74496E-03  1.29394E-05  3.74870E-02  4.32458E-02
   3.50000E+07  6.36862E-07  5.07903E-03  1.09884E-05  3.97611E-02  4.48518E-02
   4.00000E+07  4.87598E-07  4.56109E-03  9.54731E-06  4.16967E-02  4.62678E-02
   4.50000E+07  3.85263E-07  4.14556E-03  8.43959E-06  4.33608E-02  4.75151E-02
   5.00000E+07  3.12063E-07  3.80430E-03  7.56177E-06  4.48089E-02  4.86211E-02
   5.50000E+07  2.57904E-07  3.51862E-03  6.84910E-06  4.60798E-02  4.96055E-02
   6.00000E+07  2.16711E-07  3.27564E-03  6.25902E-06  4.72458E-02  5.05279E-02
   7.00000E+07  1.59216E-07  2.88375E-03  5.33876E-06  4.92191E-02  5.21083E-02
   8.00000E+07  1.21900E-07  2.58081E-03  4.65423E-06  5.08544E-02  5.34400E-02
   9.00000E+07  9.63164E-08  2.33896E-03  4.12518E-06  5.22281E-02  5.45713E-02
   1.00000E+08  7.80164E-08  2.14119E-03  3.70407E-06  5.34105E-02  5.55555E-02
   1.10000E+08  6.44762E-08  1.97620E-03  3.36093E-06  5.44393E-02  5.64189E-02
   1.25000E+08  4.99302E-08  1.77396E-03  2.95085E-06  5.57499E-02  5.75268E-02
   1.40000E+08  3.98041E-08  1.61148E-03  2.62993E-06  5.68525E-02  5.84667E-02
   1.50000E+08  3.46737E-08  1.51970E-03  2.45212E-06  5.74929E-02  5.90150E-02
   1.75000E+08  2.54746E-08  1.33253E-03  2.09758E-06  5.88465E-02  6.01811E-02
   2.00000E+08  1.95040E-08  1.18862E-03  1.83259E-06  5.99366E-02  6.11271E-02
   2.20000E+08  1.61190E-08  1.09523E-03  1.66438E-06  6.06662E-02  6.17632E-02
   2.50000E+08  1.24826E-08  9.81086E-04  1.46294E-06  6.15846E-02  6.25672E-02
   3.00000E+08  8.66845E-09  8.38092E-04  1.21738E-06  6.27883E-02  6.36276E-02
   3.50000E+08  6.36866E-09  7.33209E-04  1.04240E-06  6.37064E-02  6.44407E-02
   4.00000E+08  4.87600E-09  6.52799E-04  9.11397E-07  6.44342E-02  6.50879E-02
   4.50000E+08  3.85265E-09  5.89063E-04  8.09642E-07  6.50225E-02  6.56124E-02
   5.00000E+08  3.12064E-09  5.37240E-04  7.28327E-07  6.55130E-02  6.60509E-02
   5.50000E+08  2.57904E-09  4.94222E-04  6.61858E-07  6.59221E-02  6.64170E-02
   6.00000E+08  2.16711E-09  4.57904E-04  6.06504E-07  6.62938E-02  6.67523E-02
   7.00000E+08  1.59217E-09  3.99872E-04  5.19593E-07  6.68768E-02  6.72772E-02
   8.00000E+08  1.21900E-09  3.55480E-04  4.54468E-07  6.73322E-02  6.76881E-02
   9.00000E+08  9.63164E-10  3.20365E-04  4.03850E-07  6.77008E-02  6.80216E-02
   9.48683E+08  8.66848E-10  3.05783E-04  3.83401E-07  6.78556E-02  6.81617E-02
   1.00000E+09  7.80164E-10  2.91859E-04  3.63377E-07  6.80072E-02  6.82994E-02
