 # Material data file: Li                  
 # 
 # PENELOPE >>>  Photon mass attenuation coefficients (mac).
 # 
 #   Energy       mac_Ra       mac_Co       mac_ph       mac_pp       mac_tot
 #    (eV)       (cm**2/g)    (cm**2/g)    (cm**2/g)    (cm**2/g)    (cm**2/g)
 #------------------------------------------------------------------------------
   5.00000E+01  1.47609E-02  2.96287E-02  7.75616E+03  1.00000E-35  7.75620E+03
   5.50000E+01  2.50265E-01  2.97130E-02  6.29431E+03  1.00000E-35  6.29459E+03
   5.80000E+01  3.84101E-01  2.97635E-02  5.59570E+03  1.00000E-35  5.59611E+03
   5.80000E+01  3.84100E-01  2.97635E-02  2.86189E+05  1.00000E-35  2.86190E+05
   5.80307E+01  3.81780E-01  2.97640E-02  2.86274E+05  1.00000E-35  2.86275E+05
   5.80615E+01  3.79466E-01  2.97645E-02  2.86359E+05  1.00000E-35  2.86360E+05
   5.81230E+01  3.85104E-01  2.97655E-02  2.86528E+05  1.00000E-35  2.86528E+05
   5.82463E+01  4.03525E-01  2.97675E-02  2.86853E+05  1.00000E-35  2.86853E+05
   5.84937E+01  4.43057E-01  2.97716E-02  2.87452E+05  1.00000E-35  2.87453E+05
   5.89915E+01  4.68908E-01  2.97796E-02  2.88434E+05  1.00000E-35  2.88434E+05
   6.00000E+01  4.66650E-01  2.97969E-02  2.89558E+05  1.00000E-35  2.89559E+05
   6.05809E+01  4.75445E-01  2.98069E-02  2.89733E+05  1.00000E-35  2.89734E+05
   6.11673E+01  4.86446E-01  2.98169E-02  2.89593E+05  1.00000E-35  2.89593E+05
   6.23574E+01  5.07885E-01  2.98368E-02  2.88435E+05  1.00000E-35  2.88435E+05
   6.35706E+01  5.27644E-01  2.98568E-02  2.86215E+05  1.00000E-35  2.86216E+05
   6.48074E+01  5.46026E-01  2.98774E-02  2.83062E+05  1.00000E-35  2.83063E+05
   6.60683E+01  5.64603E-01  2.98990E-02  2.79092E+05  1.00000E-35  2.79093E+05
   6.73537E+01  5.81742E-01  2.99207E-02  2.74415E+05  1.00000E-35  2.74415E+05
   6.86641E+01  5.98771E-01  2.99424E-02  2.69133E+05  1.00000E-35  2.69133E+05
   7.00000E+01  6.14513E-01  2.99641E-02  2.63340E+05  1.00000E-35  2.63340E+05
   7.11782E+01  6.27108E-01  2.99844E-02  2.57973E+05  1.00000E-35  2.57974E+05
   7.23762E+01  6.39399E-01  3.00049E-02  2.52340E+05  1.00000E-35  2.52341E+05
   7.35944E+01  6.50515E-01  3.00253E-02  2.46484E+05  1.00000E-35  2.46485E+05
   7.48331E+01  6.61634E-01  3.00458E-02  2.40452E+05  1.00000E-35  2.40453E+05
   7.60927E+01  6.71419E-01  3.00663E-02  2.34280E+05  1.00000E-35  2.34281E+05
   7.73735E+01  6.80924E-01  3.00882E-02  2.28007E+05  1.00000E-35  2.28007E+05
   7.86758E+01  6.90033E-01  3.01105E-02  2.21664E+05  1.00000E-35  2.21664E+05
   8.00000E+01  6.98255E-01  3.01327E-02  2.15280E+05  1.00000E-35  2.15281E+05
   8.23907E+01  7.10935E-01  3.01720E-02  2.04000E+05  1.00000E-35  2.04000E+05
   8.48528E+01  7.21486E-01  3.02138E-02  1.92802E+05  1.00000E-35  1.92803E+05
   8.73885E+01  7.30405E-01  3.02565E-02  1.81789E+05  1.00000E-35  1.81789E+05
   9.00000E+01  7.37631E-01  3.02993E-02  1.71041E+05  1.00000E-35  1.71042E+05
   9.24021E+01  7.42814E-01  3.03403E-02  1.61707E+05  1.00000E-35  1.61708E+05
   9.48683E+01  7.47285E-01  3.03818E-02  1.52671E+05  1.00000E-35  1.52671E+05
   9.74004E+01  7.49611E-01  3.04233E-02  1.43960E+05  1.00000E-35  1.43961E+05
   1.00000E+02  7.51883E-01  3.04672E-02  1.35594E+05  1.00000E-35  1.35595E+05
   1.04881E+02  7.52888E-01  3.05488E-02  1.21370E+05  1.00000E-35  1.21371E+05
   1.10000E+02  7.52563E-01  3.06347E-02  1.08340E+05  1.00000E-35  1.08341E+05
   1.17260E+02  7.48908E-01  3.07550E-02  9.27120E+04  1.00000E-35  9.27128E+04
   1.25000E+02  7.41714E-01  3.08845E-02  7.90963E+04  1.00000E-35  7.90971E+04
   1.32288E+02  7.35078E-01  3.10068E-02  6.85733E+04  1.00000E-35  6.85740E+04
   1.40000E+02  7.26278E-01  3.11345E-02  5.93679E+04  1.00000E-35  5.93687E+04
   1.50000E+02  7.15704E-01  3.12996E-02  4.97342E+04  1.00000E-35  4.97350E+04
   1.75000E+02  6.90868E-01  3.17153E-02  3.33508E+04  1.00000E-35  3.33516E+04
   2.00000E+02  6.69397E-01  3.21292E-02  2.34945E+04  1.00000E-35  2.34952E+04
   2.20000E+02  6.54481E-01  3.24583E-02  1.82491E+04  1.00000E-35  1.82498E+04
   2.50000E+02  6.34996E-01  3.29467E-02  1.29471E+04  1.00000E-35  1.29478E+04
   2.73861E+02  6.21647E-01  3.33352E-02  1.00967E+04  1.00000E-35  1.00974E+04
   3.00000E+02  6.08861E-01  3.37581E-02  7.84724E+03  1.00000E-35  7.84788E+03
   3.50000E+02  5.87836E-01  3.45550E-02  5.08932E+03  1.00000E-35  5.08994E+03
   4.00000E+02  5.69154E-01  3.53443E-02  3.47792E+03  1.00000E-35  3.47852E+03
   4.50000E+02  5.52219E-01  3.61132E-02  2.47897E+03  1.00000E-35  2.47956E+03
   5.00000E+02  5.38521E-01  3.68734E-02  1.82860E+03  1.00000E-35  1.82918E+03
   5.50000E+02  5.26495E-01  3.76154E-02  1.38658E+03  1.00000E-35  1.38714E+03
   6.00000E+02  5.13713E-01  3.83397E-02  1.07505E+03  1.00000E-35  1.07560E+03
   7.00000E+02  4.89696E-01  3.97333E-02  6.81770E+02  1.00000E-35  6.82300E+02
   7.48331E+02  4.79183E-01  4.03788E-02  5.58517E+02  1.00000E-35  5.59036E+02
   8.00000E+02  4.68097E-01  4.10526E-02  4.57029E+02  1.00000E-35  4.57538E+02
   9.00000E+02  4.48022E-01  4.22996E-02  3.20104E+02  1.00000E-35  3.20595E+02
   1.00000E+03  4.29161E-01  4.34846E-02  2.32214E+02  1.00000E-35  2.32686E+02
   1.10000E+03  4.11633E-01  4.46232E-02  1.73272E+02  1.00000E-35  1.73728E+02
   1.25000E+03  3.86585E-01  4.62921E-02  1.16671E+02  1.00000E-35  1.17104E+02
   1.40000E+03  3.64575E-01  4.79875E-02  8.19499E+01  1.00000E-35  8.23624E+01
   1.50000E+03  3.51288E-01  4.91424E-02  6.60614E+01  1.00000E-35  6.64618E+01
   1.75000E+03  3.21553E-01  5.21817E-02  4.06957E+01  1.00000E-35  4.10695E+01
   2.00000E+03  2.97611E-01  5.54590E-02  2.66467E+01  1.00000E-35  2.69997E+01
   2.20000E+03  2.81444E-01  5.82086E-02  1.96587E+01  1.00000E-35  1.99983E+01
   2.50000E+03  2.61130E-01  6.25227E-02  1.30399E+01  1.00000E-35  1.33635E+01
   2.73861E+03  2.47448E-01  6.60519E-02  9.70076E+00  1.00000E-35  1.00143E+01
   3.00000E+03  2.34197E-01  6.99607E-02  7.23607E+00  1.00000E-35  7.54023E+00
   3.50000E+03  2.13182E-01  7.73948E-02  4.38743E+00  1.00000E-35  4.67801E+00
   4.00000E+03  1.95185E-01  8.45854E-02  2.83628E+00  1.00000E-35  3.11605E+00
   4.50000E+03  1.79092E-01  9.13606E-02  1.92670E+00  1.00000E-35  2.19716E+00
   5.00000E+03  1.64636E-01  9.76424E-02  1.36206E+00  1.00000E-35  1.62434E+00
   5.50000E+03  1.51456E-01  1.03408E-01  9.94760E-01  1.00000E-35  1.24962E+00
   6.00000E+03  1.39487E-01  1.08654E-01  7.45985E-01  1.00000E-35  9.94125E-01
   6.48074E+03  1.28901E-01  1.13224E-01  5.77062E-01  1.00000E-35  8.19187E-01
   7.00000E+03  1.18544E-01  1.17678E-01  4.47172E-01  1.00000E-35  6.83393E-01
   8.00000E+03  1.01148E-01  1.25017E-01  2.86689E-01  1.00000E-35  5.12854E-01
   9.00000E+03  8.67990E-02  1.30823E-01  1.93498E-01  1.00000E-35  4.11120E-01
   1.00000E+04  7.49900E-02  1.35479E-01  1.36007E-01  1.00000E-35  3.46476E-01
   1.10000E+04  6.52978E-02  1.39163E-01  9.88114E-02  1.00000E-35  3.03272E-01
   1.25000E+04  5.37344E-02  1.43237E-01  6.43252E-02  1.00000E-35  2.61296E-01
   1.40000E+04  4.49243E-02  1.46103E-01  4.39322E-02  1.00000E-35  2.34960E-01
   1.50000E+04  4.01714E-02  1.47505E-01  3.48191E-02  1.00000E-35  2.22496E-01
   1.62019E+04  3.53728E-02  1.48802E-01  2.68145E-02  1.00000E-35  2.10990E-01
   1.75000E+04  3.11020E-02  1.49828E-01  2.06976E-02  1.00000E-35  2.01627E-01
   2.00000E+04  2.47528E-02  1.51028E-01  1.31789E-02  1.00000E-35  1.88960E-01
   2.20000E+04  2.09550E-02  1.51460E-01  9.54502E-03  1.00000E-35  1.81960E-01
   2.50000E+04  1.67048E-02  1.51530E-01  6.18980E-03  1.00000E-35  1.74424E-01
   2.73861E+04  1.41745E-02  1.51289E-01  4.53447E-03  1.00000E-35  1.69998E-01
   2.86633E+04  1.30456E-02  1.51086E-01  3.88619E-03  1.00000E-35  1.68018E-01
   3.00000E+04  1.19943E-02  1.50813E-01  3.33467E-03  1.00000E-35  1.66142E-01
   3.50000E+04  9.01597E-03  1.49500E-01  1.97559E-03  1.00000E-35  1.60492E-01
   3.74166E+04  7.95128E-03  1.48755E-01  1.57375E-03  1.00000E-35  1.58280E-01
   4.00000E+04  7.01232E-03  1.47915E-01  1.25500E-03  1.00000E-35  1.56182E-01
   4.50000E+04  5.60043E-03  1.46167E-01  8.40981E-04  1.00000E-35  1.52608E-01
   5.00000E+04  4.57651E-03  1.44377E-01  5.87859E-04  1.00000E-35  1.49541E-01
   5.50000E+04  3.80506E-03  1.42574E-01  4.25236E-04  1.00000E-35  1.46804E-01
   6.00000E+04  3.21226E-03  1.40779E-01  3.16434E-04  1.00000E-35  1.44308E-01
   6.48074E+04  2.76476E-03  1.39072E-01  2.43287E-04  1.00000E-35  1.42080E-01
   7.00000E+04  2.37834E-03  1.37268E-01  1.87548E-04  1.00000E-35  1.39834E-01
   8.00000E+04  1.82813E-03  1.33928E-01  1.19304E-04  1.00000E-35  1.35875E-01
   9.00000E+04  1.44949E-03  1.30772E-01  8.01156E-05  1.00000E-35  1.32301E-01
   1.00000E+05  1.17745E-03  1.27808E-01  5.61558E-05  1.00000E-35  1.29042E-01
   1.10000E+05  9.74249E-04  1.24997E-01  4.07540E-05  1.00000E-35  1.26012E-01
   1.17260E+05  8.58023E-04  1.23058E-01  3.28722E-05  1.00000E-35  1.23949E-01
   1.25000E+05  7.55649E-04  1.21074E-01  2.65547E-05  1.00000E-35  1.21856E-01
   1.40000E+05  6.03246E-04  1.17496E-01  1.81992E-05  1.00000E-35  1.18117E-01
   1.50000E+05  5.25937E-04  1.15256E-01  1.44749E-05  1.00000E-35  1.15796E-01
   1.62019E+05  4.51231E-04  1.12725E-01  1.12064E-05  1.00000E-35  1.13188E-01
   1.75000E+05  3.87117E-04  1.10165E-01  8.70916E-06  1.00000E-35  1.10561E-01
   1.87083E+05  3.38806E-04  1.07929E-01  7.00132E-06  1.00000E-35  1.08275E-01
   2.00000E+05  2.96514E-04  1.05683E-01  5.63553E-06  1.00000E-35  1.05985E-01
   2.20000E+05  2.45116E-04  1.02452E-01  4.14428E-06  1.00000E-35  1.02701E-01
   2.34521E+05  2.15739E-04  1.00288E-01  3.37732E-06  1.00000E-35  1.00507E-01
   2.50000E+05  1.89883E-04  9.81131E-02  2.75851E-06  1.00000E-35  9.83058E-02
   2.73861E+05  1.58275E-04  9.50239E-02  2.06857E-06  1.00000E-35  9.51842E-02
   2.86633E+05  1.44502E-04  9.34768E-02  1.79623E-06  1.00000E-35  9.36231E-02
   3.00000E+05  1.31927E-04  9.19478E-02  1.56313E-06  1.00000E-35  9.20812E-02
   3.24037E+05  1.13104E-04  8.93578E-02  1.23601E-06  1.00000E-35  8.94722E-02
   3.36768E+05  1.04725E-04  8.80672E-02  1.10036E-06  1.00000E-35  8.81730E-02
   3.50000E+05  9.69667E-05  8.67882E-02  9.80730E-07  1.00000E-35  8.68862E-02
   3.74166E+05  8.48610E-05  8.45798E-02  8.04838E-07  1.00000E-35  8.46655E-02
   3.86867E+05  7.93874E-05  8.34908E-02  7.30197E-07  1.00000E-35  8.35710E-02
   4.00000E+05  7.42666E-05  8.23918E-02  6.63159E-07  1.00000E-35  8.24667E-02
   4.24264E+05  6.60253E-05  8.04829E-02  5.60331E-07  1.00000E-35  8.05495E-02
   4.50000E+05  5.86985E-05  7.85888E-02  4.74820E-07  1.00000E-35  7.86480E-02
   4.74342E+05  5.28360E-05  7.69147E-02  4.10368E-07  1.00000E-35  7.69679E-02
   5.00000E+05  4.75592E-05  7.52649E-02  3.55600E-07  1.00000E-35  7.53128E-02
   5.24404E+05  4.32412E-05  7.37662E-02  3.12993E-07  1.00000E-35  7.38098E-02
   5.50000E+05  3.93113E-05  7.22893E-02  2.76101E-07  1.00000E-35  7.23289E-02
   5.74456E+05  3.60364E-05  7.09476E-02  2.46682E-07  1.00000E-35  7.09839E-02
   6.00000E+05  3.30337E-05  6.96219E-02  2.20789E-07  1.00000E-35  6.96551E-02
   6.23574E+05  3.05836E-05  6.84543E-02  2.00366E-07  1.00000E-35  6.84851E-02
   6.48074E+05  2.83153E-05  6.73016E-02  1.82111E-07  1.00000E-35  6.73301E-02
   6.73537E+05  2.62152E-05  6.61509E-02  1.65849E-07  1.00000E-35  6.61773E-02
   7.00000E+05  2.42708E-05  6.50195E-02  1.51311E-07  1.00000E-35  6.50439E-02
   7.48331E+05  2.12374E-05  6.30694E-02  1.29417E-07  1.00000E-35  6.30908E-02
   7.73735E+05  1.98660E-05  6.21074E-02  1.19886E-07  1.00000E-35  6.21274E-02
   8.00000E+05  1.85831E-05  6.11511E-02  1.11190E-07  1.00000E-35  6.11697E-02
   8.48528E+05  1.65186E-05  5.94867E-02  9.76019E-08  1.00000E-35  5.95033E-02
   9.00000E+05  1.46835E-05  5.78497E-02  8.59943E-08  1.00000E-35  5.78644E-02
   9.48683E+05  1.32153E-05  5.63972E-02  7.69930E-08  1.00000E-35  5.64105E-02
   1.00000E+06  1.18939E-05  5.49706E-02  6.91228E-08  1.00000E-35  5.49825E-02
   1.04881E+06  1.08128E-05  5.36961E-02  6.28350E-08  1.60444E-13  5.37070E-02
   1.10000E+06  9.82999E-06  5.24363E-02  5.72400E-08  2.28109E-07  5.24464E-02
   1.17260E+06  8.65056E-06  5.07771E-02  5.06601E-08  2.01365E-06  5.07878E-02
   1.25000E+06  7.61260E-06  4.91447E-02  4.50082E-08  5.89177E-06  4.91583E-02
   1.32288E+06  6.79708E-06  4.77204E-02  4.06323E-08  1.15518E-05  4.77388E-02
   1.40000E+06  6.06894E-06  4.63246E-02  3.67772E-08  2.01106E-05  4.63508E-02
   1.50000E+06  5.28682E-06  4.46583E-02  3.26767E-08  3.42347E-05  4.46979E-02
   1.55893E+06  4.89472E-06  4.37379E-02  3.06282E-08  4.32063E-05  4.37860E-02
   1.62019E+06  4.53161E-06  4.28363E-02  2.87384E-08  5.45320E-05  4.28954E-02
   1.68384E+06  4.19551E-06  4.19396E-02  2.69971E-08  6.62285E-05  4.20100E-02
   1.75000E+06  3.88429E-06  4.10596E-02  2.53879E-08  7.99932E-05  4.11435E-02
   1.87083E+06  3.39876E-06  3.95573E-02  2.28632E-08  1.06198E-04  3.96669E-02
   2.00000E+06  2.97393E-06  3.80913E-02  2.06423E-08  1.36585E-04  3.82309E-02
   2.09762E+06  2.70358E-06  3.70704E-02  1.92177E-08  1.61394E-04  3.72346E-02
   2.20000E+06  2.45781E-06  3.60602E-02  1.79120E-08  1.86564E-04  3.62492E-02
   2.34521E+06  2.16287E-06  3.47391E-02  1.63254E-08  2.24508E-04  3.49658E-02
   2.50000E+06  1.90333E-06  3.34522E-02  1.49077E-08  2.66329E-04  3.37205E-02
   2.73861E+06  1.58612E-06  3.16698E-02  1.31292E-08  3.31529E-04  3.20030E-02
   3.00000E+06  1.32176E-06  2.99545E-02  1.16055E-08  4.04311E-04  3.03601E-02
   3.24037E+06  1.13294E-06  2.85573E-02  1.04763E-08  4.72062E-04  2.90305E-02
   3.50000E+06  9.71098E-07  2.72078E-02  9.47474E-09  5.45187E-04  2.77539E-02
   3.74166E+06  8.49710E-07  2.60756E-02  8.69614E-09  6.12200E-04  2.66887E-02
   4.00000E+06  7.43497E-07  2.49785E-02  7.99190E-09  6.82615E-04  2.56619E-02
   4.50000E+06  5.87458E-07  2.31316E-02  6.90319E-09  8.16757E-04  2.39489E-02
   5.00000E+06  4.75841E-07  2.15671E-02  6.07125E-09  9.44489E-04  2.25120E-02
   5.50000E+06  3.93258E-07  2.02251E-02  5.41556E-09  1.06590E-03  2.12914E-02
   6.00000E+06  3.30446E-07  1.90590E-02  4.88593E-09  1.18709E-03  2.02464E-02
   6.48074E+06  2.83240E-07  1.80719E-02  4.46439E-09  1.29842E-03  1.93706E-02
   7.00000E+06  2.42777E-07  1.71270E-02  4.08369E-09  1.41031E-03  1.85375E-02
   8.00000E+06  1.85876E-07  1.55863E-02  3.50560E-09  1.61418E-03  1.72007E-02
   9.00000E+06  1.46865E-07  1.43248E-02  3.06970E-09  1.80078E-03  1.61257E-02
   1.00000E+07  1.18961E-07  1.32706E-02  2.72948E-09  1.97265E-03  1.52434E-02
   1.10000E+07  9.83153E-08  1.23753E-02  2.45670E-09  2.13120E-03  1.45066E-02
   1.25000E+07  7.61348E-08  1.12572E-02  2.13593E-09  2.34755E-03  1.36048E-02
   1.40000E+07  6.06944E-08  1.03404E-02  1.88891E-09  2.54380E-03  1.28843E-02
   1.50000E+07  5.28714E-08  9.81542E-03  1.75356E-09  2.66462E-03  1.24801E-02
   1.75000E+07  3.88443E-08  8.72728E-03  1.48692E-09  2.93861E-03  1.16659E-02
   2.00000E+07  2.97403E-08  7.87326E-03  1.29046E-09  3.18081E-03  1.10541E-02
   2.20000E+07  2.45787E-08  7.31101E-03  1.16702E-09  3.35530E-03  1.06663E-02
   2.50000E+07  1.90338E-08  6.61416E-03  1.02050E-09  3.58997E-03  1.02041E-02
   3.00000E+07  1.32178E-08  5.72550E-03  8.43811E-10  3.92747E-03  9.65299E-03
   3.50000E+07  9.71110E-09  5.06181E-03  7.19216E-10  4.21314E-03  9.27497E-03
   4.00000E+07  7.43505E-09  4.54562E-03  6.26651E-10  4.45838E-03  9.00401E-03
   4.50000E+07  5.87461E-09  4.13149E-03  5.55179E-10  4.67220E-03  8.80370E-03
   5.00000E+07  4.75843E-09  3.79139E-03  4.98332E-10  4.86177E-03  8.65316E-03
   5.50000E+07  3.93259E-09  3.50667E-03  4.52039E-10  5.03159E-03  8.53827E-03
   6.00000E+07  3.30447E-09  3.26451E-03  4.13612E-10  5.18922E-03  8.45373E-03
   7.00000E+07  2.42778E-09  2.87395E-03  3.53504E-10  5.46233E-03  8.33629E-03
   8.00000E+07  1.85877E-09  2.57204E-03  3.08645E-10  5.69298E-03  8.26502E-03
   9.00000E+07  1.46865E-09  2.33101E-03  2.73886E-10  5.88896E-03  8.21997E-03
   1.00000E+08  1.18961E-09  2.13391E-03  2.46163E-10  6.05977E-03  8.19368E-03
   1.10000E+08  9.83153E-10  1.96948E-03  2.23535E-10  6.21065E-03  8.18013E-03
   1.25000E+08  7.61350E-10  1.76792E-03  1.96448E-10  6.40660E-03  8.17453E-03
   1.40000E+08  6.06946E-10  1.60600E-03  1.75215E-10  6.57471E-03  8.18071E-03
   1.50000E+08  5.28716E-10  1.51453E-03  1.63438E-10  6.67389E-03  8.18841E-03
   1.75000E+08  3.88444E-10  1.32799E-03  1.39924E-10  6.88751E-03  8.21550E-03
   2.00000E+08  2.97404E-10  1.18457E-03  1.22326E-10  7.06404E-03  8.24861E-03
   2.20000E+08  2.45788E-10  1.09150E-03  1.11143E-10  7.18506E-03  8.27657E-03
   2.50000E+08  1.90338E-10  9.77745E-04  9.77398E-11  7.34087E-03  8.31862E-03
   3.00000E+08  1.32179E-10  8.35239E-04  8.13821E-11  7.55043E-03  8.38567E-03
   3.50000E+08  9.71110E-11  7.30711E-04  6.97147E-11  7.71453E-03  8.44524E-03
   4.00000E+08  7.43507E-11  6.50576E-04  6.09732E-11  7.84824E-03  8.49881E-03
   4.50000E+08  5.87462E-11  5.87058E-04  5.41797E-11  7.95976E-03  8.54682E-03
   5.00000E+08  4.75843E-11  5.35412E-04  4.87482E-11  8.05435E-03  8.58976E-03
   5.50000E+08  3.93258E-11  4.92540E-04  4.43064E-11  8.13400E-03  8.62654E-03
   6.00000E+08  3.30446E-11  4.56345E-04  4.06065E-11  8.20672E-03  8.66306E-03
   7.00000E+08  2.42777E-11  3.98511E-04  3.47952E-11  8.32440E-03  8.72291E-03
   8.00000E+08  1.85876E-11  3.54270E-04  3.04390E-11  8.41899E-03  8.77326E-03
   9.00000E+08  1.46865E-11  3.19275E-04  2.70523E-11  8.49695E-03  8.81623E-03
   9.48683E+08  1.32178E-11  3.04743E-04  2.56838E-11  8.53002E-03  8.83476E-03
   1.00000E+09  1.18960E-11  2.90865E-04  2.43436E-11  8.56253E-03  8.85339E-03
