 # Material data file: Be                  
 # 
 # PENELOPE >>>  Photon mass attenuation coefficients (mac).
 # 
 #   Energy       mac_Ra       mac_Co       mac_ph       mac_pp       mac_tot
 #    (eV)       (cm**2/g)    (cm**2/g)    (cm**2/g)    (cm**2/g)    (cm**2/g)
 #------------------------------------------------------------------------------
   5.00000E+01  1.35474E-01  4.47592E-02  3.23608E+04  1.00000E-35  3.23610E+04
   5.24404E+01  1.32975E-01  4.47868E-02  2.97690E+04  1.00000E-35  2.97692E+04
   5.50000E+01  1.30407E-01  4.48150E-02  2.73318E+04  1.00000E-35  2.73320E+04
   5.74456E+01  1.27023E-01  4.48424E-02  2.52376E+04  1.00000E-35  2.52378E+04
   6.00000E+01  1.23324E-01  4.48705E-02  2.32640E+04  1.00000E-35  2.32642E+04
   6.23574E+01  1.19479E-01  4.48970E-02  2.16137E+04  1.00000E-35  2.16139E+04
   6.48074E+01  1.14886E-01  4.49238E-02  2.00535E+04  1.00000E-35  2.00537E+04
   6.73537E+01  1.09883E-01  4.49526E-02  1.85818E+04  1.00000E-35  1.85819E+04
   7.00000E+01  1.03961E-01  4.49813E-02  1.71964E+04  1.00000E-35  1.71965E+04
   7.48331E+01  9.16891E-02  4.50355E-02  1.49939E+04  1.00000E-35  1.49941E+04
   8.00000E+01  7.64029E-02  4.50931E-02  1.30285E+04  1.00000E-35  1.30286E+04
   8.48528E+01  6.00038E-02  4.51469E-02  1.14784E+04  1.00000E-35  1.14785E+04
   9.00000E+01  4.02675E-02  4.52035E-02  1.00899E+04  1.00000E-35  1.00900E+04
   9.48683E+01  2.07542E-02  4.52583E-02  8.97595E+03  1.00000E-35  8.97601E+03
   1.00000E+02  3.85598E-03  4.53150E-02  7.97482E+03  1.00000E-35  7.97487E+03
   1.04881E+02  1.31350E-02  4.53693E-02  7.15738E+03  1.00000E-35  7.15744E+03
   1.10000E+02  7.18696E-02  4.54263E-02  6.41735E+03  1.00000E-35  6.41746E+03
   1.15000E+02  2.50996E+00  4.54814E-02  5.79138E+03  1.00000E-35  5.79394E+03
   1.15000E+02  2.50995E+00  4.54814E-02  1.70587E+05  1.00000E-35  1.70589E+05
   1.15075E+02  2.39371E+00  4.54822E-02  1.70135E+05  1.00000E-35  1.70138E+05
   1.15150E+02  2.28292E+00  4.54830E-02  1.69683E+05  1.00000E-35  1.69686E+05
   1.15300E+02  2.07668E+00  4.54846E-02  1.68783E+05  1.00000E-35  1.68785E+05
   1.15601E+02  1.71796E+00  4.54878E-02  1.67003E+05  1.00000E-35  1.67005E+05
   1.16205E+02  1.25373E+00  4.54943E-02  1.63624E+05  1.00000E-35  1.63625E+05
   1.17422E+02  8.94541E-01  4.55082E-02  1.57546E+05  1.00000E-35  1.57547E+05
   1.18653E+02  8.71542E-01  4.55222E-02  1.52183E+05  1.00000E-35  1.52184E+05
   1.19896E+02  8.52310E-01  4.55362E-02  1.47406E+05  1.00000E-35  1.47407E+05
   1.21152E+02  8.28340E-01  4.55503E-02  1.43111E+05  1.00000E-35  1.43112E+05
   1.22421E+02  8.12291E-01  4.55643E-02  1.39215E+05  1.00000E-35  1.39216E+05
   1.23704E+02  8.00306E-01  4.55783E-02  1.35651E+05  1.00000E-35  1.35652E+05
   1.25000E+02  7.90924E-01  4.55924E-02  1.32365E+05  1.00000E-35  1.32366E+05
   1.26783E+02  7.82714E-01  4.56116E-02  1.28268E+05  1.00000E-35  1.28269E+05
   1.28592E+02  7.77951E-01  4.56324E-02  1.24514E+05  1.00000E-35  1.24515E+05
   1.30427E+02  7.76239E-01  4.56531E-02  1.21034E+05  1.00000E-35  1.21034E+05
   1.32288E+02  7.77651E-01  4.56739E-02  1.17773E+05  1.00000E-35  1.17773E+05
   1.36089E+02  7.85550E-01  4.57154E-02  1.11731E+05  1.00000E-35  1.11732E+05
   1.40000E+02  7.98186E-01  4.57589E-02  1.06122E+05  1.00000E-35  1.06122E+05
   1.44914E+02  8.16381E-01  4.58139E-02  9.96331E+04  1.00000E-35  9.96339E+04
   1.50000E+02  8.36070E-01  4.58690E-02  9.33565E+04  1.00000E-35  9.33574E+04
   1.52918E+02  8.47426E-01  4.59024E-02  8.99098E+04  1.00000E-35  8.99107E+04
   1.55893E+02  8.57666E-01  4.59357E-02  8.65005E+04  1.00000E-35  8.65014E+04
   1.58926E+02  8.67585E-01  4.59692E-02  8.31314E+04  1.00000E-35  8.31323E+04
   1.62019E+02  8.77467E-01  4.60026E-02  7.98063E+04  1.00000E-35  7.98072E+04
   1.68384E+02  8.94348E-01  4.60742E-02  7.33232E+04  1.00000E-35  7.33242E+04
   1.75000E+02  9.06844E-01  4.61469E-02  6.71235E+04  1.00000E-35  6.71244E+04
   1.80941E+02  9.13631E-01  4.62129E-02  6.20338E+04  1.00000E-35  6.20347E+04
   1.87083E+02  9.20263E-01  4.62813E-02  5.72399E+04  1.00000E-35  5.72408E+04
   2.00000E+02  9.24031E-01  4.64244E-02  4.85948E+04  1.00000E-35  4.85957E+04
   2.20000E+02  9.21627E-01  4.66457E-02  3.83674E+04  1.00000E-35  3.83683E+04
   2.34521E+02  9.17413E-01  4.68060E-02  3.27132E+04  1.00000E-35  3.27142E+04
   2.50000E+02  9.11633E-01  4.69755E-02  2.78525E+04  1.00000E-35  2.78534E+04
   2.61659E+02  9.07539E-01  4.71060E-02  2.48007E+04  1.00000E-35  2.48016E+04
   2.73861E+02  9.02142E-01  4.72394E-02  2.20578E+04  1.00000E-35  2.20587E+04
   2.86633E+02  8.96518E-01  4.73812E-02  1.95928E+04  1.00000E-35  1.95937E+04
   3.00000E+02  8.90245E-01  4.75279E-02  1.73845E+04  1.00000E-35  1.73854E+04
   3.50000E+02  8.65450E-01  4.80759E-02  1.15520E+04  1.00000E-35  1.15529E+04
   4.00000E+02  8.40494E-01  4.86262E-02  8.07318E+03  1.00000E-35  8.07407E+03
   4.24264E+02  8.29024E-01  4.88910E-02  6.87827E+03  1.00000E-35  6.87914E+03
   4.50000E+02  8.17710E-01  4.91685E-02  5.85319E+03  1.00000E-35  5.85406E+03
   5.00000E+02  7.97857E-01  4.97146E-02  4.37191E+03  1.00000E-35  4.37276E+03
   5.50000E+02  7.80311E-01  5.02561E-02  3.35020E+03  1.00000E-35  3.35103E+03
   6.00000E+02  7.64543E-01  5.07943E-02  2.62190E+03  1.00000E-35  2.62271E+03
   7.00000E+02  7.30485E-01  5.18601E-02  1.68901E+03  1.00000E-35  1.68979E+03
   8.00000E+02  6.99021E-01  5.29129E-02  1.14896E+03  1.00000E-35  1.14971E+03
   9.00000E+02  6.71029E-01  5.39523E-02  8.14942E+02  1.00000E-35  8.15667E+02
   1.00000E+03  6.44382E-01  5.49770E-02  5.97889E+02  1.00000E-35  5.98588E+02
   1.10000E+03  6.18461E-01  5.59830E-02  4.51089E+02  1.00000E-35  4.51764E+02
   1.25000E+03  5.80951E-01  5.74569E-02  3.08132E+02  1.00000E-35  3.08770E+02
   1.40000E+03  5.46703E-01  5.89059E-02  2.19295E+02  1.00000E-35  2.19901E+02
   1.50000E+03  5.25251E-01  5.98554E-02  1.78029E+02  1.00000E-35  1.78614E+02
   1.75000E+03  4.75336E-01  6.22173E-02  1.11337E+02  1.00000E-35  1.11875E+02
   2.00000E+03  4.30565E-01  6.46365E-02  7.38778E+01  1.00000E-35  7.43730E+01
   2.20000E+03  3.99659E-01  6.66258E-02  5.50080E+01  1.00000E-35  5.54743E+01
   2.50000E+03  3.59245E-01  6.97240E-02  3.69417E+01  1.00000E-35  3.73707E+01
   2.73861E+03  3.32170E-01  7.22595E-02  2.77188E+01  1.00000E-35  2.81232E+01
   3.00000E+03  3.06805E-01  7.50884E-02  2.08331E+01  1.00000E-35  2.12150E+01
   3.50000E+03  2.68243E-01  8.05631E-02  1.27809E+01  1.00000E-35  1.31297E+01
   4.00000E+03  2.38780E-01  8.59891E-02  8.34715E+00  1.00000E-35  8.67192E+00
   4.50000E+03  2.15593E-01  9.12419E-02  5.72045E+00  1.00000E-35  6.02728E+00
   5.00000E+03  1.96882E-01  9.62429E-02  4.07321E+00  1.00000E-35  4.36633E+00
   5.50000E+03  1.81344E-01  1.00957E-01  2.99235E+00  1.00000E-35  3.27466E+00
   6.00000E+03  1.67811E-01  1.05367E-01  2.25573E+00  1.00000E-35  2.52891E+00
   6.48074E+03  1.56428E-01  1.09317E-01  1.75314E+00  1.00000E-35  2.01888E+00
   7.00000E+03  1.45403E-01  1.13274E-01  1.36462E+00  1.00000E-35  1.62330E+00
   8.00000E+03  1.27020E-01  1.20066E-01  8.81143E-01  1.00000E-35  1.12823E+00
   9.00000E+03  1.11528E-01  1.25799E-01  5.98224E-01  1.00000E-35  8.35551E-01
   1.00000E+04  9.83708E-02  1.30678E-01  4.22619E-01  1.00000E-35  6.51667E-01
   1.10000E+04  8.71437E-02  1.34796E-01  3.08373E-01  1.00000E-35  5.30313E-01
   1.25000E+04  7.33023E-02  1.39725E-01  2.01843E-01  1.00000E-35  4.14870E-01
   1.40000E+04  6.23660E-02  1.43485E-01  1.38483E-01  1.00000E-35  3.44334E-01
   1.50000E+04  5.63791E-02  1.45446E-01  1.10053E-01  1.00000E-35  3.11878E-01
   1.62019E+04  5.02089E-02  1.47355E-01  8.50017E-02  1.00000E-35  2.82565E-01
   1.75000E+04  4.44738E-02  1.48960E-01  6.57877E-02  1.00000E-35  2.59222E-01
   2.00000E+04  3.57627E-02  1.51069E-01  4.20810E-02  1.00000E-35  2.28912E-01
   2.20000E+04  3.04771E-02  1.52054E-01  3.05722E-02  1.00000E-35  2.13103E-01
   2.50000E+04  2.45305E-02  1.52744E-01  1.99031E-02  1.00000E-35  1.97178E-01
   2.73861E+04  2.09638E-02  1.52880E-01  1.46199E-02  1.00000E-35  1.88464E-01
   2.86633E+04  1.93570E-02  1.52848E-01  1.25458E-02  1.00000E-35  1.84750E-01
   3.00000E+04  1.78577E-02  1.52729E-01  1.07784E-02  1.00000E-35  1.81365E-01
   3.50000E+04  1.35620E-02  1.51863E-01  6.41152E-03  1.00000E-35  1.71836E-01
   4.00000E+04  1.06408E-02  1.50576E-01  4.08631E-03  1.00000E-35  1.65303E-01
   4.50000E+04  8.55355E-03  1.49029E-01  2.74574E-03  1.00000E-35  1.60328E-01
   5.00000E+04  7.02188E-03  1.47377E-01  1.92374E-03  1.00000E-35  1.56323E-01
   5.50000E+04  5.86385E-03  1.45669E-01  1.39434E-03  1.00000E-35  1.52927E-01
   6.00000E+04  4.96870E-03  1.43937E-01  1.03938E-03  1.00000E-35  1.49945E-01
   6.48074E+04  4.28370E-03  1.42269E-01  8.00328E-04  1.00000E-35  1.47353E-01
   7.00000E+04  3.69314E-03  1.40490E-01  6.17830E-04  1.00000E-35  1.44801E-01
   8.00000E+04  2.84976E-03  1.37166E-01  3.93934E-04  1.00000E-35  1.40410E-01
   9.00000E+04  2.26402E-03  1.33999E-01  2.65051E-04  1.00000E-35  1.36528E-01
   1.00000E+05  1.84285E-03  1.31007E-01  1.86087E-04  1.00000E-35  1.33036E-01
   1.10000E+05  1.52670E-03  1.28160E-01  1.35239E-04  1.00000E-35  1.29822E-01
   1.17260E+05  1.34559E-03  1.26193E-01  1.09183E-04  1.00000E-35  1.27647E-01
   1.25000E+05  1.18595E-03  1.24177E-01  8.82760E-05  1.00000E-35  1.25451E-01
   1.40000E+05  9.48045E-04  1.20533E-01  6.05887E-05  1.00000E-35  1.21541E-01
   1.50000E+05  8.27180E-04  1.18248E-01  4.82309E-05  1.00000E-35  1.19124E-01
   1.62019E+05  7.09500E-04  1.15665E-01  3.73747E-05  1.00000E-35  1.16412E-01
   1.75000E+05  6.08567E-04  1.13049E-01  2.90712E-05  1.00000E-35  1.13687E-01
   1.87083E+05  5.32815E-04  1.10763E-01  2.33872E-05  1.00000E-35  1.11319E-01
   2.00000E+05  4.66494E-04  1.08465E-01  1.88380E-05  1.00000E-35  1.08951E-01
   2.20000E+05  3.85863E-04  1.05160E-01  1.38661E-05  1.00000E-35  1.05559E-01
   2.34521E+05  3.39753E-04  1.02945E-01  1.13068E-05  1.00000E-35  1.03296E-01
   2.50000E+05  2.99155E-04  1.00718E-01  9.24036E-06  1.00000E-35  1.01026E-01
   2.73861E+05  2.49500E-04  9.75519E-02  6.93466E-06  1.00000E-35  9.78083E-02
   2.86633E+05  2.27834E-04  9.59655E-02  6.02383E-06  1.00000E-35  9.61994E-02
   3.00000E+05  2.08047E-04  9.43975E-02  5.24388E-06  1.00000E-35  9.46108E-02
   3.24037E+05  1.78356E-04  9.17415E-02  4.14880E-06  1.00000E-35  9.19240E-02
   3.36768E+05  1.65137E-04  9.04176E-02  3.69443E-06  1.00000E-35  9.05864E-02
   3.50000E+05  1.52897E-04  8.91054E-02  3.29363E-06  1.00000E-35  8.92616E-02
   3.74166E+05  1.33800E-04  8.68395E-02  2.70407E-06  1.00000E-35  8.69760E-02
   3.86867E+05  1.25166E-04  8.57221E-02  2.45377E-06  1.00000E-35  8.58498E-02
   4.00000E+05  1.17088E-04  8.45956E-02  2.22892E-06  1.00000E-35  8.47149E-02
   4.24264E+05  1.04090E-04  8.26383E-02  1.88390E-06  1.00000E-35  8.27443E-02
   4.50000E+05  9.25334E-05  8.06908E-02  1.59686E-06  1.00000E-35  8.07849E-02
   4.74342E+05  8.32873E-05  7.89652E-02  1.38043E-06  1.00000E-35  7.90498E-02
   5.00000E+05  7.49655E-05  7.72630E-02  1.19646E-06  1.00000E-35  7.73392E-02
   5.24404E+05  6.81562E-05  7.57260E-02  1.05329E-06  1.00000E-35  7.57952E-02
   5.50000E+05  6.19652E-05  7.42113E-02  9.29295E-07  1.00000E-35  7.42742E-02
   5.74456E+05  5.68058E-05  7.28355E-02  8.30385E-07  1.00000E-35  7.28931E-02
   6.00000E+05  5.20758E-05  7.14771E-02  7.43309E-07  1.00000E-35  7.15299E-02
   6.23574E+05  4.82160E-05  7.02824E-02  6.74616E-07  1.00000E-35  7.03313E-02
   6.48074E+05  4.46423E-05  6.91031E-02  6.13208E-07  1.00000E-35  6.91483E-02
   6.73537E+05  4.13334E-05  6.79261E-02  5.58486E-07  1.00000E-35  6.79680E-02
   7.00000E+05  3.82699E-05  6.67688E-02  5.09561E-07  1.00000E-35  6.68076E-02
   7.48331E+05  3.34901E-05  6.47672E-02  4.35868E-07  1.00000E-35  6.48011E-02
   7.73735E+05  3.13289E-05  6.37792E-02  4.03782E-07  1.00000E-35  6.38110E-02
   8.00000E+05  2.93072E-05  6.27966E-02  3.74502E-07  1.00000E-35  6.28262E-02
   8.48528E+05  2.60533E-05  6.10870E-02  3.28743E-07  1.00000E-35  6.11134E-02
   9.00000E+05  2.31602E-05  5.94062E-02  2.89646E-07  1.00000E-35  5.94296E-02
   9.48683E+05  2.08447E-05  5.79146E-02  2.59323E-07  1.00000E-35  5.79357E-02
   1.00000E+06  1.87604E-05  5.64496E-02  2.32808E-07  1.00000E-35  5.64686E-02
   1.04881E+06  1.70551E-05  5.51407E-02  2.11622E-07  1.60793E-13  5.51580E-02
   1.10000E+06  1.55048E-05  5.38470E-02  1.92770E-07  3.14900E-07  5.38630E-02
   1.17260E+06  1.36444E-05  5.21432E-02  1.70596E-07  2.77521E-06  5.21598E-02
   1.25000E+06  1.20071E-05  5.04670E-02  1.51547E-07  8.10772E-06  5.04872E-02
   1.32288E+06  1.07208E-05  4.90043E-02  1.36800E-07  1.58784E-05  4.90310E-02
   1.40000E+06  9.57224E-06  4.75709E-02  1.23807E-07  2.76166E-05  4.76082E-02
   1.50000E+06  8.33857E-06  4.58598E-02  1.09986E-07  4.69777E-05  4.59152E-02
   1.55893E+06  7.72012E-06  4.49147E-02  1.03082E-07  5.92807E-05  4.49818E-02
   1.62019E+06  7.14741E-06  4.39888E-02  9.67130E-08  7.48098E-05  4.40709E-02
   1.68384E+06  6.61732E-06  4.30680E-02  9.08453E-08  9.08537E-05  4.31655E-02
   1.75000E+06  6.12648E-06  4.21642E-02  8.54220E-08  1.09736E-04  4.22802E-02
   1.87083E+06  5.36073E-06  4.06213E-02  7.69136E-08  1.45664E-04  4.07724E-02
   2.00000E+06  4.69072E-06  3.91160E-02  6.94295E-08  1.87260E-04  3.93081E-02
   2.09762E+06  4.26432E-06  3.80678E-02  6.46299E-08  2.21168E-04  3.82933E-02
   2.20000E+06  3.87670E-06  3.70304E-02  6.02316E-08  2.55521E-04  3.72898E-02
   2.34521E+06  3.41153E-06  3.56737E-02  5.48871E-08  3.07222E-04  3.59844E-02
   2.50000E+06  3.00219E-06  3.43522E-02  5.01124E-08  3.64054E-04  3.47193E-02
   2.73861E+06  2.50186E-06  3.25219E-02  4.41233E-08  4.52234E-04  3.29767E-02
   3.00000E+06  2.08488E-06  3.07604E-02  3.89933E-08  5.50121E-04  3.13126E-02
   3.24037E+06  1.78704E-06  2.93256E-02  3.51923E-08  6.40768E-04  2.99682E-02
   3.50000E+06  1.53175E-06  2.79398E-02  3.18216E-08  7.38175E-04  2.86795E-02
   3.74166E+06  1.34029E-06  2.67771E-02  2.92019E-08  8.27127E-04  2.76056E-02
   4.00000E+06  1.17275E-06  2.56505E-02  2.68326E-08  9.20297E-04  2.65720E-02
   4.50000E+06  9.26621E-07  2.37539E-02  2.31709E-08  1.09700E-03  2.48519E-02
   5.00000E+06  7.50565E-07  2.21472E-02  2.03736E-08  1.26436E-03  2.34124E-02
   5.50000E+06  6.20303E-07  2.07692E-02  1.81696E-08  1.42287E-03  2.21927E-02
   6.00000E+06  5.21229E-07  1.95717E-02  1.63897E-08  1.58055E-03  2.11528E-02
   6.48074E+06  4.46768E-07  1.85581E-02  1.49734E-08  1.72522E-03  2.02838E-02
   7.00000E+06  3.82945E-07  1.75877E-02  1.36946E-08  1.87043E-03  1.94585E-02
   8.00000E+06  2.93193E-07  1.60056E-02  1.17532E-08  2.13372E-03  1.81396E-02
   9.00000E+06  2.31659E-07  1.47101E-02  1.02897E-08  2.37506E-03  1.70854E-02
   1.00000E+07  1.87644E-07  1.36276E-02  9.14781E-09  2.59656E-03  1.62244E-02
   1.10000E+07  1.55078E-07  1.27082E-02  8.23248E-09  2.80018E-03  1.55086E-02
   1.25000E+07  1.20092E-07  1.15601E-02  7.15638E-09  3.07705E-03  1.46373E-02
   1.40000E+07  9.57370E-08  1.06186E-02  6.32788E-09  3.32833E-03  1.39470E-02
   1.50000E+07  8.33973E-08  1.00794E-02  5.87402E-09  3.48283E-03  1.35624E-02
   1.75000E+07  6.12715E-08  8.96206E-03  4.98002E-09  3.83157E-03  1.27937E-02
   2.00000E+07  4.69112E-08  8.08506E-03  4.32152E-09  4.13992E-03  1.22250E-02
   2.20000E+07  3.87696E-08  7.50771E-03  3.90782E-09  4.36097E-03  1.18687E-02
   2.50000E+07  3.00232E-08  6.79210E-03  3.41685E-09  4.65798E-03  1.14501E-02
   3.00000E+07  2.08493E-08  5.87954E-03  2.82492E-09  5.08290E-03  1.09625E-02
   3.50000E+07  1.53179E-08  5.19800E-03  2.40757E-09  5.44157E-03  1.06396E-02
   4.00000E+07  1.17277E-08  4.66791E-03  2.09757E-09  5.75096E-03  1.04189E-02
   4.50000E+07  9.26639E-09  4.24265E-03  1.85824E-09  6.01932E-03  1.02620E-02
   5.00000E+07  7.50579E-09  3.89339E-03  1.66789E-09  6.25548E-03  1.01489E-02
   5.50000E+07  6.20312E-09  3.60102E-03  1.51289E-09  6.46543E-03  1.00665E-02
   6.00000E+07  5.21234E-09  3.35234E-03  1.38425E-09  6.65963E-03  1.00120E-02
   7.00000E+07  3.82947E-09  2.95127E-03  1.18302E-09  6.99389E-03  9.94517E-03
   8.00000E+07  2.93194E-09  2.64124E-03  1.03286E-09  7.27588E-03  9.91712E-03
   9.00000E+07  2.31659E-09  2.39373E-03  9.16519E-10  7.51651E-03  9.91024E-03
   1.00000E+08  1.87644E-09  2.19133E-03  8.23729E-10  7.72664E-03  9.91797E-03
   1.10000E+08  1.55078E-09  2.02247E-03  7.47993E-10  7.91223E-03  9.93470E-03
   1.25000E+08  1.20092E-09  1.81549E-03  6.57338E-10  8.15339E-03  9.96888E-03
   1.40000E+08  9.57370E-10  1.64921E-03  5.86279E-10  8.36080E-03  1.00100E-02
   1.50000E+08  8.33973E-10  1.55527E-03  5.46867E-10  8.48362E-03  1.00389E-02
   1.75000E+08  6.12713E-10  1.36373E-03  4.68182E-10  8.74970E-03  1.01134E-02
   2.00000E+08  4.69110E-10  1.21644E-03  4.09291E-10  8.97140E-03  1.01878E-02
   2.20000E+08  3.87695E-10  1.12087E-03  3.71870E-10  9.12384E-03  1.02447E-02
   2.50000E+08  3.00231E-10  1.00405E-03  3.27020E-10  9.32039E-03  1.03244E-02
   3.00000E+08  2.08493E-10  8.57710E-04  2.72287E-10  9.58502E-03  1.04427E-02
   3.50000E+08  1.53179E-10  7.50367E-04  2.33249E-10  9.79088E-03  1.05412E-02
   4.00000E+08  1.17277E-10  6.68080E-04  2.04000E-10  9.95613E-03  1.06242E-02
   4.50000E+08  9.26639E-11  6.02853E-04  1.81269E-10  1.00920E-02  1.06949E-02
   5.00000E+08  7.50575E-11  5.49816E-04  1.63096E-10  1.02086E-02  1.07584E-02
   5.50000E+08  6.20309E-11  5.05791E-04  1.48235E-10  1.03096E-02  1.08154E-02
   6.00000E+08  5.21234E-11  4.68624E-04  1.35856E-10  1.04020E-02  1.08707E-02
   7.00000E+08  3.82948E-11  4.09232E-04  1.16413E-10  1.05459E-02  1.09551E-02
   8.00000E+08  2.93195E-11  3.63801E-04  1.01838E-10  1.06599E-02  1.10237E-02
   9.00000E+08  2.31660E-11  3.27864E-04  9.05065E-11  1.07561E-02  1.10840E-02
   9.48683E+08  2.08494E-11  3.12941E-04  8.59279E-11  1.07976E-02  1.11105E-02
   1.00000E+09  1.87644E-11  2.98691E-04  8.14448E-11  1.08385E-02  1.11372E-02
