 # Material data file: Er                  
 # 
 # PENELOPE >>>  Photon mass attenuation coefficients (mac).
 # 
 #   Energy       mac_Ra       mac_Co       mac_ph       mac_pp       mac_tot
 #    (eV)       (cm**2/g)    (cm**2/g)    (cm**2/g)    (cm**2/g)    (cm**2/g)
 #------------------------------------------------------------------------------
   5.00000E+01  4.38507E-01  3.76879E-03  3.00145E+04  1.00000E-35  3.00150E+04
   5.09713E+01  4.27871E-01  3.78745E-03  2.93646E+04  1.00000E-35  2.93650E+04
   5.19615E+01  4.17525E-01  3.80621E-03  2.87801E+04  1.00000E-35  2.87805E+04
   5.29710E+01  4.08323E-01  3.82507E-03  2.82574E+04  1.00000E-35  2.82579E+04
   5.40000E+01  4.04583E-01  3.84401E-03  2.77933E+04  1.00000E-35  2.77937E+04
   5.40000E+01  4.04583E-01  3.84401E-03  2.79976E+04  1.00000E-35  2.79980E+04
   5.40310E+01  4.04430E-01  3.84458E-03  2.79845E+04  1.00000E-35  2.79849E+04
   5.40620E+01  4.04276E-01  3.84514E-03  2.79715E+04  1.00000E-35  2.79719E+04
   5.41240E+01  4.03970E-01  3.84627E-03  2.79456E+04  1.00000E-35  2.79460E+04
   5.42483E+01  4.03357E-01  3.84854E-03  2.78943E+04  1.00000E-35  2.78947E+04
   5.44977E+01  4.02054E-01  3.85361E-03  2.77941E+04  1.00000E-35  2.77945E+04
   5.50000E+01  3.98768E-01  3.86568E-03  2.76030E+04  1.00000E-35  2.76034E+04
   5.62095E+01  3.92277E-01  3.89443E-03  2.71976E+04  1.00000E-35  2.71980E+04
   5.74456E+01  3.91651E-01  3.92340E-03  2.68541E+04  1.00000E-35  2.68545E+04
   5.87089E+01  3.92335E-01  3.95258E-03  2.65674E+04  1.00000E-35  2.65678E+04
   6.00000E+01  3.94154E-01  3.98660E-03  2.63323E+04  1.00000E-35  2.63327E+04
   6.11673E+01  3.95887E-01  4.01956E-03  2.61628E+04  1.00000E-35  2.61632E+04
   6.23574E+01  3.98407E-01  4.05280E-03  2.60257E+04  1.00000E-35  2.60261E+04
   6.48074E+01  4.04246E-01  4.12183E-03  2.58350E+04  1.00000E-35  2.58354E+04
   6.73537E+01  4.12992E-01  4.20165E-03  2.57343E+04  1.00000E-35  2.57347E+04
   7.00000E+01  4.23378E-01  4.28302E-03  2.56993E+04  1.00000E-35  2.56998E+04
   7.48331E+01  4.48425E-01  4.44494E-03  2.57317E+04  1.00000E-35  2.57322E+04
   8.00000E+01  4.81015E-01  4.62499E-03  2.58114E+04  1.00000E-35  2.58119E+04
   9.00000E+01  5.56779E-01  4.98758E-03  2.59213E+04  1.00000E-35  2.59219E+04
   9.48683E+01  5.98266E-01  5.17137E-03  2.59320E+04  1.00000E-35  2.59326E+04
   1.00000E+02  6.43749E-01  5.36466E-03  2.59108E+04  1.00000E-35  2.59114E+04
   1.04881E+02  6.89600E-01  5.54970E-03  2.58566E+04  1.00000E-35  2.58573E+04
   1.10000E+02  7.38717E-01  5.74295E-03  2.57597E+04  1.00000E-35  2.57605E+04
   1.13572E+02  7.74056E-01  5.87716E-03  2.56651E+04  1.00000E-35  2.56659E+04
   1.17260E+02  8.11263E-01  6.01454E-03  2.55428E+04  1.00000E-35  2.55436E+04
   1.21068E+02  8.50256E-01  6.15526E-03  2.53899E+04  1.00000E-35  2.53907E+04
   1.25000E+02  8.91131E-01  6.29929E-03  2.52041E+04  1.00000E-35  2.52050E+04
   1.28592E+02  9.28927E-01  6.42891E-03  2.50111E+04  1.00000E-35  2.50121E+04
   1.32288E+02  9.66989E-01  6.56050E-03  2.47916E+04  1.00000E-35  2.47926E+04
   1.36089E+02  1.00625E+00  6.69473E-03  2.45463E+04  1.00000E-35  2.45473E+04
   1.40000E+02  1.04401E+00  6.83007E-03  2.42767E+04  1.00000E-35  2.42777E+04
   1.44914E+02  1.09128E+00  6.99692E-03  2.39181E+04  1.00000E-35  2.39192E+04
   1.50000E+02  1.14069E+00  7.16778E-03  2.35296E+04  1.00000E-35  2.35307E+04
   1.55221E+02  1.19189E+00  7.33611E-03  2.31176E+04  1.00000E-35  2.31188E+04
   1.60624E+02  4.73724E+00  7.50841E-03  2.26814E+04  1.00000E-35  2.26861E+04
   1.66215E+02  3.08497E+00  7.68120E-03  2.22219E+04  1.00000E-35  2.22250E+04
   1.72000E+02  2.79576E+00  7.85489E-03  2.17393E+04  1.00000E-35  2.17421E+04
   1.72000E+02  2.79576E+00  7.85489E-03  2.31441E+04  1.00000E-35  2.31469E+04
   1.72093E+02  2.71861E+00  7.85767E-03  2.31372E+04  1.00000E-35  2.31400E+04
   1.72186E+02  2.64362E+00  7.86044E-03  2.31305E+04  1.00000E-35  2.31331E+04
   1.72372E+02  2.50613E+00  7.86599E-03  2.31171E+04  1.00000E-35  2.31196E+04
   1.72745E+02  2.25204E+00  7.87711E-03  2.30915E+04  1.00000E-35  2.30937E+04
   1.73494E+02  1.81822E+00  7.89942E-03  2.30463E+04  1.00000E-35  2.30481E+04
   1.75000E+02  1.48907E+00  7.94416E-03  2.29757E+04  1.00000E-35  2.29772E+04
   1.81000E+02  1.53538E+00  8.11681E-03  2.28292E+04  1.00000E-35  2.28307E+04
   1.81000E+02  1.53538E+00  8.11681E-03  2.38159E+04  1.00000E-35  2.38175E+04
   1.81141E+02  1.53926E+00  8.12076E-03  2.38106E+04  1.00000E-35  2.38122E+04
   1.81283E+02  1.54316E+00  8.12475E-03  2.38052E+04  1.00000E-35  2.38068E+04
   1.81565E+02  1.55094E+00  8.13266E-03  2.37943E+04  1.00000E-35  2.37958E+04
   1.82133E+02  1.56712E+00  8.14857E-03  2.37731E+04  1.00000E-35  2.37747E+04
   1.83273E+02  1.60208E+00  8.18046E-03  2.37310E+04  1.00000E-35  2.37326E+04
   1.85574E+02  1.67408E+00  8.24460E-03  2.36369E+04  1.00000E-35  2.36386E+04
   1.87904E+02  1.74446E+00  8.30924E-03  2.35155E+04  1.00000E-35  2.35172E+04
   1.90263E+02  1.81081E+00  8.37438E-03  2.33519E+04  1.00000E-35  2.33537E+04
   1.92652E+02  1.87059E+00  8.44005E-03  2.31339E+04  1.00000E-35  2.31358E+04
   1.95071E+02  1.92317E+00  8.50382E-03  2.28593E+04  1.00000E-35  2.28613E+04
   1.97520E+02  1.97082E+00  8.56738E-03  2.25377E+04  1.00000E-35  2.25397E+04
   2.00000E+02  2.00943E+00  8.63141E-03  2.21839E+04  1.00000E-35  2.21859E+04
   2.04823E+02  2.06977E+00  8.75504E-03  2.14653E+04  1.00000E-35  2.14673E+04
   2.09762E+02  2.11334E+00  8.88042E-03  2.07362E+04  1.00000E-35  2.07383E+04
   2.20000E+02  2.17442E+00  9.12429E-03  1.93454E+04  1.00000E-35  1.93476E+04
   2.27144E+02  2.20274E+00  9.29116E-03  1.84989E+04  1.00000E-35  1.85011E+04
   2.34521E+02  2.22766E+00  9.45415E-03  1.77307E+04  1.00000E-35  1.77330E+04
   2.42137E+02  2.25284E+00  9.61798E-03  1.70352E+04  1.00000E-35  1.70375E+04
   2.50000E+02  2.27831E+00  9.78339E-03  1.64012E+04  1.00000E-35  1.64035E+04
   2.61659E+02  2.31513E+00  1.00127E-02  1.55799E+04  1.00000E-35  1.55822E+04
   2.73861E+02  2.35388E+00  1.02442E-02  1.48279E+04  1.00000E-35  1.48303E+04
   3.00000E+02  2.42165E+00  1.06974E-02  1.34488E+04  1.00000E-35  1.34512E+04
   3.23000E+02  2.60424E+00  1.10594E-02  1.24140E+04  1.00000E-35  1.24166E+04
   3.23000E+02  2.60424E+00  1.10594E-02  1.34232E+04  1.00000E-35  1.34258E+04
   3.23203E+02  2.60617E+00  1.10624E-02  1.34144E+04  1.00000E-35  1.34170E+04
   3.23405E+02  2.60810E+00  1.10653E-02  1.34055E+04  1.00000E-35  1.34082E+04
   3.23811E+02  2.61197E+00  1.10713E-02  1.33879E+04  1.00000E-35  1.33906E+04
   3.24625E+02  2.61973E+00  1.10832E-02  1.33527E+04  1.00000E-35  1.33553E+04
   3.26258E+02  2.63532E+00  1.11070E-02  1.32824E+04  1.00000E-35  1.32850E+04
   3.29548E+02  2.66367E+00  1.11547E-02  1.31424E+04  1.00000E-35  1.31450E+04
   3.36229E+02  2.71010E+00  1.12508E-02  1.28644E+04  1.00000E-35  1.28671E+04
   3.50000E+02  2.79602E+00  1.14447E-02  1.23153E+04  1.00000E-35  1.23181E+04
   3.65000E+02  2.90397E+00  1.16400E-02  1.17492E+04  1.00000E-35  1.17521E+04
   3.65000E+02  2.90397E+00  1.16400E-02  1.20006E+04  1.00000E-35  1.20036E+04
   3.65261E+02  2.90590E+00  1.16433E-02  1.19910E+04  1.00000E-35  1.19939E+04
   3.65523E+02  2.90783E+00  1.16467E-02  1.19814E+04  1.00000E-35  1.19843E+04
   3.66046E+02  2.91170E+00  1.16534E-02  1.19622E+04  1.00000E-35  1.19651E+04
   3.67095E+02  2.91908E+00  1.16669E-02  1.19237E+04  1.00000E-35  1.19267E+04
   3.69202E+02  2.93344E+00  1.16938E-02  1.18470E+04  1.00000E-35  1.18499E+04
   3.73452E+02  2.95967E+00  1.17479E-02  1.16939E+04  1.00000E-35  1.16969E+04
   3.82099E+02  3.01187E+00  1.18552E-02  1.13899E+04  1.00000E-35  1.13929E+04
   4.00000E+02  3.10373E+00  1.20637E-02  1.07907E+04  1.00000E-35  1.07939E+04
   4.24264E+02  3.20259E+00  1.23304E-02  1.00417E+04  1.00000E-35  1.00450E+04
   4.50000E+02  3.35202E+00  1.25942E-02  9.31844E+03  1.00000E-35  9.32181E+03
   4.52000E+02  3.36362E+00  1.26133E-02  9.26490E+03  1.00000E-35  9.26828E+03
   4.52000E+02  3.36362E+00  1.26133E-02  9.59759E+03  1.00000E-35  9.60096E+03
   4.52357E+02  3.36568E+00  1.26167E-02  9.58610E+03  1.00000E-35  9.58948E+03
   4.52713E+02  3.36775E+00  1.26200E-02  9.57461E+03  1.00000E-35  9.57799E+03
   4.53428E+02  3.37158E+00  1.26268E-02  9.55179E+03  1.00000E-35  9.55517E+03
   4.54860E+02  3.37905E+00  1.26404E-02  9.50725E+03  1.00000E-35  9.51064E+03
   4.57738E+02  3.39403E+00  1.26676E-02  9.42203E+03  1.00000E-35  9.42543E+03
   4.63550E+02  3.42419E+00  1.27221E-02  9.26173E+03  1.00000E-35  9.26517E+03
   4.75395E+02  3.48369E+00  1.28319E-02  8.96192E+03  1.00000E-35  8.96542E+03
   4.87542E+02  3.53074E+00  1.29426E-02  8.66996E+03  1.00000E-35  8.67350E+03
   5.00000E+02  3.57843E+00  1.30494E-02  8.37904E+03  1.00000E-35  8.38263E+03
   5.24404E+02  3.66166E+00  1.32520E-02  7.84124E+03  1.00000E-35  7.84492E+03
   5.50000E+02  3.73682E+00  1.34510E-02  7.32508E+03  1.00000E-35  7.32883E+03
   5.74456E+02  3.79583E+00  1.36325E-02  6.87160E+03  1.00000E-35  6.87541E+03
   6.00000E+02  3.85197E+00  1.38102E-02  6.43684E+03  1.00000E-35  6.44071E+03
   6.23574E+02  3.88908E+00  1.39682E-02  6.06780E+03  1.00000E-35  6.07170E+03
   6.48074E+02  3.92486E+00  1.41243E-02  5.71329E+03  1.00000E-35  5.71723E+03
   6.73537E+02  3.95101E+00  1.42806E-02  5.37276E+03  1.00000E-35  5.37673E+03
   7.00000E+02  3.97294E+00  1.44369E-02  5.04735E+03  1.00000E-35  5.05134E+03
   7.48331E+02  3.98909E+00  1.47086E-02  4.51985E+03  1.00000E-35  4.52385E+03
   8.00000E+02  3.97570E+00  1.49834E-02  4.03522E+03  1.00000E-35  4.03921E+03
   8.48528E+02  3.94050E+00  1.52316E-02  3.64227E+03  1.00000E-35  3.64622E+03
   9.00000E+02  3.88635E+00  1.54862E-02  3.28128E+03  1.00000E-35  3.28518E+03
   9.48683E+02  3.81489E+00  1.57216E-02  2.98352E+03  1.00000E-35  2.98735E+03
   1.00000E+03  3.71615E+00  1.59673E-02  2.70832E+03  1.00000E-35  2.71205E+03
   1.04881E+03  3.59858E+00  1.61957E-02  2.47827E+03  1.00000E-35  2.48188E+03
   1.10000E+03  3.44403E+00  1.64388E-02  2.26524E+03  1.00000E-35  2.26870E+03
   1.17260E+03  3.16394E+00  1.67803E-02  2.00398E+03  1.00000E-35  2.00716E+03
   1.25000E+03  2.74738E+00  1.71443E-02  1.76939E+03  1.00000E-35  1.77216E+03
   1.32288E+03  2.15338E+00  1.74944E-02  1.58176E+03  1.00000E-35  1.58393E+03
   1.40000E+03  2.18332E+00  1.78704E-02  1.41192E+03  1.00000E-35  1.41412E+03
   1.41200E+03  2.44815E+00  1.79292E-02  1.38780E+03  1.00000E-35  1.39026E+03
   1.41200E+03  2.44815E+00  1.79292E-02  1.47861E+03  1.00000E-35  1.48108E+03
   1.41335E+03  2.47201E+00  1.79358E-02  1.53118E+03  1.00000E-35  1.53367E+03
   1.41471E+03  2.49626E+00  1.79424E-02  1.61255E+03  1.00000E-35  1.61507E+03
   1.41607E+03  2.52073E+00  1.79490E-02  1.72403E+03  1.00000E-35  1.72656E+03
   1.41743E+03  2.54540E+00  1.79557E-02  1.86498E+03  1.00000E-35  1.86754E+03
   1.41879E+03  2.57030E+00  1.79623E-02  2.03150E+03  1.00000E-35  2.03408E+03
   1.42015E+03  2.61215E+00  1.79689E-02  2.21642E+03  1.00000E-35  2.21905E+03
   1.42151E+03  2.65886E+00  1.79755E-02  2.41036E+03  1.00000E-35  2.41303E+03
   1.42287E+03  2.70636E+00  1.79821E-02  2.60348E+03  1.00000E-35  2.60621E+03
   1.42424E+03  2.75502E+00  1.79888E-02  2.78740E+03  1.00000E-35  2.79017E+03
   1.42561E+03  2.80451E+00  1.79955E-02  2.95636E+03  1.00000E-35  2.95918E+03
   1.42697E+03  2.85446E+00  1.80021E-02  3.10756E+03  1.00000E-35  3.11044E+03
   1.42834E+03  2.90564E+00  1.80087E-02  3.24063E+03  1.00000E-35  3.24355E+03
   1.42971E+03  2.95768E+00  1.80154E-02  3.35681E+03  1.00000E-35  3.35978E+03
   1.43108E+03  3.01060E+00  1.80220E-02  3.45823E+03  1.00000E-35  3.46126E+03
   1.43246E+03  3.06359E+00  1.80287E-02  3.54725E+03  1.00000E-35  3.55033E+03
   1.43383E+03  3.11196E+00  1.80353E-02  3.62607E+03  1.00000E-35  3.62920E+03
   1.43521E+03  3.16140E+00  1.80420E-02  3.69656E+03  1.00000E-35  3.69974E+03
   1.43658E+03  3.21121E+00  1.80486E-02  3.76022E+03  1.00000E-35  3.76345E+03
   1.43796E+03  3.26214E+00  1.80553E-02  3.81819E+03  1.00000E-35  3.82147E+03
   1.43934E+03  3.31382E+00  1.80619E-02  3.87126E+03  1.00000E-35  3.87459E+03
   1.44072E+03  3.36627E+00  1.80686E-02  3.91997E+03  1.00000E-35  3.92336E+03
   1.44210E+03  3.41949E+00  1.80753E-02  3.96462E+03  1.00000E-35  3.96806E+03
   1.44349E+03  3.47391E+00  1.80820E-02  4.00541E+03  1.00000E-35  4.00890E+03
   1.44487E+03  3.52873E+00  1.80886E-02  4.04250E+03  1.00000E-35  4.04604E+03
   1.44765E+03  3.56472E+00  1.81020E-02  4.10568E+03  1.00000E-35  4.10927E+03
   1.45043E+03  3.58125E+00  1.81154E-02  4.15451E+03  1.00000E-35  4.15811E+03
   1.45321E+03  3.59783E+00  1.81287E-02  4.18968E+03  1.00000E-35  4.19330E+03
   1.45600E+03  3.61451E+00  1.81421E-02  4.21251E+03  1.00000E-35  4.21614E+03
   1.45600E+03  3.61451E+00  1.81421E-02  4.27678E+03  1.00000E-35  4.28041E+03
   1.46143E+03  3.62301E+00  1.81681E-02  4.52957E+03  1.00000E-35  4.53321E+03
   1.46279E+03  3.61870E+00  1.81746E-02  4.63294E+03  1.00000E-35  4.63657E+03
   1.46415E+03  3.61439E+00  1.81811E-02  4.74729E+03  1.00000E-35  4.75092E+03
   1.46688E+03  3.60576E+00  1.81941E-02  4.98593E+03  1.00000E-35  4.98955E+03
   1.46824E+03  3.60148E+00  1.82010E-02  5.09895E+03  1.00000E-35  5.10257E+03
   1.46961E+03  3.59718E+00  1.82080E-02  5.20249E+03  1.00000E-35  5.20611E+03
   1.47098E+03  3.59288E+00  1.82151E-02  5.29485E+03  1.00000E-35  5.29846E+03
   1.47235E+03  3.58916E+00  1.82221E-02  5.37586E+03  1.00000E-35  5.37946E+03
   1.47372E+03  3.60432E+00  1.82292E-02  5.44625E+03  1.00000E-35  5.44987E+03
   1.47509E+03  3.61952E+00  1.82362E-02  5.50735E+03  1.00000E-35  5.51098E+03
   1.47646E+03  3.63478E+00  1.82433E-02  5.56056E+03  1.00000E-35  5.56421E+03
   1.47784E+03  3.65019E+00  1.82504E-02  5.60726E+03  1.00000E-35  5.61093E+03
   1.48059E+03  3.68107E+00  1.82645E-02  5.68550E+03  1.00000E-35  5.68920E+03
   1.48335E+03  3.71226E+00  1.82786E-02  5.74869E+03  1.00000E-35  5.75242E+03
   1.48611E+03  3.74486E+00  1.82928E-02  5.80024E+03  1.00000E-35  5.80401E+03
   1.48888E+03  3.79639E+00  1.83069E-02  5.84154E+03  1.00000E-35  5.84536E+03
   1.49165E+03  3.84854E+00  1.83211E-02  5.87319E+03  1.00000E-35  5.87706E+03
   1.49443E+03  3.90149E+00  1.83353E-02  5.89544E+03  1.00000E-35  5.89936E+03
   1.49721E+03  3.95508E+00  1.83494E-02  5.90869E+03  1.00000E-35  5.91266E+03
   1.50000E+03  4.00930E+00  1.83636E-02  5.91359E+03  1.00000E-35  5.91761E+03
   1.50362E+03  4.07874E+00  1.83821E-02  5.90916E+03  1.00000E-35  5.91326E+03
   1.50724E+03  4.14920E+00  1.84004E-02  5.89490E+03  1.00000E-35  5.89907E+03
   1.51452E+03  4.29228E+00  1.84373E-02  5.84791E+03  1.00000E-35  5.85223E+03
   1.52918E+03  4.56368E+00  1.85113E-02  5.73385E+03  1.00000E-35  5.73843E+03
   1.54399E+03  4.80892E+00  1.85857E-02  5.61831E+03  1.00000E-35  5.62314E+03
   1.55893E+03  5.02465E+00  1.86602E-02  5.49550E+03  1.00000E-35  5.50054E+03
   1.62019E+03  5.61077E+00  1.89701E-02  5.01037E+03  1.00000E-35  5.01600E+03
   1.68384E+03  5.87534E+00  1.92990E-02  4.56550E+03  1.00000E-35  4.57139E+03
   1.75000E+03  5.91571E+00  1.96376E-02  4.15480E+03  1.00000E-35  4.16073E+03
   1.81500E+03  6.40340E+00  1.99801E-02  3.80087E+03  1.00000E-35  3.80729E+03
   1.81500E+03  6.40340E+00  1.99801E-02  4.38976E+03  1.00000E-35  4.39618E+03
   1.81638E+03  6.42027E+00  1.99873E-02  4.38224E+03  1.00000E-35  4.38868E+03
   1.81775E+03  6.43706E+00  1.99944E-02  4.37471E+03  1.00000E-35  4.38117E+03
   1.82051E+03  6.46948E+00  2.00088E-02  4.35970E+03  1.00000E-35  4.36619E+03
   1.82604E+03  6.52759E+00  2.00376E-02  4.32981E+03  1.00000E-35  4.33636E+03
   1.83716E+03  6.64362E+00  2.00953E-02  4.27059E+03  1.00000E-35  4.27725E+03
   1.85958E+03  6.80291E+00  2.02112E-02  4.15436E+03  1.00000E-35  4.16119E+03
   1.90526E+03  6.98044E+00  2.04492E-02  3.93016E+03  1.00000E-35  3.93716E+03
   2.00000E+03  7.22991E+00  2.09515E-02  3.51220E+03  1.00000E-35  3.51945E+03
   2.00800E+03  7.27324E+00  2.09934E-02  3.47946E+03  1.00000E-35  3.48675E+03
   2.00800E+03  7.27324E+00  2.09934E-02  3.67824E+03  1.00000E-35  3.68553E+03
   2.00943E+03  7.28099E+00  2.10008E-02  3.67741E+03  1.00000E-35  3.68471E+03
   2.01087E+03  7.28880E+00  2.10084E-02  3.67467E+03  1.00000E-35  3.68198E+03
   2.01374E+03  7.30437E+00  2.10234E-02  3.66783E+03  1.00000E-35  3.67516E+03
   2.01949E+03  7.33403E+00  2.10534E-02  3.65005E+03  1.00000E-35  3.65740E+03
   2.03105E+03  7.39377E+00  2.11135E-02  3.60047E+03  1.00000E-35  3.60788E+03
   2.04268E+03  7.44100E+00  2.11739E-02  3.55013E+03  1.00000E-35  3.55759E+03
   2.05437E+03  7.48345E+00  2.12344E-02  3.50433E+03  1.00000E-35  3.51184E+03
   2.10181E+03  7.58636E+00  2.14895E-02  3.32725E+03  1.00000E-35  3.33486E+03
   2.20000E+03  7.71868E+00  2.20104E-02  2.99640E+03  1.00000E-35  3.00414E+03
   2.22000E+03  7.79812E+00  2.21152E-02  2.93423E+03  1.00000E-35  2.94205E+03
   2.22000E+03  7.79812E+00  2.21152E-02  3.07685E+03  1.00000E-35  3.08467E+03
   2.22206E+03  7.80661E+00  2.21259E-02  3.06642E+03  1.00000E-35  3.07425E+03
   2.22412E+03  7.81511E+00  2.21367E-02  3.05702E+03  1.00000E-35  3.06486E+03
   2.22826E+03  7.83218E+00  2.21583E-02  3.04048E+03  1.00000E-35  3.04833E+03
   2.23654E+03  7.86169E+00  2.22014E-02  3.01312E+03  1.00000E-35  3.02100E+03
   2.25321E+03  7.91569E+00  2.22914E-02  2.96527E+03  1.00000E-35  2.97320E+03
   2.28691E+03  7.98612E+00  2.24733E-02  2.86620E+03  1.00000E-35  2.87420E+03
   2.35584E+03  8.07206E+00  2.28416E-02  2.67740E+03  1.00000E-35  2.68550E+03
   2.50000E+03  8.13705E+00  2.36093E-02  2.33338E+03  1.00000E-35  2.34154E+03
   2.73861E+03  8.11595E+00  2.48802E-02  1.88383E+03  1.00000E-35  1.89197E+03
   3.00000E+03  7.97242E+00  2.62641E-02  1.51605E+03  1.00000E-35  1.52405E+03
   3.24037E+03  7.78307E+00  2.75240E-02  1.25898E+03  1.00000E-35  1.26679E+03
   3.50000E+03  7.54582E+00  2.88672E-02  1.04363E+03  1.00000E-35  1.05121E+03
   3.74166E+03  7.31991E+00  3.00976E-02  8.85909E+02  1.00000E-35  8.93259E+02
   4.00000E+03  7.06317E+00  3.13913E-02  7.51183E+02  1.00000E-35  7.58278E+02
   4.50000E+03  6.56375E+00  3.38201E-02  5.60089E+02  1.00000E-35  5.66686E+02
   5.00000E+03  6.07653E+00  3.61524E-02  4.29665E+02  1.00000E-35  4.35778E+02
   5.50000E+03  5.61104E+00  3.83889E-02  3.37417E+02  1.00000E-35  3.43066E+02
   6.00000E+03  5.17088E+00  4.05191E-02  2.70217E+02  1.00000E-35  2.75428E+02
   7.00000E+03  4.32816E+00  4.44704E-02  1.81737E+02  1.00000E-35  1.86110E+02
   8.00000E+03  3.33448E+00  4.80932E-02  1.28498E+02  1.00000E-35  1.31880E+02
   8.36100E+03  2.75767E+00  4.93310E-02  1.14512E+02  1.00000E-35  1.17319E+02
   8.36100E+03  2.75767E+00  4.93310E-02  3.08378E+02  1.00000E-35  3.11185E+02
   8.36581E+03  2.76036E+00  4.93473E-02  3.08014E+02  1.00000E-35  3.10824E+02
   8.37063E+03  2.76304E+00  4.93637E-02  3.07649E+02  1.00000E-35  3.10462E+02
   8.38026E+03  2.76842E+00  4.93964E-02  3.06920E+02  1.00000E-35  3.09738E+02
   8.39957E+03  2.78548E+00  4.94619E-02  3.05452E+02  1.00000E-35  3.08287E+02
   8.43833E+03  2.85682E+00  4.95932E-02  3.02436E+02  1.00000E-35  3.05343E+02
   8.51637E+03  2.99881E+00  4.98567E-02  2.95977E+02  1.00000E-35  2.99026E+02
   8.67462E+03  3.16771E+00  5.03869E-02  2.82639E+02  1.00000E-35  2.85857E+02
   9.00000E+03  3.13880E+00  5.14512E-02  2.56262E+02  1.00000E-35  2.59452E+02
   9.26700E+03  2.99290E+00  5.23121E-02  2.36983E+02  1.00000E-35  2.40028E+02
   9.26700E+03  2.99290E+00  5.23121E-02  3.19518E+02  1.00000E-35  3.22564E+02
   9.27442E+03  2.99284E+00  5.23359E-02  3.26129E+02  1.00000E-35  3.29174E+02
   9.28184E+03  2.99279E+00  5.23597E-02  3.26995E+02  1.00000E-35  3.30040E+02
   9.29671E+03  2.99769E+00  5.24073E-02  3.22565E+02  1.00000E-35  3.25616E+02
   9.30416E+03  3.00293E+00  5.24311E-02  3.21238E+02  1.00000E-35  3.24294E+02
   9.31160E+03  3.00817E+00  5.24549E-02  3.20631E+02  1.00000E-35  3.23692E+02
   9.32652E+03  3.01870E+00  5.25026E-02  3.19863E+02  1.00000E-35  3.22934E+02
   9.38642E+03  3.06150E+00  5.26937E-02  3.14394E+02  1.00000E-35  3.17508E+02
   9.44671E+03  3.10645E+00  5.28837E-02  3.09696E+02  1.00000E-35  3.12855E+02
   9.50738E+03  3.13587E+00  5.30729E-02  3.04690E+02  1.00000E-35  3.07879E+02
   9.75400E+03  3.21761E+00  5.38367E-02  2.84838E+02  1.00000E-35  2.88109E+02
   9.75400E+03  3.21761E+00  5.38367E-02  3.32503E+02  1.00000E-35  3.35774E+02
   9.76160E+03  3.22252E+00  5.38601E-02  3.28608E+02  1.00000E-35  3.31885E+02
   9.76920E+03  3.22742E+00  5.38835E-02  3.27223E+02  1.00000E-35  3.30504E+02
   9.78442E+03  3.23727E+00  5.39303E-02  3.26706E+02  1.00000E-35  3.29998E+02
   9.79966E+03  3.24713E+00  5.39772E-02  3.25770E+02  1.00000E-35  3.29071E+02
   9.81493E+03  3.25704E+00  5.40241E-02  3.24301E+02  1.00000E-35  3.27612E+02
   9.87623E+03  3.29895E+00  5.42121E-02  3.19240E+02  1.00000E-35  3.22593E+02
   1.00000E+04  3.36832E+00  5.45901E-02  3.09374E+02  1.00000E-35  3.12797E+02
   1.10000E+04  3.37634E+00  5.75234E-02  2.42650E+02  1.00000E-35  2.46084E+02
   1.25000E+04  3.09722E+00  6.15683E-02  1.74349E+02  1.00000E-35  1.77507E+02
   1.40000E+04  2.77938E+00  6.52495E-02  1.29638E+02  1.00000E-35  1.32483E+02
   1.50000E+04  2.58004E+00  6.75193E-02  1.08103E+02  1.00000E-35  1.10751E+02
   1.75000E+04  2.15929E+00  7.26504E-02  7.18045E+01  1.00000E-35  7.40364E+01
   2.00000E+04  1.82900E+00  7.71189E-02  5.02042E+01  1.00000E-35  5.21103E+01
   2.20000E+04  1.61699E+00  8.02495E-02  3.88188E+01  1.00000E-35  4.05160E+01
   2.50000E+04  1.35691E+00  8.42791E-02  2.74365E+01  1.00000E-35  2.88777E+01
   3.00000E+04  1.03544E+00  8.96150E-02  1.66634E+01  1.00000E-35  1.77884E+01
   3.50000E+04  8.13164E-01  9.36005E-02  1.08981E+01  1.00000E-35  1.18048E+01
   4.00000E+04  6.51877E-01  9.66186E-02  7.52904E+00  1.00000E-35  8.27754E+00
   4.50000E+04  5.28965E-01  9.88779E-02  5.42583E+00  1.00000E-35  6.05368E+00
   5.00000E+04  4.33039E-01  1.00608E-01  4.04354E+00  1.00000E-35  4.57719E+00
   5.50000E+04  3.45955E-01  1.01913E-01  3.09679E+00  1.00000E-35  3.54466E+00
   5.74890E+04  2.86013E-01  1.02409E-01  2.73545E+00  1.00000E-35  3.12387E+00
   5.74890E+04  2.86013E-01  1.02409E-01  1.52730E+01  1.00000E-35  1.56615E+01
   5.75274E+04  2.85447E-01  1.02417E-01  1.45226E+01  1.00000E-35  1.49104E+01
   5.75659E+04  2.85374E-01  1.02424E-01  1.44368E+01  1.00000E-35  1.48246E+01
   5.76043E+04  2.85674E-01  1.02431E-01  1.44463E+01  1.00000E-35  1.48344E+01
   5.76428E+04  2.85976E-01  1.02438E-01  1.43950E+01  1.00000E-35  1.47834E+01
   5.76813E+04  2.86277E-01  1.02445E-01  1.43725E+01  1.00000E-35  1.47612E+01
   5.77199E+04  2.86579E-01  1.02453E-01  1.43656E+01  1.00000E-35  1.47547E+01
   5.77970E+04  2.87183E-01  1.02467E-01  1.43219E+01  1.00000E-35  1.47115E+01
   5.81067E+04  2.89925E-01  1.02524E-01  1.41316E+01  1.00000E-35  1.45241E+01
   5.87311E+04  3.00901E-01  1.02639E-01  1.37590E+01  1.00000E-35  1.41625E+01
   6.00000E+04  3.11905E-01  1.02870E-01  1.30281E+01  1.00000E-35  1.34429E+01
   6.48074E+04  2.98917E-01  1.03515E-01  1.06596E+01  1.00000E-35  1.10620E+01
   7.00000E+04  2.72432E-01  1.03979E-01  8.71216E+00  1.00000E-35  9.08857E+00
   8.00000E+04  2.24359E-01  1.04342E-01  6.11727E+00  1.00000E-35  6.44597E+00
   9.00000E+04  1.85650E-01  1.04177E-01  4.46249E+00  1.00000E-35  4.75232E+00
   1.00000E+05  1.55507E-01  1.03648E-01  3.35733E+00  1.00000E-35  3.61649E+00
   1.10000E+05  1.31798E-01  1.02851E-01  2.59099E+00  1.00000E-35  2.82564E+00
   1.25000E+05  1.04886E-01  1.01389E-01  1.82670E+00  1.00000E-35  2.03298E+00
   1.40000E+05  8.53650E-02  9.97931E-02  1.33811E+00  1.00000E-35  1.52326E+00
   1.50000E+05  7.52489E-02  9.86587E-02  1.10669E+00  1.00000E-35  1.28060E+00
   1.62019E+05  6.53592E-02  9.72841E-02  8.94414E-01  1.00000E-35  1.05706E+00
   1.75000E+05  5.67647E-02  9.57986E-02  7.23870E-01  1.00000E-35  8.76434E-01
   2.00000E+05  4.43641E-02  9.30025E-02  5.01480E-01  1.00000E-35  6.38847E-01
   2.20000E+05  3.71462E-02  9.08443E-02  3.86298E-01  1.00000E-35  5.14288E-01
   2.34521E+05  3.29443E-02  8.93485E-02  3.24454E-01  1.00000E-35  4.46746E-01
   2.50000E+05  2.91937E-02  8.77954E-02  2.72816E-01  1.00000E-35  3.89805E-01
   2.73861E+05  2.45470E-02  8.55271E-02  2.13089E-01  1.00000E-35  3.23163E-01
   2.86633E+05  2.24904E-02  8.43583E-02  1.88629E-01  1.00000E-35  2.95478E-01
   3.00000E+05  2.06040E-02  8.31949E-02  1.67183E-01  1.00000E-35  2.70982E-01
   3.24037E+05  1.77671E-02  8.11747E-02  1.36315E-01  1.00000E-35  2.35257E-01
   3.50000E+05  1.53126E-02  7.91243E-02  1.11385E-01  1.00000E-35  2.05822E-01
   3.74166E+05  1.34543E-02  7.73274E-02  9.36550E-02  1.00000E-35  1.84437E-01
   4.00000E+05  1.18158E-02  7.55223E-02  7.89406E-02  1.00000E-35  1.66279E-01
   4.24264E+05  1.05370E-02  7.39299E-02  6.79862E-02  1.00000E-35  1.52453E-01
   4.50000E+05  9.39650E-03  7.23248E-02  5.86585E-02  1.00000E-35  1.40380E-01
   4.74342E+05  8.48132E-03  7.08896E-02  5.14737E-02  1.00000E-35  1.30845E-01
   5.00000E+05  7.65315E-03  6.94655E-02  4.52424E-02  1.00000E-35  1.22361E-01
   5.24404E+05  6.97350E-03  6.81657E-02  4.03054E-02  1.00000E-35  1.15445E-01
   5.50000E+05  6.35052E-03  6.68804E-02  3.59567E-02  1.00000E-35  1.09188E-01
   5.74456E+05  5.83047E-03  6.57048E-02  3.24334E-02  1.00000E-35  1.03969E-01
   6.00000E+05  5.35299E-03  6.45389E-02  2.92867E-02  1.00000E-35  9.91786E-02
   6.48074E+05  4.60106E-03  6.24845E-02  2.44979E-02  1.00000E-35  9.15835E-02
   6.73537E+05  4.26569E-03  6.14589E-02  2.24448E-02  1.00000E-35  8.81695E-02
   7.00000E+05  3.95477E-03  6.04498E-02  2.05870E-02  1.00000E-35  8.49916E-02
   7.48331E+05  3.46878E-03  5.86995E-02  1.77510E-02  1.00000E-35  7.99193E-02
   8.00000E+05  3.04142E-03  5.69693E-02  1.53479E-02  1.00000E-35  7.53586E-02
   8.48528E+05  2.70769E-03  5.54626E-02  1.35283E-02  1.00000E-35  7.16985E-02
   9.00000E+05  2.40973E-03  5.39760E-02  1.19521E-02  1.00000E-35  6.83379E-02
   9.48683E+05  2.17109E-03  5.26524E-02  1.07157E-02  1.00000E-35  6.55392E-02
   1.00000E+06  1.95608E-03  5.13495E-02  9.62372E-03  1.00000E-35  6.29293E-02
   1.04881E+06  1.77998E-03  5.01821E-02  8.74373E-03  2.19203E-12  6.07059E-02
   1.10000E+06  1.61975E-03  4.90257E-02  7.95480E-03  1.22461E-05  5.86125E-02
   1.17260E+06  1.42724E-03  4.74999E-02  7.02012E-03  9.99409E-05  5.60472E-02
   1.25000E+06  1.25760E-03  4.59951E-02  6.21102E-03  2.71311E-04  5.37351E-02
   1.32288E+06  1.12412E-03  4.46795E-02  5.58130E-03  4.99942E-04  5.18849E-02
   1.40000E+06  1.00429E-03  4.33888E-02  5.02427E-03  8.20089E-04  5.02375E-02
   1.50000E+06  8.75400E-04  4.18463E-02  4.43005E-03  1.30399E-03  4.84557E-02
   1.62019E+06  7.50784E-04  4.01575E-02  3.85848E-03  1.93468E-03  4.67014E-02
   1.75000E+06  6.43918E-04  3.85060E-02  3.37214E-03  2.65839E-03  4.51805E-02
   1.87083E+06  5.63721E-04  3.71063E-02  3.00645E-03  3.35323E-03  4.40297E-02
   2.00000E+06  4.93512E-04  3.57407E-02  2.68588E-03  4.11815E-03  4.30383E-02
   2.20000E+06  4.08162E-04  3.38468E-02  2.29417E-03  5.30467E-03  4.18538E-02
   2.34521E+06  3.59359E-04  3.26127E-02  2.06822E-03  6.15300E-03  4.11933E-02
   2.50000E+06  3.16394E-04  3.14099E-02  1.86775E-03  7.04309E-03  4.06372E-02
   2.73861E+06  2.63848E-04  2.97424E-02  1.61864E-03  8.34931E-03  3.99742E-02
   3.00000E+06  2.19936E-04  2.81369E-02  1.40803E-03  9.72080E-03  3.94857E-02
   3.24037E+06  1.88538E-04  2.68291E-02  1.25396E-03  1.09361E-02  3.92076E-02
   3.50000E+06  1.61621E-04  2.55651E-02  1.11903E-03  1.21968E-02  3.90425E-02
   3.74166E+06  1.41430E-04  2.45035E-02  1.01545E-03  1.33158E-02  3.89761E-02
   4.00000E+06  1.23763E-04  2.34747E-02  9.22886E-04  1.44615E-02  3.89829E-02
   4.24264E+06  1.10020E-04  2.25958E-02  8.49156E-04  1.55008E-02  3.90557E-02
   4.50000E+06  9.78033E-05  2.17440E-02  7.82158E-04  1.65700E-02  3.91940E-02
   5.00000E+06  7.92317E-05  2.02782E-02  6.76841E-04  1.84946E-02  3.95288E-02
   5.50000E+06  6.54892E-05  1.90178E-02  5.95388E-04  2.02616E-02  3.99402E-02
   6.00000E+06  5.50357E-05  1.79218E-02  5.30723E-04  2.19712E-02  4.04788E-02
   6.48074E+06  4.71784E-05  1.69942E-02  4.79856E-04  2.35191E-02  4.10403E-02
   7.00000E+06  4.04428E-05  1.61060E-02  4.34418E-04  2.50645E-02  4.16453E-02
   8.00000E+06  3.09695E-05  1.46578E-02  3.66567E-04  2.78307E-02  4.28860E-02
   9.00000E+06  2.44718E-05  1.34718E-02  3.16401E-04  3.03458E-02  4.41585E-02
   1.00000E+07  1.98225E-05  1.24807E-02  2.77917E-04  3.26525E-02  4.54309E-02
   1.10000E+07  1.63825E-05  1.16389E-02  2.47527E-04  3.47913E-02  4.66941E-02
   1.25000E+07  1.26868E-05  1.05876E-02  2.12371E-04  3.77254E-02  4.85380E-02
   1.40000E+07  1.01141E-05  9.72542E-03  1.85761E-04  4.03596E-02  5.02809E-02
   1.50000E+07  8.81051E-06  9.23174E-03  1.71365E-04  4.19496E-02  5.13615E-02
   1.75000E+07  6.47317E-06  8.20843E-03  1.43411E-04  4.54995E-02  5.38578E-02
   2.00000E+07  4.95613E-06  7.40530E-03  1.23184E-04  4.85535E-02  5.60869E-02
   2.20000E+07  4.09605E-06  6.87652E-03  1.10645E-04  5.07483E-02  5.77395E-02
   2.50000E+07  3.17203E-06  6.22114E-03  9.59434E-05  5.36471E-02  5.99674E-02
   3.00000E+07  2.20280E-06  5.38535E-03  7.84905E-05  5.77541E-02  6.32201E-02
   3.50000E+07  1.61839E-06  4.76110E-03  6.63743E-05  6.11325E-02  6.59616E-02
   4.00000E+07  1.23908E-06  4.27560E-03  5.74811E-05  6.40050E-02  6.83393E-02
   4.50000E+07  9.79033E-07  3.88609E-03  5.06795E-05  6.64907E-02  7.04285E-02
   5.00000E+07  7.93016E-07  3.56620E-03  4.53119E-05  6.86527E-02  7.22650E-02
   5.50000E+07  6.55385E-07  3.29841E-03  4.09686E-05  7.05370E-02  7.38770E-02
   6.00000E+07  5.50707E-07  3.07063E-03  3.73829E-05  7.22616E-02  7.53702E-02
   7.00000E+07  4.04601E-07  2.70327E-03  3.18106E-05  7.51784E-02  7.79139E-02
   8.00000E+07  3.09774E-07  2.41930E-03  2.76814E-05  7.75997E-02  8.00470E-02
   9.00000E+07  2.44760E-07  2.19259E-03  2.44997E-05  7.96348E-02  8.18522E-02
   1.00000E+08  1.98256E-07  2.00720E-03  2.19731E-05  8.13831E-02  8.34125E-02
   1.10000E+08  1.63848E-07  1.85253E-03  1.99185E-05  8.28961E-02  8.47687E-02
   1.25000E+08  1.26884E-07  1.66294E-03  1.74678E-05  8.48109E-02  8.64915E-02
   1.40000E+08  1.01151E-07  1.51064E-03  1.55538E-05  8.64144E-02  8.79407E-02
   1.50000E+08  8.81138E-08  1.42459E-03  1.44948E-05  8.73442E-02  8.87834E-02
   1.75000E+08  6.47370E-08  1.24914E-03  1.23862E-05  8.93084E-02  9.05700E-02
   2.00000E+08  4.95643E-08  1.11424E-03  1.08130E-05  9.08874E-02  9.20125E-02
   2.20000E+08  4.09624E-08  1.02670E-03  9.81556E-06  9.19446E-02  9.29812E-02
   2.50000E+08  3.17212E-08  9.19691E-04  8.62243E-06  9.32752E-02  9.42035E-02
   3.00000E+08  2.20285E-08  7.85648E-04  7.16975E-06  9.50140E-02  9.58069E-02
   3.50000E+08  1.61842E-08  6.87325E-04  6.13595E-06  9.63345E-02  9.70280E-02
   4.00000E+08  1.23910E-08  6.11948E-04  5.36268E-06  9.73786E-02  9.79959E-02
   4.50000E+08  9.79043E-09  5.52202E-04  4.76248E-06  9.82238E-02  9.87807E-02
   5.00000E+08  7.93023E-09  5.03621E-04  4.28312E-06  9.89277E-02  9.94356E-02
   5.50000E+08  6.55390E-09  4.63295E-04  3.89138E-06  9.95113E-02  9.99785E-02
   6.00000E+08  5.50709E-09  4.29250E-04  3.56533E-06  1.00041E-01  1.00474E-01
   7.00000E+08  4.04604E-09  3.74848E-04  3.05360E-06  1.00875E-01  1.01253E-01
   8.00000E+08  3.09775E-09  3.33236E-04  2.67032E-06  1.01518E-01  1.01854E-01
   9.00000E+08  2.44760E-09  3.00318E-04  2.37252E-06  1.02027E-01  1.02330E-01
   9.48683E+08  2.20284E-09  2.86649E-04  2.25225E-06  1.02240E-01  1.02529E-01
   1.00000E+09  1.98256E-09  2.73596E-04  2.13449E-06  1.02449E-01  1.02725E-01
