 # Material data file: Fr                  
 # 
 # PENELOPE >>>  Photon mass attenuation coefficients (mac).
 # 
 #   Energy       mac_Ra       mac_Co       mac_ph       mac_pp       mac_tot
 #    (eV)       (cm**2/g)    (cm**2/g)    (cm**2/g)    (cm**2/g)    (cm**2/g)
 #------------------------------------------------------------------------------
   5.00000E+01  1.63421E-01  1.00577E-03  5.22715E+03  1.00000E-35  5.22732E+03
   5.50000E+01  6.07086E-02  1.01647E-03  3.96535E+03  1.00000E-35  3.96541E+03
   6.00000E+01  1.53431E-02  1.02707E-03  3.09980E+03  1.00000E-35  3.09982E+03
   6.10000E+01  4.52282E-02  1.02922E-03  2.96017E+03  1.00000E-35  2.96022E+03
   6.10000E+01  4.52282E-02  1.02922E-03  9.20344E+03  1.00000E-35  9.20348E+03
   6.10606E+01  4.68728E-02  1.02935E-03  9.49145E+03  1.00000E-35  9.49150E+03
   6.11212E+01  4.85755E-02  1.02948E-03  9.78472E+03  1.00000E-35  9.78477E+03
   6.12426E+01  5.21694E-02  1.02974E-03  1.04070E+04  1.00000E-35  1.04071E+04
   6.13643E+01  5.60310E-02  1.03000E-03  1.11104E+04  1.00000E-35  1.11105E+04
   6.14862E+01  6.07551E-02  1.03026E-03  1.19323E+04  1.00000E-35  1.19323E+04
   6.17308E+01  7.15831E-02  1.03077E-03  1.39647E+04  1.00000E-35  1.39648E+04
   6.19763E+01  8.48525E-02  1.03129E-03  1.66112E+04  1.00000E-35  1.66113E+04
   6.22228E+01  1.04736E-01  1.03181E-03  2.00838E+04  1.00000E-35  2.00839E+04
   6.24703E+01  1.29281E-01  1.03233E-03  2.46440E+04  1.00000E-35  2.46441E+04
   6.27188E+01  1.61104E-01  1.03285E-03  3.06653E+04  1.00000E-35  3.06655E+04
   6.29682E+01  2.01191E-01  1.03337E-03  3.86527E+04  1.00000E-35  3.86529E+04
   6.32187E+01  2.52410E-01  1.03389E-03  4.92948E+04  1.00000E-35  4.92950E+04
   6.34702E+01  3.18152E-01  1.03441E-03  6.35101E+04  1.00000E-35  6.35104E+04
   6.39761E+01  5.07265E-01  1.03545E-03  1.07555E+05  1.00000E-35  1.07556E+05
   6.42305E+01  6.41316E-01  1.03597E-03  1.40018E+05  1.00000E-35  1.40019E+05
   6.44860E+01  8.00730E-01  1.03650E-03  1.80251E+05  1.00000E-35  1.80251E+05
   6.46141E+01  8.93715E-01  1.03678E-03  2.02826E+05  1.00000E-35  2.02827E+05
   6.47425E+01  9.97538E-01  1.03705E-03  2.26370E+05  1.00000E-35  2.26371E+05
   6.48711E+01  1.11222E+00  1.03733E-03  2.50043E+05  1.00000E-35  2.50044E+05
   6.50000E+01  1.22014E+00  1.03761E-03  2.72762E+05  1.00000E-35  2.72764E+05
   6.50000E+01  1.22014E+00  1.03761E-03  2.76937E+05  1.00000E-35  2.76938E+05
   6.50376E+01  1.25351E+00  1.03769E-03  2.83337E+05  1.00000E-35  2.83338E+05
   6.50753E+01  1.28786E+00  1.03777E-03  2.89520E+05  1.00000E-35  2.89521E+05
   6.51507E+01  1.35934E+00  1.03794E-03  3.01123E+05  1.00000E-35  3.01125E+05
   6.52262E+01  1.43481E+00  1.03810E-03  3.11514E+05  1.00000E-35  3.11515E+05
   6.53018E+01  1.51449E+00  1.03826E-03  3.20498E+05  1.00000E-35  3.20499E+05
   6.53774E+01  1.59848E+00  1.03843E-03  3.27918E+05  1.00000E-35  3.27920E+05
   6.54532E+01  1.68727E+00  1.03859E-03  3.33670E+05  1.00000E-35  3.33671E+05
   6.55290E+01  1.75893E+00  1.03875E-03  3.37696E+05  1.00000E-35  3.37697E+05
   6.56049E+01  1.83003E+00  1.03891E-03  3.40002E+05  1.00000E-35  3.40004E+05
   6.56809E+01  1.90401E+00  1.03908E-03  3.40644E+05  1.00000E-35  3.40646E+05
   6.57570E+01  1.98100E+00  1.03924E-03  3.39737E+05  1.00000E-35  3.39739E+05
   6.59095E+01  2.14447E+00  1.03956E-03  3.33886E+05  1.00000E-35  3.33888E+05
   6.60623E+01  2.32137E+00  1.03989E-03  3.23878E+05  1.00000E-35  3.23881E+05
   6.62155E+01  2.43487E+00  1.04022E-03  3.11238E+05  1.00000E-35  3.11241E+05
   6.68317E+01  2.85530E+00  1.04152E-03  2.57800E+05  1.00000E-35  2.57803E+05
   6.69867E+01  2.91312E+00  1.04185E-03  2.47374E+05  1.00000E-35  2.47377E+05
   6.71420E+01  2.97207E+00  1.04217E-03  2.38909E+05  1.00000E-35  2.38912E+05
   6.72977E+01  3.03224E+00  1.04250E-03  2.32694E+05  1.00000E-35  2.32697E+05
   6.74537E+01  3.04933E+00  1.04283E-03  2.28929E+05  1.00000E-35  2.28932E+05
   6.76101E+01  3.06652E+00  1.04315E-03  2.27827E+05  1.00000E-35  2.27830E+05
   6.77668E+01  3.08381E+00  1.04348E-03  2.29626E+05  1.00000E-35  2.29629E+05
   6.79240E+01  3.10071E+00  1.04381E-03  2.34544E+05  1.00000E-35  2.34547E+05
   6.80814E+01  3.09682E+00  1.04414E-03  2.42739E+05  1.00000E-35  2.42742E+05
   6.82393E+01  3.09292E+00  1.04446E-03  2.54209E+05  1.00000E-35  2.54212E+05
   6.83975E+01  3.08903E+00  1.04479E-03  2.68640E+05  1.00000E-35  2.68643E+05
   6.87151E+01  3.07997E+00  1.04545E-03  3.02533E+05  1.00000E-35  3.02536E+05
   6.88744E+01  3.07486E+00  1.04577E-03  3.18537E+05  1.00000E-35  3.18540E+05
   6.90341E+01  3.06976E+00  1.04610E-03  3.30972E+05  1.00000E-35  3.30975E+05
   6.91140E+01  3.06722E+00  1.04627E-03  3.35217E+05  1.00000E-35  3.35220E+05
   6.91941E+01  3.06629E+00  1.04643E-03  3.37909E+05  1.00000E-35  3.37912E+05
   6.92743E+01  3.07554E+00  1.04659E-03  3.38965E+05  1.00000E-35  3.38968E+05
   6.93545E+01  3.08481E+00  1.04676E-03  3.38379E+05  1.00000E-35  3.38382E+05
   6.94349E+01  3.09412E+00  1.04692E-03  3.36213E+05  1.00000E-35  3.36216E+05
   6.95154E+01  3.10346E+00  1.04709E-03  3.32600E+05  1.00000E-35  3.32603E+05
   6.96765E+01  3.12221E+00  1.04741E-03  3.21770E+05  1.00000E-35  3.21773E+05
   6.98381E+01  3.14388E+00  1.04774E-03  3.07520E+05  1.00000E-35  3.07523E+05
   7.00000E+01  3.19363E+00  1.04807E-03  2.91456E+05  1.00000E-35  2.91459E+05
   7.05866E+01  3.38854E+00  1.04932E-03  2.34469E+05  1.00000E-35  2.34472E+05
   7.08818E+01  3.50915E+00  1.04996E-03  2.11006E+05  1.00000E-35  2.11009E+05
   7.11782E+01  3.63043E+00  1.05059E-03  1.91388E+05  1.00000E-35  1.91392E+05
   7.14758E+01  3.74018E+00  1.05122E-03  1.75100E+05  1.00000E-35  1.75103E+05
   7.17747E+01  3.85327E+00  1.05186E-03  1.61538E+05  1.00000E-35  1.61542E+05
   7.20749E+01  3.93225E+00  1.05250E-03  1.50164E+05  1.00000E-35  1.50168E+05
   7.23762E+01  4.01220E+00  1.05313E-03  1.40536E+05  1.00000E-35  1.40540E+05
   7.26789E+01  4.07257E+00  1.05377E-03  1.32303E+05  1.00000E-35  1.32308E+05
   7.29828E+01  4.12766E+00  1.05440E-03  1.25194E+05  1.00000E-35  1.25199E+05
   7.35944E+01  4.21599E+00  1.05568E-03  1.13546E+05  1.00000E-35  1.13550E+05
   7.42112E+01  4.28887E+00  1.05695E-03  1.04387E+05  1.00000E-35  1.04392E+05
   7.48331E+01  4.34741E+00  1.05823E-03  9.69656E+04  1.00000E-35  9.69700E+04
   7.54603E+01  4.38742E+00  1.05951E-03  9.07909E+04  1.00000E-35  9.07953E+04
   7.60927E+01  4.40438E+00  1.06079E-03  8.55354E+04  1.00000E-35  8.55398E+04
   7.73735E+01  4.36242E+00  1.06350E-03  7.69372E+04  1.00000E-35  7.69415E+04
   7.86758E+01  4.20409E+00  1.06624E-03  7.00237E+04  1.00000E-35  7.00279E+04
   8.00000E+01  3.98417E+00  1.06899E-03  6.41768E+04  1.00000E-35  6.41808E+04
   9.00000E+01  3.01315E+00  1.08947E-03  3.61183E+04  1.00000E-35  3.61213E+04
   1.00000E+02  2.53303E+00  1.10982E-03  2.16642E+04  1.00000E-35  2.16668E+04
   1.10000E+02  2.18765E+00  1.12984E-03  1.38986E+04  1.00000E-35  1.39008E+04
   1.25000E+02  1.83068E+00  1.15917E-03  7.77051E+03  1.00000E-35  7.77234E+03
   1.40000E+02  1.55559E+00  1.18778E-03  4.60272E+03  1.00000E-35  4.60427E+03
   1.47000E+02  1.46228E+00  1.20085E-03  3.67909E+03  1.00000E-35  3.68055E+03
   1.47000E+02  1.46228E+00  1.20085E-03  5.49464E+03  1.00000E-35  5.49611E+03
   1.47093E+02  1.46275E+00  1.20102E-03  5.47574E+03  1.00000E-35  5.47721E+03
   1.47186E+02  1.46322E+00  1.20120E-03  5.45689E+03  1.00000E-35  5.45836E+03
   1.47372E+02  1.46344E+00  1.20154E-03  5.41944E+03  1.00000E-35  5.42091E+03
   1.47744E+02  1.46342E+00  1.20222E-03  5.34637E+03  1.00000E-35  5.34784E+03
   1.48492E+02  1.46337E+00  1.20358E-03  5.20966E+03  1.00000E-35  5.21112E+03
   1.50000E+02  1.46219E+00  1.20632E-03  4.96634E+03  1.00000E-35  4.96780E+03
   1.55893E+02  1.42009E+00  1.21721E-03  4.19071E+03  1.00000E-35  4.19213E+03
   1.62019E+02  1.36586E+00  1.22820E-03  3.59176E+03  1.00000E-35  3.59313E+03
   1.68384E+02  1.30630E+00  1.23960E-03  3.12078E+03  1.00000E-35  3.12209E+03
   1.75000E+02  1.24167E+00  1.25118E-03  2.74237E+03  1.00000E-35  2.74361E+03
   1.83000E+02  1.17183E+00  1.26500E-03  2.38910E+03  1.00000E-35  2.39027E+03
   1.83000E+02  1.17183E+00  1.26500E-03  3.53079E+03  1.00000E-35  3.53196E+03
   1.83127E+02  1.17151E+00  1.26522E-03  3.50498E+03  1.00000E-35  3.50615E+03
   1.83254E+02  1.17118E+00  1.26544E-03  3.47981E+03  1.00000E-35  3.48098E+03
   1.83509E+02  1.17053E+00  1.26588E-03  3.43315E+03  1.00000E-35  3.43432E+03
   1.84019E+02  1.16966E+00  1.26675E-03  3.35184E+03  1.00000E-35  3.35302E+03
   1.85043E+02  1.16827E+00  1.26849E-03  3.22312E+03  1.00000E-35  3.22429E+03
   1.86074E+02  1.16562E+00  1.27024E-03  3.12554E+03  1.00000E-35  3.12670E+03
   1.87109E+02  1.16244E+00  1.27199E-03  3.04914E+03  1.00000E-35  3.05031E+03
   1.89199E+02  1.15582E+00  1.27550E-03  2.90371E+03  1.00000E-35  2.90487E+03
   1.91311E+02  1.14692E+00  1.27902E-03  2.78549E+03  1.00000E-35  2.78664E+03
   1.95607E+02  1.12468E+00  1.28617E-03  2.59524E+03  1.00000E-35  2.59637E+03
   2.00000E+02  1.09883E+00  1.29344E-03  2.43787E+03  1.00000E-35  2.43897E+03
   2.09762E+02  1.03706E+00  1.30916E-03  2.16212E+03  1.00000E-35  2.16316E+03
   2.20000E+02  9.68746E-01  1.32530E-03  1.94446E+03  1.00000E-35  1.94543E+03
   2.31000E+02  8.89805E-01  1.34207E-03  1.76835E+03  1.00000E-35  1.76924E+03
   2.31000E+02  8.89805E-01  1.34207E-03  1.91012E+03  1.00000E-35  1.91102E+03
   2.31143E+02  8.88778E-01  1.34229E-03  1.90888E+03  1.00000E-35  1.90977E+03
   2.31285E+02  8.87761E-01  1.34250E-03  1.90764E+03  1.00000E-35  1.90853E+03
   2.31571E+02  8.85718E-01  1.34293E-03  1.90512E+03  1.00000E-35  1.90601E+03
   2.32144E+02  8.81646E-01  1.34379E-03  1.89989E+03  1.00000E-35  1.90077E+03
   2.33294E+02  8.73560E-01  1.34551E-03  1.88881E+03  1.00000E-35  1.88968E+03
   2.35610E+02  8.58745E-01  1.34896E-03  1.86480E+03  1.00000E-35  1.86566E+03
   2.40312E+02  8.30109E-01  1.35588E-03  1.81343E+03  1.00000E-35  1.81426E+03
   2.50000E+02  7.61624E-01  1.36984E-03  1.71503E+03  1.00000E-35  1.71580E+03
   2.60000E+02  6.77499E-01  1.38381E-03  1.63358E+03  1.00000E-35  1.63426E+03
   2.60000E+02  6.77499E-01  1.38381E-03  2.33672E+03  1.00000E-35  2.33740E+03
   2.60246E+02  6.75428E-01  1.38415E-03  2.30635E+03  1.00000E-35  2.30703E+03
   2.60493E+02  6.73357E-01  1.38449E-03  2.27740E+03  1.00000E-35  2.27808E+03
   2.60987E+02  6.69976E-01  1.38516E-03  2.22737E+03  1.00000E-35  2.22804E+03
   2.61977E+02  6.63749E-01  1.38652E-03  2.15053E+03  1.00000E-35  2.15119E+03
   2.62972E+02  6.57571E-01  1.38788E-03  2.09531E+03  1.00000E-35  2.09597E+03
   2.63970E+02  6.52671E-01  1.38924E-03  2.05442E+03  1.00000E-35  2.05508E+03
   2.65977E+02  6.43215E-01  1.39197E-03  1.99613E+03  1.00000E-35  1.99678E+03
   2.68000E+02  6.34124E-01  1.39470E-03  1.95706E+03  1.00000E-35  1.95769E+03
   2.68000E+02  6.34124E-01  1.39470E-03  2.47562E+03  1.00000E-35  2.47626E+03
   2.68236E+02  6.32978E-01  1.39502E-03  2.44847E+03  1.00000E-35  2.44910E+03
   2.68473E+02  6.31830E-01  1.39534E-03  2.42321E+03  1.00000E-35  2.42384E+03
   2.68946E+02  6.29548E-01  1.39597E-03  2.38069E+03  1.00000E-35  2.38132E+03
   2.69896E+02  6.25001E-01  1.39725E-03  2.31678E+03  1.00000E-35  2.31741E+03
   2.70849E+02  6.20420E-01  1.39852E-03  2.27151E+03  1.00000E-35  2.27213E+03
   2.71805E+02  6.15797E-01  1.39978E-03  2.23837E+03  1.00000E-35  2.23899E+03
   2.73728E+02  6.06255E-01  1.40231E-03  2.19242E+03  1.00000E-35  2.19302E+03
   2.75665E+02  5.96063E-01  1.40484E-03  2.16428E+03  1.00000E-35  2.16488E+03
   2.77615E+02  5.84109E-01  1.40738E-03  2.14835E+03  1.00000E-35  2.14894E+03
   2.79579E+02  5.70500E-01  1.40992E-03  2.14175E+03  1.00000E-35  2.14232E+03
   2.83549E+02  5.40360E-01  1.41502E-03  2.15254E+03  1.00000E-35  2.15308E+03
   2.87575E+02  5.07699E-01  1.42013E-03  2.19424E+03  1.00000E-35  2.19475E+03
   2.91659E+02  4.73977E-01  1.42527E-03  2.26840E+03  1.00000E-35  2.26888E+03
   2.95800E+02  4.40113E-01  1.43039E-03  2.37807E+03  1.00000E-35  2.37851E+03
   3.00000E+02  4.06259E-01  1.43546E-03  2.52767E+03  1.00000E-35  2.52808E+03
   3.50000E+02  4.03342E-01  1.49099E-03  7.12593E+03  1.00000E-35  7.12634E+03
   3.55891E+02  4.69547E-01  1.49682E-03  7.79859E+03  1.00000E-35  7.79907E+03
   3.61881E+02  5.48864E-01  1.50268E-03  8.45986E+03  1.00000E-35  8.46041E+03
   3.67972E+02  6.41355E-01  1.50856E-03  9.09348E+03  1.00000E-35  9.09412E+03
   3.74166E+02  7.44416E-01  1.51446E-03  9.68579E+03  1.00000E-35  9.68653E+03
   3.80464E+02  8.56567E-01  1.52036E-03  1.02283E+04  1.00000E-35  1.02291E+04
   3.86867E+02  9.75208E-01  1.52608E-03  1.07180E+04  1.00000E-35  1.07190E+04
   3.93379E+02  1.09904E+00  1.53183E-03  1.11561E+04  1.00000E-35  1.11572E+04
   4.00000E+02  1.22681E+00  1.53759E-03  1.15450E+04  1.00000E-35  1.15463E+04
   4.11953E+02  1.46089E+00  1.54782E-03  1.21157E+04  1.00000E-35  1.21172E+04
   4.24264E+02  1.70266E+00  1.55789E-03  1.25383E+04  1.00000E-35  1.25400E+04
   4.36943E+02  1.94050E+00  1.56799E-03  1.28119E+04  1.00000E-35  1.28139E+04
   4.50000E+02  2.17364E+00  1.57817E-03  1.29501E+04  1.00000E-35  1.29523E+04
   4.62011E+02  2.37382E+00  1.58743E-03  1.29800E+04  1.00000E-35  1.29824E+04
   4.74342E+02  2.56644E+00  1.59675E-03  1.29402E+04  1.00000E-35  1.29428E+04
   4.87002E+02  2.74754E+00  1.60612E-03  1.28417E+04  1.00000E-35  1.28444E+04
   5.00000E+02  2.92133E+00  1.61615E-03  1.26889E+04  1.00000E-35  1.26918E+04
   5.24404E+02  3.19652E+00  1.63469E-03  1.22875E+04  1.00000E-35  1.22907E+04
   5.50000E+02  3.38755E+00  1.65557E-03  1.17664E+04  1.00000E-35  1.17698E+04
   5.72000E+02  3.68087E+00  1.67378E-03  1.12836E+04  1.00000E-35  1.12872E+04
   5.72000E+02  3.68087E+00  1.67378E-03  1.15180E+04  1.00000E-35  1.15217E+04
   5.72427E+02  3.68932E+00  1.67413E-03  1.15322E+04  1.00000E-35  1.15359E+04
   5.72855E+02  3.69781E+00  1.67448E-03  1.15590E+04  1.00000E-35  1.15627E+04
   5.73711E+02  3.71481E+00  1.67517E-03  1.16885E+04  1.00000E-35  1.16922E+04
   5.74140E+02  3.72336E+00  1.67552E-03  1.18289E+04  1.00000E-35  1.18326E+04
   5.74569E+02  3.73191E+00  1.67587E-03  1.20684E+04  1.00000E-35  1.20721E+04
   5.74998E+02  3.74048E+00  1.67622E-03  1.24700E+04  1.00000E-35  1.24737E+04
   5.75427E+02  3.74906E+00  1.67657E-03  1.31026E+04  1.00000E-35  1.31063E+04
   5.75857E+02  3.75603E+00  1.67692E-03  1.39438E+04  1.00000E-35  1.39475E+04
   5.76287E+02  3.76295E+00  1.67727E-03  1.47112E+04  1.00000E-35  1.47150E+04
   5.76718E+02  3.76990E+00  1.67762E-03  1.50019E+04  1.00000E-35  1.50056E+04
   5.77149E+02  3.77685E+00  1.67797E-03  1.47850E+04  1.00000E-35  1.47888E+04
   5.78011E+02  3.79078E+00  1.67867E-03  1.39121E+04  1.00000E-35  1.39159E+04
   5.78443E+02  3.79777E+00  1.67902E-03  1.35494E+04  1.00000E-35  1.35532E+04
   5.78875E+02  3.80477E+00  1.67937E-03  1.32653E+04  1.00000E-35  1.32691E+04
   5.79740E+02  3.81880E+00  1.68014E-03  1.28737E+04  1.00000E-35  1.28775E+04
   5.80607E+02  3.83291E+00  1.68102E-03  1.26294E+04  1.00000E-35  1.26332E+04
   5.82344E+02  3.85732E+00  1.68277E-03  1.23540E+04  1.00000E-35  1.23578E+04
   5.85833E+02  3.90582E+00  1.68627E-03  1.21108E+04  1.00000E-35  1.21147E+04
   6.00000E+02  4.16135E+00  1.70035E-03  1.16716E+04  1.00000E-35  1.16758E+04
   6.03000E+02  4.22798E+00  1.70330E-03  1.15867E+04  1.00000E-35  1.15909E+04
   6.03000E+02  4.22798E+00  1.70330E-03  1.17660E+04  1.00000E-35  1.17702E+04
   6.03351E+02  4.23532E+00  1.70364E-03  1.17680E+04  1.00000E-35  1.17723E+04
   6.03703E+02  4.24270E+00  1.70399E-03  1.17753E+04  1.00000E-35  1.17795E+04
   6.04407E+02  4.25746E+00  1.70468E-03  1.18175E+04  1.00000E-35  1.18218E+04
   6.05112E+02  4.27228E+00  1.70537E-03  1.19413E+04  1.00000E-35  1.19455E+04
   6.05464E+02  4.27970E+00  1.70572E-03  1.20676E+04  1.00000E-35  1.20719E+04
   6.05817E+02  4.28714E+00  1.70606E-03  1.22702E+04  1.00000E-35  1.22744E+04
   6.07231E+02  4.31704E+00  1.70745E-03  1.37612E+04  1.00000E-35  1.37655E+04
   6.07585E+02  4.32455E+00  1.70779E-03  1.37785E+04  1.00000E-35  1.37828E+04
   6.07939E+02  4.33206E+00  1.70814E-03  1.35864E+04  1.00000E-35  1.35907E+04
   6.08648E+02  4.34623E+00  1.70883E-03  1.30797E+04  1.00000E-35  1.30841E+04
   6.09358E+02  4.36009E+00  1.70953E-03  1.27100E+04  1.00000E-35  1.27144E+04
   6.10068E+02  4.37398E+00  1.71022E-03  1.24746E+04  1.00000E-35  1.24789E+04
   6.11492E+02  4.40192E+00  1.71161E-03  1.22124E+04  1.00000E-35  1.22168E+04
   6.14349E+02  4.45598E+00  1.71439E-03  1.19836E+04  1.00000E-35  1.19881E+04
   6.25911E+02  4.63867E+00  1.72554E-03  1.16278E+04  1.00000E-35  1.16324E+04
   6.49692E+02  4.92361E+00  1.75355E-03  1.10541E+04  1.00000E-35  1.10591E+04
   7.00000E+02  5.34251E+00  1.81872E-03  1.00115E+04  1.00000E-35  1.00168E+04
   7.48331E+02  5.62796E+00  1.89264E-03  9.09448E+03  1.00000E-35  9.10011E+03
   8.00000E+02  5.79708E+00  1.99081E-03  8.20577E+03  1.00000E-35  8.21157E+03
   8.39000E+02  6.17003E+00  2.07650E-03  7.59540E+03  1.00000E-35  7.60157E+03
   8.39000E+02  6.17003E+00  2.07650E-03  8.34778E+03  1.00000E-35  8.35395E+03
   8.39460E+02  6.17579E+00  2.07758E-03  8.29963E+03  1.00000E-35  8.30581E+03
   8.39921E+02  6.18027E+00  2.07865E-03  8.25821E+03  1.00000E-35  8.26439E+03
   8.40842E+02  6.18924E+00  2.08081E-03  8.19170E+03  1.00000E-35  8.19789E+03
   8.42688E+02  6.20722E+00  2.08513E-03  8.10148E+03  1.00000E-35  8.10769E+03
   8.46393E+02  6.24334E+00  2.09379E-03  7.98653E+03  1.00000E-35  7.99278E+03
   8.53851E+02  6.30607E+00  2.11123E-03  7.84512E+03  1.00000E-35  7.85143E+03
   8.68965E+02  6.41227E+00  2.14655E-03  7.62883E+03  1.00000E-35  7.63524E+03
   9.00000E+02  6.57359E+00  2.22694E-03  7.19441E+03  1.00000E-35  7.20099E+03
   1.00000E+03  6.88928E+00  2.53030E-03  5.98353E+03  1.00000E-35  5.99042E+03
   1.00300E+03  6.89949E+00  2.54039E-03  5.95121E+03  1.00000E-35  5.95811E+03
   1.00300E+03  6.89949E+00  2.54039E-03  6.06742E+03  1.00000E-35  6.07433E+03
   1.00372E+03  6.90194E+00  2.54282E-03  6.05147E+03  1.00000E-35  6.05837E+03
   1.00445E+03  6.90442E+00  2.54528E-03  6.03783E+03  1.00000E-35  6.04474E+03
   1.00590E+03  6.90934E+00  2.55016E-03  6.01496E+03  1.00000E-35  6.02187E+03
   1.00880E+03  6.91918E+00  2.55993E-03  5.97664E+03  1.00000E-35  5.98356E+03
   1.01464E+03  6.93894E+00  2.57964E-03  5.90927E+03  1.00000E-35  5.91621E+03
   1.02642E+03  6.97222E+00  2.61952E-03  5.78665E+03  1.00000E-35  5.79363E+03
   1.05038E+03  7.02305E+00  2.70263E-03  5.54935E+03  1.00000E-35  5.55638E+03
   1.10000E+03  7.08226E+00  2.89443E-03  5.09616E+03  1.00000E-35  5.10325E+03
   1.15300E+03  7.19132E+00  3.10870E-03  4.66439E+03  1.00000E-35  4.67159E+03
   1.15300E+03  7.19132E+00  3.10870E-03  4.74753E+03  1.00000E-35  4.75473E+03
   1.15373E+03  7.19361E+00  3.11187E-03  4.74408E+03  1.00000E-35  4.75127E+03
   1.15446E+03  7.19590E+00  3.11503E-03  4.74038E+03  1.00000E-35  4.74758E+03
   1.15591E+03  7.20045E+00  3.12133E-03  4.73222E+03  1.00000E-35  4.73943E+03
   1.15884E+03  7.20958E+00  3.13406E-03  4.71359E+03  1.00000E-35  4.72080E+03
   1.16470E+03  7.22247E+00  3.15959E-03  4.67112E+03  1.00000E-35  4.67834E+03
   1.17652E+03  7.24573E+00  3.21131E-03  4.58103E+03  1.00000E-35  4.58828E+03
   1.20052E+03  7.28884E+00  3.31730E-03  4.40776E+03  1.00000E-35  4.41505E+03
   1.25000E+03  7.34042E+00  3.54258E-03  4.07873E+03  1.00000E-35  4.08607E+03
   1.40000E+03  7.38172E+00  4.29888E-03  3.26384E+03  1.00000E-35  3.27123E+03
   1.50000E+03  7.33646E+00  4.84369E-03  2.84020E+03  1.00000E-35  2.84754E+03
   1.75000E+03  7.10758E+00  6.29259E-03  2.06489E+03  1.00000E-35  2.07200E+03
   2.00000E+03  6.74725E+00  7.80717E-03  1.55451E+03  1.00000E-35  1.56127E+03
   2.20000E+03  6.36691E+00  9.04902E-03  1.26440E+03  1.00000E-35  1.27077E+03
   2.50000E+03  5.60447E+00  1.09290E-02  9.54040E+02  1.00000E-35  9.59656E+02
   2.99800E+03  2.75342E+00  1.40380E-02  6.33999E+02  1.00000E-35  6.36766E+02
   2.99800E+03  2.75342E+00  1.40380E-02  6.89136E+02  1.00000E-35  6.91903E+02
   3.00000E+03  2.78220E+00  1.40504E-02  1.14878E+03  1.00000E-35  1.15157E+03
   3.00205E+03  2.81198E+00  1.40630E-02  5.23890E+03  1.00000E-35  5.24173E+03
   3.00410E+03  2.84206E+00  1.40757E-02  4.49184E+03  1.00000E-35  4.49470E+03
   3.00615E+03  2.87245E+00  1.40883E-02  2.82397E+03  1.00000E-35  2.82686E+03
   3.00820E+03  2.90314E+00  1.41010E-02  2.29185E+03  1.00000E-35  2.29477E+03
   3.01026E+03  2.93428E+00  1.41137E-02  2.07707E+03  1.00000E-35  2.08002E+03
   3.01232E+03  2.96574E+00  1.41265E-02  1.97499E+03  1.00000E-35  1.97797E+03
   3.01437E+03  2.99736E+00  1.41391E-02  1.91895E+03  1.00000E-35  1.92196E+03
   3.01643E+03  3.02945E+00  1.41519E-02  1.88209E+03  1.00000E-35  1.88513E+03
   3.02468E+03  3.17026E+00  1.42029E-02  1.77319E+03  1.00000E-35  1.77638E+03
   3.03295E+03  3.32463E+00  1.42541E-02  1.68537E+03  1.00000E-35  1.68871E+03
   3.03710E+03  3.40474E+00  1.42798E-02  1.65437E+03  1.00000E-35  1.65779E+03
   3.04125E+03  3.48667E+00  1.43055E-02  1.63129E+03  1.00000E-35  1.63479E+03
   3.04957E+03  3.64007E+00  1.43571E-02  1.60083E+03  1.00000E-35  1.60448E+03
   3.06627E+03  3.82799E+00  1.44609E-02  1.55912E+03  1.00000E-35  1.56297E+03
   3.08306E+03  3.97868E+00  1.45653E-02  1.52124E+03  1.00000E-35  1.52523E+03
   3.09995E+03  4.06724E+00  1.46706E-02  1.49243E+03  1.00000E-35  1.49652E+03
   3.13400E+03  4.37446E+00  1.48833E-02  1.44779E+03  1.00000E-35  1.45218E+03
   3.13400E+03  4.37446E+00  1.48833E-02  1.49070E+03  1.00000E-35  1.49509E+03
   3.13671E+03  4.42051E+00  1.49003E-02  2.43706E+03  1.00000E-35  2.44149E+03
   3.13941E+03  4.46682E+00  1.49169E-02  4.52028E+03  1.00000E-35  4.52476E+03
   3.14212E+03  4.51376E+00  1.49332E-02  2.77615E+03  1.00000E-35  2.78068E+03
   3.14484E+03  4.56132E+00  1.49495E-02  2.41500E+03  1.00000E-35  2.41958E+03
   3.14755E+03  4.60916E+00  1.49658E-02  2.29779E+03  1.00000E-35  2.30241E+03
   3.15027E+03  4.65764E+00  1.49821E-02  2.24682E+03  1.00000E-35  2.25149E+03
   3.15571E+03  4.75602E+00  1.50148E-02  2.19038E+03  1.00000E-35  2.19515E+03
   3.16662E+03  4.95648E+00  1.50804E-02  2.09900E+03  1.00000E-35  2.10397E+03
   3.17757E+03  5.16135E+00  1.51463E-02  2.04234E+03  1.00000E-35  2.04752E+03
   3.22175E+03  5.84007E+00  1.54127E-02  1.93756E+03  1.00000E-35  1.94342E+03
   3.31195E+03  6.34404E+00  1.59596E-02  1.79870E+03  1.00000E-35  1.80506E+03
   3.50000E+03  6.63984E+00  1.70887E-02  1.56625E+03  1.00000E-35  1.57291E+03
   3.66600E+03  6.74155E+00  1.80712E-02  1.39152E+03  1.00000E-35  1.39828E+03
   3.66600E+03  6.74155E+00  1.80712E-02  1.78422E+03  1.00000E-35  1.79098E+03
   3.66850E+03  6.75842E+00  1.80860E-02  1.68418E+03  1.00000E-35  1.69096E+03
   3.67100E+03  6.77531E+00  1.81009E-02  1.65467E+03  1.00000E-35  1.66146E+03
   3.67350E+03  6.79224E+00  1.81158E-02  1.62492E+03  1.00000E-35  1.63173E+03
   3.67600E+03  6.80920E+00  1.81307E-02  1.61111E+03  1.00000E-35  1.61794E+03
   3.68101E+03  6.84328E+00  1.81605E-02  1.59964E+03  1.00000E-35  1.60650E+03
   3.68603E+03  6.87755E+00  1.81903E-02  1.59534E+03  1.00000E-35  1.60223E+03
   3.70617E+03  7.00644E+00  1.83103E-02  1.57939E+03  1.00000E-35  1.58642E+03
   3.74679E+03  7.21000E+00  1.85438E-02  1.53830E+03  1.00000E-35  1.54553E+03
   3.82936E+03  7.42180E+00  1.90137E-02  1.45918E+03  1.00000E-35  1.46662E+03
   4.00000E+03  7.57409E+00  1.99897E-02  1.31067E+03  1.00000E-35  1.31826E+03
   4.32400E+03  7.47153E+00  2.17737E-02  1.07917E+03  1.00000E-35  1.08666E+03
   4.32400E+03  7.47153E+00  2.17737E-02  1.19365E+03  1.00000E-35  1.20114E+03
   4.32670E+03  7.47399E+00  2.17885E-02  1.16148E+03  1.00000E-35  1.16898E+03
   4.32939E+03  7.47727E+00  2.18033E-02  1.15383E+03  1.00000E-35  1.16133E+03
   4.33209E+03  7.48058E+00  2.18181E-02  1.14318E+03  1.00000E-35  1.15068E+03
   4.33480E+03  7.48389E+00  2.18330E-02  1.13862E+03  1.00000E-35  1.14612E+03
   4.34562E+03  7.49711E+00  2.18923E-02  1.13131E+03  1.00000E-35  1.13883E+03
   4.36734E+03  7.52361E+00  2.20116E-02  1.11861E+03  1.00000E-35  1.12615E+03
   4.41112E+03  7.57406E+00  2.22490E-02  1.09206E+03  1.00000E-35  1.09966E+03
   4.50000E+03  7.59622E+00  2.27130E-02  1.04043E+03  1.00000E-35  1.04805E+03
   4.65200E+03  7.60294E+00  2.35071E-02  9.59222E+02  1.00000E-35  9.66849E+02
   4.65200E+03  7.60294E+00  2.35071E-02  9.96213E+02  1.00000E-35  1.00384E+03
   4.65462E+03  7.60464E+00  2.35208E-02  9.97458E+02  1.00000E-35  1.00509E+03
   4.65725E+03  7.60662E+00  2.35346E-02  9.97763E+02  1.00000E-35  1.00539E+03
   4.66250E+03  7.61107E+00  2.35620E-02  9.96321E+02  1.00000E-35  1.00396E+03
   4.67302E+03  7.61998E+00  2.36170E-02  9.90589E+02  1.00000E-35  9.98232E+02
   4.69414E+03  7.63784E+00  2.37275E-02  9.79334E+02  1.00000E-35  9.86995E+02
   4.73666E+03  7.67370E+00  2.39498E-02  9.58463E+02  1.00000E-35  9.66161E+02
   4.82286E+03  7.69729E+00  2.43919E-02  9.17776E+02  1.00000E-35  9.25497E+02
   5.00000E+03  7.67610E+00  2.52733E-02  8.41201E+02  1.00000E-35  8.48903E+02
   5.50000E+03  7.45514E+00  2.76888E-02  6.67034E+02  1.00000E-35  6.74517E+02
   6.00000E+03  7.14794E+00  2.99708E-02  5.38636E+02  1.00000E-35  5.45814E+02
   7.00000E+03  6.47106E+00  3.41891E-02  3.67285E+02  1.00000E-35  3.73791E+02
   8.00000E+03  5.81291E+00  3.80291E-02  2.62624E+02  1.00000E-35  2.68475E+02
   9.00000E+03  5.21304E+00  4.15250E-02  1.94873E+02  1.00000E-35  2.00128E+02
   1.00000E+04  4.67557E+00  4.47299E-02  1.48960E+02  1.00000E-35  1.53680E+02
   1.10000E+04  4.19925E+00  4.76669E-02  1.16665E+02  1.00000E-35  1.20912E+02
   1.25000E+04  3.55524E+00  5.16478E-02  8.39074E+01  1.00000E-35  8.75143E+01
   1.40000E+04  2.92726E+00  5.52348E-02  6.25445E+01  1.00000E-35  6.55269E+01
   1.50000E+04  2.28249E+00  5.74290E-02  5.22632E+01  1.00000E-35  5.46031E+01
   1.50280E+04  2.28859E+00  5.74885E-02  5.20094E+01  1.00000E-35  5.43554E+01
   1.50280E+04  2.28859E+00  5.74885E-02  1.82105E+02  1.00000E-35  1.84451E+02
   1.50369E+04  2.29052E+00  5.75074E-02  1.26925E+02  1.00000E-35  1.29273E+02
   1.50459E+04  2.29249E+00  5.75265E-02  1.23717E+02  1.00000E-35  1.26067E+02
   1.50548E+04  2.29443E+00  5.75454E-02  1.24941E+02  1.00000E-35  1.27293E+02
   1.50638E+04  2.29639E+00  5.75645E-02  1.25414E+02  1.00000E-35  1.27768E+02
   1.50997E+04  2.30422E+00  5.76407E-02  1.24555E+02  1.00000E-35  1.26916E+02
   1.51717E+04  2.33649E+00  5.77932E-02  1.23434E+02  1.00000E-35  1.25829E+02
   1.53168E+04  2.43274E+00  5.80994E-02  1.20537E+02  1.00000E-35  1.23027E+02
   1.56112E+04  2.55028E+00  5.87170E-02  1.14599E+02  1.00000E-35  1.17208E+02
   1.62170E+04  2.55552E+00  5.99133E-02  1.03475E+02  1.00000E-35  1.06090E+02
   1.75000E+04  2.29733E+00  6.23296E-02  8.42600E+01  1.00000E-35  8.66197E+01
   1.79030E+04  2.15920E+00  6.30475E-02  7.92135E+01  1.00000E-35  8.14357E+01
   1.79030E+04  2.15920E+00  6.30475E-02  1.35311E+02  1.00000E-35  1.37533E+02
   1.79142E+04  2.15811E+00  6.30673E-02  1.09826E+02  1.00000E-35  1.12048E+02
   1.79255E+04  2.15701E+00  6.30873E-02  1.09833E+02  1.00000E-35  1.12054E+02
   1.79368E+04  2.15591E+00  6.31073E-02  1.10172E+02  1.00000E-35  1.12391E+02
   1.79480E+04  2.15482E+00  6.31272E-02  1.09927E+02  1.00000E-35  1.12145E+02
   1.79931E+04  2.15044E+00  6.32069E-02  1.09425E+02  1.00000E-35  1.11639E+02
   1.80837E+04  2.15248E+00  6.33668E-02  1.08086E+02  1.00000E-35  1.10302E+02
   1.82663E+04  2.17229E+00  6.36878E-02  1.05294E+02  1.00000E-35  1.07530E+02
   1.86370E+04  2.20766E+00  6.43225E-02  9.98627E+01  1.00000E-35  1.02135E+02
   1.86370E+04  2.20766E+00  6.43225E-02  1.13713E+02  1.00000E-35  1.15985E+02
   1.86473E+04  2.20875E+00  6.43394E-02  1.15489E+02  1.00000E-35  1.17763E+02
   1.86576E+04  2.20983E+00  6.43564E-02  1.15259E+02  1.00000E-35  1.17533E+02
   1.86782E+04  2.21199E+00  6.43903E-02  1.14704E+02  1.00000E-35  1.16981E+02
   1.87194E+04  2.21699E+00  6.44581E-02  1.14148E+02  1.00000E-35  1.16430E+02
   1.88022E+04  2.23017E+00  6.45940E-02  1.12890E+02  1.00000E-35  1.15184E+02
   1.89688E+04  2.25520E+00  6.48665E-02  1.10414E+02  1.00000E-35  1.12734E+02
   1.93065E+04  2.28243E+00  6.54152E-02  1.05605E+02  1.00000E-35  1.07952E+02
   2.00000E+04  2.26572E+00  6.65264E-02  9.65859E+01  1.00000E-35  9.89182E+01
   2.20000E+04  2.10905E+00  6.94637E-02  7.57688E+01  1.00000E-35  7.79473E+01
   2.50000E+04  1.83399E+00  7.33023E-02  5.45193E+01  1.00000E-35  5.64265E+01
   3.00000E+04  1.45348E+00  7.85670E-02  3.39019E+01  1.00000E-35  3.54339E+01
   3.50000E+04  1.17343E+00  8.26660E-02  2.25871E+01  1.00000E-35  2.38432E+01
   4.00000E+04  9.63108E-01  8.58875E-02  1.58431E+01  1.00000E-35  1.68921E+01
   4.50000E+04  7.99944E-01  8.84000E-02  1.15649E+01  1.00000E-35  1.24532E+01
   5.00000E+04  6.74288E-01  9.03879E-02  8.71499E+00  1.00000E-35  9.47966E+00
   5.50000E+04  5.75176E-01  9.19315E-02  6.74036E+00  1.00000E-35  7.40747E+00
   6.00000E+04  4.94467E-01  9.31099E-02  5.32717E+00  1.00000E-35  5.91475E+00
   7.00000E+04  3.75629E-01  9.46488E-02  3.50608E+00  1.00000E-35  3.97636E+00
   8.00000E+04  2.93996E-01  9.54340E-02  2.43729E+00  1.00000E-35  2.82672E+00
   9.00000E+04  2.32624E-01  9.56946E-02  1.76733E+00  1.00000E-35  2.09565E+00
   1.00000E+05  1.71484E-01  9.55933E-02  1.32524E+00  1.00000E-35  1.59231E+00
   1.01134E+05  1.64156E-01  9.55549E-02  1.28501E+00  1.00000E-35  1.54472E+00
   1.01134E+05  1.64156E-01  9.55549E-02  5.18093E+00  1.00000E-35  5.44064E+00
   1.01200E+05  1.64024E-01  9.55524E-02  5.70462E+00  1.00000E-35  5.96419E+00
   1.01267E+05  1.63891E-01  9.55499E-02  5.69055E+00  1.00000E-35  5.94999E+00
   1.01400E+05  1.63628E-01  9.55448E-02  5.67343E+00  1.00000E-35  5.93260E+00
   1.01667E+05  1.63102E-01  9.55347E-02  5.63625E+00  1.00000E-35  5.89488E+00
   1.02202E+05  1.63791E-01  9.55145E-02  5.56112E+00  1.00000E-35  5.82043E+00
   1.03281E+05  1.67530E-01  9.54741E-02  5.41442E+00  1.00000E-35  5.67742E+00
   1.05474E+05  1.71915E-01  9.53933E-02  5.13535E+00  1.00000E-35  5.40265E+00
   1.10000E+05  1.67986E-01  9.52110E-02  4.61414E+00  1.00000E-35  4.87734E+00
   1.25000E+05  1.41585E-01  9.42813E-02  3.32376E+00  1.00000E-35  3.55963E+00
   1.40000E+05  1.17879E-01  9.30921E-02  2.47921E+00  1.00000E-35  2.69019E+00
   1.50000E+05  1.04901E-01  9.21789E-02  2.07228E+00  1.00000E-35  2.26936E+00
   1.75000E+05  8.01091E-02  8.97909E-02  1.38660E+00  1.00000E-35  1.55650E+00
   2.00000E+05  6.30427E-02  8.73863E-02  9.78745E-01  1.00000E-35  1.12917E+00
   2.20000E+05  5.30129E-02  8.54940E-02  7.63750E-01  1.00000E-35  9.02257E-01
   2.50000E+05  4.18934E-02  8.27846E-02  5.48557E-01  1.00000E-35  6.73235E-01
   3.00000E+05  2.98055E-02  7.86454E-02  3.44049E-01  1.00000E-35  4.52500E-01
   3.50000E+05  2.22636E-02  7.49559E-02  2.33561E-01  1.00000E-35  3.30780E-01
   4.00000E+05  1.72434E-02  7.16778E-02  1.68104E-01  1.00000E-35  2.57025E-01
   4.50000E+05  1.37510E-02  6.87503E-02  1.26522E-01  1.00000E-35  2.09023E-01
   5.00000E+05  1.12236E-02  6.61141E-02  9.86282E-02  1.00000E-35  1.75966E-01
   5.50000E+05  9.32915E-03  6.37159E-02  7.90806E-02  1.00000E-35  1.52126E-01
   6.00000E+05  7.87785E-03  6.15340E-02  6.48834E-02  1.00000E-35  1.34295E-01
   7.00000E+05  5.83755E-03  5.77048E-02  4.61128E-02  1.00000E-35  1.09655E-01
   8.00000E+05  4.49373E-03  5.44309E-02  3.46274E-02  1.00000E-35  9.35520E-02
   9.00000E+05  3.56724E-03  5.16042E-02  2.70894E-02  1.00000E-35  8.22608E-02
   1.00000E+06  2.90160E-03  4.91168E-02  2.18698E-02  1.00000E-35  7.38882E-02
   1.10000E+06  2.40703E-03  4.69126E-02  1.81000E-02  1.66063E-05  6.74362E-02
   1.25000E+06  1.87033E-03  4.40324E-02  1.41341E-02  3.96381E-04  6.04332E-02
   1.40000E+06  1.49492E-03  4.15512E-02  1.14197E-02  1.24292E-03  5.57087E-02
   1.50000E+06  1.30431E-03  4.00806E-02  1.00565E-02  1.99235E-03  5.34337E-02
   1.75000E+06  9.61607E-04  3.68913E-02  7.62478E-03  3.96417E-03  4.94418E-02
   2.00000E+06  7.37359E-04  3.42516E-02  6.04671E-03  5.90527E-03  4.69409E-02
   2.20000E+06  6.09936E-04  3.24405E-02  5.14571E-03  7.40641E-03  4.56026E-02
   2.50000E+06  4.72902E-04  3.01106E-02  4.16743E-03  9.51886E-03  4.42698E-02
   3.00000E+06  3.28968E-04  2.69805E-02  3.11806E-03  1.26300E-02  4.30575E-02
   3.50000E+06  2.42014E-04  2.45175E-02  2.46291E-03  1.54248E-02  4.26473E-02
   4.00000E+06  1.85373E-04  2.25144E-02  2.02121E-03  1.79469E-02  4.26679E-02
   4.50000E+06  1.46497E-04  2.08548E-02  1.70619E-03  2.02753E-02  4.29827E-02
   5.00000E+06  1.18684E-04  1.94532E-02  1.47167E-03  2.24003E-02  4.34439E-02
   5.50000E+06  9.81016E-05  1.82452E-02  1.29110E-03  2.43559E-02  4.39903E-02
   6.00000E+06  8.24449E-05  1.71939E-02  1.14831E-03  2.62399E-02  4.46646E-02
   7.00000E+06  6.05877E-05  1.54523E-02  9.37696E-04  2.96409E-02  4.60914E-02
   8.00000E+06  4.63980E-05  1.40631E-02  7.90528E-04  3.27042E-02  4.76042E-02
   9.00000E+06  3.66676E-05  1.29254E-02  6.82320E-04  3.55186E-02  4.91630E-02
   1.00000E+07  2.97059E-05  1.19747E-02  5.99608E-04  3.80916E-02  5.06956E-02
   1.10000E+07  2.45533E-05  1.11671E-02  5.34440E-04  4.04753E-02  5.22014E-02
   1.25000E+07  1.90143E-05  1.01585E-02  4.56308E-04  4.37485E-02  5.43823E-02
   1.40000E+07  1.51583E-05  9.33136E-03  3.97485E-04  4.67226E-02  5.64666E-02
   1.50000E+07  1.32046E-05  8.85772E-03  3.65789E-04  4.85490E-02  5.77857E-02
   1.75000E+07  9.70153E-06  7.87596E-03  3.04545E-04  5.25793E-02  6.07695E-02
   2.00000E+07  7.42785E-06  7.10537E-03  2.60504E-04  5.60707E-02  6.34440E-02
   2.20000E+07  6.13879E-06  6.59803E-03  2.33335E-04  5.85673E-02  6.54048E-02
   2.50000E+07  4.75395E-06  5.96922E-03  2.01624E-04  6.19001E-02  6.80757E-02
   3.00000E+07  3.30140E-06  5.16729E-03  1.64200E-04  6.65953E-02  7.19300E-02
   3.50000E+07  2.42554E-06  4.56835E-03  1.38380E-04  7.04922E-02  7.52013E-02
   4.00000E+07  1.85705E-06  4.10252E-03  1.19519E-04  7.37676E-02  7.79915E-02
   4.50000E+07  1.46730E-06  3.72877E-03  1.05151E-04  7.66010E-02  8.04364E-02
   5.00000E+07  1.18852E-06  3.42183E-03  9.38479E-05  7.90742E-02  8.25911E-02
   5.50000E+07  9.82245E-07  3.16489E-03  8.47277E-05  8.12410E-02  8.44916E-02
   6.00000E+07  8.25358E-07  2.94635E-03  7.72161E-05  8.32252E-02  8.62496E-02
   7.00000E+07  6.06388E-07  2.59386E-03  6.55747E-05  8.65615E-02  8.92215E-02
   8.00000E+07  4.64266E-07  2.32137E-03  5.69751E-05  8.93038E-02  9.16827E-02
   9.00000E+07  3.66828E-07  2.10385E-03  5.03649E-05  9.15940E-02  9.37486E-02
   1.00000E+08  2.97130E-07  1.92596E-03  4.51266E-05  9.35588E-02  9.55302E-02
   1.10000E+08  2.45563E-07  1.77755E-03  4.08734E-05  9.52691E-02  9.70878E-02
   1.25000E+08  1.90163E-07  1.59564E-03  3.58094E-05  9.74505E-02  9.90821E-02
   1.40000E+08  1.51598E-07  1.44950E-03  3.18602E-05  9.92834E-02  1.00765E-01
   1.50000E+08  1.32058E-07  1.36694E-03  2.96781E-05  1.00344E-01  1.01741E-01
   1.75000E+08  9.70221E-08  1.19859E-03  2.53382E-05  1.02576E-01  1.03800E-01
   2.00000E+08  7.42827E-08  1.06914E-03  2.21050E-05  1.04368E-01  1.05459E-01
   2.20000E+08  6.13908E-08  9.85142E-04  2.00573E-05  1.05566E-01  1.06571E-01
   2.50000E+08  4.75412E-08  8.82468E-04  1.76101E-05  1.07073E-01  1.07974E-01
   3.00000E+08  3.30146E-08  7.53849E-04  1.46338E-05  1.09044E-01  1.09812E-01
   3.50000E+08  2.42555E-08  6.59508E-04  1.25180E-05  1.10536E-01  1.11208E-01
   4.00000E+08  1.85706E-08  5.87182E-04  1.09366E-05  1.11718E-01  1.12316E-01
   4.50000E+08  1.46731E-08  5.29855E-04  9.70995E-06  1.12679E-01  1.13218E-01
   5.00000E+08  1.18852E-08  4.83241E-04  8.73067E-06  1.13479E-01  1.13971E-01
   5.50000E+08  9.82248E-09  4.44546E-04  7.93080E-06  1.14147E-01  1.14599E-01
   6.00000E+08  8.25361E-09  4.11879E-04  7.26518E-06  1.14752E-01  1.15172E-01
   7.00000E+08  6.06387E-09  3.59678E-04  6.22094E-06  1.15700E-01  1.16065E-01
   8.00000E+08  4.64265E-09  3.19749E-04  5.43915E-06  1.16433E-01  1.16758E-01
   9.00000E+08  3.66828E-09  2.88164E-04  4.83192E-06  1.17024E-01  1.17317E-01
   1.00000E+09  2.97130E-09  2.62523E-04  4.34665E-06  1.17514E-01  1.17780E-01
