 # Material data file: Fe                  
 # 
 # PENELOPE >>>  Photon mass attenuation coefficients (mac).
 # 
 #   Energy       mac_Ra       mac_Co       mac_ph       mac_pp       mac_tot
 #    (eV)       (cm**2/g)    (cm**2/g)    (cm**2/g)    (cm**2/g)    (cm**2/g)
 #------------------------------------------------------------------------------
   5.00000E+01  7.15525E-01  7.24856E-03  9.15169E+04  1.00000E-35  9.15176E+04
   5.24404E+01  1.06426E+01  7.25395E-03  8.93657E+04  1.00000E-35  8.93764E+04
   5.50000E+01  1.79282E+01  7.25945E-03  8.69708E+04  1.00000E-35  8.69887E+04
   5.69649E+01  4.64197E+00  7.26376E-03  8.50773E+04  1.00000E-35  8.50820E+04
   5.90000E+01  1.75168E+00  7.26808E-03  8.30920E+04  1.00000E-35  8.30938E+04
   5.90000E+01  1.75168E+00  7.26808E-03  9.20276E+04  1.00000E-35  9.20293E+04
   5.90310E+01  1.73790E+00  7.26814E-03  9.19890E+04  1.00000E-35  9.19907E+04
   5.90620E+01  1.72425E+00  7.26821E-03  9.19502E+04  1.00000E-35  9.19519E+04
   5.91241E+01  1.69723E+00  7.26834E-03  9.18726E+04  1.00000E-35  9.18743E+04
   5.92484E+01  1.65194E+00  7.26860E-03  9.17167E+04  1.00000E-35  9.17184E+04
   5.94979E+01  1.56985E+00  7.26917E-03  9.13998E+04  1.00000E-35  9.14013E+04
   6.00000E+01  1.43168E+00  7.27029E-03  9.07425E+04  1.00000E-35  9.07440E+04
   6.10000E+01  1.23664E+00  7.27251E-03  8.93897E+04  1.00000E-35  8.93909E+04
   6.10000E+01  1.23664E+00  7.27251E-03  9.36734E+04  1.00000E-35  9.36747E+04
   6.10328E+01  1.23152E+00  7.27258E-03  9.36247E+04  1.00000E-35  9.36259E+04
   6.10656E+01  1.22643E+00  7.27265E-03  9.35758E+04  1.00000E-35  9.35771E+04
   6.11313E+01  1.21630E+00  7.27279E-03  9.34780E+04  1.00000E-35  9.34793E+04
   6.12629E+01  1.19630E+00  7.27308E-03  9.32816E+04  1.00000E-35  9.32828E+04
   6.15269E+01  1.15886E+00  7.27366E-03  9.28841E+04  1.00000E-35  9.28853E+04
   6.20584E+01  1.09027E+00  7.27481E-03  9.20697E+04  1.00000E-35  9.20708E+04
   6.31352E+01  9.96457E-01  7.27712E-03  9.03926E+04  1.00000E-35  9.03936E+04
   6.53452E+01  1.05025E+00  7.28190E-03  8.69700E+04  1.00000E-35  8.69711E+04
   7.00000E+01  1.06653E+00  7.29195E-03  8.04304E+04  1.00000E-35  8.04314E+04
   7.23762E+01  1.06358E+00  7.29728E-03  7.75411E+04  1.00000E-35  7.75422E+04
   7.48331E+01  1.06064E+00  7.30265E-03  7.48485E+04  1.00000E-35  7.48496E+04
   8.00000E+01  1.05937E+00  7.31430E-03  6.99551E+04  1.00000E-35  6.99561E+04
   9.00000E+01  1.07157E+00  7.33816E-03  6.22527E+04  1.00000E-35  6.22537E+04
   9.39149E+01  1.06159E+00  7.34940E-03  5.95994E+04  1.00000E-35  5.96005E+04
   9.80000E+01  1.19404E+00  7.36085E-03  5.69825E+04  1.00000E-35  5.69837E+04
   9.80000E+01  1.19404E+00  7.36085E-03  6.08382E+04  1.00000E-35  6.08394E+04
   9.80619E+01  1.19692E+00  7.36102E-03  6.07962E+04  1.00000E-35  6.07974E+04
   9.81238E+01  1.19980E+00  7.36119E-03  6.07541E+04  1.00000E-35  6.07553E+04
   9.82478E+01  1.20218E+00  7.36153E-03  6.06701E+04  1.00000E-35  6.06713E+04
   9.84962E+01  1.20218E+00  7.36241E-03  6.05021E+04  1.00000E-35  6.05033E+04
   9.89949E+01  1.20218E+00  7.36425E-03  6.01668E+04  1.00000E-35  6.01681E+04
   1.00000E+02  1.19678E+00  7.36791E-03  5.95009E+04  1.00000E-35  5.95021E+04
   1.10000E+02  1.27993E+00  7.40718E-03  5.35422E+04  1.00000E-35  5.35435E+04
   1.17260E+02  1.33780E+00  7.44283E-03  4.97984E+04  1.00000E-35  4.97997E+04
   1.25000E+02  1.39494E+00  7.49253E-03  4.62276E+04  1.00000E-35  4.62290E+04
   1.32288E+02  1.44602E+00  7.55151E-03  4.31887E+04  1.00000E-35  4.31901E+04
   1.40000E+02  1.49552E+00  7.62225E-03  4.02536E+04  1.00000E-35  4.02551E+04
   1.44914E+02  1.52630E+00  7.67655E-03  3.85134E+04  1.00000E-35  3.85149E+04
   1.50000E+02  1.55674E+00  7.73143E-03  3.68075E+04  1.00000E-35  3.68090E+04
   1.55893E+02  1.58935E+00  7.81353E-03  3.49431E+04  1.00000E-35  3.49447E+04
   1.62019E+02  1.62137E+00  7.89652E-03  3.31250E+04  1.00000E-35  3.31266E+04
   1.68384E+02  1.65152E+00  7.99843E-03  3.13568E+04  1.00000E-35  3.13585E+04
   1.75000E+02  1.68223E+00  8.10575E-03  2.96429E+04  1.00000E-35  2.96446E+04
   1.87083E+02  1.72773E+00  8.32597E-03  2.68141E+04  1.00000E-35  2.68159E+04
   2.00000E+02  1.76932E+00  8.58022E-03  2.41780E+04  1.00000E-35  2.41797E+04
   2.09762E+02  1.79677E+00  8.77951E-03  2.24175E+04  1.00000E-35  2.24193E+04
   2.20000E+02  1.82004E+00  9.00700E-03  2.07561E+04  1.00000E-35  2.07579E+04
   2.34521E+02  1.84891E+00  9.33455E-03  1.86774E+04  1.00000E-35  1.86793E+04
   2.50000E+02  1.87087E+00  9.69457E-03  1.67623E+04  1.00000E-35  1.67642E+04
   2.61659E+02  1.88304E+00  9.97730E-03  1.54931E+04  1.00000E-35  1.54950E+04
   2.73861E+02  1.89383E+00  1.02717E-02  1.43022E+04  1.00000E-35  1.43041E+04
   2.86633E+02  1.89891E+00  1.05860E-02  1.31873E+04  1.00000E-35  1.31892E+04
   3.00000E+02  1.90299E+00  1.09136E-02  1.21464E+04  1.00000E-35  1.21483E+04
   3.24037E+02  1.90075E+00  1.15023E-02  1.05460E+04  1.00000E-35  1.05479E+04
   3.50000E+02  1.88660E+00  1.21302E-02  9.13105E+03  1.00000E-35  9.13295E+03
   3.74166E+02  1.86391E+00  1.27021E-02  8.04015E+03  1.00000E-35  8.04202E+03
   4.00000E+02  1.82858E+00  1.32964E-02  7.06367E+03  1.00000E-35  7.06551E+03
   4.24264E+02  1.78564E+00  1.38377E-02  6.29057E+03  1.00000E-35  6.29237E+03
   4.50000E+02  1.72987E+00  1.43949E-02  5.59382E+03  1.00000E-35  5.59556E+03
   4.74342E+02  1.66797E+00  1.48993E-02  5.03001E+03  1.00000E-35  5.03170E+03
   5.00000E+02  1.59110E+00  1.54146E-02  4.51785E+03  1.00000E-35  4.51946E+03
   5.24404E+02  1.50441E+00  1.58872E-02  4.09489E+03  1.00000E-35  4.09641E+03
   5.50000E+02  1.39530E+00  1.63628E-02  3.70771E+03  1.00000E-35  3.70913E+03
   6.00000E+02  1.10833E+00  1.72443E-02  3.08515E+03  1.00000E-35  3.08628E+03
   6.48074E+02  6.62007E-01  1.80355E-02  2.61522E+03  1.00000E-35  2.61590E+03
   7.00000E+02  3.23941E+00  1.88355E-02  2.21160E+03  1.00000E-35  2.21486E+03
   7.13000E+02  4.88370E+00  1.90266E-02  2.12399E+03  1.00000E-35  2.12890E+03
   7.13000E+02  4.88370E+00  1.90266E-02  6.22129E+03  1.00000E-35  6.22619E+03
   7.13403E+02  4.85837E+00  1.90325E-02  6.53475E+03  1.00000E-35  6.53962E+03
   7.13806E+02  4.83318E+00  1.90384E-02  6.83236E+03  1.00000E-35  6.83722E+03
   7.14209E+02  4.80813E+00  1.90443E-02  7.11342E+03  1.00000E-35  7.11825E+03
   7.14612E+02  4.78323E+00  1.90502E-02  7.37923E+03  1.00000E-35  7.38403E+03
   7.15016E+02  4.75841E+00  1.90561E-02  7.63093E+03  1.00000E-35  7.63571E+03
   7.15420E+02  4.73374E+00  1.90620E-02  7.86950E+03  1.00000E-35  7.87425E+03
   7.15824E+02  4.70920E+00  1.90679E-02  8.09576E+03  1.00000E-35  8.10048E+03
   7.16228E+02  4.68481E+00  1.90738E-02  8.31044E+03  1.00000E-35  8.31514E+03
   7.16633E+02  4.66049E+00  1.90798E-02  8.51419E+03  1.00000E-35  8.51887E+03
   7.17037E+02  4.63638E+00  1.90857E-02  8.70758E+03  1.00000E-35  8.71223E+03
   7.17442E+02  4.61234E+00  1.90916E-02  8.89111E+03  1.00000E-35  8.89574E+03
   7.17847E+02  4.58493E+00  1.90975E-02  9.06524E+03  1.00000E-35  9.06984E+03
   7.18253E+02  4.53439E+00  1.91034E-02  9.23037E+03  1.00000E-35  9.23493E+03
   7.18659E+02  4.48444E+00  1.91093E-02  9.38689E+03  1.00000E-35  9.39140E+03
   7.19065E+02  4.43506E+00  1.91153E-02  9.53515E+03  1.00000E-35  9.53961E+03
   7.19471E+02  4.38626E+00  1.91212E-02  9.67548E+03  1.00000E-35  9.67988E+03
   7.20284E+02  4.29023E+00  1.91330E-02  9.93351E+03  1.00000E-35  9.93782E+03
   7.21097E+02  4.19640E+00  1.91449E-02  1.01632E+04  1.00000E-35  1.01675E+04
   7.21912E+02  4.10450E+00  1.91568E-02  1.03667E+04  1.00000E-35  1.03708E+04
   7.22728E+02  4.01461E+00  1.91686E-02  1.05459E+04  1.00000E-35  1.05499E+04
   7.23545E+02  3.92667E+00  1.91805E-02  1.07025E+04  1.00000E-35  1.07064E+04
   7.24362E+02  3.84076E+00  1.91924E-02  1.08383E+04  1.00000E-35  1.08421E+04
   7.25181E+02  3.73783E+00  1.92043E-02  1.09548E+04  1.00000E-35  1.09586E+04
   7.26000E+02  3.63595E+00  1.92162E-02  1.10539E+04  1.00000E-35  1.10576E+04
   7.26000E+02  3.63595E+00  1.92162E-02  1.30239E+04  1.00000E-35  1.30276E+04
   7.26551E+02  3.56904E+00  1.92242E-02  1.32900E+04  1.00000E-35  1.32936E+04
   7.27102E+02  3.50341E+00  1.92322E-02  1.35346E+04  1.00000E-35  1.35382E+04
   7.27653E+02  3.43904E+00  1.92402E-02  1.37589E+04  1.00000E-35  1.37624E+04
   7.28205E+02  3.37578E+00  1.92482E-02  1.39647E+04  1.00000E-35  1.39681E+04
   7.28758E+02  3.31362E+00  1.92562E-02  1.41533E+04  1.00000E-35  1.41566E+04
   7.29311E+02  3.25265E+00  1.92642E-02  1.43262E+04  1.00000E-35  1.43295E+04
   7.29864E+02  3.19285E+00  1.92722E-02  1.44844E+04  1.00000E-35  1.44876E+04
   7.30418E+02  3.13409E+00  1.92803E-02  1.46291E+04  1.00000E-35  1.46323E+04
   7.31526E+02  3.03194E+00  1.92963E-02  1.48810E+04  1.00000E-35  1.48841E+04
   7.32636E+02  2.95490E+00  1.93124E-02  1.50882E+04  1.00000E-35  1.50912E+04
   7.33748E+02  2.87980E+00  1.93284E-02  1.52559E+04  1.00000E-35  1.52588E+04
   7.34862E+02  2.80659E+00  1.93445E-02  1.53889E+04  1.00000E-35  1.53918E+04
   7.35977E+02  2.73528E+00  1.93606E-02  1.54913E+04  1.00000E-35  1.54940E+04
   7.37094E+02  2.66577E+00  1.93768E-02  1.55669E+04  1.00000E-35  1.55695E+04
   7.38213E+02  2.61640E+00  1.93929E-02  1.56190E+04  1.00000E-35  1.56217E+04
   7.39333E+02  2.61594E+00  1.94090E-02  1.56510E+04  1.00000E-35  1.56536E+04
   7.41579E+02  2.61501E+00  1.94414E-02  1.56652E+04  1.00000E-35  1.56678E+04
   7.43832E+02  2.61408E+00  1.94737E-02  1.56296E+04  1.00000E-35  1.56323E+04
   7.46092E+02  2.64668E+00  1.95062E-02  1.55593E+04  1.00000E-35  1.55620E+04
   7.48358E+02  2.70241E+00  1.95379E-02  1.54670E+04  1.00000E-35  1.54697E+04
   7.52912E+02  2.81154E+00  1.96011E-02  1.52498E+04  1.00000E-35  1.52527E+04
   7.62102E+02  2.98214E+00  1.97282E-02  1.48056E+04  1.00000E-35  1.48086E+04
   7.71405E+02  3.08507E+00  1.98561E-02  1.44109E+04  1.00000E-35  1.44140E+04
   7.80821E+02  3.15012E+00  1.99848E-02  1.40459E+04  1.00000E-35  1.40490E+04
   7.90352E+02  3.19721E+00  2.01144E-02  1.36775E+04  1.00000E-35  1.36807E+04
   8.00000E+02  3.22801E+00  2.02448E-02  1.32929E+04  1.00000E-35  1.32961E+04
   8.25106E+02  3.23891E+00  2.05770E-02  1.22961E+04  1.00000E-35  1.22993E+04
   8.37953E+02  3.39243E+00  2.07434E-02  1.18303E+04  1.00000E-35  1.18338E+04
   8.51000E+02  3.66446E+00  2.09111E-02  1.13967E+04  1.00000E-35  1.14004E+04
   8.51000E+02  3.66446E+00  2.09111E-02  1.31745E+04  1.00000E-35  1.31782E+04
   8.51745E+02  3.67785E+00  2.09206E-02  1.31258E+04  1.00000E-35  1.31295E+04
   8.52490E+02  3.69127E+00  2.09301E-02  1.30793E+04  1.00000E-35  1.30830E+04
   8.53983E+02  3.71829E+00  2.09492E-02  1.29927E+04  1.00000E-35  1.29964E+04
   8.56976E+02  3.75999E+00  2.09875E-02  1.28381E+04  1.00000E-35  1.28419E+04
   8.62994E+02  3.82979E+00  2.10641E-02  1.25796E+04  1.00000E-35  1.25834E+04
   8.69054E+02  3.88127E+00  2.11411E-02  1.23610E+04  1.00000E-35  1.23649E+04
   8.75157E+02  3.92616E+00  2.12183E-02  1.21649E+04  1.00000E-35  1.21689E+04
   9.00000E+02  4.06935E+00  2.15277E-02  1.14512E+04  1.00000E-35  1.14553E+04
   9.24021E+02  4.17575E+00  2.18217E-02  1.07837E+04  1.00000E-35  1.07879E+04
   9.48683E+02  4.26470E+00  2.21197E-02  1.01419E+04  1.00000E-35  1.01461E+04
   1.00000E+03  4.38025E+00  2.27280E-02  8.99119E+03  1.00000E-35  8.99559E+03
   1.04881E+03  4.45931E+00  2.32931E-02  8.04200E+03  1.00000E-35  8.04648E+03
   1.10000E+03  4.50520E+00  2.38772E-02  7.18496E+03  1.00000E-35  7.18949E+03
   1.17260E+03  4.54091E+00  2.46887E-02  6.17042E+03  1.00000E-35  6.17499E+03
   1.25000E+03  4.55551E+00  2.55361E-02  5.28324E+03  1.00000E-35  5.28782E+03
   1.40000E+03  4.50881E+00  2.71451E-02  3.99750E+03  1.00000E-35  4.00204E+03
   1.50000E+03  4.46092E+00  2.81935E-02  3.36430E+03  1.00000E-35  3.36879E+03
   1.62019E+03  4.38822E+00  2.94332E-02  2.76942E+03  1.00000E-35  2.77383E+03
   1.75000E+03  4.28676E+00  3.07492E-02  2.27552E+03  1.00000E-35  2.27984E+03
   2.00000E+03  4.09129E+00  3.32245E-02  1.61269E+03  1.00000E-35  1.61682E+03
   2.20000E+03  3.92778E+00  3.51462E-02  1.25771E+03  1.00000E-35  1.26167E+03
   2.50000E+03  3.69254E+00  3.79433E-02  8.98260E+02  1.00000E-35  9.01990E+02
   2.73861E+03  3.51451E+00  4.01014E-02  7.05073E+02  1.00000E-35  7.08627E+02
   3.00000E+03  3.32956E+00  4.24080E-02  5.52541E+02  1.00000E-35  5.55913E+02
   3.50000E+03  2.99826E+00  4.66869E-02  3.64563E+02  1.00000E-35  3.67608E+02
   4.00000E+03  2.70085E+00  5.08339E-02  2.53443E+02  1.00000E-35  2.56194E+02
   4.50000E+03  2.43218E+00  5.48650E-02  1.83492E+02  1.00000E-35  1.85979E+02
   5.00000E+03  2.18669E+00  5.87438E-02  1.37210E+02  1.00000E-35  1.39455E+02
   5.50000E+03  1.95751E+00  6.24515E-02  1.05348E+02  1.00000E-35  1.07368E+02
   6.00000E+03  1.73644E+00  6.59861E-02  8.26838E+01  1.00000E-35  8.44862E+01
   7.00000E+03  1.07177E+00  7.25473E-02  5.37113E+01  1.00000E-35  5.48556E+01
   7.11700E+03  1.04290E+00  7.32746E-02  5.12724E+01  1.00000E-35  5.23885E+01
   7.11700E+03  1.04290E+00  7.32746E-02  4.51036E+02  1.00000E-35  4.52152E+02
   7.12351E+03  1.05102E+00  7.33149E-02  4.18163E+02  1.00000E-35  4.19287E+02
   7.13002E+03  1.05920E+00  7.33552E-02  4.03812E+02  1.00000E-35  4.04945E+02
   7.13654E+03  1.06745E+00  7.33956E-02  3.98376E+02  1.00000E-35  3.99516E+02
   7.14306E+03  1.07576E+00  7.34359E-02  3.97482E+02  1.00000E-35  3.98631E+02
   7.14959E+03  1.08413E+00  7.34763E-02  3.98661E+02  1.00000E-35  3.99819E+02
   7.15612E+03  1.09257E+00  7.35167E-02  4.00432E+02  1.00000E-35  4.01598E+02
   7.16267E+03  1.10109E+00  7.35572E-02  4.01925E+02  1.00000E-35  4.03100E+02
   7.16921E+03  1.10965E+00  7.35976E-02  4.02810E+02  1.00000E-35  4.03993E+02
   7.17577E+03  1.11830E+00  7.36381E-02  4.02961E+02  1.00000E-35  4.04153E+02
   7.18233E+03  1.12710E+00  7.36786E-02  4.02473E+02  1.00000E-35  4.03674E+02
   7.19546E+03  1.14500E+00  7.37596E-02  4.00353E+02  1.00000E-35  4.01572E+02
   7.22181E+03  1.18169E+00  7.39220E-02  3.95824E+02  1.00000E-35  3.97080E+02
   7.24825E+03  1.21763E+00  7.40848E-02  3.92565E+02  1.00000E-35  3.93857E+02
   7.27479E+03  1.24331E+00  7.42479E-02  3.89792E+02  1.00000E-35  3.91110E+02
   7.30143E+03  1.26953E+00  7.44114E-02  3.86365E+02  1.00000E-35  3.87709E+02
   7.32816E+03  1.28964E+00  7.45710E-02  3.82414E+02  1.00000E-35  3.83778E+02
   7.54559E+03  1.37327E+00  7.58560E-02  3.55758E+02  1.00000E-35  3.57207E+02
   8.00000E+03  1.40724E+00  7.84828E-02  3.06353E+02  1.00000E-35  3.07839E+02
   8.48528E+03  1.38360E+00  8.11362E-02  2.62752E+02  1.00000E-35  2.64217E+02
   9.00000E+03  1.33737E+00  8.38065E-02  2.25118E+02  1.00000E-35  2.26540E+02
   1.00000E+04  1.22778E+00  8.86138E-02  1.70338E+02  1.00000E-35  1.71655E+02
   1.10000E+04  1.11982E+00  9.29528E-02  1.32023E+02  1.00000E-35  1.33236E+02
   1.25000E+04  9.77665E-01  9.86714E-02  9.33977E+01  1.00000E-35  9.44740E+01
   1.40000E+04  8.59405E-01  1.03608E-01  6.84432E+01  1.00000E-35  6.94063E+01
   1.50000E+04  7.92304E-01  1.06512E-01  5.65434E+01  1.00000E-35  5.74423E+01
   1.75000E+04  6.53902E-01  1.12670E-01  3.67342E+01  1.00000E-35  3.75008E+01
   2.00000E+04  5.47575E-01  1.17563E-01  2.51623E+01  1.00000E-35  2.58274E+01
   2.20000E+04  4.78525E-01  1.20743E-01  1.91587E+01  1.00000E-35  1.97579E+01
   2.50000E+04  3.95460E-01  1.24533E-01  1.32508E+01  1.00000E-35  1.37708E+01
   3.00000E+04  2.96546E-01  1.29032E-01  7.78690E+00  1.00000E-35  8.21248E+00
   3.24037E+04  2.61719E-01  1.30592E-01  6.20769E+00  1.00000E-35  6.60000E+00
   3.50000E+04  2.30956E-01  1.31959E-01  4.94356E+00  1.00000E-35  5.30648E+00
   4.00000E+04  1.85644E-01  1.33887E-01  3.32380E+00  1.00000E-35  3.64333E+00
   4.50000E+04  1.52320E-01  1.35056E-01  2.33627E+00  1.00000E-35  2.62365E+00
   5.00000E+04  1.27477E-01  1.35709E-01  1.70134E+00  1.00000E-35  1.96453E+00
   5.50000E+04  1.08501E-01  1.35955E-01  1.27531E+00  1.00000E-35  1.51976E+00
   6.00000E+04  9.35480E-02  1.35888E-01  9.79257E-01  1.00000E-35  1.20869E+00
   6.48074E+04  8.18768E-02  1.35594E-01  7.73706E-01  1.00000E-35  9.91177E-01
   7.00000E+04  7.16614E-02  1.35096E-01  6.11959E-01  1.00000E-35  8.18716E-01
   8.00000E+04  5.66155E-02  1.33767E-01  4.06494E-01  1.00000E-35  5.96877E-01
   9.00000E+04  4.58613E-02  1.32122E-01  2.83041E-01  1.00000E-35  4.61024E-01
   1.00000E+05  3.79245E-02  1.30304E-01  2.04617E-01  1.00000E-35  3.72846E-01
   1.10000E+05  3.18409E-02  1.28352E-01  1.52523E-01  1.00000E-35  3.12716E-01
   1.25000E+05  2.51205E-02  1.25348E-01  1.02833E-01  1.00000E-35  2.53302E-01
   1.40000E+05  2.02880E-02  1.22400E-01  7.25241E-02  1.00000E-35  2.15212E-01
   1.50000E+05  1.78133E-02  1.20457E-01  5.86546E-02  1.00000E-35  1.96925E-01
   1.62019E+05  1.53956E-02  1.18200E-01  4.62479E-02  1.00000E-35  1.79843E-01
   1.75000E+05  1.32877E-02  1.15856E-01  3.65603E-02  1.00000E-35  1.65704E-01
   2.00000E+05  1.02943E-02  1.11633E-01  2.43396E-02  1.00000E-35  1.46267E-01
   2.20000E+05  8.57207E-03  1.08505E-01  1.82435E-02  1.00000E-35  1.35320E-01
   2.34521E+05  7.57635E-03  1.06382E-01  1.50508E-02  1.00000E-35  1.29009E-01
   2.50000E+05  6.69409E-03  1.04222E-01  1.24375E-02  1.00000E-35  1.23354E-01
   2.73861E+05  5.61053E-03  1.01125E-01  9.47929E-03  1.00000E-35  1.16214E-01
   2.86633E+05  5.13501E-03  9.95583E-02  8.29366E-03  1.00000E-35  1.12987E-01
   3.00000E+05  4.69963E-03  9.80067E-02  7.26875E-03  1.00000E-35  1.09975E-01
   3.24037E+05  4.04107E-03  9.53581E-02  5.81586E-03  1.00000E-35  1.05215E-01
   3.50000E+05  3.47440E-03  9.27123E-02  4.66641E-03  1.00000E-35  1.00853E-01
   3.74166E+05  3.04818E-03  9.04257E-02  3.86444E-03  1.00000E-35  9.73383E-02
   4.00000E+05  2.67414E-03  8.81519E-02  3.21082E-03  1.00000E-35  9.40368E-02
   4.24264E+05  2.38138E-03  8.61621E-02  2.73178E-03  1.00000E-35  9.12752E-02
   4.50000E+05  2.12001E-03  8.41757E-02  2.32983E-03  1.00000E-35  8.86255E-02
   4.74342E+05  1.91012E-03  8.24119E-02  2.02437E-03  1.00000E-35  8.63464E-02
   5.00000E+05  1.72101E-03  8.06695E-02  1.76282E-03  1.00000E-35  8.41533E-02
   5.24404E+05  1.56612E-03  7.90899E-02  1.55797E-03  1.00000E-35  8.22140E-02
   5.50000E+05  1.42516E-03  7.75319E-02  1.37949E-03  1.00000E-35  8.03366E-02
   5.74456E+05  1.30759E-03  7.61142E-02  1.23636E-03  1.00000E-35  7.86582E-02
   6.00000E+05  1.19972E-03  7.47115E-02  1.10972E-03  1.00000E-35  7.70210E-02
   6.23574E+05  1.11162E-03  7.34736E-02  1.00939E-03  1.00000E-35  7.55946E-02
   6.48074E+05  1.02970E-03  7.22510E-02  9.19327E-04  1.00000E-35  7.42000E-02
   6.73537E+05  9.53701E-04  7.10295E-02  8.38728E-04  1.00000E-35  7.28219E-02
   7.00000E+05  8.83280E-04  6.98281E-02  7.66379E-04  1.00000E-35  7.14778E-02
   7.48331E+05  7.73260E-04  6.77570E-02  6.56931E-04  1.00000E-35  6.91872E-02
   7.73735E+05  7.23498E-04  6.67339E-02  6.09074E-04  1.00000E-35  6.80665E-02
   8.00000E+05  6.76941E-04  6.57155E-02  5.65284E-04  1.00000E-35  6.69577E-02
   8.48528E+05  6.01992E-04  6.39408E-02  4.96616E-04  1.00000E-35  6.50394E-02
   9.00000E+05  5.35341E-04  6.21921E-02  4.37696E-04  1.00000E-35  6.31651E-02
   9.48683E+05  4.81997E-04  6.06393E-02  3.91842E-04  1.00000E-35  6.15131E-02
   1.00000E+06  4.33969E-04  5.91133E-02  3.51629E-04  1.00000E-35  5.98989E-02
   1.04881E+06  3.94659E-04  5.77494E-02  3.19421E-04  7.11233E-13  5.84635E-02
   1.10000E+06  3.58910E-04  5.64004E-02  2.90702E-04  2.90001E-06  5.70529E-02
   1.17260E+06  3.15992E-04  5.46230E-02  2.56860E-04  2.42832E-05  5.52201E-02
   1.25000E+06  2.78206E-04  5.28732E-02  2.27731E-04  6.77451E-05  5.34469E-02
   1.32288E+06  2.48500E-04  5.13462E-02  2.05152E-04  1.28188E-04  5.19280E-02
   1.40000E+06  2.21911E-04  4.98495E-02  1.85245E-04  2.16335E-04  5.04730E-02
   1.50000E+06  1.93336E-04  4.80626E-02  1.64063E-04  3.57422E-04  4.87775E-02
   1.62019E+06  1.65733E-04  4.61063E-02  1.43724E-04  5.57152E-04  4.69729E-02
   1.75000E+06  1.42073E-04  4.41970E-02  1.26429E-04  8.06383E-04  4.52719E-02
   1.87083E+06  1.24325E-04  4.25822E-02  1.13408E-04  1.06201E-03  4.38820E-02
   2.00000E+06  1.08795E-04  4.10066E-02  1.01986E-04  1.35639E-03  4.25738E-02
   2.09762E+06  9.89108E-05  3.99093E-02  9.46942E-05  1.59507E-03  4.16980E-02
   2.20000E+06  8.99249E-05  3.88230E-02  8.80334E-05  1.83381E-03  4.08347E-02
   2.34521E+06  7.91407E-05  3.74021E-02  7.99495E-05  2.18922E-03  3.97505E-02
   2.50000E+06  6.96501E-05  3.60182E-02  7.27378E-05  2.57365E-03  3.87342E-02
   2.73861E+06  5.80491E-05  3.41025E-02  6.37209E-05  3.15606E-03  3.73803E-02
   3.00000E+06  4.83801E-05  3.22582E-02  5.60319E-05  3.78703E-03  3.61496E-02
   3.24037E+06  4.14730E-05  3.07547E-02  5.03563E-05  4.36026E-03  3.52068E-02
   3.50000E+06  3.55521E-05  2.93017E-02  4.53417E-05  4.96659E-03  3.43491E-02
   3.74166E+06  3.11109E-05  2.80827E-02  4.14593E-05  5.51262E-03  3.36679E-02
   4.00000E+06  2.72244E-05  2.69015E-02  3.79609E-05  6.07785E-03  3.30446E-02
   4.50000E+06  2.15116E-05  2.49130E-02  3.25812E-05  7.13352E-03  3.21006E-02
   5.00000E+06  1.74246E-05  2.32287E-02  2.84974E-05  8.11625E-03  3.13908E-02
   5.50000E+06  1.44008E-05  2.17836E-02  2.52981E-05  9.03601E-03  3.08593E-02
   6.00000E+06  1.21008E-05  2.05278E-02  2.27281E-05  9.93807E-03  3.05007E-02
   6.48074E+06  1.03722E-05  1.94648E-02  2.06926E-05  1.07571E-02  3.02530E-02
   7.00000E+06  8.89058E-06  1.84471E-02  1.88629E-05  1.15747E-02  3.00496E-02
   8.00000E+06  6.80699E-06  1.67879E-02  1.61011E-05  1.30448E-02  2.98555E-02
   9.00000E+06  5.37846E-06  1.54292E-02  1.40334E-05  1.43729E-02  2.98215E-02
   1.00000E+07  4.35661E-06  1.42939E-02  1.24294E-05  1.55776E-02  2.98883E-02
   1.10000E+07  3.60057E-06  1.33296E-02  1.11501E-05  1.66784E-02  3.00227E-02
   1.25000E+07  2.78831E-06  1.21254E-02  9.65433E-06  1.81564E-02  3.02942E-02
   1.40000E+07  2.22284E-06  1.11378E-02  8.50901E-06  1.94810E-02  3.06296E-02
   1.50000E+07  1.93633E-06  1.05724E-02  7.88413E-06  2.02956E-02  3.08778E-02
   1.75000E+07  1.42262E-06  9.40035E-03  6.65881E-06  2.21151E-02  3.15235E-02
   2.00000E+07  1.08920E-06  8.48051E-03  5.76125E-06  2.37066E-02  3.21940E-02
   2.20000E+07  9.00168E-07  7.87491E-03  5.19967E-06  2.48435E-02  3.27245E-02
   2.50000E+07  6.97092E-07  7.12432E-03  4.53564E-06  2.63510E-02  3.34805E-02
   3.00000E+07  4.84092E-07  6.16713E-03  3.73873E-06  2.84752E-02  3.46466E-02
   3.50000E+07  3.55661E-07  5.45226E-03  3.17942E-06  3.02348E-02  3.56906E-02
   4.00000E+07  2.72303E-07  4.89626E-03  2.76540E-06  3.17254E-02  3.66247E-02
   4.50000E+07  2.15153E-07  4.45019E-03  2.44662E-06  3.30195E-02  3.74724E-02
   5.00000E+07  1.74274E-07  4.08385E-03  2.19365E-06  3.41519E-02  3.82381E-02
   5.50000E+07  1.44028E-07  3.77718E-03  1.98804E-06  3.51462E-02  3.89255E-02
   6.00000E+07  1.21024E-07  3.51634E-03  1.81763E-06  3.60598E-02  3.95781E-02
   7.00000E+07  8.89155E-08  3.09565E-03  1.55157E-06  3.76191E-02  4.07164E-02
   8.00000E+07  6.80760E-08  2.77045E-03  1.35341E-06  3.89214E-02  4.16932E-02
   9.00000E+07  5.37884E-08  2.51083E-03  1.20011E-06  4.00178E-02  4.25299E-02
   1.00000E+08  4.35686E-08  2.29853E-03  1.07800E-06  4.09644E-02  4.32641E-02
   1.10000E+08  3.60072E-08  2.12141E-03  9.78436E-07  4.17911E-02  4.39135E-02
   1.25000E+08  2.78838E-08  1.90431E-03  8.59366E-07  4.28492E-02  4.47544E-02
   1.40000E+08  2.22289E-08  1.72990E-03  7.66127E-07  4.37438E-02  4.54745E-02
   1.50000E+08  1.93638E-08  1.63137E-03  7.14448E-07  4.42654E-02  4.58975E-02
   1.75000E+08  1.42265E-08  1.43044E-03  6.11345E-07  4.53723E-02  4.68034E-02
   2.00000E+08  1.08922E-08  1.27596E-03  5.34246E-07  4.62660E-02  4.75425E-02
   2.20000E+08  9.00181E-09  1.17571E-03  4.85283E-07  4.68626E-02  4.80388E-02
   2.50000E+08  6.97100E-09  1.05317E-03  4.26632E-07  4.76129E-02  4.86665E-02
   3.00000E+08  4.84096E-09  8.99672E-04  3.55101E-07  4.86013E-02  4.95013E-02
   3.50000E+08  3.55663E-09  7.87081E-04  3.04111E-07  4.93625E-02  5.01499E-02
   4.00000E+08  2.72304E-09  7.00764E-04  2.65926E-07  4.99682E-02  5.06693E-02
   4.50000E+08  2.15153E-09  6.32347E-04  2.36260E-07  5.04579E-02  5.10905E-02
   5.00000E+08  1.74274E-09  5.76716E-04  2.12548E-07  5.08652E-02  5.14421E-02
   5.50000E+08  1.44028E-09  5.30537E-04  1.93162E-07  5.12048E-02  5.17355E-02
   6.00000E+08  1.21023E-09  4.91551E-04  1.77017E-07  5.15135E-02  5.20052E-02
   7.00000E+08  8.89151E-10  4.29254E-04  1.51664E-07  5.19999E-02  5.24293E-02
   8.00000E+08  6.80757E-10  3.81600E-04  1.32662E-07  5.23791E-02  5.27608E-02
   9.00000E+08  5.37881E-10  3.43905E-04  1.17893E-07  5.26847E-02  5.30287E-02
   9.48683E+08  4.84093E-10  3.28252E-04  1.11925E-07  5.28129E-02  5.31413E-02
   1.00000E+09  4.35684E-10  3.13304E-04  1.06082E-07  5.29384E-02  5.32518E-02
