 # Material data file: F                   
 # 
 # PENELOPE >>>  Photon mass attenuation coefficients (mac).
 # 
 #   Energy       mac_Ra       mac_Co       mac_ph       mac_pp       mac_tot
 #    (eV)       (cm**2/g)    (cm**2/g)    (cm**2/g)    (cm**2/g)    (cm**2/g)
 #------------------------------------------------------------------------------
   5.00000E+01  8.20492E-01  3.16988E-13  2.46125E+05  1.00000E-35  2.46126E+05
   5.12057E+01  8.43684E-01  3.16988E-13  2.40990E+05  1.00000E-35  2.40991E+05
   5.24404E+01  8.67179E-01  3.16988E-13  2.35714E+05  1.00000E-35  2.35715E+05
   5.37050E+01  8.90056E-01  3.16988E-13  2.30309E+05  1.00000E-35  2.30310E+05
   5.50000E+01  9.12784E-01  3.16988E-13  2.24788E+05  1.00000E-35  2.24789E+05
   5.74456E+01  9.53191E-01  3.17007E-13  2.14452E+05  1.00000E-35  2.14453E+05
   6.00000E+01  9.92416E-01  3.16988E-13  2.03856E+05  1.00000E-35  2.03857E+05
   6.23574E+01  1.02539E+00  3.16988E-13  1.94324E+05  1.00000E-35  1.94325E+05
   6.48074E+01  1.05707E+00  3.16988E-13  1.84719E+05  1.00000E-35  1.84721E+05
   6.73537E+01  1.08746E+00  3.16988E-13  1.75104E+05  1.00000E-35  1.75105E+05
   7.00000E+01  1.11496E+00  3.17006E-13  1.65540E+05  1.00000E-35  1.65541E+05
   7.23762E+01  1.13758E+00  3.17519E-13  1.57341E+05  1.00000E-35  1.57342E+05
   7.48331E+01  1.15895E+00  3.18048E-13  1.49261E+05  1.00000E-35  1.49263E+05
   7.73735E+01  1.17953E+00  3.17665E-13  1.41335E+05  1.00000E-35  1.41336E+05
   8.00000E+01  1.19651E+00  3.16988E-13  1.33591E+05  1.00000E-35  1.33593E+05
   8.23907E+01  1.21170E+00  3.16988E-13  1.26936E+05  1.00000E-35  1.26938E+05
   8.48528E+01  1.22431E+00  3.16988E-13  1.20462E+05  1.00000E-35  1.20463E+05
   8.73885E+01  1.23664E+00  3.16988E-13  1.14183E+05  1.00000E-35  1.14184E+05
   9.00000E+01  1.24747E+00  3.17625E-13  1.08111E+05  1.00000E-35  1.08112E+05
   9.48683E+01  1.26436E+00  3.22886E-13  9.77893E+04  1.00000E-35  9.77905E+04
   1.00000E+02  1.27681E+00  3.16988E-13  8.81886E+04  1.00000E-35  8.81899E+04
   1.04881E+02  1.28763E+00  3.16988E-13  8.01349E+04  1.00000E-35  8.01362E+04
   1.10000E+02  1.29409E+00  3.16988E-13  7.26762E+04  1.00000E-35  7.26775E+04
   1.17260E+02  1.30063E+00  3.16988E-13  6.35821E+04  1.00000E-35  6.35834E+04
   1.25000E+02  1.30414E+00  3.45943E-13  5.54821E+04  1.00000E-35  5.54834E+04
   1.32288E+02  1.30400E+00  1.04378E-12  4.90783E+04  1.00000E-35  4.90796E+04
   1.40000E+02  1.30385E+00  4.37761E-12  4.33481E+04  1.00000E-35  4.33494E+04
   1.50000E+02  1.30031E+00  3.80843E-11  3.71970E+04  1.00000E-35  3.71983E+04
   1.62019E+02  1.29490E+00  4.53339E-10  3.12797E+04  1.00000E-35  3.12810E+04
   1.75000E+02  1.28820E+00  4.30892E-09  2.62434E+04  1.00000E-35  2.62446E+04
   1.87083E+02  1.28033E+00  2.29029E-08  2.25015E+04  1.00000E-35  2.25028E+04
   2.00000E+02  1.27177E+00  9.98706E-08  1.92620E+04  1.00000E-35  1.92633E+04
   2.20000E+02  1.25652E+00  6.12214E-07  1.53847E+04  1.00000E-35  1.53859E+04
   2.34521E+02  1.24529E+00  1.77913E-06  1.32083E+04  1.00000E-35  1.32096E+04
   2.50000E+02  1.23287E+00  4.66701E-06  1.13251E+04  1.00000E-35  1.13263E+04
   2.73861E+02  1.21350E+00  1.51371E-05  9.07509E+03  1.00000E-35  9.07630E+03
   3.00000E+02  1.19241E+00  4.14323E-05  7.25678E+03  1.00000E-35  7.25797E+03
   3.50000E+02  1.14834E+00  1.69046E-04  4.95389E+03  1.00000E-35  4.95504E+03
   4.00000E+02  1.09987E+00  4.39334E-04  3.54824E+03  1.00000E-35  3.54934E+03
   4.50000E+02  1.04345E+00  8.91488E-04  2.63847E+03  1.00000E-35  2.63951E+03
   5.00000E+02  9.74437E-01  1.50708E-03  2.02088E+03  1.00000E-35  2.02186E+03
   5.50000E+02  8.81652E-01  2.27216E-03  1.58501E+03  1.00000E-35  1.58590E+03
   6.00000E+02  7.36523E-01  3.15637E-03  1.26744E+03  1.00000E-35  1.26818E+03
   6.45291E+02  6.43348E-01  4.04161E-03  1.04939E+03  1.00000E-35  1.05004E+03
   6.94000E+02  7.16537E-01  5.06341E-03  8.67838E+02  1.00000E-35  8.68559E+02
   6.94000E+02  7.16537E-01  5.06341E-03  1.21247E+04  1.00000E-35  1.21255E+04
   6.94373E+02  7.23419E-01  5.07112E-03  1.21717E+04  1.00000E-35  1.21724E+04
   6.94747E+02  7.30382E-01  5.07887E-03  1.22173E+04  1.00000E-35  1.22180E+04
   6.95495E+02  7.44498E-01  5.09438E-03  1.22988E+04  1.00000E-35  1.22996E+04
   6.96994E+02  7.73565E-01  5.12556E-03  1.24149E+04  1.00000E-35  1.24157E+04
   6.98495E+02  8.02427E-01  5.15690E-03  1.24898E+04  1.00000E-35  1.24906E+04
   7.00000E+02  8.25980E-01  5.18845E-03  1.25360E+04  1.00000E-35  1.25368E+04
   7.01462E+02  8.49472E-01  5.21922E-03  1.25613E+04  1.00000E-35  1.25621E+04
   7.02927E+02  8.73630E-01  5.25017E-03  1.25727E+04  1.00000E-35  1.25736E+04
   7.05866E+02  9.17636E-01  5.31261E-03  1.25690E+04  1.00000E-35  1.25699E+04
   7.08818E+02  9.53832E-01  5.37582E-03  1.25442E+04  1.00000E-35  1.25451E+04
   7.11782E+02  9.89431E-01  5.43977E-03  1.25067E+04  1.00000E-35  1.25077E+04
   7.17747E+02  1.04647E+00  5.56995E-03  1.24133E+04  1.00000E-35  1.24143E+04
   7.23762E+02  1.09524E+00  5.70325E-03  1.23039E+04  1.00000E-35  1.23050E+04
   7.29828E+02  1.13968E+00  5.83976E-03  1.21801E+04  1.00000E-35  1.21813E+04
   7.35944E+02  1.18113E+00  5.97951E-03  1.20415E+04  1.00000E-35  1.20427E+04
   7.42112E+02  1.21891E+00  6.12262E-03  1.18871E+04  1.00000E-35  1.18883E+04
   7.48331E+02  1.25452E+00  6.26486E-03  1.17169E+04  1.00000E-35  1.17182E+04
   7.54603E+02  1.28782E+00  6.40028E-03  1.15320E+04  1.00000E-35  1.15333E+04
   7.60927E+02  1.31814E+00  6.53860E-03  1.13344E+04  1.00000E-35  1.13357E+04
   7.67304E+02  1.34619E+00  6.67992E-03  1.11264E+04  1.00000E-35  1.11277E+04
   7.73735E+02  1.37221E+00  6.82430E-03  1.09107E+04  1.00000E-35  1.09120E+04
   7.86758E+02  1.41778E+00  7.12247E-03  1.04665E+04  1.00000E-35  1.04679E+04
   8.00000E+02  1.45531E+00  7.43366E-03  1.00205E+04  1.00000E-35  1.00220E+04
   8.23907E+02  1.50847E+00  7.98910E-03  9.26877E+03  1.00000E-35  9.27028E+03
   8.48528E+02  1.54982E+00  8.55508E-03  8.58807E+03  1.00000E-35  8.58962E+03
   8.73885E+02  1.58348E+00  9.16117E-03  7.98018E+03  1.00000E-35  7.98177E+03
   9.00000E+02  1.61454E+00  9.77350E-03  7.43090E+03  1.00000E-35  7.43252E+03
   9.48683E+02  1.66011E+00  1.09269E-02  6.54536E+03  1.00000E-35  6.54703E+03
   9.74004E+02  1.67869E+00  1.15275E-02  6.13559E+03  1.00000E-35  6.13728E+03
   1.00000E+03  1.69569E+00  1.21315E-02  5.74468E+03  1.00000E-35  5.74639E+03
   1.04881E+03  1.71723E+00  1.33012E-02  5.08823E+03  1.00000E-35  5.08996E+03
   1.10000E+03  1.73242E+00  1.44822E-02  4.50180E+03  1.00000E-35  4.50355E+03
   1.25000E+03  1.74233E+00  1.79587E-02  3.23943E+03  1.00000E-35  3.24119E+03
   1.32288E+03  1.72877E+00  1.96049E-02  2.79161E+03  1.00000E-35  2.79336E+03
   1.40000E+03  1.71437E+00  2.13297E-02  2.40132E+03  1.00000E-35  2.40306E+03
   1.50000E+03  1.69272E+00  2.35479E-02  1.99657E+03  1.00000E-35  1.99829E+03
   1.62019E+03  1.66646E+00  2.61730E-02  1.62266E+03  1.00000E-35  1.62435E+03
   1.75000E+03  1.62574E+00  2.89657E-02  1.31551E+03  1.00000E-35  1.31717E+03
   2.00000E+03  1.54967E+00  3.42164E-02  9.10209E+02  1.00000E-35  9.11793E+02
   2.20000E+03  1.48674E+00  3.83299E-02  6.97938E+02  1.00000E-35  6.99463E+02
   2.50000E+03  1.38909E+00  4.43144E-02  4.86704E+02  1.00000E-35  4.88137E+02
   3.00000E+03  1.23738E+00  5.37577E-02  2.89138E+02  1.00000E-35  2.90429E+02
   3.24037E+03  1.16883E+00  5.80325E-02  2.31461E+02  1.00000E-35  2.32688E+02
   3.50000E+03  1.09857E+00  6.24413E-02  1.85015E+02  1.00000E-35  1.86176E+02
   4.00000E+03  9.73826E-01  7.03089E-02  1.25128E+02  1.00000E-35  1.26172E+02
   4.50000E+03  8.65424E-01  7.73433E-02  8.83452E+01  1.00000E-35  8.92880E+01
   5.00000E+03  7.71427E-01  8.36432E-02  6.45518E+01  1.00000E-35  6.54069E+01
   5.50000E+03  6.90169E-01  8.93032E-02  4.85036E+01  1.00000E-35  4.92831E+01
   6.00000E+03  6.20451E-01  9.43873E-02  3.73165E+01  1.00000E-35  3.80313E+01
   7.00000E+03  5.08822E-01  1.03075E-01  2.33686E+01  1.00000E-35  2.39805E+01
   8.00000E+03  4.25140E-01  1.10219E-01  1.55295E+01  1.00000E-35  1.60649E+01
   9.00000E+03  3.61437E-01  1.16103E-01  1.08043E+01  1.00000E-35  1.12818E+01
   1.00000E+04  3.11940E-01  1.21092E-01  7.79566E+00  1.00000E-35  8.22869E+00
   1.10000E+04  2.72878E-01  1.25347E-01  5.79448E+00  1.00000E-35  6.19271E+00
   1.25000E+04  2.27493E-01  1.30627E-01  3.88444E+00  1.00000E-35  4.24256E+00
   1.40000E+04  1.93613E-01  1.34936E-01  2.71949E+00  1.00000E-35  3.04804E+00
   1.50000E+04  1.75507E-01  1.37369E-01  2.18707E+00  1.00000E-35  2.49995E+00
   1.62019E+04  1.57048E-01  1.39925E-01  1.71151E+00  1.00000E-35  2.00848E+00
   1.75000E+04  1.40405E-01  1.42300E-01  1.34101E+00  1.00000E-35  1.62371E+00
   2.00000E+04  1.15376E-01  1.45980E-01  8.75712E-01  1.00000E-35  1.13707E+00
   2.20000E+04  1.00017E-01  1.48229E-01  6.45217E-01  1.00000E-35  8.93462E-01
   2.50000E+04  8.20796E-02  1.50703E-01  4.27646E-01  1.00000E-35  6.60428E-01
   2.73861E+04  7.08949E-02  1.52111E-01  3.18053E-01  1.00000E-35  5.41060E-01
   3.00000E+04  6.10621E-02  1.53189E-01  2.37181E-01  1.00000E-35  4.51431E-01
   3.50000E+04  4.73026E-02  1.54197E-01  1.43752E-01  1.00000E-35  3.45252E-01
   4.00000E+04  3.76335E-02  1.54274E-01  9.30186E-02  1.00000E-35  2.84926E-01
   4.50000E+04  3.05833E-02  1.53705E-01  6.32968E-02  1.00000E-35  2.47585E-01
   5.00000E+04  2.53665E-02  1.52782E-01  4.48262E-02  1.00000E-35  2.22975E-01
   5.50000E+04  2.13932E-02  1.51616E-01  3.27921E-02  1.00000E-35  2.05801E-01
   6.00000E+04  1.82495E-02  1.50290E-01  2.46431E-02  1.00000E-35  1.93182E-01
   6.48074E+04  1.58530E-02  1.48917E-01  1.91085E-02  1.00000E-35  1.83879E-01
   7.00000E+04  1.37457E-02  1.47382E-01  1.48479E-02  1.00000E-35  1.75975E-01
   8.00000E+04  1.07255E-02  1.44370E-01  9.57136E-03  1.00000E-35  1.64667E-01
   9.00000E+04  8.59373E-03  1.41378E-01  6.49864E-03  1.00000E-35  1.56470E-01
   1.00000E+05  7.04183E-03  1.38474E-01  4.59775E-03  1.00000E-35  1.50114E-01
   1.10000E+05  5.87199E-03  1.35655E-01  3.36356E-03  1.00000E-35  1.44890E-01
   1.17260E+05  5.19280E-03  1.33683E-01  2.72718E-03  1.00000E-35  1.41603E-01
   1.25000E+05  4.59210E-03  1.31644E-01  2.21398E-03  1.00000E-35  1.38450E-01
   1.40000E+05  3.68921E-03  1.27930E-01  1.53020E-03  1.00000E-35  1.33149E-01
   1.50000E+05  3.22461E-03  1.25580E-01  1.22302E-03  1.00000E-35  1.30028E-01
   1.62019E+05  2.77446E-03  1.22910E-01  9.51915E-04  1.00000E-35  1.26636E-01
   1.75000E+05  2.38699E-03  1.20193E-01  7.43451E-04  1.00000E-35  1.23323E-01
   1.87083E+05  2.09403E-03  1.17810E-01  6.00151E-04  1.00000E-35  1.20504E-01
   2.00000E+05  1.83596E-03  1.15408E-01  4.85017E-04  1.00000E-35  1.17729E-01
   2.20000E+05  1.52120E-03  1.11940E-01  3.58615E-04  1.00000E-35  1.13819E-01
   2.34521E+05  1.34095E-03  1.09610E-01  2.93267E-04  1.00000E-35  1.11244E-01
   2.50000E+05  1.18206E-03  1.07263E-01  2.40323E-04  1.00000E-35  1.08685E-01
   2.73861E+05  9.87211E-04  1.03921E-01  1.81038E-04  1.00000E-35  1.05089E-01
   2.86633E+05  9.01700E-04  1.02245E-01  1.57534E-04  1.00000E-35  1.03304E-01
   3.00000E+05  8.23538E-04  1.00588E-01  1.37360E-04  1.00000E-35  1.01549E-01
   3.24037E+05  7.06473E-04  9.77814E-02  1.08969E-04  1.00000E-35  9.85968E-02
   3.36768E+05  6.54338E-04  9.63802E-02  9.71607E-05  1.00000E-35  9.71317E-02
   3.50000E+05  6.06048E-04  9.49908E-02  8.67276E-05  1.00000E-35  9.56836E-02
   3.74166E+05  5.30671E-04  9.25870E-02  7.13496E-05  1.00000E-35  9.31890E-02
   4.00000E+05  4.64670E-04  9.02044E-02  5.89221E-05  1.00000E-35  9.07280E-02
   4.24264E+05  4.13301E-04  8.81251E-02  4.98781E-05  1.00000E-35  8.85883E-02
   4.50000E+05  3.67610E-04  8.60547E-02  4.23388E-05  1.00000E-35  8.64647E-02
   4.74342E+05  3.31034E-04  8.42199E-02  3.66435E-05  1.00000E-35  8.45876E-02
   5.00000E+05  2.98030E-04  8.24099E-02  3.17939E-05  1.00000E-35  8.27397E-02
   5.24404E+05  2.71007E-04  8.07791E-02  2.80142E-05  1.00000E-35  8.10782E-02
   5.50000E+05  2.46397E-04  7.91706E-02  2.47362E-05  1.00000E-35  7.94417E-02
   5.74456E+05  2.25886E-04  7.77062E-02  2.21181E-05  1.00000E-35  7.79542E-02
   6.00000E+05  2.07082E-04  7.62583E-02  1.98106E-05  1.00000E-35  7.64852E-02
   6.23574E+05  1.91737E-04  7.49818E-02  1.79884E-05  1.00000E-35  7.51915E-02
   6.48074E+05  1.77529E-04  7.37216E-02  1.63579E-05  1.00000E-35  7.39155E-02
   6.73537E+05  1.64374E-04  7.24639E-02  1.49036E-05  1.00000E-35  7.26432E-02
   7.00000E+05  1.52194E-04  7.12273E-02  1.36021E-05  1.00000E-35  7.13931E-02
   7.48331E+05  1.33190E-04  6.90948E-02  1.16398E-05  1.00000E-35  6.92396E-02
   7.73735E+05  1.24597E-04  6.80426E-02  1.07846E-05  1.00000E-35  6.81780E-02
   8.00000E+05  1.16559E-04  6.69963E-02  1.00038E-05  1.00000E-35  6.71229E-02
   8.48528E+05  1.03621E-04  6.51753E-02  8.78254E-06  1.00000E-35  6.52877E-02
   9.00000E+05  9.21199E-05  6.33839E-02  7.73816E-06  1.00000E-35  6.34838E-02
   9.48683E+05  8.29176E-05  6.17940E-02  6.92755E-06  1.00000E-35  6.18839E-02
   1.00000E+06  7.46345E-05  6.02323E-02  6.21833E-06  1.00000E-35  6.03132E-02
   1.04881E+06  6.78567E-05  5.88371E-02  5.65136E-06  1.41104E-12  5.89106E-02
   1.10000E+06  6.16947E-05  5.74578E-02  5.14662E-06  7.79448E-07  5.75255E-02
   1.17260E+06  5.42991E-05  5.56411E-02  4.55271E-06  6.83149E-06  5.57068E-02
   1.25000E+06  4.77898E-05  5.38538E-02  4.04233E-06  1.98609E-05  5.39255E-02
   1.32288E+06  4.26748E-05  5.22935E-02  3.64711E-06  3.87565E-05  5.23786E-02
   1.40000E+06  3.81076E-05  5.07645E-02  3.29890E-06  6.71945E-05  5.08731E-02
   1.50000E+06  3.32003E-05  4.89399E-02  2.92847E-06  1.13943E-04  4.90900E-02
   1.55893E+06  3.07397E-05  4.79333E-02  2.74344E-06  1.43613E-04  4.81104E-02
   1.62019E+06  2.84600E-05  4.69472E-02  2.57279E-06  1.81019E-04  4.71593E-02
   1.68384E+06  2.63493E-05  4.59664E-02  2.41556E-06  2.19667E-04  4.62148E-02
   1.75000E+06  2.43949E-05  4.50038E-02  2.27028E-06  2.65126E-04  4.52956E-02
   1.87083E+06  2.13459E-05  4.33582E-02  2.04238E-06  3.51681E-04  4.37332E-02
   2.00000E+06  1.86780E-05  4.17511E-02  1.84202E-06  4.52017E-04  4.22236E-02
   2.09762E+06  1.69802E-05  4.06315E-02  1.71362E-06  5.33906E-04  4.11841E-02
   2.20000E+06  1.54367E-05  3.95243E-02  1.59604E-06  6.16487E-04  4.01579E-02
   2.34521E+06  1.35845E-05  3.80763E-02  1.45322E-06  7.40278E-04  3.88316E-02
   2.50000E+06  1.19546E-05  3.66656E-02  1.32569E-06  8.75383E-04  3.75543E-02
   2.73861E+06  9.96234E-06  3.47119E-02  1.16586E-06  1.08254E-03  3.58055E-02
   3.00000E+06  8.30210E-06  3.28319E-02  1.02910E-06  1.30975E-03  3.41510E-02
   3.24037E+06  7.11622E-06  3.13006E-02  9.27869E-07  1.51830E-03  3.28270E-02
   3.50000E+06  6.09974E-06  2.98214E-02  8.38180E-07  1.74077E-03  3.15692E-02
   3.74166E+06  5.33735E-06  2.85805E-02  7.68541E-07  1.94257E-03  3.05292E-02
   4.00000E+06  4.67024E-06  2.73780E-02  7.05613E-07  2.15273E-03  2.95361E-02
   4.50000E+06  3.69017E-06  2.53536E-02  6.08478E-07  2.54826E-03  2.79062E-02
   5.00000E+06  2.98907E-06  2.36385E-02  5.34385E-07  2.91928E-03  2.65613E-02
   5.50000E+06  2.47032E-06  2.21677E-02  4.76085E-07  3.26839E-03  2.54390E-02
   6.00000E+06  2.07576E-06  2.08896E-02  4.29059E-07  3.61328E-03  2.45054E-02
   6.48074E+06  1.77922E-06  1.98077E-02  3.91683E-07  3.92850E-03  2.37384E-02
   7.00000E+06  1.52505E-06  1.87720E-02  3.57968E-07  4.24365E-03  2.30176E-02
   8.00000E+06  1.16762E-06  1.70834E-02  3.06856E-07  4.80906E-03  2.18939E-02
   9.00000E+06  9.22567E-07  1.57007E-02  2.68384E-07  5.32444E-03  2.10264E-02
   1.00000E+07  7.47281E-07  1.45454E-02  2.38406E-07  5.79590E-03  2.03422E-02
   1.10000E+07  6.17588E-07  1.35640E-02  2.14403E-07  6.22803E-03  1.97929E-02
   1.25000E+07  4.78259E-07  1.23386E-02  1.86218E-07  6.80975E-03  1.91490E-02
   1.40000E+07  3.81269E-07  1.13337E-02  1.64544E-07  7.33459E-03  1.86688E-02
   1.50000E+07  3.32126E-07  1.07583E-02  1.52682E-07  7.65680E-03  1.84155E-02
   1.75000E+07  2.44011E-07  9.56558E-03  1.29339E-07  8.38104E-03  1.79470E-02
   2.00000E+07  1.86822E-07  8.62957E-03  1.12166E-07  9.01697E-03  1.76468E-02
   2.20000E+07  1.54398E-07  8.01330E-03  1.01386E-07  9.47056E-03  1.74841E-02
   2.50000E+07  1.19566E-07  7.24951E-03  8.86039E-08  1.00753E-02  1.73250E-02
   3.00000E+07  8.30320E-08  6.27550E-03  7.32078E-08  1.09390E-02  1.72147E-02
   3.50000E+07  6.10031E-08  5.54806E-03  6.23636E-08  1.16587E-02  1.72069E-02
   4.00000E+07  4.67055E-08  4.98229E-03  5.43143E-08  1.22744E-02  1.72568E-02
   4.50000E+07  3.69032E-08  4.52837E-03  4.81036E-08  1.28138E-02  1.73422E-02
   5.00000E+07  2.98915E-08  4.15560E-03  4.31665E-08  1.32897E-02  1.74454E-02
   5.50000E+07  2.47038E-08  3.84353E-03  3.91477E-08  1.37109E-02  1.75544E-02
   6.00000E+07  2.07580E-08  3.57810E-03  3.58133E-08  1.40989E-02  1.76771E-02
   7.00000E+07  1.52508E-08  3.15003E-03  3.05996E-08  1.47616E-02  1.79117E-02
   8.00000E+07  1.16764E-08  2.81911E-03  2.67106E-08  1.53194E-02  1.81385E-02
   9.00000E+07  9.22577E-09  2.55494E-03  2.36984E-08  1.57980E-02  1.83530E-02
   1.00000E+08  7.47287E-09  2.33890E-03  2.12965E-08  1.62160E-02  1.85549E-02
   1.10000E+08  6.17594E-09  2.15867E-03  1.93367E-08  1.65831E-02  1.87418E-02
   1.25000E+08  4.78262E-09  1.93775E-03  1.69911E-08  1.70559E-02  1.89936E-02
   1.40000E+08  3.81270E-09  1.76028E-03  1.51529E-08  1.74583E-02  1.92186E-02
   1.50000E+08  3.32127E-09  1.66002E-03  1.41336E-08  1.76944E-02  1.93544E-02
   1.75000E+08  2.44012E-09  1.45557E-03  1.20987E-08  1.81988E-02  1.96543E-02
   2.00000E+08  1.86822E-09  1.29837E-03  1.05760E-08  1.86097E-02  1.99081E-02
   2.20000E+08  1.54399E-09  1.19636E-03  9.60858E-09  1.88865E-02  2.00828E-02
   2.50000E+08  1.19567E-09  1.07167E-03  8.44922E-09  1.92366E-02  2.03082E-02
   3.00000E+08  8.30323E-10  9.15475E-04  7.03457E-09  1.96988E-02  2.06142E-02
   3.50000E+08  6.10034E-10  8.00905E-04  6.02566E-09  2.00543E-02  2.08553E-02
   4.00000E+08  4.67058E-10  7.13072E-04  5.26986E-09  2.03382E-02  2.10513E-02
   4.50000E+08  3.69032E-10  6.43454E-04  4.68252E-09  2.05690E-02  2.12124E-02
   5.00000E+08  2.98916E-10  5.86844E-04  4.21299E-09  2.07618E-02  2.13486E-02
   5.50000E+08  2.47038E-10  5.39854E-04  3.82903E-09  2.09234E-02  2.14633E-02
   6.00000E+08  2.07581E-10  5.00184E-04  3.50919E-09  2.10706E-02  2.15708E-02
   7.00000E+08  1.52508E-10  4.36793E-04  3.00690E-09  2.13034E-02  2.17402E-02
   8.00000E+08  1.16764E-10  3.88303E-04  2.63038E-09  2.14859E-02  2.18742E-02
   9.00000E+08  9.22580E-11  3.49945E-04  2.33767E-09  2.16333E-02  2.19832E-02
   9.48683E+08  8.30321E-11  3.34017E-04  2.21940E-09  2.16951E-02  2.20291E-02
   1.00000E+09  7.47287E-11  3.18808E-04  2.10357E-09  2.17555E-02  2.20743E-02
