 *** Photoelectric cross sections,  IZ = 70,  NSHELL = 14,  NDATA =  401
              0           1           2           3           4           5           6           7           8           9          10          11          12          13          14
 5.00000E+01 1.02868E-17 0.00000E+00 0.00000E+00 0.00000E+00 0.00000E+00 0.00000E+00 0.00000E+00 0.00000E+00 0.00000E+00 0.00000E+00 0.00000E+00 0.00000E+00 0.00000E+00 0.00000E+00 0.00000E+00
 5.12057E+01 9.93458E-18 0.00000E+00 0.00000E+00 0.00000E+00 0.00000E+00 0.00000E+00 0.00000E+00 0.00000E+00 0.00000E+00 0.00000E+00 0.00000E+00 0.00000E+00 0.00000E+00 0.00000E+00 0.00000E+00
 5.24404E+01 9.62465E-18 0.00000E+00 0.00000E+00 0.00000E+00 0.00000E+00 0.00000E+00 0.00000E+00 0.00000E+00 0.00000E+00 0.00000E+00 0.00000E+00 0.00000E+00 0.00000E+00 0.00000E+00 0.00000E+00
 5.37050E+01 9.35366E-18 0.00000E+00 0.00000E+00 0.00000E+00 0.00000E+00 0.00000E+00 0.00000E+00 0.00000E+00 0.00000E+00 0.00000E+00 0.00000E+00 0.00000E+00 0.00000E+00 0.00000E+00 0.00000E+00
 5.50000E+01 9.11796E-18 0.00000E+00 0.00000E+00 0.00000E+00 0.00000E+00 0.00000E+00 0.00000E+00 0.00000E+00 0.00000E+00 0.00000E+00 0.00000E+00 0.00000E+00 0.00000E+00 0.00000E+00 0.00000E+00
 5.64801E+01 8.89235E-18 0.00000E+00 0.00000E+00 0.00000E+00 0.00000E+00 0.00000E+00 0.00000E+00 0.00000E+00 0.00000E+00 0.00000E+00 0.00000E+00 0.00000E+00 0.00000E+00 0.00000E+00 0.00000E+00
 5.80000E+01 8.70185E-18 0.00000E+00 0.00000E+00 0.00000E+00 0.00000E+00 0.00000E+00 0.00000E+00 0.00000E+00 0.00000E+00 0.00000E+00 0.00000E+00 0.00000E+00 0.00000E+00 0.00000E+00 0.00000E+00
 5.80000E+01 8.75921E-18 0.00000E+00 0.00000E+00 0.00000E+00 0.00000E+00 0.00000E+00 0.00000E+00 0.00000E+00 0.00000E+00 0.00000E+00 0.00000E+00 0.00000E+00 0.00000E+00 0.00000E+00 0.00000E+00
 5.80307E+01 8.75569E-18 0.00000E+00 0.00000E+00 0.00000E+00 0.00000E+00 0.00000E+00 0.00000E+00 0.00000E+00 0.00000E+00 0.00000E+00 0.00000E+00 0.00000E+00 0.00000E+00 0.00000E+00 0.00000E+00
 5.80615E+01 8.75218E-18 0.00000E+00 0.00000E+00 0.00000E+00 0.00000E+00 0.00000E+00 0.00000E+00 0.00000E+00 0.00000E+00 0.00000E+00 0.00000E+00 0.00000E+00 0.00000E+00 0.00000E+00 0.00000E+00
 5.81230E+01 8.74518E-18 0.00000E+00 0.00000E+00 0.00000E+00 0.00000E+00 0.00000E+00 0.00000E+00 0.00000E+00 0.00000E+00 0.00000E+00 0.00000E+00 0.00000E+00 0.00000E+00 0.00000E+00 0.00000E+00
 5.82463E+01 8.73134E-18 0.00000E+00 0.00000E+00 0.00000E+00 0.00000E+00 0.00000E+00 0.00000E+00 0.00000E+00 0.00000E+00 0.00000E+00 0.00000E+00 0.00000E+00 0.00000E+00 0.00000E+00 0.00000E+00
 5.84937E+01 8.70421E-18 0.00000E+00 0.00000E+00 0.00000E+00 0.00000E+00 0.00000E+00 0.00000E+00 0.00000E+00 0.00000E+00 0.00000E+00 0.00000E+00 0.00000E+00 0.00000E+00 0.00000E+00 0.00000E+00
 5.89915E+01 8.65238E-18 0.00000E+00 0.00000E+00 0.00000E+00 0.00000E+00 0.00000E+00 0.00000E+00 0.00000E+00 0.00000E+00 0.00000E+00 0.00000E+00 0.00000E+00 0.00000E+00 0.00000E+00 0.00000E+00
 6.00000E+01 8.55798E-18 0.00000E+00 0.00000E+00 0.00000E+00 0.00000E+00 0.00000E+00 0.00000E+00 0.00000E+00 0.00000E+00 0.00000E+00 0.00000E+00 0.00000E+00 0.00000E+00 0.00000E+00 0.00000E+00
 6.11673E+01 8.46451E-18 0.00000E+00 0.00000E+00 0.00000E+00 0.00000E+00 0.00000E+00 0.00000E+00 0.00000E+00 0.00000E+00 0.00000E+00 0.00000E+00 0.00000E+00 0.00000E+00 0.00000E+00 0.00000E+00
 6.23574E+01 8.38458E-18 0.00000E+00 0.00000E+00 0.00000E+00 0.00000E+00 0.00000E+00 0.00000E+00 0.00000E+00 0.00000E+00 0.00000E+00 0.00000E+00 0.00000E+00 0.00000E+00 0.00000E+00 0.00000E+00
 6.35706E+01 8.31707E-18 0.00000E+00 0.00000E+00 0.00000E+00 0.00000E+00 0.00000E+00 0.00000E+00 0.00000E+00 0.00000E+00 0.00000E+00 0.00000E+00 0.00000E+00 0.00000E+00 0.00000E+00 0.00000E+00
 6.48074E+01 8.26079E-18 0.00000E+00 0.00000E+00 0.00000E+00 0.00000E+00 0.00000E+00 0.00000E+00 0.00000E+00 0.00000E+00 0.00000E+00 0.00000E+00 0.00000E+00 0.00000E+00 0.00000E+00 0.00000E+00
 6.60683E+01 8.21453E-18 0.00000E+00 0.00000E+00 0.00000E+00 0.00000E+00 0.00000E+00 0.00000E+00 0.00000E+00 0.00000E+00 0.00000E+00 0.00000E+00 0.00000E+00 0.00000E+00 0.00000E+00 0.00000E+00
 6.73537E+01 8.17718E-18 0.00000E+00 0.00000E+00 0.00000E+00 0.00000E+00 0.00000E+00 0.00000E+00 0.00000E+00 0.00000E+00 0.00000E+00 0.00000E+00 0.00000E+00 0.00000E+00 0.00000E+00 0.00000E+00
 7.00000E+01 8.12535E-18 0.00000E+00 0.00000E+00 0.00000E+00 0.00000E+00 0.00000E+00 0.00000E+00 0.00000E+00 0.00000E+00 0.00000E+00 0.00000E+00 0.00000E+00 0.00000E+00 0.00000E+00 0.00000E+00
 7.23762E+01 8.10000E-18 0.00000E+00 0.00000E+00 0.00000E+00 0.00000E+00 0.00000E+00 0.00000E+00 0.00000E+00 0.00000E+00 0.00000E+00 0.00000E+00 0.00000E+00 0.00000E+00 0.00000E+00 0.00000E+00
 7.48331E+01 8.08801E-18 0.00000E+00 0.00000E+00 0.00000E+00 0.00000E+00 0.00000E+00 0.00000E+00 0.00000E+00 0.00000E+00 0.00000E+00 0.00000E+00 0.00000E+00 0.00000E+00 0.00000E+00 0.00000E+00
 8.00000E+01 8.08844E-18 0.00000E+00 0.00000E+00 0.00000E+00 0.00000E+00 0.00000E+00 0.00000E+00 0.00000E+00 0.00000E+00 0.00000E+00 0.00000E+00 0.00000E+00 0.00000E+00 0.00000E+00 0.00000E+00
 9.00000E+01 8.10930E-18 0.00000E+00 0.00000E+00 0.00000E+00 0.00000E+00 0.00000E+00 0.00000E+00 0.00000E+00 0.00000E+00 0.00000E+00 0.00000E+00 0.00000E+00 0.00000E+00 0.00000E+00 0.00000E+00
 9.48683E+01 8.11138E-18 0.00000E+00 0.00000E+00 0.00000E+00 0.00000E+00 0.00000E+00 0.00000E+00 0.00000E+00 0.00000E+00 0.00000E+00 0.00000E+00 0.00000E+00 0.00000E+00 0.00000E+00 0.00000E+00
 1.00000E+02 8.10533E-18 0.00000E+00 0.00000E+00 0.00000E+00 0.00000E+00 0.00000E+00 0.00000E+00 0.00000E+00 0.00000E+00 0.00000E+00 0.00000E+00 0.00000E+00 0.00000E+00 0.00000E+00 0.00000E+00
 1.04881E+02 8.09214E-18 0.00000E+00 0.00000E+00 0.00000E+00 0.00000E+00 0.00000E+00 0.00000E+00 0.00000E+00 0.00000E+00 0.00000E+00 0.00000E+00 0.00000E+00 0.00000E+00 0.00000E+00 0.00000E+00
 1.10000E+02 8.07078E-18 0.00000E+00 0.00000E+00 0.00000E+00 0.00000E+00 0.00000E+00 0.00000E+00 0.00000E+00 0.00000E+00 0.00000E+00 0.00000E+00 0.00000E+00 0.00000E+00 0.00000E+00 0.00000E+00
 1.17260E+02 8.02680E-18 0.00000E+00 0.00000E+00 0.00000E+00 0.00000E+00 0.00000E+00 0.00000E+00 0.00000E+00 0.00000E+00 0.00000E+00 0.00000E+00 0.00000E+00 0.00000E+00 0.00000E+00 0.00000E+00
 1.25000E+02 7.95992E-18 0.00000E+00 0.00000E+00 0.00000E+00 0.00000E+00 0.00000E+00 0.00000E+00 0.00000E+00 0.00000E+00 0.00000E+00 0.00000E+00 0.00000E+00 0.00000E+00 0.00000E+00 0.00000E+00
 1.32288E+02 7.87596E-18 0.00000E+00 0.00000E+00 0.00000E+00 0.00000E+00 0.00000E+00 0.00000E+00 0.00000E+00 0.00000E+00 0.00000E+00 0.00000E+00 0.00000E+00 0.00000E+00 0.00000E+00 0.00000E+00
 1.40000E+02 7.76461E-18 0.00000E+00 0.00000E+00 0.00000E+00 0.00000E+00 0.00000E+00 0.00000E+00 0.00000E+00 0.00000E+00 0.00000E+00 0.00000E+00 0.00000E+00 0.00000E+00 0.00000E+00 0.00000E+00
 1.44914E+02 7.68261E-18 0.00000E+00 0.00000E+00 0.00000E+00 0.00000E+00 0.00000E+00 0.00000E+00 0.00000E+00 0.00000E+00 0.00000E+00 0.00000E+00 0.00000E+00 0.00000E+00 0.00000E+00 0.00000E+00
 1.50000E+02 7.58998E-18 0.00000E+00 0.00000E+00 0.00000E+00 0.00000E+00 0.00000E+00 0.00000E+00 0.00000E+00 0.00000E+00 0.00000E+00 0.00000E+00 0.00000E+00 0.00000E+00 0.00000E+00 0.00000E+00
 1.55893E+02 7.47459E-18 0.00000E+00 0.00000E+00 0.00000E+00 0.00000E+00 0.00000E+00 0.00000E+00 0.00000E+00 0.00000E+00 0.00000E+00 0.00000E+00 0.00000E+00 0.00000E+00 0.00000E+00 0.00000E+00
 1.62019E+02 7.34767E-18 0.00000E+00 0.00000E+00 0.00000E+00 0.00000E+00 0.00000E+00 0.00000E+00 0.00000E+00 0.00000E+00 0.00000E+00 0.00000E+00 0.00000E+00 0.00000E+00 0.00000E+00 0.00000E+00
 1.68384E+02 7.21037E-18 0.00000E+00 0.00000E+00 0.00000E+00 0.00000E+00 0.00000E+00 0.00000E+00 0.00000E+00 0.00000E+00 0.00000E+00 0.00000E+00 0.00000E+00 0.00000E+00 0.00000E+00 0.00000E+00
 1.75000E+02 7.06361E-18 0.00000E+00 0.00000E+00 0.00000E+00 0.00000E+00 0.00000E+00 0.00000E+00 0.00000E+00 0.00000E+00 0.00000E+00 0.00000E+00 0.00000E+00 0.00000E+00 0.00000E+00 0.00000E+00
 1.82346E+02 6.89714E-18 0.00000E+00 0.00000E+00 0.00000E+00 0.00000E+00 0.00000E+00 0.00000E+00 0.00000E+00 0.00000E+00 0.00000E+00 0.00000E+00 0.00000E+00 0.00000E+00 0.00000E+00 0.00000E+00
 1.90000E+02 6.72054E-18 0.00000E+00 0.00000E+00 0.00000E+00 0.00000E+00 0.00000E+00 0.00000E+00 0.00000E+00 0.00000E+00 0.00000E+00 0.00000E+00 0.00000E+00 0.00000E+00 0.00000E+00 0.00000E+00
 1.90000E+02 7.10018E-18 0.00000E+00 0.00000E+00 0.00000E+00 0.00000E+00 0.00000E+00 0.00000E+00 0.00000E+00 0.00000E+00 0.00000E+00 0.00000E+00 0.00000E+00 0.00000E+00 0.00000E+00 3.79644E-19
 1.90152E+02 7.10026E-18 0.00000E+00 0.00000E+00 0.00000E+00 0.00000E+00 0.00000E+00 0.00000E+00 0.00000E+00 0.00000E+00 0.00000E+00 0.00000E+00 0.00000E+00 0.00000E+00 0.00000E+00 3.83269E-19
 1.90305E+02 7.10035E-18 0.00000E+00 0.00000E+00 0.00000E+00 0.00000E+00 0.00000E+00 0.00000E+00 0.00000E+00 0.00000E+00 0.00000E+00 0.00000E+00 0.00000E+00 0.00000E+00 0.00000E+00 3.86903E-19
 1.90610E+02 7.10055E-18 0.00000E+00 0.00000E+00 0.00000E+00 0.00000E+00 0.00000E+00 0.00000E+00 0.00000E+00 0.00000E+00 0.00000E+00 0.00000E+00 0.00000E+00 0.00000E+00 0.00000E+00 3.94214E-19
 1.91222E+02 7.10122E-18 0.00000E+00 0.00000E+00 0.00000E+00 0.00000E+00 0.00000E+00 0.00000E+00 0.00000E+00 0.00000E+00 0.00000E+00 0.00000E+00 0.00000E+00 0.00000E+00 0.00000E+00 4.09153E-19
 1.92452E+02 7.10472E-18 0.00000E+00 0.00000E+00 0.00000E+00 0.00000E+00 0.00000E+00 0.00000E+00 0.00000E+00 0.00000E+00 0.00000E+00 0.00000E+00 0.00000E+00 0.00000E+00 0.00000E+00 4.41372E-19
 1.94936E+02 7.11802E-18 0.00000E+00 0.00000E+00 0.00000E+00 0.00000E+00 0.00000E+00 0.00000E+00 0.00000E+00 0.00000E+00 0.00000E+00 0.00000E+00 0.00000E+00 0.00000E+00 0.00000E+00 5.12886E-19
 1.97452E+02 7.12979E-18 0.00000E+00 0.00000E+00 0.00000E+00 0.00000E+00 0.00000E+00 0.00000E+00 0.00000E+00 0.00000E+00 0.00000E+00 0.00000E+00 0.00000E+00 0.00000E+00 0.00000E+00 5.83904E-19
 2.00000E+02 7.12950E-18 0.00000E+00 0.00000E+00 0.00000E+00 0.00000E+00 0.00000E+00 0.00000E+00 0.00000E+00 0.00000E+00 0.00000E+00 0.00000E+00 0.00000E+00 0.00000E+00 0.00000E+00 6.43907E-19
 2.00000E+02 7.39653E-18 0.00000E+00 0.00000E+00 0.00000E+00 0.00000E+00 0.00000E+00 0.00000E+00 0.00000E+00 0.00000E+00 0.00000E+00 0.00000E+00 0.00000E+00 0.00000E+00 2.67033E-19 6.43907E-19
 2.00149E+02 7.39780E-18 0.00000E+00 0.00000E+00 0.00000E+00 0.00000E+00 0.00000E+00 0.00000E+00 0.00000E+00 0.00000E+00 0.00000E+00 0.00000E+00 0.00000E+00 0.00000E+00 2.68898E-19 6.46840E-19
 2.00298E+02 7.39899E-18 0.00000E+00 0.00000E+00 0.00000E+00 0.00000E+00 0.00000E+00 0.00000E+00 0.00000E+00 0.00000E+00 0.00000E+00 0.00000E+00 0.00000E+00 0.00000E+00 2.70766E-19 6.49703E-19
 2.00597E+02 7.40116E-18 0.00000E+00 0.00000E+00 0.00000E+00 0.00000E+00 0.00000E+00 0.00000E+00 0.00000E+00 0.00000E+00 0.00000E+00 0.00000E+00 0.00000E+00 0.00000E+00 2.74510E-19 6.55211E-19
 2.01195E+02 7.40461E-18 0.00000E+00 0.00000E+00 0.00000E+00 0.00000E+00 0.00000E+00 0.00000E+00 0.00000E+00 0.00000E+00 0.00000E+00 0.00000E+00 0.00000E+00 0.00000E+00 2.82050E-19 6.65324E-19
 2.02397E+02 7.40789E-18 0.00000E+00 0.00000E+00 0.00000E+00 0.00000E+00 0.00000E+00 0.00000E+00 0.00000E+00 0.00000E+00 0.00000E+00 0.00000E+00 0.00000E+00 0.00000E+00 2.97495E-19 6.81749E-19
 2.04823E+02 7.40075E-18 0.00000E+00 0.00000E+00 0.00000E+00 0.00000E+00 0.00000E+00 0.00000E+00 0.00000E+00 0.00000E+00 0.00000E+00 0.00000E+00 0.00000E+00 0.00000E+00 3.31077E-19 6.98861E-19
 2.07278E+02 7.37876E-18 0.00000E+00 0.00000E+00 0.00000E+00 0.00000E+00 0.00000E+00 0.00000E+00 0.00000E+00 0.00000E+00 0.00000E+00 0.00000E+00 0.00000E+00 0.00000E+00 3.70248E-19 6.96426E-19
 2.09762E+02 7.33895E-18 0.00000E+00 0.00000E+00 0.00000E+00 0.00000E+00 0.00000E+00 0.00000E+00 0.00000E+00 0.00000E+00 0.00000E+00 0.00000E+00 0.00000E+00 0.00000E+00 4.07880E-19 6.78569E-19
 2.12276E+02 7.27841E-18 0.00000E+00 0.00000E+00 0.00000E+00 0.00000E+00 0.00000E+00 0.00000E+00 0.00000E+00 0.00000E+00 0.00000E+00 0.00000E+00 0.00000E+00 0.00000E+00 4.36136E-19 6.50209E-19
 2.14820E+02 7.19778E-18 0.00000E+00 0.00000E+00 0.00000E+00 0.00000E+00 0.00000E+00 0.00000E+00 0.00000E+00 0.00000E+00 0.00000E+00 0.00000E+00 0.00000E+00 0.00000E+00 4.51347E-19 6.15630E-19
 2.17395E+02 7.10015E-18 0.00000E+00 0.00000E+00 0.00000E+00 0.00000E+00 0.00000E+00 0.00000E+00 0.00000E+00 0.00000E+00 0.00000E+00 0.00000E+00 0.00000E+00 0.00000E+00 4.53422E-19 5.77974E-19
 2.20000E+02 6.99008E-18 0.00000E+00 0.00000E+00 0.00000E+00 0.00000E+00 0.00000E+00 0.00000E+00 0.00000E+00 0.00000E+00 0.00000E+00 0.00000E+00 0.00000E+00 0.00000E+00 4.44788E-19 5.39327E-19
 2.50000E+02 5.74697E-18 0.00000E+00 0.00000E+00 0.00000E+00 0.00000E+00 0.00000E+00 0.00000E+00 0.00000E+00 0.00000E+00 0.00000E+00 0.00000E+00 0.00000E+00 0.00000E+00 2.15358E-19 2.34084E-19
 2.55763E+02 5.56243E-18 0.00000E+00 0.00000E+00 0.00000E+00 0.00000E+00 0.00000E+00 0.00000E+00 0.00000E+00 0.00000E+00 0.00000E+00 0.00000E+00 0.00000E+00 0.00000E+00 1.85983E-19 2.09316E-19
 2.61659E+02 5.39132E-18 0.00000E+00 0.00000E+00 0.00000E+00 0.00000E+00 0.00000E+00 0.00000E+00 0.00000E+00 0.00000E+00 0.00000E+00 0.00000E+00 0.00000E+00 0.00000E+00 1.62812E-19 1.92402E-19
 2.67691E+02 5.23232E-18 0.00000E+00 0.00000E+00 0.00000E+00 0.00000E+00 0.00000E+00 0.00000E+00 0.00000E+00 0.00000E+00 0.00000E+00 0.00000E+00 0.00000E+00 0.00000E+00 1.45439E-19 1.82258E-19
 2.73861E+02 5.08384E-18 0.00000E+00 0.00000E+00 0.00000E+00 0.00000E+00 0.00000E+00 0.00000E+00 0.00000E+00 0.00000E+00 0.00000E+00 0.00000E+00 0.00000E+00 0.00000E+00 1.33214E-19 1.77853E-19
 2.86633E+02 4.81228E-18 0.00000E+00 0.00000E+00 0.00000E+00 0.00000E+00 0.00000E+00 0.00000E+00 0.00000E+00 0.00000E+00 0.00000E+00 0.00000E+00 0.00000E+00 0.00000E+00 1.21395E-19 1.82553E-19
 3.00000E+02 4.56569E-18 0.00000E+00 0.00000E+00 0.00000E+00 0.00000E+00 0.00000E+00 0.00000E+00 0.00000E+00 0.00000E+00 0.00000E+00 0.00000E+00 0.00000E+00 0.00000E+00 1.22176E-19 1.99859E-19
 3.49000E+02 3.84491E-18 0.00000E+00 0.00000E+00 0.00000E+00 0.00000E+00 0.00000E+00 0.00000E+00 0.00000E+00 0.00000E+00 0.00000E+00 0.00000E+00 0.00000E+00 0.00000E+00 1.67774E-19 2.91484E-19
 3.49000E+02 4.17166E-18 0.00000E+00 0.00000E+00 0.00000E+00 0.00000E+00 0.00000E+00 0.00000E+00 0.00000E+00 0.00000E+00 0.00000E+00 0.00000E+00 0.00000E+00 3.26743E-19 1.67774E-19 2.91484E-19
 3.49250E+02 4.16285E-18 0.00000E+00 0.00000E+00 0.00000E+00 0.00000E+00 0.00000E+00 0.00000E+00 0.00000E+00 0.00000E+00 0.00000E+00 0.00000E+00 0.00000E+00 3.21107E-19 1.68054E-19 2.91939E-19
 3.49500E+02 4.15466E-18 0.00000E+00 0.00000E+00 0.00000E+00 0.00000E+00 0.00000E+00 0.00000E+00 0.00000E+00 0.00000E+00 0.00000E+00 0.00000E+00 0.00000E+00 3.16089E-19 1.68334E-19 2.92393E-19
 3.50000E+02 4.13990E-18 0.00000E+00 0.00000E+00 0.00000E+00 0.00000E+00 0.00000E+00 0.00000E+00 0.00000E+00 0.00000E+00 0.00000E+00 0.00000E+00 0.00000E+00 3.07662E-19 1.68894E-19 2.93301E-19
 3.51436E+02 4.10548E-18 0.00000E+00 0.00000E+00 0.00000E+00 0.00000E+00 0.00000E+00 0.00000E+00 0.00000E+00 0.00000E+00 0.00000E+00 0.00000E+00 0.00000E+00 2.91324E-19 1.70499E-19 2.95891E-19
 3.52878E+02 4.07767E-18 0.00000E+00 0.00000E+00 0.00000E+00 0.00000E+00 0.00000E+00 0.00000E+00 0.00000E+00 0.00000E+00 0.00000E+00 0.00000E+00 0.00000E+00 2.81559E-19 1.72108E-19 2.98467E-19
 3.55780E+02 4.03144E-18 0.00000E+00 0.00000E+00 0.00000E+00 0.00000E+00 0.00000E+00 0.00000E+00 0.00000E+00 0.00000E+00 0.00000E+00 0.00000E+00 0.00000E+00 2.71254E-19 1.75330E-19 3.03575E-19
 3.61655E+02 3.95318E-18 0.00000E+00 0.00000E+00 0.00000E+00 0.00000E+00 0.00000E+00 0.00000E+00 0.00000E+00 0.00000E+00 0.00000E+00 0.00000E+00 0.00000E+00 2.64287E-19 1.81763E-19 3.13577E-19
 3.73698E+02 3.80724E-18 0.00000E+00 0.00000E+00 0.00000E+00 0.00000E+00 0.00000E+00 0.00000E+00 0.00000E+00 0.00000E+00 0.00000E+00 0.00000E+00 0.00000E+00 2.59010E-19 1.94385E-19 3.32508E-19
 3.99000E+02 3.52142E-18 0.00000E+00 0.00000E+00 0.00000E+00 0.00000E+00 0.00000E+00 0.00000E+00 0.00000E+00 0.00000E+00 0.00000E+00 0.00000E+00 0.00000E+00 2.48621E-19 2.17330E-19 3.64951E-19
 3.99000E+02 3.59180E-18 0.00000E+00 0.00000E+00 0.00000E+00 0.00000E+00 0.00000E+00 0.00000E+00 0.00000E+00 0.00000E+00 0.00000E+00 0.00000E+00 7.03794E-20 2.48621E-19 2.17330E-19 3.64951E-19
 3.99250E+02 3.58858E-18 0.00000E+00 0.00000E+00 0.00000E+00 0.00000E+00 0.00000E+00 0.00000E+00 0.00000E+00 0.00000E+00 0.00000E+00 0.00000E+00 6.98236E-20 2.48547E-19 2.17530E-19 3.65223E-19
 3.99500E+02 3.58537E-18 0.00000E+00 0.00000E+00 0.00000E+00 0.00000E+00 0.00000E+00 0.00000E+00 0.00000E+00 0.00000E+00 0.00000E+00 0.00000E+00 6.92831E-20 2.48473E-19 2.17729E-19 3.65494E-19
 4.00000E+02 3.57906E-18 0.00000E+00 0.00000E+00 0.00000E+00 0.00000E+00 0.00000E+00 0.00000E+00 0.00000E+00 0.00000E+00 0.00000E+00 0.00000E+00 6.83103E-20 2.48328E-19 2.18127E-19 3.66035E-19
 4.24264E+02 3.32579E-18 0.00000E+00 0.00000E+00 0.00000E+00 0.00000E+00 0.00000E+00 0.00000E+00 0.00000E+00 0.00000E+00 0.00000E+00 0.00000E+00 6.21803E-20 2.42169E-19 2.34949E-19 3.88198E-19
 4.50000E+02 3.08412E-18 0.00000E+00 0.00000E+00 0.00000E+00 0.00000E+00 0.00000E+00 0.00000E+00 0.00000E+00 0.00000E+00 0.00000E+00 0.00000E+00 6.10076E-20 2.35268E-19 2.47926E-19 4.03788E-19
 4.69574E+02 2.91486E-18 0.00000E+00 0.00000E+00 0.00000E+00 0.00000E+00 0.00000E+00 0.00000E+00 0.00000E+00 0.00000E+00 0.00000E+00 0.00000E+00 6.07406E-20 2.29923E-19 2.54720E-19 4.10827E-19
 4.90000E+02 2.75031E-18 0.00000E+00 0.00000E+00 0.00000E+00 0.00000E+00 0.00000E+00 0.00000E+00 0.00000E+00 0.00000E+00 0.00000E+00 0.00000E+00 6.06232E-20 2.24422E-19 2.59273E-19 4.14444E-19
 4.90000E+02 2.83049E-18 0.00000E+00 0.00000E+00 0.00000E+00 0.00000E+00 0.00000E+00 0.00000E+00 0.00000E+00 0.00000E+00 0.00000E+00 8.01873E-20 6.06232E-20 2.24422E-19 2.59273E-19 4.14444E-19
 4.90309E+02 2.82799E-18 0.00000E+00 0.00000E+00 0.00000E+00 0.00000E+00 0.00000E+00 0.00000E+00 0.00000E+00 0.00000E+00 0.00000E+00 8.00937E-20 6.06209E-20 2.24337E-19 2.59324E-19 4.14474E-19
 4.90619E+02 2.82549E-18 0.00000E+00 0.00000E+00 0.00000E+00 0.00000E+00 0.00000E+00 0.00000E+00 0.00000E+00 0.00000E+00 0.00000E+00 7.99999E-20 6.06187E-20 2.24253E-19 2.59374E-19 4.14503E-19
 4.91239E+02 2.82050E-18 0.00000E+00 0.00000E+00 0.00000E+00 0.00000E+00 0.00000E+00 0.00000E+00 0.00000E+00 0.00000E+00 0.00000E+00 7.98123E-20 6.06140E-20 2.24083E-19 2.59474E-19 4.14558E-19
 4.92481E+02 2.81052E-18 0.00000E+00 0.00000E+00 0.00000E+00 0.00000E+00 0.00000E+00 0.00000E+00 0.00000E+00 0.00000E+00 0.00000E+00 7.94371E-20 6.06045E-20 2.23743E-19 2.59669E-19 4.14662E-19
 4.94975E+02 2.79061E-18 0.00000E+00 0.00000E+00 0.00000E+00 0.00000E+00 0.00000E+00 0.00000E+00 0.00000E+00 0.00000E+00 0.00000E+00 7.86894E-20 6.05841E-20 2.23058E-19 2.60035E-19 4.14837E-19
 5.00000E+02 2.75106E-18 0.00000E+00 0.00000E+00 0.00000E+00 0.00000E+00 0.00000E+00 0.00000E+00 0.00000E+00 0.00000E+00 0.00000E+00 7.72625E-20 6.05392E-20 2.21669E-19 2.60682E-19 4.15064E-19
 5.24404E+02 2.57344E-18 0.00000E+00 0.00000E+00 0.00000E+00 0.00000E+00 0.00000E+00 0.00000E+00 0.00000E+00 0.00000E+00 0.00000E+00 7.57940E-20 6.02811E-20 2.14861E-19 2.62264E-19 4.14025E-19
 5.50000E+02 2.40174E-18 0.00000E+00 0.00000E+00 0.00000E+00 0.00000E+00 0.00000E+00 0.00000E+00 0.00000E+00 0.00000E+00 0.00000E+00 7.36494E-20 5.99491E-20 2.07792E-19 2.61613E-19 4.09768E-19
 5.74456E+02 2.25044E-18 0.00000E+00 0.00000E+00 0.00000E+00 0.00000E+00 0.00000E+00 0.00000E+00 0.00000E+00 0.00000E+00 0.00000E+00 7.10988E-20 5.95174E-20 2.01133E-19 2.59203E-19 4.03276E-19
 6.00000E+02 2.10548E-18 0.00000E+00 0.00000E+00 0.00000E+00 0.00000E+00 0.00000E+00 0.00000E+00 0.00000E+00 0.00000E+00 0.00000E+00 6.89082E-20 5.89447E-20 1.94217E-19 2.55185E-19 3.94570E-19
 6.23574E+02 1.98208E-18 0.00000E+00 0.00000E+00 0.00000E+00 0.00000E+00 0.00000E+00 0.00000E+00 0.00000E+00 0.00000E+00 0.00000E+00 6.67493E-20 5.83165E-20 1.87939E-19 2.50464E-19 3.85332E-19
 6.48074E+02 1.86376E-18 0.00000E+00 0.00000E+00 0.00000E+00 0.00000E+00 0.00000E+00 0.00000E+00 0.00000E+00 0.00000E+00 0.00000E+00 6.45452E-20 5.75566E-20 1.81608E-19 2.44847E-19 3.74941E-19
 6.73537E+02 1.75048E-18 0.00000E+00 0.00000E+00 0.00000E+00 0.00000E+00 0.00000E+00 0.00000E+00 0.00000E+00 0.00000E+00 0.00000E+00 6.23430E-20 5.66780E-20 1.75240E-19 2.38474E-19 3.63576E-19
 7.00000E+02 1.64217E-18 0.00000E+00 0.00000E+00 0.00000E+00 0.00000E+00 0.00000E+00 0.00000E+00 0.00000E+00 0.00000E+00 0.00000E+00 6.01479E-20 5.56998E-20 1.68828E-19 2.31435E-19 3.51353E-19
 7.48331E+02 1.46622E-18 0.00000E+00 0.00000E+00 0.00000E+00 0.00000E+00 0.00000E+00 0.00000E+00 0.00000E+00 0.00000E+00 0.00000E+00 5.63021E-20 5.37722E-20 1.57683E-19 2.17941E-19 3.28632E-19
 8.00000E+02 1.30538E-18 0.00000E+00 0.00000E+00 0.00000E+00 0.00000E+00 0.00000E+00 0.00000E+00 0.00000E+00 0.00000E+00 0.00000E+00 5.24958E-20 5.15732E-20 1.46714E-19 2.03390E-19 3.04821E-19
 8.48528E+02 1.17541E-18 0.00000E+00 0.00000E+00 0.00000E+00 0.00000E+00 0.00000E+00 0.00000E+00 0.00000E+00 0.00000E+00 0.00000E+00 4.91858E-20 4.94800E-20 1.37212E-19 1.90070E-19 2.83416E-19
 9.00000E+02 1.05603E-18 0.00000E+00 0.00000E+00 0.00000E+00 0.00000E+00 0.00000E+00 0.00000E+00 0.00000E+00 0.00000E+00 0.00000E+00 4.59592E-20 4.72593E-20 1.27938E-19 1.76517E-19 2.61962E-19
 9.48683E+02 9.58047E-19 0.00000E+00 0.00000E+00 0.00000E+00 0.00000E+00 0.00000E+00 0.00000E+00 0.00000E+00 0.00000E+00 0.00000E+00 4.31702E-20 4.51963E-20 1.19915E-19 1.64435E-19 2.43075E-19
 1.00000E+03 8.67840E-19 0.00000E+00 0.00000E+00 0.00000E+00 0.00000E+00 0.00000E+00 0.00000E+00 0.00000E+00 0.00000E+00 0.00000E+00 4.04561E-20 4.30961E-20 1.12139E-19 1.52548E-19 2.24658E-19
 1.04881E+03 7.92494E-19 0.00000E+00 0.00000E+00 0.00000E+00 0.00000E+00 0.00000E+00 0.00000E+00 0.00000E+00 0.00000E+00 0.00000E+00 3.80925E-20 4.11696E-20 1.05349E-19 1.42028E-19 2.08483E-19
 1.10000E+03 7.22909E-19 0.00000E+00 0.00000E+00 0.00000E+00 0.00000E+00 0.00000E+00 0.00000E+00 0.00000E+00 0.00000E+00 0.00000E+00 3.58241E-20 3.92314E-20 9.88169E-20 1.31815E-19 1.92893E-19
 1.17260E+03 6.38012E-19 0.00000E+00 0.00000E+00 0.00000E+00 0.00000E+00 0.00000E+00 0.00000E+00 0.00000E+00 0.00000E+00 0.00000E+00 3.29158E-20 3.66525E-20 9.04581E-20 1.18726E-19 1.73045E-19
 1.25000E+03 5.61960E-19 0.00000E+00 0.00000E+00 0.00000E+00 0.00000E+00 0.00000E+00 0.00000E+00 0.00000E+00 0.00000E+00 0.00000E+00 3.01765E-20 3.41072E-20 8.25807E-20 1.06381E-19 1.54452E-19
 1.32288E+03 5.01368E-19 0.00000E+00 0.00000E+00 0.00000E+00 0.00000E+00 0.00000E+00 0.00000E+00 0.00000E+00 0.00000E+00 0.00000E+00 2.78889E-20 3.19033E-20 7.60049E-20 9.61220E-20 1.39101E-19
 1.40000E+03 4.46738E-19 0.00000E+00 0.00000E+00 0.00000E+00 0.00000E+00 0.00000E+00 0.00000E+00 0.00000E+00 0.00000E+00 0.00000E+00 2.57295E-20 2.97648E-20 6.98142E-20 8.65349E-20 1.24829E-19
 1.50000E+03 3.87420E-19 0.00000E+00 0.00000E+00 0.00000E+00 0.00000E+00 0.00000E+00 0.00000E+00 0.00000E+00 0.00000E+00 0.00000E+00 2.32762E-20 2.72563E-20 6.27885E-20 7.57680E-20 1.08892E-19
 1.53100E+03 3.71255E-19 0.00000E+00 0.00000E+00 0.00000E+00 0.00000E+00 0.00000E+00 0.00000E+00 0.00000E+00 0.00000E+00 0.00000E+00 2.25860E-20 2.65350E-20 6.08098E-20 7.27708E-20 1.04472E-19
 1.53100E+03 4.00815E-19 0.00000E+00 0.00000E+00 0.00000E+00 0.00000E+00 0.00000E+00 0.00000E+00 0.00000E+00 0.00000E+00 2.95605E-20 2.25860E-20 2.65350E-20 6.08097E-20 7.27707E-20 1.04472E-19
 1.53251E+03 4.24393E-19 0.00000E+00 0.00000E+00 0.00000E+00 0.00000E+00 0.00000E+00 0.00000E+00 0.00000E+00 0.00000E+00 5.39005E-20 2.25532E-20 2.65005E-20 6.07157E-20 7.26288E-20 1.04263E-19
 1.53402E+03 4.55427E-19 0.00000E+00 0.00000E+00 0.00000E+00 0.00000E+00 0.00000E+00 0.00000E+00 0.00000E+00 0.00000E+00 8.56956E-20 2.25204E-20 2.64661E-20 6.06217E-20 7.24870E-20 1.04054E-19
 1.53553E+03 4.93062E-19 0.00000E+00 0.00000E+00 0.00000E+00 0.00000E+00 0.00000E+00 0.00000E+00 0.00000E+00 0.00000E+00 1.24090E-19 2.24877E-20 2.64317E-20 6.05279E-20 7.23454E-20 1.03845E-19
 1.53704E+03 5.36369E-19 0.00000E+00 0.00000E+00 0.00000E+00 0.00000E+00 0.00000E+00 0.00000E+00 0.00000E+00 0.00000E+00 1.68155E-19 2.24550E-20 2.63974E-20 6.04341E-20 7.22040E-20 1.03637E-19
 1.53855E+03 5.84046E-19 0.00000E+00 0.00000E+00 0.00000E+00 0.00000E+00 0.00000E+00 0.00000E+00 0.00000E+00 0.00000E+00 2.16588E-19 2.24224E-20 2.63630E-20 6.03405E-20 7.20629E-20 1.03429E-19
 1.54007E+03 6.34383E-19 0.00000E+00 0.00000E+00 0.00000E+00 0.00000E+00 0.00000E+00 0.00000E+00 0.00000E+00 0.00000E+00 2.67680E-19 2.23898E-20 2.63287E-20 6.02470E-20 7.19219E-20 1.03221E-19
 1.54159E+03 6.85422E-19 0.00000E+00 0.00000E+00 0.00000E+00 0.00000E+00 0.00000E+00 0.00000E+00 0.00000E+00 0.00000E+00 3.19473E-19 2.23572E-20 2.62944E-20 6.01536E-20 7.17812E-20 1.03014E-19
 1.54311E+03 7.35251E-19 0.00000E+00 0.00000E+00 0.00000E+00 0.00000E+00 0.00000E+00 0.00000E+00 0.00000E+00 0.00000E+00 3.70055E-19 2.23247E-20 2.62602E-20 6.00603E-20 7.16406E-20 1.02807E-19
 1.54463E+03 7.82257E-19 0.00000E+00 0.00000E+00 0.00000E+00 0.00000E+00 0.00000E+00 0.00000E+00 0.00000E+00 0.00000E+00 4.17811E-19 2.22922E-20 2.62259E-20 5.99671E-20 7.15003E-20 1.02600E-19
 1.54615E+03 8.25328E-19 0.00000E+00 0.00000E+00 0.00000E+00 0.00000E+00 0.00000E+00 0.00000E+00 0.00000E+00 0.00000E+00 4.61632E-19 2.22598E-20 2.61917E-20 5.98740E-20 7.13602E-20 1.02394E-19
 1.54767E+03 8.63885E-19 0.00000E+00 0.00000E+00 0.00000E+00 0.00000E+00 0.00000E+00 0.00000E+00 0.00000E+00 0.00000E+00 5.00936E-19 2.22274E-20 2.61575E-20 5.97810E-20 7.12203E-20 1.02188E-19
 1.54919E+03 8.97829E-19 0.00000E+00 0.00000E+00 0.00000E+00 0.00000E+00 0.00000E+00 0.00000E+00 0.00000E+00 0.00000E+00 5.35627E-19 2.21950E-20 2.61234E-20 5.96881E-20 7.10806E-20 1.01982E-19
 1.55072E+03 9.27406E-19 0.00000E+00 0.00000E+00 0.00000E+00 0.00000E+00 0.00000E+00 0.00000E+00 0.00000E+00 0.00000E+00 5.65950E-19 2.21627E-20 2.60892E-20 5.95954E-20 7.09410E-20 1.01777E-19
 1.55225E+03 9.53070E-19 0.00000E+00 0.00000E+00 0.00000E+00 0.00000E+00 0.00000E+00 0.00000E+00 0.00000E+00 0.00000E+00 5.92357E-19 2.21304E-20 2.60551E-20 5.95027E-20 7.08017E-20 1.01572E-19
 1.55378E+03 9.75349E-19 0.00000E+00 0.00000E+00 0.00000E+00 0.00000E+00 0.00000E+00 0.00000E+00 0.00000E+00 0.00000E+00 6.15379E-19 2.20981E-20 2.60210E-20 5.94102E-20 7.06627E-20 1.01367E-19
 1.55531E+03 9.94775E-19 0.00000E+00 0.00000E+00 0.00000E+00 0.00000E+00 0.00000E+00 0.00000E+00 0.00000E+00 0.00000E+00 6.35546E-19 2.20659E-20 2.59870E-20 5.93177E-20 7.05238E-20 1.01163E-19
 1.55684E+03 1.01183E-18 0.00000E+00 0.00000E+00 0.00000E+00 0.00000E+00 0.00000E+00 0.00000E+00 0.00000E+00 0.00000E+00 6.53336E-19 2.20337E-20 2.59530E-20 5.92254E-20 7.03851E-20 1.00959E-19
 1.55837E+03 1.02690E-18 0.00000E+00 0.00000E+00 0.00000E+00 0.00000E+00 0.00000E+00 0.00000E+00 0.00000E+00 0.00000E+00 6.69151E-19 2.20016E-20 2.59190E-20 5.91332E-20 7.02466E-20 1.00755E-19
 1.55991E+03 1.04032E-18 0.00000E+00 0.00000E+00 0.00000E+00 0.00000E+00 0.00000E+00 0.00000E+00 0.00000E+00 0.00000E+00 6.83310E-19 2.19695E-20 2.58850E-20 5.90411E-20 7.01083E-20 1.00551E-19
 1.56144E+03 1.05234E-18 0.00000E+00 0.00000E+00 0.00000E+00 0.00000E+00 0.00000E+00 0.00000E+00 0.00000E+00 0.00000E+00 6.96058E-19 2.19374E-20 2.58510E-20 5.89490E-20 6.99703E-20 1.00348E-19
 1.56298E+03 1.06312E-18 0.00000E+00 0.00000E+00 0.00000E+00 0.00000E+00 0.00000E+00 0.00000E+00 0.00000E+00 0.00000E+00 7.07573E-19 2.19054E-20 2.58171E-20 5.88572E-20 6.98324E-20 1.00145E-19
 1.56452E+03 1.07280E-18 0.00000E+00 0.00000E+00 0.00000E+00 0.00000E+00 0.00000E+00 0.00000E+00 0.00000E+00 0.00000E+00 7.17983E-19 2.18734E-20 2.57832E-20 5.87654E-20 6.96947E-20 9.99427E-20
 1.56760E+03 1.08916E-18 0.00000E+00 0.00000E+00 0.00000E+00 0.00000E+00 0.00000E+00 0.00000E+00 0.00000E+00 0.00000E+00 7.35812E-19 2.18095E-20 2.57155E-20 5.85821E-20 6.94200E-20 9.95385E-20
 1.57069E+03 1.10188E-18 0.00000E+00 0.00000E+00 0.00000E+00 0.00000E+00 0.00000E+00 0.00000E+00 0.00000E+00 0.00000E+00 7.49980E-19 2.17458E-20 2.56479E-20 5.83993E-20 6.91461E-20 9.91357E-20
 1.57379E+03 1.11120E-18 0.00000E+00 0.00000E+00 0.00000E+00 0.00000E+00 0.00000E+00 0.00000E+00 0.00000E+00 0.00000E+00 7.60754E-19 2.16823E-20 2.55803E-20 5.82169E-20 6.88731E-20 9.87340E-20
 1.57689E+03 1.11741E-18 0.00000E+00 0.00000E+00 0.00000E+00 0.00000E+00 0.00000E+00 0.00000E+00 0.00000E+00 0.00000E+00 7.68407E-19 2.16189E-20 2.55129E-20 5.80350E-20 6.86008E-20 9.83337E-20
 1.58000E+03 1.12085E-18 0.00000E+00 0.00000E+00 0.00000E+00 0.00000E+00 0.00000E+00 0.00000E+00 0.00000E+00 0.00000E+00 7.73284E-19 2.15556E-20 2.54456E-20 5.78535E-20 6.83294E-20 9.79346E-20
 1.58000E+03 1.14000E-18 0.00000E+00 0.00000E+00 0.00000E+00 0.00000E+00 0.00000E+00 0.00000E+00 0.00000E+00 1.91478E-20 7.73285E-19 2.15556E-20 2.54456E-20 5.78535E-20 6.83294E-20 9.79345E-20
 1.58126E+03 1.15117E-18 0.00000E+00 0.00000E+00 0.00000E+00 0.00000E+00 0.00000E+00 0.00000E+00 0.00000E+00 2.96221E-20 7.74566E-19 2.15300E-20 2.54184E-20 5.77800E-20 6.82195E-20 9.77731E-20
 1.58252E+03 1.16537E-18 0.00000E+00 0.00000E+00 0.00000E+00 0.00000E+00 0.00000E+00 0.00000E+00 0.00000E+00 4.34769E-20 7.75491E-19 2.15044E-20 2.53911E-20 5.77066E-20 6.81098E-20 9.76118E-20
 1.58379E+03 1.18240E-18 0.00000E+00 0.00000E+00 0.00000E+00 0.00000E+00 0.00000E+00 0.00000E+00 0.00000E+00 6.04830E-20 7.76093E-19 2.14789E-20 2.53639E-20 5.76333E-20 6.80003E-20 9.74507E-20
 1.58505E+03 1.20204E-18 0.00000E+00 0.00000E+00 0.00000E+00 0.00000E+00 0.00000E+00 0.00000E+00 0.00000E+00 8.04008E-20 7.76401E-19 2.14534E-20 2.53367E-20 5.75601E-20 6.78908E-20 9.72899E-20
 1.58632E+03 1.22399E-18 0.00000E+00 0.00000E+00 0.00000E+00 0.00000E+00 0.00000E+00 0.00000E+00 0.00000E+00 1.02883E-19 7.76449E-19 2.14278E-20 2.53095E-20 5.74869E-20 6.77815E-20 9.71292E-20
 1.58759E+03 1.24778E-18 0.00000E+00 0.00000E+00 0.00000E+00 0.00000E+00 0.00000E+00 0.00000E+00 0.00000E+00 1.27433E-19 7.76266E-19 2.14024E-20 2.52823E-20 5.74138E-20 6.76724E-20 9.69688E-20
 1.59012E+03 1.29839E-18 0.00000E+00 0.00000E+00 0.00000E+00 0.00000E+00 0.00000E+00 0.00000E+00 0.00000E+00 1.80126E-19 7.75329E-19 2.13515E-20 2.52280E-20 5.72678E-20 6.74544E-20 9.66485E-20
 1.59266E+03 1.34838E-18 0.00000E+00 0.00000E+00 0.00000E+00 0.00000E+00 0.00000E+00 0.00000E+00 0.00000E+00 2.32789E-19 7.73809E-19 2.13007E-20 2.51738E-20 5.71221E-20 6.72370E-20 9.63290E-20
 1.59394E+03 1.37161E-18 0.00000E+00 0.00000E+00 0.00000E+00 0.00000E+00 0.00000E+00 0.00000E+00 0.00000E+00 2.57514E-19 7.72887E-19 2.12753E-20 2.51467E-20 5.70493E-20 6.71285E-20 9.61696E-20
 1.59521E+03 1.39312E-18 0.00000E+00 0.00000E+00 0.00000E+00 0.00000E+00 0.00000E+00 0.00000E+00 0.00000E+00 2.80596E-19 7.71884E-19 2.12500E-20 2.51196E-20 5.69766E-20 6.70201E-20 9.60103E-20
 1.59648E+03 1.41270E-18 0.00000E+00 0.00000E+00 0.00000E+00 0.00000E+00 0.00000E+00 0.00000E+00 0.00000E+00 3.01806E-19 7.70823E-19 2.12247E-20 2.50926E-20 5.69040E-20 6.69119E-20 9.58513E-20
 1.59776E+03 1.43030E-18 0.00000E+00 0.00000E+00 0.00000E+00 0.00000E+00 0.00000E+00 0.00000E+00 0.00000E+00 3.21071E-19 7.69727E-19 2.11994E-20 2.50655E-20 5.68315E-20 6.68038E-20 9.56925E-20
 1.59904E+03 1.44597E-18 0.00000E+00 0.00000E+00 0.00000E+00 0.00000E+00 0.00000E+00 0.00000E+00 0.00000E+00 3.38436E-19 7.68607E-19 2.11742E-20 2.50385E-20 5.67590E-20 6.66958E-20 9.55339E-20
 1.60031E+03 1.45985E-18 0.00000E+00 0.00000E+00 0.00000E+00 0.00000E+00 0.00000E+00 0.00000E+00 0.00000E+00 3.54020E-19 7.67468E-19 2.11489E-20 2.50115E-20 5.66867E-20 6.65879E-20 9.53754E-20
 1.60159E+03 1.47210E-18 0.00000E+00 0.00000E+00 0.00000E+00 0.00000E+00 0.00000E+00 0.00000E+00 0.00000E+00 3.67993E-19 7.66313E-19 2.11237E-20 2.49845E-20 5.66143E-20 6.64802E-20 9.52172E-20
 1.60287E+03 1.48291E-18 0.00000E+00 0.00000E+00 0.00000E+00 0.00000E+00 0.00000E+00 0.00000E+00 0.00000E+00 3.80540E-19 7.65147E-19 2.10985E-20 2.49575E-20 5.65421E-20 6.63726E-20 9.50592E-20
 1.60543E+03 1.50096E-18 0.00000E+00 0.00000E+00 0.00000E+00 0.00000E+00 0.00000E+00 0.00000E+00 0.00000E+00 4.02075E-19 7.62792E-19 2.10482E-20 2.49037E-20 5.63978E-20 6.61578E-20 9.47438E-20
 1.60800E+03 1.51528E-18 0.00000E+00 0.00000E+00 0.00000E+00 0.00000E+00 0.00000E+00 0.00000E+00 0.00000E+00 4.19882E-19 7.60435E-19 2.09980E-20 2.48498E-20 5.62538E-20 6.59436E-20 9.44291E-20
 1.61057E+03 1.52680E-18 0.00000E+00 0.00000E+00 0.00000E+00 0.00000E+00 0.00000E+00 0.00000E+00 0.00000E+00 4.34860E-19 7.58104E-19 2.09479E-20 2.47961E-20 5.61101E-20 6.57298E-20 9.41153E-20
 1.61314E+03 1.53612E-18 0.00000E+00 0.00000E+00 0.00000E+00 0.00000E+00 0.00000E+00 0.00000E+00 0.00000E+00 4.47579E-19 7.55822E-19 2.08979E-20 2.47424E-20 5.59667E-20 6.55166E-20 9.38023E-20
 1.61572E+03 1.54354E-18 0.00000E+00 0.00000E+00 0.00000E+00 0.00000E+00 0.00000E+00 0.00000E+00 0.00000E+00 4.58366E-19 7.53571E-19 2.08480E-20 2.46888E-20 5.58236E-20 6.53039E-20 9.34900E-20
 1.61830E+03 1.54922E-18 0.00000E+00 0.00000E+00 0.00000E+00 0.00000E+00 0.00000E+00 0.00000E+00 0.00000E+00 4.67405E-19 7.51323E-19 2.07982E-20 2.46353E-20 5.56808E-20 6.50917E-20 9.31786E-20
 1.62089E+03 1.55324E-18 0.00000E+00 0.00000E+00 0.00000E+00 0.00000E+00 0.00000E+00 0.00000E+00 0.00000E+00 4.74811E-19 7.49051E-19 2.07485E-20 2.45818E-20 5.55382E-20 6.48801E-20 9.28679E-20
 1.62607E+03 1.55663E-18 0.00000E+00 0.00000E+00 0.00000E+00 0.00000E+00 0.00000E+00 0.00000E+00 0.00000E+00 4.85143E-19 7.44322E-19 2.06493E-20 2.44751E-20 5.52540E-20 6.44583E-20 9.22490E-20
 1.63127E+03 1.55462E-18 0.00000E+00 0.00000E+00 0.00000E+00 0.00000E+00 0.00000E+00 0.00000E+00 0.00000E+00 4.90404E-19 7.39246E-19 2.05505E-20 2.43686E-20 5.49709E-20 6.40385E-20 9.16332E-20
 1.63649E+03 1.54855E-18 0.00000E+00 0.00000E+00 0.00000E+00 0.00000E+00 0.00000E+00 0.00000E+00 0.00000E+00 4.91957E-19 7.33815E-19 2.04521E-20 2.42624E-20 5.46890E-20 6.36208E-20 9.10206E-20
 1.64172E+03 1.53985E-18 0.00000E+00 0.00000E+00 0.00000E+00 0.00000E+00 0.00000E+00 0.00000E+00 0.00000E+00 4.91200E-19 7.28040E-19 2.03541E-20 2.41565E-20 5.44082E-20 6.32051E-20 9.04110E-20
 1.66283E+03 1.49764E-18 0.00000E+00 0.00000E+00 0.00000E+00 0.00000E+00 0.00000E+00 0.00000E+00 0.00000E+00 4.82070E-19 7.03516E-19 1.99657E-20 2.37356E-20 5.32964E-20 6.15629E-20 8.80044E-20
 1.68421E+03 1.45513E-18 0.00000E+00 0.00000E+00 0.00000E+00 0.00000E+00 0.00000E+00 0.00000E+00 0.00000E+00 4.70995E-19 6.80431E-19 1.95833E-20 2.33193E-20 5.22029E-20 5.99534E-20 8.56478E-20
 1.70586E+03 1.41035E-18 0.00000E+00 0.00000E+00 0.00000E+00 0.00000E+00 0.00000E+00 0.00000E+00 0.00000E+00 4.56387E-19 6.58401E-19 1.92068E-20 2.29074E-20 5.11272E-20 5.83767E-20 8.33412E-20
 1.75000E+03 1.32303E-18 0.00000E+00 0.00000E+00 0.00000E+00 0.00000E+00 0.00000E+00 0.00000E+00 0.00000E+00 4.28041E-19 6.15120E-19 1.84716E-20 2.20975E-20 4.90286E-20 5.53203E-20 7.88759E-20
 1.95600E+03 1.00325E-18 0.00000E+00 0.00000E+00 0.00000E+00 0.00000E+00 0.00000E+00 0.00000E+00 0.00000E+00 3.21987E-19 4.61221E-19 1.55374E-20 1.87896E-20 4.06692E-20 4.34531E-20 6.16141E-20
 1.95600E+03 1.23878E-18 0.00000E+00 0.00000E+00 0.00000E+00 0.00000E+00 0.00000E+00 0.00000E+00 2.35535E-19 3.21987E-19 4.61221E-19 1.55374E-20 1.87896E-20 4.06692E-20 4.34531E-20 6.16141E-20
 1.95736E+03 1.20533E-18 0.00000E+00 0.00000E+00 0.00000E+00 0.00000E+00 0.00000E+00 0.00000E+00 2.03813E-19 3.21421E-19 4.60389E-19 1.55204E-20 1.87701E-20 4.06209E-20 4.33860E-20 6.15169E-20
 1.95872E+03 1.18691E-18 0.00000E+00 0.00000E+00 0.00000E+00 0.00000E+00 0.00000E+00 0.00000E+00 1.87118E-19 3.20856E-19 4.59558E-19 1.55034E-20 1.87506E-20 4.05727E-20 4.33190E-20 6.14198E-20
 1.96008E+03 1.17547E-18 0.00000E+00 0.00000E+00 0.00000E+00 0.00000E+00 0.00000E+00 0.00000E+00 1.77404E-19 3.20292E-19 4.58728E-19 1.54865E-20 1.87311E-20 4.05245E-20 4.32520E-20 6.13228E-20
 1.96145E+03 1.16776E-18 0.00000E+00 0.00000E+00 0.00000E+00 0.00000E+00 0.00000E+00 0.00000E+00 1.71423E-19 3.19730E-19 4.57900E-19 1.54695E-20 1.87116E-20 4.04763E-20 4.31852E-20 6.12260E-20
 1.96281E+03 1.16223E-18 0.00000E+00 0.00000E+00 0.00000E+00 0.00000E+00 0.00000E+00 0.00000E+00 1.67607E-19 3.19168E-19 4.57074E-19 1.54526E-20 1.86922E-20 4.04282E-20 4.31184E-20 6.11293E-20
 1.96418E+03 1.15801E-18 0.00000E+00 0.00000E+00 0.00000E+00 0.00000E+00 0.00000E+00 0.00000E+00 1.65107E-19 3.18607E-19 4.56248E-19 1.54357E-20 1.86728E-20 4.03801E-20 4.30518E-20 6.10327E-20
 1.96691E+03 1.15172E-18 0.00000E+00 0.00000E+00 0.00000E+00 0.00000E+00 0.00000E+00 0.00000E+00 1.62238E-19 3.17488E-19 4.54602E-19 1.54019E-20 1.86339E-20 4.02842E-20 4.29186E-20 6.08399E-20
 1.97788E+03 1.13299E-18 0.00000E+00 0.00000E+00 0.00000E+00 0.00000E+00 0.00000E+00 0.00000E+00 1.57101E-19 3.13054E-19 4.48069E-19 1.52674E-20 1.84792E-20 3.99021E-20 4.23896E-20 6.00738E-20
 1.98891E+03 1.11526E-18 0.00000E+00 0.00000E+00 0.00000E+00 0.00000E+00 0.00000E+00 0.00000E+00 1.52786E-19 3.08679E-19 4.41624E-19 1.51340E-20 1.83254E-20 3.95230E-20 4.18658E-20 5.93156E-20
 2.00000E+03 1.09971E-18 0.00000E+00 0.00000E+00 0.00000E+00 0.00000E+00 0.00000E+00 0.00000E+00 1.50481E-19 3.04361E-19 4.35265E-19 1.50015E-20 1.81725E-20 3.91468E-20 4.13474E-20 5.85654E-20
 2.08710E+03 9.96020E-19 0.00000E+00 0.00000E+00 0.00000E+00 0.00000E+00 0.00000E+00 0.00000E+00 1.42885E-19 2.72948E-19 3.89319E-19 1.40175E-20 1.70304E-20 3.63582E-20 3.75458E-20 5.30722E-20
 2.17800E+03 9.01009E-19 0.00000E+00 0.00000E+00 0.00000E+00 0.00000E+00 0.00000E+00 0.00000E+00 1.34894E-19 2.44436E-19 3.47990E-19 1.30888E-20 1.59415E-20 3.37342E-20 3.40420E-20 4.80223E-20
 2.17800E+03 9.77174E-19 0.00000E+00 0.00000E+00 0.00000E+00 0.00000E+00 0.00000E+00 7.61651E-20 1.34894E-19 2.44436E-19 3.47990E-19 1.30888E-20 1.59415E-20 3.37342E-20 3.40420E-20 4.80223E-20
 2.17937E+03 9.67513E-19 0.00000E+00 0.00000E+00 0.00000E+00 0.00000E+00 0.00000E+00 6.78445E-20 1.34772E-19 2.44037E-19 3.47412E-19 1.30755E-20 1.59259E-20 3.36968E-20 3.39925E-20 4.79511E-20
 2.18074E+03 9.61630E-19 0.00000E+00 0.00000E+00 0.00000E+00 0.00000E+00 0.00000E+00 6.33014E-20 1.34649E-19 2.43639E-19 3.46835E-19 1.30623E-20 1.59102E-20 3.36594E-20 3.39431E-20 4.78799E-20
 2.18211E+03 9.57625E-19 0.00000E+00 0.00000E+00 0.00000E+00 0.00000E+00 0.00000E+00 6.06340E-20 1.34526E-19 2.43241E-19 3.46260E-19 1.30490E-20 1.58946E-20 3.36220E-20 3.38937E-20 4.78089E-20
 2.18348E+03 9.54656E-19 0.00000E+00 0.00000E+00 0.00000E+00 0.00000E+00 0.00000E+00 5.90019E-20 1.34404E-19 2.42843E-19 3.45685E-19 1.30358E-20 1.58790E-20 3.35846E-20 3.38444E-20 4.77379E-20
 2.18897E+03 9.46919E-19 0.00000E+00 0.00000E+00 0.00000E+00 0.00000E+00 0.00000E+00 5.65915E-20 1.33913E-19 2.41259E-19 3.43393E-19 1.29829E-20 1.58167E-20 3.34355E-20 3.36478E-20 4.74550E-20
 2.20000E+03 9.34889E-19 0.00000E+00 0.00000E+00 0.00000E+00 0.00000E+00 0.00000E+00 5.51339E-20 1.32931E-19 2.38120E-19 3.38850E-19 1.28777E-20 1.56926E-20 3.31389E-20 3.32575E-20 4.68934E-20
 2.40100E+03 7.62345E-19 0.00000E+00 0.00000E+00 0.00000E+00 0.00000E+00 0.00000E+00 4.93374E-20 1.16361E-19 1.89099E-19 2.67880E-19 1.11631E-20 1.36484E-20 2.83185E-20 2.70542E-20 3.79891E-20
 2.40100E+03 7.97089E-19 0.00000E+00 0.00000E+00 0.00000E+00 0.00000E+00 3.47434E-20 4.93374E-20 1.16361E-19 1.89099E-19 2.67880E-19 1.11631E-20 1.36484E-20 2.83185E-20 2.70542E-20 3.79891E-20
 2.40252E+03 7.95809E-19 0.00000E+00 0.00000E+00 0.00000E+00 0.00000E+00 3.45900E-20 4.93028E-20 1.16245E-19 1.88781E-19 2.67421E-19 1.11515E-20 1.36344E-20 2.82860E-20 2.70132E-20 3.79304E-20
 2.40403E+03 7.94531E-19 0.00000E+00 0.00000E+00 0.00000E+00 0.00000E+00 3.44373E-20 4.92681E-20 1.16130E-19 1.88463E-19 2.66962E-19 1.11400E-20 1.36205E-20 2.82535E-20 2.69723E-20 3.78719E-20
 2.40707E+03 7.91985E-19 0.00000E+00 0.00000E+00 0.00000E+00 0.00000E+00 3.41375E-20 4.91985E-20 1.15899E-19 1.87829E-19 2.66046E-19 1.11168E-20 1.35926E-20 2.81887E-20 2.68907E-20 3.77551E-20
 2.41316E+03 7.86985E-19 0.00000E+00 0.00000E+00 0.00000E+00 0.00000E+00 3.36118E-20 4.90585E-20 1.15437E-19 1.86566E-19 2.64223E-19 1.10706E-20 1.35369E-20 2.80593E-20 2.67282E-20 3.75223E-20
 2.42538E+03 7.77927E-19 0.00000E+00 0.00000E+00 0.00000E+00 0.00000E+00 3.34305E-20 4.87759E-20 1.14519E-19 1.84064E-19 2.60611E-19 1.09788E-20 1.34260E-20 2.78022E-20 2.64055E-20 3.70605E-20
 2.45000E+03 7.60505E-19 0.00000E+00 0.00000E+00 0.00000E+00 0.00000E+00 3.34765E-20 4.82072E-20 1.12699E-19 1.79149E-19 2.53522E-19 1.07972E-20 1.32063E-20 2.72939E-20 2.57703E-20 3.61517E-20
 2.50000E+03 7.25634E-19 0.00000E+00 0.00000E+00 0.00000E+00 0.00000E+00 3.24158E-20 4.70684E-20 1.09119E-19 1.69671E-19 2.39864E-19 1.04419E-20 1.27753E-20 2.63011E-20 2.45392E-20 3.43918E-20
 2.73861E+03 5.86437E-19 0.00000E+00 0.00000E+00 0.00000E+00 0.00000E+00 2.87134E-20 4.18652E-20 9.38895E-20 1.32272E-19 1.86121E-19 8.96355E-21 1.09654E-20 2.21918E-20 1.95969E-20 2.73486E-20
 3.00000E+03 4.72350E-19 0.00000E+00 0.00000E+00 0.00000E+00 0.00000E+00 2.53087E-20 3.68565E-20 8.02242E-20 1.02478E-19 1.43545E-19 7.67446E-21 9.36773E-21 1.86461E-20 1.55513E-20 2.16115E-20
 3.24037E+03 3.92472E-19 0.00000E+00 0.00000E+00 0.00000E+00 0.00000E+00 2.26447E-20 3.28615E-20 6.98870E-20 8.22126E-20 1.14732E-19 6.71627E-21 8.17104E-21 1.60419E-20 1.27291E-20 1.76259E-20
 3.50000E+03 3.25496E-19 0.00000E+00 0.00000E+00 0.00000E+00 0.00000E+00 2.01928E-20 2.91261E-20 6.06112E-20 6.56984E-20 9.13529E-20 5.86961E-21 7.10414E-21 1.37620E-20 1.03747E-20 1.43142E-20
 3.74166E+03 2.76400E-19 0.00000E+00 0.00000E+00 0.00000E+00 0.00000E+00 1.82340E-20 2.61149E-20 5.33900E-20 5.39399E-20 7.47705E-20 5.21583E-21 6.27657E-21 1.20218E-20 8.66155E-21 1.19137E-20
 4.00000E+03 2.34437E-19 0.00000E+00 0.00000E+00 0.00000E+00 0.00000E+00 1.64253E-20 2.33209E-20 4.68826E-20 4.41698E-20 6.10387E-20 4.62978E-21 5.53360E-21 1.04819E-20 7.20992E-21 9.88588E-21
 4.50000E+03 1.74873E-19 0.00000E+00 0.00000E+00 0.00000E+00 0.00000E+00 1.35866E-20 1.89257E-20 3.70042E-20 3.08595E-20 4.24130E-20 3.74118E-21 4.40665E-21 8.18707E-21 5.17961E-21 7.06238E-21
 5.00000E+03 1.34200E-19 0.00000E+00 0.00000E+00 0.00000E+00 0.00000E+00 1.14035E-20 1.55562E-20 2.97174E-20 2.22539E-20 3.04340E-20 3.08358E-21 3.57385E-21 6.52859E-21 3.82451E-21 5.18844E-21
 5.50000E+03 1.05423E-19 0.00000E+00 0.00000E+00 0.00000E+00 0.00000E+00 9.69273E-21 1.29361E-20 2.42256E-20 1.64765E-20 2.24309E-20 2.58332E-21 2.94356E-21 5.29669E-21 2.88986E-21 3.90223E-21
 6.00000E+03 8.44539E-20 0.00000E+00 0.00000E+00 0.00000E+00 0.00000E+00 8.32882E-21 1.08715E-20 2.00094E-20 1.24735E-20 1.69099E-20 2.19404E-21 2.45672E-21 4.36087E-21 2.22679E-21 2.99402E-21
 7.00000E+03 5.68347E-20 0.00000E+00 0.00000E+00 0.00000E+00 0.00000E+00 6.32179E-21 7.89441E-21 1.41120E-20 7.54805E-21 1.01548E-20 1.63650E-21 1.76822E-21 3.06485E-21 1.38804E-21 1.85175E-21
 8.00000E+03 4.02079E-20 0.00000E+00 0.00000E+00 0.00000E+00 0.00000E+00 4.94578E-21 5.91451E-21 1.03196E-20 4.83993E-21 6.46717E-21 1.26449E-21 1.31838E-21 2.23879E-21 9.11520E-22 1.20757E-21
 8.94600E+03 3.00356E-20 0.00000E+00 0.00000E+00 0.00000E+00 0.00000E+00 4.00922E-21 4.60812E-21 7.88383E-21 3.31550E-21 4.40415E-21 1.01610E-21 1.02472E-21 1.71073E-21 6.36127E-22 8.37693E-22
 8.94600E+03 1.08333E-19 0.00000E+00 0.00000E+00 0.00000E+00 7.82978E-20 4.00922E-21 4.60811E-21 7.88382E-21 3.31550E-21 4.40414E-21 1.01610E-21 1.02472E-21 1.71073E-21 6.36127E-22 8.37692E-22
 8.95273E+03 8.47804E-20 0.00000E+00 0.00000E+00 0.00000E+00 5.48038E-20 4.00350E-21 4.60028E-21 7.86939E-21 3.30701E-21 4.39269E-21 1.01460E-21 1.02297E-21 1.70761E-21 6.34575E-22 8.35614E-22
 8.95947E+03 8.23374E-20 0.00000E+00 0.00000E+00 0.00000E+00 5.24197E-20 3.99780E-21 4.59245E-21 7.85499E-21 3.29854E-21 4.38127E-21 1.01310E-21 1.02121E-21 1.70448E-21 6.33026E-22 8.33540E-22
 8.97296E+03 8.03593E-20 0.00000E+00 0.00000E+00 0.00000E+00 5.05592E-20 3.98641E-21 4.57684E-21 7.82625E-21 3.28167E-21 4.35850E-21 1.01010E-21 1.01772E-21 1.69826E-21 6.29939E-22 8.29408E-22
 8.97971E+03 7.95744E-20 0.00000E+00 0.00000E+00 0.00000E+00 4.98328E-20 3.98073E-21 4.56905E-21 7.81192E-21 3.27326E-21 4.34715E-21 1.00861E-21 1.01597E-21 1.69515E-21 6.28401E-22 8.27348E-22
 8.98647E+03 7.91127E-20 0.00000E+00 0.00000E+00 0.00000E+00 4.94296E-20 3.97505E-21 4.56127E-21 7.79761E-21 3.26487E-21 4.33584E-21 1.00712E-21 1.01423E-21 1.69205E-21 6.26866E-22 8.25294E-22
 8.99323E+03 7.89175E-20 0.00000E+00 0.00000E+00 0.00000E+00 4.92928E-20 3.96939E-21 4.55350E-21 7.78332E-21 3.25650E-21 4.32455E-21 1.00563E-21 1.01249E-21 1.68896E-21 6.25334E-22 8.23244E-22
 9.00000E+03 7.88578E-20 0.00000E+00 0.00000E+00 0.00000E+00 4.92914E-20 3.96372E-21 4.54575E-21 7.76905E-21 3.24816E-21 4.31329E-21 1.00414E-21 1.01076E-21 1.68587E-21 6.23806E-22 8.21199E-22
 9.01456E+03 7.87753E-20 0.00000E+00 0.00000E+00 0.00000E+00 4.93337E-20 3.95158E-21 4.52912E-21 7.73848E-21 3.23028E-21 4.28918E-21 1.00095E-21 1.00703E-21 1.67924E-21 6.20534E-22 8.16819E-22
 9.02914E+03 7.84712E-20 0.00000E+00 0.00000E+00 0.00000E+00 4.91540E-20 3.93947E-21 4.51255E-21 7.70801E-21 3.21250E-21 4.26520E-21 9.97765E-22 1.00332E-21 1.67264E-21 6.17278E-22 8.12462E-22
 9.04375E+03 7.81085E-20 0.00000E+00 0.00000E+00 0.00000E+00 4.89151E-20 3.92740E-21 4.49603E-21 7.67765E-21 3.19482E-21 4.24135E-21 9.94592E-22 9.99625E-22 1.66607E-21 6.14038E-22 8.08125E-22
 9.05838E+03 7.78313E-20 0.00000E+00 0.00000E+00 0.00000E+00 4.87613E-20 3.91536E-21 4.47956E-21 7.64740E-21 3.17722E-21 4.21761E-21 9.91429E-22 9.95939E-22 1.65951E-21 6.10813E-22 8.03810E-22
 9.08772E+03 7.73251E-20 0.00000E+00 0.00000E+00 0.00000E+00 4.85002E-20 3.89137E-21 4.44678E-21 7.58721E-21 3.14229E-21 4.17052E-21 9.85130E-22 9.88604E-22 1.64648E-21 6.04411E-22 7.95244E-22
 9.11715E+03 7.67250E-20 0.00000E+00 0.00000E+00 0.00000E+00 4.81434E-20 3.86752E-21 4.41421E-21 7.52744E-21 3.10773E-21 4.12393E-21 9.78867E-22 9.81317E-22 1.63353E-21 5.98071E-22 7.86763E-22
 9.23582E+03 7.42871E-20 0.00000E+00 0.00000E+00 0.00000E+00 4.66587E-20 3.77341E-21 4.28603E-21 7.29259E-21 2.97305E-21 3.94243E-21 9.54188E-22 9.52653E-22 1.58269E-21 5.73330E-22 7.53679E-22
 9.35604E+03 7.18529E-20 0.00000E+00 0.00000E+00 0.00000E+00 4.51466E-20 3.68139E-21 4.16117E-21 7.06441E-21 2.84399E-21 3.76861E-21 9.30095E-22 9.24754E-22 1.53330E-21 5.49562E-22 7.21917E-22
 9.47782E+03 6.94015E-20 0.00000E+00 0.00000E+00 0.00000E+00 4.35870E-20 3.59143E-21 4.03959E-21 6.84281E-21 2.72039E-21 3.60226E-21 9.06580E-22 8.97608E-22 1.48536E-21 5.26740E-22 6.91441E-22
 9.98100E+03 6.04149E-20 0.00000E+00 0.00000E+00 0.00000E+00 3.78810E-20 3.25153E-21 3.58481E-21 6.01920E-21 2.27647E-21 3.00584E-21 8.18067E-22 7.96223E-22 1.30727E-21 4.44268E-22 5.81496E-22
 9.98100E+03 9.28943E-20 0.00000E+00 0.00000E+00 3.24795E-20 3.78810E-20 3.25153E-21 3.58481E-21 6.01920E-21 2.27647E-21 3.00584E-21 8.18067E-22 7.96222E-22 1.30727E-21 4.44267E-22 5.81495E-22
 9.99050E+03 8.41567E-20 0.00000E+00 0.00000E+00 2.38953E-20 3.77838E-20 3.24556E-21 3.57690E-21 6.00496E-21 2.26901E-21 2.99582E-21 8.16519E-22 7.94461E-22 1.30419E-21 4.42873E-22 5.79639E-22
 1.00000E+04 8.33469E-20 0.00000E+00 0.00000E+00 2.32386E-20 3.76869E-20 3.23961E-21 3.56901E-21 5.99074E-21 2.26156E-21 2.98583E-21 8.14974E-22 7.92703E-22 1.30112E-21 4.41483E-22 5.77789E-22
 1.00075E+04 8.27674E-20 0.00000E+00 0.00000E+00 2.27792E-20 3.76109E-20 3.23494E-21 3.56281E-21 5.97959E-21 2.25573E-21 2.97801E-21 8.13761E-22 7.91324E-22 1.29871E-21 4.40393E-22 5.76338E-22
 1.00150E+04 8.22901E-20 0.00000E+00 0.00000E+00 2.24217E-20 3.75350E-20 3.23028E-21 3.55663E-21 5.96845E-21 2.24991E-21 2.97020E-21 8.12550E-22 7.89947E-22 1.29630E-21 4.39306E-22 5.74891E-22
 1.00224E+04 8.19975E-20 0.00000E+00 0.00000E+00 2.22488E-20 3.74592E-20 3.22562E-21 3.55045E-21 5.95734E-21 2.24410E-21 2.96241E-21 8.11341E-22 7.88572E-22 1.29390E-21 4.38221E-22 5.73447E-22
 1.00299E+04 8.18424E-20 0.00000E+00 0.00000E+00 2.22132E-20 3.73835E-20 3.22097E-21 3.54429E-21 5.94624E-21 2.23831E-21 2.95464E-21 8.10133E-22 7.87199E-22 1.29150E-21 4.37138E-22 5.72006E-22
 1.00449E+04 8.16398E-20 0.00000E+00 0.00000E+00 2.22488E-20 3.72326E-20 3.21168E-21 3.53199E-21 5.92410E-21 2.22676E-21 2.93916E-21 8.07723E-22 7.84460E-22 1.28671E-21 4.34981E-22 5.69135E-22
 1.00600E+04 8.13542E-20 0.00000E+00 0.00000E+00 2.22007E-20 3.70822E-20 3.20241E-21 3.51973E-21 5.90203E-21 2.21528E-21 2.92375E-21 8.05319E-22 7.81729E-22 1.28194E-21 4.32833E-22 5.66277E-22
 1.00901E+04 8.07029E-20 0.00000E+00 0.00000E+00 2.20218E-20 3.67828E-20 3.18396E-21 3.49531E-21 5.85813E-21 2.19247E-21 2.89317E-21 8.00532E-22 7.76294E-22 1.27245E-21 4.28567E-22 5.60602E-22
 1.01203E+04 8.01603E-20 0.00000E+00 0.00000E+00 2.19483E-20 3.64855E-20 3.16560E-21 3.47105E-21 5.81452E-21 2.16988E-21 2.86289E-21 7.95771E-22 7.70893E-22 1.26302E-21 4.24341E-22 5.54979E-22
 1.02421E+04 7.77574E-20 0.00000E+00 0.00000E+00 2.13886E-20 3.53165E-20 3.09313E-21 3.37551E-21 5.64303E-21 2.08173E-21 2.74475E-21 7.76993E-22 7.49628E-22 1.22595E-21 4.07823E-22 5.33015E-22
 1.04900E+04 7.30184E-20 0.00000E+00 0.00000E+00 2.01785E-20 3.30748E-20 2.95276E-21 3.19154E-21 5.31395E-21 1.91565E-21 2.52239E-21 7.40686E-22 7.08706E-22 1.15480E-21 3.76604E-22 4.91541E-22
 1.04900E+04 8.46610E-20 0.00000E+00 1.16426E-20 2.01785E-20 3.30747E-20 2.95276E-21 3.19154E-21 5.31395E-21 1.91565E-21 2.52239E-21 7.40686E-22 7.08705E-22 1.15480E-21 3.76604E-22 4.91541E-22
 1.04978E+04 8.42854E-20 0.00000E+00 1.14098E-20 2.01419E-20 3.30073E-20 2.94850E-21 3.18598E-21 5.30403E-21 1.91071E-21 2.51578E-21 7.39586E-22 7.07470E-22 1.15266E-21 3.75674E-22 4.90306E-22
 1.05056E+04 8.40039E-20 0.00000E+00 1.12708E-20 2.01052E-20 3.29399E-20 2.94425E-21 3.18044E-21 5.29414E-21 1.90578E-21 2.50919E-21 7.38488E-22 7.06237E-22 1.15052E-21 3.74745E-22 4.89073E-22
 1.05212E+04 8.38051E-20 0.00000E+00 1.13566E-20 2.00319E-20 3.28055E-20 2.93576E-21 3.16937E-21 5.27439E-21 1.89597E-21 2.49606E-21 7.36296E-22 7.03776E-22 1.14625E-21 3.72895E-22 4.86617E-22
 1.05368E+04 8.35789E-20 0.00000E+00 1.14142E-20 1.99586E-20 3.26717E-20 2.92730E-21 3.15833E-21 5.25472E-21 1.88620E-21 2.48299E-21 7.34111E-22 7.01323E-22 1.14200E-21 3.71054E-22 4.84173E-22
 1.05524E+04 8.32289E-20 0.00000E+00 1.13471E-20 1.98854E-20 3.25383E-20 2.91886E-21 3.14734E-21 5.23511E-21 1.87648E-21 2.47000E-21 7.31931E-22 6.98877E-22 1.13776E-21 3.69221E-22 4.81741E-22
 1.06152E+04 8.19677E-20 0.00000E+00 1.12096E-20 1.95929E-20 3.20096E-20 2.88532E-21 3.10369E-21 5.15735E-21 1.83809E-21 2.41866E-21 7.23275E-22 6.89175E-22 1.12095E-21 3.61977E-22 4.72129E-22
 1.07420E+04 7.95384E-20 0.00000E+00 1.09869E-20 1.90117E-20 3.09751E-20 2.81931E-21 3.01806E-21 5.00505E-21 1.76360E-21 2.31908E-21 7.06254E-22 6.70144E-22 1.08803E-21 3.47896E-22 4.53455E-22
 1.10000E+04 7.48745E-20 0.00000E+00 1.05605E-20 1.78815E-20 2.89966E-20 2.69145E-21 2.85318E-21 4.71279E-21 1.62319E-21 2.13161E-21 6.73333E-22 6.33514E-22 1.02484E-21 3.21276E-22 4.18185E-22
 1.17260E+04 6.35925E-20 0.00000E+00 9.47320E-21 1.51633E-20 2.42392E-20 2.37306E-21 2.44874E-21 4.00157E-21 1.29604E-21 1.69575E-21 5.91674E-22 5.43764E-22 8.71069E-22 2.58800E-22 3.35601E-22
 1.25000E+04 5.39533E-20 0.00000E+00 8.47276E-21 1.28196E-20 2.02393E-20 2.09023E-21 2.09798E-21 3.39222E-21 1.03421E-21 1.34815E-21 5.19539E-22 4.66024E-22 7.39285E-22 2.08231E-22 2.69006E-22
 1.40000E+04 4.01885E-20 0.00000E+00 6.90683E-21 9.46741E-21 1.46328E-20 1.66395E-21 1.58687E-21 2.51826E-21 6.89809E-22 8.93016E-22 4.11534E-22 3.52834E-22 5.50053E-22 1.40818E-22 1.80659E-22
 1.50000E+04 3.35453E-20 0.00000E+00 6.07766E-21 7.85109E-21 1.19836E-20 1.44565E-21 1.33489E-21 2.09452E-21 5.37776E-22 6.93214E-22 3.56573E-22 2.97055E-22 4.58176E-22 1.10649E-22 1.41336E-22
 1.75000E+04 2.23279E-20 0.00000E+00 4.52864E-21 5.13361E-21 7.62327E-21 1.05075E-21 9.00194E-22 1.37717E-21 3.06340E-22 3.90993E-22 2.57786E-22 2.00781E-22 3.02316E-22 6.40689E-23 8.10175E-23
 2.00000E+04 1.56384E-20 0.00000E+00 3.47898E-21 3.52774E-21 5.11766E-21 7.92798E-22 6.34718E-22 9.49911E-22 1.86878E-22 2.36368E-22 1.93741E-22 1.41906E-22 2.09196E-22 3.95915E-23 4.96091E-23
 2.20000E+04 1.21062E-20 0.00000E+00 2.86812E-21 2.68876E-21 3.83669E-21 6.46440E-22 4.92420E-22 7.25429E-22 1.30846E-22 1.64380E-22 1.57597E-22 1.10304E-22 1.60138E-22 2.79593E-23 3.47975E-23
 2.50000E+04 8.56914E-21 0.00000E+00 2.19997E-21 1.85944E-21 2.59547E-21 4.89687E-22 3.48389E-22 5.02414E-22 8.07461E-23 1.00502E-22 1.19058E-22 7.82581E-23 1.11273E-22 1.74435E-23 2.15058E-23
 3.00000E+04 5.21477E-21 0.00000E+00 1.48947E-21 1.08987E-21 1.47416E-21 3.26930E-22 2.10499E-22 2.94317E-22 4.02368E-23 4.93742E-23 7.92480E-23 4.74835E-23 6.54952E-23 8.81525E-24 1.07151E-23
 3.50000E+04 3.41595E-21 0.00000E+00 1.06018E-21 6.89127E-22 9.07391E-22 2.30639E-22 1.36273E-22 1.85519E-22 2.21794E-23 2.68763E-23 5.58032E-23 3.08525E-23 4.14485E-23 4.91115E-24 5.89440E-24
 4.00000E+04 2.36309E-21 0.00000E+00 7.84074E-22 4.61258E-22 5.93155E-22 1.69569E-22 9.29507E-23 1.23586E-22 1.31873E-23 1.57957E-23 4.09768E-23 2.11092E-23 2.77032E-23 2.94389E-24 3.49291E-24
 4.50000E+04 1.70492E-21 0.00000E+00 5.97710E-22 3.22723E-22 4.06304E-22 1.28746E-22 6.60484E-23 8.59727E-23 8.31391E-24 9.85533E-24 3.10858E-23 1.50396E-23 1.93256E-23 1.86827E-24 2.19348E-24
 5.00000E+04 1.27185E-21 0.00000E+00 4.66985E-22 2.33961E-22 2.88941E-22 1.00309E-22 4.85084E-23 6.19314E-23 5.49430E-24 6.44953E-24 2.42057E-23 1.10707E-23 1.39545E-23 1.24121E-24 1.44319E-24
 5.50000E+04 9.74943E-22 0.00000E+00 3.72369E-22 1.74626E-22 2.11888E-22 7.98318E-23 3.66094E-23 4.59150E-23 3.77327E-24 4.38964E-24 1.92564E-23 8.37162E-24 1.03668E-23 8.56193E-25 9.86610E-25
 6.00000E+04 7.64411E-22 0.00000E+00 3.02078E-22 1.33553E-22 1.59423E-22 6.46755E-23 2.82666E-23 3.48719E-23 2.67556E-24 3.08698E-24 1.55960E-23 6.47528E-24 7.88762E-24 6.09456E-25 6.96448E-25
 6.13350E+04 7.18608E-22 0.00000E+00 2.86373E-22 1.24748E-22 1.48287E-22 6.12955E-23 2.64652E-23 3.25111E-23 2.45143E-24 2.82228E-24 1.47800E-23 6.06527E-24 7.35691E-24 5.58928E-25 6.37326E-25
 6.13350E+04 3.79277E-21 3.07416E-21 2.86373E-22 1.24748E-22 1.48287E-22 6.12955E-23 2.64651E-23 3.25111E-23 2.45143E-24 2.82227E-24 1.47800E-23 6.06526E-24 7.35691E-24 5.58927E-25 6.37326E-25
 6.13667E+04 3.78815E-21 3.07058E-21 2.86014E-22 1.24549E-22 1.48034E-22 6.12183E-23 2.64242E-23 3.24576E-23 2.44639E-24 2.81633E-24 1.47614E-23 6.05595E-24 7.34488E-24 5.57792E-25 6.35998E-25
 6.13984E+04 3.78352E-21 3.06700E-21 2.85655E-22 1.24349E-22 1.47783E-22 6.11411E-23 2.63834E-23 3.24042E-23 2.44137E-24 2.81040E-24 1.47428E-23 6.04665E-24 7.33286E-24 5.56658E-25 6.34673E-25
 6.14618E+04 3.77427E-21 3.05982E-21 2.84939E-22 1.23951E-22 1.47281E-22 6.09870E-23 2.63018E-23 3.22976E-23 2.43135E-24 2.79858E-24 1.47056E-23 6.02809E-24 7.30889E-24 5.54398E-25 6.32031E-25
 6.15888E+04 3.75576E-21 3.04545E-21 2.83512E-22 1.23159E-22 1.46281E-22 6.06800E-23 2.61395E-23 3.20854E-23 2.41143E-24 2.77508E-24 1.46314E-23 5.99113E-24 7.26117E-24 5.49903E-25 6.26779E-25
 6.18437E+04 3.71875E-21 3.01663E-21 2.80678E-22 1.21590E-22 1.44302E-22 6.00703E-23 2.58178E-23 3.16650E-23 2.37206E-24 2.72866E-24 1.44843E-23 5.91787E-24 7.16664E-24 5.41021E-25 6.16402E-25
 6.23565E+04 3.64471E-21 2.95873E-21 2.75089E-22 1.18510E-22 1.40423E-22 5.88684E-23 2.51858E-23 3.08403E-23 2.29524E-24 2.63810E-24 1.41942E-23 5.77396E-24 6.98114E-24 5.23680E-25 5.96153E-25
 6.33951E+04 3.49701E-21 2.84216E-21 2.64231E-22 1.12583E-22 1.32974E-22 5.65341E-23 2.39676E-23 2.92542E-23 2.14902E-24 2.46594E-24 1.36308E-23 5.49644E-24 6.62428E-24 4.90654E-25 5.57637E-25
 6.44510E+04 3.35044E-21 2.72529E-21 2.53790E-22 1.06957E-22 1.25926E-22 5.42907E-23 2.28087E-23 2.77502E-23 2.01241E-24 2.30534E-24 1.30894E-23 5.23234E-24 6.28576E-24 4.59767E-25 5.21675E-25
 6.55244E+04 3.20589E-21 2.60904E-21 2.43755E-22 1.01621E-22 1.19264E-22 5.21357E-23 2.17072E-23 2.63254E-23 1.88494E-24 2.15573E-24 1.25694E-23 4.98119E-24 5.96491E-24 4.30919E-25 4.88145E-25
 6.77253E+04 2.92671E-21 2.38255E-21 2.24849E-22 9.17651E-23 1.07019E-22 4.80784E-23 1.96655E-23 2.36978E-23 1.65516E-24 1.88676E-24 1.15905E-23 4.51540E-24 5.37285E-24 3.78848E-25 4.27784E-25
 7.00000E+04 2.66813E-21 2.17194E-21 2.07366E-22 8.28775E-23 9.60484E-23 4.43295E-23 1.78167E-23 2.13339E-23 1.45431E-24 1.65247E-24 1.06862E-23 4.09329E-24 4.83979E-24 3.33259E-25 3.75117E-25
 7.23762E+04 2.43532E-21 1.98350E-21 1.90978E-22 7.47289E-23 8.60471E-23 4.08177E-23 1.61155E-23 1.91713E-23 1.27484E-24 1.44378E-24 9.83921E-24 3.70467E-24 4.35182E-24 2.92488E-25 3.28147E-25
 7.48331E+04 2.22959E-21 1.81828E-21 1.75812E-22 6.73578E-23 7.70527E-23 3.75699E-23 1.45711E-23 1.72197E-23 1.11677E-24 1.26056E-24 9.05597E-24 3.35164E-24 3.91116E-24 2.56542E-25 2.86858E-25
 8.00000E+04 1.87937E-21 1.53847E-21 1.48894E-22 5.47312E-23 6.17896E-23 3.18104E-23 1.19105E-23 1.38897E-23 8.57441E-25 9.61483E-25 7.66729E-24 2.74287E-24 3.15852E-24 1.97457E-25 2.19319E-25
 8.23907E+04 1.74094E-21 1.42718E-21 1.38312E-22 4.99325E-23 5.60424E-23 2.95477E-23 1.08941E-23 1.26294E-23 7.63007E-25 8.53064E-25 7.12183E-24 2.51007E-24 2.87337E-24 1.75888E-25 1.94784E-25
 8.48528E+04 1.61022E-21 1.32145E-21 1.28453E-22 4.55526E-23 5.08263E-23 2.74406E-23 9.96349E-24 1.14820E-23 6.79035E-25 7.56910E-25 6.61391E-24 2.29678E-24 2.61361E-24 1.56678E-25 1.72997E-25
 9.00000E+04 1.37388E-21 1.12920E-21 1.10749E-22 3.79267E-23 4.18235E-23 2.36587E-23 8.33574E-24 9.49264E-24 5.38518E-25 5.96728E-25 5.70238E-24 1.92336E-24 2.16281E-24 1.24469E-25 1.36637E-25
 1.00000E+05 1.03567E-21 8.53864E-22 8.47571E-23 2.73119E-23 2.94830E-23 1.81099E-23 6.05204E-24 6.74494E-24 3.55520E-25 3.89899E-25 4.36516E-24 1.39872E-24 1.53928E-24 8.24394E-26 8.95651E-26
 1.10000E+05 8.00587E-22 6.61627E-22 6.64094E-23 2.02959E-23 2.14863E-23 1.41948E-23 4.52828E-24 4.94826E-24 2.44572E-25 2.65683E-25 3.42177E-24 1.04803E-24 1.13081E-24 5.68513E-26 6.11961E-26
 1.25000E+05 5.65632E-22 4.68719E-22 4.77541E-23 1.36378E-23 1.40616E-23 1.02146E-23 3.06860E-24 3.26484E-24 1.48401E-25 1.59313E-25 2.46273E-24 7.11417E-25 7.47387E-25 3.46118E-26 3.68095E-26
 1.40000E+05 4.15077E-22 3.44640E-22 3.55760E-23 9.59706E-24 9.66551E-24 7.61576E-24 2.17409E-24 2.25888E-24 9.56205E-26 1.01598E-25 1.83649E-24 5.04764E-25 5.17817E-25 2.23525E-26 2.35368E-26
 1.50000E+05 3.43650E-22 2.85631E-22 2.97168E-23 7.75416E-24 7.69865E-24 6.36491E-24 1.76344E-24 1.80588E-24 7.32730E-26 7.74244E-26 1.53505E-24 4.09752E-25 4.14295E-25 1.71551E-26 1.79605E-26
 1.62019E+05 2.78055E-22 2.31355E-22 2.42786E-23 6.10920E-24 5.96852E-24 5.20346E-24 1.39513E-24 1.40559E-24 5.44141E-26 5.71476E-26 1.25512E-24 3.24452E-25 3.22734E-25 1.27597E-26 1.32764E-26
 1.75000E+05 2.25278E-22 1.87612E-22 1.98514E-23 4.82769E-24 4.64359E-24 4.25743E-24 1.10663E-24 1.09747E-24 4.06624E-26 4.24605E-26 1.02709E-24 2.57565E-25 2.52183E-25 9.54533E-27 9.87890E-27
 2.00000E+05 1.56354E-22 1.30390E-22 1.39878E-23 3.21442E-24 3.00958E-24 3.00341E-24 7.41327E-25 7.15369E-25 2.45744E-26 2.54566E-26 7.24758E-25 1.72762E-25 1.64586E-25 5.78278E-27 5.93574E-27
 2.20000E+05 1.20596E-22 1.00653E-22 1.08975E-23 2.41091E-24 2.21532E-24 2.34183E-24 5.58167E-25 5.28505E-25 1.72381E-26 1.77749E-26 5.65220E-25 1.30190E-25 1.21690E-25 4.06082E-27 4.15004E-27
 2.34521E+05 1.01374E-22 8.46534E-23 9.21911E-24 1.99025E-24 1.80638E-24 1.98225E-24 4.61904E-25 4.31927E-25 1.36130E-26 1.40035E-26 4.78495E-25 1.07794E-25 9.95027E-26 3.20938E-27 3.27246E-27
 2.50000E+05 8.53105E-23 7.12726E-23 7.80503E-24 1.64590E-24 1.47615E-24 1.67910E-24 3.82875E-25 3.53710E-25 1.07788E-26 1.10715E-26 4.05368E-25 8.93936E-26 8.15227E-26 2.54397E-27 2.58961E-27
 2.73861E+05 6.67113E-23 5.57694E-23 6.15351E-24 1.25588E-24 1.10762E-24 1.32479E-24 2.93068E-25 2.66169E-25 7.72921E-27 7.93026E-27 3.19886E-25 6.84708E-26 6.13849E-26 1.82672E-27 1.85697E-27
 2.86633E+05 5.90871E-23 4.94102E-23 5.47071E-24 1.09943E-24 9.62011E-25 1.17820E-24 2.56926E-25 2.31482E-25 6.56932E-27 6.74019E-27 2.84514E-25 6.00457E-26 5.33997E-26 1.55329E-27 1.57897E-27
 3.00000E+05 5.23976E-23 4.38286E-23 4.86842E-24 9.64104E-25 8.37305E-25 1.04884E-24 2.25597E-25 2.01717E-25 5.60046E-27 5.74851E-27 2.53294E-25 5.27397E-26 4.65450E-26 1.32462E-27 1.34711E-27
 3.24037E+05 4.27628E-23 3.57863E-23 3.99597E-24 7.72059E-25 6.62185E-25 8.61344E-25 1.81050E-25 1.59838E-25 4.27294E-27 4.39230E-27 2.08041E-25 4.23462E-26 3.68973E-26 1.01117E-27 1.02988E-27
 3.50000E+05 3.49737E-23 2.92815E-23 3.28529E-24 6.19869E-25 5.25384E-25 7.08504E-25 1.45655E-25 1.27040E-25 3.27032E-27 3.37026E-27 1.71145E-25 3.40824E-26 2.93379E-26 7.74343E-28 7.90774E-28
 3.74166E+05 2.94291E-23 2.46491E-23 2.77599E-24 5.13490E-25 4.31020E-25 5.98904E-25 1.20853E-25 1.04367E-25 2.60054E-27 2.68861E-27 1.44684E-25 2.82884E-26 2.41096E-26 6.16067E-28 6.31321E-28
 4.00000E+05 2.48235E-23 2.07999E-23 2.35034E-24 4.26616E-25 3.54914E-25 5.07251E-25 1.00554E-25 8.60463E-26 2.07707E-27 2.15657E-27 1.22552E-25 2.35441E-26 1.98829E-26 4.92309E-28 5.06762E-28
 4.24264E+05 2.13923E-23 1.79311E-23 2.03163E-24 3.62821E-25 2.99611E-25 4.38587E-25 8.56209E-26 7.27137E-26 1.70702E-27 1.78077E-27 1.05970E-25 2.00531E-26 1.68058E-26 4.04790E-28 4.18555E-28
 4.50000E+05 1.84684E-23 1.54858E-23 1.75879E-24 3.09186E-25 2.53566E-25 3.79781E-25 7.30475E-26 6.15984E-26 1.40677E-27 1.47569E-27 9.17667E-26 1.71128E-26 1.42398E-26 3.33756E-28 3.46866E-28
 4.74342E+05 1.62147E-23 1.36006E-23 1.54765E-24 2.68357E-25 2.18822E-25 3.34254E-25 6.34629E-26 5.32002E-26 1.18538E-27 1.25013E-27 8.07698E-26 1.48707E-26 1.23005E-26 2.81364E-28 2.93992E-28
 5.00000E+05 1.42589E-23 1.19640E-23 1.36374E-24 2.33342E-25 1.89267E-25 2.94584E-25 5.52330E-26 4.60477E-26 1.00138E-27 1.06215E-27 7.11867E-26 1.29448E-26 1.06485E-26 2.37770E-28 2.49967E-28
 5.24404E+05 1.27084E-23 1.06663E-23 1.21748E-24 2.05882E-25 1.66253E-25 2.63026E-25 4.87722E-26 4.04724E-26 8.61332E-28 9.18892E-28 6.35627E-26 1.14324E-26 9.36048E-27 2.04519E-28 2.16295E-28
 5.50000E+05 1.13419E-23 9.52227E-24 1.08820E-24 1.81930E-25 1.46310E-25 2.35123E-25 4.31304E-26 3.56369E-26 7.42422E-28 7.97103E-28 5.68214E-26 1.01114E-26 8.24310E-27 1.76281E-28 1.87609E-28
 5.74456E+05 1.02341E-23 8.59470E-24 9.83139E-25 1.62702E-25 1.30395E-25 2.12442E-25 3.85954E-26 3.17751E-26 6.49017E-28 7.01264E-28 5.13412E-26 9.04960E-27 7.35048E-27 1.54168E-28 1.65079E-28
 6.00000E+05 9.24429E-24 7.76564E-24 8.89045E-25 1.45679E-25 1.16378E-25 1.92124E-25 3.45758E-26 2.83715E-26 5.68099E-28 6.17977E-28 4.64317E-26 8.10837E-27 6.56364E-27 1.35037E-28 1.45528E-28
 6.48074E+05 7.73699E-24 6.50279E-24 7.45367E-25 1.20066E-25 9.54250E-26 1.61091E-25 2.85231E-26 2.32785E-26 4.50386E-28 4.95970E-28 3.89325E-26 6.69039E-27 5.38623E-27 1.07096E-28 1.16835E-28
 6.73537E+05 7.09034E-24 5.96083E-24 6.83556E-25 1.09218E-25 8.66091E-26 1.47736E-25 2.59572E-26 2.11335E-26 4.02284E-28 4.45738E-28 3.57053E-26 6.08900E-27 4.89032E-27 9.56349E-29 1.04999E-28
 7.00000E+05 6.50494E-24 5.47008E-24 6.27508E-25 9.94789E-26 7.87264E-26 1.35625E-25 2.36521E-26 1.92146E-26 3.59984E-28 4.01399E-28 3.27784E-26 5.54865E-27 4.44663E-27 8.55580E-29 9.45516E-29
 7.48331E+05 5.61085E-24 4.72034E-24 5.41759E-25 8.47495E-26 6.68548E-26 1.17093E-25 2.01627E-26 1.63241E-26 2.97258E-28 3.35480E-28 2.82996E-26 4.73074E-27 3.77804E-27 7.06799E-29 7.90493E-29
 8.00000E+05 4.85274E-24 4.08438E-24 4.68895E-25 7.24253E-26 5.69750E-26 1.01342E-25 1.72401E-26 1.39173E-26 2.46310E-28 2.81592E-28 2.44929E-26 4.04569E-27 3.22119E-27 5.86256E-29 6.63925E-29
 8.48528E+05 4.27838E-24 3.60237E-24 4.13594E-25 6.32041E-26 4.96163E-26 8.93873E-26 1.50521E-26 1.21232E-26 2.09495E-28 2.42185E-28 2.16033E-26 3.53267E-27 2.80612E-27 4.98640E-29 5.71146E-29
 9.00000E+05 3.78059E-24 3.18445E-24 3.65592E-25 5.53074E-26 4.33393E-26 7.90094E-26 1.31776E-26 1.05917E-26 1.78946E-28 2.09146E-28 1.90949E-26 3.09297E-27 2.45182E-27 4.25658E-29 4.93175E-29
 9.48683E+05 3.38993E-24 2.85636E-24 3.27878E-25 4.91772E-26 3.84810E-26 7.08549E-26 1.17217E-26 9.40609E-27 1.55718E-28 1.83924E-28 1.71239E-26 2.75134E-27 2.17744E-27 3.70408E-29 4.33645E-29
 1.00000E+06 3.04475E-24 2.56635E-24 2.94523E-25 4.38169E-26 3.42435E-26 6.36424E-26 1.04478E-26 8.37170E-27 1.35798E-28 1.62169E-28 1.53807E-26 2.45240E-27 1.93800E-27 3.23233E-29 3.82378E-29
 1.04881E+06 2.76650E-24 2.33250E-24 2.67614E-25 3.95380E-26 3.08676E-26 5.78239E-26 9.42997E-27 7.54730E-27 1.20238E-28 1.44986E-28 1.39743E-26 2.21363E-27 1.74718E-27 2.86376E-29 3.41985E-29
 1.10000E+06 2.51696E-24 2.12271E-24 2.43467E-25 3.57362E-26 2.78730E-26 5.26026E-26 8.52504E-27 6.81571E-27 1.06720E-28 1.29891E-28 1.27123E-26 2.00137E-27 1.57785E-27 2.54272E-29 3.06516E-29
 1.17260E+06 2.22122E-24 1.87398E-24 2.14833E-25 3.12774E-26 2.43659E-26 4.64115E-26 7.46328E-27 5.95851E-27 9.12725E-29 1.12466E-28 1.12158E-26 1.75229E-27 1.37947E-27 2.17412E-29 2.65425E-29
 1.25000E+06 1.96513E-24 1.65850E-24 1.90025E-25 2.74638E-26 2.13705E-26 4.10476E-26 6.55484E-27 5.22613E-27 7.84227E-29 9.78195E-29 9.91925E-27 1.53910E-27 1.20997E-27 1.86691E-29 2.30779E-29
 1.32288E+06 1.76576E-24 1.49067E-24 1.70705E-25 2.45267E-26 1.90657E-26 3.68703E-26 5.85501E-27 4.66261E-27 6.87046E-29 8.66567E-29 8.90958E-27 1.37479E-27 1.07951E-27 1.63581E-29 2.04420E-29
 1.40000E+06 1.58938E-24 1.34214E-24 1.53608E-25 2.19543E-26 1.70484E-26 3.31740E-26 5.24187E-27 4.16943E-27 6.03385E-29 7.69582E-29 8.01622E-27 1.23082E-27 9.65310E-28 1.43751E-29 1.81563E-29
 1.50000E+06 1.40119E-24 1.18360E-24 1.35365E-25 1.92385E-26 1.49199E-26 2.92299E-26 4.59411E-27 3.64901E-27 5.17108E-29 6.68098E-29 7.06296E-27 1.07876E-27 8.44800E-28 1.23214E-29 1.57647E-29
 1.62019E+06 1.22014E-24 1.03100E-24 1.17813E-25 1.66559E-26 1.28974E-26 2.54355E-26 3.97774E-27 3.15432E-27 4.37640E-29 5.72979E-29 6.14585E-27 9.34103E-28 7.30270E-28 1.04247E-29 1.35217E-29
 1.75000E+06 1.06608E-24 9.01083E-25 1.02880E-25 1.44845E-26 1.11967E-26 2.22084E-26 3.45951E-27 2.73834E-27 3.72625E-29 4.94086E-29 5.36591E-27 8.12480E-28 6.33983E-28 8.87265E-30 1.16596E-29
 1.87083E+06 9.50238E-25 8.03358E-25 9.16545E-26 1.28661E-26 9.92805E-27 1.97840E-26 3.07362E-27 2.42817E-27 3.24630E-29 4.35633E-29 4.78007E-27 7.21870E-28 5.62183E-28 7.72888E-30 1.02783E-29
 2.00000E+06 8.48692E-25 7.17655E-25 8.18142E-26 1.14632E-26 8.83245E-27 1.76562E-26 2.73855E-27 2.15998E-27 2.84850E-29 3.85882E-29 4.26577E-27 6.43136E-28 5.00076E-28 6.78192E-30 9.10211E-30
 2.20000E+06 7.24615E-25 6.12871E-25 6.97871E-26 9.77748E-27 7.53254E-27 1.50447E-26 2.33342E-27 1.84039E-27 2.42693E-29 3.28771E-29 3.63392E-27 5.47868E-28 4.25996E-28 5.77716E-30 7.75360E-30
 2.34521E+06 6.53057E-25 5.52423E-25 6.28572E-26 8.80768E-27 6.78569E-27 1.35409E-26 2.10045E-27 1.65686E-27 2.18767E-29 2.96091E-29 3.27014E-27 4.93090E-28 3.83460E-28 5.20692E-30 6.98221E-30
 2.50000E+06 5.89582E-25 4.98798E-25 5.67155E-26 7.94553E-27 6.12015E-27 1.22107E-26 1.89381E-27 1.49361E-27 1.96952E-29 2.66804E-29 2.94849E-27 4.44524E-28 3.45638E-28 4.68728E-30 6.29084E-30
 2.73861E+06 5.10727E-25 4.32172E-25 4.90875E-26 6.87583E-27 5.29511E-27 1.05597E-26 1.63756E-27 1.29134E-27 1.70126E-29 2.30603E-29 2.54933E-27 3.84304E-28 2.98782E-28 4.04828E-30 5.43643E-30
 3.00000E+06 4.44083E-25 3.75856E-25 4.26407E-26 5.97320E-27 4.59992E-27 9.16524E-27 1.42142E-27 1.12099E-27 1.47807E-29 2.00228E-29 2.21226E-27 3.33522E-28 2.59326E-28 3.51668E-30 4.71977E-30
 3.24037E+06 3.95344E-25 3.34671E-25 3.79254E-26 5.31270E-27 4.09105E-27 8.14651E-27 1.26345E-27 9.96430E-28 1.31419E-29 1.77989E-29 1.96607E-27 2.96414E-28 2.30480E-28 3.12642E-30 4.19514E-30
 3.50000E+06 3.52681E-25 2.98621E-25 3.37970E-26 4.73404E-27 3.64506E-27 7.25552E-27 1.12521E-27 8.87360E-28 1.16996E-29 1.58487E-29 1.75080E-27 2.63949E-28 2.05229E-28 2.78302E-30 3.73511E-30
 3.74166E+06 3.19940E-25 2.70956E-25 3.06276E-26 4.28994E-27 3.30287E-27 6.57199E-27 1.01919E-27 8.03725E-28 1.05956E-29 1.43542E-29 1.58569E-27 2.39052E-28 1.85868E-28 2.52021E-30 3.38261E-30
 4.00000E+06 2.90691E-25 2.46242E-25 2.77954E-26 3.89318E-27 2.99725E-27 5.96152E-27 9.24514E-28 7.29067E-28 9.61214E-30 1.30209E-29 1.43824E-27 2.16825E-28 1.68587E-28 2.28611E-30 3.06820E-30
 4.24264E+06 2.67403E-25 2.26564E-25 2.55396E-26 3.57717E-27 2.75384E-27 5.47563E-27 8.49157E-28 6.69636E-28 8.82873E-30 1.19594E-29 1.32090E-27 1.99135E-28 1.54833E-28 2.09965E-30 2.81789E-30
 4.50000E+06 2.46246E-25 2.08688E-25 2.34900E-26 3.29002E-27 2.53265E-27 5.03439E-27 7.80720E-28 6.15659E-28 8.11670E-30 1.09951E-29 1.21436E-27 1.83072E-28 1.42343E-28 1.93019E-30 2.59052E-30
 5.00000E+06 2.13004E-25 1.80601E-25 2.02695E-26 2.83886E-27 2.18517E-27 4.34155E-27 6.73267E-28 5.30915E-28 6.99926E-30 9.48136E-30 1.04709E-27 1.57854E-28 1.22735E-28 1.66429E-30 2.23365E-30
 5.50000E+06 1.87308E-25 1.58887E-25 1.77803E-26 2.49016E-27 1.91664E-27 3.80650E-27 5.90285E-28 4.65472E-28 6.13638E-30 8.31244E-30 9.17938E-28 1.38383E-28 1.07595E-28 1.45899E-30 1.95811E-30
 6.00000E+06 1.66918E-25 1.41657E-25 1.58052E-26 2.21350E-27 1.70360E-27 3.38225E-27 5.24491E-28 4.13584E-28 5.45224E-30 7.38568E-30 8.15552E-28 1.22948E-28 9.55937E-29 1.29624E-30 1.73968E-30
 6.48074E+06 1.50954E-25 1.28168E-25 1.42582E-26 1.99680E-27 1.53675E-27 3.05014E-27 4.72986E-28 3.72967E-28 4.91671E-30 6.66023E-30 7.35411E-28 1.10866E-28 8.61996E-29 1.16885E-30 1.56871E-30
 7.00000E+06 1.36716E-25 1.16130E-25 1.28825E-26 1.80411E-27 1.38840E-27 2.75497E-27 4.27210E-28 3.36868E-28 4.44077E-30 6.01550E-30 6.64194E-28 1.00129E-28 7.78516E-29 1.05564E-30 1.41678E-30
 8.00000E+06 1.15297E-25 9.79855E-26 1.08348E-26 1.51730E-27 1.16760E-27 2.31589E-27 3.59118E-28 2.83172E-28 3.73283E-30 5.05651E-30 5.58271E-28 8.41605E-29 6.54356E-29 8.87280E-31 1.19082E-30
 9.00000E+06 9.94689E-26 8.45670E-26 9.32747E-27 1.30619E-27 1.00509E-27 1.99291E-27 3.09032E-28 2.43675E-28 3.21213E-30 4.35115E-30 4.80370E-28 7.24164E-29 5.63043E-29 7.63458E-31 1.02464E-30
 1.00000E+07 8.73328E-26 7.42725E-26 8.17537E-27 1.14483E-27 8.80891E-28 1.74620E-27 2.70773E-28 2.13505E-28 2.81439E-30 3.81236E-30 4.20869E-28 6.34464E-29 4.93300E-29 6.68886E-31 8.97712E-31
 1.10000E+07 7.77536E-26 6.61431E-26 7.26834E-27 1.01780E-27 7.83121E-28 1.55205E-27 2.40666E-28 1.89765E-28 2.50142E-30 3.38841E-30 3.74054E-28 5.63888E-29 4.38426E-29 5.94477E-31 7.97847E-31
 1.25000E+07 6.66779E-26 5.67391E-26 6.22233E-27 8.71312E-28 6.70379E-28 1.32827E-27 2.05964E-28 1.62400E-28 2.14068E-30 2.89975E-30 3.20096E-28 4.82545E-29 3.75181E-29 5.08718E-31 6.82749E-31
 1.40000E+07 5.82991E-26 4.96215E-26 5.43305E-27 7.60779E-28 5.85316E-28 1.15949E-27 1.79792E-28 1.41763E-28 1.86862E-30 2.53122E-30 2.79406E-28 4.21203E-29 3.27487E-29 4.44047E-31 5.95954E-31
 1.50000E+07 5.37682E-26 4.57714E-26 5.00701E-27 7.01115E-28 5.39403E-28 1.06841E-27 1.65669E-28 1.30627E-28 1.72182E-30 2.33237E-30 2.57451E-28 3.88106E-29 3.01753E-29 4.09152E-31 5.49122E-31
 1.75000E+07 4.49742E-26 3.82960E-26 4.18172E-27 5.85543E-28 4.50471E-28 8.92056E-28 1.38322E-28 1.09063E-28 1.43757E-30 1.94732E-30 2.14940E-28 3.24020E-29 2.51926E-29 3.41589E-31 4.58446E-31
 2.00000E+07 3.86153E-26 3.28882E-26 3.58633E-27 5.02168E-28 3.86317E-28 7.64881E-28 1.18601E-28 9.35136E-29 1.23260E-30 1.66966E-30 1.84288E-28 2.77812E-29 2.15999E-29 2.92874E-31 3.93066E-31
 2.20000E+07 3.46753E-26 2.95366E-26 3.21803E-27 4.50595E-28 3.46636E-28 6.86238E-28 1.06407E-28 8.38982E-29 1.10585E-30 1.49797E-30 1.65335E-28 2.49240E-29 1.93784E-29 2.62752E-31 3.52638E-31
 2.50000E+07 3.00578E-26 2.56075E-26 2.78702E-27 3.90240E-28 3.00199E-28 5.94226E-28 9.21392E-29 7.26484E-29 9.57564E-31 1.29710E-30 1.43161E-28 2.15813E-29 1.67794E-29 2.27512E-31 3.05343E-31
 2.73861E+07 2.71672E-26 2.31473E-26 2.51756E-27 3.52508E-28 2.71169E-28 5.36716E-28 8.32215E-29 6.56169E-29 8.64880E-31 1.17155E-30 1.29302E-28 1.94921E-29 1.51550E-29 2.05487E-31 2.75783E-31
 3.00000E+07 2.45792E-26 2.09442E-26 2.27654E-27 3.18759E-28 2.45205E-28 4.85287E-28 7.52469E-29 5.93291E-29 7.81998E-31 1.05928E-30 1.16910E-28 1.76239E-29 1.37025E-29 1.85792E-31 2.49351E-31
 3.50000E+07 2.07783E-26 1.77079E-26 1.92298E-27 2.69252E-28 2.07117E-28 4.09859E-28 6.35511E-29 5.01072E-29 6.60444E-31 8.94624E-31 9.87352E-29 1.48841E-29 1.15723E-29 1.56908E-31 2.10586E-31
 4.00000E+07 1.79897E-26 1.53330E-26 1.66391E-27 2.32976E-28 1.79210E-28 3.54603E-28 5.49831E-29 4.33516E-29 5.71398E-31 7.74003E-31 8.54217E-29 1.28771E-29 1.00119E-29 1.35750E-31 1.82190E-31
 4.50000E+07 1.58578E-26 1.35171E-26 1.46605E-27 2.05271E-28 1.57897E-28 3.12409E-28 4.84406E-29 3.81930E-29 5.03403E-31 6.81899E-31 7.52559E-29 1.13446E-29 8.82038E-30 1.19595E-31 1.60507E-31
 5.00000E+07 1.41758E-26 1.20842E-26 1.31007E-27 1.83430E-28 1.41095E-28 2.79149E-28 4.32835E-29 3.41269E-29 4.49807E-31 6.09299E-31 6.72430E-29 1.01367E-29 7.88122E-30 1.06860E-31 1.43417E-31
 5.50000E+07 1.28153E-26 1.09250E-26 1.18397E-27 1.65774E-28 1.27513E-28 2.52266E-28 3.91151E-29 3.08402E-29 4.06487E-31 5.50619E-31 6.07665E-29 9.16037E-30 7.12213E-30 9.65679E-32 1.29603E-31
 6.00000E+07 1.16923E-26 9.96816E-27 1.07995E-27 1.51209E-28 1.16309E-28 2.30091E-28 3.56767E-29 2.81292E-29 3.70754E-31 5.02214E-31 5.54242E-29 8.35503E-30 6.49599E-30 8.80781E-32 1.18209E-31
 7.00000E+07 9.94755E-27 8.48130E-27 9.18425E-28 1.28593E-28 9.89119E-29 1.95663E-28 3.03384E-29 2.39202E-29 3.15276E-31 4.27066E-31 4.71303E-29 7.10475E-30 5.52390E-30 7.48976E-32 1.00520E-31
 8.00000E+07 8.65505E-27 7.37972E-27 7.98851E-28 1.11850E-28 8.60332E-29 1.70179E-28 2.63870E-29 2.08047E-29 2.74212E-31 3.71441E-31 4.09914E-29 6.17932E-30 4.80438E-30 6.51417E-32 8.74263E-32
 9.00000E+07 7.65934E-27 6.53101E-27 7.06782E-28 9.89591E-29 7.61171E-29 1.50559E-28 2.33448E-29 1.84060E-29 2.42597E-31 3.28616E-31 3.62651E-29 5.46684E-30 4.25043E-30 5.76308E-32 7.73459E-32
 1.00000E+08 6.86884E-27 5.85715E-27 6.33716E-28 8.87288E-29 6.82478E-29 1.34990E-28 2.09307E-29 1.65026E-29 2.17509E-31 2.94633E-31 3.25147E-29 4.90148E-30 3.81086E-30 5.16707E-32 6.93470E-32
 1.10000E+08 6.22607E-27 5.30921E-27 5.74327E-28 8.04133E-29 6.18515E-29 1.22335E-28 1.89686E-29 1.49556E-29 1.97119E-31 2.67012E-31 2.94664E-29 4.44197E-30 3.45360E-30 4.68266E-32 6.28457E-32
 1.25000E+08 5.45955E-27 4.65572E-27 5.03525E-28 7.05000E-29 5.42262E-29 1.07250E-28 1.66296E-29 1.31114E-29 1.72812E-31 2.34086E-31 2.58328E-29 3.89420E-30 3.02771E-30 4.10521E-32 5.50958E-32
 1.40000E+08 4.86096E-27 4.14538E-27 4.48252E-28 6.27610E-29 4.82735E-29 9.54749E-29 1.48037E-29 1.16718E-29 1.53837E-31 2.08384E-31 2.29963E-29 3.46661E-30 2.69527E-30 3.65445E-32 4.90461E-32
 1.50000E+08 4.52981E-27 3.86303E-27 4.17682E-28 5.84807E-29 4.49811E-29 8.89621E-29 1.37939E-29 1.08756E-29 1.43343E-31 1.94169E-31 2.14276E-29 3.23013E-30 2.51140E-30 3.40515E-32 4.57003E-32
 1.75000E+08 3.87053E-27 3.30089E-27 3.56833E-28 4.99610E-29 3.84280E-29 7.59996E-29 1.17840E-29 9.29096E-30 1.22457E-31 1.65877E-31 1.83053E-29 2.75945E-30 2.14545E-30 2.90897E-32 3.90411E-32
 2.00000E+08 3.37871E-27 2.88152E-27 3.11453E-28 4.36072E-29 3.35408E-29 6.63329E-29 1.02851E-29 8.10920E-30 1.06881E-31 1.44778E-31 1.59768E-29 2.40845E-30 1.87255E-30 2.53895E-32 3.40751E-32
 2.20000E+08 3.06692E-27 2.61565E-27 2.82690E-28 3.95799E-29 3.04431E-29 6.02060E-29 9.33514E-30 7.36018E-30 9.70084E-32 1.31405E-31 1.45011E-29 2.18599E-30 1.69959E-30 2.30443E-32 3.09276E-32
 2.50000E+08 2.69399E-27 2.29763E-27 2.48292E-28 3.47638E-29 2.67387E-29 5.28792E-29 8.19908E-30 6.46447E-30 8.52027E-32 1.15413E-31 1.27363E-29 1.91995E-30 1.49275E-30 2.02398E-32 2.71637E-32
 3.00000E+08 2.23999E-27 1.91046E-27 2.06425E-28 2.89019E-29 2.22300E-29 4.39618E-29 6.81641E-30 5.37431E-30 7.08342E-32 9.59502E-32 1.05884E-29 1.59617E-30 1.24101E-30 1.68265E-32 2.25828E-32
 3.50000E+08 1.91692E-27 1.63494E-27 1.76638E-28 2.47314E-29 1.90222E-29 3.76177E-29 5.83273E-30 4.59874E-30 6.06120E-32 8.21035E-32 9.06039E-30 1.36582E-30 1.06191E-30 1.43982E-32 1.93238E-32
 4.00000E+08 1.67529E-27 1.42887E-27 1.54363E-28 2.16126E-29 1.66233E-29 3.28735E-29 5.09713E-30 4.01877E-30 5.29679E-32 7.17489E-32 7.91771E-30 1.19357E-30 9.27988E-31 1.25823E-32 1.68867E-32
 4.50000E+08 1.48775E-27 1.26893E-27 1.37077E-28 1.91923E-29 1.47617E-29 2.91918E-29 4.52628E-30 3.56868E-30 4.70357E-32 6.37133E-32 7.03096E-30 1.05989E-30 8.24056E-31 1.11732E-32 1.49954E-32
 5.00000E+08 1.33797E-27 1.14119E-27 1.23272E-28 1.72594E-29 1.32750E-29 2.62517E-29 4.07040E-30 3.20926E-30 4.22984E-32 5.72963E-32 6.32281E-30 9.53140E-31 7.41059E-31 1.00478E-32 1.34851E-32
 5.50000E+08 1.21559E-27 1.03681E-27 1.11993E-28 1.56802E-29 1.20604E-29 2.38496E-29 3.69795E-30 2.91560E-30 3.84280E-32 5.20535E-32 5.74425E-30 8.65925E-31 6.73249E-31 9.12840E-33 1.22512E-32
 6.00000E+08 1.11372E-27 9.49926E-28 1.02605E-28 1.43658E-29 1.10494E-29 2.18503E-29 3.38794E-30 2.67118E-30 3.52064E-32 4.76897E-32 5.26269E-30 7.93331E-31 6.16808E-31 8.36314E-33 1.12241E-32
 7.00000E+08 9.53843E-28 8.13571E-28 8.78721E-29 1.23031E-29 9.46286E-30 1.87128E-29 2.90146E-30 2.28762E-30 3.01511E-32 4.08419E-32 4.50701E-30 6.79414E-31 5.28239E-31 7.16225E-33 9.61241E-33
 8.00000E+08 8.34106E-28 7.11446E-28 7.68391E-29 1.07583E-29 8.27472E-30 1.63631E-29 2.53715E-30 2.00038E-30 2.63652E-32 3.57136E-32 3.94109E-30 5.94104E-31 4.61911E-31 6.26293E-33 8.40544E-33
 9.00000E+08 7.41077E-28 6.32101E-28 6.82675E-29 9.55821E-30 7.35165E-30 1.45377E-29 2.25411E-30 1.77722E-30 2.34240E-32 3.17295E-32 3.50143E-30 5.27828E-31 4.10382E-31 5.56425E-33 7.46775E-33
 9.48683E+08 7.03505E-28 6.00055E-28 6.48058E-29 9.07353E-30 6.97886E-30 1.38005E-29 2.13981E-30 1.68710E-30 2.22362E-32 3.01205E-32 3.32387E-30 5.01061E-31 3.89571E-31 5.28208E-33 7.08905E-33
 1.00000E+09 6.66717E-28 5.68677E-28 6.14163E-29 8.59897E-30 6.61385E-30 1.30787E-29 2.02789E-30 1.59886E-30 2.10731E-32 2.85451E-32 3.15002E-30 4.74854E-31 3.69195E-31 5.00581E-33 6.71827E-33
