 *** Photoelectric cross sections,  IZ =  7,  NSHELL =  1,  NDATA =  209
              0           1
 5.00000E+01 4.30605E-18 0.00000E+00
 5.24404E+01 3.95451E-18 0.00000E+00
 5.50000E+01 3.62163E-18 0.00000E+00
 5.74456E+01 3.33483E-18 0.00000E+00
 6.00000E+01 3.06480E-18 0.00000E+00
 6.23574E+01 2.83974E-18 0.00000E+00
 6.48074E+01 2.62792E-18 0.00000E+00
 6.73537E+01 2.42913E-18 0.00000E+00
 7.00000E+01 2.24309E-18 0.00000E+00
 7.48331E+01 1.94977E-18 0.00000E+00
 8.00000E+01 1.69108E-18 0.00000E+00
 8.48528E+01 1.48935E-18 0.00000E+00
 9.00000E+01 1.31015E-18 0.00000E+00
 1.00000E+02 1.03902E-18 0.00000E+00
 1.10000E+02 8.40343E-19 0.00000E+00
 1.25000E+02 6.30326E-19 0.00000E+00
 1.40000E+02 4.87023E-19 0.00000E+00
 1.50000E+02 4.15732E-19 0.00000E+00
 1.62019E+02 3.47945E-19 0.00000E+00
 1.75000E+02 2.90877E-19 0.00000E+00
 2.00000E+02 2.12654E-19 0.00000E+00
 2.20000E+02 1.69689E-19 0.00000E+00
 2.50000E+02 1.25021E-19 0.00000E+00
 3.00000E+02 8.04965E-20 0.00000E+00
 3.50000E+02 5.53441E-20 0.00000E+00
 4.00000E+02 3.99029E-20 0.00000E+00
 4.03000E+02 3.91755E-20 0.00000E+00
 4.03000E+02 6.98325E-19 6.59150E-19
 4.03347E+02 6.97038E-19 6.57946E-19
 4.03695E+02 6.95750E-19 6.56740E-19
 4.04392E+02 6.93167E-19 6.54323E-19
 4.05788E+02 6.87963E-19 6.49448E-19
 4.08595E+02 6.77291E-19 6.39426E-19
 4.14269E+02 6.56081E-19 6.19484E-19
 4.17135E+02 6.47184E-19 6.11206E-19
 4.20020E+02 6.39161E-19 6.03792E-19
 4.25852E+02 6.24927E-19 5.90746E-19
 4.37760E+02 5.98681E-19 5.66760E-19
 4.43838E+02 5.84967E-19 5.54123E-19
 4.50000E+02 5.70428E-19 5.40626E-19
 4.55966E+02 5.55765E-19 5.26927E-19
 4.62011E+02 5.40480E-19 5.12578E-19
 4.68135E+02 5.24773E-19 4.97780E-19
 4.74342E+02 5.08870E-19 4.82756E-19
 4.87002E+02 4.77275E-19 4.52840E-19
 5.00000E+02 4.46995E-19 4.24135E-19
 5.24404E+02 3.97416E-19 3.77167E-19
 5.50000E+02 3.54544E-19 3.36618E-19
 5.74456E+02 3.19867E-19 3.03838E-19
 6.00000E+02 2.88217E-19 2.73893E-19
 6.23574E+02 2.62221E-19 2.49262E-19
 6.48074E+02 2.38065E-19 2.26344E-19
 7.00000E+02 1.95515E-19 1.85924E-19
 8.00000E+02 1.38625E-19 1.31876E-19
 8.48528E+02 1.18808E-19 1.13034E-19
 9.00000E+02 1.01642E-19 9.67028E-20
 1.00000E+03 7.66149E-20 7.28837E-20
 1.10000E+03 5.92144E-20 5.63248E-20
 1.17260E+03 4.97068E-20 4.72770E-20
 1.25000E+03 4.16737E-20 3.96325E-20
 1.40000E+03 3.04122E-20 2.89186E-20
 1.50000E+03 2.50663E-20 2.38332E-20
 1.75000E+03 1.61909E-20 1.53902E-20
 2.00000E+03 1.10377E-20 1.04886E-20
 2.20000E+03 8.37251E-21 7.95448E-21
 2.50000E+03 5.76254E-21 5.47385E-21
 3.00000E+03 3.36066E-21 3.19139E-21
 3.50000E+03 2.11932E-21 2.01212E-21
 4.00000E+03 1.41630E-21 1.34447E-21
 4.50000E+03 9.90010E-22 9.39666E-22
 5.00000E+03 7.17347E-22 6.80790E-22
 5.50000E+03 5.35059E-22 5.07743E-22
 6.00000E+03 4.08914E-22 3.88002E-22
 7.00000E+03 2.53221E-22 2.40229E-22
 8.00000E+03 1.66679E-22 1.58106E-22
 9.00000E+03 1.15009E-22 1.09079E-22
 1.00000E+04 8.23780E-23 7.81229E-23
 1.10000E+04 6.08340E-23 5.76867E-23
 1.25000E+04 4.04312E-23 3.83352E-23
 1.40000E+04 2.80980E-23 2.66391E-23
 1.50000E+04 2.24978E-23 2.13287E-23
 1.62019E+04 1.75205E-23 1.66091E-23
 1.75000E+04 1.36650E-23 1.29536E-23
 2.00000E+04 8.85456E-24 8.39290E-24
 2.20000E+04 6.48956E-24 6.15089E-24
 2.50000E+04 4.27217E-24 4.04896E-24
 2.73861E+04 3.16242E-24 2.99706E-24
 3.00000E+04 2.34805E-24 2.22519E-24
 3.50000E+04 1.41297E-24 1.33896E-24
 4.00000E+04 9.09008E-25 8.61357E-25
 4.50000E+04 6.15568E-25 5.83278E-25
 5.00000E+04 4.34142E-25 4.11357E-25
 5.50000E+04 3.16461E-25 2.99845E-25
 6.00000E+04 2.37079E-25 2.24626E-25
 6.48074E+04 1.83337E-25 1.73704E-25
 7.00000E+04 1.42099E-25 1.34631E-25
 8.00000E+04 9.12142E-26 8.64181E-26
 9.00000E+04 6.17141E-26 5.84680E-26
 1.00000E+05 4.35325E-26 4.12420E-26
 1.10000E+05 3.17653E-26 3.00936E-26
 1.17260E+05 2.57125E-26 2.43591E-26
 1.25000E+05 2.08409E-26 1.97437E-26
 1.40000E+05 1.43652E-26 1.36088E-26
 1.50000E+05 1.14635E-26 1.08598E-26
 1.62019E+05 8.90710E-27 8.43797E-27
 1.75000E+05 6.94541E-27 6.57956E-27
 1.87083E+05 5.59915E-27 5.30418E-27
 2.00000E+05 4.51915E-27 4.28105E-27
 2.20000E+05 3.33554E-27 3.15978E-27
 2.34521E+05 2.72465E-27 2.58107E-27
 2.50000E+05 2.23038E-27 2.11284E-27
 2.73861E+05 1.67768E-27 1.58926E-27
 2.86633E+05 1.45887E-27 1.38198E-27
 3.00000E+05 1.27123E-27 1.20423E-27
 3.24037E+05 1.00741E-27 9.54305E-28
 3.36768E+05 8.97784E-28 8.50458E-28
 3.50000E+05 8.00988E-28 7.58763E-28
 3.74166E+05 6.58428E-28 6.23717E-28
 4.00000E+05 5.43343E-28 5.14698E-28
 4.24264E+05 4.59665E-28 4.35431E-28
 4.50000E+05 3.89964E-28 3.69404E-28
 4.74342E+05 3.37350E-28 3.19563E-28
 5.00000E+05 2.92579E-28 2.77153E-28
 5.24404E+05 2.57707E-28 2.44119E-28
 5.50000E+05 2.27479E-28 2.15486E-28
 5.74456E+05 2.03349E-28 1.92627E-28
 6.00000E+05 1.82091E-28 1.72490E-28
 6.23574E+05 1.65310E-28 1.56594E-28
 6.48074E+05 1.50300E-28 1.42376E-28
 6.73537E+05 1.36918E-28 1.29699E-28
 7.00000E+05 1.24946E-28 1.18358E-28
 7.48331E+05 1.06903E-28 1.01266E-28
 7.73735E+05 9.90420E-29 9.38200E-29
 8.00000E+05 9.18664E-29 8.70227E-29
 8.48528E+05 8.06472E-29 7.63951E-29
 9.00000E+05 7.10565E-29 6.73100E-29
 9.48683E+05 6.36149E-29 6.02609E-29
 1.00000E+06 5.71053E-29 5.40945E-29
 1.04881E+06 5.19024E-29 4.91660E-29
 1.10000E+06 4.72711E-29 4.47788E-29
 1.17260E+06 4.18231E-29 3.96180E-29
 1.25000E+06 3.71420E-29 3.51838E-29
 1.32288E+06 3.35175E-29 3.17504E-29
 1.40000E+06 3.03240E-29 2.87252E-29
 1.50000E+06 2.69270E-29 2.55074E-29
 1.55893E+06 2.52301E-29 2.39000E-29
 1.62019E+06 2.36649E-29 2.24172E-29
 1.68384E+06 2.22228E-29 2.10511E-29
 1.75000E+06 2.08901E-29 1.97888E-29
 1.87083E+06 1.87996E-29 1.78084E-29
 2.00000E+06 1.69613E-29 1.60670E-29
 2.09762E+06 1.57829E-29 1.49507E-29
 2.20000E+06 1.47034E-29 1.39282E-29
 2.34521E+06 1.33921E-29 1.26861E-29
 2.50000E+06 1.22209E-29 1.15767E-29
 2.73861E+06 1.07526E-29 1.01858E-29
 3.00000E+06 9.49577E-30 8.99521E-30
 3.24037E+06 8.56506E-30 8.11358E-30
 3.50000E+06 7.74015E-30 7.33216E-30
 3.74166E+06 7.09943E-30 6.72522E-30
 4.00000E+06 6.52025E-30 6.17658E-30
 4.50000E+06 5.62578E-30 5.32927E-30
 5.00000E+06 4.94310E-30 4.68257E-30
 5.50000E+06 4.40564E-30 4.17344E-30
 6.00000E+06 3.97192E-30 3.76259E-30
 6.48074E+06 3.62704E-30 3.43588E-30
 7.00000E+06 3.31581E-30 3.14107E-30
 8.00000E+06 2.84372E-30 2.69386E-30
 9.00000E+06 2.48818E-30 2.35705E-30
 1.00000E+07 2.21098E-30 2.09447E-30
 1.10000E+07 1.98893E-30 1.88412E-30
 1.25000E+07 1.72807E-30 1.63700E-30
 1.40000E+07 1.52737E-30 1.44688E-30
 1.50000E+07 1.41748E-30 1.34279E-30
 1.75000E+07 1.20117E-30 1.13787E-30
 2.00000E+07 1.04195E-30 9.87040E-31
 2.20000E+07 9.41968E-31 8.92332E-31
 2.50000E+07 8.23376E-31 7.79989E-31
 3.00000E+07 6.80478E-31 6.44621E-31
 3.50000E+07 5.79788E-31 5.49237E-31
 4.00000E+07 5.05027E-31 4.78416E-31
 4.50000E+07 4.47329E-31 4.23758E-31
 5.00000E+07 4.01453E-31 3.80300E-31
 5.50000E+07 3.64107E-31 3.44921E-31
 6.00000E+07 3.33114E-31 3.15561E-31
 7.00000E+07 2.84648E-31 2.69649E-31
 8.00000E+07 2.48490E-31 2.35397E-31
 9.00000E+07 2.20480E-31 2.08863E-31
 1.00000E+08 1.98144E-31 1.87704E-31
 1.10000E+08 1.79917E-31 1.70437E-31
 1.25000E+08 1.58100E-31 1.49769E-31
 1.40000E+08 1.41001E-31 1.33572E-31
 1.50000E+08 1.31519E-31 1.24589E-31
 1.75000E+08 1.12588E-31 1.06656E-31
 2.00000E+08 9.84217E-32 9.32358E-32
 2.20000E+08 8.94204E-32 8.47087E-32
 2.50000E+08 7.86329E-32 7.44897E-32
 3.00000E+08 6.54694E-32 6.20197E-32
 3.50000E+08 5.60810E-32 5.31260E-32
 4.00000E+08 4.90475E-32 4.64631E-32
 4.50000E+08 4.35816E-32 4.12852E-32
 5.00000E+08 3.92118E-32 3.71457E-32
 5.50000E+08 3.56384E-32 3.37606E-32
 6.00000E+08 3.26619E-32 3.09409E-32
 7.00000E+08 2.79870E-32 2.65123E-32
 8.00000E+08 2.44828E-32 2.31928E-32
 9.00000E+08 2.17584E-32 2.06119E-32
 9.48683E+08 2.06576E-32 1.95692E-32
 1.00000E+09 1.95796E-32 1.85480E-32
