 *** Photoelectric cross sections,  IZ = 22,  NSHELL =  5,  NDATA =  290
              0           1           2           3           4           5
 5.00000E+01 4.16909E-18 0.00000E+00 0.00000E+00 0.00000E+00 0.00000E+00 0.00000E+00
 5.12057E+01 4.02601E-18 0.00000E+00 0.00000E+00 0.00000E+00 0.00000E+00 0.00000E+00
 5.24404E+01 3.89706E-18 0.00000E+00 0.00000E+00 0.00000E+00 0.00000E+00 0.00000E+00
 5.37050E+01 3.78055E-18 0.00000E+00 0.00000E+00 0.00000E+00 0.00000E+00 0.00000E+00
 5.50000E+01 3.67481E-18 0.00000E+00 0.00000E+00 0.00000E+00 0.00000E+00 0.00000E+00
 5.62095E+01 3.58638E-18 0.00000E+00 0.00000E+00 0.00000E+00 0.00000E+00 0.00000E+00
 5.74456E+01 3.50454E-18 0.00000E+00 0.00000E+00 0.00000E+00 0.00000E+00 0.00000E+00
 6.00000E+01 3.35690E-18 0.00000E+00 0.00000E+00 0.00000E+00 0.00000E+00 0.00000E+00
 6.19677E+01 3.25816E-18 0.00000E+00 0.00000E+00 0.00000E+00 0.00000E+00 0.00000E+00
 6.40000E+01 3.16637E-18 0.00000E+00 0.00000E+00 0.00000E+00 0.00000E+00 0.00000E+00
 6.40000E+01 3.59129E-18 0.00000E+00 0.00000E+00 0.00000E+00 0.00000E+00 4.24916E-19
 6.40448E+01 3.58920E-18 0.00000E+00 0.00000E+00 0.00000E+00 0.00000E+00 4.24753E-19
 6.40897E+01 3.58711E-18 0.00000E+00 0.00000E+00 0.00000E+00 0.00000E+00 4.24589E-19
 6.41795E+01 3.58295E-18 0.00000E+00 0.00000E+00 0.00000E+00 0.00000E+00 4.24263E-19
 6.43595E+01 3.57464E-18 0.00000E+00 0.00000E+00 0.00000E+00 0.00000E+00 4.23610E-19
 6.47209E+01 3.55816E-18 0.00000E+00 0.00000E+00 0.00000E+00 0.00000E+00 4.22316E-19
 6.54500E+01 3.52577E-18 0.00000E+00 0.00000E+00 0.00000E+00 0.00000E+00 4.19845E-19
 6.69328E+01 3.46335E-18 0.00000E+00 0.00000E+00 0.00000E+00 0.00000E+00 4.15637E-19
 7.00000E+01 3.34603E-18 0.00000E+00 0.00000E+00 0.00000E+00 0.00000E+00 4.09233E-19
 7.48331E+01 3.18497E-18 0.00000E+00 0.00000E+00 0.00000E+00 0.00000E+00 4.02890E-19
 8.00000E+01 3.03517E-18 0.00000E+00 0.00000E+00 0.00000E+00 0.00000E+00 3.98554E-19
 8.48528E+01 2.90870E-18 0.00000E+00 0.00000E+00 0.00000E+00 0.00000E+00 3.95018E-19
 9.00000E+01 2.78428E-18 0.00000E+00 0.00000E+00 0.00000E+00 0.00000E+00 3.90390E-19
 9.48683E+01 2.67261E-18 0.00000E+00 0.00000E+00 0.00000E+00 0.00000E+00 3.84545E-19
 1.00000E+02 2.55918E-18 0.00000E+00 0.00000E+00 0.00000E+00 0.00000E+00 3.76629E-19
 1.04881E+02 2.45459E-18 0.00000E+00 0.00000E+00 0.00000E+00 0.00000E+00 3.67574E-19
 1.10000E+02 2.34830E-18 0.00000E+00 0.00000E+00 0.00000E+00 0.00000E+00 3.56855E-19
 1.13572E+02 2.27639E-18 0.00000E+00 0.00000E+00 0.00000E+00 0.00000E+00 3.48880E-19
 1.17260E+02 2.20430E-18 0.00000E+00 0.00000E+00 0.00000E+00 0.00000E+00 3.40410E-19
 1.25000E+02 2.06073E-18 0.00000E+00 0.00000E+00 0.00000E+00 0.00000E+00 3.22496E-19
 1.32288E+02 1.93546E-18 0.00000E+00 0.00000E+00 0.00000E+00 0.00000E+00 3.06137E-19
 1.40000E+02 1.81312E-18 0.00000E+00 0.00000E+00 0.00000E+00 0.00000E+00 2.89830E-19
 1.50000E+02 1.66885E-18 0.00000E+00 0.00000E+00 0.00000E+00 0.00000E+00 2.70386E-19
 1.55893E+02 1.59060E-18 0.00000E+00 0.00000E+00 0.00000E+00 0.00000E+00 2.59761E-19
 1.62019E+02 1.51405E-18 0.00000E+00 0.00000E+00 0.00000E+00 0.00000E+00 2.49287E-19
 1.68384E+02 1.43919E-18 0.00000E+00 0.00000E+00 0.00000E+00 0.00000E+00 2.38944E-19
 1.75000E+02 1.36613E-18 0.00000E+00 0.00000E+00 0.00000E+00 0.00000E+00 2.28716E-19
 1.80941E+02 1.30437E-18 0.00000E+00 0.00000E+00 0.00000E+00 0.00000E+00 2.19956E-19
 1.87083E+02 1.24415E-18 0.00000E+00 0.00000E+00 0.00000E+00 0.00000E+00 2.11301E-19
 2.00000E+02 1.12881E-18 0.00000E+00 0.00000E+00 0.00000E+00 0.00000E+00 1.94406E-19
 2.09762E+02 1.05095E-18 0.00000E+00 0.00000E+00 0.00000E+00 0.00000E+00 1.82797E-19
 2.20000E+02 9.76941E-19 0.00000E+00 0.00000E+00 0.00000E+00 0.00000E+00 1.71653E-19
 2.34521E+02 8.83703E-19 0.00000E+00 0.00000E+00 0.00000E+00 0.00000E+00 1.57510E-19
 2.50000E+02 7.97075E-19 0.00000E+00 0.00000E+00 0.00000E+00 0.00000E+00 1.44282E-19
 2.61659E+02 7.39113E-19 0.00000E+00 0.00000E+00 0.00000E+00 0.00000E+00 1.35364E-19
 2.73861E+02 6.84253E-19 0.00000E+00 0.00000E+00 0.00000E+00 0.00000E+00 1.26843E-19
 2.86633E+02 6.32463E-19 0.00000E+00 0.00000E+00 0.00000E+00 0.00000E+00 1.18696E-19
 3.00000E+02 5.83761E-19 0.00000E+00 0.00000E+00 0.00000E+00 0.00000E+00 1.10931E-19
 3.24037E+02 5.08301E-19 0.00000E+00 0.00000E+00 0.00000E+00 0.00000E+00 9.86937E-20
 3.50000E+02 4.41106E-19 0.00000E+00 0.00000E+00 0.00000E+00 0.00000E+00 8.76135E-20
 3.74166E+02 3.88973E-19 0.00000E+00 0.00000E+00 0.00000E+00 0.00000E+00 7.89003E-20
 4.00000E+02 3.42004E-19 0.00000E+00 0.00000E+00 0.00000E+00 0.00000E+00 7.09180E-20
 4.24264E+02 3.04608E-19 0.00000E+00 0.00000E+00 0.00000E+00 0.00000E+00 6.44320E-20
 4.50000E+02 2.70821E-19 0.00000E+00 0.00000E+00 0.00000E+00 0.00000E+00 5.84571E-20
 4.59000E+02 2.60223E-19 0.00000E+00 0.00000E+00 0.00000E+00 0.00000E+00 5.65594E-20
 4.59000E+02 1.11497E-18 0.00000E+00 0.00000E+00 0.00000E+00 8.54744E-19 5.65593E-20
 4.59373E+02 1.15664E-18 0.00000E+00 0.00000E+00 0.00000E+00 8.96844E-19 5.64827E-20
 4.59746E+02 1.19471E-18 0.00000E+00 0.00000E+00 0.00000E+00 9.35339E-19 5.64062E-20
 4.60119E+02 1.22940E-18 0.00000E+00 0.00000E+00 0.00000E+00 9.70450E-19 5.63298E-20
 4.60493E+02 1.26112E-18 0.00000E+00 0.00000E+00 0.00000E+00 1.00260E-18 5.62535E-20
 4.60867E+02 1.29022E-18 0.00000E+00 0.00000E+00 0.00000E+00 1.03212E-18 5.61772E-20
 4.61241E+02 1.31697E-18 0.00000E+00 0.00000E+00 0.00000E+00 1.05930E-18 5.61011E-20
 4.61615E+02 1.34162E-18 0.00000E+00 0.00000E+00 0.00000E+00 1.08437E-18 5.60250E-20
 4.61990E+02 1.36434E-18 0.00000E+00 0.00000E+00 0.00000E+00 1.10751E-18 5.59491E-20
 4.62365E+02 1.38530E-18 0.00000E+00 0.00000E+00 0.00000E+00 1.12890E-18 5.58732E-20
 4.62741E+02 1.40464E-18 0.00000E+00 0.00000E+00 0.00000E+00 1.14866E-18 5.57974E-20
 4.63117E+02 1.42248E-18 0.00000E+00 0.00000E+00 0.00000E+00 1.16691E-18 5.57217E-20
 4.63493E+02 1.43891E-18 0.00000E+00 0.00000E+00 0.00000E+00 1.18376E-18 5.56461E-20
 4.64246E+02 1.46791E-18 0.00000E+00 0.00000E+00 0.00000E+00 1.21360E-18 5.54952E-20
 4.65000E+02 1.49226E-18 0.00000E+00 0.00000E+00 0.00000E+00 1.23879E-18 5.53447E-20
 4.65000E+02 1.90908E-18 0.00000E+00 0.00000E+00 4.16813E-19 1.23879E-18 5.53447E-20
 4.65264E+02 1.93142E-18 0.00000E+00 0.00000E+00 4.31653E-19 1.24659E-18 5.52922E-20
 4.65528E+02 1.95245E-18 0.00000E+00 0.00000E+00 4.45658E-19 1.25390E-18 5.52397E-20
 4.66056E+02 1.99051E-18 0.00000E+00 0.00000E+00 4.71042E-19 1.26716E-18 5.51350E-20
 4.66585E+02 2.02386E-18 0.00000E+00 0.00000E+00 4.93446E-19 1.27868E-18 5.50304E-20
 4.67114E+02 2.05311E-18 0.00000E+00 0.00000E+00 5.13341E-19 1.28862E-18 5.49260E-20
 4.67644E+02 2.07873E-18 0.00000E+00 0.00000E+00 5.31082E-19 1.29708E-18 5.48218E-20
 4.68174E+02 2.10112E-18 0.00000E+00 0.00000E+00 5.46939E-19 1.30418E-18 5.47177E-20
 4.68706E+02 2.12058E-18 0.00000E+00 0.00000E+00 5.61126E-19 1.31003E-18 5.46138E-20
 4.69237E+02 2.13740E-18 0.00000E+00 0.00000E+00 5.73814E-19 1.31473E-18 5.45102E-20
 4.69770E+02 2.15181E-18 0.00000E+00 0.00000E+00 5.85146E-19 1.31838E-18 5.44066E-20
 4.70303E+02 2.16402E-18 0.00000E+00 0.00000E+00 5.95237E-19 1.32108E-18 5.43033E-20
 4.71371E+02 2.18258E-18 0.00000E+00 0.00000E+00 6.12099E-19 1.32392E-18 5.40972E-20
 4.72441E+02 2.19442E-18 0.00000E+00 0.00000E+00 6.25089E-19 1.32391E-18 5.38917E-20
 4.73513E+02 2.20067E-18 0.00000E+00 0.00000E+00 6.34775E-19 1.32159E-18 5.36870E-20
 4.74588E+02 2.20230E-18 0.00000E+00 0.00000E+00 6.41648E-19 1.31748E-18 5.34829E-20
 4.75666E+02 2.20018E-18 0.00000E+00 0.00000E+00 6.46148E-19 1.31198E-18 5.32796E-20
 4.76746E+02 2.19506E-18 0.00000E+00 0.00000E+00 6.48666E-19 1.30546E-18 5.30769E-20
 4.77828E+02 2.18759E-18 0.00000E+00 0.00000E+00 6.49553E-19 1.29822E-18 5.28750E-20
 4.80000E+02 2.16776E-18 0.00000E+00 0.00000E+00 6.47637E-19 1.28251E-18 5.24732E-20
 4.82183E+02 2.14421E-18 0.00000E+00 0.00000E+00 6.42438E-19 1.26635E-18 5.20741E-20
 4.86576E+02 2.09446E-18 0.00000E+00 0.00000E+00 6.27685E-19 1.23569E-18 5.12841E-20
 4.91010E+02 2.04834E-18 0.00000E+00 0.00000E+00 6.12245E-19 1.20927E-18 5.05048E-20
 4.95485E+02 2.00811E-18 0.00000E+00 0.00000E+00 5.98632E-19 1.18685E-18 4.97360E-20
 5.00000E+02 1.97267E-18 0.00000E+00 0.00000E+00 5.87156E-19 1.16701E-18 4.89775E-20
 5.12057E+02 1.88714E-18 0.00000E+00 0.00000E+00 5.62302E-19 1.11686E-18 4.70336E-20
 5.18194E+02 1.84246E-18 0.00000E+00 0.00000E+00 5.49905E-19 1.08968E-18 4.60876E-20
 5.24404E+02 1.79550E-18 0.00000E+00 0.00000E+00 5.36607E-19 1.06100E-18 4.51586E-20
 5.50000E+02 1.60758E-18 0.00000E+00 0.00000E+00 4.80401E-19 9.48157E-19 4.16042E-20
 5.67000E+02 1.50175E-18 0.00000E+00 0.00000E+00 4.48380E-19 8.85562E-19 3.94617E-20
 5.67000E+02 1.72588E-18 0.00000E+00 2.24130E-19 4.48379E-19 8.85562E-19 3.94617E-20
 5.67501E+02 1.72100E-18 0.00000E+00 2.22182E-19 4.47498E-19 8.83828E-19 3.94009E-20
 5.68003E+02 1.71619E-18 0.00000E+00 2.20294E-19 4.46619E-19 8.82098E-19 3.93403E-20
 5.69008E+02 1.70696E-18 0.00000E+00 2.16896E-19 4.44868E-19 8.78646E-19 3.92191E-20
 5.71024E+02 1.68985E-18 0.00000E+00 2.11381E-19 4.41392E-19 8.71775E-19 3.89779E-20
 5.75076E+02 1.65939E-18 0.00000E+00 2.03882E-19 4.34535E-19 8.58152E-19 3.84994E-20
 5.79157E+02 1.63240E-18 0.00000E+00 1.99567E-19 4.27792E-19 8.44659E-19 3.80260E-20
 5.83267E+02 1.60760E-18 0.00000E+00 1.97227E-19 4.21143E-19 8.31262E-19 3.75578E-20
 6.00000E+02 1.51667E-18 0.00000E+00 1.94306E-19 3.95086E-19 7.78630E-19 3.57353E-20
 6.11673E+02 1.45551E-18 0.00000E+00 1.91191E-19 3.77720E-19 7.44003E-19 3.45391E-20
 6.23574E+02 1.39484E-18 0.00000E+00 1.86266E-19 3.60976E-19 7.10834E-19 3.33793E-20
 6.48074E+02 1.28073E-18 0.00000E+00 1.76013E-19 3.29811E-19 6.49164E-19 3.11674E-20
 6.73537E+02 1.17620E-18 0.00000E+00 1.66974E-19 3.01271E-19 5.92416E-19 2.90930E-20
 7.00000E+02 1.07823E-18 0.00000E+00 1.58267E-19 2.74569E-19 5.39296E-19 2.71447E-20
 7.48331E+02 9.24597E-19 0.00000E+00 1.43709E-19 2.32804E-19 4.56706E-19 2.40386E-20
 8.00000E+02 7.91342E-19 0.00000E+00 1.30097E-19 1.96913E-19 3.85754E-19 2.12595E-20
 8.48528E+02 6.87742E-19 0.00000E+00 1.18787E-19 1.69197E-19 3.31074E-19 1.90561E-20
 9.00000E+02 5.97025E-19 0.00000E+00 1.08267E-19 1.45111E-19 2.83674E-19 1.70661E-20
 9.48683E+02 5.25207E-19 0.00000E+00 9.93782E-20 1.26221E-19 2.46550E-19 1.54472E-20
 1.00000E+03 4.61451E-19 0.00000E+00 9.10724E-20 1.09614E-19 2.13864E-19 1.39716E-20
 1.10000E+03 3.64315E-19 0.00000E+00 7.74114E-20 8.46200E-20 1.64847E-19 1.16311E-20
 1.25000E+03 2.64040E-19 0.00000E+00 6.17241E-20 5.93589E-20 1.15406E-19 9.05784E-21
 1.40000E+03 1.97696E-19 0.00000E+00 5.01078E-20 4.30757E-20 8.36013E-20 7.23153E-21
 1.50000E+03 1.65496E-19 0.00000E+00 4.39807E-20 3.53449E-20 6.85213E-20 6.29418E-21
 1.62019E+03 1.35499E-19 0.00000E+00 3.79158E-20 2.82687E-20 5.47361E-20 5.38043E-21
 1.75000E+03 1.10788E-19 0.00000E+00 3.25908E-20 2.25540E-20 4.36165E-20 4.59443E-21
 2.00000E+03 7.79209E-20 0.00000E+00 2.49151E-20 1.51618E-20 2.92599E-20 3.47870E-21
 2.20000E+03 6.04698E-20 0.00000E+00 2.04711E-20 1.13669E-20 2.19033E-20 2.84279E-21
 2.50000E+03 4.29183E-20 0.00000E+00 1.56326E-20 7.68064E-21 1.47685E-20 2.15869E-21
 2.73861E+03 3.35483E-20 0.00000E+00 1.28444E-20 5.78529E-21 1.11069E-20 1.76715E-21
 3.00000E+03 2.61892E-20 0.00000E+00 1.05188E-20 4.34375E-21 8.32669E-21 1.44408E-21
 3.50000E+03 1.71775E-20 0.00000E+00 7.44791E-21 2.65739E-21 5.08033E-21 1.01885E-21
 4.00000E+03 1.18888E-20 0.00000E+00 5.48227E-21 1.72509E-21 3.28987E-21 7.48218E-22
 4.50000E+03 8.57698E-21 0.00000E+00 4.16162E-21 1.17257E-21 2.23121E-21 5.67042E-22
 4.97000E+03 6.50342E-21 0.00000E+00 3.28579E-21 8.43700E-22 1.60233E-21 4.47234E-22
 4.97000E+03 5.87775E-20 5.22741E-20 3.28579E-21 8.43699E-22 1.60233E-21 4.47234E-22
 4.97374E+03 5.62557E-20 4.97659E-20 3.27988E-21 8.41591E-22 1.59830E-21 4.46426E-22
 4.97748E+03 5.48247E-20 4.83485E-20 3.27397E-21 8.39487E-22 1.59428E-21 4.45619E-22
 4.98123E+03 5.40749E-20 4.76123E-20 3.26807E-21 8.37388E-22 1.59027E-21 4.44814E-22
 4.98498E+03 5.37644E-20 4.73154E-20 3.26219E-21 8.35294E-22 1.58627E-21 4.44010E-22
 4.98873E+03 5.37269E-20 4.72914E-20 3.25631E-21 8.33205E-22 1.58228E-21 4.43207E-22
 4.99248E+03 5.38418E-20 4.74197E-20 3.25045E-21 8.31121E-22 1.57830E-21 4.42406E-22
 5.00000E+03 5.42073E-20 4.78122E-20 3.23874E-21 8.26967E-22 1.57036E-21 4.40807E-22
 5.00745E+03 5.44530E-20 4.80844E-20 3.22720E-21 8.22876E-22 1.56255E-21 4.39230E-22
 5.01118E+03 5.44881E-20 4.81328E-20 3.22144E-21 8.20837E-22 1.55865E-21 4.38443E-22
 5.01491E+03 5.44666E-20 4.81245E-20 3.21569E-21 8.18803E-22 1.55477E-21 4.37658E-22
 5.02239E+03 5.42874E-20 4.79716E-20 3.20422E-21 8.14749E-22 1.54702E-21 4.36091E-22
 5.02987E+03 5.40117E-20 4.77221E-20 3.19278E-21 8.10714E-22 1.53932E-21 4.34530E-22
 5.04488E+03 5.35192E-20 4.72818E-20 3.17003E-21 8.02702E-22 1.52401E-21 4.31422E-22
 5.05993E+03 5.31235E-20 4.69377E-20 3.14743E-21 7.94765E-22 1.50885E-21 4.28336E-22
 5.09016E+03 5.24417E-20 4.63581E-20 3.10267E-21 7.79117E-22 1.47897E-21 4.22224E-22
 5.12057E+03 5.16851E-20 4.57021E-20 3.05850E-21 7.63766E-22 1.44966E-21 4.16194E-22
 5.18194E+03 5.01271E-20 4.43402E-20 2.97194E-21 7.33943E-22 1.39271E-21 4.04378E-22
 5.24404E+03 4.87227E-20 4.31256E-20 2.88770E-21 7.05263E-22 1.33797E-21 3.92882E-22
 5.30689E+03 4.73618E-20 4.19483E-20 2.80573E-21 6.77691E-22 1.28535E-21 3.81699E-22
 5.37050E+03 4.59870E-20 4.07511E-20 2.72599E-21 6.51185E-22 1.23477E-21 3.70821E-22
 5.50000E+03 4.32529E-20 3.83549E-20 2.57291E-21 6.01181E-22 1.13938E-21 3.49946E-22
 6.00000E+03 3.44976E-20 3.06619E-20 2.07982E-21 4.48187E-22 8.47794E-22 2.82760E-22
 6.48074E+03 2.81911E-20 2.51068E-20 1.71814E-21 3.44405E-22 6.50383E-22 2.33550E-22
 7.00000E+03 2.30071E-20 2.05255E-20 1.41769E-21 2.64778E-22 4.99204E-22 1.92727E-22
 8.00000E+03 1.61159E-20 1.44182E-20 1.01070E-21 1.66854E-22 3.13538E-22 1.37470E-22
 8.48528E+03 1.37486E-20 1.23140E-20 8.68868E-22 1.35821E-22 2.54852E-22 1.18221E-22
 9.00000E+03 1.17169E-20 1.05048E-20 7.46262E-22 1.10515E-22 2.07078E-22 1.01584E-22
 1.00000E+04 8.77884E-21 7.88341E-21 5.66784E-22 7.62053E-23 1.42377E-22 7.72226E-23
 1.10000E+04 6.74300E-21 6.06300E-21 4.40610E-22 5.42972E-23 1.01174E-22 6.00845E-23
 1.25000E+04 4.71513E-21 4.24589E-21 3.12974E-22 3.43371E-23 6.37413E-23 4.27316E-23
 1.40000E+04 3.42177E-21 3.08462E-21 2.30200E-22 2.27988E-23 4.21711E-23 3.14639E-23
 1.50000E+04 2.81083E-21 2.53537E-21 1.90605E-22 1.77419E-23 3.27429E-23 2.60684E-23
 1.75000E+04 1.80424E-21 1.62924E-21 1.24439E-22 1.00953E-23 1.85288E-23 1.70436E-23
 2.00000E+04 1.22389E-21 1.10604E-21 8.55822E-23 6.16990E-24 1.12663E-23 1.17358E-23
 2.20000E+04 9.25690E-22 8.36950E-22 6.53360E-23 4.33225E-24 7.88096E-24 8.96707E-24
 2.50000E+04 6.34757E-22 5.74210E-22 4.53327E-23 2.69000E-24 4.86601E-24 6.22868E-24
 2.73861E+04 4.83481E-22 4.37506E-22 3.48070E-23 1.90690E-24 3.43445E-24 4.78622E-24
 3.00000E+04 3.68685E-22 3.33715E-22 2.67393E-23 1.35723E-24 2.43406E-24 3.67957E-24
 3.50000E+04 2.31883E-22 2.09969E-22 1.70155E-23 7.58610E-25 1.34967E-24 2.34426E-24
 4.00000E+04 1.54702E-22 1.40119E-22 1.14573E-23 4.57458E-25 8.07903E-25 1.58003E-24
 4.50000E+04 1.08026E-22 9.78603E-23 8.06035E-24 2.92557E-25 5.13047E-25 1.11245E-24
 5.00000E+04 7.82219E-23 7.08707E-23 5.87258E-24 1.96078E-25 3.41476E-25 8.11044E-25
 5.50000E+04 5.83444E-23 5.28667E-23 4.40294E-24 1.36493E-25 2.36206E-25 6.08420E-25
 6.00000E+04 4.46039E-23 4.04193E-23 3.38087E-24 9.80826E-26 1.68700E-25 4.67414E-25
 6.48074E+04 3.51065E-23 3.18149E-23 2.67091E-24 7.30865E-26 1.24987E-25 3.69414E-25
 7.00000E+04 2.76666E-23 2.50737E-23 2.11208E-24 5.46683E-26 9.29562E-26 2.92235E-25
 8.00000E+04 1.82648E-23 1.65541E-23 1.40206E-24 3.30063E-26 5.55308E-26 1.94116E-25
 9.00000E+04 1.26518E-23 1.14672E-23 9.75489E-25 2.11927E-26 3.53031E-26 1.35125E-25
 1.00000E+05 9.10545E-24 8.25311E-24 7.04604E-25 1.42857E-26 2.35795E-26 9.76425E-26
 1.10000E+05 6.76079E-24 6.12800E-24 5.24754E-25 1.00161E-26 1.63978E-26 7.27449E-26
 1.25000E+05 4.53532E-24 4.11085E-24 3.53327E-25 6.24379E-27 1.01062E-26 4.90018E-26
 1.40000E+05 3.18494E-24 2.88684E-24 2.48865E-25 4.12177E-27 6.60529E-27 3.45263E-26
 1.50000E+05 2.56938E-24 2.32888E-24 2.01103E-25 3.20836E-27 5.10887E-27 2.79055E-26
 1.62019E+05 2.02029E-24 1.83117E-24 1.58410E-25 2.42527E-27 3.83539E-27 2.19860E-26
 1.75000E+05 1.59293E-24 1.44381E-24 1.25104E-25 1.84278E-27 2.89689E-27 1.73667E-26
 2.00000E+05 1.05584E-24 9.56971E-25 8.31367E-26 1.14882E-27 1.78725E-27 1.15445E-26
 2.20000E+05 7.89031E-25 7.15138E-25 6.22315E-26 8.24222E-28 1.27331E-27 8.64326E-27
 2.34521E+05 6.49688E-25 5.88839E-25 5.12944E-26 6.60981E-28 1.01693E-27 7.12510E-27
 2.50000E+05 5.35888E-25 4.85692E-25 4.23500E-26 5.31557E-28 8.14998E-28 5.88335E-27
 2.73861E+05 4.07371E-25 3.69208E-25 3.22350E-26 3.89939E-28 5.95387E-28 4.47884E-27
 2.86633E+05 3.55985E-25 3.22634E-25 2.81851E-26 3.35103E-28 5.10853E-28 3.91642E-27
 3.00000E+05 3.11634E-25 2.82437E-25 2.46867E-26 2.88758E-28 4.39676E-28 3.43052E-27
 3.24037E+05 2.48864E-25 2.25546E-25 1.97311E-26 2.24537E-28 3.41383E-28 2.74217E-27
 3.50000E+05 1.99313E-25 1.80636E-25 1.58148E-26 1.75250E-28 2.66315E-28 2.19809E-27
 3.74166E+05 1.64810E-25 1.49366E-25 1.30851E-26 1.41780E-28 2.15598E-28 1.81883E-27
 4.00000E+05 1.36743E-25 1.23929E-25 1.08626E-26 1.15180E-28 1.75473E-28 1.51000E-27
 4.24264E+05 1.16205E-25 1.05316E-25 9.23513E-27 9.60915E-29 1.46759E-28 1.28384E-27
 4.50000E+05 9.89978E-26 8.97209E-26 7.87068E-27 8.03846E-29 1.23185E-28 1.09421E-27
 4.74342E+05 8.59395E-26 7.78865E-26 6.83463E-27 6.86595E-29 1.05625E-28 9.50208E-28
 5.00000E+05 7.47725E-26 6.77662E-26 5.94818E-27 5.87969E-29 9.08613E-29 8.26995E-28
 5.24404E+05 6.60364E-26 5.98490E-26 5.25439E-27 5.12041E-29 7.94743E-29 7.30557E-28
 5.50000E+05 5.84330E-26 5.29584E-26 4.65033E-27 4.46862E-29 6.96856E-29 6.46587E-28
 5.74456E+05 5.23408E-26 4.74373E-26 4.16618E-27 3.95152E-29 6.19226E-29 5.79280E-28
 6.00000E+05 4.69554E-26 4.25568E-26 3.73807E-27 3.49892E-29 5.51288E-29 5.19763E-28
 6.23574E+05 4.26921E-26 3.86932E-26 3.39907E-27 3.14448E-29 4.98031E-29 4.72632E-28
 6.48074E+05 3.88679E-26 3.52275E-26 3.09491E-27 2.83009E-29 4.50723E-29 4.30344E-28
 6.73537E+05 3.54482E-26 3.21284E-26 2.82286E-27 2.55218E-29 4.08832E-29 3.92520E-28
 7.00000E+05 3.23808E-26 2.93486E-26 2.57877E-27 2.30547E-29 3.71572E-29 3.58583E-28
 7.48331E+05 2.77443E-26 2.51468E-26 2.20974E-27 1.93649E-29 3.15683E-29 3.07272E-28
 7.73735E+05 2.57186E-26 2.33110E-26 2.04847E-27 1.77708E-29 2.91454E-29 2.84849E-28
 8.00000E+05 2.38660E-26 2.16320E-26 1.90097E-27 1.63248E-29 2.69423E-29 2.64339E-28
 8.48528E+05 2.09627E-26 1.90009E-26 1.66977E-27 1.40859E-29 2.35171E-29 2.32192E-28
 9.00000E+05 1.84737E-26 1.67451E-26 1.47153E-27 1.21997E-29 2.06076E-29 2.04625E-28
 9.48683E+05 1.65378E-26 1.49907E-26 1.31733E-27 1.07573E-29 1.83576E-29 1.83183E-28
 1.00000E+06 1.48411E-26 1.34530E-26 1.18217E-27 9.50867E-30 1.63954E-29 1.64387E-28
 1.04881E+06 1.34827E-26 1.22219E-26 1.07395E-27 8.51499E-30 1.48330E-29 1.49339E-28
 1.10000E+06 1.22720E-26 1.11246E-26 9.77488E-28 7.63771E-30 1.34486E-29 1.35925E-28
 1.17260E+06 1.08459E-26 9.83206E-27 8.63855E-28 6.62588E-30 1.18298E-29 1.20123E-28
 1.25000E+06 9.61888E-27 8.71999E-27 7.66089E-28 5.77490E-30 1.04456E-29 1.06527E-28
 1.32288E+06 8.66807E-27 7.85822E-27 6.90325E-28 5.12273E-30 9.37423E-30 9.59909E-29
 1.40000E+06 7.82994E-27 7.09856E-27 6.23538E-28 4.55502E-30 8.43412E-30 8.67032E-29
 1.50000E+06 6.93825E-27 6.29032E-27 5.52485E-28 3.96401E-30 7.44502E-30 7.68221E-29
 1.62019E+06 6.08202E-27 5.51422E-27 4.84257E-28 3.40713E-30 6.49728E-30 6.73343E-29
 1.75000E+06 5.35394E-27 4.85425E-27 4.26251E-28 2.94011E-30 5.69200E-30 5.92683E-29
 1.87083E+06 4.80575E-27 4.35731E-27 3.82593E-28 2.59189E-30 5.08983E-30 5.31977E-29
 2.00000E+06 4.32462E-27 3.92117E-27 3.44251E-28 2.30080E-30 4.56847E-30 4.78660E-29
 2.09762E+06 4.01716E-27 3.64249E-27 3.19704E-28 2.13215E-30 4.24112E-30 4.44517E-29
 2.20000E+06 3.73612E-27 3.38776E-27 2.97246E-28 1.98662E-30 3.94463E-30 4.13275E-29
 2.34521E+06 3.39498E-27 3.07855E-27 2.70006E-28 1.80678E-30 3.58389E-30 3.75386E-29
 2.50000E+06 3.09062E-27 2.80265E-27 2.45727E-28 1.64227E-30 3.26090E-30 3.41618E-29
 2.73861E+06 2.70988E-27 2.45749E-27 2.15364E-28 1.43816E-30 2.85754E-30 2.99392E-29
 3.00000E+06 2.38496E-27 2.16293E-27 1.89462E-28 1.26621E-30 2.51419E-30 2.63370E-29
 3.24037E+06 2.14499E-27 1.94536E-27 1.70342E-28 1.13874E-30 2.26056E-30 2.36782E-29
 3.50000E+06 1.93283E-27 1.75300E-27 1.53448E-28 1.02552E-30 2.03626E-30 2.13291E-29
 3.74166E+06 1.76848E-27 1.60398E-27 1.40366E-28 9.37993E-31 1.86261E-30 1.95101E-29
 4.00000E+06 1.62028E-27 1.46961E-27 1.28573E-28 8.59263E-31 1.70615E-30 1.78705E-29
 4.50000E+06 1.39220E-27 1.26279E-27 1.10432E-28 7.38020E-31 1.46541E-30 1.53483E-29
 5.00000E+06 1.21888E-27 1.10561E-27 9.66538E-29 6.45935E-31 1.28256E-30 1.34328E-29
 5.50000E+06 1.08296E-27 9.82346E-28 8.58538E-29 5.73756E-31 1.13925E-30 1.19315E-29
 6.00000E+06 9.73667E-28 8.83230E-28 7.71730E-29 5.15740E-31 1.02405E-30 1.07248E-29
 6.48074E+06 8.87036E-28 8.04661E-28 7.02942E-29 4.69768E-31 9.32768E-31 9.76864E-30
 7.00000E+06 8.09101E-28 7.33975E-28 6.41075E-29 4.28422E-31 8.50671E-31 8.90872E-30
 8.00000E+06 6.91343E-28 6.27168E-28 5.47630E-29 3.65972E-31 7.26670E-31 7.60991E-30
 9.00000E+06 6.03069E-28 5.47100E-28 4.77609E-29 3.19176E-31 6.33753E-31 6.63672E-30
 1.00000E+07 5.34522E-28 4.84923E-28 4.23252E-29 2.82850E-31 5.61624E-31 5.88129E-30
 1.10000E+07 4.79801E-28 4.35286E-28 3.79871E-29 2.53859E-31 5.04059E-31 5.27840E-30
 1.25000E+07 4.15750E-28 3.77184E-28 3.29107E-29 2.19933E-31 4.36697E-31 4.57292E-30
 1.40000E+07 3.66658E-28 3.32650E-28 2.90208E-29 1.93938E-31 3.85080E-31 4.03236E-30
 1.50000E+07 3.39852E-28 3.08333E-28 2.68972E-29 1.79746E-31 3.56902E-31 3.73726E-30
 1.75000E+07 2.87246E-28 2.60609E-28 2.27304E-29 1.51900E-31 3.01612E-31 3.15825E-30
 2.00000E+07 2.48670E-28 2.25613E-28 1.96757E-29 1.31486E-31 2.61078E-31 2.73378E-30
 2.20000E+07 2.24515E-28 2.03699E-28 1.77632E-29 1.18706E-31 2.35701E-31 2.46804E-30
 2.50000E+07 1.95934E-28 1.77770E-28 1.55006E-29 1.03586E-31 2.05678E-31 2.15365E-30
 3.00000E+07 1.61602E-28 1.46622E-28 1.27833E-29 8.54263E-32 1.69621E-31 1.77608E-30
 3.50000E+07 1.37486E-28 1.24743E-28 1.08748E-29 7.26726E-32 1.44298E-31 1.51091E-30
 4.00000E+07 1.19622E-28 1.08535E-28 9.46132E-30 6.32264E-32 1.25542E-31 1.31451E-30
 4.50000E+07 1.05861E-28 9.60496E-29 8.37251E-30 5.59503E-32 1.11094E-31 1.16323E-30
 5.00000E+07 9.49354E-29 8.61370E-29 7.50816E-30 5.01741E-32 9.96251E-32 1.04314E-30
 5.50000E+07 8.60520E-29 7.80772E-29 6.80541E-30 4.54779E-32 9.03002E-32 9.45499E-31
 6.00000E+07 7.86875E-29 7.13953E-29 6.22284E-30 4.15848E-32 8.25701E-32 8.64558E-31
 7.00000E+07 6.71852E-29 6.09592E-29 5.31300E-30 3.55047E-32 7.04976E-32 7.38148E-31
 8.00000E+07 5.86151E-29 5.31835E-29 4.63516E-30 3.09749E-32 6.15033E-32 6.43971E-31
 9.00000E+07 5.19833E-29 4.71663E-29 4.11063E-30 2.74697E-32 5.45434E-32 5.71097E-31
 1.00000E+08 4.66991E-29 4.23719E-29 3.69272E-30 2.46769E-32 4.89981E-32 5.13034E-31
 1.10000E+08 4.23898E-29 3.84619E-29 3.35191E-30 2.23994E-32 4.44760E-32 4.65684E-31
 1.25000E+08 3.72354E-29 3.37852E-29 2.94428E-30 1.96754E-32 3.90672E-32 4.09051E-31
 1.40000E+08 3.31983E-29 3.01223E-29 2.62503E-30 1.75420E-32 3.48311E-32 3.64697E-31
 1.50000E+08 3.09605E-29 2.80918E-29 2.44806E-30 1.63594E-32 3.24829E-32 3.40110E-31
 1.75000E+08 2.64952E-29 2.40403E-29 2.09496E-30 1.39997E-32 2.77977E-32 2.91053E-31
 2.00000E+08 2.31555E-29 2.10100E-29 1.83087E-30 1.22349E-32 2.42935E-32 2.54362E-31
 2.20000E+08 2.10343E-29 1.90854E-29 1.66314E-30 1.11141E-32 2.20679E-32 2.31060E-31
 2.50000E+08 1.84932E-29 1.67797E-29 1.46220E-30 9.77130E-33 1.94017E-32 2.03144E-31
 3.00000E+08 1.53936E-29 1.39674E-29 1.21712E-30 8.13349E-33 1.61497E-32 1.69094E-31
 3.50000E+08 1.31839E-29 1.19624E-29 1.04239E-30 6.96588E-33 1.38314E-32 1.44819E-31
 4.00000E+08 1.15289E-29 1.04608E-29 9.11538E-31 6.09142E-33 1.20950E-32 1.26639E-31
 4.50000E+08 1.02431E-29 9.29406E-30 8.09870E-31 5.41201E-33 1.07460E-32 1.12515E-31
 5.00000E+08 9.21530E-30 8.36150E-30 7.28605E-31 4.86896E-33 9.66772E-33 1.01224E-31
 5.50000E+08 8.37495E-30 7.59901E-30 6.62161E-31 4.42494E-33 8.78609E-33 9.19934E-32
 6.00000E+08 7.67506E-30 6.96396E-30 6.06823E-31 4.05514E-33 8.05182E-33 8.43053E-32
 7.00000E+08 6.57595E-30 5.96669E-30 5.19921E-31 3.47441E-33 6.89873E-33 7.22321E-32
 8.00000E+08 5.75220E-30 5.21927E-30 4.54791E-31 3.03917E-33 6.03454E-33 6.31836E-32
 9.00000E+08 5.11186E-30 4.63825E-30 4.04162E-31 2.70084E-33 5.36275E-33 5.61498E-32
 9.48683E+08 4.85315E-30 4.40351E-30 3.83707E-31 2.56415E-33 5.09134E-33 5.33080E-32
 1.00000E+09 4.59980E-30 4.17363E-30 3.63676E-31 2.43029E-33 4.82555E-33 5.05251E-32
