 *** Photoelectric cross sections,  IZ = 88,  NSHELL = 16,  NDATA =  450
              0           1           2           3           4           5           6           7           8           9          10          11          12          13          14          15          16
 5.00000E+01 2.54124E-18 0.00000E+00 0.00000E+00 0.00000E+00 0.00000E+00 0.00000E+00 0.00000E+00 0.00000E+00 0.00000E+00 0.00000E+00 0.00000E+00 0.00000E+00 0.00000E+00 0.00000E+00 0.00000E+00 0.00000E+00 0.00000E+00
 5.24404E+01 2.19845E-18 0.00000E+00 0.00000E+00 0.00000E+00 0.00000E+00 0.00000E+00 0.00000E+00 0.00000E+00 0.00000E+00 0.00000E+00 0.00000E+00 0.00000E+00 0.00000E+00 0.00000E+00 0.00000E+00 0.00000E+00 0.00000E+00
 5.50000E+01 1.90688E-18 0.00000E+00 0.00000E+00 0.00000E+00 0.00000E+00 0.00000E+00 0.00000E+00 0.00000E+00 0.00000E+00 0.00000E+00 0.00000E+00 0.00000E+00 0.00000E+00 0.00000E+00 0.00000E+00 0.00000E+00 0.00000E+00
 5.74456E+01 1.67850E-18 0.00000E+00 0.00000E+00 0.00000E+00 0.00000E+00 0.00000E+00 0.00000E+00 0.00000E+00 0.00000E+00 0.00000E+00 0.00000E+00 0.00000E+00 0.00000E+00 0.00000E+00 0.00000E+00 0.00000E+00 0.00000E+00
 6.00000E+01 1.48100E-18 0.00000E+00 0.00000E+00 0.00000E+00 0.00000E+00 0.00000E+00 0.00000E+00 0.00000E+00 0.00000E+00 0.00000E+00 0.00000E+00 0.00000E+00 0.00000E+00 0.00000E+00 0.00000E+00 0.00000E+00 0.00000E+00
 6.48074E+01 1.19316E-18 0.00000E+00 0.00000E+00 0.00000E+00 0.00000E+00 0.00000E+00 0.00000E+00 0.00000E+00 0.00000E+00 0.00000E+00 0.00000E+00 0.00000E+00 0.00000E+00 0.00000E+00 0.00000E+00 0.00000E+00 0.00000E+00
 7.00000E+01 9.68138E-19 0.00000E+00 0.00000E+00 0.00000E+00 0.00000E+00 0.00000E+00 0.00000E+00 0.00000E+00 0.00000E+00 0.00000E+00 0.00000E+00 0.00000E+00 0.00000E+00 0.00000E+00 0.00000E+00 0.00000E+00 0.00000E+00
 7.30000E+01 8.66385E-19 0.00000E+00 0.00000E+00 0.00000E+00 0.00000E+00 0.00000E+00 0.00000E+00 0.00000E+00 0.00000E+00 0.00000E+00 0.00000E+00 0.00000E+00 0.00000E+00 0.00000E+00 0.00000E+00 0.00000E+00 0.00000E+00
 7.30000E+01 4.66560E-16 0.00000E+00 0.00000E+00 0.00000E+00 0.00000E+00 0.00000E+00 0.00000E+00 0.00000E+00 0.00000E+00 0.00000E+00 0.00000E+00 0.00000E+00 0.00000E+00 0.00000E+00 0.00000E+00 0.00000E+00 0.00000E+00
 7.30609E+01 3.41205E-16 0.00000E+00 0.00000E+00 0.00000E+00 0.00000E+00 0.00000E+00 0.00000E+00 0.00000E+00 0.00000E+00 0.00000E+00 0.00000E+00 0.00000E+00 0.00000E+00 0.00000E+00 0.00000E+00 0.00000E+00 0.00000E+00
 7.31218E+01 2.57017E-16 0.00000E+00 0.00000E+00 0.00000E+00 0.00000E+00 0.00000E+00 0.00000E+00 0.00000E+00 0.00000E+00 0.00000E+00 0.00000E+00 0.00000E+00 0.00000E+00 0.00000E+00 0.00000E+00 0.00000E+00 0.00000E+00
 7.31828E+01 2.01684E-16 0.00000E+00 0.00000E+00 0.00000E+00 0.00000E+00 0.00000E+00 0.00000E+00 0.00000E+00 0.00000E+00 0.00000E+00 0.00000E+00 0.00000E+00 0.00000E+00 0.00000E+00 0.00000E+00 0.00000E+00 0.00000E+00
 7.32438E+01 1.63680E-16 0.00000E+00 0.00000E+00 0.00000E+00 0.00000E+00 0.00000E+00 0.00000E+00 0.00000E+00 0.00000E+00 0.00000E+00 0.00000E+00 0.00000E+00 0.00000E+00 0.00000E+00 0.00000E+00 0.00000E+00 0.00000E+00
 7.33049E+01 1.36526E-16 0.00000E+00 0.00000E+00 0.00000E+00 0.00000E+00 0.00000E+00 0.00000E+00 0.00000E+00 0.00000E+00 0.00000E+00 0.00000E+00 0.00000E+00 0.00000E+00 0.00000E+00 0.00000E+00 0.00000E+00 0.00000E+00
 7.33660E+01 1.16454E-16 0.00000E+00 0.00000E+00 0.00000E+00 0.00000E+00 0.00000E+00 0.00000E+00 0.00000E+00 0.00000E+00 0.00000E+00 0.00000E+00 0.00000E+00 0.00000E+00 0.00000E+00 0.00000E+00 0.00000E+00 0.00000E+00
 7.34272E+01 1.01181E-16 0.00000E+00 0.00000E+00 0.00000E+00 0.00000E+00 0.00000E+00 0.00000E+00 0.00000E+00 0.00000E+00 0.00000E+00 0.00000E+00 0.00000E+00 0.00000E+00 0.00000E+00 0.00000E+00 0.00000E+00 0.00000E+00
 7.34884E+01 8.92712E-17 0.00000E+00 0.00000E+00 0.00000E+00 0.00000E+00 0.00000E+00 0.00000E+00 0.00000E+00 0.00000E+00 0.00000E+00 0.00000E+00 0.00000E+00 0.00000E+00 0.00000E+00 0.00000E+00 0.00000E+00 0.00000E+00
 7.35497E+01 7.97859E-17 0.00000E+00 0.00000E+00 0.00000E+00 0.00000E+00 0.00000E+00 0.00000E+00 0.00000E+00 0.00000E+00 0.00000E+00 0.00000E+00 0.00000E+00 0.00000E+00 0.00000E+00 0.00000E+00 0.00000E+00 0.00000E+00
 7.36110E+01 7.20959E-17 0.00000E+00 0.00000E+00 0.00000E+00 0.00000E+00 0.00000E+00 0.00000E+00 0.00000E+00 0.00000E+00 0.00000E+00 0.00000E+00 0.00000E+00 0.00000E+00 0.00000E+00 0.00000E+00 0.00000E+00 0.00000E+00
 7.36724E+01 6.57615E-17 0.00000E+00 0.00000E+00 0.00000E+00 0.00000E+00 0.00000E+00 0.00000E+00 0.00000E+00 0.00000E+00 0.00000E+00 0.00000E+00 0.00000E+00 0.00000E+00 0.00000E+00 0.00000E+00 0.00000E+00 0.00000E+00
 7.37338E+01 6.04741E-17 0.00000E+00 0.00000E+00 0.00000E+00 0.00000E+00 0.00000E+00 0.00000E+00 0.00000E+00 0.00000E+00 0.00000E+00 0.00000E+00 0.00000E+00 0.00000E+00 0.00000E+00 0.00000E+00 0.00000E+00 0.00000E+00
 7.37953E+01 5.60060E-17 0.00000E+00 0.00000E+00 0.00000E+00 0.00000E+00 0.00000E+00 0.00000E+00 0.00000E+00 0.00000E+00 0.00000E+00 0.00000E+00 0.00000E+00 0.00000E+00 0.00000E+00 0.00000E+00 0.00000E+00 0.00000E+00
 7.38569E+01 5.21914E-17 0.00000E+00 0.00000E+00 0.00000E+00 0.00000E+00 0.00000E+00 0.00000E+00 0.00000E+00 0.00000E+00 0.00000E+00 0.00000E+00 0.00000E+00 0.00000E+00 0.00000E+00 0.00000E+00 0.00000E+00 0.00000E+00
 7.39184E+01 4.89032E-17 0.00000E+00 0.00000E+00 0.00000E+00 0.00000E+00 0.00000E+00 0.00000E+00 0.00000E+00 0.00000E+00 0.00000E+00 0.00000E+00 0.00000E+00 0.00000E+00 0.00000E+00 0.00000E+00 0.00000E+00 0.00000E+00
 7.39801E+01 4.60454E-17 0.00000E+00 0.00000E+00 0.00000E+00 0.00000E+00 0.00000E+00 0.00000E+00 0.00000E+00 0.00000E+00 0.00000E+00 0.00000E+00 0.00000E+00 0.00000E+00 0.00000E+00 0.00000E+00 0.00000E+00 0.00000E+00
 7.40418E+01 4.35426E-17 0.00000E+00 0.00000E+00 0.00000E+00 0.00000E+00 0.00000E+00 0.00000E+00 0.00000E+00 0.00000E+00 0.00000E+00 0.00000E+00 0.00000E+00 0.00000E+00 0.00000E+00 0.00000E+00 0.00000E+00 0.00000E+00
 7.41035E+01 4.13358E-17 0.00000E+00 0.00000E+00 0.00000E+00 0.00000E+00 0.00000E+00 0.00000E+00 0.00000E+00 0.00000E+00 0.00000E+00 0.00000E+00 0.00000E+00 0.00000E+00 0.00000E+00 0.00000E+00 0.00000E+00 0.00000E+00
 7.41653E+01 3.93780E-17 0.00000E+00 0.00000E+00 0.00000E+00 0.00000E+00 0.00000E+00 0.00000E+00 0.00000E+00 0.00000E+00 0.00000E+00 0.00000E+00 0.00000E+00 0.00000E+00 0.00000E+00 0.00000E+00 0.00000E+00 0.00000E+00
 7.42272E+01 3.76314E-17 0.00000E+00 0.00000E+00 0.00000E+00 0.00000E+00 0.00000E+00 0.00000E+00 0.00000E+00 0.00000E+00 0.00000E+00 0.00000E+00 0.00000E+00 0.00000E+00 0.00000E+00 0.00000E+00 0.00000E+00 0.00000E+00
 7.42891E+01 3.60652E-17 0.00000E+00 0.00000E+00 0.00000E+00 0.00000E+00 0.00000E+00 0.00000E+00 0.00000E+00 0.00000E+00 0.00000E+00 0.00000E+00 0.00000E+00 0.00000E+00 0.00000E+00 0.00000E+00 0.00000E+00 0.00000E+00
 7.43510E+01 3.46540E-17 0.00000E+00 0.00000E+00 0.00000E+00 0.00000E+00 0.00000E+00 0.00000E+00 0.00000E+00 0.00000E+00 0.00000E+00 0.00000E+00 0.00000E+00 0.00000E+00 0.00000E+00 0.00000E+00 0.00000E+00 0.00000E+00
 7.44751E+01 3.22172E-17 0.00000E+00 0.00000E+00 0.00000E+00 0.00000E+00 0.00000E+00 0.00000E+00 0.00000E+00 0.00000E+00 0.00000E+00 0.00000E+00 0.00000E+00 0.00000E+00 0.00000E+00 0.00000E+00 0.00000E+00 0.00000E+00
 7.45993E+01 3.01917E-17 0.00000E+00 0.00000E+00 0.00000E+00 0.00000E+00 0.00000E+00 0.00000E+00 0.00000E+00 0.00000E+00 0.00000E+00 0.00000E+00 0.00000E+00 0.00000E+00 0.00000E+00 0.00000E+00 0.00000E+00 0.00000E+00
 7.47238E+01 2.84858E-17 0.00000E+00 0.00000E+00 0.00000E+00 0.00000E+00 0.00000E+00 0.00000E+00 0.00000E+00 0.00000E+00 0.00000E+00 0.00000E+00 0.00000E+00 0.00000E+00 0.00000E+00 0.00000E+00 0.00000E+00 0.00000E+00
 7.48484E+01 2.70323E-17 0.00000E+00 0.00000E+00 0.00000E+00 0.00000E+00 0.00000E+00 0.00000E+00 0.00000E+00 0.00000E+00 0.00000E+00 0.00000E+00 0.00000E+00 0.00000E+00 0.00000E+00 0.00000E+00 0.00000E+00 0.00000E+00
 7.49733E+01 2.57813E-17 0.00000E+00 0.00000E+00 0.00000E+00 0.00000E+00 0.00000E+00 0.00000E+00 0.00000E+00 0.00000E+00 0.00000E+00 0.00000E+00 0.00000E+00 0.00000E+00 0.00000E+00 0.00000E+00 0.00000E+00 0.00000E+00
 7.50984E+01 2.46950E-17 0.00000E+00 0.00000E+00 0.00000E+00 0.00000E+00 0.00000E+00 0.00000E+00 0.00000E+00 0.00000E+00 0.00000E+00 0.00000E+00 0.00000E+00 0.00000E+00 0.00000E+00 0.00000E+00 0.00000E+00 0.00000E+00
 7.52237E+01 2.37443E-17 0.00000E+00 0.00000E+00 0.00000E+00 0.00000E+00 0.00000E+00 0.00000E+00 0.00000E+00 0.00000E+00 0.00000E+00 0.00000E+00 0.00000E+00 0.00000E+00 0.00000E+00 0.00000E+00 0.00000E+00 0.00000E+00
 7.53492E+01 2.29062E-17 0.00000E+00 0.00000E+00 0.00000E+00 0.00000E+00 0.00000E+00 0.00000E+00 0.00000E+00 0.00000E+00 0.00000E+00 0.00000E+00 0.00000E+00 0.00000E+00 0.00000E+00 0.00000E+00 0.00000E+00 0.00000E+00
 7.54749E+01 2.21628E-17 0.00000E+00 0.00000E+00 0.00000E+00 0.00000E+00 0.00000E+00 0.00000E+00 0.00000E+00 0.00000E+00 0.00000E+00 0.00000E+00 0.00000E+00 0.00000E+00 0.00000E+00 0.00000E+00 0.00000E+00 0.00000E+00
 7.56009E+01 2.14993E-17 0.00000E+00 0.00000E+00 0.00000E+00 0.00000E+00 0.00000E+00 0.00000E+00 0.00000E+00 0.00000E+00 0.00000E+00 0.00000E+00 0.00000E+00 0.00000E+00 0.00000E+00 0.00000E+00 0.00000E+00 0.00000E+00
 7.57270E+01 2.09042E-17 0.00000E+00 0.00000E+00 0.00000E+00 0.00000E+00 0.00000E+00 0.00000E+00 0.00000E+00 0.00000E+00 0.00000E+00 0.00000E+00 0.00000E+00 0.00000E+00 0.00000E+00 0.00000E+00 0.00000E+00 0.00000E+00
 7.59799E+01 1.98819E-17 0.00000E+00 0.00000E+00 0.00000E+00 0.00000E+00 0.00000E+00 0.00000E+00 0.00000E+00 0.00000E+00 0.00000E+00 0.00000E+00 0.00000E+00 0.00000E+00 0.00000E+00 0.00000E+00 0.00000E+00 0.00000E+00
 7.62337E+01 1.90368E-17 0.00000E+00 0.00000E+00 0.00000E+00 0.00000E+00 0.00000E+00 0.00000E+00 0.00000E+00 0.00000E+00 0.00000E+00 0.00000E+00 0.00000E+00 0.00000E+00 0.00000E+00 0.00000E+00 0.00000E+00 0.00000E+00
 7.64883E+01 1.83275E-17 0.00000E+00 0.00000E+00 0.00000E+00 0.00000E+00 0.00000E+00 0.00000E+00 0.00000E+00 0.00000E+00 0.00000E+00 0.00000E+00 0.00000E+00 0.00000E+00 0.00000E+00 0.00000E+00 0.00000E+00 0.00000E+00
 7.67437E+01 1.77241E-17 0.00000E+00 0.00000E+00 0.00000E+00 0.00000E+00 0.00000E+00 0.00000E+00 0.00000E+00 0.00000E+00 0.00000E+00 0.00000E+00 0.00000E+00 0.00000E+00 0.00000E+00 0.00000E+00 0.00000E+00 0.00000E+00
 7.70000E+01 1.72044E-17 0.00000E+00 0.00000E+00 0.00000E+00 0.00000E+00 0.00000E+00 0.00000E+00 0.00000E+00 0.00000E+00 0.00000E+00 0.00000E+00 0.00000E+00 0.00000E+00 0.00000E+00 0.00000E+00 0.00000E+00 0.00000E+00
 7.70000E+01 7.40503E-17 0.00000E+00 0.00000E+00 0.00000E+00 0.00000E+00 0.00000E+00 0.00000E+00 0.00000E+00 0.00000E+00 0.00000E+00 0.00000E+00 0.00000E+00 0.00000E+00 0.00000E+00 0.00000E+00 0.00000E+00 0.00000E+00
 7.70460E+01 6.85618E-17 0.00000E+00 0.00000E+00 0.00000E+00 0.00000E+00 0.00000E+00 0.00000E+00 0.00000E+00 0.00000E+00 0.00000E+00 0.00000E+00 0.00000E+00 0.00000E+00 0.00000E+00 0.00000E+00 0.00000E+00 0.00000E+00
 7.70920E+01 6.37598E-17 0.00000E+00 0.00000E+00 0.00000E+00 0.00000E+00 0.00000E+00 0.00000E+00 0.00000E+00 0.00000E+00 0.00000E+00 0.00000E+00 0.00000E+00 0.00000E+00 0.00000E+00 0.00000E+00 0.00000E+00 0.00000E+00
 7.71381E+01 5.97384E-17 0.00000E+00 0.00000E+00 0.00000E+00 0.00000E+00 0.00000E+00 0.00000E+00 0.00000E+00 0.00000E+00 0.00000E+00 0.00000E+00 0.00000E+00 0.00000E+00 0.00000E+00 0.00000E+00 0.00000E+00 0.00000E+00
 7.71842E+01 5.63375E-17 0.00000E+00 0.00000E+00 0.00000E+00 0.00000E+00 0.00000E+00 0.00000E+00 0.00000E+00 0.00000E+00 0.00000E+00 0.00000E+00 0.00000E+00 0.00000E+00 0.00000E+00 0.00000E+00 0.00000E+00 0.00000E+00
 7.72303E+01 5.34294E-17 0.00000E+00 0.00000E+00 0.00000E+00 0.00000E+00 0.00000E+00 0.00000E+00 0.00000E+00 0.00000E+00 0.00000E+00 0.00000E+00 0.00000E+00 0.00000E+00 0.00000E+00 0.00000E+00 0.00000E+00 0.00000E+00
 7.72764E+01 5.09181E-17 0.00000E+00 0.00000E+00 0.00000E+00 0.00000E+00 0.00000E+00 0.00000E+00 0.00000E+00 0.00000E+00 0.00000E+00 0.00000E+00 0.00000E+00 0.00000E+00 0.00000E+00 0.00000E+00 0.00000E+00 0.00000E+00
 7.73226E+01 4.87304E-17 0.00000E+00 0.00000E+00 0.00000E+00 0.00000E+00 0.00000E+00 0.00000E+00 0.00000E+00 0.00000E+00 0.00000E+00 0.00000E+00 0.00000E+00 0.00000E+00 0.00000E+00 0.00000E+00 0.00000E+00 0.00000E+00
 7.73688E+01 4.68093E-17 0.00000E+00 0.00000E+00 0.00000E+00 0.00000E+00 0.00000E+00 0.00000E+00 0.00000E+00 0.00000E+00 0.00000E+00 0.00000E+00 0.00000E+00 0.00000E+00 0.00000E+00 0.00000E+00 0.00000E+00 0.00000E+00
 7.74150E+01 4.51104E-17 0.00000E+00 0.00000E+00 0.00000E+00 0.00000E+00 0.00000E+00 0.00000E+00 0.00000E+00 0.00000E+00 0.00000E+00 0.00000E+00 0.00000E+00 0.00000E+00 0.00000E+00 0.00000E+00 0.00000E+00 0.00000E+00
 7.74612E+01 4.35982E-17 0.00000E+00 0.00000E+00 0.00000E+00 0.00000E+00 0.00000E+00 0.00000E+00 0.00000E+00 0.00000E+00 0.00000E+00 0.00000E+00 0.00000E+00 0.00000E+00 0.00000E+00 0.00000E+00 0.00000E+00 0.00000E+00
 7.75538E+01 4.10256E-17 0.00000E+00 0.00000E+00 0.00000E+00 0.00000E+00 0.00000E+00 0.00000E+00 0.00000E+00 0.00000E+00 0.00000E+00 0.00000E+00 0.00000E+00 0.00000E+00 0.00000E+00 0.00000E+00 0.00000E+00 0.00000E+00
 7.76465E+01 3.89214E-17 0.00000E+00 0.00000E+00 0.00000E+00 0.00000E+00 0.00000E+00 0.00000E+00 0.00000E+00 0.00000E+00 0.00000E+00 0.00000E+00 0.00000E+00 0.00000E+00 0.00000E+00 0.00000E+00 0.00000E+00 0.00000E+00
 7.77393E+01 3.71700E-17 0.00000E+00 0.00000E+00 0.00000E+00 0.00000E+00 0.00000E+00 0.00000E+00 0.00000E+00 0.00000E+00 0.00000E+00 0.00000E+00 0.00000E+00 0.00000E+00 0.00000E+00 0.00000E+00 0.00000E+00 0.00000E+00
 7.78322E+01 3.56903E-17 0.00000E+00 0.00000E+00 0.00000E+00 0.00000E+00 0.00000E+00 0.00000E+00 0.00000E+00 0.00000E+00 0.00000E+00 0.00000E+00 0.00000E+00 0.00000E+00 0.00000E+00 0.00000E+00 0.00000E+00 0.00000E+00
 7.79252E+01 3.44239E-17 0.00000E+00 0.00000E+00 0.00000E+00 0.00000E+00 0.00000E+00 0.00000E+00 0.00000E+00 0.00000E+00 0.00000E+00 0.00000E+00 0.00000E+00 0.00000E+00 0.00000E+00 0.00000E+00 0.00000E+00 0.00000E+00
 7.80183E+01 3.33278E-17 0.00000E+00 0.00000E+00 0.00000E+00 0.00000E+00 0.00000E+00 0.00000E+00 0.00000E+00 0.00000E+00 0.00000E+00 0.00000E+00 0.00000E+00 0.00000E+00 0.00000E+00 0.00000E+00 0.00000E+00 0.00000E+00
 7.81116E+01 3.23697E-17 0.00000E+00 0.00000E+00 0.00000E+00 0.00000E+00 0.00000E+00 0.00000E+00 0.00000E+00 0.00000E+00 0.00000E+00 0.00000E+00 0.00000E+00 0.00000E+00 0.00000E+00 0.00000E+00 0.00000E+00 0.00000E+00
 7.82049E+01 3.15249E-17 0.00000E+00 0.00000E+00 0.00000E+00 0.00000E+00 0.00000E+00 0.00000E+00 0.00000E+00 0.00000E+00 0.00000E+00 0.00000E+00 0.00000E+00 0.00000E+00 0.00000E+00 0.00000E+00 0.00000E+00 0.00000E+00
 7.82984E+01 3.07741E-17 0.00000E+00 0.00000E+00 0.00000E+00 0.00000E+00 0.00000E+00 0.00000E+00 0.00000E+00 0.00000E+00 0.00000E+00 0.00000E+00 0.00000E+00 0.00000E+00 0.00000E+00 0.00000E+00 0.00000E+00 0.00000E+00
 7.84857E+01 2.94972E-17 0.00000E+00 0.00000E+00 0.00000E+00 0.00000E+00 0.00000E+00 0.00000E+00 0.00000E+00 0.00000E+00 0.00000E+00 0.00000E+00 0.00000E+00 0.00000E+00 0.00000E+00 0.00000E+00 0.00000E+00 0.00000E+00
 7.86734E+01 2.84505E-17 0.00000E+00 0.00000E+00 0.00000E+00 0.00000E+00 0.00000E+00 0.00000E+00 0.00000E+00 0.00000E+00 0.00000E+00 0.00000E+00 0.00000E+00 0.00000E+00 0.00000E+00 0.00000E+00 0.00000E+00 0.00000E+00
 7.88615E+01 2.75748E-17 0.00000E+00 0.00000E+00 0.00000E+00 0.00000E+00 0.00000E+00 0.00000E+00 0.00000E+00 0.00000E+00 0.00000E+00 0.00000E+00 0.00000E+00 0.00000E+00 0.00000E+00 0.00000E+00 0.00000E+00 0.00000E+00
 7.90502E+01 2.68298E-17 0.00000E+00 0.00000E+00 0.00000E+00 0.00000E+00 0.00000E+00 0.00000E+00 0.00000E+00 0.00000E+00 0.00000E+00 0.00000E+00 0.00000E+00 0.00000E+00 0.00000E+00 0.00000E+00 0.00000E+00 0.00000E+00
 7.92392E+01 2.61866E-17 0.00000E+00 0.00000E+00 0.00000E+00 0.00000E+00 0.00000E+00 0.00000E+00 0.00000E+00 0.00000E+00 0.00000E+00 0.00000E+00 0.00000E+00 0.00000E+00 0.00000E+00 0.00000E+00 0.00000E+00 0.00000E+00
 7.96187E+01 2.51268E-17 0.00000E+00 0.00000E+00 0.00000E+00 0.00000E+00 0.00000E+00 0.00000E+00 0.00000E+00 0.00000E+00 0.00000E+00 0.00000E+00 0.00000E+00 0.00000E+00 0.00000E+00 0.00000E+00 0.00000E+00 0.00000E+00
 8.00000E+01 2.42813E-17 0.00000E+00 0.00000E+00 0.00000E+00 0.00000E+00 0.00000E+00 0.00000E+00 0.00000E+00 0.00000E+00 0.00000E+00 0.00000E+00 0.00000E+00 0.00000E+00 0.00000E+00 0.00000E+00 0.00000E+00 0.00000E+00
 8.05911E+01 2.32486E-17 0.00000E+00 0.00000E+00 0.00000E+00 0.00000E+00 0.00000E+00 0.00000E+00 0.00000E+00 0.00000E+00 0.00000E+00 0.00000E+00 0.00000E+00 0.00000E+00 0.00000E+00 0.00000E+00 0.00000E+00 0.00000E+00
 8.11865E+01 2.24229E-17 0.00000E+00 0.00000E+00 0.00000E+00 0.00000E+00 0.00000E+00 0.00000E+00 0.00000E+00 0.00000E+00 0.00000E+00 0.00000E+00 0.00000E+00 0.00000E+00 0.00000E+00 0.00000E+00 0.00000E+00 0.00000E+00
 8.17864E+01 2.17221E-17 0.00000E+00 0.00000E+00 0.00000E+00 0.00000E+00 0.00000E+00 0.00000E+00 0.00000E+00 0.00000E+00 0.00000E+00 0.00000E+00 0.00000E+00 0.00000E+00 0.00000E+00 0.00000E+00 0.00000E+00 0.00000E+00
 8.23907E+01 2.10983E-17 0.00000E+00 0.00000E+00 0.00000E+00 0.00000E+00 0.00000E+00 0.00000E+00 0.00000E+00 0.00000E+00 0.00000E+00 0.00000E+00 0.00000E+00 0.00000E+00 0.00000E+00 0.00000E+00 0.00000E+00 0.00000E+00
 8.48528E+01 1.89156E-17 0.00000E+00 0.00000E+00 0.00000E+00 0.00000E+00 0.00000E+00 0.00000E+00 0.00000E+00 0.00000E+00 0.00000E+00 0.00000E+00 0.00000E+00 0.00000E+00 0.00000E+00 0.00000E+00 0.00000E+00 0.00000E+00
 8.61113E+01 1.78774E-17 0.00000E+00 0.00000E+00 0.00000E+00 0.00000E+00 0.00000E+00 0.00000E+00 0.00000E+00 0.00000E+00 0.00000E+00 0.00000E+00 0.00000E+00 0.00000E+00 0.00000E+00 0.00000E+00 0.00000E+00 0.00000E+00
 8.73885E+01 1.68466E-17 0.00000E+00 0.00000E+00 0.00000E+00 0.00000E+00 0.00000E+00 0.00000E+00 0.00000E+00 0.00000E+00 0.00000E+00 0.00000E+00 0.00000E+00 0.00000E+00 0.00000E+00 0.00000E+00 0.00000E+00 0.00000E+00
 8.86846E+01 1.58311E-17 0.00000E+00 0.00000E+00 0.00000E+00 0.00000E+00 0.00000E+00 0.00000E+00 0.00000E+00 0.00000E+00 0.00000E+00 0.00000E+00 0.00000E+00 0.00000E+00 0.00000E+00 0.00000E+00 0.00000E+00 0.00000E+00
 9.00000E+01 1.48420E-17 0.00000E+00 0.00000E+00 0.00000E+00 0.00000E+00 0.00000E+00 0.00000E+00 0.00000E+00 0.00000E+00 0.00000E+00 0.00000E+00 0.00000E+00 0.00000E+00 0.00000E+00 0.00000E+00 0.00000E+00 0.00000E+00
 1.00000E+02 9.19959E-18 0.00000E+00 0.00000E+00 0.00000E+00 0.00000E+00 0.00000E+00 0.00000E+00 0.00000E+00 0.00000E+00 0.00000E+00 0.00000E+00 0.00000E+00 0.00000E+00 0.00000E+00 0.00000E+00 0.00000E+00 0.00000E+00
 1.10000E+02 6.02686E-18 0.00000E+00 0.00000E+00 0.00000E+00 0.00000E+00 0.00000E+00 0.00000E+00 0.00000E+00 0.00000E+00 0.00000E+00 0.00000E+00 0.00000E+00 0.00000E+00 0.00000E+00 0.00000E+00 0.00000E+00 0.00000E+00
 1.17260E+02 4.50303E-18 0.00000E+00 0.00000E+00 0.00000E+00 0.00000E+00 0.00000E+00 0.00000E+00 0.00000E+00 0.00000E+00 0.00000E+00 0.00000E+00 0.00000E+00 0.00000E+00 0.00000E+00 0.00000E+00 0.00000E+00 0.00000E+00
 1.25000E+02 3.34353E-18 0.00000E+00 0.00000E+00 0.00000E+00 0.00000E+00 0.00000E+00 0.00000E+00 0.00000E+00 0.00000E+00 0.00000E+00 0.00000E+00 0.00000E+00 0.00000E+00 0.00000E+00 0.00000E+00 0.00000E+00 0.00000E+00
 1.32288E+02 2.56806E-18 0.00000E+00 0.00000E+00 0.00000E+00 0.00000E+00 0.00000E+00 0.00000E+00 0.00000E+00 0.00000E+00 0.00000E+00 0.00000E+00 0.00000E+00 0.00000E+00 0.00000E+00 0.00000E+00 0.00000E+00 0.00000E+00
 1.40000E+02 1.98088E-18 0.00000E+00 0.00000E+00 0.00000E+00 0.00000E+00 0.00000E+00 0.00000E+00 0.00000E+00 0.00000E+00 0.00000E+00 0.00000E+00 0.00000E+00 0.00000E+00 0.00000E+00 0.00000E+00 0.00000E+00 0.00000E+00
 1.50000E+02 1.44894E-18 0.00000E+00 0.00000E+00 0.00000E+00 0.00000E+00 0.00000E+00 0.00000E+00 0.00000E+00 0.00000E+00 0.00000E+00 0.00000E+00 0.00000E+00 0.00000E+00 0.00000E+00 0.00000E+00 0.00000E+00 0.00000E+00
 1.55403E+02 1.23659E-18 0.00000E+00 0.00000E+00 0.00000E+00 0.00000E+00 0.00000E+00 0.00000E+00 0.00000E+00 0.00000E+00 0.00000E+00 0.00000E+00 0.00000E+00 0.00000E+00 0.00000E+00 0.00000E+00 0.00000E+00 0.00000E+00
 1.61000E+02 1.05872E-18 0.00000E+00 0.00000E+00 0.00000E+00 0.00000E+00 0.00000E+00 0.00000E+00 0.00000E+00 0.00000E+00 0.00000E+00 0.00000E+00 0.00000E+00 0.00000E+00 0.00000E+00 0.00000E+00 0.00000E+00 0.00000E+00
 1.61000E+02 1.60459E-18 0.00000E+00 0.00000E+00 0.00000E+00 0.00000E+00 0.00000E+00 0.00000E+00 0.00000E+00 0.00000E+00 0.00000E+00 0.00000E+00 0.00000E+00 0.00000E+00 0.00000E+00 0.00000E+00 0.00000E+00 0.00000E+00
 1.61105E+02 1.58375E-18 0.00000E+00 0.00000E+00 0.00000E+00 0.00000E+00 0.00000E+00 0.00000E+00 0.00000E+00 0.00000E+00 0.00000E+00 0.00000E+00 0.00000E+00 0.00000E+00 0.00000E+00 0.00000E+00 0.00000E+00 0.00000E+00
 1.61210E+02 1.57095E-18 0.00000E+00 0.00000E+00 0.00000E+00 0.00000E+00 0.00000E+00 0.00000E+00 0.00000E+00 0.00000E+00 0.00000E+00 0.00000E+00 0.00000E+00 0.00000E+00 0.00000E+00 0.00000E+00 0.00000E+00 0.00000E+00
 1.61420E+02 1.55452E-18 0.00000E+00 0.00000E+00 0.00000E+00 0.00000E+00 0.00000E+00 0.00000E+00 0.00000E+00 0.00000E+00 0.00000E+00 0.00000E+00 0.00000E+00 0.00000E+00 0.00000E+00 0.00000E+00 0.00000E+00 0.00000E+00
 1.61841E+02 1.53164E-18 0.00000E+00 0.00000E+00 0.00000E+00 0.00000E+00 0.00000E+00 0.00000E+00 0.00000E+00 0.00000E+00 0.00000E+00 0.00000E+00 0.00000E+00 0.00000E+00 0.00000E+00 0.00000E+00 0.00000E+00 0.00000E+00
 1.62687E+02 1.49433E-18 0.00000E+00 0.00000E+00 0.00000E+00 0.00000E+00 0.00000E+00 0.00000E+00 0.00000E+00 0.00000E+00 0.00000E+00 0.00000E+00 0.00000E+00 0.00000E+00 0.00000E+00 0.00000E+00 0.00000E+00 0.00000E+00
 1.64391E+02 1.42971E-18 0.00000E+00 0.00000E+00 0.00000E+00 0.00000E+00 0.00000E+00 0.00000E+00 0.00000E+00 0.00000E+00 0.00000E+00 0.00000E+00 0.00000E+00 0.00000E+00 0.00000E+00 0.00000E+00 0.00000E+00 0.00000E+00
 1.67854E+02 1.32056E-18 0.00000E+00 0.00000E+00 0.00000E+00 0.00000E+00 0.00000E+00 0.00000E+00 0.00000E+00 0.00000E+00 0.00000E+00 0.00000E+00 0.00000E+00 0.00000E+00 0.00000E+00 0.00000E+00 0.00000E+00 0.00000E+00
 1.71390E+02 1.22787E-18 0.00000E+00 0.00000E+00 0.00000E+00 0.00000E+00 0.00000E+00 0.00000E+00 0.00000E+00 0.00000E+00 0.00000E+00 0.00000E+00 0.00000E+00 0.00000E+00 0.00000E+00 0.00000E+00 0.00000E+00 0.00000E+00
 1.75000E+02 1.14569E-18 0.00000E+00 0.00000E+00 0.00000E+00 0.00000E+00 0.00000E+00 0.00000E+00 0.00000E+00 0.00000E+00 0.00000E+00 0.00000E+00 0.00000E+00 0.00000E+00 0.00000E+00 0.00000E+00 0.00000E+00 0.00000E+00
 1.80941E+02 1.02962E-18 0.00000E+00 0.00000E+00 0.00000E+00 0.00000E+00 0.00000E+00 0.00000E+00 0.00000E+00 0.00000E+00 0.00000E+00 0.00000E+00 0.00000E+00 0.00000E+00 0.00000E+00 0.00000E+00 0.00000E+00 0.00000E+00
 1.87083E+02 9.29731E-19 0.00000E+00 0.00000E+00 0.00000E+00 0.00000E+00 0.00000E+00 0.00000E+00 0.00000E+00 0.00000E+00 0.00000E+00 0.00000E+00 0.00000E+00 0.00000E+00 0.00000E+00 0.00000E+00 0.00000E+00 0.00000E+00
 1.93434E+02 8.44292E-19 0.00000E+00 0.00000E+00 0.00000E+00 0.00000E+00 0.00000E+00 0.00000E+00 0.00000E+00 0.00000E+00 0.00000E+00 0.00000E+00 0.00000E+00 0.00000E+00 0.00000E+00 0.00000E+00 0.00000E+00 0.00000E+00
 2.00000E+02 7.72386E-19 0.00000E+00 0.00000E+00 0.00000E+00 0.00000E+00 0.00000E+00 0.00000E+00 0.00000E+00 0.00000E+00 0.00000E+00 0.00000E+00 0.00000E+00 0.00000E+00 0.00000E+00 0.00000E+00 0.00000E+00 0.00000E+00
 2.01000E+02 7.62726E-19 0.00000E+00 0.00000E+00 0.00000E+00 0.00000E+00 0.00000E+00 0.00000E+00 0.00000E+00 0.00000E+00 0.00000E+00 0.00000E+00 0.00000E+00 0.00000E+00 0.00000E+00 0.00000E+00 0.00000E+00 0.00000E+00
 2.01000E+02 1.00980E-18 0.00000E+00 0.00000E+00 0.00000E+00 0.00000E+00 0.00000E+00 0.00000E+00 0.00000E+00 0.00000E+00 0.00000E+00 0.00000E+00 0.00000E+00 0.00000E+00 0.00000E+00 0.00000E+00 0.00000E+00 0.00000E+00
 2.01142E+02 1.00578E-18 0.00000E+00 0.00000E+00 0.00000E+00 0.00000E+00 0.00000E+00 0.00000E+00 0.00000E+00 0.00000E+00 0.00000E+00 0.00000E+00 0.00000E+00 0.00000E+00 0.00000E+00 0.00000E+00 0.00000E+00 0.00000E+00
 2.01284E+02 1.00202E-18 0.00000E+00 0.00000E+00 0.00000E+00 0.00000E+00 0.00000E+00 0.00000E+00 0.00000E+00 0.00000E+00 0.00000E+00 0.00000E+00 0.00000E+00 0.00000E+00 0.00000E+00 0.00000E+00 0.00000E+00 0.00000E+00
 2.01568E+02 9.95556E-19 0.00000E+00 0.00000E+00 0.00000E+00 0.00000E+00 0.00000E+00 0.00000E+00 0.00000E+00 0.00000E+00 0.00000E+00 0.00000E+00 0.00000E+00 0.00000E+00 0.00000E+00 0.00000E+00 0.00000E+00 0.00000E+00
 2.02138E+02 9.84247E-19 0.00000E+00 0.00000E+00 0.00000E+00 0.00000E+00 0.00000E+00 0.00000E+00 0.00000E+00 0.00000E+00 0.00000E+00 0.00000E+00 0.00000E+00 0.00000E+00 0.00000E+00 0.00000E+00 0.00000E+00 0.00000E+00
 2.03282E+02 9.64811E-19 0.00000E+00 0.00000E+00 0.00000E+00 0.00000E+00 0.00000E+00 0.00000E+00 0.00000E+00 0.00000E+00 0.00000E+00 0.00000E+00 0.00000E+00 0.00000E+00 0.00000E+00 0.00000E+00 0.00000E+00 0.00000E+00
 2.05590E+02 9.32659E-19 0.00000E+00 0.00000E+00 0.00000E+00 0.00000E+00 0.00000E+00 0.00000E+00 0.00000E+00 0.00000E+00 0.00000E+00 0.00000E+00 0.00000E+00 0.00000E+00 0.00000E+00 0.00000E+00 0.00000E+00 0.00000E+00
 2.10286E+02 8.80565E-19 0.00000E+00 0.00000E+00 0.00000E+00 0.00000E+00 0.00000E+00 0.00000E+00 0.00000E+00 0.00000E+00 0.00000E+00 0.00000E+00 0.00000E+00 0.00000E+00 0.00000E+00 0.00000E+00 0.00000E+00 0.00000E+00
 2.20000E+02 7.94321E-19 0.00000E+00 0.00000E+00 0.00000E+00 0.00000E+00 0.00000E+00 0.00000E+00 0.00000E+00 0.00000E+00 0.00000E+00 0.00000E+00 0.00000E+00 0.00000E+00 0.00000E+00 0.00000E+00 0.00000E+00 0.00000E+00
 2.27144E+02 7.42521E-19 0.00000E+00 0.00000E+00 0.00000E+00 0.00000E+00 0.00000E+00 0.00000E+00 0.00000E+00 0.00000E+00 0.00000E+00 0.00000E+00 0.00000E+00 0.00000E+00 0.00000E+00 0.00000E+00 0.00000E+00 0.00000E+00
 2.34521E+02 6.97986E-19 0.00000E+00 0.00000E+00 0.00000E+00 0.00000E+00 0.00000E+00 0.00000E+00 0.00000E+00 0.00000E+00 0.00000E+00 0.00000E+00 0.00000E+00 0.00000E+00 0.00000E+00 0.00000E+00 0.00000E+00 0.00000E+00
 2.42137E+02 6.60019E-19 0.00000E+00 0.00000E+00 0.00000E+00 0.00000E+00 0.00000E+00 0.00000E+00 0.00000E+00 0.00000E+00 0.00000E+00 0.00000E+00 0.00000E+00 0.00000E+00 0.00000E+00 0.00000E+00 0.00000E+00 0.00000E+00
 2.50000E+02 6.27748E-19 0.00000E+00 0.00000E+00 0.00000E+00 0.00000E+00 0.00000E+00 0.00000E+00 0.00000E+00 0.00000E+00 0.00000E+00 0.00000E+00 0.00000E+00 0.00000E+00 0.00000E+00 0.00000E+00 0.00000E+00 0.00000E+00
 2.53000E+02 6.16982E-19 0.00000E+00 0.00000E+00 0.00000E+00 0.00000E+00 0.00000E+00 0.00000E+00 0.00000E+00 0.00000E+00 0.00000E+00 0.00000E+00 0.00000E+00 0.00000E+00 0.00000E+00 0.00000E+00 0.00000E+00 0.00000E+00
 2.53000E+02 6.78211E-19 0.00000E+00 0.00000E+00 0.00000E+00 0.00000E+00 0.00000E+00 0.00000E+00 0.00000E+00 0.00000E+00 0.00000E+00 0.00000E+00 0.00000E+00 0.00000E+00 0.00000E+00 0.00000E+00 0.00000E+00 0.00000E+00
 2.53249E+02 6.77105E-19 0.00000E+00 0.00000E+00 0.00000E+00 0.00000E+00 0.00000E+00 0.00000E+00 0.00000E+00 0.00000E+00 0.00000E+00 0.00000E+00 0.00000E+00 0.00000E+00 0.00000E+00 0.00000E+00 0.00000E+00 0.00000E+00
 2.53499E+02 6.76004E-19 0.00000E+00 0.00000E+00 0.00000E+00 0.00000E+00 0.00000E+00 0.00000E+00 0.00000E+00 0.00000E+00 0.00000E+00 0.00000E+00 0.00000E+00 0.00000E+00 0.00000E+00 0.00000E+00 0.00000E+00 0.00000E+00
 2.53999E+02 6.73819E-19 0.00000E+00 0.00000E+00 0.00000E+00 0.00000E+00 0.00000E+00 0.00000E+00 0.00000E+00 0.00000E+00 0.00000E+00 0.00000E+00 0.00000E+00 0.00000E+00 0.00000E+00 0.00000E+00 0.00000E+00 0.00000E+00
 2.55002E+02 6.69542E-19 0.00000E+00 0.00000E+00 0.00000E+00 0.00000E+00 0.00000E+00 0.00000E+00 0.00000E+00 0.00000E+00 0.00000E+00 0.00000E+00 0.00000E+00 0.00000E+00 0.00000E+00 0.00000E+00 0.00000E+00 0.00000E+00
 2.57019E+02 6.61512E-19 0.00000E+00 0.00000E+00 0.00000E+00 0.00000E+00 0.00000E+00 0.00000E+00 0.00000E+00 0.00000E+00 0.00000E+00 0.00000E+00 0.00000E+00 0.00000E+00 0.00000E+00 0.00000E+00 0.00000E+00 0.00000E+00
 2.61102E+02 6.47301E-19 0.00000E+00 0.00000E+00 0.00000E+00 0.00000E+00 0.00000E+00 0.00000E+00 0.00000E+00 0.00000E+00 0.00000E+00 0.00000E+00 0.00000E+00 0.00000E+00 0.00000E+00 0.00000E+00 0.00000E+00 0.00000E+00
 2.69464E+02 6.24213E-19 0.00000E+00 0.00000E+00 0.00000E+00 0.00000E+00 0.00000E+00 0.00000E+00 0.00000E+00 0.00000E+00 0.00000E+00 0.00000E+00 0.00000E+00 0.00000E+00 0.00000E+00 0.00000E+00 0.00000E+00 0.00000E+00
 2.78094E+02 6.05051E-19 0.00000E+00 0.00000E+00 0.00000E+00 0.00000E+00 0.00000E+00 0.00000E+00 0.00000E+00 0.00000E+00 0.00000E+00 0.00000E+00 0.00000E+00 0.00000E+00 0.00000E+00 0.00000E+00 0.00000E+00 0.00000E+00
 2.87000E+02 5.87835E-19 0.00000E+00 0.00000E+00 0.00000E+00 0.00000E+00 0.00000E+00 0.00000E+00 0.00000E+00 0.00000E+00 0.00000E+00 0.00000E+00 0.00000E+00 0.00000E+00 0.00000E+00 0.00000E+00 0.00000E+00 0.00000E+00
 2.87000E+02 7.37235E-19 0.00000E+00 0.00000E+00 0.00000E+00 0.00000E+00 0.00000E+00 0.00000E+00 0.00000E+00 0.00000E+00 0.00000E+00 0.00000E+00 0.00000E+00 0.00000E+00 0.00000E+00 0.00000E+00 0.00000E+00 1.49400E-19
 2.87277E+02 7.31632E-19 0.00000E+00 0.00000E+00 0.00000E+00 0.00000E+00 0.00000E+00 0.00000E+00 0.00000E+00 0.00000E+00 0.00000E+00 0.00000E+00 0.00000E+00 0.00000E+00 0.00000E+00 0.00000E+00 0.00000E+00 1.44299E-19
 2.87554E+02 7.27889E-19 0.00000E+00 0.00000E+00 0.00000E+00 0.00000E+00 0.00000E+00 0.00000E+00 0.00000E+00 0.00000E+00 0.00000E+00 0.00000E+00 0.00000E+00 0.00000E+00 0.00000E+00 0.00000E+00 0.00000E+00 1.41058E-19
 2.88110E+02 7.22007E-19 0.00000E+00 0.00000E+00 0.00000E+00 0.00000E+00 0.00000E+00 0.00000E+00 0.00000E+00 0.00000E+00 0.00000E+00 0.00000E+00 0.00000E+00 0.00000E+00 0.00000E+00 0.00000E+00 0.00000E+00 1.36172E-19
 2.89224E+02 7.13515E-19 0.00000E+00 0.00000E+00 0.00000E+00 0.00000E+00 0.00000E+00 0.00000E+00 0.00000E+00 0.00000E+00 0.00000E+00 0.00000E+00 0.00000E+00 0.00000E+00 0.00000E+00 0.00000E+00 0.00000E+00 1.29655E-19
 2.91465E+02 7.03183E-19 0.00000E+00 0.00000E+00 0.00000E+00 0.00000E+00 0.00000E+00 0.00000E+00 0.00000E+00 0.00000E+00 0.00000E+00 0.00000E+00 0.00000E+00 0.00000E+00 0.00000E+00 0.00000E+00 0.00000E+00 1.23202E-19
 2.93724E+02 6.96912E-19 0.00000E+00 0.00000E+00 0.00000E+00 0.00000E+00 0.00000E+00 0.00000E+00 0.00000E+00 0.00000E+00 0.00000E+00 0.00000E+00 0.00000E+00 0.00000E+00 0.00000E+00 0.00000E+00 0.00000E+00 1.20713E-19
 2.96000E+02 6.92449E-19 0.00000E+00 0.00000E+00 0.00000E+00 0.00000E+00 0.00000E+00 0.00000E+00 0.00000E+00 0.00000E+00 0.00000E+00 0.00000E+00 0.00000E+00 0.00000E+00 0.00000E+00 0.00000E+00 0.00000E+00 1.19935E-19
 2.96000E+02 7.93109E-19 0.00000E+00 0.00000E+00 0.00000E+00 0.00000E+00 0.00000E+00 0.00000E+00 0.00000E+00 0.00000E+00 0.00000E+00 0.00000E+00 0.00000E+00 0.00000E+00 0.00000E+00 0.00000E+00 1.00661E-19 1.19935E-19
 2.96248E+02 7.91186E-19 0.00000E+00 0.00000E+00 0.00000E+00 0.00000E+00 0.00000E+00 0.00000E+00 0.00000E+00 0.00000E+00 0.00000E+00 0.00000E+00 0.00000E+00 0.00000E+00 0.00000E+00 0.00000E+00 9.91511E-20 1.19916E-19
 2.96497E+02 7.89413E-19 0.00000E+00 0.00000E+00 0.00000E+00 0.00000E+00 0.00000E+00 0.00000E+00 0.00000E+00 0.00000E+00 0.00000E+00 0.00000E+00 0.00000E+00 0.00000E+00 0.00000E+00 0.00000E+00 9.77799E-20 1.19908E-19
 2.96995E+02 7.86576E-19 0.00000E+00 0.00000E+00 0.00000E+00 0.00000E+00 0.00000E+00 0.00000E+00 0.00000E+00 0.00000E+00 0.00000E+00 0.00000E+00 0.00000E+00 0.00000E+00 0.00000E+00 0.00000E+00 9.57077E-20 1.19926E-19
 2.97993E+02 7.82267E-19 0.00000E+00 0.00000E+00 0.00000E+00 0.00000E+00 0.00000E+00 0.00000E+00 0.00000E+00 0.00000E+00 0.00000E+00 0.00000E+00 0.00000E+00 0.00000E+00 0.00000E+00 0.00000E+00 9.27762E-20 1.20102E-19
 3.00000E+02 7.77125E-19 0.00000E+00 0.00000E+00 0.00000E+00 0.00000E+00 0.00000E+00 0.00000E+00 0.00000E+00 0.00000E+00 0.00000E+00 0.00000E+00 0.00000E+00 0.00000E+00 0.00000E+00 0.00000E+00 8.97179E-20 1.21067E-19
 3.02904E+02 7.74656E-19 0.00000E+00 0.00000E+00 0.00000E+00 0.00000E+00 0.00000E+00 0.00000E+00 0.00000E+00 0.00000E+00 0.00000E+00 0.00000E+00 0.00000E+00 0.00000E+00 0.00000E+00 0.00000E+00 8.82788E-20 1.24283E-19
 3.05837E+02 7.76593E-19 0.00000E+00 0.00000E+00 0.00000E+00 0.00000E+00 0.00000E+00 0.00000E+00 0.00000E+00 0.00000E+00 0.00000E+00 0.00000E+00 0.00000E+00 0.00000E+00 0.00000E+00 0.00000E+00 8.81459E-20 1.30453E-19
 3.08798E+02 7.83370E-19 0.00000E+00 0.00000E+00 0.00000E+00 0.00000E+00 0.00000E+00 0.00000E+00 0.00000E+00 0.00000E+00 0.00000E+00 0.00000E+00 0.00000E+00 0.00000E+00 0.00000E+00 0.00000E+00 8.89034E-20 1.40433E-19
 3.11787E+02 7.96316E-19 0.00000E+00 0.00000E+00 0.00000E+00 0.00000E+00 0.00000E+00 0.00000E+00 0.00000E+00 0.00000E+00 0.00000E+00 0.00000E+00 0.00000E+00 0.00000E+00 0.00000E+00 0.00000E+00 9.10536E-20 1.55062E-19
 3.13293E+02 8.05605E-19 0.00000E+00 0.00000E+00 0.00000E+00 0.00000E+00 0.00000E+00 0.00000E+00 0.00000E+00 0.00000E+00 0.00000E+00 0.00000E+00 0.00000E+00 0.00000E+00 0.00000E+00 0.00000E+00 9.28886E-20 1.64386E-19
 3.14805E+02 8.17031E-19 0.00000E+00 0.00000E+00 0.00000E+00 0.00000E+00 0.00000E+00 0.00000E+00 0.00000E+00 0.00000E+00 0.00000E+00 0.00000E+00 0.00000E+00 0.00000E+00 0.00000E+00 0.00000E+00 9.53534E-20 1.75190E-19
 3.16326E+02 8.30773E-19 0.00000E+00 0.00000E+00 0.00000E+00 0.00000E+00 0.00000E+00 0.00000E+00 0.00000E+00 0.00000E+00 0.00000E+00 0.00000E+00 0.00000E+00 0.00000E+00 0.00000E+00 0.00000E+00 9.85332E-20 1.87568E-19
 3.17853E+02 8.46990E-19 0.00000E+00 0.00000E+00 0.00000E+00 0.00000E+00 0.00000E+00 0.00000E+00 0.00000E+00 0.00000E+00 0.00000E+00 0.00000E+00 0.00000E+00 0.00000E+00 0.00000E+00 0.00000E+00 1.02510E-19 2.01596E-19
 3.19388E+02 8.65813E-19 0.00000E+00 0.00000E+00 0.00000E+00 0.00000E+00 0.00000E+00 0.00000E+00 0.00000E+00 0.00000E+00 0.00000E+00 0.00000E+00 0.00000E+00 0.00000E+00 0.00000E+00 0.00000E+00 1.07366E-19 2.17328E-19
 3.20930E+02 8.87361E-19 0.00000E+00 0.00000E+00 0.00000E+00 0.00000E+00 0.00000E+00 0.00000E+00 0.00000E+00 0.00000E+00 0.00000E+00 0.00000E+00 0.00000E+00 0.00000E+00 0.00000E+00 0.00000E+00 1.13183E-19 2.34801E-19
 3.22480E+02 9.11714E-19 0.00000E+00 0.00000E+00 0.00000E+00 0.00000E+00 0.00000E+00 0.00000E+00 0.00000E+00 0.00000E+00 0.00000E+00 0.00000E+00 0.00000E+00 0.00000E+00 0.00000E+00 0.00000E+00 1.20044E-19 2.54013E-19
 3.24037E+02 9.38901E-19 0.00000E+00 0.00000E+00 0.00000E+00 0.00000E+00 0.00000E+00 0.00000E+00 0.00000E+00 0.00000E+00 0.00000E+00 0.00000E+00 0.00000E+00 0.00000E+00 0.00000E+00 0.00000E+00 1.28027E-19 2.74916E-19
 3.27174E+02 1.00184E-18 0.00000E+00 0.00000E+00 0.00000E+00 0.00000E+00 0.00000E+00 0.00000E+00 0.00000E+00 0.00000E+00 0.00000E+00 0.00000E+00 0.00000E+00 0.00000E+00 0.00000E+00 0.00000E+00 1.47626E-19 3.21593E-19
 3.30341E+02 1.07604E-18 0.00000E+00 0.00000E+00 0.00000E+00 0.00000E+00 0.00000E+00 0.00000E+00 0.00000E+00 0.00000E+00 0.00000E+00 0.00000E+00 0.00000E+00 0.00000E+00 0.00000E+00 0.00000E+00 1.72351E-19 3.74343E-19
 3.33539E+02 1.16098E-18 0.00000E+00 0.00000E+00 0.00000E+00 0.00000E+00 0.00000E+00 0.00000E+00 0.00000E+00 0.00000E+00 0.00000E+00 0.00000E+00 0.00000E+00 0.00000E+00 0.00000E+00 0.00000E+00 2.02246E-19 4.32592E-19
 3.36768E+02 1.25603E-18 0.00000E+00 0.00000E+00 0.00000E+00 0.00000E+00 0.00000E+00 0.00000E+00 0.00000E+00 0.00000E+00 0.00000E+00 0.00000E+00 0.00000E+00 0.00000E+00 0.00000E+00 0.00000E+00 2.37048E-19 4.95986E-19
 3.50000E+02 1.72731E-18 0.00000E+00 0.00000E+00 0.00000E+00 0.00000E+00 0.00000E+00 0.00000E+00 0.00000E+00 0.00000E+00 0.00000E+00 0.00000E+00 0.00000E+00 0.00000E+00 0.00000E+00 0.00000E+00 4.18045E-19 7.98392E-19
 3.55891E+02 1.97088E-18 0.00000E+00 0.00000E+00 0.00000E+00 0.00000E+00 0.00000E+00 0.00000E+00 0.00000E+00 0.00000E+00 0.00000E+00 0.00000E+00 0.00000E+00 0.00000E+00 0.00000E+00 0.00000E+00 5.15353E-19 9.49730E-19
 3.58874E+02 2.09918E-18 0.00000E+00 0.00000E+00 0.00000E+00 0.00000E+00 0.00000E+00 0.00000E+00 0.00000E+00 0.00000E+00 0.00000E+00 0.00000E+00 0.00000E+00 0.00000E+00 0.00000E+00 0.00000E+00 5.67925E-19 1.02796E-18
 3.61881E+02 2.23043E-18 0.00000E+00 0.00000E+00 0.00000E+00 0.00000E+00 0.00000E+00 0.00000E+00 0.00000E+00 0.00000E+00 0.00000E+00 0.00000E+00 0.00000E+00 0.00000E+00 0.00000E+00 0.00000E+00 6.22700E-19 1.10692E-18
 3.64914E+02 2.36347E-18 0.00000E+00 0.00000E+00 0.00000E+00 0.00000E+00 0.00000E+00 0.00000E+00 0.00000E+00 0.00000E+00 0.00000E+00 0.00000E+00 0.00000E+00 0.00000E+00 0.00000E+00 0.00000E+00 6.79207E-19 1.18592E-18
 3.67972E+02 2.49716E-18 0.00000E+00 0.00000E+00 0.00000E+00 0.00000E+00 0.00000E+00 0.00000E+00 0.00000E+00 0.00000E+00 0.00000E+00 0.00000E+00 0.00000E+00 0.00000E+00 0.00000E+00 0.00000E+00 7.36892E-19 1.26437E-18
 3.71056E+02 2.63051E-18 0.00000E+00 0.00000E+00 0.00000E+00 0.00000E+00 0.00000E+00 0.00000E+00 0.00000E+00 0.00000E+00 0.00000E+00 0.00000E+00 0.00000E+00 0.00000E+00 0.00000E+00 0.00000E+00 7.95182E-19 1.34186E-18
 3.74166E+02 2.76269E-18 0.00000E+00 0.00000E+00 0.00000E+00 0.00000E+00 0.00000E+00 0.00000E+00 0.00000E+00 0.00000E+00 0.00000E+00 0.00000E+00 0.00000E+00 0.00000E+00 0.00000E+00 0.00000E+00 8.53551E-19 1.41807E-18
 3.77301E+02 2.89304E-18 0.00000E+00 0.00000E+00 0.00000E+00 0.00000E+00 0.00000E+00 0.00000E+00 0.00000E+00 0.00000E+00 0.00000E+00 0.00000E+00 0.00000E+00 0.00000E+00 0.00000E+00 0.00000E+00 9.11563E-19 1.49281E-18
 3.80464E+02 3.02110E-18 0.00000E+00 0.00000E+00 0.00000E+00 0.00000E+00 0.00000E+00 0.00000E+00 0.00000E+00 0.00000E+00 0.00000E+00 0.00000E+00 0.00000E+00 0.00000E+00 0.00000E+00 0.00000E+00 9.68891E-19 1.56591E-18
 3.83652E+02 3.14646E-18 0.00000E+00 0.00000E+00 0.00000E+00 0.00000E+00 0.00000E+00 0.00000E+00 0.00000E+00 0.00000E+00 0.00000E+00 0.00000E+00 0.00000E+00 0.00000E+00 0.00000E+00 0.00000E+00 1.02531E-18 1.63722E-18
 3.86867E+02 3.26878E-18 0.00000E+00 0.00000E+00 0.00000E+00 0.00000E+00 0.00000E+00 0.00000E+00 0.00000E+00 0.00000E+00 0.00000E+00 0.00000E+00 0.00000E+00 0.00000E+00 0.00000E+00 0.00000E+00 1.08067E-18 1.70654E-18
 3.90109E+02 3.38771E-18 0.00000E+00 0.00000E+00 0.00000E+00 0.00000E+00 0.00000E+00 0.00000E+00 0.00000E+00 0.00000E+00 0.00000E+00 0.00000E+00 0.00000E+00 0.00000E+00 0.00000E+00 0.00000E+00 1.13485E-18 1.77364E-18
 3.93379E+02 3.50283E-18 0.00000E+00 0.00000E+00 0.00000E+00 0.00000E+00 0.00000E+00 0.00000E+00 0.00000E+00 0.00000E+00 0.00000E+00 0.00000E+00 0.00000E+00 0.00000E+00 0.00000E+00 0.00000E+00 1.18771E-18 1.83824E-18
 4.00000E+02 3.71979E-18 0.00000E+00 0.00000E+00 0.00000E+00 0.00000E+00 0.00000E+00 0.00000E+00 0.00000E+00 0.00000E+00 0.00000E+00 0.00000E+00 0.00000E+00 0.00000E+00 0.00000E+00 0.00000E+00 1.28883E-18 1.95878E-18
 4.05933E+02 3.89402E-18 0.00000E+00 0.00000E+00 0.00000E+00 0.00000E+00 0.00000E+00 0.00000E+00 0.00000E+00 0.00000E+00 0.00000E+00 0.00000E+00 0.00000E+00 0.00000E+00 0.00000E+00 0.00000E+00 1.37180E-18 2.05419E-18
 4.11953E+02 4.05018E-18 0.00000E+00 0.00000E+00 0.00000E+00 0.00000E+00 0.00000E+00 0.00000E+00 0.00000E+00 0.00000E+00 0.00000E+00 0.00000E+00 0.00000E+00 0.00000E+00 0.00000E+00 0.00000E+00 1.44768E-18 2.13863E-18
 4.18063E+02 4.18754E-18 0.00000E+00 0.00000E+00 0.00000E+00 0.00000E+00 0.00000E+00 0.00000E+00 0.00000E+00 0.00000E+00 0.00000E+00 0.00000E+00 0.00000E+00 0.00000E+00 0.00000E+00 0.00000E+00 1.51560E-18 2.21224E-18
 4.24264E+02 4.30665E-18 0.00000E+00 0.00000E+00 0.00000E+00 0.00000E+00 0.00000E+00 0.00000E+00 0.00000E+00 0.00000E+00 0.00000E+00 0.00000E+00 0.00000E+00 0.00000E+00 0.00000E+00 0.00000E+00 1.57535E-18 2.27578E-18
 4.30557E+02 4.40887E-18 0.00000E+00 0.00000E+00 0.00000E+00 0.00000E+00 0.00000E+00 0.00000E+00 0.00000E+00 0.00000E+00 0.00000E+00 0.00000E+00 0.00000E+00 0.00000E+00 0.00000E+00 0.00000E+00 1.62729E-18 2.33025E-18
 4.36943E+02 4.49573E-18 0.00000E+00 0.00000E+00 0.00000E+00 0.00000E+00 0.00000E+00 0.00000E+00 0.00000E+00 0.00000E+00 0.00000E+00 0.00000E+00 0.00000E+00 0.00000E+00 0.00000E+00 0.00000E+00 1.67215E-18 2.37645E-18
 4.43423E+02 4.56837E-18 0.00000E+00 0.00000E+00 0.00000E+00 0.00000E+00 0.00000E+00 0.00000E+00 0.00000E+00 0.00000E+00 0.00000E+00 0.00000E+00 0.00000E+00 0.00000E+00 0.00000E+00 0.00000E+00 1.71061E-18 2.41486E-18
 4.50000E+02 4.62743E-18 0.00000E+00 0.00000E+00 0.00000E+00 0.00000E+00 0.00000E+00 0.00000E+00 0.00000E+00 0.00000E+00 0.00000E+00 0.00000E+00 0.00000E+00 0.00000E+00 0.00000E+00 0.00000E+00 1.74311E-18 2.44564E-18
 4.62011E+02 4.70004E-18 0.00000E+00 0.00000E+00 0.00000E+00 0.00000E+00 0.00000E+00 0.00000E+00 0.00000E+00 0.00000E+00 0.00000E+00 0.00000E+00 0.00000E+00 0.00000E+00 0.00000E+00 0.00000E+00 1.78693E-18 2.48206E-18
 4.74342E+02 4.73264E-18 0.00000E+00 0.00000E+00 0.00000E+00 0.00000E+00 0.00000E+00 0.00000E+00 0.00000E+00 0.00000E+00 0.00000E+00 0.00000E+00 0.00000E+00 0.00000E+00 0.00000E+00 0.00000E+00 1.81284E-18 2.49644E-18
 4.87002E+02 4.73130E-18 0.00000E+00 0.00000E+00 0.00000E+00 0.00000E+00 0.00000E+00 0.00000E+00 0.00000E+00 0.00000E+00 0.00000E+00 0.00000E+00 0.00000E+00 0.00000E+00 0.00000E+00 0.00000E+00 1.82281E-18 2.49292E-18
 5.00000E+02 4.70361E-18 0.00000E+00 0.00000E+00 0.00000E+00 0.00000E+00 0.00000E+00 0.00000E+00 0.00000E+00 0.00000E+00 0.00000E+00 0.00000E+00 0.00000E+00 0.00000E+00 0.00000E+00 0.00000E+00 1.82020E-18 2.47571E-18
 5.12057E+02 4.66019E-18 0.00000E+00 0.00000E+00 0.00000E+00 0.00000E+00 0.00000E+00 0.00000E+00 0.00000E+00 0.00000E+00 0.00000E+00 0.00000E+00 0.00000E+00 0.00000E+00 0.00000E+00 0.00000E+00 1.80937E-18 2.45029E-18
 5.24404E+02 4.60104E-18 0.00000E+00 0.00000E+00 0.00000E+00 0.00000E+00 0.00000E+00 0.00000E+00 0.00000E+00 0.00000E+00 0.00000E+00 0.00000E+00 0.00000E+00 0.00000E+00 0.00000E+00 0.00000E+00 1.79156E-18 2.41618E-18
 5.37050E+02 4.52723E-18 0.00000E+00 0.00000E+00 0.00000E+00 0.00000E+00 0.00000E+00 0.00000E+00 0.00000E+00 0.00000E+00 0.00000E+00 0.00000E+00 0.00000E+00 0.00000E+00 0.00000E+00 0.00000E+00 1.76714E-18 2.37408E-18
 5.50000E+02 4.44079E-18 0.00000E+00 0.00000E+00 0.00000E+00 0.00000E+00 0.00000E+00 0.00000E+00 0.00000E+00 0.00000E+00 0.00000E+00 0.00000E+00 0.00000E+00 0.00000E+00 0.00000E+00 0.00000E+00 1.73677E-18 2.32534E-18
 5.74456E+02 4.25971E-18 0.00000E+00 0.00000E+00 0.00000E+00 0.00000E+00 0.00000E+00 0.00000E+00 0.00000E+00 0.00000E+00 0.00000E+00 0.00000E+00 0.00000E+00 0.00000E+00 0.00000E+00 0.00000E+00 1.66993E-18 2.22460E-18
 6.00000E+02 4.05808E-18 0.00000E+00 0.00000E+00 0.00000E+00 0.00000E+00 0.00000E+00 0.00000E+00 0.00000E+00 0.00000E+00 0.00000E+00 0.00000E+00 0.00000E+00 0.00000E+00 0.00000E+00 0.00000E+00 1.59336E-18 2.11313E-18
 6.09000E+02 3.98506E-18 0.00000E+00 0.00000E+00 0.00000E+00 0.00000E+00 0.00000E+00 0.00000E+00 0.00000E+00 0.00000E+00 0.00000E+00 0.00000E+00 0.00000E+00 0.00000E+00 0.00000E+00 0.00000E+00 1.56531E-18 2.07284E-18
 6.09000E+02 1.12789E-17 0.00000E+00 0.00000E+00 0.00000E+00 0.00000E+00 0.00000E+00 0.00000E+00 0.00000E+00 0.00000E+00 0.00000E+00 0.00000E+00 0.00000E+00 0.00000E+00 0.00000E+00 7.29387E-18 1.56531E-18 2.07283E-18
 6.09502E+02 5.42979E-18 0.00000E+00 0.00000E+00 0.00000E+00 0.00000E+00 0.00000E+00 0.00000E+00 0.00000E+00 0.00000E+00 0.00000E+00 0.00000E+00 0.00000E+00 0.00000E+00 0.00000E+00 1.44883E-18 1.56374E-18 2.07058E-18
 6.10005E+02 4.77582E-18 0.00000E+00 0.00000E+00 0.00000E+00 0.00000E+00 0.00000E+00 0.00000E+00 0.00000E+00 0.00000E+00 0.00000E+00 0.00000E+00 0.00000E+00 0.00000E+00 0.00000E+00 7.98956E-19 1.56215E-18 2.06831E-18
 6.10508E+02 4.56661E-18 0.00000E+00 0.00000E+00 0.00000E+00 0.00000E+00 0.00000E+00 0.00000E+00 0.00000E+00 0.00000E+00 0.00000E+00 0.00000E+00 0.00000E+00 0.00000E+00 0.00000E+00 5.93857E-19 1.56057E-18 2.06605E-18
 6.11012E+02 4.46937E-18 0.00000E+00 0.00000E+00 0.00000E+00 0.00000E+00 0.00000E+00 0.00000E+00 0.00000E+00 0.00000E+00 0.00000E+00 0.00000E+00 0.00000E+00 0.00000E+00 0.00000E+00 5.00724E-19 1.55898E-18 2.06378E-18
 6.11516E+02 4.41502E-18 0.00000E+00 0.00000E+00 0.00000E+00 0.00000E+00 0.00000E+00 0.00000E+00 0.00000E+00 0.00000E+00 0.00000E+00 0.00000E+00 0.00000E+00 0.00000E+00 0.00000E+00 4.50499E-19 1.55739E-18 2.06151E-18
 6.12020E+02 4.38119E-18 0.00000E+00 0.00000E+00 0.00000E+00 0.00000E+00 0.00000E+00 0.00000E+00 0.00000E+00 0.00000E+00 0.00000E+00 0.00000E+00 0.00000E+00 0.00000E+00 0.00000E+00 4.20793E-19 1.55580E-18 2.05924E-18
 6.13030E+02 4.34276E-18 0.00000E+00 0.00000E+00 0.00000E+00 0.00000E+00 0.00000E+00 0.00000E+00 0.00000E+00 0.00000E+00 0.00000E+00 0.00000E+00 0.00000E+00 0.00000E+00 0.00000E+00 3.90619E-19 1.55261E-18 2.05468E-18
 6.15056E+02 4.31023E-18 0.00000E+00 0.00000E+00 0.00000E+00 0.00000E+00 0.00000E+00 0.00000E+00 0.00000E+00 0.00000E+00 0.00000E+00 0.00000E+00 0.00000E+00 0.00000E+00 0.00000E+00 3.74675E-19 1.54620E-18 2.04554E-18
 6.17087E+02 4.29459E-18 0.00000E+00 0.00000E+00 0.00000E+00 0.00000E+00 0.00000E+00 0.00000E+00 0.00000E+00 0.00000E+00 0.00000E+00 0.00000E+00 0.00000E+00 0.00000E+00 0.00000E+00 3.75698E-19 1.53975E-18 2.03637E-18
 6.25282E+02 4.22826E-18 0.00000E+00 0.00000E+00 0.00000E+00 0.00000E+00 0.00000E+00 0.00000E+00 0.00000E+00 0.00000E+00 0.00000E+00 0.00000E+00 0.00000E+00 0.00000E+00 0.00000E+00 3.76752E-19 1.51357E-18 1.99931E-18
 6.42000E+02 4.08412E-18 0.00000E+00 0.00000E+00 0.00000E+00 0.00000E+00 0.00000E+00 0.00000E+00 0.00000E+00 0.00000E+00 0.00000E+00 0.00000E+00 0.00000E+00 0.00000E+00 0.00000E+00 3.69924E-19 1.45981E-18 1.92403E-18
 6.42000E+02 4.90768E-18 0.00000E+00 0.00000E+00 0.00000E+00 0.00000E+00 0.00000E+00 0.00000E+00 0.00000E+00 0.00000E+00 0.00000E+00 0.00000E+00 0.00000E+00 0.00000E+00 8.23565E-19 3.69924E-19 1.45981E-18 1.92403E-18
 6.42434E+02 4.52397E-18 0.00000E+00 0.00000E+00 0.00000E+00 0.00000E+00 0.00000E+00 0.00000E+00 0.00000E+00 0.00000E+00 0.00000E+00 0.00000E+00 0.00000E+00 0.00000E+00 4.43360E-19 3.69966E-19 1.45842E-18 1.92209E-18
 6.42868E+02 4.40633E-18 0.00000E+00 0.00000E+00 0.00000E+00 0.00000E+00 0.00000E+00 0.00000E+00 0.00000E+00 0.00000E+00 0.00000E+00 0.00000E+00 0.00000E+00 0.00000E+00 3.29230E-19 3.70002E-19 1.45702E-18 1.92015E-18
 6.43303E+02 4.35186E-18 0.00000E+00 0.00000E+00 0.00000E+00 0.00000E+00 0.00000E+00 0.00000E+00 0.00000E+00 0.00000E+00 0.00000E+00 0.00000E+00 0.00000E+00 0.00000E+00 2.78282E-19 3.70031E-19 1.45563E-18 1.91821E-18
 6.43738E+02 4.32088E-18 0.00000E+00 0.00000E+00 0.00000E+00 0.00000E+00 0.00000E+00 0.00000E+00 0.00000E+00 0.00000E+00 0.00000E+00 0.00000E+00 0.00000E+00 0.00000E+00 2.50830E-19 3.70052E-19 1.45423E-18 1.91627E-18
 6.44608E+02 4.28712E-18 0.00000E+00 0.00000E+00 0.00000E+00 0.00000E+00 0.00000E+00 0.00000E+00 0.00000E+00 0.00000E+00 0.00000E+00 0.00000E+00 0.00000E+00 0.00000E+00 2.24157E-19 3.70066E-19 1.45143E-18 1.91239E-18
 6.45480E+02 4.26900E-18 0.00000E+00 0.00000E+00 0.00000E+00 0.00000E+00 0.00000E+00 0.00000E+00 0.00000E+00 0.00000E+00 0.00000E+00 0.00000E+00 0.00000E+00 0.00000E+00 2.13166E-19 3.70044E-19 1.44864E-18 1.90850E-18
 6.48979E+02 4.23647E-18 0.00000E+00 0.00000E+00 0.00000E+00 0.00000E+00 0.00000E+00 0.00000E+00 0.00000E+00 0.00000E+00 0.00000E+00 0.00000E+00 0.00000E+00 0.00000E+00 2.09485E-19 3.69652E-19 1.43742E-18 1.89296E-18
 6.56033E+02 4.18478E-18 0.00000E+00 0.00000E+00 0.00000E+00 0.00000E+00 0.00000E+00 0.00000E+00 0.00000E+00 0.00000E+00 0.00000E+00 0.00000E+00 0.00000E+00 0.00000E+00 2.16501E-19 3.67987E-19 1.41490E-18 1.86182E-18
 6.70373E+02 4.06533E-18 0.00000E+00 0.00000E+00 0.00000E+00 0.00000E+00 0.00000E+00 0.00000E+00 0.00000E+00 0.00000E+00 0.00000E+00 0.00000E+00 0.00000E+00 0.00000E+00 2.13838E-19 3.65619E-19 1.36964E-18 1.79944E-18
 7.00000E+02 3.83803E-18 0.00000E+00 0.00000E+00 0.00000E+00 0.00000E+00 0.00000E+00 0.00000E+00 0.00000E+00 0.00000E+00 0.00000E+00 0.00000E+00 0.00000E+00 0.00000E+00 2.12918E-19 3.68630E-19 1.27856E-18 1.67461E-18
 7.48331E+02 3.49421E-18 0.00000E+00 0.00000E+00 0.00000E+00 0.00000E+00 0.00000E+00 0.00000E+00 0.00000E+00 0.00000E+00 0.00000E+00 0.00000E+00 0.00000E+00 0.00000E+00 2.17033E-19 3.71647E-19 1.13823E-18 1.48457E-18
 8.00000E+02 3.16084E-18 0.00000E+00 0.00000E+00 0.00000E+00 0.00000E+00 0.00000E+00 0.00000E+00 0.00000E+00 0.00000E+00 0.00000E+00 0.00000E+00 0.00000E+00 0.00000E+00 2.20424E-19 3.70614E-19 1.00334E-18 1.30389E-18
 8.40952E+02 2.91920E-18 0.00000E+00 0.00000E+00 0.00000E+00 0.00000E+00 0.00000E+00 0.00000E+00 0.00000E+00 0.00000E+00 0.00000E+00 0.00000E+00 0.00000E+00 0.00000E+00 2.21078E-19 3.66730E-19 9.07346E-19 1.17618E-18
 8.84000E+02 2.68679E-18 0.00000E+00 0.00000E+00 0.00000E+00 0.00000E+00 0.00000E+00 0.00000E+00 0.00000E+00 0.00000E+00 0.00000E+00 0.00000E+00 0.00000E+00 0.00000E+00 2.19844E-19 3.60254E-19 8.16753E-19 1.05642E-18
 8.84000E+02 2.89008E-18 0.00000E+00 0.00000E+00 0.00000E+00 0.00000E+00 0.00000E+00 0.00000E+00 0.00000E+00 0.00000E+00 0.00000E+00 0.00000E+00 0.00000E+00 2.03287E-19 2.19844E-19 3.60254E-19 8.16753E-19 1.05642E-18
 8.84496E+02 2.87530E-18 0.00000E+00 0.00000E+00 0.00000E+00 0.00000E+00 0.00000E+00 0.00000E+00 0.00000E+00 0.00000E+00 0.00000E+00 0.00000E+00 0.00000E+00 1.91055E-19 2.19821E-19 3.60168E-19 8.15770E-19 1.05512E-18
 8.84992E+02 2.86809E-18 0.00000E+00 0.00000E+00 0.00000E+00 0.00000E+00 0.00000E+00 0.00000E+00 0.00000E+00 0.00000E+00 0.00000E+00 0.00000E+00 0.00000E+00 1.86388E-19 2.19797E-19 3.60082E-19 8.14788E-19 1.05383E-18
 8.85984E+02 2.85719E-18 0.00000E+00 0.00000E+00 0.00000E+00 0.00000E+00 0.00000E+00 0.00000E+00 0.00000E+00 0.00000E+00 0.00000E+00 0.00000E+00 0.00000E+00 1.80577E-19 2.19749E-19 3.59909E-19 8.12825E-19 1.05124E-18
 8.87973E+02 2.84134E-18 0.00000E+00 0.00000E+00 0.00000E+00 0.00000E+00 0.00000E+00 0.00000E+00 0.00000E+00 0.00000E+00 0.00000E+00 0.00000E+00 0.00000E+00 1.74897E-19 2.19651E-19 3.59559E-19 8.08909E-19 1.04607E-18
 8.91964E+02 2.81862E-18 0.00000E+00 0.00000E+00 0.00000E+00 0.00000E+00 0.00000E+00 0.00000E+00 0.00000E+00 0.00000E+00 0.00000E+00 0.00000E+00 0.00000E+00 1.72439E-19 2.19448E-19 3.58842E-19 8.01113E-19 1.03579E-18
 9.00000E+02 2.77837E-18 0.00000E+00 0.00000E+00 0.00000E+00 0.00000E+00 0.00000E+00 0.00000E+00 0.00000E+00 0.00000E+00 0.00000E+00 0.00000E+00 0.00000E+00 1.72473E-19 2.19011E-19 3.57344E-19 7.85660E-19 1.01541E-18
 9.48683E+02 2.53973E-18 0.00000E+00 0.00000E+00 0.00000E+00 0.00000E+00 0.00000E+00 0.00000E+00 0.00000E+00 0.00000E+00 0.00000E+00 0.00000E+00 0.00000E+00 1.63634E-19 2.15376E-19 3.46987E-19 6.98723E-19 9.01059E-19
 1.00000E+03 2.31534E-18 0.00000E+00 0.00000E+00 0.00000E+00 0.00000E+00 0.00000E+00 0.00000E+00 0.00000E+00 0.00000E+00 0.00000E+00 0.00000E+00 0.00000E+00 1.55798E-19 2.10030E-19 3.34665E-19 6.18653E-19 7.96238E-19
 1.06000E+03 2.08350E-18 0.00000E+00 0.00000E+00 0.00000E+00 0.00000E+00 0.00000E+00 0.00000E+00 0.00000E+00 0.00000E+00 0.00000E+00 0.00000E+00 0.00000E+00 1.47280E-19 2.02531E-19 3.19007E-19 5.38268E-19 6.91311E-19
 1.06000E+03 2.11449E-18 0.00000E+00 0.00000E+00 0.00000E+00 0.00000E+00 0.00000E+00 0.00000E+00 0.00000E+00 0.00000E+00 0.00000E+00 0.00000E+00 3.09915E-20 1.47280E-19 2.02531E-19 3.19007E-19 5.38268E-19 6.91310E-19
 1.06061E+03 2.11150E-18 0.00000E+00 0.00000E+00 0.00000E+00 0.00000E+00 0.00000E+00 0.00000E+00 0.00000E+00 0.00000E+00 0.00000E+00 0.00000E+00 3.02167E-20 1.47194E-19 2.02449E-19 3.18844E-19 5.37510E-19 6.90324E-19
 1.06123E+03 2.10882E-18 0.00000E+00 0.00000E+00 0.00000E+00 0.00000E+00 0.00000E+00 0.00000E+00 0.00000E+00 0.00000E+00 0.00000E+00 0.00000E+00 2.97606E-20 1.47107E-19 2.02367E-19 3.18680E-19 5.36754E-19 6.89338E-19
 1.06246E+03 2.10381E-18 0.00000E+00 0.00000E+00 0.00000E+00 0.00000E+00 0.00000E+00 0.00000E+00 0.00000E+00 0.00000E+00 0.00000E+00 0.00000E+00 2.91811E-20 1.46933E-19 2.02202E-19 3.18353E-19 5.35243E-19 6.87370E-19
 1.06492E+03 2.09450E-18 0.00000E+00 0.00000E+00 0.00000E+00 0.00000E+00 0.00000E+00 0.00000E+00 0.00000E+00 0.00000E+00 0.00000E+00 0.00000E+00 2.87176E-20 1.46587E-19 2.01871E-19 3.17697E-19 5.32231E-19 6.83447E-19
 1.06986E+03 2.07694E-18 0.00000E+00 0.00000E+00 0.00000E+00 0.00000E+00 0.00000E+00 0.00000E+00 0.00000E+00 0.00000E+00 0.00000E+00 0.00000E+00 2.87628E-20 1.45893E-19 2.01204E-19 3.16380E-19 5.26246E-19 6.75653E-19
 1.07981E+03 2.04223E-18 0.00000E+00 0.00000E+00 0.00000E+00 0.00000E+00 0.00000E+00 0.00000E+00 0.00000E+00 0.00000E+00 0.00000E+00 0.00000E+00 2.89168E-20 1.44507E-19 1.99849E-19 3.13724E-19 5.14432E-19 6.60273E-19
 1.10000E+03 1.97352E-18 0.00000E+00 0.00000E+00 0.00000E+00 0.00000E+00 0.00000E+00 0.00000E+00 0.00000E+00 0.00000E+00 0.00000E+00 0.00000E+00 2.86023E-20 1.41740E-19 1.97056E-19 3.08317E-19 4.91429E-19 6.30355E-19
 1.21400E+03 1.63866E-18 0.00000E+00 0.00000E+00 0.00000E+00 0.00000E+00 0.00000E+00 0.00000E+00 0.00000E+00 0.00000E+00 0.00000E+00 0.00000E+00 2.82791E-20 1.27272E-19 1.80484E-19 2.77757E-19 3.82511E-19 4.89089E-19
 1.21400E+03 1.67353E-18 0.00000E+00 0.00000E+00 0.00000E+00 0.00000E+00 0.00000E+00 0.00000E+00 0.00000E+00 0.00000E+00 0.00000E+00 3.48673E-20 2.82791E-20 1.27272E-19 1.80484E-19 2.77757E-19 3.82510E-19 4.89089E-19
 1.21511E+03 1.67031E-18 0.00000E+00 0.00000E+00 0.00000E+00 0.00000E+00 0.00000E+00 0.00000E+00 0.00000E+00 0.00000E+00 0.00000E+00 3.45221E-20 2.82732E-20 1.27140E-19 1.80321E-19 2.77466E-19 3.81603E-19 4.87914E-19
 1.21622E+03 1.66710E-18 0.00000E+00 0.00000E+00 0.00000E+00 0.00000E+00 0.00000E+00 0.00000E+00 0.00000E+00 0.00000E+00 0.00000E+00 3.41849E-20 2.82672E-20 1.27009E-19 1.80157E-19 2.77175E-19 3.80696E-19 4.86742E-19
 1.21844E+03 1.66075E-18 0.00000E+00 0.00000E+00 0.00000E+00 0.00000E+00 0.00000E+00 0.00000E+00 0.00000E+00 0.00000E+00 0.00000E+00 3.35681E-20 2.82550E-20 1.26746E-19 1.79831E-19 2.76592E-19 3.78889E-19 4.84403E-19
 1.22290E+03 1.64850E-18 0.00000E+00 0.00000E+00 0.00000E+00 0.00000E+00 0.00000E+00 0.00000E+00 0.00000E+00 0.00000E+00 0.00000E+00 3.27265E-20 2.82301E-20 1.26221E-19 1.79175E-19 2.75424E-19 3.75296E-19 4.79755E-19
 1.23187E+03 1.62551E-18 0.00000E+00 0.00000E+00 0.00000E+00 0.00000E+00 0.00000E+00 0.00000E+00 0.00000E+00 0.00000E+00 0.00000E+00 3.23641E-20 2.81779E-20 1.25173E-19 1.77857E-19 2.73086E-19 3.68196E-19 4.70572E-19
 1.25000E+03 1.58104E-18 0.00000E+00 0.00000E+00 0.00000E+00 0.00000E+00 0.00000E+00 0.00000E+00 0.00000E+00 0.00000E+00 0.00000E+00 3.23704E-20 2.80657E-20 1.23089E-19 1.75193E-19 2.68398E-19 3.54335E-19 4.52654E-19
 1.40000E+03 1.26661E-18 0.00000E+00 0.00000E+00 0.00000E+00 0.00000E+00 0.00000E+00 0.00000E+00 0.00000E+00 0.00000E+00 0.00000E+00 2.89310E-20 2.69688E-20 1.07434E-19 1.53793E-19 2.31886E-19 2.61079E-19 3.32418E-19
 1.50000E+03 1.10290E-18 0.00000E+00 0.00000E+00 0.00000E+00 0.00000E+00 0.00000E+00 0.00000E+00 0.00000E+00 0.00000E+00 0.00000E+00 2.69691E-20 2.60835E-20 9.84211E-20 1.40601E-19 2.10147E-19 2.15398E-19 2.73735E-19
 1.62019E+03 9.42206E-19 0.00000E+00 0.00000E+00 0.00000E+00 0.00000E+00 0.00000E+00 0.00000E+00 0.00000E+00 0.00000E+00 0.00000E+00 2.48048E-20 2.49280E-20 8.88919E-20 1.26123E-19 1.86802E-19 1.72808E-19 2.19159E-19
 1.75000E+03 8.02794E-19 0.00000E+00 0.00000E+00 0.00000E+00 0.00000E+00 0.00000E+00 0.00000E+00 0.00000E+00 0.00000E+00 0.00000E+00 2.27141E-20 2.36342E-20 7.99619E-20 1.12212E-19 1.64785E-19 1.37910E-19 1.74543E-19
 2.00000E+03 6.04891E-19 0.00000E+00 0.00000E+00 0.00000E+00 0.00000E+00 0.00000E+00 0.00000E+00 0.00000E+00 0.00000E+00 0.00000E+00 1.93096E-20 2.11739E-20 6.59638E-20 9.00476E-20 1.30448E-19 9.22047E-20 1.16290E-19
 2.20000E+03 4.92274E-19 0.00000E+00 0.00000E+00 0.00000E+00 0.00000E+00 0.00000E+00 0.00000E+00 0.00000E+00 0.00000E+00 0.00000E+00 1.70785E-20 1.93388E-20 5.71183E-20 7.60069E-20 1.09121E-19 6.85650E-20 8.62643E-20
 2.50000E+03 3.71676E-19 0.00000E+00 0.00000E+00 0.00000E+00 0.00000E+00 0.00000E+00 0.00000E+00 0.00000E+00 0.00000E+00 0.00000E+00 1.43731E-20 1.68791E-20 4.67029E-20 5.96578E-20 8.46806E-20 4.55765E-20 5.71540E-20
 2.73861E+03 3.03251E-19 0.00000E+00 0.00000E+00 0.00000E+00 0.00000E+00 0.00000E+00 0.00000E+00 0.00000E+00 0.00000E+00 0.00000E+00 1.26462E-20 1.51780E-20 4.02400E-20 4.97060E-20 7.00123E-20 3.38107E-20 4.22986E-20
 3.00000E+03 2.46844E-19 0.00000E+00 0.00000E+00 0.00000E+00 0.00000E+00 0.00000E+00 0.00000E+00 0.00000E+00 0.00000E+00 0.00000E+00 1.10835E-20 1.35520E-20 3.45235E-20 4.10958E-20 5.74553E-20 2.49318E-20 3.11159E-20
 3.11100E+03 2.27254E-19 0.00000E+00 0.00000E+00 0.00000E+00 0.00000E+00 0.00000E+00 0.00000E+00 0.00000E+00 0.00000E+00 0.00000E+00 1.05049E-20 1.29297E-20 3.24401E-20 3.80163E-20 5.29960E-20 2.20443E-20 2.74858E-20
 3.11100E+03 1.03544E-17 0.00000E+00 0.00000E+00 0.00000E+00 0.00000E+00 0.00000E+00 0.00000E+00 0.00000E+00 0.00000E+00 1.01271E-17 1.05049E-20 1.29297E-20 3.24401E-20 3.80162E-20 5.29960E-20 2.20442E-20 2.74857E-20
 3.11319E+03 7.79233E-19 0.00000E+00 0.00000E+00 0.00000E+00 0.00000E+00 0.00000E+00 0.00000E+00 0.00000E+00 0.00000E+00 5.52343E-19 1.04939E-20 1.29179E-20 3.24009E-20 3.79586E-20 5.29127E-20 2.19917E-20 2.74197E-20
 3.11537E+03 6.43547E-19 0.00000E+00 0.00000E+00 0.00000E+00 0.00000E+00 0.00000E+00 0.00000E+00 0.00000E+00 0.00000E+00 4.17020E-19 1.04830E-20 1.29060E-20 3.23617E-20 3.79011E-20 5.28296E-20 2.19392E-20 2.73538E-20
 3.11756E+03 6.25672E-19 0.00000E+00 0.00000E+00 0.00000E+00 0.00000E+00 0.00000E+00 0.00000E+00 0.00000E+00 0.00000E+00 3.99507E-19 1.04721E-20 1.28941E-20 3.23226E-20 3.78436E-20 5.27465E-20 2.18869E-20 2.72880E-20
 3.11975E+03 6.26551E-19 0.00000E+00 0.00000E+00 0.00000E+00 0.00000E+00 0.00000E+00 0.00000E+00 0.00000E+00 0.00000E+00 4.00748E-19 1.04611E-20 1.28823E-20 3.22835E-20 3.77862E-20 5.26636E-20 2.18347E-20 2.72224E-20
 3.12194E+03 6.27613E-19 0.00000E+00 0.00000E+00 0.00000E+00 0.00000E+00 0.00000E+00 0.00000E+00 0.00000E+00 0.00000E+00 4.02172E-19 1.04502E-20 1.28704E-20 3.22444E-20 3.77289E-20 5.25808E-20 2.17825E-20 2.71569E-20
 3.12413E+03 6.25128E-19 0.00000E+00 0.00000E+00 0.00000E+00 0.00000E+00 0.00000E+00 0.00000E+00 0.00000E+00 0.00000E+00 4.00048E-19 1.04393E-20 1.28586E-20 3.22054E-20 3.76717E-20 5.24980E-20 2.17306E-20 2.70916E-20
 3.12853E+03 6.13540E-19 0.00000E+00 0.00000E+00 0.00000E+00 0.00000E+00 0.00000E+00 0.00000E+00 0.00000E+00 0.00000E+00 3.89180E-19 1.04176E-20 1.28349E-20 3.21275E-20 3.75574E-20 5.23329E-20 2.16269E-20 2.69614E-20
 3.13292E+03 6.02116E-19 0.00000E+00 0.00000E+00 0.00000E+00 0.00000E+00 0.00000E+00 0.00000E+00 0.00000E+00 0.00000E+00 3.78475E-19 1.03958E-20 1.28113E-20 3.20497E-20 3.74434E-20 5.21682E-20 2.15238E-20 2.68318E-20
 3.13733E+03 5.94451E-19 0.00000E+00 0.00000E+00 0.00000E+00 0.00000E+00 0.00000E+00 0.00000E+00 0.00000E+00 0.00000E+00 3.71525E-19 1.03742E-20 1.27877E-20 3.19721E-20 3.73296E-20 5.20040E-20 2.14211E-20 2.67028E-20
 3.14615E+03 5.84870E-19 0.00000E+00 0.00000E+00 0.00000E+00 0.00000E+00 0.00000E+00 0.00000E+00 0.00000E+00 0.00000E+00 3.63369E-19 1.03309E-20 1.27405E-20 3.18174E-20 3.71031E-20 5.16767E-20 2.12171E-20 2.64466E-20
 3.16387E+03 5.63772E-19 0.00000E+00 0.00000E+00 0.00000E+00 0.00000E+00 0.00000E+00 0.00000E+00 0.00000E+00 0.00000E+00 3.45095E-19 1.02448E-20 1.26465E-20 3.15098E-20 3.66533E-20 5.10275E-20 2.08147E-20 2.59412E-20
 3.17277E+03 5.55355E-19 0.00000E+00 0.00000E+00 0.00000E+00 0.00000E+00 0.00000E+00 0.00000E+00 0.00000E+00 0.00000E+00 3.38077E-19 1.02020E-20 1.25997E-20 3.13569E-20 3.64300E-20 5.07054E-20 2.06162E-20 2.56919E-20
 3.18170E+03 5.49181E-19 0.00000E+00 0.00000E+00 0.00000E+00 0.00000E+00 0.00000E+00 0.00000E+00 0.00000E+00 0.00000E+00 3.33294E-19 1.01593E-20 1.25529E-20 3.12046E-20 3.62080E-20 5.03850E-20 2.04195E-20 2.54449E-20
 3.21765E+03 5.28309E-19 0.00000E+00 0.00000E+00 0.00000E+00 0.00000E+00 0.00000E+00 0.00000E+00 0.00000E+00 0.00000E+00 3.17900E-19 9.99002E-21 1.23669E-20 3.06017E-20 3.53307E-20 4.91205E-20 1.96504E-20 2.44792E-20
 3.25400E+03 5.12269E-19 0.00000E+00 0.00000E+00 0.00000E+00 0.00000E+00 0.00000E+00 0.00000E+00 0.00000E+00 0.00000E+00 3.07206E-19 9.82313E-21 1.21825E-20 3.00086E-20 3.44709E-20 4.78825E-20 1.89084E-20 2.35479E-20
 3.25400E+03 1.77705E-18 0.00000E+00 0.00000E+00 0.00000E+00 0.00000E+00 0.00000E+00 0.00000E+00 0.00000E+00 1.26478E-18 3.07205E-19 9.82313E-21 1.21825E-20 3.00086E-20 3.44709E-20 4.78825E-20 1.89084E-20 2.35479E-20
 3.25585E+03 8.14940E-19 0.00000E+00 0.00000E+00 0.00000E+00 0.00000E+00 0.00000E+00 0.00000E+00 0.00000E+00 3.03461E-19 3.06684E-19 9.81473E-21 1.21732E-20 2.99788E-20 3.44278E-20 4.78205E-20 1.88715E-20 2.35016E-20
 3.25771E+03 7.58095E-19 0.00000E+00 0.00000E+00 0.00000E+00 0.00000E+00 0.00000E+00 0.00000E+00 0.00000E+00 2.47407E-19 3.06159E-19 9.80635E-21 1.21639E-20 2.99490E-20 3.43847E-20 4.77585E-20 1.88347E-20 2.34554E-20
 3.25956E+03 7.50907E-19 0.00000E+00 0.00000E+00 0.00000E+00 0.00000E+00 0.00000E+00 0.00000E+00 0.00000E+00 2.41012E-19 3.05633E-19 9.79796E-21 1.21546E-20 2.99193E-20 3.43417E-20 4.76966E-20 1.87980E-20 2.34093E-20
 3.26142E+03 7.53735E-19 0.00000E+00 0.00000E+00 0.00000E+00 0.00000E+00 0.00000E+00 0.00000E+00 0.00000E+00 2.44633E-19 3.05107E-19 9.78959E-21 1.21453E-20 2.98895E-20 3.42987E-20 4.76348E-20 1.87613E-20 2.33632E-20
 3.26328E+03 7.57257E-19 0.00000E+00 0.00000E+00 0.00000E+00 0.00000E+00 0.00000E+00 0.00000E+00 0.00000E+00 2.48947E-19 3.04581E-19 9.78121E-21 1.21360E-20 2.98598E-20 3.42557E-20 4.75730E-20 1.87246E-20 2.33173E-20
 3.26514E+03 7.58701E-19 0.00000E+00 0.00000E+00 0.00000E+00 0.00000E+00 0.00000E+00 0.00000E+00 0.00000E+00 2.51182E-19 3.04056E-19 9.77285E-21 1.21267E-20 2.98301E-20 3.42128E-20 4.75113E-20 1.86881E-20 2.32714E-20
 3.26886E+03 7.55275E-19 0.00000E+00 0.00000E+00 0.00000E+00 0.00000E+00 0.00000E+00 0.00000E+00 0.00000E+00 2.49325E-19 3.03016E-19 9.75614E-21 1.21082E-20 2.97709E-20 3.41272E-20 4.73881E-20 1.86152E-20 2.31799E-20
 3.27631E+03 7.42038E-19 0.00000E+00 0.00000E+00 0.00000E+00 0.00000E+00 0.00000E+00 0.00000E+00 0.00000E+00 2.39161E-19 3.01002E-19 9.72279E-21 1.20712E-20 2.96526E-20 3.39564E-20 4.71425E-20 1.84701E-20 2.29979E-20
 3.28378E+03 7.33630E-19 0.00000E+00 0.00000E+00 0.00000E+00 0.00000E+00 0.00000E+00 0.00000E+00 0.00000E+00 2.33701E-19 2.99105E-19 9.68953E-21 1.20342E-20 2.95347E-20 3.37863E-20 4.68979E-20 1.83262E-20 2.28173E-20
 3.31383E+03 7.04832E-19 0.00000E+00 0.00000E+00 0.00000E+00 0.00000E+00 0.00000E+00 0.00000E+00 0.00000E+00 2.16147E-19 2.92018E-19 9.55746E-21 1.18869E-20 2.90670E-20 3.31130E-20 4.59304E-20 1.77609E-20 2.21081E-20
 3.34416E+03 6.84854E-19 0.00000E+00 0.00000E+00 0.00000E+00 0.00000E+00 0.00000E+00 0.00000E+00 0.00000E+00 2.07205E-19 2.85056E-19 9.42692E-21 1.17408E-20 2.86055E-20 3.24508E-20 4.49797E-20 1.72121E-20 2.14198E-20
 3.37476E+03 6.67407E-19 0.00000E+00 0.00000E+00 0.00000E+00 0.00000E+00 0.00000E+00 0.00000E+00 0.00000E+00 2.00402E-19 2.78406E-19 9.29788E-21 1.15958E-20 2.81503E-20 3.17997E-20 4.40457E-20 1.66794E-20 2.07518E-20
 3.50000E+03 6.08246E-19 0.00000E+00 0.00000E+00 0.00000E+00 0.00000E+00 0.00000E+00 0.00000E+00 0.00000E+00 1.81679E-19 2.53167E-19 8.79643E-21 1.10268E-20 2.63897E-20 2.93032E-20 4.04727E-20 1.46999E-20 1.82711E-20
 3.79300E+03 4.95773E-19 0.00000E+00 0.00000E+00 0.00000E+00 0.00000E+00 0.00000E+00 0.00000E+00 0.00000E+00 1.47804E-19 2.04103E-19 7.76895E-21 9.83590E-21 2.28315E-20 2.43708E-20 3.34518E-20 1.10838E-20 1.37460E-20
 3.79300E+03 6.15522E-19 0.00000E+00 0.00000E+00 0.00000E+00 0.00000E+00 0.00000E+00 0.00000E+00 1.19749E-19 1.47804E-19 2.04103E-19 7.76895E-21 9.83590E-21 2.28315E-20 2.43708E-20 3.34518E-20 1.10838E-20 1.37460E-20
 3.79615E+03 5.78664E-19 0.00000E+00 0.00000E+00 0.00000E+00 0.00000E+00 0.00000E+00 0.00000E+00 8.39500E-20 1.47482E-19 2.03643E-19 7.75889E-21 9.82407E-21 2.27970E-20 2.43238E-20 3.33852E-20 1.10514E-20 1.37055E-20
 3.79930E+03 5.75630E-19 0.00000E+00 0.00000E+00 0.00000E+00 0.00000E+00 0.00000E+00 0.00000E+00 8.19735E-20 1.47162E-19 2.03184E-19 7.74885E-21 9.81225E-21 2.27625E-20 2.42769E-20 3.33186E-20 1.10190E-20 1.36651E-20
 3.80562E+03 5.73879E-19 0.00000E+00 0.00000E+00 0.00000E+00 0.00000E+00 0.00000E+00 0.00000E+00 8.23309E-20 1.46522E-19 2.02269E-19 7.72880E-21 9.78863E-21 2.26938E-20 2.41832E-20 3.31859E-20 1.09547E-20 1.35847E-20
 3.81828E+03 5.68393E-19 0.00000E+00 0.00000E+00 0.00000E+00 0.00000E+00 0.00000E+00 0.00000E+00 8.10380E-20 1.45249E-19 2.00449E-19 7.68882E-21 9.74151E-21 2.25567E-20 2.39968E-20 3.29217E-20 1.08271E-20 1.34252E-20
 3.84372E+03 5.59506E-19 0.00000E+00 0.00000E+00 0.00000E+00 0.00000E+00 0.00000E+00 0.00000E+00 8.04428E-20 1.42732E-19 1.96852E-19 7.60941E-21 9.64773E-21 2.22848E-20 2.36276E-20 3.23989E-20 1.05763E-20 1.31119E-20
 3.89513E+03 5.41927E-19 0.00000E+00 0.00000E+00 0.00000E+00 0.00000E+00 0.00000E+00 0.00000E+00 7.90681E-20 1.37809E-19 1.89827E-19 7.45270E-21 9.46201E-21 2.17494E-20 2.29039E-20 3.13747E-20 1.00917E-20 1.25064E-20
 4.00000E+03 5.07873E-19 0.00000E+00 0.00000E+00 0.00000E+00 0.00000E+00 0.00000E+00 0.00000E+00 7.59526E-20 1.28403E-19 1.76440E-19 7.14756E-21 9.09794E-21 2.07115E-20 2.15133E-20 2.94099E-20 9.18517E-21 1.13746E-20
 4.49100E+03 3.80607E-19 0.00000E+00 0.00000E+00 0.00000E+00 0.00000E+00 0.00000E+00 0.00000E+00 6.26532E-20 9.37056E-20 1.27527E-19 5.93934E-21 7.62614E-21 1.66713E-20 1.62688E-20 2.20473E-20 6.05331E-21 7.47181E-21
 4.49100E+03 4.08460E-19 0.00000E+00 0.00000E+00 0.00000E+00 0.00000E+00 0.00000E+00 2.78528E-20 6.26532E-20 9.37055E-20 1.27527E-19 5.93934E-21 7.62614E-21 1.66713E-20 1.62688E-20 2.20473E-20 6.05331E-21 7.47180E-21
 4.49325E+03 4.04061E-19 0.00000E+00 0.00000E+00 0.00000E+00 0.00000E+00 0.00000E+00 2.39338E-20 6.25993E-20 9.35761E-20 1.27346E-19 5.93452E-21 7.62018E-21 1.66555E-20 1.62488E-20 2.20194E-20 6.04230E-21 7.45811E-21
 4.49550E+03 4.03088E-19 0.00000E+00 0.00000E+00 0.00000E+00 0.00000E+00 0.00000E+00 2.34392E-20 6.25454E-20 9.34467E-20 1.27165E-19 5.92972E-21 7.61423E-21 1.66396E-20 1.62289E-20 2.19915E-20 6.03132E-21 7.44445E-21
 4.50000E+03 4.02260E-19 0.00000E+00 0.00000E+00 0.00000E+00 0.00000E+00 0.00000E+00 2.35671E-20 6.24377E-20 9.31886E-20 1.26804E-19 5.92011E-21 7.60233E-21 1.66080E-20 1.61890E-20 2.19359E-20 6.00940E-21 7.41718E-21
 4.82700E+03 3.38977E-19 0.00000E+00 0.00000E+00 0.00000E+00 0.00000E+00 0.00000E+00 2.19366E-20 5.52139E-20 7.66436E-20 1.03719E-19 5.27951E-21 6.80258E-21 1.45159E-20 1.35986E-20 1.83303E-20 4.64793E-21 5.72528E-21
 4.82700E+03 3.54376E-19 0.00000E+00 0.00000E+00 0.00000E+00 0.00000E+00 1.53995E-20 2.19365E-20 5.52138E-20 7.66436E-20 1.03719E-19 5.27951E-21 6.80258E-21 1.45159E-20 1.35986E-20 1.83303E-20 4.64793E-21 5.72527E-21
 4.82966E+03 3.53636E-19 0.00000E+00 0.00000E+00 0.00000E+00 0.00000E+00 1.51175E-20 2.19225E-20 5.51598E-20 7.65253E-20 1.03554E-19 5.27474E-21 6.79657E-21 1.45004E-20 1.35798E-20 1.83042E-20 4.63853E-21 5.71361E-21
 4.83231E+03 3.52939E-19 0.00000E+00 0.00000E+00 0.00000E+00 0.00000E+00 1.48771E-20 2.19085E-20 5.51057E-20 7.64072E-20 1.03390E-19 5.26996E-21 6.79057E-21 1.44850E-20 1.35611E-20 1.82782E-20 4.62916E-21 5.70197E-21
 4.83763E+03 3.51730E-19 0.00000E+00 0.00000E+00 0.00000E+00 0.00000E+00 1.45805E-20 2.18805E-20 5.49977E-20 7.61714E-20 1.03062E-19 5.26044E-21 6.77857E-21 1.44541E-20 1.35237E-20 1.82263E-20 4.61046E-21 5.67876E-21
 4.84829E+03 3.49906E-19 0.00000E+00 0.00000E+00 0.00000E+00 0.00000E+00 1.45743E-20 2.18248E-20 5.47823E-20 7.57020E-20 1.02409E-19 5.24142E-21 6.75463E-21 1.43927E-20 1.34491E-20 1.81228E-20 4.57328E-21 5.63261E-21
 4.86968E+03 3.46330E-19 0.00000E+00 0.00000E+00 0.00000E+00 0.00000E+00 1.46053E-20 2.17143E-20 5.43533E-20 7.47711E-20 1.01116E-19 5.20358E-21 6.70694E-21 1.42704E-20 1.33012E-20 1.79174E-20 4.49980E-21 5.54140E-21
 4.91274E+03 3.39045E-19 0.00000E+00 0.00000E+00 0.00000E+00 0.00000E+00 1.44208E-20 2.14957E-20 5.35031E-20 7.29411E-20 9.85735E-20 5.12862E-21 6.61235E-21 1.40285E-20 1.30095E-20 1.75129E-20 4.35625E-21 5.36326E-21
 5.00000E+03 3.24958E-19 0.00000E+00 0.00000E+00 0.00000E+00 0.00000E+00 1.41012E-20 2.10618E-20 5.18334E-20 6.94041E-20 9.36659E-20 4.98154E-21 6.42627E-21 1.35555E-20 1.24432E-20 1.67282E-20 4.08213E-21 5.02319E-21
 5.50000E+03 2.57818E-19 0.00000E+00 0.00000E+00 0.00000E+00 0.00000E+00 1.24290E-20 1.86599E-20 4.34951E-20 5.28600E-20 7.08209E-20 4.24817E-21 5.48876E-21 1.12291E-20 9.73961E-21 1.30003E-20 2.86072E-21 3.51003E-21
 6.00000E+03 2.08293E-19 0.00000E+00 0.00000E+00 0.00000E+00 0.00000E+00 1.10139E-20 1.65365E-20 3.68633E-20 4.10331E-20 5.46120E-20 3.66465E-21 4.73097E-21 9.42120E-21 7.74476E-21 1.02707E-20 2.05803E-21 2.51861E-21
 7.00000E+03 1.42151E-19 0.00000E+00 0.00000E+00 0.00000E+00 0.00000E+00 8.78710E-21 1.30914E-20 2.71736E-20 2.59180E-20 3.40952E-20 2.80506E-21 3.59855E-21 6.84451E-21 5.09650E-21 6.68074E-21 1.13626E-21 1.38374E-21
 8.00000E+03 1.01712E-19 0.00000E+00 0.00000E+00 0.00000E+00 0.00000E+00 7.14641E-21 1.05005E-20 2.06163E-20 1.72270E-20 2.24350E-20 2.21310E-21 2.81042E-21 5.14425E-21 3.50340E-21 4.54579E-21 6.71953E-22 8.14755E-22
 9.00000E+03 7.55164E-20 0.00000E+00 0.00000E+00 0.00000E+00 0.00000E+00 5.90891E-21 8.53480E-21 1.60156E-20 1.19263E-20 1.53930E-20 1.78847E-21 2.24276E-21 3.97237E-21 2.49414E-21 3.20684E-21 4.19516E-22 5.06595E-22
 1.00000E+04 5.77531E-20 0.00000E+00 0.00000E+00 0.00000E+00 0.00000E+00 4.95618E-21 7.02501E-21 1.26907E-20 8.53563E-21 1.09275E-20 1.47355E-21 1.82218E-21 3.13571E-21 1.82768E-21 2.33042E-21 2.73611E-22 3.29195E-22
 1.10000E+04 4.52524E-20 0.00000E+00 0.00000E+00 0.00000E+00 0.00000E+00 4.20884E-21 5.84954E-21 1.02276E-20 6.27973E-21 7.97931E-21 1.23370E-21 1.50316E-21 2.52110E-21 1.37201E-21 1.73607E-21 1.85042E-22 2.21835E-22
 1.25000E+04 3.25658E-20 0.00000E+00 0.00000E+00 0.00000E+00 0.00000E+00 3.35952E-21 4.53171E-21 7.59990E-21 4.13446E-21 5.19948E-21 9.68711E-22 1.15347E-21 1.86987E-21 9.26586E-22 1.16020E-21 1.08778E-22 1.29784E-22
 1.40000E+04 2.42874E-20 0.00000E+00 0.00000E+00 0.00000E+00 0.00000E+00 2.73610E-21 3.58312E-21 5.79991E-21 2.83745E-21 3.53507E-21 7.79219E-22 9.06439E-22 1.42627E-21 6.49527E-22 8.05559E-22 6.75151E-23 8.01856E-23
 1.50000E+04 2.03016E-20 0.00000E+00 0.00000E+00 0.00000E+00 0.00000E+00 2.40905E-21 3.09423E-21 4.90450E-21 2.25036E-21 2.78742E-21 6.81486E-22 7.80554E-22 1.20626E-21 5.21496E-22 6.42958E-22 5.03583E-23 5.96451E-23
 1.54490E+04 1.87974E-20 0.00000E+00 0.00000E+00 0.00000E+00 0.00000E+00 2.28007E-21 2.90369E-21 4.56188E-21 2.03590E-21 2.51538E-21 6.43255E-22 7.31667E-22 1.12200E-21 4.74250E-22 5.83197E-22 4.43570E-23 5.24733E-23
 1.54490E+04 5.64010E-20 0.00000E+00 0.00000E+00 0.00000E+00 3.76036E-20 2.28007E-21 2.90369E-21 4.56188E-21 2.03590E-21 2.51537E-21 6.43255E-22 7.31667E-22 1.12200E-21 4.74250E-22 5.83196E-22 4.43570E-23 5.24733E-23
 1.54641E+04 4.54612E-20 0.00000E+00 0.00000E+00 0.00000E+00 2.67116E-20 2.27592E-21 2.89758E-21 4.55095E-21 2.02916E-21 2.50683E-21 6.42027E-22 7.30101E-22 1.11931E-21 4.72760E-22 5.81314E-22 4.41709E-23 5.22510E-23
 1.54791E+04 4.48943E-20 0.00000E+00 0.00000E+00 0.00000E+00 2.61924E-20 2.27177E-21 2.89148E-21 4.54005E-21 2.02244E-21 2.49832E-21 6.40801E-22 7.28538E-22 1.11663E-21 4.71275E-22 5.79438E-22 4.39856E-23 5.20296E-23
 1.55093E+04 4.49484E-20 0.00000E+00 0.00000E+00 0.00000E+00 2.63414E-20 2.26350E-21 2.87932E-21 4.51832E-21 2.00907E-21 2.48138E-21 6.38357E-22 7.25420E-22 1.11128E-21 4.68318E-22 5.75703E-22 4.36172E-23 5.15896E-23
 1.55698E+04 4.45821E-20 0.00000E+00 0.00000E+00 0.00000E+00 2.61636E-20 2.24704E-21 2.85513E-21 4.47514E-21 1.98257E-21 2.44783E-21 6.33494E-22 7.19222E-22 1.10066E-21 4.62457E-22 5.68302E-22 4.28894E-23 5.07204E-23
 1.56916E+04 4.37291E-20 0.00000E+00 0.00000E+00 0.00000E+00 2.56818E-20 2.21444E-21 2.80728E-21 4.38994E-21 1.93060E-21 2.38204E-21 6.23873E-22 7.06971E-22 1.07970E-21 4.50946E-22 5.53773E-22 4.14695E-23 4.90250E-23
 1.59380E+04 4.19719E-20 0.00000E+00 0.00000E+00 0.00000E+00 2.46448E-20 2.15054E-21 2.71373E-21 4.22404E-21 1.83067E-21 2.25566E-21 6.05048E-22 6.83047E-22 1.03892E-21 4.28754E-22 5.25792E-22 3.87696E-23 4.58024E-23
 1.64426E+04 3.86201E-20 0.00000E+00 0.00000E+00 0.00000E+00 2.26472E-20 2.02781E-21 2.53488E-21 3.90948E-21 1.64616E-21 2.02280E-21 5.69033E-22 6.37458E-22 9.61746E-22 3.87568E-22 4.73972E-22 3.38998E-23 3.99949E-23
 1.75000E+04 3.26513E-20 0.00000E+00 0.00000E+00 0.00000E+00 1.90747E-20 1.80154E-21 2.20820E-21 3.34413E-21 1.33150E-21 1.62732E-21 5.03105E-22 5.54696E-22 8.23567E-22 3.16617E-22 3.85081E-22 2.59735E-23 3.05599E-23
 1.84880E+04 2.81401E-20 0.00000E+00 0.00000E+00 0.00000E+00 1.63845E-20 1.62111E-21 1.95182E-21 2.90907E-21 1.10203E-21 1.34030E-21 4.50930E-22 4.89908E-22 7.17113E-22 2.64316E-22 3.19881E-22 2.04742E-23 2.40294E-23
 1.84880E+04 4.06620E-20 0.00000E+00 0.00000E+00 1.25219E-20 1.63845E-20 1.62111E-21 1.95182E-21 2.90907E-21 1.10203E-21 1.34030E-21 4.50930E-22 4.89907E-22 7.17112E-22 2.64316E-22 3.19880E-22 2.04741E-23 2.40294E-23
 1.84995E+04 3.93762E-20 0.00000E+00 0.00000E+00 1.12834E-20 1.63563E-20 1.61917E-21 1.94909E-21 2.90447E-21 1.09967E-21 1.33734E-21 4.50370E-22 4.89216E-22 7.15986E-22 2.63774E-22 3.19207E-22 2.04188E-23 2.39637E-23
 1.85110E+04 3.92102E-20 0.00000E+00 0.00000E+00 1.11647E-20 1.63281E-20 1.61723E-21 1.94635E-21 2.89988E-21 1.09731E-21 1.33440E-21 4.49811E-22 4.88526E-22 7.14861E-22 2.63234E-22 3.18534E-22 2.03636E-23 2.38983E-23
 1.85224E+04 3.90766E-20 0.00000E+00 0.00000E+00 1.10783E-20 1.63000E-20 1.61529E-21 1.94363E-21 2.89529E-21 1.09496E-21 1.33146E-21 4.49253E-22 4.87837E-22 7.13737E-22 2.62694E-22 3.17863E-22 2.03085E-23 2.38330E-23
 1.85339E+04 3.90976E-20 0.00000E+00 0.00000E+00 1.11465E-20 1.62719E-20 1.61335E-21 1.94090E-21 2.89072E-21 1.09261E-21 1.32853E-21 4.48695E-22 4.87149E-22 7.12616E-22 2.62155E-22 3.17194E-22 2.02536E-23 2.37679E-23
 1.85800E+04 3.89033E-20 0.00000E+00 0.00000E+00 1.11399E-20 1.61601E-20 1.60563E-21 1.93003E-21 2.87247E-21 1.08325E-21 1.31686E-21 4.46471E-22 4.84404E-22 7.08145E-22 2.60012E-22 3.14529E-22 2.00354E-23 2.35091E-23
 1.86725E+04 3.84612E-20 0.00000E+00 0.00000E+00 1.10697E-20 1.59386E-20 1.59029E-21 1.90847E-21 2.83632E-21 1.06479E-21 1.29383E-21 4.42053E-22 4.78959E-22 6.99284E-22 2.55775E-22 3.09263E-22 1.96060E-23 2.29999E-23
 1.88588E+04 3.74831E-20 0.00000E+00 0.00000E+00 1.08211E-20 1.55039E-20 1.56001E-21 1.86600E-21 2.76531E-21 1.02877E-21 1.24894E-21 4.33343E-22 4.68238E-22 6.81876E-22 2.47502E-22 2.98987E-22 1.87740E-23 2.20138E-23
 1.92370E+04 3.55764E-20 0.00000E+00 0.00000E+00 1.03179E-20 1.46675E-20 1.50105E-21 1.78369E-21 2.62837E-21 9.60321E-22 1.16372E-21 4.16413E-22 4.47465E-22 6.48288E-22 2.31731E-22 2.79427E-22 1.72144E-23 2.01665E-23
 1.92370E+04 4.13816E-20 0.00000E+00 5.80521E-21 1.03179E-20 1.46674E-20 1.50105E-21 1.78369E-21 2.62837E-21 9.60320E-22 1.16372E-21 4.16413E-22 4.47465E-22 6.48288E-22 2.31731E-22 2.79427E-22 1.72144E-23 2.01665E-23
 1.92487E+04 4.09963E-20 0.00000E+00 5.47680E-21 1.03027E-20 1.46425E-20 1.49928E-21 1.78122E-21 2.62429E-21 9.58298E-22 1.16121E-21 4.15905E-22 4.46843E-22 6.47286E-22 2.31264E-22 2.78848E-22 1.71688E-23 2.01125E-23
 1.92604E+04 4.09636E-20 0.00000E+00 5.50100E-21 1.02876E-20 1.46176E-20 1.49751E-21 1.77876E-21 2.62021E-21 9.56280E-22 1.15870E-21 4.15397E-22 4.46222E-22 6.46284E-22 2.30798E-22 2.78271E-22 1.71232E-23 2.00586E-23
 1.92838E+04 4.08633E-20 0.00000E+00 5.51417E-21 1.02574E-20 1.45680E-20 1.49397E-21 1.77384E-21 2.61206E-21 9.52257E-22 1.15369E-21 4.14384E-22 4.44982E-22 6.44286E-22 2.29869E-22 2.77120E-22 1.70326E-23 1.99513E-23
 1.93308E+04 4.06158E-20 0.00000E+00 5.49283E-21 1.01970E-20 1.44692E-20 1.48693E-21 1.76405E-21 2.59585E-21 9.44260E-22 1.14375E-21 4.12365E-22 4.42512E-22 6.40308E-22 2.28022E-22 2.74832E-22 1.68527E-23 1.97384E-23
 1.94250E+04 4.01203E-20 0.00000E+00 5.44608E-21 1.00767E-20 1.42734E-20 1.47293E-21 1.74461E-21 2.56370E-21 9.28466E-22 1.12412E-21 4.08354E-22 4.37609E-22 6.32421E-22 2.24371E-22 2.70311E-22 1.64987E-23 1.93195E-23
 1.96148E+04 3.91517E-20 0.00000E+00 5.36052E-21 9.83792E-21 1.38894E-20 1.44531E-21 1.70632E-21 2.50054E-21 8.97655E-22 1.08585E-21 4.00444E-22 4.27957E-22 6.16922E-22 2.17239E-22 2.61485E-22 1.58129E-23 1.85081E-23
 2.00000E+04 3.72749E-20 0.00000E+00 5.18847E-21 9.37340E-21 1.31503E-20 1.39147E-21 1.63201E-21 2.37855E-21 8.38987E-22 1.01308E-21 3.85054E-22 4.09236E-22 5.86986E-22 2.03624E-22 2.44658E-22 1.45244E-23 1.69847E-23
 2.20000E+04 2.92675E-20 0.00000E+00 4.40076E-21 7.39204E-21 1.00363E-20 1.15313E-21 1.30812E-21 1.85595E-21 6.01008E-22 7.19322E-22 3.17321E-22 3.27887E-22 4.58865E-22 1.47864E-22 1.76078E-22 9.55242E-24 1.11201E-23
 2.50000E+04 2.10856E-20 0.00000E+00 3.50112E-21 5.33269E-21 6.94818E-21 8.92264E-22 9.65837E-22 1.32237E-21 3.82374E-22 4.52084E-22 2.43953E-22 2.42160E-22 3.27879E-22 9.56782E-23 1.12536E-22 5.41956E-24 6.26914E-24
 3.00000E+04 1.31316E-20 0.00000E+00 2.48644E-21 3.30482E-21 4.07471E-21 6.13637E-22 6.18951E-22 8.05960E-22 1.98895E-22 2.30900E-22 1.66507E-22 1.55447E-22 2.00739E-22 5.08516E-23 5.87251E-23 2.39586E-24 2.74455E-24
 3.50000E+04 8.75920E-21 0.00000E+00 1.83790E-21 2.18432E-21 2.57445E-21 4.43759E-22 4.20477E-22 5.24932E-22 1.13623E-22 1.29805E-22 1.19793E-22 1.05840E-22 1.31274E-22 2.95250E-23 3.35502E-23 1.19464E-24 1.35665E-24
 4.00000E+04 6.14978E-21 0.00000E+00 1.40215E-21 1.51640E-21 1.72027E-21 3.33302E-22 2.98701E-22 3.59552E-22 6.96265E-23 7.84046E-23 8.96437E-23 7.53628E-23 9.02370E-23 1.83248E-23 2.05235E-23 6.51739E-25 7.34336E-25
 4.50000E+04 4.49272E-21 0.00000E+00 1.09730E-21 1.09441E-21 1.20090E-21 2.57867E-22 2.19819E-22 2.56212E-22 4.50620E-23 5.00788E-23 6.91663E-23 5.55889E-23 6.45043E-23 1.19824E-23 1.32448E-23 3.81202E-25 4.26459E-25
 5.00000E+04 3.38790E-21 0.00000E+00 8.76951E-22 8.15082E-22 8.68331E-22 2.04318E-22 1.66469E-22 1.88499E-22 3.04656E-23 3.34537E-23 5.46909E-23 4.21894E-23 4.75905E-23 8.17068E-24 8.92380E-24 2.35707E-25 2.61964E-25
 5.50000E+04 2.62185E-21 0.00000E+00 7.13315E-22 6.23027E-22 6.46261E-22 1.65097E-22 1.29095E-22 1.42389E-22 2.13479E-23 2.31848E-23 4.41231E-23 3.27849E-23 3.60398E-23 5.76751E-24 6.22971E-24 1.52516E-25 1.68452E-25
 6.00000E+04 2.07325E-21 0.00000E+00 5.88988E-22 4.86729E-22 4.92752E-22 1.35621E-22 1.02135E-22 1.09973E-22 1.54139E-23 1.65687E-23 3.62010E-23 2.59873E-23 2.78976E-23 4.19025E-24 4.47998E-24 1.02463E-25 1.12502E-25
 7.00000E+04 1.36576E-21 0.00000E+00 4.16782E-22 3.13309E-22 3.03792E-22 9.52678E-23 6.71408E-23 6.92530E-23 8.64130E-24 9.11811E-24 2.53850E-23 1.71411E-23 1.76363E-23 2.37292E-24 2.49071E-24 5.06379E-26 5.50236E-26
 8.00000E+04 9.50152E-22 0.00000E+00 3.06954E-22 2.13350E-22 1.99261E-22 6.98306E-23 4.64943E-23 4.61925E-23 5.22801E-24 5.42831E-24 1.85858E-23 1.19045E-23 1.18014E-23 1.44710E-24 1.49467E-24 2.75210E-26 2.96263E-26
 9.00000E+04 6.89429E-22 0.00000E+00 2.33336E-22 1.51786E-22 1.37137E-22 5.29159E-23 3.35363E-23 3.22276E-23 3.35592E-24 3.43464E-24 1.40731E-23 8.60782E-24 8.25563E-24 9.34744E-25 9.51841E-25 1.60989E-26 1.71842E-26
 1.00000E+05 5.17272E-22 0.00000E+00 1.81998E-22 1.11840E-22 9.80859E-23 4.11859E-23 2.49961E-23 2.33123E-23 2.25802E-24 2.28188E-24 1.09477E-23 6.42942E-24 5.98545E-24 6.32209E-25 6.35692E-25 9.98525E-27 1.05773E-26
 1.03919E+05 4.65762E-22 0.00000E+00 1.66106E-22 1.00031E-22 8.67804E-23 3.75661E-23 2.24464E-23 2.07065E-23 1.95420E-24 1.96585E-24 9.98396E-24 5.77801E-24 5.32067E-24 5.48131E-25 5.48640E-25 8.39209E-27 8.86478E-27
 1.03919E+05 2.07927E-21 1.61351E-21 1.66106E-22 1.00031E-22 8.67803E-23 3.75661E-23 2.24464E-23 2.07065E-23 1.95419E-24 1.96584E-24 9.98396E-24 5.77800E-24 5.32067E-24 5.48131E-25 5.48640E-25 8.39208E-27 8.86477E-27
 1.04011E+05 2.04356E-21 1.57892E-21 1.65755E-22 9.97732E-23 8.65350E-23 3.74861E-23 2.23906E-23 2.06498E-23 1.94768E-24 1.95909E-24 9.96269E-24 5.76375E-24 5.30620E-24 5.46326E-25 5.46776E-25 8.35848E-27 8.82870E-27
 1.04104E+05 2.03834E-21 1.57483E-21 1.65405E-22 9.95161E-23 8.62903E-23 3.74064E-23 2.23350E-23 2.05932E-23 1.94119E-24 1.95235E-24 9.94146E-24 5.74952E-24 5.29177E-24 5.44528E-25 5.44918E-25 8.32501E-27 8.79278E-27
 1.04289E+05 2.02968E-21 1.56841E-21 1.64706E-22 9.90040E-23 8.58031E-23 3.72474E-23 2.22241E-23 2.04806E-23 1.92827E-24 1.93895E-24 9.89913E-24 5.72117E-24 5.26302E-24 5.40948E-25 5.41222E-25 8.25848E-27 8.72138E-27
 1.04660E+05 2.01189E-21 1.55508E-21 1.63317E-22 9.79876E-23 8.48369E-23 3.69313E-23 2.20039E-23 2.02572E-23 1.90270E-24 1.91243E-24 9.81500E-24 5.66489E-24 5.20599E-24 5.33860E-25 5.33907E-25 8.12706E-27 8.58037E-27
 1.05407E+05 1.97548E-21 1.52744E-21 1.60573E-22 9.59862E-23 8.29372E-23 3.63070E-23 2.15701E-23 1.98177E-23 1.85258E-24 1.86049E-24 9.64883E-24 5.55399E-24 5.09378E-24 5.19967E-25 5.19577E-25 7.87065E-27 8.30537E-27
 1.06916E+05 1.90601E-21 1.47502E-21 1.55219E-22 9.21060E-23 7.92657E-23 3.50892E-23 2.07280E-23 1.89670E-23 1.75635E-24 1.76090E-24 9.32470E-24 5.33862E-24 4.87656E-24 4.93274E-25 4.92082E-25 7.38260E-27 7.78235E-27
 1.10000E+05 1.77381E-21 1.37498E-21 1.45019E-22 8.48076E-23 7.24012E-23 3.27708E-23 1.91398E-23 1.73726E-23 1.57873E-24 1.57753E-24 8.70779E-24 4.93227E-24 4.46917E-24 4.43941E-25 4.41401E-25 6.49654E-27 6.83433E-27
 1.25000E+05 1.27926E-21 9.97832E-22 1.06608E-22 5.85059E-23 4.81751E-23 2.40596E-23 1.33650E-23 1.16968E-23 9.78611E-25 9.63361E-25 6.39093E-24 3.45225E-24 3.01641E-24 2.76606E-25 2.71015E-25 3.66285E-27 3.81880E-27
 1.40000E+05 9.55198E-22 7.48526E-22 8.09546E-23 4.21108E-23 3.35850E-23 1.82580E-23 9.71550E-24 8.23247E-24 6.41713E-25 6.23877E-25 4.84897E-24 2.51448E-24 2.12732E-24 1.82148E-25 1.76253E-25 2.21440E-27 2.29100E-27
 1.50000E+05 7.98893E-22 6.27578E-22 6.84004E-23 3.44832E-23 2.69742E-23 1.54233E-23 8.00059E-24 6.64787E-24 4.96903E-25 4.79592E-25 4.09584E-24 2.07300E-24 1.71985E-24 1.41398E-25 1.35830E-25 1.63494E-27 1.68385E-27
 1.75000E+05 5.35248E-22 4.22442E-22 4.68535E-23 2.21006E-23 1.65618E-23 1.05638E-23 5.18707E-24 4.12699E-24 2.81852E-25 2.67894E-25 2.80520E-24 1.34721E-24 1.07022E-24 8.05795E-26 7.62499E-26 8.34978E-28 8.52346E-28
 2.00000E+05 3.78216E-22 2.99495E-22 3.37204E-23 1.50710E-23 1.08890E-23 7.60468E-24 3.56897E-24 2.73638E-24 1.73389E-25 1.62946E-25 2.01948E-24 9.28676E-25 7.10928E-25 4.97596E-26 4.65531E-26 4.71508E-28 4.78173E-28
 2.20000E+05 2.95356E-22 2.34361E-22 2.66619E-23 1.14896E-23 8.09205E-24 6.01466E-24 2.73666E-24 2.04463E-24 1.23054E-25 1.14815E-25 1.59733E-24 7.13000E-25 5.31839E-25 3.53963E-26 3.28875E-26 3.15273E-28 3.18609E-28
 2.50000E+05 2.12344E-22 1.68905E-22 1.94696E-23 8.00981E-24 5.45618E-24 4.39433E-24 1.92138E-24 1.38769E-24 7.81346E-26 7.23444E-26 1.16713E-24 5.01348E-25 3.61488E-25 2.25371E-26 2.07812E-26 1.85433E-28 1.86729E-28
 2.73861E+05 1.67951E-22 1.33809E-22 1.55604E-23 6.20101E-24 4.12640E-24 3.51337E-24 1.49444E-24 1.05396E-24 5.66234E-26 5.22055E-26 9.33217E-25 3.90335E-25 2.74819E-25 1.63641E-26 1.50247E-26 1.27347E-28 1.28087E-28
 3.00000E+05 1.33360E-22 1.06407E-22 1.24715E-23 4.82506E-24 3.14103E-24 2.81701E-24 1.16761E-24 8.05256E-25 4.14027E-26 3.80648E-26 7.48309E-25 3.05247E-25 2.10144E-25 1.19864E-26 1.09749E-26 8.85943E-29 8.91748E-29
 3.50000E+05 9.06316E-23 7.24888E-23 8.59713E-24 3.17061E-24 1.99128E-24 1.94302E-24 7.72054E-25 5.13329E-25 2.45399E-26 2.25224E-26 5.16206E-25 2.02117E-25 1.34132E-25 7.12155E-27 6.50921E-27 4.83471E-29 4.88019E-29
 4.00000E+05 6.52910E-23 5.23266E-23 6.25799E-24 2.22050E-24 1.35471E-24 1.41492E-24 5.43220E-25 3.50637E-25 1.57770E-26 1.45032E-26 3.75937E-25 1.42353E-25 9.17044E-26 4.58798E-27 4.20036E-27 2.90552E-29 2.95498E-29
 4.50000E+05 4.91782E-23 3.94826E-23 4.74996E-24 1.63245E-24 9.72496E-25 1.07423E-24 4.00774E-25 2.52465E-25 1.07956E-26 9.96254E-27 2.85430E-25 1.05112E-25 6.60735E-26 3.14321E-27 2.88896E-27 1.87987E-29 1.92895E-29
 5.00000E+05 3.83604E-23 3.08457E-23 3.72643E-24 1.24680E-24 7.28124E-25 8.42867E-25 3.06952E-25 1.89448E-25 7.75007E-27 7.19276E-27 2.23961E-25 8.05552E-26 4.96084E-26 2.25926E-27 2.08833E-27 1.28681E-29 1.33372E-29
 5.50000E+05 3.07739E-23 2.47799E-23 3.00241E-24 9.81934E-25 5.63862E-25 6.79136E-25 2.42289E-25 1.46963E-25 5.78455E-27 5.40286E-27 1.80457E-25 6.36144E-26 3.84979E-26 1.68798E-27 1.57031E-27 9.22196E-30 9.65212E-30
 6.00000E+05 2.52602E-23 2.03657E-23 2.47257E-24 7.93051E-25 4.48852E-25 5.59283E-25 1.96033E-25 1.17144E-25 4.45855E-27 4.19293E-27 1.48608E-25 5.14911E-26 3.06959E-26 1.30189E-27 1.21928E-27 6.87091E-30 7.25993E-30
 6.48074E+05 2.12618E-23 1.71608E-23 2.08628E-24 6.58344E-25 3.68061E-25 4.71883E-25 1.62963E-25 9.61558E-26 3.55465E-27 3.36654E-27 1.25382E-25 4.28192E-26 2.52025E-26 1.03857E-27 9.79365E-28 5.31088E-30 5.67551E-30
 7.00000E+05 1.79644E-23 1.45146E-23 1.76617E-24 5.49091E-25 3.03483E-25 3.99444E-25 1.36083E-25 7.93497E-26 2.85327E-27 2.72325E-27 1.06132E-25 3.57662E-26 2.08019E-26 8.34175E-28 7.92640E-28 4.13241E-30 4.47841E-30
 8.00000E+05 1.34960E-23 1.09232E-23 1.33026E-24 4.04067E-25 2.19156E-25 3.00785E-25 1.00324E-25 5.73691E-26 1.97047E-27 1.90784E-27 7.99138E-26 2.63778E-26 1.50434E-26 5.76598E-28 5.55906E-28 2.71908E-30 3.01706E-30
 9.00000E+05 1.05612E-23 8.55981E-24 1.04248E-24 3.11209E-25 1.66190E-25 2.35653E-25 7.73667E-26 4.35377E-26 1.44126E-27 1.41428E-27 6.26045E-26 2.03478E-26 1.14182E-26 4.21813E-28 4.12226E-28 1.91242E-30 2.16441E-30
 1.00000E+06 8.52770E-24 6.91955E-24 8.42384E-25 2.48265E-25 1.30842E-25 1.90370E-25 6.17738E-26 3.42934E-26 1.10070E-27 1.09376E-27 5.05709E-26 1.62504E-26 8.99496E-27 3.22389E-28 3.18846E-28 1.41653E-30 1.63161E-30
 1.10000E+06 7.05842E-24 5.73261E-24 6.97451E-25 2.03633E-25 1.06100E-25 1.57575E-25 5.07026E-26 2.78164E-26 8.69705E-28 8.74172E-28 4.18560E-26 1.33403E-26 7.29654E-27 2.54849E-28 2.55027E-28 1.08474E-30 1.28001E-30
 1.25000E+06 5.51210E-24 4.48151E-24 5.44608E-25 1.57560E-25 8.08915E-26 1.22996E-25 3.92610E-26 2.12124E-26 6.42609E-28 6.55563E-28 3.26680E-26 1.03312E-26 5.56444E-27 1.88451E-28 1.91299E-28 7.71460E-31 9.34691E-31
 1.40000E+06 4.45335E-24 3.62353E-24 4.39793E-25 1.26622E-25 6.41904E-26 9.92904E-26 3.15682E-26 1.68337E-26 4.97593E-28 5.14022E-28 2.63696E-26 8.30752E-27 4.41574E-27 1.45858E-28 1.50001E-28 5.81401E-31 7.15636E-31
 1.50000E+06 3.92153E-24 3.19208E-24 3.87100E-25 1.11287E-25 5.59919E-26 8.73763E-26 2.77514E-26 1.46832E-26 4.28096E-28 4.45502E-28 2.32040E-26 7.30363E-27 3.85163E-27 1.25535E-28 1.29989E-28 4.90046E-31 6.15232E-31
 1.62019E+06 3.40916E-24 2.77608E-24 3.36314E-25 9.66370E-26 4.82234E-26 7.58933E-26 2.41022E-26 1.26448E-26 3.63388E-28 3.81170E-28 2.01531E-26 6.34353E-27 3.31690E-27 1.06597E-28 1.11237E-28 4.07453E-31 5.20920E-31
 1.75000E+06 2.97279E-24 2.42149E-24 2.93049E-25 8.42879E-26 4.17135E-26 6.61167E-26 2.10257E-26 1.09369E-26 3.10075E-28 3.27756E-28 1.75561E-26 5.53399E-27 2.86886E-27 9.09665E-29 9.56953E-29 3.42224E-31 4.41747E-31
 2.00000E+06 2.35708E-24 1.92073E-24 2.31999E-25 6.70106E-26 3.27048E-26 5.23218E-26 1.67188E-26 8.57305E-27 2.38111E-28 2.54744E-28 1.38916E-26 4.40075E-27 2.24866E-27 6.99250E-29 7.43988E-29 2.56965E-31 3.36462E-31
 2.20000E+06 2.00551E-24 1.63498E-24 1.97112E-25 5.69290E-26 2.77730E-26 4.43699E-26 1.41773E-26 7.26914E-27 2.01883E-28 2.15981E-28 1.17748E-26 3.73011E-27 1.90593E-27 5.92659E-29 6.30574E-29 2.17785E-31 2.85160E-31
 2.50000E+06 1.62382E-24 1.32461E-24 1.59277E-25 4.59971E-26 2.24284E-26 3.57700E-26 1.14288E-26 5.85926E-27 1.62714E-28 1.74073E-28 9.48715E-27 3.00533E-27 1.53556E-27 4.77472E-29 5.08015E-29 1.75448E-31 2.29725E-31
 2.73861E+06 1.40167E-24 1.14393E-24 1.37259E-25 3.96420E-26 1.93159E-26 3.07803E-26 9.83592E-27 5.04020E-27 1.39883E-28 1.49696E-28 8.16081E-27 2.58558E-27 1.32052E-27 4.10385E-29 4.36763E-29 1.50692E-31 1.97397E-31
 3.00000E+06 1.21451E-24 9.91714E-25 1.18697E-25 3.42740E-26 1.67014E-26 2.65789E-26 8.49171E-27 4.35284E-27 1.20868E-28 1.29302E-28 7.04433E-27 2.23144E-27 1.14010E-27 3.54490E-29 3.77164E-29 1.30249E-31 1.70544E-31
 3.50000E+06 9.59064E-25 7.83973E-25 9.33385E-26 2.69490E-26 1.31259E-26 2.08556E-26 6.66288E-27 3.41502E-27 9.48199E-29 1.01434E-28 5.52452E-27 1.74997E-27 8.94080E-28 2.77987E-29 2.95766E-29 1.02135E-31 1.33731E-31
 4.00000E+06 7.86894E-25 6.43976E-25 7.62231E-26 2.20058E-26 1.07144E-26 1.70033E-26 5.43197E-27 2.78390E-27 7.72922E-29 8.26821E-29 4.50223E-27 1.42613E-27 7.28608E-28 2.26533E-29 2.41020E-29 8.32270E-32 1.08974E-31
 4.50000E+06 6.64137E-25 5.44163E-25 6.40101E-26 1.84789E-26 8.99460E-27 1.42604E-26 4.55557E-27 2.33459E-27 6.48147E-29 6.93336E-29 3.77472E-27 1.19567E-27 6.10856E-28 1.89918E-29 2.02063E-29 6.97730E-32 9.13578E-32
 5.00000E+06 5.72774E-25 4.69866E-25 5.49206E-26 1.58541E-26 7.71523E-27 1.22225E-26 3.90447E-27 2.00082E-27 5.55462E-29 5.94182E-29 3.23444E-27 1.02452E-27 5.23411E-28 1.62729E-29 1.73135E-29 5.97825E-32 7.82767E-32
 5.50000E+06 5.02439E-25 4.12654E-25 4.79289E-26 1.38353E-26 6.73151E-27 1.06572E-26 3.40438E-27 1.74448E-27 4.84282E-29 5.18036E-29 2.81961E-27 8.93113E-28 4.56273E-28 1.41853E-29 1.50924E-29 5.21124E-32 6.82337E-32
 6.00000E+06 4.46831E-25 3.67407E-25 4.24066E-26 1.22408E-26 5.95477E-27 9.42238E-27 3.00988E-27 1.54227E-27 4.28136E-29 4.57973E-29 2.49245E-27 7.89481E-28 4.03326E-28 1.25391E-29 1.33409E-29 4.60638E-32 6.03139E-32
 7.00000E+06 3.64827E-25 3.00637E-25 3.42844E-26 9.89579E-27 4.81278E-27 7.60883E-27 2.43050E-27 1.24532E-27 3.45690E-29 3.69776E-29 2.01214E-27 6.37336E-28 3.25594E-28 1.01223E-29 1.07695E-29 3.71844E-32 4.86876E-32
 8.00000E+06 3.07537E-25 2.53933E-25 2.86376E-26 8.26558E-27 4.01916E-27 6.34999E-27 2.02835E-27 1.03923E-27 2.88471E-29 3.08567E-29 1.67888E-27 5.31771E-28 2.71661E-28 8.44547E-30 8.98544E-30 3.10240E-32 4.06214E-32
 9.00000E+06 2.65419E-25 2.19551E-25 2.45094E-26 7.07385E-27 3.43916E-27 5.43084E-27 1.73472E-27 8.88756E-28 2.46697E-29 2.63881E-29 1.43561E-27 4.54716E-28 2.32295E-28 7.22155E-30 7.68326E-30 2.65276E-32 3.47340E-32
 1.00000E+07 2.33231E-25 1.93238E-25 2.13734E-26 6.16860E-27 2.99868E-27 4.73330E-27 1.51190E-27 7.74573E-28 2.14998E-29 2.29973E-29 1.25105E-27 3.96254E-28 2.02428E-28 6.29300E-30 6.69533E-30 2.31163E-32 3.02674E-32
 1.10000E+07 2.07871E-25 1.72477E-25 1.89182E-26 5.45987E-27 2.65389E-27 4.18763E-27 1.33759E-27 6.85255E-28 1.90203E-29 2.03450E-29 1.10669E-27 3.50531E-28 1.79069E-28 5.56678E-30 5.92267E-30 2.04484E-32 2.67742E-32
 1.25000E+07 1.77433E-25 1.47309E-25 1.61038E-26 4.64752E-27 2.25875E-27 3.56266E-27 1.13795E-27 5.82963E-28 1.61807E-29 1.73076E-29 9.41396E-28 2.98174E-28 1.52321E-28 4.73522E-30 5.03795E-30 1.73937E-32 2.27744E-32
 1.40000E+07 1.54523E-25 1.28349E-25 1.39941E-26 4.03858E-27 1.96261E-27 3.09454E-27 9.88419E-28 5.06349E-28 1.40540E-29 1.50327E-29 8.17612E-28 2.58966E-28 1.32291E-28 4.11252E-30 4.37543E-30 1.51062E-32 1.97793E-32
 1.50000E+07 1.42182E-25 1.18129E-25 1.28609E-26 3.71149E-27 1.80356E-27 2.84324E-27 9.08147E-28 4.65222E-28 1.29124E-29 1.38115E-29 7.51169E-28 2.37920E-28 1.21540E-28 3.77828E-30 4.01982E-30 1.38783E-32 1.81716E-32
 1.75000E+07 1.18340E-25 9.83724E-26 1.06781E-26 3.08152E-27 1.49727E-27 2.35951E-27 7.53633E-28 3.86058E-28 1.07150E-29 1.14610E-29 6.23292E-28 1.97416E-28 1.00848E-28 3.13501E-30 3.33543E-30 1.15154E-32 1.50777E-32
 2.00000E+07 1.01203E-25 8.41598E-26 9.11489E-27 2.63035E-27 1.27794E-27 2.01332E-27 6.43054E-28 3.29407E-28 9.14251E-30 9.77905E-30 5.31792E-28 1.68435E-28 8.60426E-29 2.67475E-30 2.84574E-30 9.82469E-33 1.28640E-32
 2.20000E+07 9.06334E-26 7.53895E-26 8.15329E-27 2.35283E-27 1.14305E-27 1.80048E-27 5.75071E-28 2.94579E-28 8.17580E-30 8.74501E-30 4.75545E-28 1.50619E-28 7.69416E-29 2.39183E-30 2.54473E-30 8.78541E-33 1.15032E-32
 2.50000E+07 7.82997E-26 6.51501E-26 7.03369E-27 2.02971E-27 9.86014E-28 1.55279E-27 4.95955E-28 2.54048E-28 7.05082E-30 7.54169E-30 4.10094E-28 1.29889E-28 6.63513E-29 2.06261E-30 2.19446E-30 7.57610E-33 9.91978E-33
 3.00000E+07 6.37492E-26 5.30631E-26 5.71653E-27 1.64959E-27 8.01294E-28 1.26155E-27 4.02932E-28 2.06394E-28 5.72817E-30 6.12694E-30 3.33148E-28 1.05517E-28 5.39014E-29 1.67558E-30 1.78269E-30 6.15446E-33 8.05835E-33
 3.50000E+07 5.37137E-26 4.47219E-26 4.81052E-27 1.38813E-27 6.74251E-28 1.06133E-27 3.38981E-28 1.73634E-28 4.81893E-30 5.15438E-30 2.80256E-28 8.87647E-29 4.53436E-29 1.40954E-30 1.49964E-30 5.17728E-33 6.77887E-33
 4.00000E+07 4.63851E-26 3.86280E-26 4.15021E-27 1.19758E-27 5.81671E-28 9.15471E-28 2.92393E-28 1.49769E-28 4.15656E-30 4.44590E-30 2.41728E-28 7.65617E-29 3.91098E-29 1.21576E-30 1.29347E-30 4.46548E-33 5.84687E-33
 4.50000E+07 4.08036E-26 3.39853E-26 3.64809E-27 1.05269E-27 5.11276E-28 8.04588E-28 2.56977E-28 1.31628E-28 3.65306E-30 3.90734E-30 2.12441E-28 6.72858E-29 3.43713E-29 1.06846E-30 1.13675E-30 3.92443E-33 5.13845E-33
 5.00000E+07 3.64138E-26 3.03329E-26 3.25366E-27 9.38863E-28 4.55982E-28 7.17507E-28 2.29164E-28 1.17380E-28 3.25764E-30 3.48440E-30 1.89443E-28 6.00015E-29 3.06503E-29 9.52782E-31 1.01369E-30 3.49955E-33 4.58214E-33
 5.50000E+07 3.28722E-26 2.73856E-26 2.93576E-27 8.47128E-28 4.11420E-28 6.47338E-28 2.06752E-28 1.05900E-28 2.93903E-30 3.14360E-30 1.70912E-28 5.41322E-29 2.76521E-29 8.59579E-31 9.14525E-31 3.15721E-33 4.13389E-33
 6.00000E+07 2.99555E-26 2.49579E-26 2.67418E-27 7.71643E-28 3.74753E-28 5.89609E-28 1.88313E-28 9.64556E-29 2.67690E-30 2.86323E-30 1.55667E-28 4.93036E-29 2.51855E-29 7.82903E-31 8.32948E-31 2.87557E-33 3.76513E-33
 7.00000E+07 2.54362E-26 2.11955E-26 2.26925E-27 6.54798E-28 3.17997E-28 5.00264E-28 1.59778E-28 8.18387E-29 2.27123E-30 2.42932E-30 1.32074E-28 4.18311E-29 2.13683E-29 6.64243E-31 7.06702E-31 2.43973E-33 3.19446E-33
 8.00000E+07 2.20984E-26 1.84161E-26 1.97051E-27 5.68593E-28 2.76126E-28 4.34362E-28 1.38729E-28 7.10573E-29 1.97201E-30 2.10927E-30 1.14672E-28 3.63195E-29 1.85529E-29 5.76723E-31 6.13587E-31 2.11827E-33 2.77356E-33
 9.00000E+07 1.95332E-26 1.62796E-26 1.74111E-27 5.02396E-28 2.43975E-28 3.83764E-28 1.22568E-28 6.27795E-29 1.74228E-30 1.86355E-30 1.01312E-28 3.20881E-29 1.63913E-29 5.09529E-31 5.42099E-31 1.87147E-33 2.45041E-33
 1.00000E+08 1.75005E-26 1.45864E-26 1.55944E-27 4.49976E-28 2.18515E-28 3.43701E-28 1.09773E-28 5.62255E-29 1.56039E-30 1.66899E-30 9.07345E-29 2.87378E-29 1.46799E-29 4.56329E-31 4.85498E-31 1.67607E-33 2.19456E-33
 1.10000E+08 1.58503E-26 1.32118E-26 1.41205E-27 4.07444E-28 1.97859E-28 3.11199E-28 9.93921E-29 5.09083E-29 1.41282E-30 1.51115E-30 8.21531E-29 2.60199E-29 1.32915E-29 4.13170E-31 4.39581E-31 1.51755E-33 1.98700E-33
 1.25000E+08 1.38856E-26 1.15748E-26 1.23664E-27 3.56831E-28 1.73278E-28 2.72525E-28 8.70403E-29 4.45816E-29 1.23724E-30 1.32335E-30 7.19426E-29 2.27859E-29 1.16395E-29 3.61818E-31 3.84946E-31 1.32893E-33 1.74003E-33
 1.40000E+08 1.23538E-26 1.02984E-26 1.09996E-27 3.17390E-28 1.54124E-28 2.42391E-28 7.74159E-29 3.96519E-29 1.10043E-30 1.17702E-30 6.39869E-29 2.02662E-29 1.03524E-29 3.21806E-31 3.42376E-31 1.18197E-33 1.54761E-33
 1.50000E+08 1.15073E-26 9.59305E-27 1.02445E-27 2.95602E-28 1.43543E-28 2.25747E-28 7.20997E-29 3.69290E-29 1.02486E-30 1.09619E-30 5.95926E-29 1.88744E-29 9.64142E-30 2.99706E-31 3.18863E-31 1.10079E-33 1.44132E-33
 1.75000E+08 9.82403E-27 8.19026E-27 8.74367E-28 2.52295E-28 1.22512E-28 1.92664E-28 6.15335E-29 3.15170E-29 8.74661E-31 9.35535E-31 5.08586E-29 1.61081E-29 8.22835E-30 2.55780E-31 2.72129E-31 9.39457E-34 1.23008E-33
 2.00000E+08 8.57013E-27 7.14519E-27 7.62615E-28 2.20049E-28 1.06853E-28 1.68032E-28 5.36667E-29 2.74876E-29 7.62837E-31 8.15928E-31 4.43561E-29 1.40486E-29 7.17632E-30 2.23077E-31 2.37336E-31 8.19342E-34 1.07281E-33
 2.20000E+08 7.77602E-27 6.48329E-27 6.91863E-28 1.99634E-28 9.69387E-29 1.52439E-28 4.86865E-29 2.49367E-29 6.92045E-31 7.40209E-31 4.02397E-29 1.27448E-29 6.51032E-30 2.02374E-31 2.15310E-31 7.43302E-34 9.73242E-34
 2.50000E+08 6.82702E-27 5.69224E-27 6.07335E-28 1.75243E-28 8.50946E-29 1.33811E-28 4.27368E-29 2.18894E-29 6.07473E-31 6.49751E-31 3.53220E-29 1.11873E-29 5.71469E-30 1.77642E-31 1.88997E-31 6.52462E-34 8.54301E-34
 3.00000E+08 5.67299E-27 4.73021E-27 5.04577E-28 1.45593E-28 7.06963E-29 1.11167E-28 3.55046E-29 1.81851E-29 5.04671E-31 5.39794E-31 2.93443E-29 9.29403E-30 4.74757E-30 1.47579E-31 1.57012E-31 5.42042E-34 7.09723E-34
 3.50000E+08 4.85262E-27 4.04629E-27 4.31553E-28 1.24522E-28 6.04645E-29 9.50756E-29 3.03654E-29 1.55528E-29 4.31620E-31 4.61659E-31 2.50967E-29 7.94869E-30 4.06035E-30 1.26216E-31 1.34284E-31 4.63580E-34 6.06988E-34
 4.00000E+08 4.23951E-27 3.53513E-27 3.76991E-28 1.08778E-28 5.28195E-29 8.30531E-29 2.65257E-29 1.35861E-29 3.77040E-31 4.03281E-31 2.19231E-29 6.94353E-30 3.54689E-30 1.10255E-31 1.17303E-31 4.04957E-34 5.30230E-34
 4.50000E+08 3.76393E-27 3.13862E-27 3.34675E-28 9.65681E-29 4.68905E-29 7.37295E-29 2.35479E-29 1.20609E-29 3.34713E-31 3.58007E-31 1.94619E-29 6.16402E-30 3.14870E-30 9.78777E-32 1.04134E-31 3.59494E-34 4.70704E-34
 5.00000E+08 3.38428E-27 2.82208E-27 3.00899E-28 8.68222E-29 4.21581E-29 6.62878E-29 2.11711E-29 1.08436E-29 3.00929E-31 3.21872E-31 1.74975E-29 5.54185E-30 2.83088E-30 8.79982E-32 9.36231E-32 3.23208E-34 4.23192E-34
 5.50000E+08 3.07419E-27 2.56353E-27 2.73315E-28 7.88630E-29 3.82933E-29 6.02104E-29 1.92301E-29 9.84939E-30 2.73339E-31 2.92362E-31 1.58932E-29 5.03375E-30 2.57133E-30 7.99302E-32 8.50393E-32 2.93575E-34 3.84392E-34
 6.00000E+08 2.81616E-27 2.34838E-27 2.50363E-28 7.22404E-29 3.50775E-29 5.51537E-29 1.76151E-29 9.02220E-30 2.50383E-31 2.67808E-31 1.45584E-29 4.61099E-30 2.35538E-30 7.32172E-32 7.78972E-32 2.68919E-34 3.52109E-34
 7.00000E+08 2.41135E-27 2.01084E-27 2.14360E-28 6.18521E-29 3.00332E-29 4.72219E-29 1.50818E-29 7.72468E-30 2.14374E-31 2.29293E-31 1.24647E-29 3.94785E-30 2.01664E-30 6.26873E-32 6.66943E-32 2.30244E-34 3.01469E-34
 8.00000E+08 2.10829E-27 1.75814E-27 1.87410E-28 5.40757E-29 2.62572E-29 4.12845E-29 1.31855E-29 6.75343E-30 1.87420E-31 2.00463E-31 1.08974E-29 3.45147E-30 1.76307E-30 5.48053E-32 5.83084E-32 2.01294E-34 2.63564E-34
 9.00000E+08 1.87290E-27 1.56185E-27 1.66479E-28 4.80363E-29 2.33246E-29 3.66734E-29 1.17128E-29 5.99912E-30 1.66487E-31 1.78073E-31 9.68027E-30 3.06596E-30 1.56615E-30 4.86839E-32 5.17957E-32 1.78810E-34 2.34125E-34
 1.00000E+09 1.68479E-27 1.40499E-27 1.49754E-28 4.32103E-29 2.09813E-29 3.29888E-29 1.05360E-29 5.39638E-30 1.49759E-31 1.60182E-31 8.70767E-30 2.75792E-30 1.40880E-30 4.37925E-32 4.65917E-32 1.60845E-34 2.10602E-34
