 *** Photoelectric cross sections,  IZ = 90,  NSHELL = 16,  NDATA =  450
              0           1           2           3           4           5           6           7           8           9          10          11          12          13          14          15          16
 5.00000E+01 6.71429E-18 0.00000E+00 0.00000E+00 0.00000E+00 0.00000E+00 0.00000E+00 0.00000E+00 0.00000E+00 0.00000E+00 0.00000E+00 0.00000E+00 0.00000E+00 0.00000E+00 0.00000E+00 0.00000E+00 0.00000E+00 0.00000E+00
 5.00000E+01 7.02789E-18 0.00000E+00 0.00000E+00 0.00000E+00 0.00000E+00 0.00000E+00 0.00000E+00 0.00000E+00 0.00000E+00 0.00000E+00 0.00000E+00 0.00000E+00 0.00000E+00 0.00000E+00 0.00000E+00 0.00000E+00 0.00000E+00
 5.00372E+01 7.01515E-18 0.00000E+00 0.00000E+00 0.00000E+00 0.00000E+00 0.00000E+00 0.00000E+00 0.00000E+00 0.00000E+00 0.00000E+00 0.00000E+00 0.00000E+00 0.00000E+00 0.00000E+00 0.00000E+00 0.00000E+00 0.00000E+00
 5.00745E+01 7.00243E-18 0.00000E+00 0.00000E+00 0.00000E+00 0.00000E+00 0.00000E+00 0.00000E+00 0.00000E+00 0.00000E+00 0.00000E+00 0.00000E+00 0.00000E+00 0.00000E+00 0.00000E+00 0.00000E+00 0.00000E+00 0.00000E+00
 5.01491E+01 6.97704E-18 0.00000E+00 0.00000E+00 0.00000E+00 0.00000E+00 0.00000E+00 0.00000E+00 0.00000E+00 0.00000E+00 0.00000E+00 0.00000E+00 0.00000E+00 0.00000E+00 0.00000E+00 0.00000E+00 0.00000E+00 0.00000E+00
 5.02987E+01 6.92649E-18 0.00000E+00 0.00000E+00 0.00000E+00 0.00000E+00 0.00000E+00 0.00000E+00 0.00000E+00 0.00000E+00 0.00000E+00 0.00000E+00 0.00000E+00 0.00000E+00 0.00000E+00 0.00000E+00 0.00000E+00 0.00000E+00
 5.05993E+01 6.82630E-18 0.00000E+00 0.00000E+00 0.00000E+00 0.00000E+00 0.00000E+00 0.00000E+00 0.00000E+00 0.00000E+00 0.00000E+00 0.00000E+00 0.00000E+00 0.00000E+00 0.00000E+00 0.00000E+00 0.00000E+00 0.00000E+00
 5.12057E+01 6.62981E-18 0.00000E+00 0.00000E+00 0.00000E+00 0.00000E+00 0.00000E+00 0.00000E+00 0.00000E+00 0.00000E+00 0.00000E+00 0.00000E+00 0.00000E+00 0.00000E+00 0.00000E+00 0.00000E+00 0.00000E+00 0.00000E+00
 5.24404E+01 6.25296E-18 0.00000E+00 0.00000E+00 0.00000E+00 0.00000E+00 0.00000E+00 0.00000E+00 0.00000E+00 0.00000E+00 0.00000E+00 0.00000E+00 0.00000E+00 0.00000E+00 0.00000E+00 0.00000E+00 0.00000E+00 0.00000E+00
 5.50000E+01 5.55934E-18 0.00000E+00 0.00000E+00 0.00000E+00 0.00000E+00 0.00000E+00 0.00000E+00 0.00000E+00 0.00000E+00 0.00000E+00 0.00000E+00 0.00000E+00 0.00000E+00 0.00000E+00 0.00000E+00 0.00000E+00 0.00000E+00
 6.00000E+01 4.47686E-18 0.00000E+00 0.00000E+00 0.00000E+00 0.00000E+00 0.00000E+00 0.00000E+00 0.00000E+00 0.00000E+00 0.00000E+00 0.00000E+00 0.00000E+00 0.00000E+00 0.00000E+00 0.00000E+00 0.00000E+00 0.00000E+00
 6.48074E+01 3.68448E-18 0.00000E+00 0.00000E+00 0.00000E+00 0.00000E+00 0.00000E+00 0.00000E+00 0.00000E+00 0.00000E+00 0.00000E+00 0.00000E+00 0.00000E+00 0.00000E+00 0.00000E+00 0.00000E+00 0.00000E+00 0.00000E+00
 7.00000E+01 3.01955E-18 0.00000E+00 0.00000E+00 0.00000E+00 0.00000E+00 0.00000E+00 0.00000E+00 0.00000E+00 0.00000E+00 0.00000E+00 0.00000E+00 0.00000E+00 0.00000E+00 0.00000E+00 0.00000E+00 0.00000E+00 0.00000E+00
 7.48331E+01 2.52735E-18 0.00000E+00 0.00000E+00 0.00000E+00 0.00000E+00 0.00000E+00 0.00000E+00 0.00000E+00 0.00000E+00 0.00000E+00 0.00000E+00 0.00000E+00 0.00000E+00 0.00000E+00 0.00000E+00 0.00000E+00 0.00000E+00
 8.00000E+01 2.10055E-18 0.00000E+00 0.00000E+00 0.00000E+00 0.00000E+00 0.00000E+00 0.00000E+00 0.00000E+00 0.00000E+00 0.00000E+00 0.00000E+00 0.00000E+00 0.00000E+00 0.00000E+00 0.00000E+00 0.00000E+00 0.00000E+00
 8.48528E+01 1.77157E-18 0.00000E+00 0.00000E+00 0.00000E+00 0.00000E+00 0.00000E+00 0.00000E+00 0.00000E+00 0.00000E+00 0.00000E+00 0.00000E+00 0.00000E+00 0.00000E+00 0.00000E+00 0.00000E+00 0.00000E+00 0.00000E+00
 9.00000E+01 1.48307E-18 0.00000E+00 0.00000E+00 0.00000E+00 0.00000E+00 0.00000E+00 0.00000E+00 0.00000E+00 0.00000E+00 0.00000E+00 0.00000E+00 0.00000E+00 0.00000E+00 0.00000E+00 0.00000E+00 0.00000E+00 0.00000E+00
 9.10000E+01 1.43328E-18 0.00000E+00 0.00000E+00 0.00000E+00 0.00000E+00 0.00000E+00 0.00000E+00 0.00000E+00 0.00000E+00 0.00000E+00 0.00000E+00 0.00000E+00 0.00000E+00 0.00000E+00 0.00000E+00 0.00000E+00 0.00000E+00
 9.10000E+01 3.56462E-18 0.00000E+00 0.00000E+00 0.00000E+00 0.00000E+00 0.00000E+00 0.00000E+00 0.00000E+00 0.00000E+00 0.00000E+00 0.00000E+00 0.00000E+00 0.00000E+00 0.00000E+00 0.00000E+00 0.00000E+00 0.00000E+00
 9.10908E+01 3.62199E-18 0.00000E+00 0.00000E+00 0.00000E+00 0.00000E+00 0.00000E+00 0.00000E+00 0.00000E+00 0.00000E+00 0.00000E+00 0.00000E+00 0.00000E+00 0.00000E+00 0.00000E+00 0.00000E+00 0.00000E+00 0.00000E+00
 9.11818E+01 3.68024E-18 0.00000E+00 0.00000E+00 0.00000E+00 0.00000E+00 0.00000E+00 0.00000E+00 0.00000E+00 0.00000E+00 0.00000E+00 0.00000E+00 0.00000E+00 0.00000E+00 0.00000E+00 0.00000E+00 0.00000E+00 0.00000E+00
 9.13639E+01 3.79671E-18 0.00000E+00 0.00000E+00 0.00000E+00 0.00000E+00 0.00000E+00 0.00000E+00 0.00000E+00 0.00000E+00 0.00000E+00 0.00000E+00 0.00000E+00 0.00000E+00 0.00000E+00 0.00000E+00 0.00000E+00 0.00000E+00
 9.17292E+01 4.02468E-18 0.00000E+00 0.00000E+00 0.00000E+00 0.00000E+00 0.00000E+00 0.00000E+00 0.00000E+00 0.00000E+00 0.00000E+00 0.00000E+00 0.00000E+00 0.00000E+00 0.00000E+00 0.00000E+00 0.00000E+00 0.00000E+00
 9.20960E+01 4.24647E-18 0.00000E+00 0.00000E+00 0.00000E+00 0.00000E+00 0.00000E+00 0.00000E+00 0.00000E+00 0.00000E+00 0.00000E+00 0.00000E+00 0.00000E+00 0.00000E+00 0.00000E+00 0.00000E+00 0.00000E+00 0.00000E+00
 9.24643E+01 4.46168E-18 0.00000E+00 0.00000E+00 0.00000E+00 0.00000E+00 0.00000E+00 0.00000E+00 0.00000E+00 0.00000E+00 0.00000E+00 0.00000E+00 0.00000E+00 0.00000E+00 0.00000E+00 0.00000E+00 0.00000E+00 0.00000E+00
 9.28340E+01 4.66993E-18 0.00000E+00 0.00000E+00 0.00000E+00 0.00000E+00 0.00000E+00 0.00000E+00 0.00000E+00 0.00000E+00 0.00000E+00 0.00000E+00 0.00000E+00 0.00000E+00 0.00000E+00 0.00000E+00 0.00000E+00 0.00000E+00
 9.32052E+01 4.87076E-18 0.00000E+00 0.00000E+00 0.00000E+00 0.00000E+00 0.00000E+00 0.00000E+00 0.00000E+00 0.00000E+00 0.00000E+00 0.00000E+00 0.00000E+00 0.00000E+00 0.00000E+00 0.00000E+00 0.00000E+00 0.00000E+00
 9.35779E+01 5.06363E-18 0.00000E+00 0.00000E+00 0.00000E+00 0.00000E+00 0.00000E+00 0.00000E+00 0.00000E+00 0.00000E+00 0.00000E+00 0.00000E+00 0.00000E+00 0.00000E+00 0.00000E+00 0.00000E+00 0.00000E+00 0.00000E+00
 9.39521E+01 5.24791E-18 0.00000E+00 0.00000E+00 0.00000E+00 0.00000E+00 0.00000E+00 0.00000E+00 0.00000E+00 0.00000E+00 0.00000E+00 0.00000E+00 0.00000E+00 0.00000E+00 0.00000E+00 0.00000E+00 0.00000E+00 0.00000E+00
 9.43278E+01 5.42289E-18 0.00000E+00 0.00000E+00 0.00000E+00 0.00000E+00 0.00000E+00 0.00000E+00 0.00000E+00 0.00000E+00 0.00000E+00 0.00000E+00 0.00000E+00 0.00000E+00 0.00000E+00 0.00000E+00 0.00000E+00 0.00000E+00
 9.47050E+01 5.58784E-18 0.00000E+00 0.00000E+00 0.00000E+00 0.00000E+00 0.00000E+00 0.00000E+00 0.00000E+00 0.00000E+00 0.00000E+00 0.00000E+00 0.00000E+00 0.00000E+00 0.00000E+00 0.00000E+00 0.00000E+00 0.00000E+00
 9.50837E+01 5.74201E-18 0.00000E+00 0.00000E+00 0.00000E+00 0.00000E+00 0.00000E+00 0.00000E+00 0.00000E+00 0.00000E+00 0.00000E+00 0.00000E+00 0.00000E+00 0.00000E+00 0.00000E+00 0.00000E+00 0.00000E+00 0.00000E+00
 9.54639E+01 5.88469E-18 0.00000E+00 0.00000E+00 0.00000E+00 0.00000E+00 0.00000E+00 0.00000E+00 0.00000E+00 0.00000E+00 0.00000E+00 0.00000E+00 0.00000E+00 0.00000E+00 0.00000E+00 0.00000E+00 0.00000E+00 0.00000E+00
 9.58456E+01 6.01520E-18 0.00000E+00 0.00000E+00 0.00000E+00 0.00000E+00 0.00000E+00 0.00000E+00 0.00000E+00 0.00000E+00 0.00000E+00 0.00000E+00 0.00000E+00 0.00000E+00 0.00000E+00 0.00000E+00 0.00000E+00 0.00000E+00
 9.62289E+01 6.13297E-18 0.00000E+00 0.00000E+00 0.00000E+00 0.00000E+00 0.00000E+00 0.00000E+00 0.00000E+00 0.00000E+00 0.00000E+00 0.00000E+00 0.00000E+00 0.00000E+00 0.00000E+00 0.00000E+00 0.00000E+00 0.00000E+00
 9.66137E+01 6.23752E-18 0.00000E+00 0.00000E+00 0.00000E+00 0.00000E+00 0.00000E+00 0.00000E+00 0.00000E+00 0.00000E+00 0.00000E+00 0.00000E+00 0.00000E+00 0.00000E+00 0.00000E+00 0.00000E+00 0.00000E+00 0.00000E+00
 9.70000E+01 6.32849E-18 0.00000E+00 0.00000E+00 0.00000E+00 0.00000E+00 0.00000E+00 0.00000E+00 0.00000E+00 0.00000E+00 0.00000E+00 0.00000E+00 0.00000E+00 0.00000E+00 0.00000E+00 0.00000E+00 0.00000E+00 0.00000E+00
 9.70000E+01 7.56872E-18 0.00000E+00 0.00000E+00 0.00000E+00 0.00000E+00 0.00000E+00 0.00000E+00 0.00000E+00 0.00000E+00 0.00000E+00 0.00000E+00 0.00000E+00 0.00000E+00 0.00000E+00 0.00000E+00 0.00000E+00 0.00000E+00
 9.70924E+01 7.62345E-18 0.00000E+00 0.00000E+00 0.00000E+00 0.00000E+00 0.00000E+00 0.00000E+00 0.00000E+00 0.00000E+00 0.00000E+00 0.00000E+00 0.00000E+00 0.00000E+00 0.00000E+00 0.00000E+00 0.00000E+00 0.00000E+00
 9.71848E+01 7.67781E-18 0.00000E+00 0.00000E+00 0.00000E+00 0.00000E+00 0.00000E+00 0.00000E+00 0.00000E+00 0.00000E+00 0.00000E+00 0.00000E+00 0.00000E+00 0.00000E+00 0.00000E+00 0.00000E+00 0.00000E+00 0.00000E+00
 9.73700E+01 7.78536E-18 0.00000E+00 0.00000E+00 0.00000E+00 0.00000E+00 0.00000E+00 0.00000E+00 0.00000E+00 0.00000E+00 0.00000E+00 0.00000E+00 0.00000E+00 0.00000E+00 0.00000E+00 0.00000E+00 0.00000E+00 0.00000E+00
 9.77415E+01 7.99150E-18 0.00000E+00 0.00000E+00 0.00000E+00 0.00000E+00 0.00000E+00 0.00000E+00 0.00000E+00 0.00000E+00 0.00000E+00 0.00000E+00 0.00000E+00 0.00000E+00 0.00000E+00 0.00000E+00 0.00000E+00 0.00000E+00
 9.81143E+01 8.18529E-18 0.00000E+00 0.00000E+00 0.00000E+00 0.00000E+00 0.00000E+00 0.00000E+00 0.00000E+00 0.00000E+00 0.00000E+00 0.00000E+00 0.00000E+00 0.00000E+00 0.00000E+00 0.00000E+00 0.00000E+00 0.00000E+00
 9.84886E+01 8.36612E-18 0.00000E+00 0.00000E+00 0.00000E+00 0.00000E+00 0.00000E+00 0.00000E+00 0.00000E+00 0.00000E+00 0.00000E+00 0.00000E+00 0.00000E+00 0.00000E+00 0.00000E+00 0.00000E+00 0.00000E+00 0.00000E+00
 9.88643E+01 8.53354E-18 0.00000E+00 0.00000E+00 0.00000E+00 0.00000E+00 0.00000E+00 0.00000E+00 0.00000E+00 0.00000E+00 0.00000E+00 0.00000E+00 0.00000E+00 0.00000E+00 0.00000E+00 0.00000E+00 0.00000E+00 0.00000E+00
 9.92414E+01 8.68722E-18 0.00000E+00 0.00000E+00 0.00000E+00 0.00000E+00 0.00000E+00 0.00000E+00 0.00000E+00 0.00000E+00 0.00000E+00 0.00000E+00 0.00000E+00 0.00000E+00 0.00000E+00 0.00000E+00 0.00000E+00 0.00000E+00
 1.00000E+02 8.95244E-18 0.00000E+00 0.00000E+00 0.00000E+00 0.00000E+00 0.00000E+00 0.00000E+00 0.00000E+00 0.00000E+00 0.00000E+00 0.00000E+00 0.00000E+00 0.00000E+00 0.00000E+00 0.00000E+00 0.00000E+00 0.00000E+00
 1.00597E+02 9.12014E-18 0.00000E+00 0.00000E+00 0.00000E+00 0.00000E+00 0.00000E+00 0.00000E+00 0.00000E+00 0.00000E+00 0.00000E+00 0.00000E+00 0.00000E+00 0.00000E+00 0.00000E+00 0.00000E+00 0.00000E+00 0.00000E+00
 1.01199E+02 9.25265E-18 0.00000E+00 0.00000E+00 0.00000E+00 0.00000E+00 0.00000E+00 0.00000E+00 0.00000E+00 0.00000E+00 0.00000E+00 0.00000E+00 0.00000E+00 0.00000E+00 0.00000E+00 0.00000E+00 0.00000E+00 0.00000E+00
 1.01803E+02 9.35007E-18 0.00000E+00 0.00000E+00 0.00000E+00 0.00000E+00 0.00000E+00 0.00000E+00 0.00000E+00 0.00000E+00 0.00000E+00 0.00000E+00 0.00000E+00 0.00000E+00 0.00000E+00 0.00000E+00 0.00000E+00 0.00000E+00
 1.02411E+02 9.41288E-18 0.00000E+00 0.00000E+00 0.00000E+00 0.00000E+00 0.00000E+00 0.00000E+00 0.00000E+00 0.00000E+00 0.00000E+00 0.00000E+00 0.00000E+00 0.00000E+00 0.00000E+00 0.00000E+00 0.00000E+00 0.00000E+00
 1.03023E+02 9.44201E-18 0.00000E+00 0.00000E+00 0.00000E+00 0.00000E+00 0.00000E+00 0.00000E+00 0.00000E+00 0.00000E+00 0.00000E+00 0.00000E+00 0.00000E+00 0.00000E+00 0.00000E+00 0.00000E+00 0.00000E+00 0.00000E+00
 1.03639E+02 9.43888E-18 0.00000E+00 0.00000E+00 0.00000E+00 0.00000E+00 0.00000E+00 0.00000E+00 0.00000E+00 0.00000E+00 0.00000E+00 0.00000E+00 0.00000E+00 0.00000E+00 0.00000E+00 0.00000E+00 0.00000E+00 0.00000E+00
 1.04258E+02 9.40542E-18 0.00000E+00 0.00000E+00 0.00000E+00 0.00000E+00 0.00000E+00 0.00000E+00 0.00000E+00 0.00000E+00 0.00000E+00 0.00000E+00 0.00000E+00 0.00000E+00 0.00000E+00 0.00000E+00 0.00000E+00 0.00000E+00
 1.04881E+02 9.34404E-18 0.00000E+00 0.00000E+00 0.00000E+00 0.00000E+00 0.00000E+00 0.00000E+00 0.00000E+00 0.00000E+00 0.00000E+00 0.00000E+00 0.00000E+00 0.00000E+00 0.00000E+00 0.00000E+00 0.00000E+00 0.00000E+00
 1.05508E+02 9.25750E-18 0.00000E+00 0.00000E+00 0.00000E+00 0.00000E+00 0.00000E+00 0.00000E+00 0.00000E+00 0.00000E+00 0.00000E+00 0.00000E+00 0.00000E+00 0.00000E+00 0.00000E+00 0.00000E+00 0.00000E+00 0.00000E+00
 1.06138E+02 9.14884E-18 0.00000E+00 0.00000E+00 0.00000E+00 0.00000E+00 0.00000E+00 0.00000E+00 0.00000E+00 0.00000E+00 0.00000E+00 0.00000E+00 0.00000E+00 0.00000E+00 0.00000E+00 0.00000E+00 0.00000E+00 0.00000E+00
 1.06772E+02 9.02125E-18 0.00000E+00 0.00000E+00 0.00000E+00 0.00000E+00 0.00000E+00 0.00000E+00 0.00000E+00 0.00000E+00 0.00000E+00 0.00000E+00 0.00000E+00 0.00000E+00 0.00000E+00 0.00000E+00 0.00000E+00 0.00000E+00
 1.07410E+02 8.87786E-18 0.00000E+00 0.00000E+00 0.00000E+00 0.00000E+00 0.00000E+00 0.00000E+00 0.00000E+00 0.00000E+00 0.00000E+00 0.00000E+00 0.00000E+00 0.00000E+00 0.00000E+00 0.00000E+00 0.00000E+00 0.00000E+00
 1.08697E+02 8.55579E-18 0.00000E+00 0.00000E+00 0.00000E+00 0.00000E+00 0.00000E+00 0.00000E+00 0.00000E+00 0.00000E+00 0.00000E+00 0.00000E+00 0.00000E+00 0.00000E+00 0.00000E+00 0.00000E+00 0.00000E+00 0.00000E+00
 1.10000E+02 8.20462E-18 0.00000E+00 0.00000E+00 0.00000E+00 0.00000E+00 0.00000E+00 0.00000E+00 0.00000E+00 0.00000E+00 0.00000E+00 0.00000E+00 0.00000E+00 0.00000E+00 0.00000E+00 0.00000E+00 0.00000E+00 0.00000E+00
 1.11772E+02 7.71590E-18 0.00000E+00 0.00000E+00 0.00000E+00 0.00000E+00 0.00000E+00 0.00000E+00 0.00000E+00 0.00000E+00 0.00000E+00 0.00000E+00 0.00000E+00 0.00000E+00 0.00000E+00 0.00000E+00 0.00000E+00 0.00000E+00
 1.13572E+02 7.23150E-18 0.00000E+00 0.00000E+00 0.00000E+00 0.00000E+00 0.00000E+00 0.00000E+00 0.00000E+00 0.00000E+00 0.00000E+00 0.00000E+00 0.00000E+00 0.00000E+00 0.00000E+00 0.00000E+00 0.00000E+00 0.00000E+00
 1.17260E+02 6.32613E-18 0.00000E+00 0.00000E+00 0.00000E+00 0.00000E+00 0.00000E+00 0.00000E+00 0.00000E+00 0.00000E+00 0.00000E+00 0.00000E+00 0.00000E+00 0.00000E+00 0.00000E+00 0.00000E+00 0.00000E+00 0.00000E+00
 1.21068E+02 5.52334E-18 0.00000E+00 0.00000E+00 0.00000E+00 0.00000E+00 0.00000E+00 0.00000E+00 0.00000E+00 0.00000E+00 0.00000E+00 0.00000E+00 0.00000E+00 0.00000E+00 0.00000E+00 0.00000E+00 0.00000E+00 0.00000E+00
 1.25000E+02 4.81193E-18 0.00000E+00 0.00000E+00 0.00000E+00 0.00000E+00 0.00000E+00 0.00000E+00 0.00000E+00 0.00000E+00 0.00000E+00 0.00000E+00 0.00000E+00 0.00000E+00 0.00000E+00 0.00000E+00 0.00000E+00 0.00000E+00
 1.28592E+02 4.24560E-18 0.00000E+00 0.00000E+00 0.00000E+00 0.00000E+00 0.00000E+00 0.00000E+00 0.00000E+00 0.00000E+00 0.00000E+00 0.00000E+00 0.00000E+00 0.00000E+00 0.00000E+00 0.00000E+00 0.00000E+00 0.00000E+00
 1.32288E+02 3.73326E-18 0.00000E+00 0.00000E+00 0.00000E+00 0.00000E+00 0.00000E+00 0.00000E+00 0.00000E+00 0.00000E+00 0.00000E+00 0.00000E+00 0.00000E+00 0.00000E+00 0.00000E+00 0.00000E+00 0.00000E+00 0.00000E+00
 1.36089E+02 3.27261E-18 0.00000E+00 0.00000E+00 0.00000E+00 0.00000E+00 0.00000E+00 0.00000E+00 0.00000E+00 0.00000E+00 0.00000E+00 0.00000E+00 0.00000E+00 0.00000E+00 0.00000E+00 0.00000E+00 0.00000E+00 0.00000E+00
 1.40000E+02 2.86257E-18 0.00000E+00 0.00000E+00 0.00000E+00 0.00000E+00 0.00000E+00 0.00000E+00 0.00000E+00 0.00000E+00 0.00000E+00 0.00000E+00 0.00000E+00 0.00000E+00 0.00000E+00 0.00000E+00 0.00000E+00 0.00000E+00
 1.50000E+02 2.06264E-18 0.00000E+00 0.00000E+00 0.00000E+00 0.00000E+00 0.00000E+00 0.00000E+00 0.00000E+00 0.00000E+00 0.00000E+00 0.00000E+00 0.00000E+00 0.00000E+00 0.00000E+00 0.00000E+00 0.00000E+00 0.00000E+00
 1.55893E+02 1.72236E-18 0.00000E+00 0.00000E+00 0.00000E+00 0.00000E+00 0.00000E+00 0.00000E+00 0.00000E+00 0.00000E+00 0.00000E+00 0.00000E+00 0.00000E+00 0.00000E+00 0.00000E+00 0.00000E+00 0.00000E+00 0.00000E+00
 1.62019E+02 1.44336E-18 0.00000E+00 0.00000E+00 0.00000E+00 0.00000E+00 0.00000E+00 0.00000E+00 0.00000E+00 0.00000E+00 0.00000E+00 0.00000E+00 0.00000E+00 0.00000E+00 0.00000E+00 0.00000E+00 0.00000E+00 0.00000E+00
 1.68384E+02 1.21430E-18 0.00000E+00 0.00000E+00 0.00000E+00 0.00000E+00 0.00000E+00 0.00000E+00 0.00000E+00 0.00000E+00 0.00000E+00 0.00000E+00 0.00000E+00 0.00000E+00 0.00000E+00 0.00000E+00 0.00000E+00 0.00000E+00
 1.75000E+02 1.02628E-18 0.00000E+00 0.00000E+00 0.00000E+00 0.00000E+00 0.00000E+00 0.00000E+00 0.00000E+00 0.00000E+00 0.00000E+00 0.00000E+00 0.00000E+00 0.00000E+00 0.00000E+00 0.00000E+00 0.00000E+00 0.00000E+00
 1.79931E+02 9.12235E-19 0.00000E+00 0.00000E+00 0.00000E+00 0.00000E+00 0.00000E+00 0.00000E+00 0.00000E+00 0.00000E+00 0.00000E+00 0.00000E+00 0.00000E+00 0.00000E+00 0.00000E+00 0.00000E+00 0.00000E+00 0.00000E+00
 1.85000E+02 8.13938E-19 0.00000E+00 0.00000E+00 0.00000E+00 0.00000E+00 0.00000E+00 0.00000E+00 0.00000E+00 0.00000E+00 0.00000E+00 0.00000E+00 0.00000E+00 0.00000E+00 0.00000E+00 0.00000E+00 0.00000E+00 0.00000E+00
 1.85000E+02 1.22508E-18 0.00000E+00 0.00000E+00 0.00000E+00 0.00000E+00 0.00000E+00 0.00000E+00 0.00000E+00 0.00000E+00 0.00000E+00 0.00000E+00 0.00000E+00 0.00000E+00 0.00000E+00 0.00000E+00 0.00000E+00 0.00000E+00
 1.85113E+02 1.22205E-18 0.00000E+00 0.00000E+00 0.00000E+00 0.00000E+00 0.00000E+00 0.00000E+00 0.00000E+00 0.00000E+00 0.00000E+00 0.00000E+00 0.00000E+00 0.00000E+00 0.00000E+00 0.00000E+00 0.00000E+00 0.00000E+00
 1.85225E+02 1.21904E-18 0.00000E+00 0.00000E+00 0.00000E+00 0.00000E+00 0.00000E+00 0.00000E+00 0.00000E+00 0.00000E+00 0.00000E+00 0.00000E+00 0.00000E+00 0.00000E+00 0.00000E+00 0.00000E+00 0.00000E+00 0.00000E+00
 1.85451E+02 1.21305E-18 0.00000E+00 0.00000E+00 0.00000E+00 0.00000E+00 0.00000E+00 0.00000E+00 0.00000E+00 0.00000E+00 0.00000E+00 0.00000E+00 0.00000E+00 0.00000E+00 0.00000E+00 0.00000E+00 0.00000E+00 0.00000E+00
 1.85904E+02 1.20130E-18 0.00000E+00 0.00000E+00 0.00000E+00 0.00000E+00 0.00000E+00 0.00000E+00 0.00000E+00 0.00000E+00 0.00000E+00 0.00000E+00 0.00000E+00 0.00000E+00 0.00000E+00 0.00000E+00 0.00000E+00 0.00000E+00
 1.86812E+02 1.17908E-18 0.00000E+00 0.00000E+00 0.00000E+00 0.00000E+00 0.00000E+00 0.00000E+00 0.00000E+00 0.00000E+00 0.00000E+00 0.00000E+00 0.00000E+00 0.00000E+00 0.00000E+00 0.00000E+00 0.00000E+00 0.00000E+00
 1.88641E+02 1.13868E-18 0.00000E+00 0.00000E+00 0.00000E+00 0.00000E+00 0.00000E+00 0.00000E+00 0.00000E+00 0.00000E+00 0.00000E+00 0.00000E+00 0.00000E+00 0.00000E+00 0.00000E+00 0.00000E+00 0.00000E+00 0.00000E+00
 1.90488E+02 1.10257E-18 0.00000E+00 0.00000E+00 0.00000E+00 0.00000E+00 0.00000E+00 0.00000E+00 0.00000E+00 0.00000E+00 0.00000E+00 0.00000E+00 0.00000E+00 0.00000E+00 0.00000E+00 0.00000E+00 0.00000E+00 0.00000E+00
 1.92354E+02 1.06969E-18 0.00000E+00 0.00000E+00 0.00000E+00 0.00000E+00 0.00000E+00 0.00000E+00 0.00000E+00 0.00000E+00 0.00000E+00 0.00000E+00 0.00000E+00 0.00000E+00 0.00000E+00 0.00000E+00 0.00000E+00 0.00000E+00
 1.96140E+02 1.01074E-18 0.00000E+00 0.00000E+00 0.00000E+00 0.00000E+00 0.00000E+00 0.00000E+00 0.00000E+00 0.00000E+00 0.00000E+00 0.00000E+00 0.00000E+00 0.00000E+00 0.00000E+00 0.00000E+00 0.00000E+00 0.00000E+00
 2.00000E+02 9.57972E-19 0.00000E+00 0.00000E+00 0.00000E+00 0.00000E+00 0.00000E+00 0.00000E+00 0.00000E+00 0.00000E+00 0.00000E+00 0.00000E+00 0.00000E+00 0.00000E+00 0.00000E+00 0.00000E+00 0.00000E+00 0.00000E+00
 2.04823E+02 8.99207E-19 0.00000E+00 0.00000E+00 0.00000E+00 0.00000E+00 0.00000E+00 0.00000E+00 0.00000E+00 0.00000E+00 0.00000E+00 0.00000E+00 0.00000E+00 0.00000E+00 0.00000E+00 0.00000E+00 0.00000E+00 0.00000E+00
 2.09762E+02 8.45796E-19 0.00000E+00 0.00000E+00 0.00000E+00 0.00000E+00 0.00000E+00 0.00000E+00 0.00000E+00 0.00000E+00 0.00000E+00 0.00000E+00 0.00000E+00 0.00000E+00 0.00000E+00 0.00000E+00 0.00000E+00 0.00000E+00
 2.14820E+02 7.97771E-19 0.00000E+00 0.00000E+00 0.00000E+00 0.00000E+00 0.00000E+00 0.00000E+00 0.00000E+00 0.00000E+00 0.00000E+00 0.00000E+00 0.00000E+00 0.00000E+00 0.00000E+00 0.00000E+00 0.00000E+00 0.00000E+00
 2.20000E+02 7.55377E-19 0.00000E+00 0.00000E+00 0.00000E+00 0.00000E+00 0.00000E+00 0.00000E+00 0.00000E+00 0.00000E+00 0.00000E+00 0.00000E+00 0.00000E+00 0.00000E+00 0.00000E+00 0.00000E+00 0.00000E+00 0.00000E+00
 2.26407E+02 7.11699E-19 0.00000E+00 0.00000E+00 0.00000E+00 0.00000E+00 0.00000E+00 0.00000E+00 0.00000E+00 0.00000E+00 0.00000E+00 0.00000E+00 0.00000E+00 0.00000E+00 0.00000E+00 0.00000E+00 0.00000E+00 0.00000E+00
 2.33000E+02 6.75348E-19 0.00000E+00 0.00000E+00 0.00000E+00 0.00000E+00 0.00000E+00 0.00000E+00 0.00000E+00 0.00000E+00 0.00000E+00 0.00000E+00 0.00000E+00 0.00000E+00 0.00000E+00 0.00000E+00 0.00000E+00 0.00000E+00
 2.33000E+02 8.43931E-19 0.00000E+00 0.00000E+00 0.00000E+00 0.00000E+00 0.00000E+00 0.00000E+00 0.00000E+00 0.00000E+00 0.00000E+00 0.00000E+00 0.00000E+00 0.00000E+00 0.00000E+00 0.00000E+00 0.00000E+00 0.00000E+00
 2.33128E+02 8.43060E-19 0.00000E+00 0.00000E+00 0.00000E+00 0.00000E+00 0.00000E+00 0.00000E+00 0.00000E+00 0.00000E+00 0.00000E+00 0.00000E+00 0.00000E+00 0.00000E+00 0.00000E+00 0.00000E+00 0.00000E+00 0.00000E+00
 2.33257E+02 8.42191E-19 0.00000E+00 0.00000E+00 0.00000E+00 0.00000E+00 0.00000E+00 0.00000E+00 0.00000E+00 0.00000E+00 0.00000E+00 0.00000E+00 0.00000E+00 0.00000E+00 0.00000E+00 0.00000E+00 0.00000E+00 0.00000E+00
 2.33513E+02 8.40459E-19 0.00000E+00 0.00000E+00 0.00000E+00 0.00000E+00 0.00000E+00 0.00000E+00 0.00000E+00 0.00000E+00 0.00000E+00 0.00000E+00 0.00000E+00 0.00000E+00 0.00000E+00 0.00000E+00 0.00000E+00 0.00000E+00
 2.34028E+02 8.37022E-19 0.00000E+00 0.00000E+00 0.00000E+00 0.00000E+00 0.00000E+00 0.00000E+00 0.00000E+00 0.00000E+00 0.00000E+00 0.00000E+00 0.00000E+00 0.00000E+00 0.00000E+00 0.00000E+00 0.00000E+00 0.00000E+00
 2.35060E+02 8.30264E-19 0.00000E+00 0.00000E+00 0.00000E+00 0.00000E+00 0.00000E+00 0.00000E+00 0.00000E+00 0.00000E+00 0.00000E+00 0.00000E+00 0.00000E+00 0.00000E+00 0.00000E+00 0.00000E+00 0.00000E+00 0.00000E+00
 2.37138E+02 8.17272E-19 0.00000E+00 0.00000E+00 0.00000E+00 0.00000E+00 0.00000E+00 0.00000E+00 0.00000E+00 0.00000E+00 0.00000E+00 0.00000E+00 0.00000E+00 0.00000E+00 0.00000E+00 0.00000E+00 0.00000E+00 0.00000E+00
 2.41350E+02 7.93252E-19 0.00000E+00 0.00000E+00 0.00000E+00 0.00000E+00 0.00000E+00 0.00000E+00 0.00000E+00 0.00000E+00 0.00000E+00 0.00000E+00 0.00000E+00 0.00000E+00 0.00000E+00 0.00000E+00 0.00000E+00 0.00000E+00
 2.50000E+02 7.48298E-19 0.00000E+00 0.00000E+00 0.00000E+00 0.00000E+00 0.00000E+00 0.00000E+00 0.00000E+00 0.00000E+00 0.00000E+00 0.00000E+00 0.00000E+00 0.00000E+00 0.00000E+00 0.00000E+00 0.00000E+00 0.00000E+00
 2.60119E+02 7.02905E-19 0.00000E+00 0.00000E+00 0.00000E+00 0.00000E+00 0.00000E+00 0.00000E+00 0.00000E+00 0.00000E+00 0.00000E+00 0.00000E+00 0.00000E+00 0.00000E+00 0.00000E+00 0.00000E+00 0.00000E+00 0.00000E+00
 2.65331E+02 6.83051E-19 0.00000E+00 0.00000E+00 0.00000E+00 0.00000E+00 0.00000E+00 0.00000E+00 0.00000E+00 0.00000E+00 0.00000E+00 0.00000E+00 0.00000E+00 0.00000E+00 0.00000E+00 0.00000E+00 0.00000E+00 0.00000E+00
 2.70647E+02 6.65133E-19 0.00000E+00 0.00000E+00 0.00000E+00 0.00000E+00 0.00000E+00 0.00000E+00 0.00000E+00 0.00000E+00 0.00000E+00 0.00000E+00 0.00000E+00 0.00000E+00 0.00000E+00 0.00000E+00 0.00000E+00 0.00000E+00
 2.76070E+02 6.49023E-19 0.00000E+00 0.00000E+00 0.00000E+00 0.00000E+00 0.00000E+00 0.00000E+00 0.00000E+00 0.00000E+00 0.00000E+00 0.00000E+00 0.00000E+00 0.00000E+00 0.00000E+00 0.00000E+00 0.00000E+00 0.00000E+00
 2.81602E+02 6.34541E-19 0.00000E+00 0.00000E+00 0.00000E+00 0.00000E+00 0.00000E+00 0.00000E+00 0.00000E+00 0.00000E+00 0.00000E+00 0.00000E+00 0.00000E+00 0.00000E+00 0.00000E+00 0.00000E+00 0.00000E+00 0.00000E+00
 2.93000E+02 6.09641E-19 0.00000E+00 0.00000E+00 0.00000E+00 0.00000E+00 0.00000E+00 0.00000E+00 0.00000E+00 0.00000E+00 0.00000E+00 0.00000E+00 0.00000E+00 0.00000E+00 0.00000E+00 0.00000E+00 0.00000E+00 0.00000E+00
 2.93000E+02 6.70085E-19 0.00000E+00 0.00000E+00 0.00000E+00 0.00000E+00 0.00000E+00 0.00000E+00 0.00000E+00 0.00000E+00 0.00000E+00 0.00000E+00 0.00000E+00 0.00000E+00 0.00000E+00 0.00000E+00 0.00000E+00 0.00000E+00
 2.93216E+02 6.69226E-19 0.00000E+00 0.00000E+00 0.00000E+00 0.00000E+00 0.00000E+00 0.00000E+00 0.00000E+00 0.00000E+00 0.00000E+00 0.00000E+00 0.00000E+00 0.00000E+00 0.00000E+00 0.00000E+00 0.00000E+00 0.00000E+00
 2.93433E+02 6.68376E-19 0.00000E+00 0.00000E+00 0.00000E+00 0.00000E+00 0.00000E+00 0.00000E+00 0.00000E+00 0.00000E+00 0.00000E+00 0.00000E+00 0.00000E+00 0.00000E+00 0.00000E+00 0.00000E+00 0.00000E+00 0.00000E+00
 2.93866E+02 6.66738E-19 0.00000E+00 0.00000E+00 0.00000E+00 0.00000E+00 0.00000E+00 0.00000E+00 0.00000E+00 0.00000E+00 0.00000E+00 0.00000E+00 0.00000E+00 0.00000E+00 0.00000E+00 0.00000E+00 0.00000E+00 0.00000E+00
 2.94735E+02 6.63712E-19 0.00000E+00 0.00000E+00 0.00000E+00 0.00000E+00 0.00000E+00 0.00000E+00 0.00000E+00 0.00000E+00 0.00000E+00 0.00000E+00 0.00000E+00 0.00000E+00 0.00000E+00 0.00000E+00 0.00000E+00 0.00000E+00
 2.96479E+02 6.58386E-19 0.00000E+00 0.00000E+00 0.00000E+00 0.00000E+00 0.00000E+00 0.00000E+00 0.00000E+00 0.00000E+00 0.00000E+00 0.00000E+00 0.00000E+00 0.00000E+00 0.00000E+00 0.00000E+00 0.00000E+00 0.00000E+00
 3.00000E+02 6.49722E-19 0.00000E+00 0.00000E+00 0.00000E+00 0.00000E+00 0.00000E+00 0.00000E+00 0.00000E+00 0.00000E+00 0.00000E+00 0.00000E+00 0.00000E+00 0.00000E+00 0.00000E+00 0.00000E+00 0.00000E+00 0.00000E+00
 3.04506E+02 6.41026E-19 0.00000E+00 0.00000E+00 0.00000E+00 0.00000E+00 0.00000E+00 0.00000E+00 0.00000E+00 0.00000E+00 0.00000E+00 0.00000E+00 0.00000E+00 0.00000E+00 0.00000E+00 0.00000E+00 0.00000E+00 0.00000E+00
 3.09079E+02 6.33677E-19 0.00000E+00 0.00000E+00 0.00000E+00 0.00000E+00 0.00000E+00 0.00000E+00 0.00000E+00 0.00000E+00 0.00000E+00 0.00000E+00 0.00000E+00 0.00000E+00 0.00000E+00 0.00000E+00 0.00000E+00 0.00000E+00
 3.18434E+02 6.20547E-19 0.00000E+00 0.00000E+00 0.00000E+00 0.00000E+00 0.00000E+00 0.00000E+00 0.00000E+00 0.00000E+00 0.00000E+00 0.00000E+00 0.00000E+00 0.00000E+00 0.00000E+00 0.00000E+00 0.00000E+00 0.00000E+00
 3.38000E+02 5.95959E-19 0.00000E+00 0.00000E+00 0.00000E+00 0.00000E+00 0.00000E+00 0.00000E+00 0.00000E+00 0.00000E+00 0.00000E+00 0.00000E+00 0.00000E+00 0.00000E+00 0.00000E+00 0.00000E+00 0.00000E+00 0.00000E+00
 3.38000E+02 6.94402E-19 0.00000E+00 0.00000E+00 0.00000E+00 0.00000E+00 0.00000E+00 0.00000E+00 0.00000E+00 0.00000E+00 0.00000E+00 0.00000E+00 0.00000E+00 0.00000E+00 0.00000E+00 0.00000E+00 0.00000E+00 9.84428E-20
 3.38278E+02 6.94067E-19 0.00000E+00 0.00000E+00 0.00000E+00 0.00000E+00 0.00000E+00 0.00000E+00 0.00000E+00 0.00000E+00 0.00000E+00 0.00000E+00 0.00000E+00 0.00000E+00 0.00000E+00 0.00000E+00 0.00000E+00 9.84271E-20
 3.38556E+02 6.93734E-19 0.00000E+00 0.00000E+00 0.00000E+00 0.00000E+00 0.00000E+00 0.00000E+00 0.00000E+00 0.00000E+00 0.00000E+00 0.00000E+00 0.00000E+00 0.00000E+00 0.00000E+00 0.00000E+00 0.00000E+00 9.84123E-20
 3.39112E+02 6.93077E-19 0.00000E+00 0.00000E+00 0.00000E+00 0.00000E+00 0.00000E+00 0.00000E+00 0.00000E+00 0.00000E+00 0.00000E+00 0.00000E+00 0.00000E+00 0.00000E+00 0.00000E+00 0.00000E+00 0.00000E+00 9.83891E-20
 3.40228E+02 6.91822E-19 0.00000E+00 0.00000E+00 0.00000E+00 0.00000E+00 0.00000E+00 0.00000E+00 0.00000E+00 0.00000E+00 0.00000E+00 0.00000E+00 0.00000E+00 0.00000E+00 0.00000E+00 0.00000E+00 0.00000E+00 9.83943E-20
 3.42470E+02 6.89756E-19 0.00000E+00 0.00000E+00 0.00000E+00 0.00000E+00 0.00000E+00 0.00000E+00 0.00000E+00 0.00000E+00 0.00000E+00 0.00000E+00 0.00000E+00 0.00000E+00 0.00000E+00 0.00000E+00 0.00000E+00 9.88104E-20
 3.47000E+02 6.86748E-19 0.00000E+00 0.00000E+00 0.00000E+00 0.00000E+00 0.00000E+00 0.00000E+00 0.00000E+00 0.00000E+00 0.00000E+00 0.00000E+00 0.00000E+00 0.00000E+00 0.00000E+00 0.00000E+00 0.00000E+00 1.00633E-19
 3.47000E+02 7.54172E-19 0.00000E+00 0.00000E+00 0.00000E+00 0.00000E+00 0.00000E+00 0.00000E+00 0.00000E+00 0.00000E+00 0.00000E+00 0.00000E+00 0.00000E+00 0.00000E+00 0.00000E+00 0.00000E+00 6.74237E-20 1.00633E-19
 3.47187E+02 7.54211E-19 0.00000E+00 0.00000E+00 0.00000E+00 0.00000E+00 0.00000E+00 0.00000E+00 0.00000E+00 0.00000E+00 0.00000E+00 0.00000E+00 0.00000E+00 0.00000E+00 0.00000E+00 0.00000E+00 6.75695E-20 1.00721E-19
 3.47374E+02 7.54252E-19 0.00000E+00 0.00000E+00 0.00000E+00 0.00000E+00 0.00000E+00 0.00000E+00 0.00000E+00 0.00000E+00 0.00000E+00 0.00000E+00 0.00000E+00 0.00000E+00 0.00000E+00 0.00000E+00 6.77153E-20 1.00810E-19
 3.47748E+02 7.54341E-19 0.00000E+00 0.00000E+00 0.00000E+00 0.00000E+00 0.00000E+00 0.00000E+00 0.00000E+00 0.00000E+00 0.00000E+00 0.00000E+00 0.00000E+00 0.00000E+00 0.00000E+00 0.00000E+00 6.80070E-20 1.00995E-19
 3.48497E+02 7.54553E-19 0.00000E+00 0.00000E+00 0.00000E+00 0.00000E+00 0.00000E+00 0.00000E+00 0.00000E+00 0.00000E+00 0.00000E+00 0.00000E+00 0.00000E+00 0.00000E+00 0.00000E+00 0.00000E+00 6.85897E-20 1.01395E-19
 3.50000E+02 7.55166E-19 0.00000E+00 0.00000E+00 0.00000E+00 0.00000E+00 0.00000E+00 0.00000E+00 0.00000E+00 0.00000E+00 0.00000E+00 0.00000E+00 0.00000E+00 0.00000E+00 0.00000E+00 0.00000E+00 6.97465E-20 1.02383E-19
 3.52933E+02 7.57627E-19 0.00000E+00 0.00000E+00 0.00000E+00 0.00000E+00 0.00000E+00 0.00000E+00 0.00000E+00 0.00000E+00 0.00000E+00 0.00000E+00 0.00000E+00 0.00000E+00 0.00000E+00 0.00000E+00 7.19080E-20 1.05610E-19
 3.55891E+02 7.62795E-19 0.00000E+00 0.00000E+00 0.00000E+00 0.00000E+00 0.00000E+00 0.00000E+00 0.00000E+00 0.00000E+00 0.00000E+00 0.00000E+00 0.00000E+00 0.00000E+00 0.00000E+00 0.00000E+00 7.38686E-20 1.11695E-19
 3.58874E+02 7.71748E-19 0.00000E+00 0.00000E+00 0.00000E+00 0.00000E+00 0.00000E+00 0.00000E+00 0.00000E+00 0.00000E+00 0.00000E+00 0.00000E+00 0.00000E+00 0.00000E+00 0.00000E+00 0.00000E+00 7.55180E-20 1.21831E-19
 3.60374E+02 7.78153E-19 0.00000E+00 0.00000E+00 0.00000E+00 0.00000E+00 0.00000E+00 0.00000E+00 0.00000E+00 0.00000E+00 0.00000E+00 0.00000E+00 0.00000E+00 0.00000E+00 0.00000E+00 0.00000E+00 7.64140E-20 1.28742E-19
 3.61881E+02 7.86363E-19 0.00000E+00 0.00000E+00 0.00000E+00 0.00000E+00 0.00000E+00 0.00000E+00 0.00000E+00 0.00000E+00 0.00000E+00 0.00000E+00 0.00000E+00 0.00000E+00 0.00000E+00 0.00000E+00 7.77088E-20 1.37049E-19
 3.63394E+02 7.96630E-19 0.00000E+00 0.00000E+00 0.00000E+00 0.00000E+00 0.00000E+00 0.00000E+00 0.00000E+00 0.00000E+00 0.00000E+00 0.00000E+00 0.00000E+00 0.00000E+00 0.00000E+00 0.00000E+00 7.95205E-20 1.46890E-19
 3.64914E+02 8.09228E-19 0.00000E+00 0.00000E+00 0.00000E+00 0.00000E+00 0.00000E+00 0.00000E+00 0.00000E+00 0.00000E+00 0.00000E+00 0.00000E+00 0.00000E+00 0.00000E+00 0.00000E+00 0.00000E+00 8.19836E-20 1.58401E-19
 3.66440E+02 8.24407E-19 0.00000E+00 0.00000E+00 0.00000E+00 0.00000E+00 0.00000E+00 0.00000E+00 0.00000E+00 0.00000E+00 0.00000E+00 0.00000E+00 0.00000E+00 0.00000E+00 0.00000E+00 0.00000E+00 8.52096E-20 1.71725E-19
 3.67972E+02 8.42398E-19 0.00000E+00 0.00000E+00 0.00000E+00 0.00000E+00 0.00000E+00 0.00000E+00 0.00000E+00 0.00000E+00 0.00000E+00 0.00000E+00 0.00000E+00 0.00000E+00 0.00000E+00 0.00000E+00 8.92994E-20 1.86990E-19
 3.69511E+02 8.63406E-19 0.00000E+00 0.00000E+00 0.00000E+00 0.00000E+00 0.00000E+00 0.00000E+00 0.00000E+00 0.00000E+00 0.00000E+00 0.00000E+00 0.00000E+00 0.00000E+00 0.00000E+00 0.00000E+00 9.43494E-20 2.04307E-19
 3.71056E+02 8.87608E-19 0.00000E+00 0.00000E+00 0.00000E+00 0.00000E+00 0.00000E+00 0.00000E+00 0.00000E+00 0.00000E+00 0.00000E+00 0.00000E+00 0.00000E+00 0.00000E+00 0.00000E+00 0.00000E+00 1.00458E-19 2.23755E-19
 3.72608E+02 9.15145E-19 0.00000E+00 0.00000E+00 0.00000E+00 0.00000E+00 0.00000E+00 0.00000E+00 0.00000E+00 0.00000E+00 0.00000E+00 0.00000E+00 0.00000E+00 0.00000E+00 0.00000E+00 0.00000E+00 1.07726E-19 2.45373E-19
 3.74166E+02 9.46119E-19 0.00000E+00 0.00000E+00 0.00000E+00 0.00000E+00 0.00000E+00 0.00000E+00 0.00000E+00 0.00000E+00 0.00000E+00 0.00000E+00 0.00000E+00 0.00000E+00 0.00000E+00 0.00000E+00 1.16262E-19 2.69158E-19
 3.75730E+02 9.80571E-19 0.00000E+00 0.00000E+00 0.00000E+00 0.00000E+00 0.00000E+00 0.00000E+00 0.00000E+00 0.00000E+00 0.00000E+00 0.00000E+00 0.00000E+00 0.00000E+00 0.00000E+00 0.00000E+00 1.26170E-19 2.95047E-19
 3.77301E+02 1.01851E-18 0.00000E+00 0.00000E+00 0.00000E+00 0.00000E+00 0.00000E+00 0.00000E+00 0.00000E+00 0.00000E+00 0.00000E+00 0.00000E+00 0.00000E+00 0.00000E+00 0.00000E+00 0.00000E+00 1.37547E-19 3.22950E-19
 3.80464E+02 1.10458E-18 0.00000E+00 0.00000E+00 0.00000E+00 0.00000E+00 0.00000E+00 0.00000E+00 0.00000E+00 0.00000E+00 0.00000E+00 0.00000E+00 0.00000E+00 0.00000E+00 0.00000E+00 0.00000E+00 1.65002E-19 3.84245E-19
 3.86867E+02 1.31360E-18 0.00000E+00 0.00000E+00 0.00000E+00 0.00000E+00 0.00000E+00 0.00000E+00 0.00000E+00 0.00000E+00 0.00000E+00 0.00000E+00 0.00000E+00 0.00000E+00 0.00000E+00 0.00000E+00 2.39045E-19 5.24569E-19
 3.93379E+02 1.56233E-18 0.00000E+00 0.00000E+00 0.00000E+00 0.00000E+00 0.00000E+00 0.00000E+00 0.00000E+00 0.00000E+00 0.00000E+00 0.00000E+00 0.00000E+00 0.00000E+00 0.00000E+00 0.00000E+00 3.34814E-19 6.82842E-19
 3.96676E+02 1.69848E-18 0.00000E+00 0.00000E+00 0.00000E+00 0.00000E+00 0.00000E+00 0.00000E+00 0.00000E+00 0.00000E+00 0.00000E+00 0.00000E+00 0.00000E+00 0.00000E+00 0.00000E+00 0.00000E+00 3.88741E-19 7.67719E-19
 4.00000E+02 1.84131E-18 0.00000E+00 0.00000E+00 0.00000E+00 0.00000E+00 0.00000E+00 0.00000E+00 0.00000E+00 0.00000E+00 0.00000E+00 0.00000E+00 0.00000E+00 0.00000E+00 0.00000E+00 0.00000E+00 4.45929E-19 8.55997E-19
 4.02955E+02 1.97213E-18 0.00000E+00 0.00000E+00 0.00000E+00 0.00000E+00 0.00000E+00 0.00000E+00 0.00000E+00 0.00000E+00 0.00000E+00 0.00000E+00 0.00000E+00 0.00000E+00 0.00000E+00 0.00000E+00 4.98876E-19 9.36196E-19
 4.05933E+02 2.10669E-18 0.00000E+00 0.00000E+00 0.00000E+00 0.00000E+00 0.00000E+00 0.00000E+00 0.00000E+00 0.00000E+00 0.00000E+00 0.00000E+00 0.00000E+00 0.00000E+00 0.00000E+00 0.00000E+00 5.54043E-19 1.01792E-18
 4.08932E+02 2.24400E-18 0.00000E+00 0.00000E+00 0.00000E+00 0.00000E+00 0.00000E+00 0.00000E+00 0.00000E+00 0.00000E+00 0.00000E+00 0.00000E+00 0.00000E+00 0.00000E+00 0.00000E+00 0.00000E+00 6.11240E-19 1.10035E-18
 4.11953E+02 2.38284E-18 0.00000E+00 0.00000E+00 0.00000E+00 0.00000E+00 0.00000E+00 0.00000E+00 0.00000E+00 0.00000E+00 0.00000E+00 0.00000E+00 0.00000E+00 0.00000E+00 0.00000E+00 0.00000E+00 6.70139E-19 1.18260E-18
 4.14997E+02 2.52186E-18 0.00000E+00 0.00000E+00 0.00000E+00 0.00000E+00 0.00000E+00 0.00000E+00 0.00000E+00 0.00000E+00 0.00000E+00 0.00000E+00 0.00000E+00 0.00000E+00 0.00000E+00 0.00000E+00 7.30248E-19 1.26382E-18
 4.18063E+02 2.65972E-18 0.00000E+00 0.00000E+00 0.00000E+00 0.00000E+00 0.00000E+00 0.00000E+00 0.00000E+00 0.00000E+00 0.00000E+00 0.00000E+00 0.00000E+00 0.00000E+00 0.00000E+00 0.00000E+00 7.90948E-19 1.34329E-18
 4.21152E+02 2.79520E-18 0.00000E+00 0.00000E+00 0.00000E+00 0.00000E+00 0.00000E+00 0.00000E+00 0.00000E+00 0.00000E+00 0.00000E+00 0.00000E+00 0.00000E+00 0.00000E+00 0.00000E+00 0.00000E+00 8.51558E-19 1.42048E-18
 4.24264E+02 2.92734E-18 0.00000E+00 0.00000E+00 0.00000E+00 0.00000E+00 0.00000E+00 0.00000E+00 0.00000E+00 0.00000E+00 0.00000E+00 0.00000E+00 0.00000E+00 0.00000E+00 0.00000E+00 0.00000E+00 9.11427E-19 1.49507E-18
 4.27399E+02 3.05544E-18 0.00000E+00 0.00000E+00 0.00000E+00 0.00000E+00 0.00000E+00 0.00000E+00 0.00000E+00 0.00000E+00 0.00000E+00 0.00000E+00 0.00000E+00 0.00000E+00 0.00000E+00 0.00000E+00 9.70012E-19 1.56690E-18
 4.30557E+02 3.17909E-18 0.00000E+00 0.00000E+00 0.00000E+00 0.00000E+00 0.00000E+00 0.00000E+00 0.00000E+00 0.00000E+00 0.00000E+00 0.00000E+00 0.00000E+00 0.00000E+00 0.00000E+00 0.00000E+00 1.02692E-18 1.63597E-18
 4.33738E+02 3.29808E-18 0.00000E+00 0.00000E+00 0.00000E+00 0.00000E+00 0.00000E+00 0.00000E+00 0.00000E+00 0.00000E+00 0.00000E+00 0.00000E+00 0.00000E+00 0.00000E+00 0.00000E+00 0.00000E+00 1.08192E-18 1.70228E-18
 4.36943E+02 3.41232E-18 0.00000E+00 0.00000E+00 0.00000E+00 0.00000E+00 0.00000E+00 0.00000E+00 0.00000E+00 0.00000E+00 0.00000E+00 0.00000E+00 0.00000E+00 0.00000E+00 0.00000E+00 0.00000E+00 1.13491E-18 1.76587E-18
 4.40171E+02 3.52178E-18 0.00000E+00 0.00000E+00 0.00000E+00 0.00000E+00 0.00000E+00 0.00000E+00 0.00000E+00 0.00000E+00 0.00000E+00 0.00000E+00 0.00000E+00 0.00000E+00 0.00000E+00 0.00000E+00 1.18587E-18 1.82671E-18
 4.43423E+02 3.62638E-18 0.00000E+00 0.00000E+00 0.00000E+00 0.00000E+00 0.00000E+00 0.00000E+00 0.00000E+00 0.00000E+00 0.00000E+00 0.00000E+00 0.00000E+00 0.00000E+00 0.00000E+00 0.00000E+00 1.23483E-18 1.88469E-18
 4.46700E+02 3.72597E-18 0.00000E+00 0.00000E+00 0.00000E+00 0.00000E+00 0.00000E+00 0.00000E+00 0.00000E+00 0.00000E+00 0.00000E+00 0.00000E+00 0.00000E+00 0.00000E+00 0.00000E+00 0.00000E+00 1.28180E-18 1.93967E-18
 4.50000E+02 3.82033E-18 0.00000E+00 0.00000E+00 0.00000E+00 0.00000E+00 0.00000E+00 0.00000E+00 0.00000E+00 0.00000E+00 0.00000E+00 0.00000E+00 0.00000E+00 0.00000E+00 0.00000E+00 0.00000E+00 1.32672E-18 1.99147E-18
 4.55966E+02 3.97525E-18 0.00000E+00 0.00000E+00 0.00000E+00 0.00000E+00 0.00000E+00 0.00000E+00 0.00000E+00 0.00000E+00 0.00000E+00 0.00000E+00 0.00000E+00 0.00000E+00 0.00000E+00 0.00000E+00 1.40172E-18 2.07564E-18
 4.62011E+02 4.11113E-18 0.00000E+00 0.00000E+00 0.00000E+00 0.00000E+00 0.00000E+00 0.00000E+00 0.00000E+00 0.00000E+00 0.00000E+00 0.00000E+00 0.00000E+00 0.00000E+00 0.00000E+00 0.00000E+00 1.46914E-18 2.14838E-18
 4.68135E+02 4.22736E-18 0.00000E+00 0.00000E+00 0.00000E+00 0.00000E+00 0.00000E+00 0.00000E+00 0.00000E+00 0.00000E+00 0.00000E+00 0.00000E+00 0.00000E+00 0.00000E+00 0.00000E+00 0.00000E+00 1.52827E-18 2.20978E-18
 4.74342E+02 4.32456E-18 0.00000E+00 0.00000E+00 0.00000E+00 0.00000E+00 0.00000E+00 0.00000E+00 0.00000E+00 0.00000E+00 0.00000E+00 0.00000E+00 0.00000E+00 0.00000E+00 0.00000E+00 0.00000E+00 1.57885E-18 2.26072E-18
 4.80630E+02 4.40446E-18 0.00000E+00 0.00000E+00 0.00000E+00 0.00000E+00 0.00000E+00 0.00000E+00 0.00000E+00 0.00000E+00 0.00000E+00 0.00000E+00 0.00000E+00 0.00000E+00 0.00000E+00 0.00000E+00 1.62129E-18 2.30252E-18
 4.87002E+02 4.46928E-18 0.00000E+00 0.00000E+00 0.00000E+00 0.00000E+00 0.00000E+00 0.00000E+00 0.00000E+00 0.00000E+00 0.00000E+00 0.00000E+00 0.00000E+00 0.00000E+00 0.00000E+00 0.00000E+00 1.65647E-18 2.33653E-18
 4.93458E+02 4.52105E-18 0.00000E+00 0.00000E+00 0.00000E+00 0.00000E+00 0.00000E+00 0.00000E+00 0.00000E+00 0.00000E+00 0.00000E+00 0.00000E+00 0.00000E+00 0.00000E+00 0.00000E+00 0.00000E+00 1.68544E-18 2.36372E-18
 5.00000E+02 4.56120E-18 0.00000E+00 0.00000E+00 0.00000E+00 0.00000E+00 0.00000E+00 0.00000E+00 0.00000E+00 0.00000E+00 0.00000E+00 0.00000E+00 0.00000E+00 0.00000E+00 0.00000E+00 0.00000E+00 1.70906E-18 2.38466E-18
 5.12057E+02 4.60640E-18 0.00000E+00 0.00000E+00 0.00000E+00 0.00000E+00 0.00000E+00 0.00000E+00 0.00000E+00 0.00000E+00 0.00000E+00 0.00000E+00 0.00000E+00 0.00000E+00 0.00000E+00 0.00000E+00 1.73975E-18 2.40723E-18
 5.24404E+02 4.61789E-18 0.00000E+00 0.00000E+00 0.00000E+00 0.00000E+00 0.00000E+00 0.00000E+00 0.00000E+00 0.00000E+00 0.00000E+00 0.00000E+00 0.00000E+00 0.00000E+00 0.00000E+00 0.00000E+00 1.75565E-18 2.41097E-18
 5.37050E+02 4.59949E-18 0.00000E+00 0.00000E+00 0.00000E+00 0.00000E+00 0.00000E+00 0.00000E+00 0.00000E+00 0.00000E+00 0.00000E+00 0.00000E+00 0.00000E+00 0.00000E+00 0.00000E+00 0.00000E+00 1.75775E-18 2.39869E-18
 5.50000E+02 4.55801E-18 0.00000E+00 0.00000E+00 0.00000E+00 0.00000E+00 0.00000E+00 0.00000E+00 0.00000E+00 0.00000E+00 0.00000E+00 0.00000E+00 0.00000E+00 0.00000E+00 0.00000E+00 0.00000E+00 1.74862E-18 2.37463E-18
 5.62095E+02 4.50545E-18 0.00000E+00 0.00000E+00 0.00000E+00 0.00000E+00 0.00000E+00 0.00000E+00 0.00000E+00 0.00000E+00 0.00000E+00 0.00000E+00 0.00000E+00 0.00000E+00 0.00000E+00 0.00000E+00 1.73318E-18 2.34512E-18
 5.74456E+02 4.44153E-18 0.00000E+00 0.00000E+00 0.00000E+00 0.00000E+00 0.00000E+00 0.00000E+00 0.00000E+00 0.00000E+00 0.00000E+00 0.00000E+00 0.00000E+00 0.00000E+00 0.00000E+00 0.00000E+00 1.71255E-18 2.30949E-18
 5.87089E+02 4.36696E-18 0.00000E+00 0.00000E+00 0.00000E+00 0.00000E+00 0.00000E+00 0.00000E+00 0.00000E+00 0.00000E+00 0.00000E+00 0.00000E+00 0.00000E+00 0.00000E+00 0.00000E+00 0.00000E+00 1.68725E-18 2.26791E-18
 6.00000E+02 4.28234E-18 0.00000E+00 0.00000E+00 0.00000E+00 0.00000E+00 0.00000E+00 0.00000E+00 0.00000E+00 0.00000E+00 0.00000E+00 0.00000E+00 0.00000E+00 0.00000E+00 0.00000E+00 0.00000E+00 1.65741E-18 2.22087E-18
 6.18844E+02 4.14819E-18 0.00000E+00 0.00000E+00 0.00000E+00 0.00000E+00 0.00000E+00 0.00000E+00 0.00000E+00 0.00000E+00 0.00000E+00 0.00000E+00 0.00000E+00 0.00000E+00 0.00000E+00 0.00000E+00 1.60825E-18 2.14691E-18
 6.38279E+02 4.00371E-18 0.00000E+00 0.00000E+00 0.00000E+00 0.00000E+00 0.00000E+00 0.00000E+00 0.00000E+00 0.00000E+00 0.00000E+00 0.00000E+00 0.00000E+00 0.00000E+00 0.00000E+00 0.00000E+00 1.55382E-18 2.06792E-18
 6.58325E+02 3.85266E-18 0.00000E+00 0.00000E+00 0.00000E+00 0.00000E+00 0.00000E+00 0.00000E+00 0.00000E+00 0.00000E+00 0.00000E+00 0.00000E+00 0.00000E+00 0.00000E+00 0.00000E+00 0.00000E+00 1.49623E-18 1.98555E-18
 6.79000E+02 3.69563E-18 0.00000E+00 0.00000E+00 0.00000E+00 0.00000E+00 0.00000E+00 0.00000E+00 0.00000E+00 0.00000E+00 0.00000E+00 0.00000E+00 0.00000E+00 0.00000E+00 0.00000E+00 0.00000E+00 1.43587E-18 1.89995E-18
 6.79000E+02 3.81245E-18 0.00000E+00 0.00000E+00 0.00000E+00 0.00000E+00 0.00000E+00 0.00000E+00 0.00000E+00 0.00000E+00 0.00000E+00 0.00000E+00 0.00000E+00 0.00000E+00 0.00000E+00 1.16823E-19 1.43587E-18 1.89995E-18
 6.79647E+02 3.82373E-18 0.00000E+00 0.00000E+00 0.00000E+00 0.00000E+00 0.00000E+00 0.00000E+00 0.00000E+00 0.00000E+00 0.00000E+00 0.00000E+00 0.00000E+00 0.00000E+00 0.00000E+00 1.33021E-19 1.43397E-18 1.89727E-18
 6.80294E+02 3.83533E-18 0.00000E+00 0.00000E+00 0.00000E+00 0.00000E+00 0.00000E+00 0.00000E+00 0.00000E+00 0.00000E+00 0.00000E+00 0.00000E+00 0.00000E+00 0.00000E+00 0.00000E+00 1.49552E-19 1.43207E-18 1.89459E-18
 6.81590E+02 3.85900E-18 0.00000E+00 0.00000E+00 0.00000E+00 0.00000E+00 0.00000E+00 0.00000E+00 0.00000E+00 0.00000E+00 0.00000E+00 0.00000E+00 0.00000E+00 0.00000E+00 0.00000E+00 1.83080E-19 1.42825E-18 1.88922E-18
 6.84190E+02 3.90394E-18 0.00000E+00 0.00000E+00 0.00000E+00 0.00000E+00 0.00000E+00 0.00000E+00 0.00000E+00 0.00000E+00 0.00000E+00 0.00000E+00 0.00000E+00 0.00000E+00 0.00000E+00 2.47810E-19 1.42060E-18 1.87845E-18
 6.86800E+02 3.93558E-18 0.00000E+00 0.00000E+00 0.00000E+00 0.00000E+00 0.00000E+00 0.00000E+00 0.00000E+00 0.00000E+00 0.00000E+00 0.00000E+00 0.00000E+00 0.00000E+00 0.00000E+00 2.99295E-19 1.41290E-18 1.86766E-18
 6.89420E+02 3.94766E-18 0.00000E+00 0.00000E+00 0.00000E+00 0.00000E+00 0.00000E+00 0.00000E+00 0.00000E+00 0.00000E+00 0.00000E+00 0.00000E+00 0.00000E+00 0.00000E+00 0.00000E+00 3.31273E-19 1.40518E-18 1.85683E-18
 6.92050E+02 3.94368E-18 0.00000E+00 0.00000E+00 0.00000E+00 0.00000E+00 0.00000E+00 0.00000E+00 0.00000E+00 0.00000E+00 0.00000E+00 0.00000E+00 0.00000E+00 0.00000E+00 0.00000E+00 3.47254E-19 1.39743E-18 1.84599E-18
 6.94690E+02 3.93065E-18 0.00000E+00 0.00000E+00 0.00000E+00 0.00000E+00 0.00000E+00 0.00000E+00 0.00000E+00 0.00000E+00 0.00000E+00 0.00000E+00 0.00000E+00 0.00000E+00 0.00000E+00 3.54220E-19 1.38965E-18 1.83513E-18
 7.00000E+02 3.89613E-18 0.00000E+00 0.00000E+00 0.00000E+00 0.00000E+00 0.00000E+00 0.00000E+00 0.00000E+00 0.00000E+00 0.00000E+00 0.00000E+00 0.00000E+00 0.00000E+00 0.00000E+00 3.59791E-19 1.37402E-18 1.81338E-18
 7.17000E+02 3.78270E-18 0.00000E+00 0.00000E+00 0.00000E+00 0.00000E+00 0.00000E+00 0.00000E+00 0.00000E+00 0.00000E+00 0.00000E+00 0.00000E+00 0.00000E+00 0.00000E+00 0.00000E+00 3.73164E-19 1.32437E-18 1.74474E-18
 7.17000E+02 3.86123E-18 0.00000E+00 0.00000E+00 0.00000E+00 0.00000E+00 0.00000E+00 0.00000E+00 0.00000E+00 0.00000E+00 0.00000E+00 0.00000E+00 0.00000E+00 0.00000E+00 7.85331E-20 3.73164E-19 1.32437E-18 1.74474E-18
 7.17614E+02 3.86357E-18 0.00000E+00 0.00000E+00 0.00000E+00 0.00000E+00 0.00000E+00 0.00000E+00 0.00000E+00 0.00000E+00 0.00000E+00 0.00000E+00 0.00000E+00 0.00000E+00 8.52553E-20 3.73299E-19 1.32259E-18 1.74230E-18
 7.18228E+02 3.86617E-18 0.00000E+00 0.00000E+00 0.00000E+00 0.00000E+00 0.00000E+00 0.00000E+00 0.00000E+00 0.00000E+00 0.00000E+00 0.00000E+00 0.00000E+00 0.00000E+00 9.22785E-20 3.73404E-19 1.32082E-18 1.73986E-18
 7.19458E+02 3.87272E-18 0.00000E+00 0.00000E+00 0.00000E+00 0.00000E+00 0.00000E+00 0.00000E+00 0.00000E+00 0.00000E+00 0.00000E+00 0.00000E+00 0.00000E+00 0.00000E+00 1.07743E-19 3.73528E-19 1.31727E-18 1.73497E-18
 7.21925E+02 3.88696E-18 0.00000E+00 0.00000E+00 0.00000E+00 0.00000E+00 0.00000E+00 0.00000E+00 0.00000E+00 0.00000E+00 0.00000E+00 0.00000E+00 0.00000E+00 0.00000E+00 1.40122E-19 3.73465E-19 1.31017E-18 1.72521E-18
 7.24401E+02 3.89632E-18 0.00000E+00 0.00000E+00 0.00000E+00 0.00000E+00 0.00000E+00 0.00000E+00 0.00000E+00 0.00000E+00 0.00000E+00 0.00000E+00 0.00000E+00 0.00000E+00 1.67923E-19 3.73090E-19 1.30307E-18 1.71545E-18
 7.26885E+02 3.89638E-18 0.00000E+00 0.00000E+00 0.00000E+00 0.00000E+00 0.00000E+00 0.00000E+00 0.00000E+00 0.00000E+00 0.00000E+00 0.00000E+00 0.00000E+00 0.00000E+00 1.86595E-19 3.72534E-19 1.29597E-18 1.70571E-18
 7.31878E+02 3.87448E-18 0.00000E+00 0.00000E+00 0.00000E+00 0.00000E+00 0.00000E+00 0.00000E+00 0.00000E+00 0.00000E+00 0.00000E+00 0.00000E+00 0.00000E+00 0.00000E+00 2.01983E-19 3.71306E-19 1.28178E-18 1.68625E-18
 7.36906E+02 3.84205E-18 0.00000E+00 0.00000E+00 0.00000E+00 0.00000E+00 0.00000E+00 0.00000E+00 0.00000E+00 0.00000E+00 0.00000E+00 0.00000E+00 0.00000E+00 0.00000E+00 2.06420E-19 3.70456E-19 1.26760E-18 1.66682E-18
 7.57364E+02 3.70851E-18 0.00000E+00 0.00000E+00 0.00000E+00 0.00000E+00 0.00000E+00 0.00000E+00 0.00000E+00 0.00000E+00 0.00000E+00 0.00000E+00 0.00000E+00 0.00000E+00 2.15895E-19 3.70957E-19 1.21106E-18 1.58947E-18
 8.00000E+02 3.42409E-18 0.00000E+00 0.00000E+00 0.00000E+00 0.00000E+00 0.00000E+00 0.00000E+00 0.00000E+00 0.00000E+00 0.00000E+00 0.00000E+00 0.00000E+00 0.00000E+00 2.16533E-19 3.69662E-19 1.09882E-18 1.43693E-18
 8.48528E+02 3.12850E-18 0.00000E+00 0.00000E+00 0.00000E+00 0.00000E+00 0.00000E+00 0.00000E+00 0.00000E+00 0.00000E+00 0.00000E+00 0.00000E+00 0.00000E+00 0.00000E+00 2.17489E-19 3.66731E-19 9.82033E-19 1.28001E-18
 9.00000E+02 2.84462E-18 0.00000E+00 0.00000E+00 0.00000E+00 0.00000E+00 0.00000E+00 0.00000E+00 0.00000E+00 0.00000E+00 0.00000E+00 0.00000E+00 0.00000E+00 0.00000E+00 2.17012E-19 3.60623E-19 8.71606E-19 1.13247E-18
 9.70000E+02 2.50292E-18 0.00000E+00 0.00000E+00 0.00000E+00 0.00000E+00 0.00000E+00 0.00000E+00 0.00000E+00 0.00000E+00 0.00000E+00 0.00000E+00 0.00000E+00 0.00000E+00 2.13484E-19 3.47970E-19 7.41773E-19 9.60416E-19
 9.70000E+02 2.66121E-18 0.00000E+00 0.00000E+00 0.00000E+00 0.00000E+00 0.00000E+00 0.00000E+00 0.00000E+00 0.00000E+00 0.00000E+00 0.00000E+00 0.00000E+00 1.58293E-19 2.13484E-19 3.47970E-19 7.41772E-19 9.60416E-19
 9.70924E+02 2.65712E-18 0.00000E+00 0.00000E+00 0.00000E+00 0.00000E+00 0.00000E+00 0.00000E+00 0.00000E+00 0.00000E+00 0.00000E+00 0.00000E+00 0.00000E+00 1.58376E-19 2.13414E-19 3.47784E-19 7.40211E-19 9.58353E-19
 9.71848E+02 2.65312E-18 0.00000E+00 0.00000E+00 0.00000E+00 0.00000E+00 0.00000E+00 0.00000E+00 0.00000E+00 0.00000E+00 0.00000E+00 0.00000E+00 0.00000E+00 1.58540E-19 2.13345E-19 3.47596E-19 7.38652E-19 9.56294E-19
 9.73700E+02 2.64560E-18 0.00000E+00 0.00000E+00 0.00000E+00 0.00000E+00 0.00000E+00 0.00000E+00 0.00000E+00 0.00000E+00 0.00000E+00 0.00000E+00 0.00000E+00 1.59341E-19 2.13205E-19 3.47219E-19 7.35540E-19 9.52184E-19
 9.77415E+02 2.63179E-18 0.00000E+00 0.00000E+00 0.00000E+00 0.00000E+00 0.00000E+00 0.00000E+00 0.00000E+00 0.00000E+00 0.00000E+00 0.00000E+00 0.00000E+00 1.62131E-19 2.12921E-19 3.46452E-19 7.29343E-19 9.44002E-19
 9.84886E+02 2.60123E-18 0.00000E+00 0.00000E+00 0.00000E+00 0.00000E+00 0.00000E+00 0.00000E+00 0.00000E+00 0.00000E+00 0.00000E+00 0.00000E+00 0.00000E+00 1.64563E-19 2.12339E-19 3.44872E-19 7.17053E-19 9.27780E-19
 1.00000E+03 2.53105E-18 0.00000E+00 0.00000E+00 0.00000E+00 0.00000E+00 0.00000E+00 0.00000E+00 0.00000E+00 0.00000E+00 0.00000E+00 0.00000E+00 0.00000E+00 1.59618E-19 2.11110E-19 3.41531E-19 6.92877E-19 8.95897E-19
 1.04881E+03 2.32736E-18 0.00000E+00 0.00000E+00 0.00000E+00 0.00000E+00 0.00000E+00 0.00000E+00 0.00000E+00 0.00000E+00 0.00000E+00 0.00000E+00 0.00000E+00 1.53153E-19 2.06286E-19 3.30140E-19 6.20784E-19 8.01053E-19
 1.10000E+03 2.13459E-18 0.00000E+00 0.00000E+00 0.00000E+00 0.00000E+00 0.00000E+00 0.00000E+00 0.00000E+00 0.00000E+00 0.00000E+00 0.00000E+00 0.00000E+00 1.45872E-19 2.00394E-19 3.17522E-19 5.54364E-19 7.14031E-19
 1.17100E+03 1.89971E-18 0.00000E+00 0.00000E+00 0.00000E+00 0.00000E+00 0.00000E+00 0.00000E+00 0.00000E+00 0.00000E+00 0.00000E+00 0.00000E+00 0.00000E+00 1.36870E-19 1.91236E-19 2.99414E-19 4.75592E-19 6.11108E-19
 1.17100E+03 1.92441E-18 0.00000E+00 0.00000E+00 0.00000E+00 0.00000E+00 0.00000E+00 0.00000E+00 0.00000E+00 0.00000E+00 0.00000E+00 0.00000E+00 2.47067E-20 1.36870E-19 1.91236E-19 2.99414E-19 4.75592E-19 6.11108E-19
 1.17160E+03 1.92267E-18 0.00000E+00 0.00000E+00 0.00000E+00 0.00000E+00 0.00000E+00 0.00000E+00 0.00000E+00 0.00000E+00 0.00000E+00 0.00000E+00 2.47923E-20 1.36795E-19 1.91156E-19 2.99262E-19 4.74988E-19 6.10320E-19
 1.17220E+03 1.92092E-18 0.00000E+00 0.00000E+00 0.00000E+00 0.00000E+00 0.00000E+00 0.00000E+00 0.00000E+00 0.00000E+00 0.00000E+00 0.00000E+00 2.48781E-20 1.36720E-19 1.91076E-19 2.99110E-19 4.74384E-19 6.09533E-19
 1.17339E+03 1.91743E-18 0.00000E+00 0.00000E+00 0.00000E+00 0.00000E+00 0.00000E+00 0.00000E+00 0.00000E+00 0.00000E+00 0.00000E+00 0.00000E+00 2.50496E-20 1.36570E-19 1.90915E-19 2.98805E-19 4.73177E-19 6.07962E-19
 1.17579E+03 1.91047E-18 0.00000E+00 0.00000E+00 0.00000E+00 0.00000E+00 0.00000E+00 0.00000E+00 0.00000E+00 0.00000E+00 0.00000E+00 0.00000E+00 2.53925E-20 1.36270E-19 1.90594E-19 2.98194E-19 4.70771E-19 6.04828E-19
 1.18060E+03 1.89654E-18 0.00000E+00 0.00000E+00 0.00000E+00 0.00000E+00 0.00000E+00 0.00000E+00 0.00000E+00 0.00000E+00 0.00000E+00 0.00000E+00 2.60150E-20 1.35670E-19 1.89949E-19 2.96968E-19 4.65989E-19 5.98600E-19
 1.19027E+03 1.86799E-18 0.00000E+00 0.00000E+00 0.00000E+00 0.00000E+00 0.00000E+00 0.00000E+00 0.00000E+00 0.00000E+00 0.00000E+00 0.00000E+00 2.62997E-20 1.34473E-19 1.88650E-19 2.94495E-19 4.56539E-19 5.86300E-19
 1.20986E+03 1.81095E-18 0.00000E+00 0.00000E+00 0.00000E+00 0.00000E+00 0.00000E+00 0.00000E+00 0.00000E+00 0.00000E+00 0.00000E+00 0.00000E+00 2.59005E-20 1.32096E-19 1.86005E-19 2.89481E-19 4.38109E-19 5.62318E-19
 1.25000E+03 1.70176E-18 0.00000E+00 0.00000E+00 0.00000E+00 0.00000E+00 0.00000E+00 0.00000E+00 0.00000E+00 0.00000E+00 0.00000E+00 0.00000E+00 2.58779E-20 1.27408E-19 1.80484E-19 2.79276E-19 4.03096E-19 5.16765E-19
 1.33300E+03 1.50216E-18 0.00000E+00 0.00000E+00 0.00000E+00 0.00000E+00 0.00000E+00 0.00000E+00 0.00000E+00 0.00000E+00 0.00000E+00 0.00000E+00 2.55592E-20 1.18348E-19 1.69034E-19 2.58882E-19 3.40832E-19 4.35976E-19
 1.33300E+03 1.53517E-18 0.00000E+00 0.00000E+00 0.00000E+00 0.00000E+00 0.00000E+00 0.00000E+00 0.00000E+00 0.00000E+00 0.00000E+00 3.30105E-20 2.55592E-20 1.18348E-19 1.69033E-19 2.58882E-19 3.40832E-19 4.35976E-19
 1.33402E+03 1.53212E-18 0.00000E+00 0.00000E+00 0.00000E+00 0.00000E+00 0.00000E+00 0.00000E+00 0.00000E+00 0.00000E+00 0.00000E+00 3.22189E-20 2.55552E-20 1.18241E-19 1.68894E-19 2.58636E-19 3.40141E-19 4.35082E-19
 1.33504E+03 1.52920E-18 0.00000E+00 0.00000E+00 0.00000E+00 0.00000E+00 0.00000E+00 0.00000E+00 0.00000E+00 0.00000E+00 0.00000E+00 3.15544E-20 2.55513E-20 1.18134E-19 1.68754E-19 2.58391E-19 3.39452E-19 4.34189E-19
 1.33709E+03 1.52372E-18 0.00000E+00 0.00000E+00 0.00000E+00 0.00000E+00 0.00000E+00 0.00000E+00 0.00000E+00 0.00000E+00 0.00000E+00 3.05706E-20 2.55432E-20 1.17921E-19 1.68474E-19 2.57899E-19 3.38076E-19 4.32408E-19
 1.34120E+03 1.51367E-18 0.00000E+00 0.00000E+00 0.00000E+00 0.00000E+00 0.00000E+00 0.00000E+00 0.00000E+00 0.00000E+00 0.00000E+00 2.94895E-20 2.55264E-20 1.17495E-19 1.67914E-19 2.56916E-19 3.35340E-19 4.28864E-19
 1.34944E+03 1.49547E-18 0.00000E+00 0.00000E+00 0.00000E+00 0.00000E+00 0.00000E+00 0.00000E+00 0.00000E+00 0.00000E+00 0.00000E+00 2.90990E-20 2.54908E-20 1.16645E-19 1.66791E-19 2.54947E-19 3.29922E-19 4.21851E-19
 1.36609E+03 1.46065E-18 0.00000E+00 0.00000E+00 0.00000E+00 0.00000E+00 0.00000E+00 0.00000E+00 0.00000E+00 0.00000E+00 0.00000E+00 2.93623E-20 2.54117E-20 1.14952E-19 1.64530E-19 2.51008E-19 3.19310E-19 4.08120E-19
 1.40000E+03 1.39178E-18 0.00000E+00 0.00000E+00 0.00000E+00 0.00000E+00 0.00000E+00 0.00000E+00 0.00000E+00 0.00000E+00 0.00000E+00 2.85342E-20 2.52284E-20 1.11599E-19 1.59957E-19 2.43163E-19 2.98955E-19 3.81802E-19
 1.50000E+03 1.21317E-18 0.00000E+00 0.00000E+00 0.00000E+00 0.00000E+00 0.00000E+00 0.00000E+00 0.00000E+00 0.00000E+00 0.00000E+00 2.67204E-20 2.46117E-20 1.02435E-19 1.47008E-19 2.21297E-19 2.47556E-19 3.15457E-19
 1.62019E+03 1.03750E-18 0.00000E+00 0.00000E+00 0.00000E+00 0.00000E+00 0.00000E+00 0.00000E+00 0.00000E+00 0.00000E+00 0.00000E+00 2.46636E-20 2.37460E-20 9.27110E-20 1.32585E-19 1.97594E-19 1.99409E-19 2.53507E-19
 1.75000E+03 8.84758E-19 0.00000E+00 0.00000E+00 0.00000E+00 0.00000E+00 0.00000E+00 0.00000E+00 0.00000E+00 0.00000E+00 0.00000E+00 2.26854E-20 2.27174E-20 8.35646E-20 1.18549E-19 1.75035E-19 1.59728E-19 2.02601E-19
 2.00000E+03 6.67441E-19 0.00000E+00 0.00000E+00 0.00000E+00 0.00000E+00 0.00000E+00 0.00000E+00 0.00000E+00 0.00000E+00 0.00000E+00 1.94069E-20 2.06426E-20 6.91659E-20 9.58737E-20 1.39465E-19 1.07445E-19 1.35757E-19
 2.20000E+03 5.43571E-19 0.00000E+00 0.00000E+00 0.00000E+00 0.00000E+00 0.00000E+00 0.00000E+00 0.00000E+00 0.00000E+00 0.00000E+00 1.72353E-20 1.90233E-20 6.00247E-20 8.13268E-20 1.17162E-19 8.02469E-20 1.01114E-19
 2.50000E+03 4.10761E-19 0.00000E+00 0.00000E+00 0.00000E+00 0.00000E+00 0.00000E+00 0.00000E+00 0.00000E+00 0.00000E+00 0.00000E+00 1.45767E-20 1.67844E-20 4.92200E-20 6.42322E-20 9.14152E-20 5.36475E-20 6.73527E-20
 2.73861E+03 3.35334E-19 0.00000E+00 0.00000E+00 0.00000E+00 0.00000E+00 0.00000E+00 0.00000E+00 0.00000E+00 0.00000E+00 0.00000E+00 1.28668E-20 1.51997E-20 4.24899E-20 5.37472E-20 7.58635E-20 3.99530E-20 5.00310E-20
 3.00000E+03 2.73101E-19 0.00000E+00 0.00000E+00 0.00000E+00 0.00000E+00 0.00000E+00 0.00000E+00 0.00000E+00 0.00000E+00 0.00000E+00 1.13115E-20 1.36599E-20 3.65207E-20 4.46213E-20 6.24834E-20 2.95756E-20 3.69396E-20
 3.33500E+03 2.14558E-19 0.00000E+00 0.00000E+00 0.00000E+00 0.00000E+00 0.00000E+00 0.00000E+00 0.00000E+00 0.00000E+00 0.00000E+00 9.69371E-21 1.19603E-20 3.04719E-20 3.56126E-20 4.94266E-20 2.07038E-20 2.57808E-20
 3.33500E+03 2.62548E-19 0.00000E+00 0.00000E+00 0.00000E+00 0.00000E+00 0.00000E+00 0.00000E+00 0.00000E+00 0.00000E+00 4.79901E-20 9.69371E-21 1.19603E-20 3.04719E-20 3.56126E-20 4.94266E-20 2.07038E-20 2.57808E-20
 3.33743E+03 3.34209E-19 0.00000E+00 0.00000E+00 0.00000E+00 0.00000E+00 0.00000E+00 0.00000E+00 0.00000E+00 0.00000E+00 1.20009E-19 9.68327E-21 1.19490E-20 3.04334E-20 3.55562E-20 4.93454E-20 2.06525E-20 2.57164E-20
 3.33986E+03 4.04123E-19 0.00000E+00 0.00000E+00 0.00000E+00 0.00000E+00 0.00000E+00 0.00000E+00 0.00000E+00 0.00000E+00 1.90279E-19 9.67284E-21 1.19377E-20 3.03949E-20 3.54999E-20 4.92643E-20 2.06014E-20 2.56522E-20
 3.34229E+03 4.61100E-19 0.00000E+00 0.00000E+00 0.00000E+00 0.00000E+00 0.00000E+00 0.00000E+00 0.00000E+00 0.00000E+00 2.47613E-19 9.66241E-21 1.19265E-20 3.03565E-20 3.54437E-20 4.91833E-20 2.05503E-20 2.55882E-20
 3.34472E+03 4.98242E-19 0.00000E+00 0.00000E+00 0.00000E+00 0.00000E+00 0.00000E+00 0.00000E+00 0.00000E+00 0.00000E+00 2.85112E-19 9.65200E-21 1.19152E-20 3.03181E-20 3.53875E-20 4.91025E-20 2.04994E-20 2.55243E-20
 3.34716E+03 5.17644E-19 0.00000E+00 0.00000E+00 0.00000E+00 0.00000E+00 0.00000E+00 0.00000E+00 0.00000E+00 0.00000E+00 3.04869E-19 9.64159E-21 1.19039E-20 3.02798E-20 3.53315E-20 4.90217E-20 2.04486E-20 2.54605E-20
 3.34959E+03 5.25793E-19 0.00000E+00 0.00000E+00 0.00000E+00 0.00000E+00 0.00000E+00 0.00000E+00 0.00000E+00 0.00000E+00 3.13373E-19 9.63119E-21 1.18927E-20 3.02415E-20 3.52755E-20 4.89411E-20 2.03980E-20 2.53969E-20
 3.35203E+03 5.28442E-19 0.00000E+00 0.00000E+00 0.00000E+00 0.00000E+00 0.00000E+00 0.00000E+00 0.00000E+00 0.00000E+00 3.16376E-19 9.62080E-21 1.18814E-20 3.02032E-20 3.52195E-20 4.88605E-20 2.03474E-20 2.53334E-20
 3.35447E+03 5.29068E-19 0.00000E+00 0.00000E+00 0.00000E+00 0.00000E+00 0.00000E+00 0.00000E+00 0.00000E+00 0.00000E+00 3.17356E-19 9.61042E-21 1.18702E-20 3.01650E-20 3.51637E-20 4.87801E-20 2.02970E-20 2.52701E-20
 3.36425E+03 5.30914E-19 0.00000E+00 0.00000E+00 0.00000E+00 0.00000E+00 0.00000E+00 0.00000E+00 0.00000E+00 0.00000E+00 3.20611E-19 9.56900E-21 1.18252E-20 3.00126E-20 3.49410E-20 4.84595E-20 2.00965E-20 2.50184E-20
 3.36915E+03 5.31291E-19 0.00000E+00 0.00000E+00 0.00000E+00 0.00000E+00 0.00000E+00 0.00000E+00 0.00000E+00 0.00000E+00 3.21689E-19 9.54834E-21 1.18028E-20 2.99366E-20 3.48301E-20 4.82999E-20 1.99969E-20 2.48935E-20
 3.37406E+03 5.29804E-19 0.00000E+00 0.00000E+00 0.00000E+00 0.00000E+00 0.00000E+00 0.00000E+00 0.00000E+00 0.00000E+00 3.20901E-19 9.52771E-21 1.17804E-20 2.98608E-20 3.47195E-20 4.81407E-20 1.98978E-20 2.47691E-20
 3.39376E+03 5.14969E-19 0.00000E+00 0.00000E+00 0.00000E+00 0.00000E+00 0.00000E+00 0.00000E+00 0.00000E+00 0.00000E+00 3.08841E-19 9.44558E-21 1.16910E-20 2.95591E-20 3.42799E-20 4.75084E-20 1.95061E-20 2.42775E-20
 3.41357E+03 5.04943E-19 0.00000E+00 0.00000E+00 0.00000E+00 0.00000E+00 0.00000E+00 0.00000E+00 0.00000E+00 0.00000E+00 3.01554E-19 9.36403E-21 1.16020E-20 2.92600E-20 3.38449E-20 4.68832E-20 1.91217E-20 2.37950E-20
 3.45355E+03 4.86447E-19 0.00000E+00 0.00000E+00 0.00000E+00 0.00000E+00 0.00000E+00 0.00000E+00 0.00000E+00 0.00000E+00 2.88432E-19 9.20264E-21 1.14251E-20 2.86694E-20 3.29888E-20 4.56535E-20 1.83744E-20 2.28569E-20
 3.49400E+03 4.71574E-19 0.00000E+00 0.00000E+00 0.00000E+00 0.00000E+00 0.00000E+00 0.00000E+00 0.00000E+00 0.00000E+00 2.78799E-19 9.04352E-21 1.12498E-20 2.80889E-20 3.21506E-20 4.44512E-20 1.76546E-20 2.19531E-20
 3.49400E+03 4.99296E-19 0.00000E+00 0.00000E+00 0.00000E+00 0.00000E+00 0.00000E+00 0.00000E+00 0.00000E+00 2.77217E-20 2.78799E-19 9.04351E-21 1.12498E-20 2.80889E-20 3.21506E-20 4.44512E-20 1.76546E-20 2.19531E-20
 3.49700E+03 5.52245E-19 0.00000E+00 0.00000E+00 0.00000E+00 0.00000E+00 0.00000E+00 0.00000E+00 0.00000E+00 8.17846E-20 2.78066E-19 9.03188E-21 1.12369E-20 2.80465E-20 3.20895E-20 4.43636E-20 1.76026E-20 2.18878E-20
 3.50000E+03 6.04263E-19 0.00000E+00 0.00000E+00 0.00000E+00 0.00000E+00 0.00000E+00 0.00000E+00 0.00000E+00 1.34912E-19 2.77337E-19 9.02026E-21 1.12241E-20 2.80042E-20 3.20286E-20 4.42763E-20 1.75508E-20 2.18227E-20
 3.50183E+03 6.28548E-19 0.00000E+00 0.00000E+00 0.00000E+00 0.00000E+00 0.00000E+00 0.00000E+00 0.00000E+00 1.59868E-19 2.76897E-19 9.01320E-21 1.12163E-20 2.79785E-20 3.19916E-20 4.42232E-20 1.75193E-20 2.17832E-20
 3.50365E+03 6.45368E-19 0.00000E+00 0.00000E+00 0.00000E+00 0.00000E+00 0.00000E+00 0.00000E+00 0.00000E+00 1.77355E-19 2.76459E-19 9.00614E-21 1.12085E-20 2.79528E-20 3.19546E-20 4.41702E-20 1.74879E-20 2.17438E-20
 3.50548E+03 6.55589E-19 0.00000E+00 0.00000E+00 0.00000E+00 0.00000E+00 0.00000E+00 0.00000E+00 0.00000E+00 1.88241E-19 2.76025E-19 8.99909E-21 1.12007E-20 2.79272E-20 3.19176E-20 4.41173E-20 1.74566E-20 2.17044E-20
 3.50731E+03 6.61047E-19 0.00000E+00 0.00000E+00 0.00000E+00 0.00000E+00 0.00000E+00 0.00000E+00 0.00000E+00 1.94361E-19 2.75594E-19 8.99204E-21 1.11929E-20 2.79015E-20 3.18807E-20 4.40644E-20 1.74253E-20 2.16651E-20
 3.50914E+03 6.63558E-19 0.00000E+00 0.00000E+00 0.00000E+00 0.00000E+00 0.00000E+00 0.00000E+00 0.00000E+00 1.97529E-19 2.75166E-19 8.98500E-21 1.11851E-20 2.78759E-20 3.18439E-20 4.40115E-20 1.73940E-20 2.16259E-20
 3.51097E+03 6.64472E-19 0.00000E+00 0.00000E+00 0.00000E+00 0.00000E+00 0.00000E+00 0.00000E+00 0.00000E+00 1.99096E-19 2.74742E-19 8.97796E-21 1.11773E-20 2.78503E-20 3.18070E-20 4.39587E-20 1.73629E-20 2.15867E-20
 3.51464E+03 6.64719E-19 0.00000E+00 0.00000E+00 0.00000E+00 0.00000E+00 0.00000E+00 0.00000E+00 0.00000E+00 2.00643E-19 2.73901E-19 8.96389E-21 1.11617E-20 2.77991E-20 3.17334E-20 4.38533E-20 1.73006E-20 2.15085E-20
 3.52933E+03 6.63228E-19 0.00000E+00 0.00000E+00 0.00000E+00 0.00000E+00 0.00000E+00 0.00000E+00 0.00000E+00 2.04221E-19 2.70654E-19 8.90781E-21 1.10996E-20 2.75952E-20 3.14406E-20 4.34337E-20 1.70538E-20 2.11984E-20
 3.55891E+03 6.44254E-19 0.00000E+00 0.00000E+00 0.00000E+00 0.00000E+00 0.00000E+00 0.00000E+00 0.00000E+00 1.94875E-19 2.64623E-19 8.79650E-21 1.09759E-20 2.71912E-20 3.08615E-20 4.26047E-20 1.65701E-20 2.05905E-20
 3.61881E+03 6.14825E-19 0.00000E+00 0.00000E+00 0.00000E+00 0.00000E+00 0.00000E+00 0.00000E+00 0.00000E+00 1.83412E-19 2.53654E-19 8.57729E-21 1.07309E-20 2.63981E-20 2.97299E-20 4.09868E-20 1.56412E-20 1.94233E-20
 3.74166E+03 5.64430E-19 0.00000E+00 0.00000E+00 0.00000E+00 0.00000E+00 0.00000E+00 0.00000E+00 0.00000E+00 1.67580E-19 2.32331E-19 8.15248E-21 1.02511E-20 2.48705E-20 2.75710E-20 3.79077E-20 1.39296E-20 1.72760E-20
 4.00000E+03 4.76071E-19 0.00000E+00 0.00000E+00 0.00000E+00 0.00000E+00 0.00000E+00 0.00000E+00 0.00000E+00 1.41115E-19 1.94127E-19 7.35627E-21 9.33277E-21 2.20391E-20 2.36473E-20 3.23386E-20 1.10234E-20 1.36533E-20
 4.04900E+03 4.61348E-19 0.00000E+00 0.00000E+00 0.00000E+00 0.00000E+00 0.00000E+00 0.00000E+00 0.00000E+00 1.36669E-19 1.87804E-19 7.21841E-21 9.17131E-21 2.15534E-20 2.29855E-20 3.14029E-20 1.05588E-20 1.30750E-20
 4.04900E+03 5.33449E-19 0.00000E+00 0.00000E+00 0.00000E+00 0.00000E+00 0.00000E+00 0.00000E+00 7.21018E-20 1.36669E-19 1.87804E-19 7.21841E-21 9.17131E-21 2.15534E-20 2.29855E-20 3.14029E-20 1.05588E-20 1.30749E-20
 4.05234E+03 5.34060E-19 0.00000E+00 0.00000E+00 0.00000E+00 0.00000E+00 0.00000E+00 0.00000E+00 7.36952E-20 1.36372E-19 1.87382E-19 7.20914E-21 9.16043E-21 2.15208E-20 2.29412E-20 3.13404E-20 1.05280E-20 1.30366E-20
 4.05569E+03 5.35091E-19 0.00000E+00 0.00000E+00 0.00000E+00 0.00000E+00 0.00000E+00 0.00000E+00 7.57080E-20 1.36076E-19 1.86961E-19 7.19989E-21 9.14957E-21 2.14883E-20 2.28970E-20 3.12779E-20 1.04973E-20 1.29983E-20
 4.06238E+03 5.35224E-19 0.00000E+00 0.00000E+00 0.00000E+00 0.00000E+00 0.00000E+00 0.00000E+00 7.77976E-20 1.35486E-19 1.86120E-19 7.18141E-21 9.12786E-21 2.14233E-20 2.28089E-20 3.11534E-20 1.04361E-20 1.29221E-20
 4.07581E+03 5.29485E-19 0.00000E+00 0.00000E+00 0.00000E+00 0.00000E+00 0.00000E+00 0.00000E+00 7.59519E-20 1.34311E-19 1.84448E-19 7.14457E-21 9.08456E-21 2.12939E-20 2.26334E-20 3.09055E-20 1.03147E-20 1.27708E-20
 4.10280E+03 5.21172E-19 0.00000E+00 0.00000E+00 0.00000E+00 0.00000E+00 0.00000E+00 0.00000E+00 7.53358E-20 1.31988E-19 1.81143E-19 7.07136E-21 8.99835E-21 2.10371E-20 2.22858E-20 3.04149E-20 1.00759E-20 1.24733E-20
 4.15732E+03 5.04719E-19 0.00000E+00 0.00000E+00 0.00000E+00 0.00000E+00 0.00000E+00 0.00000E+00 7.39306E-20 1.27448E-19 1.74684E-19 6.92685E-21 8.82760E-21 2.05314E-20 2.16045E-20 2.94540E-20 9.61402E-21 1.18974E-20
 4.26855E+03 4.73043E-19 0.00000E+00 0.00000E+00 0.00000E+00 0.00000E+00 0.00000E+00 0.00000E+00 7.09872E-20 1.18773E-19 1.62369E-19 6.64539E-21 8.49272E-21 1.95517E-20 2.02954E-20 2.76112E-20 8.75103E-21 1.08207E-20
 4.50000E+03 4.14872E-19 0.00000E+00 0.00000E+00 0.00000E+00 0.00000E+00 0.00000E+00 0.00000E+00 6.50829E-20 1.02955E-19 1.40078E-19 6.11198E-21 7.84941E-21 1.77141E-20 1.78809E-20 2.42250E-20 7.24524E-21 8.94168E-21
 4.83300E+03 3.46681E-19 0.00000E+00 0.00000E+00 0.00000E+00 0.00000E+00 0.00000E+00 0.00000E+00 5.75878E-20 8.45868E-20 1.14391E-19 5.44952E-21 7.03569E-21 1.54680E-20 1.50150E-20 2.02302E-20 5.59382E-21 6.88771E-21
 4.83300E+03 3.65326E-19 0.00000E+00 0.00000E+00 0.00000E+00 0.00000E+00 0.00000E+00 1.86451E-20 5.75878E-20 8.45867E-20 1.14391E-19 5.44952E-21 7.03569E-21 1.54680E-20 1.50149E-20 2.02302E-20 5.59382E-21 6.88770E-21
 4.83557E+03 3.66011E-19 0.00000E+00 0.00000E+00 0.00000E+00 0.00000E+00 0.00000E+00 1.97955E-20 5.75345E-20 8.44621E-20 1.14218E-19 5.44484E-21 7.02988E-21 1.54523E-20 1.49953E-20 2.02028E-20 5.58301E-21 6.87429E-21
 4.83813E+03 3.66357E-19 0.00000E+00 0.00000E+00 0.00000E+00 0.00000E+00 0.00000E+00 2.06065E-20 5.74813E-20 8.43376E-20 1.14044E-19 5.44016E-21 7.02408E-21 1.54366E-20 1.49756E-20 2.01755E-20 5.57223E-21 6.86091E-21
 4.84327E+03 3.66403E-19 0.00000E+00 0.00000E+00 0.00000E+00 0.00000E+00 0.00000E+00 2.15799E-20 5.73750E-20 8.40891E-20 1.13698E-19 5.43081E-21 7.01248E-21 1.54052E-20 1.49363E-20 2.01209E-20 5.55072E-21 6.83421E-21
 4.85357E+03 3.64505E-19 0.00000E+00 0.00000E+00 0.00000E+00 0.00000E+00 0.00000E+00 2.15301E-20 5.71627E-20 8.35941E-20 1.13010E-19 5.41216E-21 6.98932E-21 1.53427E-20 1.48581E-20 2.00121E-20 5.50793E-21 6.78112E-21
 4.87422E+03 3.60486E-19 0.00000E+00 0.00000E+00 0.00000E+00 0.00000E+00 0.00000E+00 2.11798E-20 5.67396E-20 8.26121E-20 1.11644E-19 5.37503E-21 6.94319E-21 1.52182E-20 1.47027E-20 1.97962E-20 5.42331E-21 6.67614E-21
 4.91579E+03 3.53180E-19 0.00000E+00 0.00000E+00 0.00000E+00 0.00000E+00 0.00000E+00 2.11011E-20 5.58999E-20 8.06795E-20 1.08957E-19 5.30144E-21 6.85160E-21 1.49719E-20 1.43962E-20 1.93705E-20 5.25782E-21 6.47086E-21
 5.00000E+03 3.38861E-19 0.00000E+00 0.00000E+00 0.00000E+00 0.00000E+00 0.00000E+00 2.08085E-20 5.42470E-20 7.69377E-20 1.03762E-19 5.15688E-21 6.67112E-21 1.44897E-20 1.38001E-20 1.85433E-20 4.94109E-21 6.07813E-21
 5.18500E+03 3.09901E-19 0.00000E+00 0.00000E+00 0.00000E+00 0.00000E+00 0.00000E+00 2.00077E-20 5.08369E-20 6.94631E-20 9.34076E-20 4.85903E-21 6.29704E-21 1.35032E-20 1.25968E-20 1.68779E-20 4.32281E-21 5.31177E-21
 5.18500E+03 3.24511E-19 0.00000E+00 0.00000E+00 0.00000E+00 0.00000E+00 1.46105E-20 2.00077E-20 5.08369E-20 6.94630E-20 9.34076E-20 4.85902E-21 6.29704E-21 1.35032E-20 1.25968E-20 1.68779E-20 4.32280E-21 5.31176E-21
 5.18978E+03 3.22831E-19 0.00000E+00 0.00000E+00 0.00000E+00 0.00000E+00 1.36330E-20 1.99870E-20 5.07527E-20 6.92826E-20 9.31580E-20 4.85167E-21 6.28777E-21 1.34790E-20 1.25675E-20 1.68375E-20 4.30813E-21 5.29358E-21
 5.19457E+03 3.21729E-19 0.00000E+00 0.00000E+00 0.00000E+00 0.00000E+00 1.32330E-20 1.99664E-20 5.06685E-20 6.91025E-20 9.29090E-20 4.84432E-21 6.27850E-21 1.34548E-20 1.25383E-20 1.67971E-20 4.29350E-21 5.27545E-21
 5.20415E+03 3.20292E-19 0.00000E+00 0.00000E+00 0.00000E+00 0.00000E+00 1.31942E-20 1.99253E-20 5.05006E-20 6.87438E-20 9.24128E-20 4.82966E-21 6.26000E-21 1.34065E-20 1.24801E-20 1.67167E-20 4.26439E-21 5.23938E-21
 5.22337E+03 3.17662E-19 0.00000E+00 0.00000E+00 0.00000E+00 0.00000E+00 1.33427E-20 1.98436E-20 5.01660E-20 6.80315E-20 9.14281E-20 4.80045E-21 6.22312E-21 1.33104E-20 1.23643E-20 1.65569E-20 4.20673E-21 5.16794E-21
 5.26202E+03 3.12005E-19 0.00000E+00 0.00000E+00 0.00000E+00 0.00000E+00 1.31679E-20 1.96800E-20 4.95021E-20 6.66277E-20 8.94882E-20 4.74250E-21 6.14987E-21 1.31199E-20 1.21356E-20 1.62413E-20 4.09369E-21 5.02790E-21
 5.34018E+03 3.01093E-19 0.00000E+00 0.00000E+00 0.00000E+00 0.00000E+00 1.29428E-20 1.93471E-20 4.81951E-20 6.39017E-20 8.57248E-20 4.62846E-21 6.00537E-21 1.27463E-20 1.16896E-20 1.56265E-20 3.87641E-21 4.75880E-21
 5.50000E+03 2.80306E-19 0.00000E+00 0.00000E+00 0.00000E+00 0.00000E+00 1.24508E-20 1.86688E-20 4.56630E-20 5.87595E-20 7.86398E-20 4.40766E-21 5.72427E-21 1.20271E-20 1.08413E-20 1.44596E-20 3.47476E-21 4.26179E-21
 6.00000E+03 2.26670E-19 0.00000E+00 0.00000E+00 0.00000E+00 0.00000E+00 1.10847E-20 1.66901E-20 3.88003E-20 4.57314E-20 6.07797E-20 3.80960E-21 4.95437E-21 1.01086E-20 8.64911E-21 1.14574E-20 2.50793E-21 3.06722E-21
 7.00000E+03 1.54930E-19 0.00000E+00 0.00000E+00 0.00000E+00 0.00000E+00 8.90693E-21 1.33837E-20 2.87298E-20 2.90198E-20 3.81006E-20 2.92590E-21 3.79504E-21 7.36737E-21 5.72363E-21 7.49121E-21 1.39228E-21 1.69420E-21
 8.00000E+03 1.10997E-19 0.00000E+00 0.00000E+00 0.00000E+00 0.00000E+00 7.28461E-21 1.08413E-20 2.18820E-20 1.93623E-20 2.51548E-20 2.31485E-21 2.98092E-21 5.55278E-21 3.95315E-21 5.11940E-21 8.27314E-22 1.00201E-21
 9.00000E+03 8.24970E-20 0.00000E+00 0.00000E+00 0.00000E+00 0.00000E+00 6.05061E-21 8.88221E-21 1.70561E-20 1.34471E-20 1.73072E-20 1.87498E-21 2.39055E-21 4.29842E-21 2.82594E-21 3.62513E-21 5.18522E-22 6.25399E-22
 1.00000E+04 6.31497E-20 0.00000E+00 0.00000E+00 0.00000E+00 0.00000E+00 5.09405E-21 7.35921E-21 1.35546E-20 9.65024E-21 1.23159E-20 1.54797E-21 1.95061E-21 3.40063E-21 2.07816E-21 2.64304E-21 3.39360E-22 4.07705E-22
 1.10000E+04 4.95220E-20 0.00000E+00 0.00000E+00 0.00000E+00 0.00000E+00 4.33964E-21 6.16202E-21 1.09515E-20 7.11692E-21 9.01254E-21 1.29828E-21 1.61518E-21 2.73958E-21 1.56505E-21 1.97472E-21 2.30182E-22 2.75533E-22
 1.25000E+04 3.56781E-20 0.00000E+00 0.00000E+00 0.00000E+00 0.00000E+00 3.47753E-21 4.80700E-21 8.16451E-21 4.70089E-21 5.88985E-21 1.02168E-21 1.24554E-21 2.03733E-21 1.06136E-21 1.32474E-21 1.35848E-22 1.61789E-22
 1.40000E+04 2.66350E-20 0.00000E+00 0.00000E+00 0.00000E+00 0.00000E+00 2.84113E-21 3.82254E-21 6.24862E-21 3.23551E-21 4.01467E-21 8.23379E-22 9.82991E-22 1.55768E-21 7.46683E-22 9.22826E-22 8.45967E-23 1.00286E-22
 1.50000E+04 2.22774E-20 0.00000E+00 0.00000E+00 0.00000E+00 0.00000E+00 2.50600E-21 3.31197E-21 5.29295E-21 2.57055E-21 3.17048E-21 7.20915E-22 8.48643E-22 1.31928E-21 6.00823E-22 7.38023E-22 6.32333E-23 7.47417E-23
 1.63030E+04 1.79351E-20 0.00000E+00 0.00000E+00 0.00000E+00 0.00000E+00 2.14810E-21 2.77523E-21 4.31829E-21 1.93987E-21 2.37481E-21 6.12954E-22 7.08470E-22 1.07619E-21 4.60234E-22 5.61056E-22 4.42706E-23 5.21338E-23
 1.63030E+04 4.12450E-20 0.00000E+00 0.00000E+00 0.00000E+00 2.33099E-20 2.14810E-21 2.77523E-21 4.31829E-21 1.93987E-21 2.37481E-21 6.12954E-22 7.08470E-22 1.07619E-21 4.60234E-22 5.61056E-22 4.42706E-23 5.21337E-23
 1.63120E+04 4.29432E-20 0.00000E+00 0.00000E+00 0.00000E+00 2.50339E-20 2.14589E-21 2.77194E-21 4.31241E-21 1.93624E-21 2.37025E-21 6.12291E-22 7.07615E-22 1.07472E-21 4.59417E-22 5.60032E-22 4.41661E-23 5.20094E-23
 1.63211E+04 4.31503E-20 0.00000E+00 0.00000E+00 0.00000E+00 2.52668E-20 2.14368E-21 2.76865E-21 4.30653E-21 1.93262E-21 2.36570E-21 6.11629E-22 7.06760E-22 1.07326E-21 4.58601E-22 5.59009E-22 4.40618E-23 5.18853E-23
 1.63301E+04 4.26293E-20 0.00000E+00 0.00000E+00 0.00000E+00 2.47715E-20 2.14147E-21 2.76536E-21 4.30066E-21 1.92900E-21 2.36115E-21 6.10967E-22 7.05907E-22 1.07180E-21 4.57787E-22 5.57989E-22 4.39578E-23 5.17615E-23
 1.63391E+04 4.24435E-20 0.00000E+00 0.00000E+00 0.00000E+00 2.46115E-20 2.13926E-21 2.76207E-21 4.29480E-21 1.92539E-21 2.35662E-21 6.10307E-22 7.05055E-22 1.07035E-21 4.56974E-22 5.56970E-22 4.38540E-23 5.16381E-23
 1.63572E+04 4.25478E-20 0.00000E+00 0.00000E+00 0.00000E+00 2.47670E-20 2.13485E-21 2.75551E-21 4.28310E-21 1.91820E-21 2.34758E-21 6.08987E-22 7.03353E-22 1.06744E-21 4.55353E-22 5.54938E-22 4.36472E-23 5.13921E-23
 1.63754E+04 4.24065E-20 0.00000E+00 0.00000E+00 0.00000E+00 2.46769E-20 2.13045E-21 2.74897E-21 4.27143E-21 1.91103E-21 2.33858E-21 6.07670E-22 7.01655E-22 1.06454E-21 4.53738E-22 5.52914E-22 4.34415E-23 5.11474E-23
 1.64117E+04 4.21527E-20 0.00000E+00 0.00000E+00 0.00000E+00 2.45249E-20 2.12167E-21 2.73592E-21 4.24818E-21 1.89677E-21 2.32067E-21 6.05045E-22 6.98271E-22 1.05876E-21 4.50525E-22 5.48888E-22 4.30331E-23 5.06616E-23
 1.64480E+04 4.20034E-20 0.00000E+00 0.00000E+00 0.00000E+00 2.44768E-20 2.11293E-21 2.72292E-21 4.22504E-21 1.88263E-21 2.30291E-21 6.02431E-22 6.94902E-22 1.05301E-21 4.47334E-22 5.44891E-22 4.26287E-23 5.01806E-23
 1.65943E+04 4.10976E-20 0.00000E+00 0.00000E+00 0.00000E+00 2.39699E-20 2.07829E-21 2.67148E-21 4.13364E-21 1.82711E-21 2.23323E-21 5.92084E-22 6.81580E-22 1.03032E-21 4.34796E-22 5.29194E-22 4.10509E-23 4.83044E-23
 1.68909E+04 3.92231E-20 0.00000E+00 0.00000E+00 0.00000E+00 2.28658E-20 2.01057E-21 2.57116E-21 3.95629E-21 1.72103E-21 2.10026E-21 5.71903E-22 6.55650E-22 9.86341E-22 4.10765E-22 4.99146E-22 3.80765E-23 4.47700E-23
 1.75000E+04 3.56791E-20 0.00000E+00 0.00000E+00 0.00000E+00 2.07605E-20 1.88110E-21 2.38041E-21 3.62242E-21 1.52677E-21 1.85734E-21 5.33482E-22 6.06491E-22 9.03634E-22 3.66510E-22 4.43946E-22 3.27656E-23 3.84666E-23
 1.96960E+04 2.59233E-20 0.00000E+00 0.00000E+00 0.00000E+00 1.49720E-20 1.50105E-21 1.83156E-21 2.68759E-21 1.01758E-21 1.22437E-21 4.21868E-22 4.65490E-22 6.71466E-22 2.48945E-22 2.98215E-22 1.96619E-23 2.29551E-23
 1.96960E+04 3.50385E-20 0.00000E+00 0.00000E+00 9.11530E-21 1.49720E-20 1.50105E-21 1.83156E-21 2.68759E-21 1.01758E-21 1.22437E-21 4.21868E-22 4.65490E-22 6.71466E-22 2.48945E-22 2.98214E-22 1.96619E-23 2.29551E-23
 1.97149E+04 3.64237E-20 0.00000E+00 0.00000E+00 1.05677E-20 1.49321E-20 1.49828E-21 1.82763E-21 2.68105E-21 1.01423E-21 1.22023E-21 4.21062E-22 4.64483E-22 6.69839E-22 2.48161E-22 2.97248E-22 1.95805E-23 2.28589E-23
 1.97337E+04 3.61338E-20 0.00000E+00 0.00000E+00 1.03448E-20 1.48924E-20 1.49552E-21 1.82371E-21 2.67452E-21 1.01088E-21 1.21610E-21 4.20257E-22 4.63479E-22 6.68216E-22 2.47379E-22 2.96285E-22 1.94994E-23 2.27632E-23
 1.97526E+04 3.61433E-20 0.00000E+00 0.00000E+00 1.04212E-20 1.48528E-20 1.49276E-21 1.81979E-21 2.66801E-21 1.00755E-21 1.21198E-21 4.19454E-22 4.62476E-22 6.66596E-22 2.46600E-22 2.95325E-22 1.94186E-23 2.26678E-23
 1.97716E+04 3.60355E-20 0.00000E+00 0.00000E+00 1.03801E-20 1.48133E-20 1.49001E-21 1.81589E-21 2.66151E-21 1.00423E-21 1.20787E-21 4.18652E-22 4.61475E-22 6.64980E-22 2.45823E-22 2.94368E-22 1.93381E-23 2.25728E-23
 1.98474E+04 3.57617E-20 0.00000E+00 0.00000E+00 1.03715E-20 1.46562E-20 1.47903E-21 1.80033E-21 2.63567E-21 9.91046E-22 1.19159E-21 4.15458E-22 4.57492E-22 6.58553E-22 2.42739E-22 2.90569E-22 1.90195E-23 2.21968E-23
 2.00000E+04 3.50392E-20 0.00000E+00 0.00000E+00 1.01717E-20 1.43466E-20 1.45731E-21 1.76957E-21 2.58467E-21 9.65176E-22 1.15964E-21 4.09139E-22 4.49618E-22 6.45870E-22 2.36680E-22 2.83110E-22 1.83974E-23 2.14628E-23
 2.04750E+04 3.29566E-20 0.00000E+00 0.00000E+00 9.62877E-21 1.34349E-20 1.39250E-21 1.67815E-21 2.43385E-21 8.89818E-22 1.06672E-21 3.90319E-22 4.26244E-22 6.08383E-22 2.18981E-22 2.61350E-22 1.66095E-23 1.93547E-23
 2.04750E+04 3.84652E-20 0.00000E+00 5.50866E-21 9.62877E-21 1.34349E-20 1.39250E-21 1.67815E-21 2.43385E-21 8.89817E-22 1.06672E-21 3.90319E-22 4.26244E-22 6.08383E-22 2.18981E-22 2.61350E-22 1.66095E-23 1.93547E-23
 2.04865E+04 3.79400E-20 0.00000E+00 5.03214E-21 9.61580E-21 1.34138E-20 1.39098E-21 1.67601E-21 2.43034E-21 8.88087E-22 1.06458E-21 3.89879E-22 4.25699E-22 6.07512E-22 2.18574E-22 2.60849E-22 1.65689E-23 1.93069E-23
 2.04980E+04 3.79269E-20 0.00000E+00 5.06757E-21 9.60283E-21 1.33927E-20 1.38946E-21 1.67388E-21 2.42684E-21 8.86359E-22 1.06246E-21 3.89440E-22 4.25154E-22 6.06642E-22 2.18167E-22 2.60350E-22 1.65283E-23 1.92591E-23
 2.05210E+04 3.78611E-20 0.00000E+00 5.09885E-21 9.57690E-21 1.33506E-20 1.38644E-21 1.66963E-21 2.41985E-21 8.82914E-22 1.05821E-21 3.88562E-22 4.24067E-22 6.04906E-22 2.17356E-22 2.59354E-22 1.64476E-23 1.91640E-23
 2.05671E+04 3.76494E-20 0.00000E+00 5.08059E-21 9.52505E-21 1.32668E-20 1.38040E-21 1.66115E-21 2.40593E-21 8.76062E-22 1.04977E-21 3.86813E-22 4.21901E-22 6.01447E-22 2.15742E-22 2.57372E-22 1.62872E-23 1.89750E-23
 2.06597E+04 3.72233E-20 0.00000E+00 5.03863E-21 9.42157E-21 1.31007E-20 1.36840E-21 1.64430E-21 2.37831E-21 8.62512E-22 1.03309E-21 3.83336E-22 4.17599E-22 5.94584E-22 2.12549E-22 2.53453E-22 1.59711E-23 1.86027E-23
 2.08460E+04 3.63934E-20 0.00000E+00 4.96556E-21 9.21631E-21 1.27743E-20 1.34468E-21 1.61106E-21 2.32394E-21 8.36024E-22 1.00051E-21 3.76470E-22 4.09116E-22 5.81080E-22 2.06298E-22 2.45787E-22 1.53570E-23 1.78795E-23
 2.12238E+04 3.47834E-20 0.00000E+00 4.81843E-21 8.81794E-21 1.21447E-20 1.29838E-21 1.54640E-21 2.21865E-21 7.85418E-22 9.38327E-22 3.63086E-22 3.92626E-22 5.54933E-22 1.94326E-22 2.31121E-22 1.41985E-23 1.65161E-23
 2.20000E+04 3.17655E-20 0.00000E+00 4.53069E-21 8.07105E-21 1.09726E-20 1.21013E-21 1.42406E-21 2.02125E-21 6.93014E-22 8.25077E-22 3.37653E-22 3.61473E-22 5.05924E-22 1.72359E-22 2.04282E-22 1.21346E-23 1.40905E-23
 2.50000E+04 2.29444E-20 0.00000E+00 3.62145E-21 5.86035E-21 7.61512E-21 9.38792E-22 1.05687E-21 1.44437E-21 4.42256E-22 5.19947E-22 2.60085E-22 2.68186E-22 3.62495E-22 1.11956E-22 1.31017E-22 6.90999E-24 7.97219E-24
 3.00000E+04 1.43339E-20 0.00000E+00 2.58782E-21 3.65890E-21 4.48027E-21 6.47885E-22 6.82062E-22 8.83882E-22 2.31013E-22 2.66565E-22 1.78004E-22 1.73253E-22 2.22797E-22 5.98179E-23 6.86971E-23 3.06948E-24 3.50627E-24
 3.50000E+04 9.58410E-21 0.00000E+00 1.92154E-21 2.43207E-21 2.83830E-21 4.69840E-22 4.65989E-22 5.77598E-22 1.32446E-22 1.50321E-22 1.28360E-22 1.18587E-22 1.46176E-22 3.48805E-23 3.93997E-23 1.53616E-24 1.73921E-24
 4.00000E+04 6.74206E-21 0.00000E+00 1.47137E-21 1.69619E-21 1.90084E-21 3.53716E-22 3.32597E-22 3.96738E-22 8.14065E-23 9.10389E-23 9.62440E-23 8.48203E-23 1.00759E-22 2.17258E-23 2.41796E-23 8.40578E-25 9.44079E-25
 4.50000E+04 4.93344E-21 0.00000E+00 1.15504E-21 1.22888E-21 1.32951E-21 2.74217E-22 2.45760E-22 2.83396E-22 5.28219E-23 5.82843E-23 7.43887E-23 6.28074E-23 7.22011E-23 1.42501E-23 1.56477E-23 4.92967E-25 5.49601E-25
 5.00000E+04 3.72544E-21 0.00000E+00 9.25528E-22 9.18236E-22 9.62936E-22 2.17663E-22 1.86778E-22 2.08946E-22 3.57967E-23 3.90140E-23 5.89123E-23 4.78323E-23 5.33832E-23 9.74334E-24 1.05681E-23 3.05557E-25 3.38302E-25
 5.50000E+04 2.88658E-21 0.00000E+00 7.54554E-22 7.03890E-22 7.17736E-22 1.76164E-22 1.45299E-22 1.58136E-22 2.51362E-23 2.70873E-23 4.75967E-23 3.72831E-23 4.05039E-23 6.89360E-24 7.39315E-24 1.98095E-25 2.17928E-25
 6.00000E+04 2.28506E-21 0.00000E+00 6.24303E-22 5.51300E-22 5.47980E-22 1.44924E-22 1.15278E-22 1.22343E-22 1.81821E-23 1.93900E-23 3.91020E-23 2.96348E-23 3.14074E-23 5.01926E-24 5.32686E-24 1.33318E-25 1.45835E-25
 7.00000E+04 1.50807E-21 0.00000E+00 4.43292E-22 3.56419E-22 3.38625E-22 1.02066E-22 7.61495E-23 7.72721E-23 1.02257E-23 1.07003E-23 2.74837E-23 1.96406E-23 1.99148E-23 2.85276E-24 2.97122E-24 6.61255E-26 7.15489E-26
 8.00000E+04 1.05079E-21 0.00000E+00 3.27411E-22 2.43580E-22 2.22542E-22 7.49807E-23 5.29482E-23 5.16698E-23 6.20362E-24 6.38533E-24 2.01639E-23 1.36955E-23 1.33599E-23 1.74499E-24 1.78784E-24 3.60544E-26 3.86366E-26
 9.00000E+04 7.63469E-22 0.00000E+00 2.49494E-22 1.73828E-22 1.53418E-22 5.69301E-23 3.83239E-23 3.61259E-23 3.99085E-24 4.04829E-24 1.52960E-23 9.93749E-24 9.36641E-24 1.13006E-24 1.14115E-24 2.11456E-26 2.24660E-26
 1.00000E+05 5.73500E-22 0.00000E+00 1.95014E-22 1.28424E-22 1.09892E-22 4.43883E-23 2.86510E-23 2.61808E-23 2.69068E-24 2.69398E-24 1.19189E-23 7.44507E-24 6.80370E-24 7.66015E-25 7.63625E-25 1.31423E-26 1.38565E-26
 1.09654E+05 4.46460E-22 0.00000E+00 1.56852E-22 9.85035E-23 8.20373E-23 3.56427E-23 2.21907E-23 1.97321E-23 1.90692E-24 1.88808E-24 9.56647E-24 5.77679E-24 5.13782E-24 5.45255E-25 5.37562E-25 8.68655E-27 9.09834E-27
 1.09654E+05 2.01831E-21 1.57185E-21 1.56852E-22 9.85034E-23 8.20373E-23 3.56426E-23 2.21907E-23 1.97321E-23 1.90692E-24 1.88808E-24 9.56646E-24 5.77678E-24 5.13782E-24 5.45254E-25 5.37562E-25 8.68654E-27 9.09833E-27
 1.09740E+05 1.91730E-21 1.47180E-21 1.56559E-22 9.82802E-23 8.18324E-23 3.55756E-23 2.21422E-23 1.96844E-23 1.90132E-24 1.88236E-24 9.54844E-24 5.76425E-24 5.12548E-24 5.43673E-25 5.35952E-25 8.65594E-27 9.06576E-27
 1.09827E+05 1.91401E-21 1.46946E-21 1.56267E-22 9.80574E-23 8.16281E-23 3.55087E-23 2.20938E-23 1.96368E-23 1.89574E-24 1.87666E-24 9.53045E-24 5.75173E-24 5.11317E-24 5.42096E-25 5.34347E-25 8.62543E-27 9.03330E-27
 1.10000E+05 1.90519E-21 1.46254E-21 1.55683E-22 9.76134E-23 8.12208E-23 3.53752E-23 2.19973E-23 1.95419E-23 1.88462E-24 1.86530E-24 9.49457E-24 5.72679E-24 5.08862E-24 5.38955E-25 5.31151E-25 8.56473E-27 8.96871E-27
 1.25000E+05 1.37881E-21 1.06602E-21 1.14731E-22 6.75469E-23 5.41349E-23 2.60273E-23 1.54134E-23 1.31849E-23 1.17062E-24 1.14128E-24 6.98266E-24 4.02241E-24 3.44198E-24 3.36642E-25 3.26832E-25 4.84131E-27 5.02261E-27
 1.40000E+05 1.03170E-21 8.01712E-22 8.73099E-23 4.87457E-23 3.77941E-23 1.97886E-23 1.12376E-23 9.29658E-24 7.69159E-25 7.40210E-25 5.30763E-24 2.93851E-24 2.43194E-24 2.22146E-25 2.12939E-25 2.93259E-27 3.01858E-27
 1.50000E+05 8.63918E-22 6.73137E-22 7.38655E-23 3.99780E-23 3.03805E-23 1.67356E-23 9.27034E-24 7.51498E-24 5.96291E-25 5.69592E-25 4.48828E-24 2.42692E-24 1.96824E-24 1.72658E-25 1.64276E-25 2.16740E-27 2.22085E-27
 1.75000E+05 5.80330E-22 4.54497E-22 5.07410E-23 2.57077E-23 1.86870E-23 1.14923E-23 6.03294E-24 4.67565E-24 3.38946E-25 3.18774E-25 3.08172E-24 1.58324E-24 1.22761E-24 9.86498E-26 9.24229E-26 1.10952E-27 1.12634E-27
 2.00000E+05 4.10963E-22 3.23025E-22 3.66067E-23 1.75792E-23 1.23043E-23 8.29164E-24 4.16376E-24 3.10574E-24 2.08963E-25 1.94193E-25 2.22340E-24 1.09480E-24 8.16989E-25 6.10456E-26 5.65249E-26 6.27577E-28 6.32676E-28
 2.20000E+05 3.21413E-22 2.53207E-22 2.89934E-23 1.34273E-23 9.15284E-24 6.56846E-24 3.19957E-24 2.32334E-24 1.48472E-25 1.36986E-25 1.76137E-24 8.42346E-25 6.11936E-25 4.34837E-26 3.99752E-26 4.20096E-28 4.21944E-28
 2.50000E+05 2.31534E-22 1.82893E-22 2.12199E-23 9.38348E-24 6.17892E-24 4.80914E-24 2.25241E-24 1.57919E-24 9.44203E-26 8.63979E-26 1.28968E-24 5.93923E-25 4.16561E-25 2.77356E-26 2.52939E-26 2.47564E-28 2.47737E-28
 2.73861E+05 1.83385E-22 1.45117E-22 1.69864E-23 7.27664E-24 4.67671E-24 3.85085E-24 1.75514E-24 1.20058E-24 6.85074E-26 6.23950E-26 1.03274E-24 4.63283E-25 3.17005E-25 2.01638E-26 1.83045E-26 1.70210E-28 1.70084E-28
 3.00000E+05 1.45810E-22 1.15573E-22 1.36354E-23 5.67079E-24 3.56240E-24 3.09212E-24 1.37368E-24 9.18034E-25 5.01448E-26 4.55377E-26 8.29312E-25 3.62925E-25 2.42616E-25 1.47860E-26 1.33817E-26 1.18496E-28 1.18439E-28
 3.50000E+05 9.93148E-23 7.89289E-23 9.42339E-24 3.73563E-24 2.26073E-24 2.13798E-24 9.10821E-25 5.85975E-25 2.97703E-26 2.69622E-26 5.73460E-25 2.40982E-25 1.55061E-25 8.80137E-27 7.94536E-27 6.48737E-29 6.50208E-29
 3.74166E+05 8.42838E-23 6.70588E-23 8.04187E-24 3.12552E-24 1.86243E-24 1.82486E-24 7.63982E-25 4.83799E-25 2.38408E-26 2.15932E-26 4.89488E-25 2.02245E-25 1.28087E-25 7.05530E-27 6.36969E-27 5.02283E-29 5.04614E-29
 4.00000E+05 7.16795E-23 5.70935E-23 6.87383E-24 2.62146E-24 1.53913E-24 1.56003E-24 6.42248E-25 4.00598E-25 1.91691E-26 1.73795E-26 4.18464E-25 1.70105E-25 1.06109E-25 5.67810E-27 5.13109E-27 3.91000E-29 3.94125E-29
 4.50000E+05 5.40740E-23 4.31540E-23 5.22648E-24 1.93044E-24 1.10540E-24 1.18638E-24 4.74707E-25 2.88606E-25 1.31249E-26 1.19387E-26 3.18245E-25 1.25832E-25 7.64994E-26 3.89411E-27 3.53095E-27 2.53275E-29 2.57327E-29
 5.00000E+05 4.22340E-23 3.37628E-23 4.10621E-24 1.47644E-24 8.27859E-25 9.32162E-25 3.64109E-25 2.16656E-25 9.43529E-27 8.62260E-27 2.50052E-25 9.65786E-26 5.74584E-26 2.80224E-27 2.55271E-27 1.73520E-29 1.78008E-29
 5.50000E+05 3.39181E-23 2.71563E-23 3.31240E-24 1.16415E-24 6.41182E-25 7.51960E-25 2.87750E-25 1.68102E-25 7.04931E-27 6.47989E-27 2.01712E-25 7.63654E-26 4.46003E-26 2.09576E-27 1.91990E-27 1.24232E-29 1.28814E-29
 6.00000E+05 2.78662E-23 2.23413E-23 2.73061E-24 9.41144E-25 5.10416E-25 6.19852E-25 2.33064E-25 1.34005E-25 5.43444E-27 5.02767E-27 1.66270E-25 6.18769E-26 3.55658E-26 1.61708E-27 1.49111E-27 9.24804E-30 9.68320E-30
 6.48074E+05 2.34723E-23 1.88409E-23 2.30588E-24 7.81921E-25 4.18531E-25 5.23394E-25 1.93924E-25 1.09999E-25 4.33471E-27 4.03585E-27 1.40392E-25 5.15013E-26 2.92016E-26 1.29064E-27 1.19782E-27 7.15271E-30 7.56864E-30
 7.00000E+05 1.98447E-23 1.59471E-23 1.95346E-24 6.52648E-25 3.45067E-25 4.43350E-25 1.62073E-25 9.07715E-26 3.48270E-27 3.26476E-27 1.18918E-25 4.30542E-26 2.41015E-26 1.03746E-27 9.69347E-28 5.57500E-30 5.97354E-30
 7.48331E+05 1.71900E-23 1.38269E-23 1.69464E-24 5.59417E-25 2.92734E-25 3.84563E-25 1.39058E-25 7.70550E-26 2.89075E-27 2.72731E-27 1.03146E-25 3.69493E-26 2.04625E-26 8.61476E-28 8.09955E-28 4.51241E-30 4.88889E-30
 8.00000E+05 1.49222E-23 1.20137E-23 1.47284E-24 4.80848E-25 2.49120E-25 3.34183E-25 1.19631E-25 6.56101E-26 2.40841E-27 2.28782E-27 8.96292E-26 3.17948E-26 1.74257E-26 7.18073E-28 6.79604E-28 3.67261E-30 4.02170E-30
 9.00000E+05 1.16842E-23 9.42082E-24 1.15501E-24 3.70702E-25 1.88846E-25 2.61989E-25 9.23482E-26 4.97742E-26 1.76158E-27 1.69463E-27 7.02609E-26 2.45505E-26 1.32223E-26 5.25739E-28 5.03835E-28 2.58597E-30 2.88667E-30
 1.00000E+06 9.43794E-24 7.61881E-24 9.33716E-25 2.95960E-25 1.48620E-25 2.11731E-25 7.37998E-26 3.91920E-26 1.34633E-27 1.31008E-27 5.67783E-26 1.96236E-26 1.04120E-26 4.01973E-28 3.89709E-28 1.91563E-30 2.17993E-30
 1.10000E+06 7.81340E-24 6.31346E-24 7.73262E-25 2.42915E-25 1.20466E-25 1.75296E-25 6.06150E-26 3.17777E-26 1.06519E-27 1.04727E-27 4.70044E-26 1.61195E-26 8.44288E-27 3.18089E-28 3.11521E-28 1.46583E-30 1.70324E-30
 1.17260E+06 6.89804E-24 5.57704E-24 6.82705E-25 2.13446E-25 1.04988E-25 1.54737E-25 5.32817E-26 2.76984E-26 9.14183E-28 9.05046E-28 4.14892E-26 1.41707E-26 7.35930E-27 2.73009E-28 2.69255E-28 1.23287E-30 1.45007E-30
 1.25000E+06 6.10226E-24 4.93623E-24 6.03891E-25 1.88106E-25 9.17888E-26 1.36846E-25 4.69710E-26 2.42181E-26 7.87702E-28 7.85169E-28 3.66901E-26 1.24938E-26 6.43468E-27 2.35275E-28 2.33662E-28 1.04575E-30 1.24211E-30
 1.40000E+06 4.92986E-24 3.99101E-24 4.87646E-25 1.51266E-25 7.27970E-26 1.10464E-25 3.77891E-26 1.92082E-26 6.09788E-28 6.15072E-28 2.96142E-26 1.00525E-26 5.10371E-27 1.82331E-28 1.83097E-28 7.89157E-31 9.55800E-31
 1.50000E+06 4.34074E-24 3.51547E-24 4.29180E-25 1.32992E-25 6.34778E-26 9.71986E-26 3.32317E-26 1.67490E-26 5.24660E-28 5.32853E-28 2.60563E-26 8.84051E-27 4.45015E-27 1.56919E-28 1.58680E-28 6.64359E-31 8.16451E-31
 1.62019E+06 3.77305E-24 3.05689E-24 3.72818E-25 1.15524E-25 5.46504E-26 8.44096E-26 2.88726E-26 1.44188E-26 4.45606E-28 4.55840E-28 2.26264E-26 7.68115E-27 3.83085E-27 1.33284E-28 1.35760E-28 5.53393E-31 6.89105E-31
 1.75000E+06 3.28952E-24 2.66592E-24 3.24788E-25 1.00795E-25 4.72566E-26 7.35196E-26 2.51968E-26 1.24671E-26 3.80593E-28 3.92008E-28 1.97063E-26 6.70344E-27 3.31225E-27 1.13838E-28 1.16725E-28 4.66360E-31 5.87052E-31
 2.00000E+06 2.60725E-24 2.11378E-24 2.57013E-25 8.01727E-26 3.70300E-26 5.81535E-26 2.00461E-26 9.76661E-27 2.92642E-28 3.04687E-28 1.55859E-26 5.33303E-27 2.59462E-27 8.75090E-29 9.07378E-29 3.47629E-31 4.49552E-31
 2.20000E+06 2.21769E-24 1.79874E-24 2.18383E-25 6.80822E-26 3.14312E-26 4.92890E-26 1.69897E-26 8.27665E-27 2.47981E-28 2.58182E-28 1.32035E-26 4.51776E-27 2.19792E-27 7.41271E-29 7.68618E-29 2.94457E-31 3.80790E-31
 2.50000E+06 1.79475E-24 1.45666E-24 1.76357E-25 5.49746E-26 2.53655E-26 3.97058E-26 1.36858E-26 6.66624E-27 1.99714E-28 2.07924E-28 1.06298E-26 3.63707E-27 1.76940E-27 5.96725E-29 6.18735E-29 2.37025E-31 3.06519E-31
 2.73861E+06 1.54867E-24 1.25759E-24 1.51895E-25 4.73582E-26 2.18343E-26 3.41482E-26 1.17721E-26 5.73112E-27 1.71602E-28 1.78707E-28 9.13845E-27 3.12735E-27 1.52072E-27 5.12580E-29 5.31657E-29 2.03380E-31 2.63253E-31
 3.00000E+06 1.34143E-24 1.08994E-24 1.31300E-25 4.09241E-26 1.88691E-26 2.94700E-26 1.01571E-26 4.94664E-27 1.48181E-28 1.54267E-28 7.88346E-27 2.69731E-27 1.31216E-27 4.42502E-29 4.58820E-29 1.75754E-31 2.27283E-31
 3.24037E+06 1.19043E-24 9.67795E-25 1.16278E-25 3.62366E-26 1.67056E-26 2.60661E-26 8.98307E-27 4.37528E-27 1.31084E-28 1.36452E-28 6.97080E-27 2.38485E-27 1.16032E-27 3.91361E-29 4.05746E-29 1.55495E-31 2.01019E-31
 3.50000E+06 1.05872E-24 8.61264E-25 1.03159E-25 3.21498E-26 1.48157E-26 2.31011E-26 7.96160E-27 3.87696E-27 1.16129E-28 1.20896E-28 6.17621E-27 2.11313E-27 1.02794E-27 3.46643E-29 3.59424E-29 1.37673E-31 1.78037E-31
 4.00000E+06 8.68299E-25 7.07255E-25 8.41763E-26 2.62318E-26 1.20837E-26 1.88173E-26 6.48501E-27 3.15763E-27 9.45770E-29 9.84572E-29 5.02874E-27 1.72051E-27 8.36928E-28 2.82222E-29 2.92626E-29 1.12083E-31 1.44945E-31
 4.50000E+06 7.32604E-25 5.97513E-25 7.06386E-26 2.20118E-26 1.01365E-26 1.57693E-26 5.43441E-27 2.64589E-27 7.92456E-29 8.24956E-29 4.21273E-27 1.44130E-27 7.01098E-28 2.36413E-29 2.45128E-29 9.38877E-32 1.21414E-31
 5.00000E+06 6.31657E-25 5.15861E-25 6.05685E-26 1.88729E-26 8.68884E-27 1.35061E-26 4.65439E-27 2.26598E-27 6.78647E-29 7.06470E-29 3.60713E-27 1.23410E-27 6.00298E-28 2.02420E-29 2.09881E-29 8.03856E-32 1.03953E-31
 5.50000E+06 5.53975E-25 4.53007E-25 5.28267E-26 1.64600E-26 7.57634E-27 1.17689E-26 4.05564E-27 1.97439E-27 5.91298E-29 6.15534E-29 3.14244E-27 1.07511E-27 5.22953E-28 1.76337E-29 1.82836E-29 7.00259E-32 9.05563E-32
 6.00000E+06 4.92578E-25 4.03311E-25 4.67149E-26 1.45551E-26 6.69837E-27 1.03992E-26 3.58358E-27 1.74451E-27 5.22438E-29 5.43847E-29 2.77618E-27 9.49790E-28 4.61992E-28 1.55779E-29 1.61520E-29 6.18612E-32 7.99978E-32
 7.00000E+06 4.02070E-25 3.29994E-25 3.77317E-26 1.17556E-26 5.40848E-27 8.38911E-27 2.89082E-27 1.40718E-27 4.21398E-29 4.38661E-29 2.23887E-27 7.65956E-28 3.72566E-28 1.25623E-29 1.30253E-29 4.98846E-32 6.45098E-32
 8.00000E+06 3.38866E-25 2.78726E-25 3.14917E-26 9.81105E-27 4.51288E-27 6.99516E-27 2.41043E-27 1.17328E-27 3.51343E-29 3.65732E-29 1.86641E-27 6.38528E-28 3.10580E-28 1.04721E-29 1.08580E-29 4.15836E-32 5.37750E-32
 9.00000E+06 2.92411E-25 2.40987E-25 2.69333E-26 8.39064E-27 3.85886E-27 5.97820E-27 2.05997E-27 1.00265E-27 3.00241E-29 3.12534E-29 1.59478E-27 5.45594E-28 2.65375E-28 8.94777E-30 9.27747E-30 3.55300E-32 4.59466E-32
 1.00000E+07 2.56917E-25 2.12108E-25 2.34729E-26 7.31243E-27 3.36254E-27 5.20703E-27 1.79422E-27 8.73275E-28 2.61494E-29 2.72199E-29 1.38885E-27 4.75141E-28 2.31105E-28 7.79219E-30 8.07930E-30 3.09410E-32 4.00122E-32
 1.10000E+07 2.28960E-25 1.89325E-25 2.07654E-26 6.46883E-27 2.97428E-27 4.60416E-27 1.58647E-27 7.72140E-28 2.31206E-29 2.40670E-29 1.22790E-27 4.20075E-28 2.04320E-28 6.88903E-30 7.14286E-30 2.73544E-32 3.53742E-32
 1.25000E+07 1.96678E-25 1.62968E-25 1.76641E-26 5.50256E-27 2.52966E-27 3.91420E-27 1.34871E-27 6.56402E-28 1.96546E-29 2.04590E-29 1.04374E-27 3.57069E-28 1.73673E-28 5.85567E-30 6.07141E-30 2.32509E-32 3.00676E-32
 1.40000E+07 1.71202E-25 1.41929E-25 1.53410E-26 4.77880E-27 2.19670E-27 3.39782E-27 1.17077E-27 5.69788E-28 1.70608E-29 1.77590E-29 9.05935E-28 3.09926E-28 1.50742E-28 5.08248E-30 5.26973E-30 2.01806E-32 2.60971E-32
 1.50000E+07 1.57485E-25 1.30594E-25 1.40939E-26 4.39026E-27 2.01797E-27 3.12078E-27 1.07531E-27 5.23320E-28 1.56693E-29 1.63105E-29 8.32015E-28 2.84636E-28 1.38441E-28 4.66772E-30 4.83969E-30 1.85337E-32 2.39673E-32
 1.75000E+07 1.30998E-25 1.08690E-25 1.16934E-26 3.64243E-27 1.67403E-27 2.58788E-27 8.91678E-28 4.33941E-28 1.29929E-29 1.35245E-29 6.89849E-28 2.36000E-28 1.14785E-28 3.87007E-30 4.01265E-30 1.53663E-32 1.98714E-32
 2.00000E+07 1.11972E-25 9.29435E-26 9.97571E-27 3.10732E-27 1.42797E-27 2.20685E-27 7.60385E-28 3.70039E-28 1.10794E-29 1.15326E-29 5.88219E-28 2.01231E-28 9.78734E-29 3.29988E-30 3.42144E-30 1.31022E-32 1.69435E-32
 2.20000E+07 1.00245E-25 8.32315E-26 8.91981E-27 2.77839E-27 1.27674E-27 1.97275E-27 6.79722E-28 3.30780E-28 9.90386E-30 1.03090E-29 5.25789E-28 1.79873E-28 8.74852E-29 2.94962E-30 3.05827E-30 1.17114E-32 1.51449E-32
 2.50000E+07 8.65668E-26 7.18983E-26 7.69118E-27 2.39566E-27 1.10078E-27 1.70050E-27 5.85910E-28 2.85123E-28 8.53676E-30 8.88593E-30 4.53190E-28 1.55036E-28 7.54050E-29 2.54232E-30 2.63597E-30 1.00942E-32 1.30535E-32
 3.00000E+07 7.04415E-26 5.85287E-26 6.24694E-27 1.94577E-27 8.93987E-28 1.38065E-27 4.75703E-28 2.31488E-28 6.93080E-30 7.21425E-30 3.67915E-28 1.25863E-28 6.12157E-29 2.06390E-30 2.13993E-30 8.19459E-33 1.05970E-32
 3.50000E+07 5.93278E-26 4.93087E-26 5.25435E-27 1.63658E-27 7.51883E-28 1.16096E-27 4.00005E-28 1.94649E-28 5.82777E-30 6.06609E-30 3.09349E-28 1.05828E-28 5.14710E-29 1.73535E-30 1.79927E-30 6.89004E-33 8.91002E-33
 4.00000E+07 5.12166E-26 4.25764E-26 4.53142E-27 1.41140E-27 6.48398E-28 1.00102E-27 3.44897E-28 1.67830E-28 5.02479E-30 5.23027E-30 2.66717E-28 9.12433E-29 4.43775E-29 1.49619E-30 1.55130E-30 5.94044E-33 7.68203E-33
 4.50000E+07 4.50419E-26 3.74498E-26 3.98199E-27 1.24026E-27 5.69754E-28 8.79500E-28 3.03028E-28 1.47455E-28 4.41474E-30 4.59526E-30 2.34330E-28 8.01637E-29 3.89887E-29 1.31450E-30 1.36292E-30 5.21905E-33 6.74914E-33
 5.00000E+07 4.01874E-26 3.34180E-26 3.55057E-27 1.10588E-27 5.08009E-28 7.84112E-28 2.70161E-28 1.31461E-28 3.93587E-30 4.09681E-30 2.08909E-28 7.14669E-29 3.47588E-29 1.17189E-30 1.21505E-30 4.65281E-33 6.01690E-33
 5.50000E+07 3.62722E-26 3.01657E-26 3.20301E-27 9.97622E-28 4.58266E-28 7.07279E-28 2.43688E-28 1.18579E-28 3.55017E-30 3.69533E-30 1.88433E-28 6.44622E-29 3.13520E-29 1.05702E-30 1.09596E-30 4.19676E-33 5.42714E-33
 6.00000E+07 3.30488E-26 2.74875E-26 2.91710E-27 9.08568E-28 4.17350E-28 6.44088E-28 2.21916E-28 1.07984E-28 3.23295E-30 3.36514E-30 1.71594E-28 5.87016E-29 2.85502E-29 9.62561E-31 9.98016E-31 3.82170E-33 4.94212E-33
 7.00000E+07 2.80558E-26 2.33381E-26 2.47470E-27 7.70773E-28 3.54042E-28 5.46330E-28 1.88234E-28 9.15934E-29 2.74222E-30 2.85434E-30 1.45545E-28 4.97902E-29 2.42160E-29 8.16433E-31 8.46505E-31 3.24151E-33 4.19183E-33
 8.00000E+07 2.43696E-26 2.02740E-26 2.14845E-27 6.69155E-28 3.07358E-28 4.74255E-28 1.63400E-28 7.95091E-29 2.38042E-30 2.47774E-30 1.26340E-28 4.32203E-29 2.10206E-29 7.08702E-31 7.34806E-31 2.81377E-33 3.63870E-33
 9.00000E+07 2.15375E-26 1.79194E-26 1.89800E-27 5.91149E-28 2.71523E-28 4.18936E-28 1.44340E-28 7.02344E-29 2.10274E-30 2.18871E-30 1.11601E-28 3.81781E-29 1.85683E-29 6.26021E-31 6.49079E-31 2.48550E-33 3.21418E-33
 1.00000E+08 1.92938E-26 1.60537E-26 1.69974E-27 5.29395E-28 2.43155E-28 3.75148E-28 1.29253E-28 6.28932E-29 1.88295E-30 1.95993E-30 9.99347E-29 3.41871E-29 1.66272E-29 5.60578E-31 5.81225E-31 2.22566E-33 2.87817E-33
 1.10000E+08 1.74728E-26 1.45393E-26 1.53890E-27 4.79301E-28 2.20144E-28 3.39632E-28 1.17017E-28 5.69387E-29 1.70467E-30 1.77436E-30 9.04724E-29 3.09501E-29 1.50528E-29 5.07499E-31 5.26191E-31 2.01492E-33 2.60565E-33
 1.25000E+08 1.53051E-26 1.27364E-26 1.34755E-27 4.19703E-28 1.92768E-28 2.97382E-28 1.02460E-28 4.98554E-29 1.49261E-30 1.55363E-30 7.92165E-29 2.70995E-29 1.31801E-29 4.44358E-31 4.60725E-31 1.76423E-33 2.28146E-33
 1.40000E+08 1.36153E-26 1.13308E-26 1.19848E-27 3.73272E-28 1.71440E-28 2.64470E-28 9.11201E-29 4.43375E-29 1.32741E-30 1.38167E-30 7.04484E-29 2.41000E-29 1.17212E-29 3.95174E-31 4.09729E-31 1.56895E-33 2.02893E-33
 1.50000E+08 1.26817E-26 1.05542E-26 1.11614E-27 3.47627E-28 1.59660E-28 2.46293E-28 8.48575E-29 4.12902E-29 1.23617E-30 1.28671E-30 6.56061E-29 2.24434E-29 1.09155E-29 3.68011E-31 3.81565E-31 1.46111E-33 1.88947E-33
 1.75000E+08 1.08254E-26 9.00986E-27 9.52502E-28 2.96660E-28 1.36250E-28 2.10172E-28 7.24123E-29 3.52345E-29 1.05487E-30 1.09799E-30 5.59836E-29 1.91516E-29 9.31452E-30 3.14033E-31 3.25600E-31 1.24680E-33 1.61233E-33
 2.00000E+08 9.44291E-27 7.85956E-27 8.30685E-28 2.58719E-28 1.18824E-28 1.83285E-28 6.31486E-29 3.07268E-29 9.19915E-31 9.57521E-31 4.88211E-29 1.67014E-29 8.12282E-30 2.73856E-31 2.83942E-31 1.08728E-33 1.40605E-33
 2.20000E+08 8.56746E-27 7.13111E-27 7.53572E-28 2.34702E-28 1.07792E-28 1.66266E-28 5.72848E-29 2.78736E-29 8.34494E-31 8.68607E-31 4.42875E-29 1.51505E-29 7.36852E-30 2.48425E-31 2.57575E-31 9.86315E-34 1.27548E-33
 2.50000E+08 7.52138E-27 6.26062E-27 6.61456E-28 2.06012E-28 9.46151E-29 1.45937E-28 5.02807E-29 2.44655E-29 7.32459E-31 7.62401E-31 3.88722E-29 1.32979E-29 6.46752E-30 2.18048E-31 2.26079E-31 8.65711E-34 1.11951E-33
 3.00000E+08 6.24946E-27 5.20212E-27 5.49491E-28 1.71140E-28 7.85988E-29 1.21229E-28 4.17680E-29 2.03233E-29 6.08449E-31 6.33321E-31 3.22907E-29 1.10464E-29 5.37249E-30 1.81130E-31 1.87801E-31 7.19134E-34 9.29965E-34
 3.50000E+08 5.34542E-27 4.44972E-27 4.69937E-28 1.46363E-28 6.72188E-29 1.03675E-28 3.57198E-29 1.73804E-29 5.20342E-31 5.41612E-31 2.76147E-29 9.44679E-30 4.59450E-30 1.54900E-31 1.60606E-31 6.14995E-34 7.95296E-34
 4.00000E+08 4.66984E-27 3.88743E-27 4.10501E-28 1.27851E-28 5.87169E-29 9.05605E-29 3.12014E-29 1.51819E-29 4.54520E-31 4.73099E-31 2.41214E-29 8.25177E-30 4.01329E-30 1.35305E-31 1.40289E-31 5.37198E-34 6.94690E-34
 4.50000E+08 4.14585E-27 3.45129E-27 3.64410E-28 1.13496E-28 5.21239E-29 8.03909E-29 2.76976E-29 1.34770E-29 4.03478E-31 4.19972E-31 2.14126E-29 7.32510E-30 3.56260E-30 1.20111E-31 1.24534E-31 4.76870E-34 6.16676E-34
 5.00000E+08 3.72757E-27 3.10313E-27 3.27623E-28 1.02038E-28 4.68618E-29 7.22745E-29 2.49012E-29 1.21163E-29 3.62742E-31 3.77570E-31 1.92507E-29 6.58552E-30 3.20290E-30 1.07984E-31 1.11961E-31 4.28723E-34 5.54413E-34
 5.50000E+08 3.38595E-27 2.81877E-27 2.97581E-28 9.26819E-29 4.25647E-29 6.56466E-29 2.26176E-29 1.10052E-29 3.29476E-31 3.42945E-31 1.74853E-29 5.98158E-30 2.90917E-30 9.80806E-32 1.01693E-31 3.89405E-34 5.03569E-34
 6.00000E+08 3.10169E-27 2.58215E-27 2.72586E-28 8.48971E-29 3.89894E-29 6.01321E-29 2.07177E-29 1.00807E-29 3.01799E-31 3.14136E-31 1.60164E-29 5.47910E-30 2.66479E-30 8.98413E-32 9.31503E-32 3.56693E-34 4.61266E-34
 7.00000E+08 2.65576E-27 2.21095E-27 2.33380E-28 7.26863E-29 3.33814E-29 5.14825E-29 1.77376E-29 8.63066E-30 2.58387E-31 2.68949E-31 1.37125E-29 4.69095E-30 2.28147E-30 7.69180E-32 7.97510E-32 3.05384E-34 3.94915E-34
 8.00000E+08 2.32193E-27 1.93305E-27 2.04033E-28 6.35462E-29 2.91838E-29 4.50083E-29 1.55070E-29 7.54530E-30 2.25893E-31 2.35127E-31 1.19880E-29 4.10102E-30 1.99455E-30 6.72449E-32 6.97216E-32 2.66979E-34 3.45251E-34
 9.00000E+08 2.06265E-27 1.71721E-27 1.81243E-28 5.64480E-29 2.59238E-29 3.99805E-29 1.37747E-29 6.70242E-30 2.00659E-31 2.08861E-31 1.06489E-29 3.64289E-30 1.77174E-30 5.97329E-32 6.19329E-32 2.37155E-34 3.06682E-34
 1.00000E+09 1.85546E-27 1.54473E-27 1.63031E-28 5.07761E-29 2.33190E-29 3.59630E-29 1.23906E-29 6.02892E-30 1.80495E-31 1.87873E-31 9.57878E-30 3.27683E-30 1.59370E-30 5.37305E-32 5.57095E-32 2.13324E-34 2.75865E-34
