 *** Photoelectric cross sections,  IZ = 30,  NSHELL =  7,  NDATA =  325
              0           1           2           3           4           5           6           7
 5.00000E+01 9.34063E-18 0.00000E+00 0.00000E+00 0.00000E+00 0.00000E+00 0.00000E+00 0.00000E+00 0.00000E+00
 5.12057E+01 9.40055E-18 0.00000E+00 0.00000E+00 0.00000E+00 0.00000E+00 0.00000E+00 0.00000E+00 0.00000E+00
 5.24404E+01 9.44995E-18 0.00000E+00 0.00000E+00 0.00000E+00 0.00000E+00 0.00000E+00 0.00000E+00 0.00000E+00
 5.37050E+01 9.48870E-18 0.00000E+00 0.00000E+00 0.00000E+00 0.00000E+00 0.00000E+00 0.00000E+00 0.00000E+00
 5.50000E+01 9.51673E-18 0.00000E+00 0.00000E+00 0.00000E+00 0.00000E+00 0.00000E+00 0.00000E+00 0.00000E+00
 5.74456E+01 9.54046E-18 0.00000E+00 0.00000E+00 0.00000E+00 0.00000E+00 0.00000E+00 0.00000E+00 0.00000E+00
 6.00000E+01 9.52959E-18 0.00000E+00 0.00000E+00 0.00000E+00 0.00000E+00 0.00000E+00 0.00000E+00 0.00000E+00
 6.23574E+01 9.49249E-18 0.00000E+00 0.00000E+00 0.00000E+00 0.00000E+00 0.00000E+00 0.00000E+00 0.00000E+00
 6.48074E+01 9.43130E-18 0.00000E+00 0.00000E+00 0.00000E+00 0.00000E+00 0.00000E+00 0.00000E+00 0.00000E+00
 6.73537E+01 9.34796E-18 0.00000E+00 0.00000E+00 0.00000E+00 0.00000E+00 0.00000E+00 0.00000E+00 0.00000E+00
 7.00000E+01 9.24453E-18 0.00000E+00 0.00000E+00 0.00000E+00 0.00000E+00 0.00000E+00 0.00000E+00 0.00000E+00
 7.23762E+01 9.14030E-18 0.00000E+00 0.00000E+00 0.00000E+00 0.00000E+00 0.00000E+00 0.00000E+00 0.00000E+00
 7.48331E+01 9.02385E-18 0.00000E+00 0.00000E+00 0.00000E+00 0.00000E+00 0.00000E+00 0.00000E+00 0.00000E+00
 7.73735E+01 8.89634E-18 0.00000E+00 0.00000E+00 0.00000E+00 0.00000E+00 0.00000E+00 0.00000E+00 0.00000E+00
 8.00000E+01 8.75881E-18 0.00000E+00 0.00000E+00 0.00000E+00 0.00000E+00 0.00000E+00 0.00000E+00 0.00000E+00
 8.23907E+01 8.62985E-18 0.00000E+00 0.00000E+00 0.00000E+00 0.00000E+00 0.00000E+00 0.00000E+00 0.00000E+00
 8.48528E+01 8.49424E-18 0.00000E+00 0.00000E+00 0.00000E+00 0.00000E+00 0.00000E+00 0.00000E+00 0.00000E+00
 8.73885E+01 8.35233E-18 0.00000E+00 0.00000E+00 0.00000E+00 0.00000E+00 0.00000E+00 0.00000E+00 0.00000E+00
 9.00000E+01 8.20440E-18 0.00000E+00 0.00000E+00 0.00000E+00 0.00000E+00 0.00000E+00 0.00000E+00 0.00000E+00
 9.10000E+01 8.14737E-18 0.00000E+00 0.00000E+00 0.00000E+00 0.00000E+00 0.00000E+00 0.00000E+00 0.00000E+00
 9.10000E+01 8.70498E-18 0.00000E+00 0.00000E+00 0.00000E+00 0.00000E+00 0.00000E+00 0.00000E+00 5.57606E-19
 9.10461E+01 8.70189E-18 0.00000E+00 0.00000E+00 0.00000E+00 0.00000E+00 0.00000E+00 0.00000E+00 5.57151E-19
 9.10923E+01 8.69880E-18 0.00000E+00 0.00000E+00 0.00000E+00 0.00000E+00 0.00000E+00 0.00000E+00 5.56696E-19
 9.11847E+01 8.69260E-18 0.00000E+00 0.00000E+00 0.00000E+00 0.00000E+00 0.00000E+00 0.00000E+00 5.55779E-19
 9.13697E+01 8.68014E-18 0.00000E+00 0.00000E+00 0.00000E+00 0.00000E+00 0.00000E+00 0.00000E+00 5.53897E-19
 9.17409E+01 8.65477E-18 0.00000E+00 0.00000E+00 0.00000E+00 0.00000E+00 0.00000E+00 0.00000E+00 5.49763E-19
 9.24878E+01 8.60221E-18 0.00000E+00 0.00000E+00 0.00000E+00 0.00000E+00 0.00000E+00 0.00000E+00 5.40005E-19
 9.40000E+01 8.49196E-18 0.00000E+00 0.00000E+00 0.00000E+00 0.00000E+00 0.00000E+00 0.00000E+00 5.16647E-19
 9.40000E+01 8.75026E-18 0.00000E+00 0.00000E+00 0.00000E+00 0.00000E+00 0.00000E+00 2.58297E-19 5.16646E-19
 9.40909E+01 8.74320E-18 0.00000E+00 0.00000E+00 0.00000E+00 0.00000E+00 0.00000E+00 2.57980E-19 5.15136E-19
 9.41819E+01 8.73612E-18 0.00000E+00 0.00000E+00 0.00000E+00 0.00000E+00 0.00000E+00 2.57661E-19 5.13615E-19
 9.43642E+01 8.72189E-18 0.00000E+00 0.00000E+00 0.00000E+00 0.00000E+00 0.00000E+00 2.57006E-19 5.10546E-19
 9.47299E+01 8.69314E-18 0.00000E+00 0.00000E+00 0.00000E+00 0.00000E+00 0.00000E+00 2.55561E-19 5.04309E-19
 9.54654E+01 8.63424E-18 0.00000E+00 0.00000E+00 0.00000E+00 0.00000E+00 0.00000E+00 2.51870E-19 4.91533E-19
 9.69536E+01 8.51260E-18 0.00000E+00 0.00000E+00 0.00000E+00 0.00000E+00 0.00000E+00 2.42356E-19 4.65447E-19
 1.00000E+02 8.26219E-18 0.00000E+00 0.00000E+00 0.00000E+00 0.00000E+00 0.00000E+00 2.18838E-19 4.15225E-19
 1.10000E+02 7.52090E-18 0.00000E+00 0.00000E+00 0.00000E+00 0.00000E+00 0.00000E+00 1.55789E-19 3.18974E-19
 1.25000E+02 6.65324E-18 0.00000E+00 0.00000E+00 0.00000E+00 0.00000E+00 0.00000E+00 1.40614E-19 3.25670E-19
 1.32288E+02 6.28943E-18 0.00000E+00 0.00000E+00 0.00000E+00 0.00000E+00 0.00000E+00 1.50424E-19 3.52402E-19
 1.40000E+02 5.92946E-18 0.00000E+00 0.00000E+00 0.00000E+00 0.00000E+00 0.00000E+00 1.64179E-19 3.83196E-19
 1.41000E+02 5.88449E-18 0.00000E+00 0.00000E+00 0.00000E+00 0.00000E+00 0.00000E+00 1.66047E-19 3.87144E-19
 1.41000E+02 6.17071E-18 0.00000E+00 0.00000E+00 0.00000E+00 0.00000E+00 2.86221E-19 1.66047E-19 3.87144E-19
 1.41136E+02 6.16403E-18 0.00000E+00 0.00000E+00 0.00000E+00 0.00000E+00 2.85649E-19 1.66302E-19 3.87680E-19
 1.41273E+02 6.15736E-18 0.00000E+00 0.00000E+00 0.00000E+00 0.00000E+00 2.85077E-19 1.66557E-19 3.88216E-19
 1.41546E+02 6.14402E-18 0.00000E+00 0.00000E+00 0.00000E+00 0.00000E+00 2.83940E-19 1.67068E-19 3.89287E-19
 1.42095E+02 6.11740E-18 0.00000E+00 0.00000E+00 0.00000E+00 0.00000E+00 2.81719E-19 1.68094E-19 3.91427E-19
 1.43198E+02 6.06462E-18 0.00000E+00 0.00000E+00 0.00000E+00 0.00000E+00 2.77660E-19 1.70157E-19 3.95700E-19
 1.45430E+02 5.96052E-18 0.00000E+00 0.00000E+00 0.00000E+00 0.00000E+00 2.70758E-19 1.74314E-19 4.04188E-19
 1.50000E+02 5.75702E-18 0.00000E+00 0.00000E+00 0.00000E+00 0.00000E+00 2.60465E-19 1.82655E-19 4.20794E-19
 1.62019E+02 5.27102E-18 0.00000E+00 0.00000E+00 0.00000E+00 0.00000E+00 2.46811E-19 2.02491E-19 4.58301E-19
 1.68384E+02 5.03718E-18 0.00000E+00 0.00000E+00 0.00000E+00 0.00000E+00 2.43353E-19 2.11344E-19 4.74083E-19
 1.75000E+02 4.80849E-18 0.00000E+00 0.00000E+00 0.00000E+00 0.00000E+00 2.40802E-19 2.19163E-19 4.87372E-19
 1.80941E+02 4.61405E-18 0.00000E+00 0.00000E+00 0.00000E+00 0.00000E+00 2.38805E-19 2.24959E-19 4.96653E-19
 1.87083E+02 4.42265E-18 0.00000E+00 0.00000E+00 0.00000E+00 0.00000E+00 2.36650E-19 2.29754E-19 5.03750E-19
 1.93434E+02 4.23409E-18 0.00000E+00 0.00000E+00 0.00000E+00 0.00000E+00 2.34101E-19 2.33500E-19 5.08632E-19
 2.00000E+02 4.04826E-18 0.00000E+00 0.00000E+00 0.00000E+00 0.00000E+00 2.31008E-19 2.36186E-19 5.11341E-19
 2.09762E+02 3.78796E-18 0.00000E+00 0.00000E+00 0.00000E+00 0.00000E+00 2.25527E-19 2.38246E-19 5.11670E-19
 2.20000E+02 3.53422E-18 0.00000E+00 0.00000E+00 0.00000E+00 0.00000E+00 2.18860E-19 2.38386E-19 5.08281E-19
 2.27144E+02 3.36831E-18 0.00000E+00 0.00000E+00 0.00000E+00 0.00000E+00 2.13845E-19 2.37527E-19 5.04206E-19
 2.34521E+02 3.20631E-18 0.00000E+00 0.00000E+00 0.00000E+00 0.00000E+00 2.08511E-19 2.35993E-19 4.98878E-19
 2.42137E+02 3.04861E-18 0.00000E+00 0.00000E+00 0.00000E+00 0.00000E+00 2.02963E-19 2.33858E-19 4.92445E-19
 2.50000E+02 2.89560E-18 0.00000E+00 0.00000E+00 0.00000E+00 0.00000E+00 1.97293E-19 2.31183E-19 4.85032E-19
 2.61659E+02 2.68608E-18 0.00000E+00 0.00000E+00 0.00000E+00 0.00000E+00 1.89142E-19 2.26534E-19 4.72955E-19
 2.73861E+02 2.48731E-18 0.00000E+00 0.00000E+00 0.00000E+00 0.00000E+00 1.81042E-19 2.21001E-19 4.59295E-19
 2.86633E+02 2.29949E-18 0.00000E+00 0.00000E+00 0.00000E+00 0.00000E+00 1.73049E-19 2.14670E-19 4.44223E-19
 3.00000E+02 2.12248E-18 0.00000E+00 0.00000E+00 0.00000E+00 0.00000E+00 1.65164E-19 2.07623E-19 4.27907E-19
 3.11787E+02 1.98100E-18 0.00000E+00 0.00000E+00 0.00000E+00 0.00000E+00 1.58563E-19 2.01181E-19 4.13298E-19
 3.24037E+02 1.84684E-18 0.00000E+00 0.00000E+00 0.00000E+00 0.00000E+00 1.52009E-19 1.94375E-19 3.98106E-19
 3.36768E+02 1.71972E-18 0.00000E+00 0.00000E+00 0.00000E+00 0.00000E+00 1.45501E-19 1.87293E-19 3.82506E-19
 3.50000E+02 1.59952E-18 0.00000E+00 0.00000E+00 0.00000E+00 0.00000E+00 1.39054E-19 1.80026E-19 3.66677E-19
 3.74166E+02 1.40732E-18 0.00000E+00 0.00000E+00 0.00000E+00 0.00000E+00 1.28125E-19 1.67247E-19 3.39177E-19
 4.00000E+02 1.23473E-18 0.00000E+00 0.00000E+00 0.00000E+00 0.00000E+00 1.17661E-19 1.54501E-19 3.12078E-19
 4.24264E+02 1.09794E-18 0.00000E+00 0.00000E+00 0.00000E+00 0.00000E+00 1.08926E-19 1.43428E-19 2.88751E-19
 4.50000E+02 9.74626E-19 0.00000E+00 0.00000E+00 0.00000E+00 0.00000E+00 1.00675E-19 1.32575E-19 2.66059E-19
 4.74342E+02 8.74843E-19 0.00000E+00 0.00000E+00 0.00000E+00 0.00000E+00 9.36794E-20 1.23098E-19 2.46379E-19
 5.00000E+02 7.84167E-19 0.00000E+00 0.00000E+00 0.00000E+00 0.00000E+00 8.70197E-20 1.13904E-19 2.27401E-19
 5.24404E+02 7.09411E-19 0.00000E+00 0.00000E+00 0.00000E+00 0.00000E+00 8.12744E-20 1.05894E-19 2.10952E-19
 5.50000E+02 6.41118E-19 0.00000E+00 0.00000E+00 0.00000E+00 0.00000E+00 7.58038E-20 9.82280E-20 1.95274E-19
 6.00000E+02 5.31707E-19 0.00000E+00 0.00000E+00 0.00000E+00 0.00000E+00 6.65582E-20 8.51870E-20 1.68733E-19
 6.48074E+02 4.49411E-19 0.00000E+00 0.00000E+00 0.00000E+00 0.00000E+00 5.91695E-20 7.46487E-20 1.47404E-19
 7.00000E+02 3.78979E-19 0.00000E+00 0.00000E+00 0.00000E+00 0.00000E+00 5.24644E-20 6.50265E-20 1.28029E-19
 7.48331E+02 3.26337E-19 0.00000E+00 0.00000E+00 0.00000E+00 0.00000E+00 4.71562E-20 5.74463E-20 1.12834E-19
 8.00000E+02 2.80593E-19 0.00000E+00 0.00000E+00 0.00000E+00 0.00000E+00 4.23036E-20 5.05750E-20 9.91079E-20
 8.48528E+02 2.45313E-19 0.00000E+00 0.00000E+00 0.00000E+00 0.00000E+00 3.83896E-20 4.50738E-20 8.81494E-20
 9.00000E+02 2.14238E-19 0.00000E+00 0.00000E+00 0.00000E+00 0.00000E+00 3.47978E-20 4.00554E-20 7.81796E-20
 1.00000E+03 1.67620E-19 0.00000E+00 0.00000E+00 0.00000E+00 0.00000E+00 2.90810E-20 3.21982E-20 6.26321E-20
 1.02400E+03 1.58534E-19 0.00000E+00 0.00000E+00 0.00000E+00 0.00000E+00 2.79118E-20 3.06197E-20 5.95178E-20
 1.02400E+03 3.51741E-19 0.00000E+00 0.00000E+00 0.00000E+00 1.93207E-19 2.79118E-20 3.06197E-20 5.95177E-20
 1.02471E+03 3.81321E-19 0.00000E+00 0.00000E+00 0.00000E+00 2.23046E-19 2.78782E-20 3.05745E-20 5.94287E-20
 1.02542E+03 4.09243E-19 0.00000E+00 0.00000E+00 0.00000E+00 2.51226E-19 2.78447E-20 3.05294E-20 5.93397E-20
 1.02613E+03 4.35540E-19 0.00000E+00 0.00000E+00 0.00000E+00 2.77781E-19 2.78112E-20 3.04843E-20 5.92508E-20
 1.02685E+03 4.60320E-19 0.00000E+00 0.00000E+00 0.00000E+00 3.02819E-19 2.77777E-20 3.04393E-20 5.91620E-20
 1.02756E+03 4.83682E-19 0.00000E+00 0.00000E+00 0.00000E+00 3.26438E-19 2.77442E-20 3.03944E-20 5.90734E-20
 1.02827E+03 5.05708E-19 0.00000E+00 0.00000E+00 0.00000E+00 3.48720E-19 2.77108E-20 3.03495E-20 5.89849E-20
 1.02899E+03 5.26463E-19 0.00000E+00 0.00000E+00 0.00000E+00 3.69732E-19 2.76774E-20 3.03046E-20 5.88965E-20
 1.02970E+03 5.46009E-19 0.00000E+00 0.00000E+00 0.00000E+00 3.89534E-19 2.76441E-20 3.02599E-20 5.88082E-20
 1.03042E+03 5.64399E-19 0.00000E+00 0.00000E+00 0.00000E+00 4.08179E-19 2.76108E-20 3.02151E-20 5.87200E-20
 1.03113E+03 5.81679E-19 0.00000E+00 0.00000E+00 0.00000E+00 4.25715E-19 2.75775E-20 3.01705E-20 5.86319E-20
 1.03185E+03 5.97891E-19 0.00000E+00 0.00000E+00 0.00000E+00 4.42181E-19 2.75442E-20 3.01258E-20 5.85440E-20
 1.03257E+03 6.13080E-19 0.00000E+00 0.00000E+00 0.00000E+00 4.57625E-19 2.75110E-20 3.00813E-20 5.84561E-20
 1.03328E+03 6.27281E-19 0.00000E+00 0.00000E+00 0.00000E+00 4.72079E-19 2.74779E-20 3.00368E-20 5.83684E-20
 1.03400E+03 6.40534E-19 0.00000E+00 0.00000E+00 0.00000E+00 4.85586E-19 2.74447E-20 2.99924E-20 5.82808E-20
 1.03472E+03 6.52875E-19 0.00000E+00 0.00000E+00 0.00000E+00 4.98181E-19 2.74116E-20 2.99480E-20 5.81933E-20
 1.03544E+03 6.64337E-19 0.00000E+00 0.00000E+00 0.00000E+00 5.09896E-19 2.73786E-20 2.99036E-20 5.81059E-20
 1.03616E+03 6.74958E-19 0.00000E+00 0.00000E+00 0.00000E+00 5.20769E-19 2.73455E-20 2.98594E-20 5.80186E-20
 1.03687E+03 6.84773E-19 0.00000E+00 0.00000E+00 0.00000E+00 5.30836E-19 2.73125E-20 2.98152E-20 5.79315E-20
 1.03759E+03 6.93817E-19 0.00000E+00 0.00000E+00 0.00000E+00 5.40132E-19 2.72796E-20 2.97710E-20 5.78444E-20
 1.03832E+03 7.02125E-19 0.00000E+00 0.00000E+00 0.00000E+00 5.48691E-19 2.72466E-20 2.97269E-20 5.77575E-20
 1.03904E+03 7.09731E-19 0.00000E+00 0.00000E+00 0.00000E+00 5.56547E-19 2.72138E-20 2.96829E-20 5.76707E-20
 1.03976E+03 7.16669E-19 0.00000E+00 0.00000E+00 0.00000E+00 5.63736E-19 2.71809E-20 2.96389E-20 5.75840E-20
 1.04120E+03 7.28681E-19 0.00000E+00 0.00000E+00 0.00000E+00 5.76248E-19 2.71153E-20 2.95511E-20 5.74109E-20
 1.04265E+03 7.38429E-19 0.00000E+00 0.00000E+00 0.00000E+00 5.86494E-19 2.70498E-20 2.94635E-20 5.72383E-20
 1.04410E+03 7.46170E-19 0.00000E+00 0.00000E+00 0.00000E+00 5.94731E-19 2.69845E-20 2.93761E-20 5.70662E-20
 1.04555E+03 7.52147E-19 0.00000E+00 0.00000E+00 0.00000E+00 6.01204E-19 2.69193E-20 2.92890E-20 5.68945E-20
 1.04700E+03 7.56591E-19 0.00000E+00 0.00000E+00 0.00000E+00 6.06141E-19 2.68543E-20 2.92021E-20 5.67232E-20
 1.04700E+03 8.47497E-19 0.00000E+00 0.00000E+00 9.09057E-20 6.06141E-19 2.68543E-20 2.92021E-20 5.67232E-20
 1.04781E+03 8.65563E-19 0.00000E+00 0.00000E+00 1.07087E-19 6.08299E-19 2.68182E-20 2.91539E-20 5.66282E-20
 1.04862E+03 8.82282E-19 0.00000E+00 0.00000E+00 1.22296E-19 6.10083E-19 2.67821E-20 2.91057E-20 5.65334E-20
 1.04943E+03 8.97706E-19 0.00000E+00 0.00000E+00 1.36553E-19 6.11523E-19 2.67461E-20 2.90577E-20 5.64387E-20
 1.05024E+03 9.11933E-19 0.00000E+00 0.00000E+00 1.49924E-19 6.12650E-19 2.67102E-20 2.90097E-20 5.63441E-20
 1.05105E+03 9.25045E-19 0.00000E+00 0.00000E+00 1.62466E-19 6.13493E-19 2.66743E-20 2.89617E-20 5.62497E-20
 1.05186E+03 9.37115E-19 0.00000E+00 0.00000E+00 1.74222E-19 6.14078E-19 2.66384E-20 2.89139E-20 5.61554E-20
 1.05267E+03 9.48206E-19 0.00000E+00 0.00000E+00 1.85232E-19 6.14429E-19 2.66025E-20 2.88661E-20 5.60612E-20
 1.05348E+03 9.58374E-19 0.00000E+00 0.00000E+00 1.95530E-19 6.14570E-19 2.65668E-20 2.88184E-20 5.59672E-20
 1.05511E+03 9.76146E-19 0.00000E+00 0.00000E+00 2.14104E-19 6.14307E-19 2.64953E-20 2.87231E-20 5.57796E-20
 1.05674E+03 9.90807E-19 0.00000E+00 0.00000E+00 2.30164E-19 6.13445E-19 2.64240E-20 2.86281E-20 5.55925E-20
 1.05837E+03 1.00269E-18 0.00000E+00 0.00000E+00 2.43912E-19 6.12111E-19 2.63529E-20 2.85334E-20 5.54060E-20
 1.06001E+03 1.01208E-18 0.00000E+00 0.00000E+00 2.55546E-19 6.10409E-19 2.62820E-20 2.84390E-20 5.52200E-20
 1.06164E+03 1.01930E-18 0.00000E+00 0.00000E+00 2.65258E-19 6.08442E-19 2.62112E-20 2.83448E-20 5.50345E-20
 1.06328E+03 1.02460E-18 0.00000E+00 0.00000E+00 2.73248E-19 6.06280E-19 2.61406E-20 2.82510E-20 5.48496E-20
 1.06492E+03 1.02823E-18 0.00000E+00 0.00000E+00 2.79708E-19 6.03982E-19 2.60702E-20 2.81573E-20 5.46653E-20
 1.06657E+03 1.03044E-18 0.00000E+00 0.00000E+00 2.84824E-19 6.01602E-19 2.59999E-20 2.80640E-20 5.44814E-20
 1.06987E+03 1.03144E-18 0.00000E+00 0.00000E+00 2.91731E-19 5.96740E-19 2.58599E-20 2.78781E-20 5.41154E-20
 1.07317E+03 1.02909E-18 0.00000E+00 0.00000E+00 2.95244E-19 5.91923E-19 2.57206E-20 2.76932E-20 5.37515E-20
 1.07649E+03 1.02453E-18 0.00000E+00 0.00000E+00 2.96401E-19 5.87237E-19 2.55819E-20 2.75094E-20 5.33897E-20
 1.07982E+03 1.01862E-18 0.00000E+00 0.00000E+00 2.96009E-19 5.82744E-19 2.54440E-20 2.73267E-20 5.30300E-20
 1.08650E+03 1.00499E-18 0.00000E+00 0.00000E+00 2.92755E-19 5.74390E-19 2.51700E-20 2.69643E-20 5.23168E-20
 1.10000E+03 9.76910E-19 0.00000E+00 0.00000E+00 2.83929E-19 5.59116E-19 2.46299E-20 2.62518E-20 5.09149E-20
 1.12372E+03 9.30040E-19 0.00000E+00 0.00000E+00 2.70980E-19 5.31812E-19 2.37208E-20 2.50577E-20 4.85668E-20
 1.13577E+03 9.05748E-19 0.00000E+00 0.00000E+00 2.64700E-19 5.16994E-19 2.32777E-20 2.44780E-20 4.74276E-20
 1.14795E+03 8.80865E-19 0.00000E+00 0.00000E+00 2.57935E-19 5.01992E-19 2.28421E-20 2.39098E-20 4.63113E-20
 1.17271E+03 8.32097E-19 0.00000E+00 0.00000E+00 2.43609E-19 4.73560E-19 2.19931E-20 2.28068E-20 4.41456E-20
 1.19800E+03 7.87761E-19 0.00000E+00 0.00000E+00 2.30268E-19 4.48290E-19 2.11730E-20 2.17470E-20 4.20668E-20
 1.19800E+03 9.11354E-19 0.00000E+00 1.23593E-19 2.30268E-19 4.48290E-19 2.11730E-20 2.17470E-20 4.20667E-20
 1.19880E+03 9.08435E-19 0.00000E+00 1.21989E-19 2.29873E-19 4.47543E-19 2.11480E-20 2.17147E-20 4.20034E-20
 1.19959E+03 9.05579E-19 0.00000E+00 1.20446E-19 2.29480E-19 4.46798E-19 2.11229E-20 2.16825E-20 4.19402E-20
 1.20119E+03 9.00252E-19 0.00000E+00 1.17734E-19 2.28696E-19 4.45313E-19 2.10729E-20 2.16181E-20 4.18140E-20
 1.20438E+03 8.90811E-19 0.00000E+00 1.13487E-19 2.27141E-19 4.42362E-19 2.09732E-20 2.14898E-20 4.15625E-20
 1.21079E+03 8.75049E-19 0.00000E+00 1.07987E-19 2.24082E-19 4.36524E-19 2.07752E-20 2.12352E-20 4.10635E-20
 1.21724E+03 8.61912E-19 0.00000E+00 1.04961E-19 2.21087E-19 4.30759E-19 2.05788E-20 2.09832E-20 4.05696E-20
 1.22372E+03 8.50350E-19 0.00000E+00 1.03366E-19 2.18149E-19 4.25062E-19 2.03840E-20 2.07338E-20 4.00809E-20
 1.25000E+03 8.10386E-19 0.00000E+00 1.01960E-19 2.06875E-19 4.02953E-19 1.96210E-20 1.97615E-20 3.81769E-20
 1.26783E+03 7.84851E-19 0.00000E+00 1.01096E-19 1.99680E-19 3.88792E-19 1.91259E-20 1.91353E-20 3.69515E-20
 1.28592E+03 7.59244E-19 0.00000E+00 9.93664E-20 1.92720E-19 3.75085E-19 1.86413E-20 1.85264E-20 3.57608E-20
 1.32288E+03 7.09594E-19 0.00000E+00 9.51411E-20 1.79485E-19 3.49009E-19 1.77043E-20 1.73601E-20 3.34817E-20
 1.40000E+03 6.20070E-19 0.00000E+00 8.77157E-20 1.55580E-19 3.01883E-19 1.59565E-20 1.52231E-20 2.93119E-20
 1.50000E+03 5.25000E-19 0.00000E+00 7.87420E-20 1.30508E-19 2.52506E-19 1.40427E-20 1.29367E-20 2.48589E-20
 1.62019E+03 4.35367E-19 0.00000E+00 6.96723E-20 1.06995E-19 2.06420E-19 1.21497E-20 1.07472E-20 2.06049E-20
 1.75000E+03 3.59889E-19 0.00000E+00 6.14339E-20 8.73058E-20 1.67992E-19 1.04945E-20 8.89818E-21 1.70225E-20
 1.87083E+03 3.04622E-19 0.00000E+00 5.48960E-20 7.30371E-20 1.40188E-19 9.22861E-21 7.53329E-21 1.43837E-20
 2.00000E+03 2.57380E-19 0.00000E+00 4.89546E-20 6.09099E-20 1.16660E-19 8.10538E-21 6.36475E-21 1.21291E-20
 2.20000E+03 2.01831E-19 0.00000E+00 4.13695E-20 4.68301E-20 8.94042E-20 6.71885E-21 4.98171E-21 9.46783E-21
 2.34521E+03 1.71185E-19 0.00000E+00 3.68449E-20 3.91531E-20 7.46137E-20 5.91488E-21 4.21478E-21 7.99546E-21
 2.50000E+03 1.45046E-19 0.00000E+00 3.27558E-20 3.26828E-20 6.21435E-20 5.20135E-21 3.56022E-21 6.74129E-21
 2.73861E+03 1.14298E-19 0.00000E+00 2.75902E-20 2.51741E-20 4.77338E-20 4.31924E-21 2.78781E-21 5.26505E-21
 3.00000E+03 8.98864E-20 0.00000E+00 2.31451E-20 1.93191E-20 3.65303E-20 3.58167E-21 2.17450E-21 4.09575E-21
 3.24037E+03 7.32544E-20 0.00000E+00 1.98863E-20 1.54052E-20 2.90598E-20 3.05035E-21 1.75614E-21 3.30192E-21
 3.50000E+03 5.96322E-20 0.00000E+00 1.70387E-20 1.22557E-20 2.30642E-20 2.59367E-21 1.41581E-21 2.65472E-21
 4.00000E+03 4.16392E-20 0.00000E+00 1.29557E-20 8.20195E-21 1.53714E-20 1.95037E-21 9.67730E-22 1.80732E-21
 4.50000E+03 3.02538E-20 0.00000E+00 1.01111E-20 5.72281E-21 1.06861E-20 1.51032E-21 6.87235E-22 1.27882E-21
 5.00000E+03 2.26895E-20 0.00000E+00 8.06054E-21 4.12935E-21 7.68493E-21 1.19737E-21 5.03324E-22 9.33533E-22
 5.50000E+03 1.74641E-20 0.00000E+00 6.54070E-21 3.06336E-21 5.68350E-21 9.67740E-22 3.78156E-22 6.99254E-22
 6.00000E+03 1.37365E-20 0.00000E+00 5.38818E-21 2.32605E-21 4.30321E-21 7.94843E-22 2.90290E-22 5.35239E-22
 7.00000E+03 8.95448E-21 0.00000E+00 3.79519E-21 1.41912E-21 2.61166E-21 5.57562E-22 1.80285E-22 3.30691E-22
 8.00000E+03 6.16578E-21 0.00000E+00 2.78129E-21 9.19185E-22 1.68375E-21 4.07627E-22 1.18406E-22 2.16168E-22
 9.00000E+03 4.42894E-21 0.00000E+00 2.10316E-21 6.23848E-22 1.13785E-21 3.07768E-22 8.12527E-23 1.47700E-22
 9.66300E+03 3.62434E-21 0.00000E+00 1.77252E-21 4.92718E-22 8.96230E-22 2.59199E-22 6.45699E-23 1.17059E-22
 9.66300E+03 3.07161E-20 2.70918E-20 1.77252E-21 4.92718E-22 8.96229E-22 2.59199E-22 6.45699E-23 1.17059E-22
 9.66818E+03 2.89195E-20 2.53006E-20 1.77023E-21 4.91841E-22 8.94615E-22 2.58863E-22 6.44578E-23 1.16854E-22
 9.67336E+03 2.78634E-20 2.42500E-20 1.76794E-21 4.90965E-22 8.93004E-22 2.58527E-22 6.43459E-23 1.16648E-22
 9.67854E+03 2.72466E-20 2.36387E-20 1.76565E-21 4.90091E-22 8.91395E-22 2.58191E-22 6.42342E-23 1.16444E-22
 9.68373E+03 2.69089E-20 2.33064E-20 1.76336E-21 4.89218E-22 8.89789E-22 2.57855E-22 6.41227E-23 1.16239E-22
 9.68891E+03 2.67518E-20 2.31547E-20 1.76108E-21 4.88347E-22 8.88186E-22 2.57520E-22 6.40114E-23 1.16035E-22
 9.69411E+03 2.67105E-20 2.31188E-20 1.75880E-21 4.87477E-22 8.86586E-22 2.57186E-22 6.39003E-23 1.15831E-22
 9.69930E+03 2.67387E-20 2.31525E-20 1.75653E-21 4.86609E-22 8.84988E-22 2.56852E-22 6.37893E-23 1.15628E-22
 9.70450E+03 2.68043E-20 2.32235E-20 1.75425E-21 4.85742E-22 8.83394E-22 2.56518E-22 6.36786E-23 1.15424E-22
 9.71490E+03 2.69652E-20 2.33953E-20 1.74971E-21 4.84014E-22 8.80214E-22 2.55852E-22 6.34576E-23 1.15019E-22
 9.72531E+03 2.70851E-20 2.35259E-20 1.74518E-21 4.82291E-22 8.77044E-22 2.55187E-22 6.32375E-23 1.14615E-22
 9.73573E+03 2.71308E-20 2.35824E-20 1.74067E-21 4.80574E-22 8.73887E-22 2.54525E-22 6.30180E-23 1.14213E-22
 9.74617E+03 2.71078E-20 2.35701E-20 1.73616E-21 4.78864E-22 8.70740E-22 2.53863E-22 6.27993E-23 1.13812E-22
 9.78802E+03 2.67940E-20 2.32988E-20 1.71825E-21 4.72082E-22 8.58264E-22 2.51235E-22 6.19320E-23 1.12222E-22
 9.80902E+03 2.66516E-20 2.31775E-20 1.70935E-21 4.68726E-22 8.52093E-22 2.49930E-22 6.15027E-23 1.11435E-22
 9.83006E+03 2.65457E-20 2.30925E-20 1.70051E-21 4.65393E-22 8.45965E-22 2.48632E-22 6.10763E-23 1.10653E-22
 9.87227E+03 2.63179E-20 2.29063E-20 1.68294E-21 4.58798E-22 8.33837E-22 2.46056E-22 6.02321E-23 1.09106E-22
 9.91466E+03 2.60139E-20 2.26433E-20 1.66554E-21 4.52293E-22 8.21879E-22 2.43504E-22 5.93991E-23 1.07579E-22
 9.95724E+03 2.57058E-20 2.23758E-20 1.64832E-21 4.45877E-22 8.10086E-22 2.40977E-22 5.85772E-23 1.06073E-22
 1.00000E+04 2.54367E-20 2.21467E-20 1.63126E-21 4.39548E-22 7.98455E-22 2.38475E-22 5.77661E-23 1.04587E-22
 1.01199E+04 2.47185E-20 2.15376E-20 1.58468E-21 4.22397E-22 7.66947E-22 2.31644E-22 5.55665E-23 1.00558E-22
 1.02411E+04 2.39647E-20 2.08892E-20 1.53934E-21 4.05890E-22 7.36637E-22 2.24998E-22 5.34470E-23 9.66772E-23
 1.04881E+04 2.25394E-20 1.96646E-20 1.45231E-21 3.74742E-22 6.79486E-22 2.12244E-22 4.94405E-23 8.93465E-23
 1.10000E+04 1.99301E-20 1.74185E-20 1.29203E-21 3.19311E-22 5.77921E-22 1.88771E-22 4.22858E-23 7.62725E-23
 1.25000E+04 1.42406E-20 1.24947E-20 9.40635E-22 2.07189E-22 3.73037E-22 1.37371E-22 2.76979E-23 4.96967E-23
 1.40000E+04 1.05303E-20 9.26732E-21 7.06785E-22 1.40689E-22 2.52072E-22 1.03213E-22 1.89535E-23 3.38407E-23
 1.50000E+04 8.74740E-21 7.71113E-21 5.92729E-22 1.10963E-22 1.98209E-22 8.65646E-23 1.50160E-23 2.67282E-23
 1.75000E+04 5.74996E-21 5.08516E-21 3.97870E-22 6.50144E-23 1.15307E-22 5.81398E-23 8.88113E-24 1.56938E-23
 1.87083E+04 4.78433E-21 4.23627E-21 3.34016E-22 5.14859E-23 9.10132E-23 4.88264E-23 7.05950E-24 1.24338E-23
 2.00000E+04 3.97644E-21 3.52482E-21 2.80067E-22 4.07328E-23 7.17594E-23 4.09576E-23 5.60523E-24 9.83913E-24
 2.20000E+04 3.04737E-21 2.70508E-21 2.17284E-22 2.91005E-23 5.10159E-23 3.17982E-23 4.02446E-24 7.02896E-24
 2.50000E+04 2.12511E-21 1.88949E-21 1.53960E-22 1.84852E-23 3.21766E-23 2.25548E-23 2.57179E-24 4.46001E-24
 3.00000E+04 1.26264E-21 1.12474E-21 9.34656E-23 9.62638E-24 1.65769E-23 1.37145E-23 1.34955E-24 2.31506E-24
 3.24037E+04 1.01103E-21 9.01214E-22 7.54860E-23 7.29508E-24 1.25017E-23 1.10839E-23 1.02564E-24 1.75086E-24
 3.50000E+04 8.08643E-22 7.21234E-22 6.08800E-23 5.52317E-24 9.41655E-24 8.94542E-24 7.78575E-25 1.32235E-24
 4.00000E+04 5.47646E-22 4.88879E-22 4.17986E-23 3.40478E-24 5.75209E-24 6.14899E-24 4.82027E-25 8.11175E-25
 4.50000E+04 3.87310E-22 3.45970E-22 2.98972E-23 2.21899E-24 3.71663E-24 4.40266E-24 3.15210E-25 5.25885E-25
 5.00000E+04 2.83549E-22 2.53406E-22 2.20971E-23 1.51149E-24 2.51137E-24 3.25693E-24 2.15332E-25 3.56340E-25
 5.50000E+04 2.13535E-22 1.90907E-22 1.67768E-23 1.06759E-24 1.76011E-24 2.47471E-24 1.52434E-25 2.50321E-25
 6.00000E+04 1.64643E-22 1.47238E-22 1.30267E-23 7.76909E-25 1.27176E-24 1.92287E-24 1.11161E-25 1.81222E-25
 7.00000E+04 1.03616E-22 9.27018E-23 8.29337E-24 4.42521E-25 7.14554E-25 1.22563E-24 6.35183E-26 1.02148E-25
 8.00000E+04 6.92283E-23 6.19542E-23 5.59155E-24 2.71917E-25 4.33645E-25 8.27133E-25 3.91276E-26 6.21449E-26
 9.00000E+04 4.84407E-23 4.33594E-23 3.94142E-24 1.77146E-25 2.79332E-25 5.83499E-25 2.55425E-26 4.01064E-26
 1.00000E+05 3.51673E-23 3.14828E-23 2.87886E-24 1.20916E-25 1.88635E-25 4.26479E-25 1.74606E-26 2.71296E-26
 1.10000E+05 2.63111E-23 2.35569E-23 2.16490E-24 8.57005E-26 1.32424E-25 3.20894E-25 1.23932E-26 1.90683E-26
 1.25000E+05 1.78241E-23 1.59601E-23 1.47585E-24 5.41684E-26 8.25783E-26 2.18915E-25 7.84470E-27 1.19107E-26
 1.40000E+05 1.26217E-23 1.13025E-23 1.05040E-24 3.61691E-26 5.44952E-26 1.55899E-25 5.24555E-27 7.87015E-27
 1.50000E+05 1.02323E-23 9.16317E-24 8.54002E-25 2.83389E-26 4.23852E-26 1.26792E-25 4.11234E-27 6.12551E-27
 1.62019E+05 8.08921E-24 7.24418E-24 6.77210E-25 2.15799E-26 3.20123E-26 1.00580E-25 3.13359E-27 4.62999E-27
 1.75000E+05 6.41065E-24 5.74110E-24 5.38186E-25 1.65114E-26 2.43108E-26 7.99581E-26 2.39960E-27 3.51852E-27
 2.00000E+05 4.28574E-24 3.83822E-24 3.61411E-25 1.04111E-26 1.51367E-26 5.37230E-26 1.51495E-27 2.19289E-27
 2.20000E+05 3.22149E-24 2.88512E-24 2.72445E-25 7.52692E-27 1.08491E-26 4.05123E-26 1.09575E-27 1.57283E-27
 2.34521E+05 2.66264E-24 2.38463E-24 2.25586E-25 6.06618E-27 8.69726E-27 3.35517E-26 8.83458E-28 1.26144E-27
 2.50000E+05 2.20425E-24 1.97411E-24 1.87061E-25 4.90148E-27 6.99465E-27 2.78274E-26 7.14240E-28 1.01488E-27
 2.73861E+05 1.68418E-24 1.50834E-24 1.43246E-25 3.62020E-27 5.13485E-27 2.13152E-26 5.27903E-28 7.45406E-28
 2.86633E+05 1.47526E-24 1.32124E-24 1.25604E-25 3.12129E-27 4.41579E-27 1.86923E-26 4.55257E-28 6.41166E-28
 3.00000E+05 1.29440E-24 1.15926E-24 1.10307E-25 2.69788E-27 3.80854E-27 1.64177E-26 3.93569E-28 5.53104E-28
 3.24037E+05 1.03761E-24 9.29287E-25 8.85574E-26 2.10826E-27 2.96733E-27 1.31829E-26 3.07657E-28 4.31075E-28
 3.50000E+05 8.34025E-25 7.46959E-25 7.12795E-26 1.65299E-27 2.32218E-27 1.06127E-26 2.41309E-28 3.37442E-28
 3.74166E+05 6.91705E-25 6.19501E-25 5.91799E-26 1.34267E-27 1.88469E-27 8.81233E-27 1.96053E-28 2.73913E-28
 4.00000E+05 5.75500E-25 5.15431E-25 4.92848E-26 1.09515E-27 1.53730E-27 7.33973E-27 1.59936E-28 2.23461E-28
 4.24264E+05 4.90201E-25 4.39041E-25 4.20122E-26 9.16744E-28 1.28789E-27 6.25723E-27 1.33907E-28 1.87254E-28
 4.50000E+05 4.18524E-25 3.74850E-25 3.58939E-26 7.69333E-28 1.08258E-27 5.34643E-27 1.12400E-28 1.57446E-28
 4.74342E+05 3.63984E-25 3.26006E-25 3.12337E-26 6.58964E-28 9.29418E-28 4.65260E-27 9.62896E-29 1.35178E-28
 5.00000E+05 3.17226E-25 2.84132E-25 2.72348E-26 5.65795E-28 8.00386E-28 4.05716E-27 8.26861E-29 1.16410E-28
 5.24404E+05 2.80564E-25 2.51300E-25 2.40970E-26 4.93734E-28 7.00558E-28 3.58990E-27 7.21687E-29 1.01911E-28
 5.50000E+05 2.48590E-25 2.22665E-25 2.13585E-26 4.31692E-28 6.14628E-28 3.18205E-27 6.31115E-29 8.94351E-29
 5.74456E+05 2.22921E-25 1.99677E-25 1.91587E-26 3.82477E-28 5.46596E-28 2.85442E-27 5.59169E-29 7.95365E-29
 6.00000E+05 2.00191E-25 1.79321E-25 1.72096E-26 3.39378E-28 4.87080E-28 2.56411E-27 4.96110E-29 7.08649E-29
 6.23574E+05 1.82169E-25 1.63181E-25 1.56635E-26 3.05533E-28 4.40293E-28 2.33381E-27 4.46615E-29 6.40539E-29
 6.48074E+05 1.65979E-25 1.48682E-25 1.42741E-26 2.75415E-28 3.98592E-28 2.12683E-27 4.02604E-29 5.79910E-29
 6.73537E+05 1.51479E-25 1.35696E-25 1.30292E-26 2.48708E-28 3.61562E-28 1.94136E-27 3.63606E-29 5.26121E-29
 7.00000E+05 1.38454E-25 1.24031E-25 1.19104E-26 2.24944E-28 3.28583E-28 1.77469E-27 3.28920E-29 4.78220E-29
 7.48331E+05 1.18734E-25 1.06371E-25 1.02159E-26 1.89358E-28 2.79173E-28 1.52223E-27 2.76976E-29 4.06356E-29
 8.00000E+05 1.02205E-25 9.15670E-26 8.79482E-27 1.60008E-28 2.38296E-28 1.31049E-27 2.34097E-29 3.46832E-29
 8.48528E+05 8.98092E-26 8.04651E-26 7.72871E-27 1.38375E-28 2.07945E-28 1.15164E-27 2.02438E-29 3.02672E-29
 9.00000E+05 7.91647E-26 7.09314E-26 6.81292E-27 1.20078E-28 1.82117E-28 1.01518E-27 1.75645E-29 2.65107E-29
 9.48683E+05 7.08753E-26 6.35068E-26 6.09954E-27 1.05974E-28 1.62173E-28 9.08875E-28 1.55026E-29 2.36065E-29
 1.00000E+06 6.36012E-26 5.69916E-26 5.47342E-27 9.37334E-29 1.44796E-28 8.15576E-28 1.37152E-29 2.10756E-29
 1.04881E+06 5.77724E-26 5.17706E-26 4.97166E-27 8.40603E-29 1.30941E-28 7.40802E-28 1.23017E-29 1.90615E-29
 1.10000E+06 5.25725E-26 4.71128E-26 4.52400E-27 7.55483E-29 1.18648E-28 6.74088E-28 1.10564E-29 1.72755E-29
 1.17260E+06 4.64422E-26 4.16214E-26 3.99618E-27 6.56522E-29 1.04273E-28 5.95431E-28 9.60697E-30 1.51816E-29
 1.25000E+06 4.11634E-26 3.68925E-26 3.54161E-27 5.72587E-29 9.19928E-29 5.27693E-28 8.37781E-30 1.33902E-29
 1.32288E+06 3.70703E-26 3.32257E-26 3.18916E-27 5.08274E-29 8.25039E-29 4.75170E-28 7.43823E-30 1.20094E-29
 1.40000E+06 3.34608E-26 2.99919E-26 2.87835E-27 4.52359E-29 7.41689E-29 4.28854E-28 6.62182E-30 1.07986E-29
 1.50000E+06 2.96195E-26 2.65503E-26 2.54761E-27 3.94072E-29 6.53642E-29 3.79565E-28 5.76809E-30 9.51721E-30
 1.62019E+06 2.59310E-26 2.32454E-26 2.22998E-27 3.39159E-29 5.69733E-29 3.32232E-28 4.96329E-30 8.29457E-30
 1.75000E+06 2.27946E-26 2.04350E-26 1.95996E-27 2.93114E-29 4.98767E-29 2.91998E-28 4.28957E-30 7.26079E-30
 1.87083E+06 2.04334E-26 1.83190E-26 1.75681E-27 2.58714E-29 4.45419E-29 2.61729E-28 3.78744E-30 6.48500E-30
 2.00000E+06 1.83633E-26 1.64640E-26 1.57851E-27 2.29748E-29 3.99060E-29 2.35157E-28 3.36473E-30 5.81112E-30
 2.09762E+06 1.70434E-26 1.52814E-26 1.46441E-27 2.12744E-29 3.70043E-29 2.18147E-28 3.11575E-30 5.38849E-30
 2.20000E+06 1.58384E-26 1.42020E-26 1.36008E-27 1.97954E-29 3.43835E-29 2.02589E-28 2.89872E-30 5.00629E-30
 2.34521E+06 1.43761E-26 1.28917E-26 1.23365E-27 1.79744E-29 3.11951E-29 1.83739E-28 2.63171E-30 4.54156E-30
 2.50000E+06 1.30716E-26 1.17227E-26 1.12108E-27 1.63164E-29 2.83405E-29 1.66959E-28 2.38890E-30 4.12578E-30
 2.73861E+06 1.14414E-26 1.02617E-26 9.80476E-28 1.42597E-29 2.47814E-29 1.46004E-28 2.08762E-30 3.60735E-30
 3.00000E+06 1.00522E-26 9.01658E-27 8.60741E-28 1.25271E-29 2.17586E-29 1.28160E-28 1.83373E-30 3.16697E-30
 3.24037E+06 9.02732E-27 8.09789E-27 7.72506E-28 1.12456E-29 1.95291E-29 1.15012E-28 1.64599E-30 2.84223E-30
 3.50000E+06 8.12232E-27 7.28655E-27 6.94671E-28 1.01100E-29 1.75601E-29 1.03416E-28 1.47968E-30 2.55551E-30
 3.74166E+06 7.42208E-27 6.65873E-27 6.34487E-28 9.23328E-30 1.60383E-29 9.44505E-29 1.35130E-30 2.33391E-30
 4.00000E+06 6.79150E-27 6.09332E-27 5.80323E-28 8.44566E-30 1.46693E-29 8.63822E-29 1.23595E-30 2.13457E-30
 4.50000E+06 5.82257E-27 5.22443E-27 4.97171E-28 7.23543E-30 1.25673E-29 7.39976E-29 1.05875E-30 1.82853E-30
 5.00000E+06 5.08784E-27 4.56549E-27 4.34181E-28 6.31866E-30 1.09749E-29 6.46170E-29 9.24533E-31 1.59672E-30
 5.50000E+06 4.51282E-27 4.04974E-27 3.84924E-28 5.60178E-30 9.72972E-30 5.72826E-29 8.19590E-31 1.41548E-30
 6.00000E+06 4.05131E-27 3.63575E-27 3.45418E-28 5.02682E-30 8.73106E-30 5.14006E-29 7.35430E-31 1.27013E-30
 6.48074E+06 3.68608E-27 3.30812E-27 3.14173E-28 4.57209E-30 7.94122E-30 4.67489E-29 6.68873E-31 1.15518E-30
 7.00000E+06 3.35803E-27 3.01382E-27 2.86124E-28 4.16387E-30 7.23219E-30 4.25734E-29 6.09129E-31 1.05200E-30
 8.00000E+06 2.86338E-27 2.57002E-27 2.43857E-28 3.54875E-30 6.16378E-30 3.62819E-29 5.19111E-31 8.96536E-31
 9.00000E+06 2.49351E-27 2.23814E-27 2.12275E-28 3.08912E-30 5.36546E-30 3.15813E-29 4.51856E-31 7.80382E-31
 1.00000E+07 2.20691E-27 1.98096E-27 1.87818E-28 2.73320E-30 4.74725E-30 2.79415E-29 3.99778E-31 6.90440E-31
 1.10000E+07 1.97854E-27 1.77603E-27 1.68340E-28 2.44974E-30 4.25491E-30 2.50429E-29 3.58305E-31 6.18814E-31
 1.25000E+07 1.71178E-27 1.53663E-27 1.45598E-28 2.11878E-30 3.68007E-30 2.16588E-29 3.09886E-31 5.35191E-31
 1.40000E+07 1.50774E-27 1.35350E-27 1.28212E-28 1.86576E-30 3.24061E-30 1.90718E-29 2.72872E-31 4.71266E-31
 1.50000E+07 1.39650E-27 1.25366E-27 1.18736E-28 1.72787E-30 3.00110E-30 1.76620E-29 2.52701E-31 4.36429E-31
 1.75000E+07 1.17857E-27 1.05805E-27 1.00179E-28 1.45782E-30 2.53205E-30 1.49011E-29 2.13198E-31 3.68205E-31
 2.00000E+07 1.01910E-27 9.14914E-28 8.66063E-29 1.26030E-30 2.18898E-30 1.28818E-29 1.84307E-31 3.18309E-31
 2.20000E+07 9.19402E-28 8.25423E-28 7.81235E-29 1.13685E-30 1.97458E-30 1.16199E-29 1.66252E-31 2.87126E-31
 2.50000E+07 8.01604E-28 7.19679E-28 6.81032E-29 9.91035E-31 1.72130E-30 1.01293E-29 1.44924E-31 2.50293E-31
 3.00000E+07 6.60362E-28 5.92885E-28 5.60924E-29 8.16253E-31 1.41773E-30 8.34262E-30 1.19362E-31 2.06145E-31
 3.50000E+07 5.61323E-28 5.03975E-28 4.76732E-29 6.93735E-31 1.20493E-30 7.09030E-30 1.01444E-31 1.75200E-31
 4.00000E+07 4.88061E-28 4.38203E-28 4.14467E-29 6.03126E-31 1.04755E-30 6.16415E-30 8.81935E-32 1.52315E-31
 4.50000E+07 4.31684E-28 3.87588E-28 3.66560E-29 5.33413E-31 9.26470E-31 5.45160E-30 7.79987E-32 1.34708E-31
 5.00000E+07 3.86964E-28 3.47440E-28 3.28566E-29 4.78123E-31 8.30439E-31 4.88649E-30 6.99133E-32 1.20744E-31
 5.50000E+07 3.50630E-28 3.14818E-28 2.97698E-29 4.33205E-31 7.52421E-31 4.42739E-30 6.33448E-32 1.09400E-31
 6.00000E+07 3.20525E-28 2.87790E-28 2.72127E-29 3.95993E-31 6.87789E-31 4.04706E-30 5.79032E-32 1.00002E-31
 7.00000E+07 2.73541E-28 2.45606E-28 2.32220E-29 3.37922E-31 5.86927E-31 3.45354E-30 4.94114E-32 8.53363E-32
 8.00000E+07 2.38562E-28 2.14201E-28 2.02514E-29 2.94694E-31 5.11846E-31 3.01174E-30 4.30903E-32 7.44194E-32
 9.00000E+07 2.11510E-28 1.89912E-28 1.79543E-29 2.61266E-31 4.53785E-31 2.67009E-30 3.82022E-32 6.59775E-32
 1.00000E+08 1.89966E-28 1.70569E-28 1.61249E-29 2.34646E-31 4.07550E-31 2.39803E-30 3.43097E-32 5.92548E-32
 1.10000E+08 1.72404E-28 1.54800E-28 1.46338E-29 2.12947E-31 3.69861E-31 2.17626E-30 3.11368E-32 5.37750E-32
 1.25000E+08 1.51405E-28 1.35946E-28 1.28510E-29 1.87005E-31 3.24802E-31 1.91113E-30 2.73434E-32 4.72236E-32
 1.40000E+08 1.34966E-28 1.21186E-28 1.14553E-29 1.66695E-31 2.89528E-31 1.70357E-30 2.43737E-32 4.20948E-32
 1.50000E+08 1.25855E-28 1.13005E-28 1.06819E-29 1.55440E-31 2.69980E-31 1.58855E-30 2.27280E-32 3.92526E-32
 1.75000E+08 1.07682E-28 9.66880E-29 9.13921E-30 1.32991E-31 2.30988E-31 1.35912E-30 1.94455E-32 3.35835E-32
 2.00000E+08 9.40941E-29 8.44877E-29 7.98582E-30 1.16207E-31 2.01837E-31 1.18759E-30 1.69914E-32 2.93451E-32
 2.20000E+08 8.54663E-29 7.67409E-29 7.25347E-30 1.05550E-31 1.83327E-31 1.07868E-30 1.54331E-32 2.66539E-32
 2.50000E+08 7.51323E-29 6.74620E-29 6.37632E-30 9.27864E-32 1.61158E-31 9.48236E-31 1.35668E-32 2.34307E-32
 3.00000E+08 6.25307E-29 5.61470E-29 5.30674E-30 7.72221E-32 1.34125E-31 7.89174E-31 1.12911E-32 1.95003E-32
 3.50000E+08 5.35489E-29 4.80823E-29 4.54443E-30 6.61292E-32 1.14858E-31 6.75808E-31 9.66908E-33 1.66991E-32
 4.00000E+08 4.68233E-29 4.20433E-29 3.97361E-30 5.78228E-32 1.00431E-31 5.90920E-31 8.45455E-33 1.46015E-32
 4.50000E+08 4.15985E-29 3.73519E-29 3.53019E-30 5.13702E-32 8.92234E-32 5.24978E-31 7.51108E-33 1.29721E-32
 5.00000E+08 3.74227E-29 3.36024E-29 3.17579E-30 4.62132E-32 8.02662E-32 4.72275E-31 6.75704E-33 1.16698E-32
 5.50000E+08 3.40087E-29 3.05370E-29 2.88606E-30 4.19971E-32 7.29434E-32 4.29188E-31 6.14058E-33 1.06051E-32
 6.00000E+08 3.11656E-29 2.79841E-29 2.64477E-30 3.84859E-32 6.68450E-32 3.93306E-31 5.62719E-33 9.71848E-33
 7.00000E+08 2.67011E-29 2.39754E-29 2.26589E-30 3.29726E-32 5.72690E-32 3.36962E-31 4.82106E-33 8.32624E-33
 8.00000E+08 2.33554E-29 2.09713E-29 1.98196E-30 2.88409E-32 5.00929E-32 2.94738E-31 4.21695E-33 7.28291E-33
 9.00000E+08 2.07548E-29 1.86361E-29 1.76127E-30 2.56294E-32 4.45149E-32 2.61918E-31 3.74738E-33 6.47193E-33
 9.48683E+08 1.97042E-29 1.76928E-29 1.67211E-30 2.43319E-32 4.22614E-32 2.48659E-31 3.55767E-33 6.14430E-33
 1.00000E+09 1.86753E-29 1.67689E-29 1.58479E-30 2.30614E-32 4.00547E-32 2.35675E-31 3.37190E-33 5.82347E-33
