 *** Photoelectric cross sections,  IZ = 83,  NSHELL = 16,  NDATA =  450
              0           1           2           3           4           5           6           7           8           9          10          11          12          13          14          15          16
 5.00000E+01 5.56131E-17 0.00000E+00 0.00000E+00 0.00000E+00 0.00000E+00 0.00000E+00 0.00000E+00 0.00000E+00 0.00000E+00 0.00000E+00 0.00000E+00 0.00000E+00 0.00000E+00 0.00000E+00 0.00000E+00 0.00000E+00 0.00000E+00
 5.05993E+01 5.49743E-17 0.00000E+00 0.00000E+00 0.00000E+00 0.00000E+00 0.00000E+00 0.00000E+00 0.00000E+00 0.00000E+00 0.00000E+00 0.00000E+00 0.00000E+00 0.00000E+00 0.00000E+00 0.00000E+00 0.00000E+00 0.00000E+00
 5.12057E+01 5.40844E-17 0.00000E+00 0.00000E+00 0.00000E+00 0.00000E+00 0.00000E+00 0.00000E+00 0.00000E+00 0.00000E+00 0.00000E+00 0.00000E+00 0.00000E+00 0.00000E+00 0.00000E+00 0.00000E+00 0.00000E+00 0.00000E+00
 5.18194E+01 5.29880E-17 0.00000E+00 0.00000E+00 0.00000E+00 0.00000E+00 0.00000E+00 0.00000E+00 0.00000E+00 0.00000E+00 0.00000E+00 0.00000E+00 0.00000E+00 0.00000E+00 0.00000E+00 0.00000E+00 0.00000E+00 0.00000E+00
 5.24404E+01 5.17280E-17 0.00000E+00 0.00000E+00 0.00000E+00 0.00000E+00 0.00000E+00 0.00000E+00 0.00000E+00 0.00000E+00 0.00000E+00 0.00000E+00 0.00000E+00 0.00000E+00 0.00000E+00 0.00000E+00 0.00000E+00 0.00000E+00
 5.30689E+01 5.03440E-17 0.00000E+00 0.00000E+00 0.00000E+00 0.00000E+00 0.00000E+00 0.00000E+00 0.00000E+00 0.00000E+00 0.00000E+00 0.00000E+00 0.00000E+00 0.00000E+00 0.00000E+00 0.00000E+00 0.00000E+00 0.00000E+00
 5.37050E+01 4.88707E-17 0.00000E+00 0.00000E+00 0.00000E+00 0.00000E+00 0.00000E+00 0.00000E+00 0.00000E+00 0.00000E+00 0.00000E+00 0.00000E+00 0.00000E+00 0.00000E+00 0.00000E+00 0.00000E+00 0.00000E+00 0.00000E+00
 5.43486E+01 4.73384E-17 0.00000E+00 0.00000E+00 0.00000E+00 0.00000E+00 0.00000E+00 0.00000E+00 0.00000E+00 0.00000E+00 0.00000E+00 0.00000E+00 0.00000E+00 0.00000E+00 0.00000E+00 0.00000E+00 0.00000E+00 0.00000E+00
 5.50000E+01 4.57718E-17 0.00000E+00 0.00000E+00 0.00000E+00 0.00000E+00 0.00000E+00 0.00000E+00 0.00000E+00 0.00000E+00 0.00000E+00 0.00000E+00 0.00000E+00 0.00000E+00 0.00000E+00 0.00000E+00 0.00000E+00 0.00000E+00
 5.62095E+01 4.28872E-17 0.00000E+00 0.00000E+00 0.00000E+00 0.00000E+00 0.00000E+00 0.00000E+00 0.00000E+00 0.00000E+00 0.00000E+00 0.00000E+00 0.00000E+00 0.00000E+00 0.00000E+00 0.00000E+00 0.00000E+00 0.00000E+00
 5.74456E+01 4.00428E-17 0.00000E+00 0.00000E+00 0.00000E+00 0.00000E+00 0.00000E+00 0.00000E+00 0.00000E+00 0.00000E+00 0.00000E+00 0.00000E+00 0.00000E+00 0.00000E+00 0.00000E+00 0.00000E+00 0.00000E+00 0.00000E+00
 5.87089E+01 3.72919E-17 0.00000E+00 0.00000E+00 0.00000E+00 0.00000E+00 0.00000E+00 0.00000E+00 0.00000E+00 0.00000E+00 0.00000E+00 0.00000E+00 0.00000E+00 0.00000E+00 0.00000E+00 0.00000E+00 0.00000E+00 0.00000E+00
 6.00000E+01 3.46639E-17 0.00000E+00 0.00000E+00 0.00000E+00 0.00000E+00 0.00000E+00 0.00000E+00 0.00000E+00 0.00000E+00 0.00000E+00 0.00000E+00 0.00000E+00 0.00000E+00 0.00000E+00 0.00000E+00 0.00000E+00 0.00000E+00
 6.23574E+01 3.03432E-17 0.00000E+00 0.00000E+00 0.00000E+00 0.00000E+00 0.00000E+00 0.00000E+00 0.00000E+00 0.00000E+00 0.00000E+00 0.00000E+00 0.00000E+00 0.00000E+00 0.00000E+00 0.00000E+00 0.00000E+00 0.00000E+00
 6.48074E+01 2.64517E-17 0.00000E+00 0.00000E+00 0.00000E+00 0.00000E+00 0.00000E+00 0.00000E+00 0.00000E+00 0.00000E+00 0.00000E+00 0.00000E+00 0.00000E+00 0.00000E+00 0.00000E+00 0.00000E+00 0.00000E+00 0.00000E+00
 6.73537E+01 2.29633E-17 0.00000E+00 0.00000E+00 0.00000E+00 0.00000E+00 0.00000E+00 0.00000E+00 0.00000E+00 0.00000E+00 0.00000E+00 0.00000E+00 0.00000E+00 0.00000E+00 0.00000E+00 0.00000E+00 0.00000E+00 0.00000E+00
 7.00000E+01 1.98463E-17 0.00000E+00 0.00000E+00 0.00000E+00 0.00000E+00 0.00000E+00 0.00000E+00 0.00000E+00 0.00000E+00 0.00000E+00 0.00000E+00 0.00000E+00 0.00000E+00 0.00000E+00 0.00000E+00 0.00000E+00 0.00000E+00
 7.23762E+01 1.74243E-17 0.00000E+00 0.00000E+00 0.00000E+00 0.00000E+00 0.00000E+00 0.00000E+00 0.00000E+00 0.00000E+00 0.00000E+00 0.00000E+00 0.00000E+00 0.00000E+00 0.00000E+00 0.00000E+00 0.00000E+00 0.00000E+00
 7.48331E+01 1.52453E-17 0.00000E+00 0.00000E+00 0.00000E+00 0.00000E+00 0.00000E+00 0.00000E+00 0.00000E+00 0.00000E+00 0.00000E+00 0.00000E+00 0.00000E+00 0.00000E+00 0.00000E+00 0.00000E+00 0.00000E+00 0.00000E+00
 7.73735E+01 1.32953E-17 0.00000E+00 0.00000E+00 0.00000E+00 0.00000E+00 0.00000E+00 0.00000E+00 0.00000E+00 0.00000E+00 0.00000E+00 0.00000E+00 0.00000E+00 0.00000E+00 0.00000E+00 0.00000E+00 0.00000E+00 0.00000E+00
 8.00000E+01 1.15605E-17 0.00000E+00 0.00000E+00 0.00000E+00 0.00000E+00 0.00000E+00 0.00000E+00 0.00000E+00 0.00000E+00 0.00000E+00 0.00000E+00 0.00000E+00 0.00000E+00 0.00000E+00 0.00000E+00 0.00000E+00 0.00000E+00
 8.48528E+01 8.97862E-18 0.00000E+00 0.00000E+00 0.00000E+00 0.00000E+00 0.00000E+00 0.00000E+00 0.00000E+00 0.00000E+00 0.00000E+00 0.00000E+00 0.00000E+00 0.00000E+00 0.00000E+00 0.00000E+00 0.00000E+00 0.00000E+00
 9.00000E+01 6.93852E-18 0.00000E+00 0.00000E+00 0.00000E+00 0.00000E+00 0.00000E+00 0.00000E+00 0.00000E+00 0.00000E+00 0.00000E+00 0.00000E+00 0.00000E+00 0.00000E+00 0.00000E+00 0.00000E+00 0.00000E+00 0.00000E+00
 1.00000E+02 4.34094E-18 0.00000E+00 0.00000E+00 0.00000E+00 0.00000E+00 0.00000E+00 0.00000E+00 0.00000E+00 0.00000E+00 0.00000E+00 0.00000E+00 0.00000E+00 0.00000E+00 0.00000E+00 0.00000E+00 0.00000E+00 0.00000E+00
 1.01000E+02 4.15150E-18 0.00000E+00 0.00000E+00 0.00000E+00 0.00000E+00 0.00000E+00 0.00000E+00 0.00000E+00 0.00000E+00 0.00000E+00 0.00000E+00 0.00000E+00 0.00000E+00 0.00000E+00 0.00000E+00 0.00000E+00 0.00000E+00
 1.01000E+02 5.08663E-18 0.00000E+00 0.00000E+00 0.00000E+00 0.00000E+00 0.00000E+00 0.00000E+00 0.00000E+00 0.00000E+00 0.00000E+00 0.00000E+00 0.00000E+00 0.00000E+00 0.00000E+00 0.00000E+00 0.00000E+00 0.00000E+00
 1.01067E+02 5.07696E-18 0.00000E+00 0.00000E+00 0.00000E+00 0.00000E+00 0.00000E+00 0.00000E+00 0.00000E+00 0.00000E+00 0.00000E+00 0.00000E+00 0.00000E+00 0.00000E+00 0.00000E+00 0.00000E+00 0.00000E+00 0.00000E+00
 1.01135E+02 5.06731E-18 0.00000E+00 0.00000E+00 0.00000E+00 0.00000E+00 0.00000E+00 0.00000E+00 0.00000E+00 0.00000E+00 0.00000E+00 0.00000E+00 0.00000E+00 0.00000E+00 0.00000E+00 0.00000E+00 0.00000E+00 0.00000E+00
 1.01270E+02 5.04803E-18 0.00000E+00 0.00000E+00 0.00000E+00 0.00000E+00 0.00000E+00 0.00000E+00 0.00000E+00 0.00000E+00 0.00000E+00 0.00000E+00 0.00000E+00 0.00000E+00 0.00000E+00 0.00000E+00 0.00000E+00 0.00000E+00
 1.01540E+02 5.00918E-18 0.00000E+00 0.00000E+00 0.00000E+00 0.00000E+00 0.00000E+00 0.00000E+00 0.00000E+00 0.00000E+00 0.00000E+00 0.00000E+00 0.00000E+00 0.00000E+00 0.00000E+00 0.00000E+00 0.00000E+00 0.00000E+00
 1.02083E+02 4.92983E-18 0.00000E+00 0.00000E+00 0.00000E+00 0.00000E+00 0.00000E+00 0.00000E+00 0.00000E+00 0.00000E+00 0.00000E+00 0.00000E+00 0.00000E+00 0.00000E+00 0.00000E+00 0.00000E+00 0.00000E+00 0.00000E+00
 1.03178E+02 4.76598E-18 0.00000E+00 0.00000E+00 0.00000E+00 0.00000E+00 0.00000E+00 0.00000E+00 0.00000E+00 0.00000E+00 0.00000E+00 0.00000E+00 0.00000E+00 0.00000E+00 0.00000E+00 0.00000E+00 0.00000E+00 0.00000E+00
 1.04285E+02 4.59687E-18 0.00000E+00 0.00000E+00 0.00000E+00 0.00000E+00 0.00000E+00 0.00000E+00 0.00000E+00 0.00000E+00 0.00000E+00 0.00000E+00 0.00000E+00 0.00000E+00 0.00000E+00 0.00000E+00 0.00000E+00 0.00000E+00
 1.05404E+02 4.42487E-18 0.00000E+00 0.00000E+00 0.00000E+00 0.00000E+00 0.00000E+00 0.00000E+00 0.00000E+00 0.00000E+00 0.00000E+00 0.00000E+00 0.00000E+00 0.00000E+00 0.00000E+00 0.00000E+00 0.00000E+00 0.00000E+00
 1.07677E+02 4.08106E-18 0.00000E+00 0.00000E+00 0.00000E+00 0.00000E+00 0.00000E+00 0.00000E+00 0.00000E+00 0.00000E+00 0.00000E+00 0.00000E+00 0.00000E+00 0.00000E+00 0.00000E+00 0.00000E+00 0.00000E+00 0.00000E+00
 1.10000E+02 3.74819E-18 0.00000E+00 0.00000E+00 0.00000E+00 0.00000E+00 0.00000E+00 0.00000E+00 0.00000E+00 0.00000E+00 0.00000E+00 0.00000E+00 0.00000E+00 0.00000E+00 0.00000E+00 0.00000E+00 0.00000E+00 0.00000E+00
 1.13572E+02 3.28479E-18 0.00000E+00 0.00000E+00 0.00000E+00 0.00000E+00 0.00000E+00 0.00000E+00 0.00000E+00 0.00000E+00 0.00000E+00 0.00000E+00 0.00000E+00 0.00000E+00 0.00000E+00 0.00000E+00 0.00000E+00 0.00000E+00
 1.17260E+02 2.87157E-18 0.00000E+00 0.00000E+00 0.00000E+00 0.00000E+00 0.00000E+00 0.00000E+00 0.00000E+00 0.00000E+00 0.00000E+00 0.00000E+00 0.00000E+00 0.00000E+00 0.00000E+00 0.00000E+00 0.00000E+00 0.00000E+00
 1.25000E+02 2.19184E-18 0.00000E+00 0.00000E+00 0.00000E+00 0.00000E+00 0.00000E+00 0.00000E+00 0.00000E+00 0.00000E+00 0.00000E+00 0.00000E+00 0.00000E+00 0.00000E+00 0.00000E+00 0.00000E+00 0.00000E+00 0.00000E+00
 1.25000E+02 2.61199E-18 0.00000E+00 0.00000E+00 0.00000E+00 0.00000E+00 0.00000E+00 0.00000E+00 0.00000E+00 0.00000E+00 0.00000E+00 0.00000E+00 0.00000E+00 0.00000E+00 0.00000E+00 0.00000E+00 0.00000E+00 0.00000E+00
 1.25111E+02 2.60922E-18 0.00000E+00 0.00000E+00 0.00000E+00 0.00000E+00 0.00000E+00 0.00000E+00 0.00000E+00 0.00000E+00 0.00000E+00 0.00000E+00 0.00000E+00 0.00000E+00 0.00000E+00 0.00000E+00 0.00000E+00 0.00000E+00
 1.25222E+02 2.60643E-18 0.00000E+00 0.00000E+00 0.00000E+00 0.00000E+00 0.00000E+00 0.00000E+00 0.00000E+00 0.00000E+00 0.00000E+00 0.00000E+00 0.00000E+00 0.00000E+00 0.00000E+00 0.00000E+00 0.00000E+00 0.00000E+00
 1.25443E+02 2.60057E-18 0.00000E+00 0.00000E+00 0.00000E+00 0.00000E+00 0.00000E+00 0.00000E+00 0.00000E+00 0.00000E+00 0.00000E+00 0.00000E+00 0.00000E+00 0.00000E+00 0.00000E+00 0.00000E+00 0.00000E+00 0.00000E+00
 1.25889E+02 2.58739E-18 0.00000E+00 0.00000E+00 0.00000E+00 0.00000E+00 0.00000E+00 0.00000E+00 0.00000E+00 0.00000E+00 0.00000E+00 0.00000E+00 0.00000E+00 0.00000E+00 0.00000E+00 0.00000E+00 0.00000E+00 0.00000E+00
 1.26783E+02 2.55539E-18 0.00000E+00 0.00000E+00 0.00000E+00 0.00000E+00 0.00000E+00 0.00000E+00 0.00000E+00 0.00000E+00 0.00000E+00 0.00000E+00 0.00000E+00 0.00000E+00 0.00000E+00 0.00000E+00 0.00000E+00 0.00000E+00
 1.27685E+02 2.51632E-18 0.00000E+00 0.00000E+00 0.00000E+00 0.00000E+00 0.00000E+00 0.00000E+00 0.00000E+00 0.00000E+00 0.00000E+00 0.00000E+00 0.00000E+00 0.00000E+00 0.00000E+00 0.00000E+00 0.00000E+00 0.00000E+00
 1.28592E+02 2.47120E-18 0.00000E+00 0.00000E+00 0.00000E+00 0.00000E+00 0.00000E+00 0.00000E+00 0.00000E+00 0.00000E+00 0.00000E+00 0.00000E+00 0.00000E+00 0.00000E+00 0.00000E+00 0.00000E+00 0.00000E+00 0.00000E+00
 1.29506E+02 2.42126E-18 0.00000E+00 0.00000E+00 0.00000E+00 0.00000E+00 0.00000E+00 0.00000E+00 0.00000E+00 0.00000E+00 0.00000E+00 0.00000E+00 0.00000E+00 0.00000E+00 0.00000E+00 0.00000E+00 0.00000E+00 0.00000E+00
 1.30427E+02 2.36775E-18 0.00000E+00 0.00000E+00 0.00000E+00 0.00000E+00 0.00000E+00 0.00000E+00 0.00000E+00 0.00000E+00 0.00000E+00 0.00000E+00 0.00000E+00 0.00000E+00 0.00000E+00 0.00000E+00 0.00000E+00 0.00000E+00
 1.32288E+02 2.25444E-18 0.00000E+00 0.00000E+00 0.00000E+00 0.00000E+00 0.00000E+00 0.00000E+00 0.00000E+00 0.00000E+00 0.00000E+00 0.00000E+00 0.00000E+00 0.00000E+00 0.00000E+00 0.00000E+00 0.00000E+00 0.00000E+00
 1.34175E+02 2.13836E-18 0.00000E+00 0.00000E+00 0.00000E+00 0.00000E+00 0.00000E+00 0.00000E+00 0.00000E+00 0.00000E+00 0.00000E+00 0.00000E+00 0.00000E+00 0.00000E+00 0.00000E+00 0.00000E+00 0.00000E+00 0.00000E+00
 1.36089E+02 2.02399E-18 0.00000E+00 0.00000E+00 0.00000E+00 0.00000E+00 0.00000E+00 0.00000E+00 0.00000E+00 0.00000E+00 0.00000E+00 0.00000E+00 0.00000E+00 0.00000E+00 0.00000E+00 0.00000E+00 0.00000E+00 0.00000E+00
 1.40000E+02 1.80880E-18 0.00000E+00 0.00000E+00 0.00000E+00 0.00000E+00 0.00000E+00 0.00000E+00 0.00000E+00 0.00000E+00 0.00000E+00 0.00000E+00 0.00000E+00 0.00000E+00 0.00000E+00 0.00000E+00 0.00000E+00 0.00000E+00
 1.44914E+02 1.57733E-18 0.00000E+00 0.00000E+00 0.00000E+00 0.00000E+00 0.00000E+00 0.00000E+00 0.00000E+00 0.00000E+00 0.00000E+00 0.00000E+00 0.00000E+00 0.00000E+00 0.00000E+00 0.00000E+00 0.00000E+00 0.00000E+00
 1.50000E+02 1.37968E-18 0.00000E+00 0.00000E+00 0.00000E+00 0.00000E+00 0.00000E+00 0.00000E+00 0.00000E+00 0.00000E+00 0.00000E+00 0.00000E+00 0.00000E+00 0.00000E+00 0.00000E+00 0.00000E+00 0.00000E+00 0.00000E+00
 1.53617E+02 1.26106E-18 0.00000E+00 0.00000E+00 0.00000E+00 0.00000E+00 0.00000E+00 0.00000E+00 0.00000E+00 0.00000E+00 0.00000E+00 0.00000E+00 0.00000E+00 0.00000E+00 0.00000E+00 0.00000E+00 0.00000E+00 0.00000E+00
 1.57321E+02 1.15550E-18 0.00000E+00 0.00000E+00 0.00000E+00 0.00000E+00 0.00000E+00 0.00000E+00 0.00000E+00 0.00000E+00 0.00000E+00 0.00000E+00 0.00000E+00 0.00000E+00 0.00000E+00 0.00000E+00 0.00000E+00 0.00000E+00
 1.61115E+02 1.06162E-18 0.00000E+00 0.00000E+00 0.00000E+00 0.00000E+00 0.00000E+00 0.00000E+00 0.00000E+00 0.00000E+00 0.00000E+00 0.00000E+00 0.00000E+00 0.00000E+00 0.00000E+00 0.00000E+00 0.00000E+00 0.00000E+00
 1.65000E+02 9.77983E-19 0.00000E+00 0.00000E+00 0.00000E+00 0.00000E+00 0.00000E+00 0.00000E+00 0.00000E+00 0.00000E+00 0.00000E+00 0.00000E+00 0.00000E+00 0.00000E+00 0.00000E+00 0.00000E+00 0.00000E+00 0.00000E+00
 1.65000E+02 1.08902E-18 0.00000E+00 0.00000E+00 0.00000E+00 0.00000E+00 0.00000E+00 0.00000E+00 0.00000E+00 0.00000E+00 0.00000E+00 0.00000E+00 0.00000E+00 0.00000E+00 0.00000E+00 0.00000E+00 0.00000E+00 1.11035E-19
 1.65124E+02 1.08992E-18 0.00000E+00 0.00000E+00 0.00000E+00 0.00000E+00 0.00000E+00 0.00000E+00 0.00000E+00 0.00000E+00 0.00000E+00 0.00000E+00 0.00000E+00 0.00000E+00 0.00000E+00 0.00000E+00 0.00000E+00 1.14424E-19
 1.65249E+02 1.09080E-18 0.00000E+00 0.00000E+00 0.00000E+00 0.00000E+00 0.00000E+00 0.00000E+00 0.00000E+00 0.00000E+00 0.00000E+00 0.00000E+00 0.00000E+00 0.00000E+00 0.00000E+00 0.00000E+00 0.00000E+00 1.17790E-19
 1.65498E+02 1.09244E-18 0.00000E+00 0.00000E+00 0.00000E+00 0.00000E+00 0.00000E+00 0.00000E+00 0.00000E+00 0.00000E+00 0.00000E+00 0.00000E+00 0.00000E+00 0.00000E+00 0.00000E+00 0.00000E+00 0.00000E+00 1.24364E-19
 1.65997E+02 1.09503E-18 0.00000E+00 0.00000E+00 0.00000E+00 0.00000E+00 0.00000E+00 0.00000E+00 0.00000E+00 0.00000E+00 0.00000E+00 0.00000E+00 0.00000E+00 0.00000E+00 0.00000E+00 0.00000E+00 0.00000E+00 1.36709E-19
 1.67000E+02 1.09731E-18 0.00000E+00 0.00000E+00 0.00000E+00 0.00000E+00 0.00000E+00 0.00000E+00 0.00000E+00 0.00000E+00 0.00000E+00 0.00000E+00 0.00000E+00 0.00000E+00 0.00000E+00 0.00000E+00 0.00000E+00 1.58087E-19
 1.67000E+02 1.15287E-18 0.00000E+00 0.00000E+00 0.00000E+00 0.00000E+00 0.00000E+00 0.00000E+00 0.00000E+00 0.00000E+00 0.00000E+00 0.00000E+00 0.00000E+00 0.00000E+00 0.00000E+00 0.00000E+00 0.00000E+00 1.58088E-19
 1.67093E+02 1.15292E-18 0.00000E+00 0.00000E+00 0.00000E+00 0.00000E+00 0.00000E+00 0.00000E+00 0.00000E+00 0.00000E+00 0.00000E+00 0.00000E+00 0.00000E+00 0.00000E+00 0.00000E+00 0.00000E+00 0.00000E+00 1.59839E-19
 1.67186E+02 1.15294E-18 0.00000E+00 0.00000E+00 0.00000E+00 0.00000E+00 0.00000E+00 0.00000E+00 0.00000E+00 0.00000E+00 0.00000E+00 0.00000E+00 0.00000E+00 0.00000E+00 0.00000E+00 0.00000E+00 0.00000E+00 1.61553E-19
 1.67372E+02 1.15287E-18 0.00000E+00 0.00000E+00 0.00000E+00 0.00000E+00 0.00000E+00 0.00000E+00 0.00000E+00 0.00000E+00 0.00000E+00 0.00000E+00 0.00000E+00 0.00000E+00 0.00000E+00 0.00000E+00 0.00000E+00 1.64872E-19
 1.67745E+02 1.15236E-18 0.00000E+00 0.00000E+00 0.00000E+00 0.00000E+00 0.00000E+00 0.00000E+00 0.00000E+00 0.00000E+00 0.00000E+00 0.00000E+00 0.00000E+00 0.00000E+00 0.00000E+00 0.00000E+00 0.00000E+00 1.71074E-19
 1.68493E+02 1.14990E-18 0.00000E+00 0.00000E+00 0.00000E+00 0.00000E+00 0.00000E+00 0.00000E+00 0.00000E+00 0.00000E+00 0.00000E+00 0.00000E+00 0.00000E+00 0.00000E+00 0.00000E+00 0.00000E+00 0.00000E+00 1.81809E-19
 1.70000E+02 1.13988E-18 0.00000E+00 0.00000E+00 0.00000E+00 0.00000E+00 0.00000E+00 0.00000E+00 0.00000E+00 0.00000E+00 0.00000E+00 0.00000E+00 0.00000E+00 0.00000E+00 0.00000E+00 0.00000E+00 0.00000E+00 1.97337E-19
 1.70000E+02 1.22337E-18 0.00000E+00 0.00000E+00 0.00000E+00 0.00000E+00 0.00000E+00 0.00000E+00 0.00000E+00 0.00000E+00 0.00000E+00 0.00000E+00 0.00000E+00 0.00000E+00 0.00000E+00 0.00000E+00 8.34924E-20 1.97337E-19
 1.70154E+02 1.22522E-18 0.00000E+00 0.00000E+00 0.00000E+00 0.00000E+00 0.00000E+00 0.00000E+00 0.00000E+00 0.00000E+00 0.00000E+00 0.00000E+00 0.00000E+00 0.00000E+00 0.00000E+00 0.00000E+00 8.66861E-20 1.98528E-19
 1.70308E+02 1.22697E-18 0.00000E+00 0.00000E+00 0.00000E+00 0.00000E+00 0.00000E+00 0.00000E+00 0.00000E+00 0.00000E+00 0.00000E+00 0.00000E+00 0.00000E+00 0.00000E+00 0.00000E+00 0.00000E+00 8.98408E-20 1.99655E-19
 1.70617E+02 1.23011E-18 0.00000E+00 0.00000E+00 0.00000E+00 0.00000E+00 0.00000E+00 0.00000E+00 0.00000E+00 0.00000E+00 0.00000E+00 0.00000E+00 0.00000E+00 0.00000E+00 0.00000E+00 0.00000E+00 9.59264E-20 2.01725E-19
 1.71236E+02 1.23481E-18 0.00000E+00 0.00000E+00 0.00000E+00 0.00000E+00 0.00000E+00 0.00000E+00 0.00000E+00 0.00000E+00 0.00000E+00 0.00000E+00 0.00000E+00 0.00000E+00 0.00000E+00 0.00000E+00 1.07075E-19 2.05183E-19
 1.72482E+02 1.23824E-18 0.00000E+00 0.00000E+00 0.00000E+00 0.00000E+00 0.00000E+00 0.00000E+00 0.00000E+00 0.00000E+00 0.00000E+00 0.00000E+00 0.00000E+00 0.00000E+00 0.00000E+00 0.00000E+00 1.25205E-19 2.09784E-19
 1.73736E+02 1.23472E-18 0.00000E+00 0.00000E+00 0.00000E+00 0.00000E+00 0.00000E+00 0.00000E+00 0.00000E+00 0.00000E+00 0.00000E+00 0.00000E+00 0.00000E+00 0.00000E+00 0.00000E+00 0.00000E+00 1.38114E-19 2.11995E-19
 1.75000E+02 1.22577E-18 0.00000E+00 0.00000E+00 0.00000E+00 0.00000E+00 0.00000E+00 0.00000E+00 0.00000E+00 0.00000E+00 0.00000E+00 0.00000E+00 0.00000E+00 0.00000E+00 0.00000E+00 0.00000E+00 1.46633E-19 2.12520E-19
 1.76467E+02 1.21072E-18 0.00000E+00 0.00000E+00 0.00000E+00 0.00000E+00 0.00000E+00 0.00000E+00 0.00000E+00 0.00000E+00 0.00000E+00 0.00000E+00 0.00000E+00 0.00000E+00 0.00000E+00 0.00000E+00 1.52286E-19 2.11748E-19
 1.77946E+02 1.19247E-18 0.00000E+00 0.00000E+00 0.00000E+00 0.00000E+00 0.00000E+00 0.00000E+00 0.00000E+00 0.00000E+00 0.00000E+00 0.00000E+00 0.00000E+00 0.00000E+00 0.00000E+00 0.00000E+00 1.54796E-19 2.10114E-19
 1.80941E+02 1.15209E-18 0.00000E+00 0.00000E+00 0.00000E+00 0.00000E+00 0.00000E+00 0.00000E+00 0.00000E+00 0.00000E+00 0.00000E+00 0.00000E+00 0.00000E+00 0.00000E+00 0.00000E+00 0.00000E+00 1.54466E-19 2.06037E-19
 1.83986E+02 1.11247E-18 0.00000E+00 0.00000E+00 0.00000E+00 0.00000E+00 0.00000E+00 0.00000E+00 0.00000E+00 0.00000E+00 0.00000E+00 0.00000E+00 0.00000E+00 0.00000E+00 0.00000E+00 0.00000E+00 1.51256E-19 2.02802E-19
 1.87083E+02 1.07768E-18 0.00000E+00 0.00000E+00 0.00000E+00 0.00000E+00 0.00000E+00 0.00000E+00 0.00000E+00 0.00000E+00 0.00000E+00 0.00000E+00 0.00000E+00 0.00000E+00 0.00000E+00 0.00000E+00 1.47957E-19 2.01939E-19
 1.90232E+02 1.04999E-18 0.00000E+00 0.00000E+00 0.00000E+00 0.00000E+00 0.00000E+00 0.00000E+00 0.00000E+00 0.00000E+00 0.00000E+00 0.00000E+00 0.00000E+00 0.00000E+00 0.00000E+00 0.00000E+00 1.46013E-19 2.04484E-19
 1.91826E+02 1.03927E-18 0.00000E+00 0.00000E+00 0.00000E+00 0.00000E+00 0.00000E+00 0.00000E+00 0.00000E+00 0.00000E+00 0.00000E+00 0.00000E+00 0.00000E+00 0.00000E+00 0.00000E+00 0.00000E+00 1.45833E-19 2.07277E-19
 1.93434E+02 1.03083E-18 0.00000E+00 0.00000E+00 0.00000E+00 0.00000E+00 0.00000E+00 0.00000E+00 0.00000E+00 0.00000E+00 0.00000E+00 0.00000E+00 0.00000E+00 0.00000E+00 0.00000E+00 0.00000E+00 1.46293E-19 2.11187E-19
 1.95055E+02 1.02477E-18 0.00000E+00 0.00000E+00 0.00000E+00 0.00000E+00 0.00000E+00 0.00000E+00 0.00000E+00 0.00000E+00 0.00000E+00 0.00000E+00 0.00000E+00 0.00000E+00 0.00000E+00 0.00000E+00 1.47463E-19 2.16271E-19
 1.96689E+02 1.02119E-18 0.00000E+00 0.00000E+00 0.00000E+00 0.00000E+00 0.00000E+00 0.00000E+00 0.00000E+00 0.00000E+00 0.00000E+00 0.00000E+00 0.00000E+00 0.00000E+00 0.00000E+00 0.00000E+00 1.49404E-19 2.22576E-19
 1.98338E+02 1.02015E-18 0.00000E+00 0.00000E+00 0.00000E+00 0.00000E+00 0.00000E+00 0.00000E+00 0.00000E+00 0.00000E+00 0.00000E+00 0.00000E+00 0.00000E+00 0.00000E+00 0.00000E+00 0.00000E+00 1.52167E-19 2.30140E-19
 2.00000E+02 1.02172E-18 0.00000E+00 0.00000E+00 0.00000E+00 0.00000E+00 0.00000E+00 0.00000E+00 0.00000E+00 0.00000E+00 0.00000E+00 0.00000E+00 0.00000E+00 0.00000E+00 0.00000E+00 0.00000E+00 1.55792E-19 2.38991E-19
 2.02397E+02 1.02853E-18 0.00000E+00 0.00000E+00 0.00000E+00 0.00000E+00 0.00000E+00 0.00000E+00 0.00000E+00 0.00000E+00 0.00000E+00 0.00000E+00 0.00000E+00 0.00000E+00 0.00000E+00 0.00000E+00 1.62528E-19 2.53904E-19
 2.04823E+02 1.04082E-18 0.00000E+00 0.00000E+00 0.00000E+00 0.00000E+00 0.00000E+00 0.00000E+00 0.00000E+00 0.00000E+00 0.00000E+00 0.00000E+00 0.00000E+00 0.00000E+00 0.00000E+00 0.00000E+00 1.71165E-19 2.71559E-19
 2.07278E+02 1.05871E-18 0.00000E+00 0.00000E+00 0.00000E+00 0.00000E+00 0.00000E+00 0.00000E+00 0.00000E+00 0.00000E+00 0.00000E+00 0.00000E+00 0.00000E+00 0.00000E+00 0.00000E+00 0.00000E+00 1.81758E-19 2.92044E-19
 2.09762E+02 1.08232E-18 0.00000E+00 0.00000E+00 0.00000E+00 0.00000E+00 0.00000E+00 0.00000E+00 0.00000E+00 0.00000E+00 0.00000E+00 0.00000E+00 0.00000E+00 0.00000E+00 0.00000E+00 0.00000E+00 1.94363E-19 3.15473E-19
 2.12276E+02 1.11182E-18 0.00000E+00 0.00000E+00 0.00000E+00 0.00000E+00 0.00000E+00 0.00000E+00 0.00000E+00 0.00000E+00 0.00000E+00 0.00000E+00 0.00000E+00 0.00000E+00 0.00000E+00 0.00000E+00 2.09049E-19 3.41996E-19
 2.14820E+02 1.14747E-18 0.00000E+00 0.00000E+00 0.00000E+00 0.00000E+00 0.00000E+00 0.00000E+00 0.00000E+00 0.00000E+00 0.00000E+00 0.00000E+00 0.00000E+00 0.00000E+00 0.00000E+00 0.00000E+00 2.25905E-19 3.71795E-19
 2.17395E+02 1.18954E-18 0.00000E+00 0.00000E+00 0.00000E+00 0.00000E+00 0.00000E+00 0.00000E+00 0.00000E+00 0.00000E+00 0.00000E+00 0.00000E+00 0.00000E+00 0.00000E+00 0.00000E+00 0.00000E+00 2.45054E-19 4.05067E-19
 2.20000E+02 1.23835E-18 0.00000E+00 0.00000E+00 0.00000E+00 0.00000E+00 0.00000E+00 0.00000E+00 0.00000E+00 0.00000E+00 0.00000E+00 0.00000E+00 0.00000E+00 0.00000E+00 0.00000E+00 0.00000E+00 2.66637E-19 4.42030E-19
 2.23544E+02 1.31491E-18 0.00000E+00 0.00000E+00 0.00000E+00 0.00000E+00 0.00000E+00 0.00000E+00 0.00000E+00 0.00000E+00 0.00000E+00 0.00000E+00 0.00000E+00 0.00000E+00 0.00000E+00 0.00000E+00 2.99688E-19 4.97679E-19
 2.27144E+02 1.40474E-18 0.00000E+00 0.00000E+00 0.00000E+00 0.00000E+00 0.00000E+00 0.00000E+00 0.00000E+00 0.00000E+00 0.00000E+00 0.00000E+00 0.00000E+00 0.00000E+00 0.00000E+00 0.00000E+00 3.37788E-19 5.60580E-19
 2.30803E+02 1.50818E-18 0.00000E+00 0.00000E+00 0.00000E+00 0.00000E+00 0.00000E+00 0.00000E+00 0.00000E+00 0.00000E+00 0.00000E+00 0.00000E+00 0.00000E+00 0.00000E+00 0.00000E+00 0.00000E+00 3.81246E-19 6.30832E-19
 2.34521E+02 1.62509E-18 0.00000E+00 0.00000E+00 0.00000E+00 0.00000E+00 0.00000E+00 0.00000E+00 0.00000E+00 0.00000E+00 0.00000E+00 0.00000E+00 0.00000E+00 0.00000E+00 0.00000E+00 0.00000E+00 4.30222E-19 7.08211E-19
 2.42137E+02 1.89615E-18 0.00000E+00 0.00000E+00 0.00000E+00 0.00000E+00 0.00000E+00 0.00000E+00 0.00000E+00 0.00000E+00 0.00000E+00 0.00000E+00 0.00000E+00 0.00000E+00 0.00000E+00 0.00000E+00 5.44272E-19 8.81948E-19
 2.46037E+02 2.04749E-18 0.00000E+00 0.00000E+00 0.00000E+00 0.00000E+00 0.00000E+00 0.00000E+00 0.00000E+00 0.00000E+00 0.00000E+00 0.00000E+00 0.00000E+00 0.00000E+00 0.00000E+00 0.00000E+00 6.08513E-19 9.76470E-19
 2.50000E+02 2.20696E-18 0.00000E+00 0.00000E+00 0.00000E+00 0.00000E+00 0.00000E+00 0.00000E+00 0.00000E+00 0.00000E+00 0.00000E+00 0.00000E+00 0.00000E+00 0.00000E+00 0.00000E+00 0.00000E+00 6.76672E-19 1.07466E-18
 2.55763E+02 2.44467E-18 0.00000E+00 0.00000E+00 0.00000E+00 0.00000E+00 0.00000E+00 0.00000E+00 0.00000E+00 0.00000E+00 0.00000E+00 0.00000E+00 0.00000E+00 0.00000E+00 0.00000E+00 0.00000E+00 7.79064E-19 1.21900E-18
 2.58694E+02 2.56667E-18 0.00000E+00 0.00000E+00 0.00000E+00 0.00000E+00 0.00000E+00 0.00000E+00 0.00000E+00 0.00000E+00 0.00000E+00 0.00000E+00 0.00000E+00 0.00000E+00 0.00000E+00 0.00000E+00 8.31912E-19 1.29235E-18
 2.61659E+02 2.69004E-18 0.00000E+00 0.00000E+00 0.00000E+00 0.00000E+00 0.00000E+00 0.00000E+00 0.00000E+00 0.00000E+00 0.00000E+00 0.00000E+00 0.00000E+00 0.00000E+00 0.00000E+00 0.00000E+00 8.85518E-19 1.36612E-18
 2.64657E+02 2.81435E-18 0.00000E+00 0.00000E+00 0.00000E+00 0.00000E+00 0.00000E+00 0.00000E+00 0.00000E+00 0.00000E+00 0.00000E+00 0.00000E+00 0.00000E+00 0.00000E+00 0.00000E+00 0.00000E+00 9.39665E-19 1.44011E-18
 2.67691E+02 2.93920E-18 0.00000E+00 0.00000E+00 0.00000E+00 0.00000E+00 0.00000E+00 0.00000E+00 0.00000E+00 0.00000E+00 0.00000E+00 0.00000E+00 0.00000E+00 0.00000E+00 0.00000E+00 0.00000E+00 9.94171E-19 1.51411E-18
 2.70758E+02 3.06425E-18 0.00000E+00 0.00000E+00 0.00000E+00 0.00000E+00 0.00000E+00 0.00000E+00 0.00000E+00 0.00000E+00 0.00000E+00 0.00000E+00 0.00000E+00 0.00000E+00 0.00000E+00 0.00000E+00 1.04888E-18 1.58796E-18
 2.73861E+02 3.18917E-18 0.00000E+00 0.00000E+00 0.00000E+00 0.00000E+00 0.00000E+00 0.00000E+00 0.00000E+00 0.00000E+00 0.00000E+00 0.00000E+00 0.00000E+00 0.00000E+00 0.00000E+00 0.00000E+00 1.10364E-18 1.66147E-18
 2.80174E+02 3.43722E-18 0.00000E+00 0.00000E+00 0.00000E+00 0.00000E+00 0.00000E+00 0.00000E+00 0.00000E+00 0.00000E+00 0.00000E+00 0.00000E+00 0.00000E+00 0.00000E+00 0.00000E+00 0.00000E+00 1.21281E-18 1.80667E-18
 2.86633E+02 3.68015E-18 0.00000E+00 0.00000E+00 0.00000E+00 0.00000E+00 0.00000E+00 0.00000E+00 0.00000E+00 0.00000E+00 0.00000E+00 0.00000E+00 0.00000E+00 0.00000E+00 0.00000E+00 0.00000E+00 1.32045E-18 1.94780E-18
 2.93240E+02 3.91398E-18 0.00000E+00 0.00000E+00 0.00000E+00 0.00000E+00 0.00000E+00 0.00000E+00 0.00000E+00 0.00000E+00 0.00000E+00 0.00000E+00 0.00000E+00 0.00000E+00 0.00000E+00 0.00000E+00 1.42502E-18 2.08252E-18
 2.96601E+02 4.02606E-18 0.00000E+00 0.00000E+00 0.00000E+00 0.00000E+00 0.00000E+00 0.00000E+00 0.00000E+00 0.00000E+00 0.00000E+00 0.00000E+00 0.00000E+00 0.00000E+00 0.00000E+00 0.00000E+00 1.47557E-18 2.14666E-18
 3.00000E+02 4.13415E-18 0.00000E+00 0.00000E+00 0.00000E+00 0.00000E+00 0.00000E+00 0.00000E+00 0.00000E+00 0.00000E+00 0.00000E+00 0.00000E+00 0.00000E+00 0.00000E+00 0.00000E+00 0.00000E+00 1.52464E-18 2.20823E-18
 3.05837E+02 4.30634E-18 0.00000E+00 0.00000E+00 0.00000E+00 0.00000E+00 0.00000E+00 0.00000E+00 0.00000E+00 0.00000E+00 0.00000E+00 0.00000E+00 0.00000E+00 0.00000E+00 0.00000E+00 0.00000E+00 1.60353E-18 2.30573E-18
 3.11787E+02 4.46341E-18 0.00000E+00 0.00000E+00 0.00000E+00 0.00000E+00 0.00000E+00 0.00000E+00 0.00000E+00 0.00000E+00 0.00000E+00 0.00000E+00 0.00000E+00 0.00000E+00 0.00000E+00 0.00000E+00 1.67639E-18 2.39402E-18
 3.17853E+02 4.60395E-18 0.00000E+00 0.00000E+00 0.00000E+00 0.00000E+00 0.00000E+00 0.00000E+00 0.00000E+00 0.00000E+00 0.00000E+00 0.00000E+00 0.00000E+00 0.00000E+00 0.00000E+00 0.00000E+00 1.74244E-18 2.47250E-18
 3.24037E+02 4.72745E-18 0.00000E+00 0.00000E+00 0.00000E+00 0.00000E+00 0.00000E+00 0.00000E+00 0.00000E+00 0.00000E+00 0.00000E+00 0.00000E+00 0.00000E+00 0.00000E+00 0.00000E+00 0.00000E+00 1.80125E-18 2.54108E-18
 3.30341E+02 4.83416E-18 0.00000E+00 0.00000E+00 0.00000E+00 0.00000E+00 0.00000E+00 0.00000E+00 0.00000E+00 0.00000E+00 0.00000E+00 0.00000E+00 0.00000E+00 0.00000E+00 0.00000E+00 0.00000E+00 1.85280E-18 2.60007E-18
 3.36768E+02 4.92487E-18 0.00000E+00 0.00000E+00 0.00000E+00 0.00000E+00 0.00000E+00 0.00000E+00 0.00000E+00 0.00000E+00 0.00000E+00 0.00000E+00 0.00000E+00 0.00000E+00 0.00000E+00 0.00000E+00 1.89733E-18 2.65001E-18
 3.43320E+02 5.00060E-18 0.00000E+00 0.00000E+00 0.00000E+00 0.00000E+00 0.00000E+00 0.00000E+00 0.00000E+00 0.00000E+00 0.00000E+00 0.00000E+00 0.00000E+00 0.00000E+00 0.00000E+00 0.00000E+00 1.93526E-18 2.69153E-18
 3.50000E+02 5.06231E-18 0.00000E+00 0.00000E+00 0.00000E+00 0.00000E+00 0.00000E+00 0.00000E+00 0.00000E+00 0.00000E+00 0.00000E+00 0.00000E+00 0.00000E+00 0.00000E+00 0.00000E+00 0.00000E+00 1.96705E-18 2.72517E-18
 3.55891E+02 5.10501E-18 0.00000E+00 0.00000E+00 0.00000E+00 0.00000E+00 0.00000E+00 0.00000E+00 0.00000E+00 0.00000E+00 0.00000E+00 0.00000E+00 0.00000E+00 0.00000E+00 0.00000E+00 0.00000E+00 1.98989E-18 2.74823E-18
 3.61881E+02 5.13800E-18 0.00000E+00 0.00000E+00 0.00000E+00 0.00000E+00 0.00000E+00 0.00000E+00 0.00000E+00 0.00000E+00 0.00000E+00 0.00000E+00 0.00000E+00 0.00000E+00 0.00000E+00 0.00000E+00 2.00855E-18 2.76580E-18
 3.67972E+02 5.16141E-18 0.00000E+00 0.00000E+00 0.00000E+00 0.00000E+00 0.00000E+00 0.00000E+00 0.00000E+00 0.00000E+00 0.00000E+00 0.00000E+00 0.00000E+00 0.00000E+00 0.00000E+00 0.00000E+00 2.02310E-18 2.77792E-18
 3.74166E+02 5.17528E-18 0.00000E+00 0.00000E+00 0.00000E+00 0.00000E+00 0.00000E+00 0.00000E+00 0.00000E+00 0.00000E+00 0.00000E+00 0.00000E+00 0.00000E+00 0.00000E+00 0.00000E+00 0.00000E+00 2.03355E-18 2.78460E-18
 3.80464E+02 5.17961E-18 0.00000E+00 0.00000E+00 0.00000E+00 0.00000E+00 0.00000E+00 0.00000E+00 0.00000E+00 0.00000E+00 0.00000E+00 0.00000E+00 0.00000E+00 0.00000E+00 0.00000E+00 0.00000E+00 2.03990E-18 2.78587E-18
 3.86867E+02 5.17452E-18 0.00000E+00 0.00000E+00 0.00000E+00 0.00000E+00 0.00000E+00 0.00000E+00 0.00000E+00 0.00000E+00 0.00000E+00 0.00000E+00 0.00000E+00 0.00000E+00 0.00000E+00 0.00000E+00 2.04217E-18 2.78182E-18
 3.93379E+02 5.16024E-18 0.00000E+00 0.00000E+00 0.00000E+00 0.00000E+00 0.00000E+00 0.00000E+00 0.00000E+00 0.00000E+00 0.00000E+00 0.00000E+00 0.00000E+00 0.00000E+00 0.00000E+00 0.00000E+00 2.04044E-18 2.77263E-18
 4.00000E+02 5.13721E-18 0.00000E+00 0.00000E+00 0.00000E+00 0.00000E+00 0.00000E+00 0.00000E+00 0.00000E+00 0.00000E+00 0.00000E+00 0.00000E+00 0.00000E+00 0.00000E+00 0.00000E+00 0.00000E+00 2.03484E-18 2.75857E-18
 4.11495E+02 5.07981E-18 0.00000E+00 0.00000E+00 0.00000E+00 0.00000E+00 0.00000E+00 0.00000E+00 0.00000E+00 0.00000E+00 0.00000E+00 0.00000E+00 0.00000E+00 0.00000E+00 0.00000E+00 0.00000E+00 2.01715E-18 2.72465E-18
 4.23320E+02 5.00263E-18 0.00000E+00 0.00000E+00 0.00000E+00 0.00000E+00 0.00000E+00 0.00000E+00 0.00000E+00 0.00000E+00 0.00000E+00 0.00000E+00 0.00000E+00 0.00000E+00 0.00000E+00 0.00000E+00 1.99051E-18 2.68001E-18
 4.35485E+02 4.90949E-18 0.00000E+00 0.00000E+00 0.00000E+00 0.00000E+00 0.00000E+00 0.00000E+00 0.00000E+00 0.00000E+00 0.00000E+00 0.00000E+00 0.00000E+00 0.00000E+00 0.00000E+00 0.00000E+00 1.95659E-18 2.62679E-18
 4.48000E+02 4.80354E-18 0.00000E+00 0.00000E+00 0.00000E+00 0.00000E+00 0.00000E+00 0.00000E+00 0.00000E+00 0.00000E+00 0.00000E+00 0.00000E+00 0.00000E+00 0.00000E+00 0.00000E+00 0.00000E+00 1.91683E-18 2.56669E-18
 4.48000E+02 4.93810E-18 0.00000E+00 0.00000E+00 0.00000E+00 0.00000E+00 0.00000E+00 0.00000E+00 0.00000E+00 0.00000E+00 0.00000E+00 0.00000E+00 0.00000E+00 0.00000E+00 0.00000E+00 1.34556E-19 1.91683E-18 2.56669E-18
 4.48250E+02 4.93525E-18 0.00000E+00 0.00000E+00 0.00000E+00 0.00000E+00 0.00000E+00 0.00000E+00 0.00000E+00 0.00000E+00 0.00000E+00 0.00000E+00 0.00000E+00 0.00000E+00 0.00000E+00 1.33901E-19 1.91600E-18 2.56545E-18
 4.48499E+02 4.93241E-18 0.00000E+00 0.00000E+00 0.00000E+00 0.00000E+00 0.00000E+00 0.00000E+00 0.00000E+00 0.00000E+00 0.00000E+00 0.00000E+00 0.00000E+00 0.00000E+00 0.00000E+00 1.33262E-19 1.91516E-18 2.56420E-18
 4.48999E+02 4.92682E-18 0.00000E+00 0.00000E+00 0.00000E+00 0.00000E+00 0.00000E+00 0.00000E+00 0.00000E+00 0.00000E+00 0.00000E+00 0.00000E+00 0.00000E+00 0.00000E+00 0.00000E+00 1.32087E-19 1.91349E-18 2.56171E-18
 4.50000E+02 4.91606E-18 0.00000E+00 0.00000E+00 0.00000E+00 0.00000E+00 0.00000E+00 0.00000E+00 0.00000E+00 0.00000E+00 0.00000E+00 0.00000E+00 0.00000E+00 0.00000E+00 0.00000E+00 1.30195E-19 1.91012E-18 2.55669E-18
 4.55402E+02 4.87160E-18 0.00000E+00 0.00000E+00 0.00000E+00 0.00000E+00 0.00000E+00 0.00000E+00 0.00000E+00 0.00000E+00 0.00000E+00 0.00000E+00 0.00000E+00 0.00000E+00 0.00000E+00 1.34352E-19 1.89158E-18 2.52923E-18
 4.58127E+02 4.86374E-18 0.00000E+00 0.00000E+00 0.00000E+00 0.00000E+00 0.00000E+00 0.00000E+00 0.00000E+00 0.00000E+00 0.00000E+00 0.00000E+00 0.00000E+00 0.00000E+00 0.00000E+00 1.51469E-19 1.88200E-18 2.51513E-18
 4.60869E+02 4.86651E-18 0.00000E+00 0.00000E+00 0.00000E+00 0.00000E+00 0.00000E+00 0.00000E+00 0.00000E+00 0.00000E+00 0.00000E+00 0.00000E+00 0.00000E+00 0.00000E+00 0.00000E+00 1.79648E-19 1.87224E-18 2.50080E-18
 4.63627E+02 4.86979E-18 0.00000E+00 0.00000E+00 0.00000E+00 0.00000E+00 0.00000E+00 0.00000E+00 0.00000E+00 0.00000E+00 0.00000E+00 0.00000E+00 0.00000E+00 0.00000E+00 0.00000E+00 2.08775E-19 1.86228E-18 2.48623E-18
 4.66401E+02 4.86465E-18 0.00000E+00 0.00000E+00 0.00000E+00 0.00000E+00 0.00000E+00 0.00000E+00 0.00000E+00 0.00000E+00 0.00000E+00 0.00000E+00 0.00000E+00 0.00000E+00 0.00000E+00 2.29899E-19 1.85213E-18 2.47144E-18
 4.72000E+02 4.83376E-18 0.00000E+00 0.00000E+00 0.00000E+00 0.00000E+00 0.00000E+00 0.00000E+00 0.00000E+00 0.00000E+00 0.00000E+00 0.00000E+00 0.00000E+00 0.00000E+00 0.00000E+00 2.52764E-19 1.83130E-18 2.44119E-18
 4.72000E+02 4.91941E-18 0.00000E+00 0.00000E+00 0.00000E+00 0.00000E+00 0.00000E+00 0.00000E+00 0.00000E+00 0.00000E+00 0.00000E+00 0.00000E+00 0.00000E+00 0.00000E+00 8.56424E-20 2.52764E-19 1.83130E-18 2.44119E-18
 4.72425E+02 4.91658E-18 0.00000E+00 0.00000E+00 0.00000E+00 0.00000E+00 0.00000E+00 0.00000E+00 0.00000E+00 0.00000E+00 0.00000E+00 0.00000E+00 0.00000E+00 0.00000E+00 8.57113E-20 2.53987E-19 1.82969E-18 2.43887E-18
 4.72851E+02 4.91371E-18 0.00000E+00 0.00000E+00 0.00000E+00 0.00000E+00 0.00000E+00 0.00000E+00 0.00000E+00 0.00000E+00 0.00000E+00 0.00000E+00 0.00000E+00 0.00000E+00 8.57838E-20 2.55175E-19 1.82809E-18 2.43655E-18
 4.73703E+02 4.90787E-18 0.00000E+00 0.00000E+00 0.00000E+00 0.00000E+00 0.00000E+00 0.00000E+00 0.00000E+00 0.00000E+00 0.00000E+00 0.00000E+00 0.00000E+00 0.00000E+00 8.59538E-20 2.57464E-19 1.82486E-18 2.43189E-18
 4.75412E+02 4.89606E-18 0.00000E+00 0.00000E+00 0.00000E+00 0.00000E+00 0.00000E+00 0.00000E+00 0.00000E+00 0.00000E+00 0.00000E+00 0.00000E+00 0.00000E+00 0.00000E+00 8.65226E-20 2.61765E-19 1.81837E-18 2.42250E-18
 4.78849E+02 4.87402E-18 0.00000E+00 0.00000E+00 0.00000E+00 0.00000E+00 0.00000E+00 0.00000E+00 0.00000E+00 0.00000E+00 0.00000E+00 0.00000E+00 0.00000E+00 0.00000E+00 9.04821E-20 2.69559E-19 1.80519E-18 2.40351E-18
 4.85798E+02 4.84932E-18 0.00000E+00 0.00000E+00 0.00000E+00 0.00000E+00 0.00000E+00 0.00000E+00 0.00000E+00 0.00000E+00 0.00000E+00 0.00000E+00 0.00000E+00 0.00000E+00 1.22436E-19 2.82149E-19 1.77808E-18 2.36465E-18
 4.89310E+02 4.83586E-18 0.00000E+00 0.00000E+00 0.00000E+00 0.00000E+00 0.00000E+00 0.00000E+00 0.00000E+00 0.00000E+00 0.00000E+00 0.00000E+00 0.00000E+00 0.00000E+00 1.39679E-19 2.86846E-19 1.76417E-18 2.34479E-18
 4.92848E+02 4.81358E-18 0.00000E+00 0.00000E+00 0.00000E+00 0.00000E+00 0.00000E+00 0.00000E+00 0.00000E+00 0.00000E+00 0.00000E+00 0.00000E+00 0.00000E+00 0.00000E+00 1.49561E-19 2.90587E-19 1.75003E-18 2.32468E-18
 5.00000E+02 4.75640E-18 0.00000E+00 0.00000E+00 0.00000E+00 0.00000E+00 0.00000E+00 0.00000E+00 0.00000E+00 0.00000E+00 0.00000E+00 0.00000E+00 0.00000E+00 0.00000E+00 1.59952E-19 2.96194E-19 1.72112E-18 2.28372E-18
 5.12057E+02 4.65018E-18 0.00000E+00 0.00000E+00 0.00000E+00 0.00000E+00 0.00000E+00 0.00000E+00 0.00000E+00 0.00000E+00 0.00000E+00 0.00000E+00 0.00000E+00 0.00000E+00 1.70423E-19 3.04053E-19 1.67163E-18 2.21417E-18
 5.24404E+02 4.53736E-18 0.00000E+00 0.00000E+00 0.00000E+00 0.00000E+00 0.00000E+00 0.00000E+00 0.00000E+00 0.00000E+00 0.00000E+00 0.00000E+00 0.00000E+00 0.00000E+00 1.75825E-19 3.13714E-19 1.62052E-18 2.14296E-18
 5.50000E+02 4.30789E-18 0.00000E+00 0.00000E+00 0.00000E+00 0.00000E+00 0.00000E+00 0.00000E+00 0.00000E+00 0.00000E+00 0.00000E+00 0.00000E+00 0.00000E+00 0.00000E+00 1.86550E-19 3.34478E-19 1.51551E-18 1.99824E-18
 5.74456E+02 4.09450E-18 0.00000E+00 0.00000E+00 0.00000E+00 0.00000E+00 0.00000E+00 0.00000E+00 0.00000E+00 0.00000E+00 0.00000E+00 0.00000E+00 0.00000E+00 0.00000E+00 1.98223E-19 3.48742E-19 1.41868E-18 1.86605E-18
 6.00000E+02 3.87775E-18 0.00000E+00 0.00000E+00 0.00000E+00 0.00000E+00 0.00000E+00 0.00000E+00 0.00000E+00 0.00000E+00 0.00000E+00 0.00000E+00 0.00000E+00 0.00000E+00 2.07332E-19 3.60602E-19 1.32224E-18 1.73513E-18
 6.20658E+02 3.70893E-18 0.00000E+00 0.00000E+00 0.00000E+00 0.00000E+00 0.00000E+00 0.00000E+00 0.00000E+00 0.00000E+00 0.00000E+00 0.00000E+00 0.00000E+00 0.00000E+00 2.13681E-19 3.68538E-19 1.24778E-18 1.63455E-18
 6.42028E+02 3.54005E-18 0.00000E+00 0.00000E+00 0.00000E+00 0.00000E+00 0.00000E+00 0.00000E+00 0.00000E+00 0.00000E+00 0.00000E+00 0.00000E+00 0.00000E+00 0.00000E+00 2.19512E-19 3.74281E-19 1.17427E-18 1.53568E-18
 6.64133E+02 3.37163E-18 0.00000E+00 0.00000E+00 0.00000E+00 0.00000E+00 0.00000E+00 0.00000E+00 0.00000E+00 0.00000E+00 0.00000E+00 0.00000E+00 0.00000E+00 0.00000E+00 2.24085E-19 3.77659E-19 1.10228E-18 1.43933E-18
 6.87000E+02 3.20547E-18 0.00000E+00 0.00000E+00 0.00000E+00 0.00000E+00 0.00000E+00 0.00000E+00 0.00000E+00 0.00000E+00 0.00000E+00 0.00000E+00 0.00000E+00 0.00000E+00 2.27200E-19 3.79329E-19 1.03245E-18 1.34621E-18
 6.87000E+02 3.33451E-18 0.00000E+00 0.00000E+00 0.00000E+00 0.00000E+00 0.00000E+00 0.00000E+00 0.00000E+00 0.00000E+00 0.00000E+00 0.00000E+00 0.00000E+00 1.29043E-19 2.27200E-19 3.79329E-19 1.03245E-18 1.34621E-18
 6.87403E+02 3.33773E-18 0.00000E+00 0.00000E+00 0.00000E+00 0.00000E+00 0.00000E+00 0.00000E+00 0.00000E+00 0.00000E+00 0.00000E+00 0.00000E+00 0.00000E+00 1.35103E-19 2.27243E-19 3.79346E-19 1.03126E-18 1.34463E-18
 6.87805E+02 3.34066E-18 0.00000E+00 0.00000E+00 0.00000E+00 0.00000E+00 0.00000E+00 0.00000E+00 0.00000E+00 0.00000E+00 0.00000E+00 0.00000E+00 0.00000E+00 1.40882E-19 2.27286E-19 3.79362E-19 1.03008E-18 1.34305E-18
 6.88612E+02 3.34550E-18 0.00000E+00 0.00000E+00 0.00000E+00 0.00000E+00 0.00000E+00 0.00000E+00 0.00000E+00 0.00000E+00 0.00000E+00 0.00000E+00 0.00000E+00 1.51403E-19 2.27371E-19 3.79394E-19 1.02771E-18 1.33989E-18
 6.90227E+02 3.35102E-18 0.00000E+00 0.00000E+00 0.00000E+00 0.00000E+00 0.00000E+00 0.00000E+00 0.00000E+00 0.00000E+00 0.00000E+00 0.00000E+00 0.00000E+00 1.68274E-19 2.27538E-19 3.79454E-19 1.02297E-18 1.33360E-18
 6.93470E+02 3.34808E-18 0.00000E+00 0.00000E+00 0.00000E+00 0.00000E+00 0.00000E+00 0.00000E+00 0.00000E+00 0.00000E+00 0.00000E+00 0.00000E+00 0.00000E+00 1.87983E-19 2.27858E-19 3.79553E-19 1.01355E-18 1.32106E-18
 7.00000E+02 3.31314E-18 0.00000E+00 0.00000E+00 0.00000E+00 0.00000E+00 0.00000E+00 0.00000E+00 0.00000E+00 0.00000E+00 0.00000E+00 0.00000E+00 0.00000E+00 1.98098E-19 2.28443E-19 3.79674E-19 9.94849E-19 1.29619E-18
 7.48331E+02 2.99288E-18 0.00000E+00 0.00000E+00 0.00000E+00 0.00000E+00 0.00000E+00 0.00000E+00 0.00000E+00 0.00000E+00 0.00000E+00 0.00000E+00 0.00000E+00 1.89912E-19 2.30712E-19 3.77015E-19 8.67493E-19 1.12724E-18
 8.00000E+02 2.68570E-18 0.00000E+00 0.00000E+00 0.00000E+00 0.00000E+00 0.00000E+00 0.00000E+00 0.00000E+00 0.00000E+00 0.00000E+00 0.00000E+00 0.00000E+00 1.79903E-19 2.28929E-19 3.68270E-19 7.50411E-19 9.72633E-19
 8.13000E+02 2.61430E-18 0.00000E+00 0.00000E+00 0.00000E+00 0.00000E+00 0.00000E+00 0.00000E+00 0.00000E+00 0.00000E+00 0.00000E+00 0.00000E+00 0.00000E+00 1.77453E-19 2.27947E-19 3.65516E-19 7.23784E-19 9.37586E-19
 8.13000E+02 2.64092E-18 0.00000E+00 0.00000E+00 0.00000E+00 0.00000E+00 0.00000E+00 0.00000E+00 0.00000E+00 0.00000E+00 0.00000E+00 0.00000E+00 2.66254E-20 1.77452E-19 2.27947E-19 3.65516E-19 7.23783E-19 9.37586E-19
 8.13646E+02 2.63877E-18 0.00000E+00 0.00000E+00 0.00000E+00 0.00000E+00 0.00000E+00 0.00000E+00 0.00000E+00 0.00000E+00 0.00000E+00 0.00000E+00 2.79624E-20 1.77331E-19 2.27894E-19 3.65375E-19 7.22489E-19 9.35883E-19
 8.14292E+02 2.63651E-18 0.00000E+00 0.00000E+00 0.00000E+00 0.00000E+00 0.00000E+00 0.00000E+00 0.00000E+00 0.00000E+00 0.00000E+00 0.00000E+00 2.91831E-20 1.77210E-19 2.27841E-19 3.65233E-19 7.21196E-19 9.34182E-19
 8.15587E+02 2.63161E-18 0.00000E+00 0.00000E+00 0.00000E+00 0.00000E+00 0.00000E+00 0.00000E+00 0.00000E+00 0.00000E+00 0.00000E+00 0.00000E+00 3.12437E-20 1.76967E-19 2.27734E-19 3.64949E-19 7.18614E-19 9.30787E-19
 8.18182E+02 2.62048E-18 0.00000E+00 0.00000E+00 0.00000E+00 0.00000E+00 0.00000E+00 0.00000E+00 0.00000E+00 0.00000E+00 0.00000E+00 0.00000E+00 3.39900E-20 1.76481E-19 2.27515E-19 3.64373E-19 7.13472E-19 9.24025E-19
 8.23397E+02 2.59498E-18 0.00000E+00 0.00000E+00 0.00000E+00 0.00000E+00 0.00000E+00 0.00000E+00 0.00000E+00 0.00000E+00 0.00000E+00 0.00000E+00 3.61094E-20 1.75504E-19 2.27059E-19 3.63198E-19 7.03265E-19 9.10608E-19
 8.33928E+02 2.54060E-18 0.00000E+00 0.00000E+00 0.00000E+00 0.00000E+00 0.00000E+00 0.00000E+00 0.00000E+00 0.00000E+00 0.00000E+00 0.00000E+00 3.63817E-20 1.73535E-19 2.26078E-19 3.60745E-19 6.83169E-19 8.84209E-19
 8.55395E+02 2.43337E-18 0.00000E+00 0.00000E+00 0.00000E+00 0.00000E+00 0.00000E+00 0.00000E+00 0.00000E+00 0.00000E+00 0.00000E+00 0.00000E+00 3.60913E-20 1.69565E-19 2.23846E-19 3.55415E-19 6.44263E-19 8.33153E-19
 9.00000E+02 2.22892E-18 0.00000E+00 0.00000E+00 0.00000E+00 0.00000E+00 0.00000E+00 0.00000E+00 0.00000E+00 0.00000E+00 0.00000E+00 0.00000E+00 3.61895E-20 1.61690E-19 2.18211E-19 3.43072E-19 5.71502E-19 7.37847E-19
 9.46000E+02 2.03986E-18 0.00000E+00 0.00000E+00 0.00000E+00 0.00000E+00 0.00000E+00 0.00000E+00 0.00000E+00 0.00000E+00 0.00000E+00 0.00000E+00 3.59101E-20 1.53984E-19 2.11264E-19 3.29350E-19 5.06321E-19 6.52666E-19
 9.46000E+02 2.08070E-18 0.00000E+00 0.00000E+00 0.00000E+00 0.00000E+00 0.00000E+00 0.00000E+00 0.00000E+00 0.00000E+00 0.00000E+00 4.08439E-20 3.59101E-20 1.53984E-19 2.11264E-19 3.29350E-19 5.06321E-19 6.52666E-19
 9.46821E+02 2.07756E-18 0.00000E+00 0.00000E+00 0.00000E+00 0.00000E+00 0.00000E+00 0.00000E+00 0.00000E+00 0.00000E+00 0.00000E+00 4.08883E-20 3.59052E-20 1.53850E-19 2.11134E-19 3.29102E-19 5.05239E-19 6.51254E-19
 9.47643E+02 2.07443E-18 0.00000E+00 0.00000E+00 0.00000E+00 0.00000E+00 0.00000E+00 0.00000E+00 0.00000E+00 0.00000E+00 0.00000E+00 4.09327E-20 3.59003E-20 1.53715E-19 2.11003E-19 3.28853E-19 5.04159E-19 6.49845E-19
 9.49288E+02 2.06817E-18 0.00000E+00 0.00000E+00 0.00000E+00 0.00000E+00 0.00000E+00 0.00000E+00 0.00000E+00 0.00000E+00 0.00000E+00 4.10218E-20 3.58903E-20 1.53446E-19 2.10741E-19 3.28355E-19 5.02005E-19 6.47033E-19
 9.52587E+02 2.05570E-18 0.00000E+00 0.00000E+00 0.00000E+00 0.00000E+00 0.00000E+00 0.00000E+00 0.00000E+00 0.00000E+00 0.00000E+00 4.12016E-20 3.58700E-20 1.52907E-19 2.10213E-19 3.27356E-19 4.97716E-19 6.41438E-19
 9.59220E+02 2.03094E-18 0.00000E+00 0.00000E+00 0.00000E+00 0.00000E+00 0.00000E+00 0.00000E+00 0.00000E+00 0.00000E+00 0.00000E+00 4.15717E-20 3.58269E-20 1.51830E-19 2.09146E-19 3.25344E-19 4.89225E-19 6.30363E-19
 9.72625E+02 1.98202E-18 0.00000E+00 0.00000E+00 0.00000E+00 0.00000E+00 0.00000E+00 0.00000E+00 0.00000E+00 0.00000E+00 0.00000E+00 4.21943E-20 3.57289E-20 1.49681E-19 2.06967E-19 3.21267E-19 4.72583E-19 6.08669E-19
 1.00000E+03 1.88450E-18 0.00000E+00 0.00000E+00 0.00000E+00 0.00000E+00 0.00000E+00 0.00000E+00 0.00000E+00 0.00000E+00 0.00000E+00 4.08944E-20 3.54920E-20 1.45407E-19 2.02436E-19 3.12894E-19 4.40661E-19 5.67095E-19
 1.10000E+03 1.57913E-18 0.00000E+00 0.00000E+00 0.00000E+00 0.00000E+00 0.00000E+00 0.00000E+00 0.00000E+00 0.00000E+00 0.00000E+00 3.76491E-20 3.44419E-20 1.31002E-19 1.85171E-19 2.82264E-19 3.44343E-19 4.41958E-19
 1.17260E+03 1.39783E-18 0.00000E+00 0.00000E+00 0.00000E+00 0.00000E+00 0.00000E+00 0.00000E+00 0.00000E+00 0.00000E+00 0.00000E+00 3.54191E-20 3.35162E-20 1.21652E-19 1.72701E-19 2.61128E-19 2.90148E-19 3.71744E-19
 1.25000E+03 1.23428E-18 0.00000E+00 0.00000E+00 0.00000E+00 0.00000E+00 0.00000E+00 0.00000E+00 0.00000E+00 0.00000E+00 0.00000E+00 3.32084E-20 3.24109E-20 1.12574E-19 1.59902E-19 2.39891E-19 2.43456E-19 3.11399E-19
 1.40000E+03 9.84602E-19 0.00000E+00 0.00000E+00 0.00000E+00 0.00000E+00 0.00000E+00 0.00000E+00 0.00000E+00 0.00000E+00 0.00000E+00 2.93373E-20 3.01248E-20 9.73809E-20 1.37254E-19 2.03402E-19 1.76630E-19 2.25268E-19
 1.50000E+03 8.55327E-19 0.00000E+00 0.00000E+00 0.00000E+00 0.00000E+00 0.00000E+00 0.00000E+00 0.00000E+00 0.00000E+00 0.00000E+00 2.70592E-20 2.85795E-20 8.87457E-20 1.23909E-19 1.82365E-19 1.44436E-19 1.83900E-19
 1.62019E+03 7.29137E-19 0.00000E+00 0.00000E+00 0.00000E+00 0.00000E+00 0.00000E+00 0.00000E+00 0.00000E+00 0.00000E+00 0.00000E+00 2.46391E-20 2.67594E-20 7.97092E-20 1.09743E-19 1.60349E-19 1.14786E-19 1.45871E-19
 1.75000E+03 6.20041E-19 0.00000E+00 0.00000E+00 0.00000E+00 0.00000E+00 0.00000E+00 0.00000E+00 0.00000E+00 0.00000E+00 0.00000E+00 2.23466E-20 2.48937E-20 7.13199E-20 9.64706E-20 1.39995E-19 9.07681E-20 1.15133E-19
 2.00000E+03 4.65790E-19 0.00000E+00 0.00000E+00 0.00000E+00 0.00000E+00 0.00000E+00 0.00000E+00 0.00000E+00 0.00000E+00 0.00000E+00 1.87151E-20 2.16502E-20 5.83164E-20 7.59554E-20 1.09005E-19 5.97406E-20 7.55332E-20
 2.20000E+03 3.78317E-19 0.00000E+00 0.00000E+00 0.00000E+00 0.00000E+00 0.00000E+00 0.00000E+00 0.00000E+00 0.00000E+00 0.00000E+00 1.63956E-20 1.93986E-20 5.01949E-20 6.33009E-20 9.01689E-20 4.39405E-20 5.54297E-20
 2.50000E+03 2.84925E-19 0.00000E+00 0.00000E+00 0.00000E+00 0.00000E+00 0.00000E+00 0.00000E+00 0.00000E+00 0.00000E+00 0.00000E+00 1.36366E-20 1.65394E-20 4.07377E-20 4.88801E-20 6.89698E-20 2.87988E-20 3.62157E-20
 2.58800E+03 2.63655E-19 0.00000E+00 0.00000E+00 0.00000E+00 0.00000E+00 0.00000E+00 0.00000E+00 0.00000E+00 0.00000E+00 0.00000E+00 1.29570E-20 1.58064E-20 3.84416E-20 4.54569E-20 6.39785E-20 2.56361E-20 3.22116E-20
 2.58800E+03 2.72211E-19 0.00000E+00 0.00000E+00 0.00000E+00 0.00000E+00 0.00000E+00 0.00000E+00 0.00000E+00 0.00000E+00 8.55606E-21 1.29570E-20 1.58064E-20 3.84416E-20 4.54569E-20 6.39785E-20 2.56361E-20 3.22116E-20
 2.58965E+03 2.73814E-19 0.00000E+00 0.00000E+00 0.00000E+00 0.00000E+00 0.00000E+00 0.00000E+00 0.00000E+00 0.00000E+00 1.05373E-20 1.29447E-20 1.57930E-20 3.84003E-20 4.53955E-20 6.38892E-20 2.55809E-20 3.21417E-20
 2.59131E+03 2.78210E-19 0.00000E+00 0.00000E+00 0.00000E+00 0.00000E+00 0.00000E+00 0.00000E+00 0.00000E+00 0.00000E+00 1.53114E-20 1.29325E-20 1.57797E-20 3.83589E-20 4.53342E-20 6.38000E-20 2.55257E-20 3.20719E-20
 2.59296E+03 2.87452E-19 0.00000E+00 0.00000E+00 0.00000E+00 0.00000E+00 0.00000E+00 0.00000E+00 0.00000E+00 0.00000E+00 2.49304E-20 1.29202E-20 1.57664E-20 3.83176E-20 4.52730E-20 6.37109E-20 2.54707E-20 3.20022E-20
 2.59462E+03 3.04542E-19 0.00000E+00 0.00000E+00 0.00000E+00 0.00000E+00 0.00000E+00 0.00000E+00 0.00000E+00 0.00000E+00 4.23973E-20 1.29079E-20 1.57530E-20 3.82763E-20 4.52118E-20 6.36219E-20 2.54157E-20 3.19327E-20
 2.59628E+03 3.33055E-19 0.00000E+00 0.00000E+00 0.00000E+00 0.00000E+00 0.00000E+00 0.00000E+00 0.00000E+00 0.00000E+00 7.12867E-20 1.28957E-20 1.57397E-20 3.82351E-20 4.51508E-20 6.35330E-20 2.53609E-20 3.18633E-20
 2.59794E+03 3.75495E-19 0.00000E+00 0.00000E+00 0.00000E+00 0.00000E+00 0.00000E+00 0.00000E+00 0.00000E+00 0.00000E+00 1.14103E-19 1.28834E-20 1.57264E-20 3.81939E-20 4.50897E-20 6.34442E-20 2.53062E-20 3.17941E-20
 2.59960E+03 4.30382E-19 0.00000E+00 0.00000E+00 0.00000E+00 0.00000E+00 0.00000E+00 0.00000E+00 0.00000E+00 0.00000E+00 1.69366E-19 1.28712E-20 1.57130E-20 3.81527E-20 4.50288E-20 6.33555E-20 2.52516E-20 3.17250E-20
 2.60126E+03 4.90530E-19 0.00000E+00 0.00000E+00 0.00000E+00 0.00000E+00 0.00000E+00 0.00000E+00 0.00000E+00 0.00000E+00 2.29888E-19 1.28590E-20 1.56997E-20 3.81116E-20 4.49679E-20 6.32670E-20 2.51971E-20 3.16561E-20
 2.60292E+03 5.46036E-19 0.00000E+00 0.00000E+00 0.00000E+00 0.00000E+00 0.00000E+00 0.00000E+00 0.00000E+00 0.00000E+00 2.85769E-19 1.28468E-20 1.56864E-20 3.80705E-20 4.49071E-20 6.31785E-20 2.51428E-20 3.15872E-20
 2.60459E+03 5.90060E-19 0.00000E+00 0.00000E+00 0.00000E+00 0.00000E+00 0.00000E+00 0.00000E+00 0.00000E+00 0.00000E+00 3.30166E-19 1.28345E-20 1.56731E-20 3.80295E-20 4.48463E-20 6.30901E-20 2.50885E-20 3.15186E-20
 2.60625E+03 6.21343E-19 0.00000E+00 0.00000E+00 0.00000E+00 0.00000E+00 0.00000E+00 0.00000E+00 0.00000E+00 0.00000E+00 3.61822E-19 1.28223E-20 1.56598E-20 3.79885E-20 4.47856E-20 6.30018E-20 2.50343E-20 3.14500E-20
 2.60792E+03 6.42299E-19 0.00000E+00 0.00000E+00 0.00000E+00 0.00000E+00 0.00000E+00 0.00000E+00 0.00000E+00 0.00000E+00 3.83152E-19 1.28102E-20 1.56465E-20 3.79475E-20 4.47250E-20 6.29136E-20 2.49803E-20 3.13817E-20
 2.60958E+03 6.56220E-19 0.00000E+00 0.00000E+00 0.00000E+00 0.00000E+00 0.00000E+00 0.00000E+00 0.00000E+00 0.00000E+00 3.97445E-19 1.27980E-20 1.56333E-20 3.79065E-20 4.46644E-20 6.28256E-20 2.49264E-20 3.13134E-20
 2.61125E+03 6.65796E-19 0.00000E+00 0.00000E+00 0.00000E+00 0.00000E+00 0.00000E+00 0.00000E+00 0.00000E+00 0.00000E+00 4.07392E-19 1.27858E-20 1.56200E-20 3.78656E-20 4.46039E-20 6.27376E-20 2.48725E-20 3.12453E-20
 2.61292E+03 6.72798E-19 0.00000E+00 0.00000E+00 0.00000E+00 0.00000E+00 0.00000E+00 0.00000E+00 0.00000E+00 0.00000E+00 4.14766E-19 1.27736E-20 1.56067E-20 3.78248E-20 4.45435E-20 6.26497E-20 2.48188E-20 3.11773E-20
 2.61459E+03 6.78261E-19 0.00000E+00 0.00000E+00 0.00000E+00 0.00000E+00 0.00000E+00 0.00000E+00 0.00000E+00 0.00000E+00 4.20600E-19 1.27615E-20 1.55935E-20 3.77839E-20 4.44832E-20 6.25620E-20 2.47652E-20 3.11095E-20
 2.61793E+03 6.86445E-19 0.00000E+00 0.00000E+00 0.00000E+00 0.00000E+00 0.00000E+00 0.00000E+00 0.00000E+00 0.00000E+00 4.29524E-19 1.27372E-20 1.55670E-20 3.77024E-20 4.43626E-20 6.23867E-20 2.46583E-20 3.09742E-20
 2.62128E+03 6.91936E-19 0.00000E+00 0.00000E+00 0.00000E+00 0.00000E+00 0.00000E+00 0.00000E+00 0.00000E+00 0.00000E+00 4.35753E-19 1.27130E-20 1.55405E-20 3.76210E-20 4.42424E-20 6.22119E-20 2.45519E-20 3.08395E-20
 2.62463E+03 6.94901E-19 0.00000E+00 0.00000E+00 0.00000E+00 0.00000E+00 0.00000E+00 0.00000E+00 0.00000E+00 0.00000E+00 4.39454E-19 1.26888E-20 1.55140E-20 3.75397E-20 4.41224E-20 6.20375E-20 2.44458E-20 3.07054E-20
 2.62798E+03 6.95423E-19 0.00000E+00 0.00000E+00 0.00000E+00 0.00000E+00 0.00000E+00 0.00000E+00 0.00000E+00 0.00000E+00 4.40710E-19 1.26646E-20 1.54876E-20 3.74586E-20 4.40027E-20 6.18635E-20 2.43402E-20 3.05718E-20
 2.63134E+03 6.93844E-19 0.00000E+00 0.00000E+00 0.00000E+00 0.00000E+00 0.00000E+00 0.00000E+00 0.00000E+00 0.00000E+00 4.39863E-19 1.26405E-20 1.54612E-20 3.73776E-20 4.38832E-20 6.16899E-20 2.42351E-20 3.04387E-20
 2.63471E+03 6.90697E-19 0.00000E+00 0.00000E+00 0.00000E+00 0.00000E+00 0.00000E+00 0.00000E+00 0.00000E+00 0.00000E+00 4.37446E-19 1.26164E-20 1.54349E-20 3.72968E-20 4.37640E-20 6.15167E-20 2.41303E-20 3.03062E-20
 2.64145E+03 6.82018E-19 0.00000E+00 0.00000E+00 0.00000E+00 0.00000E+00 0.00000E+00 0.00000E+00 0.00000E+00 0.00000E+00 4.30221E-19 1.25683E-20 1.53822E-20 3.71356E-20 4.35264E-20 6.11715E-20 2.39221E-20 3.00429E-20
 2.64821E+03 6.73074E-19 0.00000E+00 0.00000E+00 0.00000E+00 0.00000E+00 0.00000E+00 0.00000E+00 0.00000E+00 0.00000E+00 4.22723E-19 1.25204E-20 1.53296E-20 3.69749E-20 4.32898E-20 6.08279E-20 2.37156E-20 2.97816E-20
 2.65498E+03 6.65626E-19 0.00000E+00 0.00000E+00 0.00000E+00 0.00000E+00 0.00000E+00 0.00000E+00 0.00000E+00 0.00000E+00 4.16713E-19 1.24727E-20 1.52772E-20 3.68149E-20 4.30543E-20 6.04859E-20 2.35108E-20 2.95226E-20
 2.66177E+03 6.59908E-19 0.00000E+00 0.00000E+00 0.00000E+00 0.00000E+00 0.00000E+00 0.00000E+00 0.00000E+00 0.00000E+00 4.12426E-19 1.24250E-20 1.52249E-20 3.66554E-20 4.28197E-20 6.01455E-20 2.33077E-20 2.92656E-20
 2.66858E+03 6.55421E-19 0.00000E+00 0.00000E+00 0.00000E+00 0.00000E+00 0.00000E+00 0.00000E+00 0.00000E+00 0.00000E+00 4.09362E-19 1.23776E-20 1.51726E-20 3.64964E-20 4.25863E-20 5.98066E-20 2.31062E-20 2.90108E-20
 2.69600E+03 6.39108E-19 0.00000E+00 0.00000E+00 0.00000E+00 0.00000E+00 0.00000E+00 0.00000E+00 0.00000E+00 0.00000E+00 3.98662E-19 1.21892E-20 1.49648E-20 3.58664E-20 4.16626E-20 5.84670E-20 2.23166E-20 2.80122E-20
 2.69600E+03 6.45257E-19 0.00000E+00 0.00000E+00 0.00000E+00 0.00000E+00 0.00000E+00 0.00000E+00 0.00000E+00 6.15012E-21 3.98662E-19 1.21892E-20 1.49648E-20 3.58664E-20 4.16626E-20 5.84670E-20 2.23166E-20 2.80122E-20
 2.69825E+03 6.46126E-19 0.00000E+00 0.00000E+00 0.00000E+00 0.00000E+00 0.00000E+00 0.00000E+00 0.00000E+00 8.49543E-21 3.97638E-19 1.21739E-20 1.49479E-20 3.58154E-20 4.15879E-20 5.83587E-20 2.22532E-20 2.79321E-20
 2.70050E+03 6.51124E-19 0.00000E+00 0.00000E+00 0.00000E+00 0.00000E+00 0.00000E+00 0.00000E+00 0.00000E+00 1.49806E-20 3.96603E-19 1.21586E-20 1.49310E-20 3.57644E-20 4.15133E-20 5.82506E-20 2.21900E-20 2.78522E-20
 2.70276E+03 6.64602E-19 0.00000E+00 0.00000E+00 0.00000E+00 0.00000E+00 0.00000E+00 0.00000E+00 0.00000E+00 2.99509E-20 3.95562E-19 1.21434E-20 1.49141E-20 3.57135E-20 4.14388E-20 5.81426E-20 2.21270E-20 2.77726E-20
 2.70502E+03 6.92419E-19 0.00000E+00 0.00000E+00 0.00000E+00 0.00000E+00 0.00000E+00 0.00000E+00 0.00000E+00 5.92602E-20 3.94521E-19 1.21281E-20 1.48972E-20 3.56626E-20 4.13644E-20 5.80348E-20 2.20642E-20 2.76931E-20
 2.70728E+03 7.37086E-19 0.00000E+00 0.00000E+00 0.00000E+00 0.00000E+00 0.00000E+00 0.00000E+00 0.00000E+00 1.05412E-19 3.93486E-19 1.21129E-20 1.48804E-20 3.56118E-20 4.12901E-20 5.79271E-20 2.20015E-20 2.76139E-20
 2.70954E+03 7.89914E-19 0.00000E+00 0.00000E+00 0.00000E+00 0.00000E+00 0.00000E+00 0.00000E+00 0.00000E+00 1.59714E-19 3.92461E-19 1.20977E-20 1.48636E-20 3.55610E-20 4.12160E-20 5.78196E-20 2.19390E-20 2.75348E-20
 2.71180E+03 8.34894E-19 0.00000E+00 0.00000E+00 0.00000E+00 0.00000E+00 0.00000E+00 0.00000E+00 0.00000E+00 2.06150E-19 3.91453E-19 1.20825E-20 1.48467E-20 3.55103E-20 4.11419E-20 5.77123E-20 2.18766E-20 2.74560E-20
 2.71406E+03 8.64041E-19 0.00000E+00 0.00000E+00 0.00000E+00 0.00000E+00 0.00000E+00 0.00000E+00 0.00000E+00 2.36733E-19 3.90465E-19 1.20674E-20 1.48299E-20 3.54597E-20 4.10679E-20 5.76052E-20 2.18144E-20 2.73774E-20
 2.71633E+03 8.80084E-19 0.00000E+00 0.00000E+00 0.00000E+00 0.00000E+00 0.00000E+00 0.00000E+00 0.00000E+00 2.54191E-19 3.89497E-19 1.20522E-20 1.48131E-20 3.54091E-20 4.09941E-20 5.74982E-20 2.17524E-20 2.72990E-20
 2.71860E+03 8.88541E-19 0.00000E+00 0.00000E+00 0.00000E+00 0.00000E+00 0.00000E+00 0.00000E+00 0.00000E+00 2.64040E-19 3.88550E-19 1.20371E-20 1.47963E-20 3.53586E-20 4.09203E-20 5.73913E-20 2.16906E-20 2.72208E-20
 2.72087E+03 8.93273E-19 0.00000E+00 0.00000E+00 0.00000E+00 0.00000E+00 0.00000E+00 0.00000E+00 0.00000E+00 2.70145E-19 3.87623E-19 1.20219E-20 1.47795E-20 3.53082E-20 4.08467E-20 5.72847E-20 2.16289E-20 2.71428E-20
 2.72314E+03 8.96226E-19 0.00000E+00 0.00000E+00 0.00000E+00 0.00000E+00 0.00000E+00 0.00000E+00 0.00000E+00 2.74449E-19 3.86716E-19 1.20068E-20 1.47628E-20 3.52578E-20 4.07731E-20 5.71782E-20 2.15674E-20 2.70651E-20
 2.72769E+03 8.99423E-19 0.00000E+00 0.00000E+00 0.00000E+00 0.00000E+00 0.00000E+00 0.00000E+00 0.00000E+00 2.80286E-19 3.84962E-19 1.19767E-20 1.47292E-20 3.51572E-20 4.06264E-20 5.69656E-20 2.14448E-20 2.69101E-20
 2.73225E+03 8.99797E-19 0.00000E+00 0.00000E+00 0.00000E+00 0.00000E+00 0.00000E+00 0.00000E+00 0.00000E+00 2.83216E-19 3.83288E-19 1.19466E-20 1.46958E-20 3.50568E-20 4.04800E-20 5.67537E-20 2.13229E-20 2.67560E-20
 2.73681E+03 8.97495E-19 0.00000E+00 0.00000E+00 0.00000E+00 0.00000E+00 0.00000E+00 0.00000E+00 0.00000E+00 2.83390E-19 3.81693E-19 1.19165E-20 1.46624E-20 3.49566E-20 4.03341E-20 5.65425E-20 2.12016E-20 2.66028E-20
 2.74139E+03 8.93103E-19 0.00000E+00 0.00000E+00 0.00000E+00 0.00000E+00 0.00000E+00 0.00000E+00 0.00000E+00 2.81395E-19 3.80172E-19 1.18865E-20 1.46290E-20 3.48567E-20 4.01886E-20 5.63319E-20 2.10810E-20 2.64503E-20
 2.75055E+03 8.81570E-19 0.00000E+00 0.00000E+00 0.00000E+00 0.00000E+00 0.00000E+00 0.00000E+00 0.00000E+00 2.74508E-19 3.77271E-19 1.18268E-20 1.45624E-20 3.46576E-20 3.98988E-20 5.59125E-20 2.08416E-20 2.61478E-20
 2.75975E+03 8.70581E-19 0.00000E+00 0.00000E+00 0.00000E+00 0.00000E+00 0.00000E+00 0.00000E+00 0.00000E+00 2.68114E-19 3.74409E-19 1.17672E-20 1.44960E-20 3.44594E-20 3.96107E-20 5.54957E-20 2.06048E-20 2.58485E-20
 2.76898E+03 8.61672E-19 0.00000E+00 0.00000E+00 0.00000E+00 0.00000E+00 0.00000E+00 0.00000E+00 0.00000E+00 2.63913E-19 3.71421E-19 1.17079E-20 1.44298E-20 3.42621E-20 3.93242E-20 5.50814E-20 2.03704E-20 2.55524E-20
 2.84394E+03 8.04612E-19 0.00000E+00 0.00000E+00 0.00000E+00 0.00000E+00 0.00000E+00 0.00000E+00 0.00000E+00 2.44739E-19 3.46863E-19 1.12426E-20 1.39067E-20 3.27170E-20 3.70921E-20 5.18576E-20 1.85842E-20 2.32964E-20
 3.00000E+03 7.05442E-19 0.00000E+00 0.00000E+00 0.00000E+00 0.00000E+00 0.00000E+00 0.00000E+00 0.00000E+00 2.14775E-19 3.02098E-19 1.03583E-20 1.28973E-20 2.98004E-20 3.29410E-20 4.58827E-20 1.54501E-20 1.93423E-20
 3.18500E+03 6.06345E-19 0.00000E+00 0.00000E+00 0.00000E+00 0.00000E+00 0.00000E+00 0.00000E+00 0.00000E+00 1.84380E-19 2.57629E-19 9.43754E-21 1.18252E-20 2.67953E-20 2.87546E-20 3.98876E-20 1.25325E-20 1.56662E-20
 3.18500E+03 6.55728E-19 0.00000E+00 0.00000E+00 0.00000E+00 0.00000E+00 0.00000E+00 0.00000E+00 4.93828E-20 1.84380E-19 2.57629E-19 9.43754E-21 1.18252E-20 2.67953E-20 2.87546E-20 3.98876E-20 1.25325E-20 1.56662E-20
 3.18735E+03 6.75374E-19 0.00000E+00 0.00000E+00 0.00000E+00 0.00000E+00 0.00000E+00 0.00000E+00 7.01750E-20 1.84022E-19 2.57120E-19 9.42665E-21 1.18124E-20 2.67599E-20 2.87060E-20 3.98181E-20 1.25001E-20 1.56253E-20
 3.18970E+03 6.87254E-19 0.00000E+00 0.00000E+00 0.00000E+00 0.00000E+00 0.00000E+00 0.00000E+00 8.31998E-20 1.83664E-19 2.56612E-19 9.41577E-21 1.17996E-20 2.67246E-20 2.86575E-20 3.97488E-20 1.24678E-20 1.55846E-20
 3.19205E+03 6.93247E-19 0.00000E+00 0.00000E+00 0.00000E+00 0.00000E+00 0.00000E+00 0.00000E+00 9.03360E-20 1.83307E-19 2.56104E-19 9.40491E-21 1.17868E-20 2.66894E-20 2.86090E-20 3.96795E-20 1.24355E-20 1.55440E-20
 3.19440E+03 6.95630E-19 0.00000E+00 0.00000E+00 0.00000E+00 0.00000E+00 0.00000E+00 0.00000E+00 9.38605E-20 1.82950E-19 2.55598E-19 9.39405E-21 1.17740E-20 2.66541E-20 2.85606E-20 3.96104E-20 1.24033E-20 1.55035E-20
 3.19911E+03 6.95430E-19 0.00000E+00 0.00000E+00 0.00000E+00 0.00000E+00 0.00000E+00 0.00000E+00 9.59360E-20 1.82239E-19 2.54587E-19 9.37237E-21 1.17485E-20 2.65838E-20 2.84639E-20 3.94724E-20 1.23392E-20 1.54227E-20
 3.20383E+03 6.92918E-19 0.00000E+00 0.00000E+00 0.00000E+00 0.00000E+00 0.00000E+00 0.00000E+00 9.56916E-20 1.81530E-19 2.53581E-19 9.35073E-21 1.17230E-20 2.65136E-20 2.83676E-20 3.93349E-20 1.22754E-20 1.53424E-20
 3.22277E+03 6.83346E-19 0.00000E+00 0.00000E+00 0.00000E+00 0.00000E+00 0.00000E+00 0.00000E+00 9.51133E-20 1.78720E-19 2.49589E-19 9.26462E-21 1.16214E-20 2.62345E-20 2.79849E-20 3.87888E-20 1.20232E-20 1.50249E-20
 3.24182E+03 6.75471E-19 0.00000E+00 0.00000E+00 0.00000E+00 0.00000E+00 0.00000E+00 0.00000E+00 9.61018E-20 1.75955E-19 2.45653E-19 9.17921E-21 1.15204E-20 2.59579E-20 2.76066E-20 3.82491E-20 1.17759E-20 1.47137E-20
 3.26099E+03 6.66072E-19 0.00000E+00 0.00000E+00 0.00000E+00 0.00000E+00 0.00000E+00 0.00000E+00 9.54357E-20 1.73238E-19 2.41773E-19 9.09448E-21 1.14200E-20 2.56837E-20 2.72326E-20 3.77159E-20 1.15334E-20 1.44085E-20
 3.33879E+03 6.28968E-19 0.00000E+00 0.00000E+00 0.00000E+00 0.00000E+00 0.00000E+00 0.00000E+00 9.20121E-20 1.62807E-19 2.26794E-19 8.76238E-21 1.10245E-20 2.46112E-20 2.57791E-20 3.56460E-20 1.06098E-20 1.32466E-20
 3.50000E+03 5.60375E-19 0.00000E+00 0.00000E+00 0.00000E+00 0.00000E+00 0.00000E+00 0.00000E+00 8.53711E-20 1.43619E-19 1.99329E-19 8.12971E-21 1.02631E-20 2.25804E-20 2.30708E-20 3.18000E-20 8.96900E-21 1.11843E-20
 3.70400E+03 4.87043E-19 0.00000E+00 0.00000E+00 0.00000E+00 0.00000E+00 0.00000E+00 0.00000E+00 7.78410E-20 1.23221E-19 1.70318E-19 7.42109E-21 9.39991E-21 2.03317E-20 2.01438E-20 2.76603E-20 7.31148E-21 9.10401E-21
 3.70400E+03 5.02177E-19 0.00000E+00 0.00000E+00 0.00000E+00 0.00000E+00 0.00000E+00 1.51350E-20 7.78409E-20 1.23221E-19 1.70318E-19 7.42109E-21 9.39991E-21 2.03317E-20 2.01438E-20 2.76603E-20 7.31147E-21 9.10400E-21
 3.70623E+03 5.07779E-19 0.00000E+00 0.00000E+00 0.00000E+00 0.00000E+00 0.00000E+00 2.14630E-20 7.77641E-20 1.23020E-19 1.70032E-19 7.41387E-21 9.39106E-21 2.03089E-20 2.01146E-20 2.76191E-20 7.29559E-21 9.08409E-21
 3.70845E+03 5.10959E-19 0.00000E+00 0.00000E+00 0.00000E+00 0.00000E+00 0.00000E+00 2.53687E-20 7.76873E-20 1.22819E-19 1.69747E-19 7.40665E-21 9.38222E-21 2.02862E-20 2.00854E-20 2.75779E-20 7.27973E-21 9.06421E-21
 3.71068E+03 5.12328E-19 0.00000E+00 0.00000E+00 0.00000E+00 0.00000E+00 0.00000E+00 2.74633E-20 7.76106E-20 1.22618E-19 1.69462E-19 7.39944E-21 9.37338E-21 2.02634E-20 2.00563E-20 2.75368E-20 7.26392E-21 9.04437E-21
 3.71291E+03 5.12622E-19 0.00000E+00 0.00000E+00 0.00000E+00 0.00000E+00 0.00000E+00 2.84806E-20 7.75339E-20 1.22417E-19 1.69177E-19 7.39224E-21 9.36454E-21 2.02407E-20 2.00272E-20 2.74957E-20 7.24813E-21 9.02458E-21
 3.72184E+03 5.10360E-19 0.00000E+00 0.00000E+00 0.00000E+00 0.00000E+00 0.00000E+00 2.91045E-20 7.72276E-20 1.21618E-19 1.68044E-19 7.36349E-21 9.32927E-21 2.01501E-20 1.99111E-20 2.73319E-20 7.18533E-21 8.94583E-21
 3.73977E+03 5.04630E-19 0.00000E+00 0.00000E+00 0.00000E+00 0.00000E+00 0.00000E+00 2.90978E-20 7.66171E-20 1.20034E-19 1.65798E-19 7.30629E-21 9.25903E-21 1.99700E-20 1.96806E-20 2.70069E-20 7.06133E-21 8.79036E-21
 3.77588E+03 4.93818E-19 0.00000E+00 0.00000E+00 0.00000E+00 0.00000E+00 0.00000E+00 2.95440E-20 7.54033E-20 1.16923E-19 1.61388E-19 7.19304E-21 9.11973E-21 1.96139E-20 1.92266E-20 2.63670E-20 6.81965E-21 8.48742E-21
 3.84916E+03 4.71448E-19 0.00000E+00 0.00000E+00 0.00000E+00 0.00000E+00 0.00000E+00 2.89579E-20 7.30042E-20 1.10920E-19 1.52892E-19 6.97118E-21 8.84586E-21 1.89181E-20 1.83458E-20 2.51267E-20 6.36063E-21 7.91227E-21
 4.00000E+03 4.29468E-19 0.00000E+00 0.00000E+00 0.00000E+00 0.00000E+00 0.00000E+00 2.77131E-20 6.83446E-20 9.97582E-20 1.37132E-19 6.54549E-21 8.31693E-21 1.75901E-20 1.66892E-20 2.27991E-20 5.53114E-21 6.87370E-21
 4.00700E+03 4.27639E-19 0.00000E+00 0.00000E+00 0.00000E+00 0.00000E+00 0.00000E+00 2.76515E-20 6.81378E-20 9.92759E-20 1.36453E-19 6.52668E-21 8.29347E-21 1.75317E-20 1.66171E-20 2.26980E-20 5.49593E-21 6.82964E-21
 4.00700E+03 4.45654E-19 0.00000E+00 0.00000E+00 0.00000E+00 0.00000E+00 1.80153E-20 2.76515E-20 6.81378E-20 9.92758E-20 1.36453E-19 6.52667E-21 8.29346E-21 1.75317E-20 1.66170E-20 2.26979E-20 5.49593E-21 6.82963E-21
 4.01063E+03 4.44590E-19 0.00000E+00 0.00000E+00 0.00000E+00 0.00000E+00 1.78959E-20 2.76197E-20 6.80308E-20 9.90266E-20 1.36101E-19 6.51694E-21 8.28132E-21 1.75015E-20 1.65798E-20 2.26456E-20 5.47775E-21 6.80689E-21
 4.01427E+03 4.43670E-19 0.00000E+00 0.00000E+00 0.00000E+00 0.00000E+00 1.79185E-20 2.75881E-20 6.79239E-20 9.87779E-20 1.35751E-19 6.50722E-21 8.26918E-21 1.74713E-20 1.65425E-20 2.25934E-20 5.45963E-21 6.78421E-21
 4.02156E+03 4.42078E-19 0.00000E+00 0.00000E+00 0.00000E+00 0.00000E+00 1.82067E-20 2.75253E-20 6.77106E-20 9.82823E-20 1.35053E-19 6.48782E-21 8.24495E-21 1.74110E-20 1.64683E-20 2.24893E-20 5.42355E-21 6.73906E-21
 4.03617E+03 4.38761E-19 0.00000E+00 0.00000E+00 0.00000E+00 0.00000E+00 1.86234E-20 2.74013E-20 6.72855E-20 9.72978E-20 1.33666E-19 6.44916E-21 8.19666E-21 1.72910E-20 1.63207E-20 2.22824E-20 5.35204E-21 6.64957E-21
 4.06554E+03 4.31045E-19 0.00000E+00 0.00000E+00 0.00000E+00 0.00000E+00 1.82781E-20 2.71590E-20 6.64420E-20 9.53558E-20 1.30932E-19 6.37244E-21 8.10073E-21 1.70531E-20 1.60291E-20 2.18736E-20 5.21159E-21 6.47383E-21
 4.12494E+03 4.16418E-19 0.00000E+00 0.00000E+00 0.00000E+00 0.00000E+00 1.80094E-20 2.66929E-20 6.47806E-20 9.15783E-20 1.25618E-19 6.22138E-21 7.91147E-21 1.65858E-20 1.54594E-20 2.10758E-20 4.94086E-21 6.13515E-21
 4.24635E+03 3.88465E-19 0.00000E+00 0.00000E+00 0.00000E+00 0.00000E+00 1.73350E-20 2.57925E-20 6.15562E-20 8.44342E-20 1.15585E-19 5.92877E-21 7.54337E-21 1.56844E-20 1.43735E-20 1.95575E-20 4.43878E-21 5.50735E-21
 4.50000E+03 3.37779E-19 0.00000E+00 0.00000E+00 0.00000E+00 0.00000E+00 1.60767E-20 2.39223E-20 5.54731E-20 7.16616E-20 9.77054E-20 5.38035E-21 6.84802E-21 1.40104E-20 1.24020E-20 1.68103E-20 3.57824E-21 4.43254E-21
 5.00000E+03 2.61347E-19 0.00000E+00 0.00000E+00 0.00000E+00 0.00000E+00 1.38822E-20 2.06520E-20 4.56460E-20 5.29180E-20 7.16240E-20 4.49899E-21 5.71598E-21 1.13672E-20 9.42874E-21 1.26916E-20 2.40634E-21 2.97242E-21
 5.50000E+03 2.06712E-19 0.00000E+00 0.00000E+00 0.00000E+00 0.00000E+00 1.20886E-20 1.78983E-20 3.80207E-20 3.99870E-20 5.37749E-20 3.81576E-21 4.82811E-21 9.36638E-21 7.30959E-21 9.77671E-21 1.67134E-21 2.05886E-21
 6.00000E+03 1.66560E-19 0.00000E+00 0.00000E+00 0.00000E+00 0.00000E+00 1.06043E-20 1.55862E-20 3.20102E-20 3.08191E-20 4.12032E-20 3.27548E-21 4.12106E-21 7.81962E-21 5.76284E-21 7.66306E-21 1.19273E-21 1.46567E-21
 7.00000E+03 1.13168E-19 0.00000E+00 0.00000E+00 0.00000E+00 0.00000E+00 8.32291E-21 1.19954E-20 2.33203E-20 1.92326E-20 2.54486E-20 2.48670E-21 3.08294E-21 5.63142E-21 3.73649E-21 4.91701E-21 6.49476E-22 7.94400E-22
 8.00000E+03 8.06885E-20 0.00000E+00 0.00000E+00 0.00000E+00 0.00000E+00 6.68232E-21 9.41052E-21 1.75176E-20 1.26598E-20 1.65999E-20 1.94887E-21 2.37445E-21 4.20060E-21 2.53677E-21 3.30754E-21 3.79740E-22 4.62563E-22
 9.00000E+03 5.97312E-20 0.00000E+00 0.00000E+00 0.00000E+00 0.00000E+00 5.46842E-21 7.51320E-21 1.34936E-20 8.69308E-21 1.13061E-20 1.56603E-21 1.87251E-21 3.22219E-21 1.78683E-21 2.31049E-21 2.34806E-22 2.84944E-22
 1.00000E+04 4.55643E-20 0.00000E+00 0.00000E+00 0.00000E+00 0.00000E+00 4.54753E-21 6.09270E-21 1.06151E-20 6.17713E-21 7.97421E-21 1.28412E-21 1.50577E-21 2.52860E-21 1.29723E-21 1.66470E-21 1.51893E-22 1.83668E-22
 1.10000E+04 3.56206E-20 0.00000E+00 0.00000E+00 0.00000E+00 0.00000E+00 3.83407E-21 5.00964E-21 8.50065E-21 4.51513E-21 5.78863E-21 1.07067E-21 1.23085E-21 2.02227E-21 9.65825E-22 1.23080E-21 1.01963E-22 1.22896E-22
 1.25000E+04 2.55570E-20 0.00000E+00 0.00000E+00 0.00000E+00 0.00000E+00 3.03352E-21 3.82001E-21 6.26392E-21 2.94693E-21 3.74259E-21 8.36250E-22 9.33238E-22 1.48936E-21 6.45261E-22 8.14398E-22 5.93560E-23 7.12143E-23
 1.34260E+04 2.12079E-20 0.00000E+00 0.00000E+00 0.00000E+00 0.00000E+00 2.65446E-21 3.26925E-21 5.26180E-21 2.31412E-21 2.92308E-21 7.27152E-22 7.96876E-22 1.25133E-21 5.13007E-22 6.43926E-22 4.37101E-23 5.23001E-23
 1.34260E+04 3.60754E-20 0.00000E+00 0.00000E+00 0.00000E+00 1.48675E-20 2.65446E-21 3.26925E-21 5.26179E-21 2.31412E-21 2.92308E-21 7.27152E-22 7.96876E-22 1.25133E-21 5.13007E-22 6.43926E-22 4.37100E-23 5.23000E-23
 1.34348E+04 5.09968E-20 0.00000E+00 0.00000E+00 0.00000E+00 2.98251E-20 2.65120E-21 3.26455E-21 5.25335E-21 2.30899E-21 2.91645E-21 7.26218E-22 7.95717E-22 1.24933E-21 5.11925E-22 6.42536E-22 4.35874E-23 5.21520E-23
 1.34436E+04 5.18357E-20 0.00000E+00 0.00000E+00 0.00000E+00 3.07002E-20 2.64794E-21 3.25986E-21 5.24491E-21 2.30387E-21 2.90984E-21 7.25286E-22 7.94560E-22 1.24733E-21 5.10846E-22 6.41149E-22 4.34651E-23 5.20044E-23
 1.34524E+04 5.15483E-20 0.00000E+00 0.00000E+00 0.00000E+00 3.04488E-20 2.64469E-21 3.25518E-21 5.23649E-21 2.29876E-21 2.90323E-21 7.24355E-22 7.93404E-22 1.24533E-21 5.09769E-22 6.39765E-22 4.33432E-23 5.18572E-23
 1.34612E+04 5.16418E-20 0.00000E+00 0.00000E+00 0.00000E+00 3.05784E-20 2.64144E-21 3.25050E-21 5.22808E-21 2.29366E-21 2.89665E-21 7.23425E-22 7.92249E-22 1.24333E-21 5.08694E-22 6.38384E-22 4.32216E-23 5.17104E-23
 1.34788E+04 5.21482E-20 0.00000E+00 0.00000E+00 0.00000E+00 3.11567E-20 2.63495E-21 3.24116E-21 5.21130E-21 2.28349E-21 2.88352E-21 7.21569E-22 7.89945E-22 1.23935E-21 5.06551E-22 6.35630E-22 4.29794E-23 5.14181E-23
 1.34876E+04 5.22158E-20 0.00000E+00 0.00000E+00 0.00000E+00 3.12602E-20 2.63171E-21 3.23650E-21 5.20293E-21 2.27842E-21 2.87698E-21 7.20642E-22 7.88795E-22 1.23736E-21 5.05483E-22 6.34258E-22 4.28588E-23 5.12726E-23
 1.34964E+04 5.21488E-20 0.00000E+00 0.00000E+00 0.00000E+00 3.12289E-20 2.62847E-21 3.23184E-21 5.19457E-21 2.27336E-21 2.87045E-21 7.19717E-22 7.87647E-22 1.23538E-21 5.04417E-22 6.32888E-22 4.27386E-23 5.11274E-23
 1.35318E+04 5.16811E-20 0.00000E+00 0.00000E+00 0.00000E+00 3.09038E-20 2.61556E-21 3.21328E-21 5.16126E-21 2.25325E-21 2.84449E-21 7.16027E-22 7.83070E-22 1.22748E-21 5.00175E-22 6.27439E-22 4.22610E-23 5.05511E-23
 1.35673E+04 5.14406E-20 0.00000E+00 0.00000E+00 0.00000E+00 3.08048E-20 2.60271E-21 3.19482E-21 5.12814E-21 2.23331E-21 2.81876E-21 7.12355E-22 7.78517E-22 1.21962E-21 4.95967E-22 6.22035E-22 4.17888E-23 4.99812E-23
 1.36384E+04 5.07998E-20 0.00000E+00 0.00000E+00 0.00000E+00 3.04443E-20 2.57718E-21 3.15818E-21 5.06251E-21 2.19396E-21 2.76798E-21 7.05064E-22 7.69484E-22 1.20405E-21 4.87655E-22 6.11362E-22 4.08602E-23 4.88608E-23
 1.37100E+04 5.00147E-20 0.00000E+00 0.00000E+00 0.00000E+00 2.99356E-20 2.55188E-21 3.12191E-21 4.99766E-21 2.15528E-21 2.71810E-21 6.97845E-22 7.60549E-22 1.18867E-21 4.79478E-22 6.00867E-22 3.99522E-23 4.77654E-23
 1.40000E+04 4.73263E-20 0.00000E+00 0.00000E+00 0.00000E+00 2.83163E-20 2.45293E-21 2.98053E-21 4.74585E-21 2.00712E-21 2.52719E-21 6.69663E-22 7.25751E-22 1.12895E-21 4.48066E-22 5.60591E-22 3.65151E-23 4.36215E-23
 1.50000E+04 3.92991E-20 0.00000E+00 0.00000E+00 0.00000E+00 2.34346E-20 2.15075E-21 2.55383E-21 3.99586E-21 1.58459E-21 1.98443E-21 5.84115E-22 6.21026E-22 9.51169E-22 3.57720E-22 4.45118E-22 2.70883E-23 3.22758E-23
 1.57190E+04 3.46175E-20 0.00000E+00 0.00000E+00 0.00000E+00 2.05940E-20 1.96511E-21 2.29629E-21 3.55091E-21 1.34717E-21 1.68072E-21 5.31944E-22 5.57917E-22 8.45497E-22 3.06397E-22 3.79804E-22 2.20556E-23 2.62301E-23
 1.57190E+04 4.11528E-20 0.00000E+00 0.00000E+00 6.53540E-21 2.05940E-20 1.96511E-21 2.29629E-21 3.55091E-21 1.34717E-21 1.68072E-21 5.31944E-22 5.57917E-22 8.45497E-22 3.06397E-22 3.79804E-22 2.20556E-23 2.62301E-23
 1.57294E+04 4.76802E-20 0.00000E+00 0.00000E+00 1.31246E-20 2.05566E-20 1.96261E-21 2.29284E-21 3.54499E-21 1.34409E-21 1.67679E-21 5.31242E-22 5.57073E-22 8.44091E-22 3.05728E-22 3.78954E-22 2.19917E-23 2.61534E-23
 1.57397E+04 4.75985E-20 0.00000E+00 0.00000E+00 1.31046E-20 2.05192E-20 1.96011E-21 2.28939E-21 3.53908E-21 1.34101E-21 1.67286E-21 5.30541E-22 5.56229E-22 8.42687E-22 3.05060E-22 3.78105E-22 2.19280E-23 2.60769E-23
 1.57501E+04 4.75297E-20 0.00000E+00 0.00000E+00 1.30973E-20 2.04818E-20 1.95761E-21 2.28595E-21 3.53318E-21 1.33794E-21 1.66894E-21 5.29841E-22 5.55387E-22 8.41286E-22 3.04393E-22 3.77259E-22 2.18645E-23 2.60007E-23
 1.57605E+04 4.76532E-20 0.00000E+00 0.00000E+00 1.32823E-20 2.04446E-20 1.95511E-21 2.28252E-21 3.52729E-21 1.33488E-21 1.66503E-21 5.29142E-22 5.54547E-22 8.39887E-22 3.03728E-22 3.76414E-22 2.18011E-23 2.59247E-23
 1.57709E+04 4.77558E-20 0.00000E+00 0.00000E+00 1.34463E-20 2.04074E-20 1.95262E-21 2.27909E-21 3.52141E-21 1.33183E-21 1.66113E-21 5.28444E-22 5.53707E-22 8.38490E-22 3.03064E-22 3.75571E-22 2.17380E-23 2.58489E-23
 1.57813E+04 4.77531E-20 0.00000E+00 0.00000E+00 1.35048E-20 2.03702E-20 1.95013E-21 2.27566E-21 3.51554E-21 1.32878E-21 1.65724E-21 5.27747E-22 5.52868E-22 8.37095E-22 3.02401E-22 3.74730E-22 2.16750E-23 2.57733E-23
 1.58021E+04 4.75672E-20 0.00000E+00 0.00000E+00 1.34412E-20 2.02962E-20 1.94516E-21 2.26882E-21 3.50382E-21 1.32270E-21 1.64949E-21 5.26355E-22 5.51195E-22 8.34313E-22 3.01081E-22 3.73053E-22 2.15496E-23 2.56228E-23
 1.58856E+04 4.69607E-20 0.00000E+00 0.00000E+00 1.33193E-20 2.00025E-20 1.92539E-21 2.24165E-21 3.45731E-21 1.29868E-21 1.61883E-21 5.20822E-22 5.44549E-22 8.23270E-22 2.95855E-22 3.66420E-22 2.10554E-23 2.50297E-23
 1.60539E+04 4.56484E-20 0.00000E+00 0.00000E+00 1.29561E-20 1.94272E-20 1.88642E-21 2.18820E-21 3.36602E-21 1.25193E-21 1.55922E-21 5.09924E-22 5.31483E-22 8.01603E-22 2.85671E-22 3.53501E-22 2.01014E-23 2.38852E-23
 1.63960E+04 4.31995E-20 0.00000E+00 0.00000E+00 1.23289E-20 1.83222E-20 1.81070E-21 2.08472E-21 3.19010E-21 1.16351E-21 1.44661E-21 4.88792E-22 5.06240E-22 7.59912E-22 2.66343E-22 3.29018E-22 1.83258E-23 2.17563E-23
 1.63960E+04 4.97358E-20 0.00000E+00 6.53630E-21 1.23289E-20 1.83222E-20 1.81070E-21 2.08472E-21 3.19009E-21 1.16351E-21 1.44661E-21 4.88792E-22 5.06239E-22 7.59912E-22 2.66343E-22 3.29018E-22 1.83258E-23 2.17563E-23
 1.64043E+04 4.96402E-20 0.00000E+00 6.49913E-21 1.23132E-20 1.82963E-20 1.80891E-21 2.08228E-21 3.18595E-21 1.16146E-21 1.44400E-21 4.88293E-22 5.05644E-22 7.58932E-22 2.65893E-22 3.28448E-22 1.82850E-23 2.17074E-23
 1.64127E+04 4.97101E-20 0.00000E+00 6.62736E-21 1.22976E-20 1.82704E-20 1.80712E-21 2.07983E-21 3.18182E-21 1.15941E-21 1.44139E-21 4.87794E-22 5.05050E-22 7.57953E-22 2.65444E-22 3.27880E-22 1.82444E-23 2.16587E-23
 1.64294E+04 4.97383E-20 0.00000E+00 6.77189E-21 1.22665E-20 1.82186E-20 1.80354E-21 2.07496E-21 3.17356E-21 1.15532E-21 1.43619E-21 4.86797E-22 5.03863E-22 7.55999E-22 2.64548E-22 3.26746E-22 1.81633E-23 2.15615E-23
 1.64629E+04 4.94086E-20 0.00000E+00 6.67356E-21 1.22050E-20 1.81155E-20 1.79641E-21 2.06524E-21 3.15710E-21 1.14718E-21 1.42584E-21 4.84810E-22 5.01497E-22 7.52105E-22 2.62764E-22 3.24489E-22 1.80023E-23 2.13686E-23
 1.65301E+04 4.89398E-20 0.00000E+00 6.66291E-21 1.20838E-20 1.79110E-20 1.78222E-21 2.04593E-21 3.12443E-21 1.13108E-21 1.40537E-21 4.80859E-22 4.96797E-22 7.44376E-22 2.59234E-22 3.20024E-22 1.76848E-23 2.09882E-23
 1.66653E+04 4.79483E-20 0.00000E+00 6.57524E-21 1.18432E-20 1.75083E-20 1.75417E-21 2.00780E-21 3.06002E-21 1.09959E-21 1.36534E-21 4.73052E-22 4.87523E-22 7.29149E-22 2.52316E-22 3.11278E-22 1.70675E-23 2.02487E-23
 1.69390E+04 4.60146E-20 0.00000E+00 6.40120E-21 1.13682E-20 1.67279E-20 1.69931E-21 1.93347E-21 2.93488E-21 1.03925E-21 1.28873E-21 4.57805E-22 4.69464E-22 6.99592E-22 2.39031E-22 2.94501E-22 1.59000E-23 1.88508E-23
 1.75000E+04 4.23640E-20 0.00000E+00 6.05416E-21 1.04759E-20 1.52633E-20 1.59432E-21 1.79223E-21 2.69870E-21 9.28189E-22 1.14801E-21 4.28697E-22 4.35194E-22 6.43833E-22 2.14470E-22 2.63546E-22 1.38011E-23 1.63403E-23
 2.00000E+04 3.01039E-20 0.00000E+00 4.79238E-21 7.45149E-21 1.04384E-20 1.22279E-21 1.30638E-21 1.90401E-21 5.79837E-22 7.09211E-22 3.26454E-22 3.17235E-22 4.55432E-22 1.36469E-22 1.65811E-22 7.63747E-24 8.99049E-24
 2.20000E+04 2.35252E-20 0.00000E+00 4.02980E-21 5.80837E-21 7.92721E-21 1.00849E-21 1.03720E-21 1.47726E-21 4.12882E-22 5.00857E-22 2.68058E-22 2.52020E-22 3.54101E-22 9.83546E-23 1.18513E-22 4.98825E-24 5.84620E-24
 2.50000E+04 1.68518E-20 0.00000E+00 3.16923E-21 4.13376E-21 5.45469E-21 7.75544E-22 7.56387E-22 1.04474E-21 2.60622E-22 3.12553E-22 2.05084E-22 1.84037E-22 2.51192E-22 6.30180E-23 7.50662E-23 2.80512E-24 3.26767E-24
 3.00000E+04 1.04191E-20 0.00000E+00 2.21896E-21 2.51867E-21 3.17175E-21 5.28890E-22 4.76589E-22 6.30203E-22 1.34056E-22 1.58060E-22 1.39018E-22 1.16280E-22 1.52220E-22 3.30409E-23 3.86899E-23 1.22579E-24 1.41488E-24
 3.50000E+04 6.91048E-21 0.00000E+00 1.62229E-21 1.64246E-21 1.98999E-21 3.79871E-22 3.19367E-22 4.06988E-22 7.58763E-23 8.81227E-23 9.94391E-23 7.81425E-23 9.87000E-23 1.89737E-23 2.18839E-23 6.05795E-25 6.93545E-25
 4.00000E+04 4.82949E-21 0.00000E+00 1.22656E-21 1.12786E-21 1.32200E-21 2.83662E-22 2.24271E-22 2.76763E-22 4.61317E-23 5.28529E-23 7.40406E-23 5.50259E-23 6.73538E-23 1.16679E-23 1.32756E-23 3.27982E-25 3.72758E-25
 4.50000E+04 3.51456E-21 0.00000E+00 9.52660E-22 8.06555E-22 9.18276E-22 2.18349E-22 1.63414E-22 1.95985E-22 2.96485E-23 3.35534E-23 5.68744E-23 4.01971E-23 4.78432E-23 7.56945E-24 8.50651E-24 1.90536E-25 2.15091E-25
 5.00000E+04 2.64153E-21 0.00000E+00 7.56447E-22 5.95972E-22 6.61081E-22 1.72227E-22 1.22686E-22 1.43397E-22 1.99241E-23 2.22932E-23 4.47914E-23 3.02496E-23 3.51014E-23 5.12603E-24 5.69573E-24 1.17082E-25 1.31340E-25
 5.50000E+04 2.03832E-21 0.00000E+00 6.11832E-22 4.52402E-22 4.90110E-22 1.38602E-22 9.44137E-23 1.07791E-22 1.38876E-23 1.53761E-23 3.60045E-23 2.33283E-23 2.64493E-23 3.59614E-24 3.95430E-24 7.53160E-26 8.39906E-26
 6.00000E+04 1.60767E-21 0.00000E+00 5.02678E-22 3.51261E-22 3.72389E-22 1.13435E-22 7.41828E-23 8.28845E-23 9.97881E-24 1.09421E-23 2.94404E-23 1.83655E-23 2.03820E-23 2.59858E-24 2.82977E-24 5.03313E-26 5.58160E-26
 7.00000E+04 1.05437E-21 0.00000E+00 3.52688E-22 2.23738E-22 2.28204E-22 7.91621E-23 4.81887E-23 5.17988E-23 5.54787E-24 5.97746E-24 2.05199E-23 1.19705E-23 1.27845E-23 1.45777E-24 1.56001E-24 2.46427E-26 2.70492E-26
 8.00000E+04 7.30795E-22 0.00000E+00 2.57911E-22 1.51018E-22 1.48920E-22 5.76975E-23 3.30397E-23 3.43302E-23 3.33374E-24 3.53713E-24 1.49443E-23 8.23045E-24 8.49853E-24 8.82084E-25 9.29614E-25 1.32917E-26 1.44598E-26
 9.00000E+04 5.28554E-22 0.00000E+00 1.94869E-22 1.06633E-22 1.02044E-22 4.35035E-23 2.36285E-23 2.38209E-23 2.12721E-24 2.22664E-24 1.12623E-23 5.90006E-24 5.91161E-24 5.66015E-25 5.88508E-25 7.72442E-27 8.33500E-27
 9.05340E+04 5.20021E-22 0.00000E+00 1.92127E-22 1.04784E-22 1.00124E-22 4.28877E-23 2.32330E-23 2.33867E-23 2.07985E-24 2.17559E-24 1.11027E-23 5.80198E-24 5.80454E-24 5.53558E-25 5.75169E-25 7.51783E-27 8.10874E-27
 9.05340E+04 2.37086E-21 1.85084E-21 1.92126E-22 1.04784E-22 1.00124E-22 4.28877E-23 2.32330E-23 2.33866E-23 2.07985E-24 2.17558E-24 1.11027E-23 5.80198E-24 5.80453E-24 5.53558E-25 5.75169E-25 7.51783E-27 8.10874E-27
 9.06044E+04 2.39106E-21 1.87215E-21 1.91769E-22 1.04543E-22 9.98739E-23 4.28074E-23 2.31816E-23 2.33302E-23 2.07371E-24 2.16896E-24 1.10819E-23 5.78922E-24 5.79061E-24 5.51942E-25 5.73439E-25 7.49109E-27 8.07946E-27
 9.06748E+04 2.39617E-21 1.87836E-21 1.91412E-22 1.04303E-22 9.96249E-23 4.27273E-23 2.31302E-23 2.32738E-23 2.06758E-24 2.16236E-24 1.10611E-23 5.77648E-24 5.77672E-24 5.50330E-25 5.71713E-25 7.46445E-27 8.05029E-27
 9.08158E+04 2.38721E-21 1.87162E-21 1.90700E-22 1.03825E-22 9.91286E-23 4.25674E-23 2.30278E-23 2.31616E-23 2.05538E-24 2.14922E-24 1.10197E-23 5.75109E-24 5.74903E-24 5.47120E-25 5.68278E-25 7.41143E-27 7.99224E-27
 9.10984E+04 2.37020E-21 1.85900E-21 1.89284E-22 1.02874E-22 9.81432E-23 4.22495E-23 2.28244E-23 2.29385E-23 2.03119E-24 2.12316E-24 1.09372E-23 5.70062E-24 5.69403E-24 5.40754E-25 5.61467E-25 7.30647E-27 7.87735E-27
 9.16664E+04 2.33276E-21 1.83024E-21 1.86481E-22 1.00999E-22 9.62007E-23 4.16203E-23 2.24226E-23 2.24987E-23 1.98363E-24 2.07195E-24 1.07741E-23 5.60096E-24 5.58555E-24 5.28236E-25 5.48080E-25 7.10087E-27 7.65234E-27
 9.28130E+04 2.26050E-21 1.77490E-21 1.80993E-22 9.73473E-23 9.24279E-23 4.03885E-23 2.16397E-23 2.16435E-23 1.89177E-24 1.97316E-24 1.04548E-23 5.40670E-24 5.37457E-24 5.04047E-25 5.22240E-25 6.70657E-27 7.22108E-27
 9.51494E+04 2.12227E-21 1.66882E-21 1.70478E-22 9.04344E-23 8.53182E-23 3.80300E-23 2.01540E-23 2.00281E-23 1.72067E-24 1.78950E-24 9.84356E-24 5.03791E-24 4.97591E-24 4.58941E-25 4.74156E-25 5.98276E-27 6.43045E-27
 1.00000E+05 1.86812E-21 1.47268E-21 1.51190E-22 7.80553E-23 7.27072E-23 3.37090E-23 1.74812E-23 1.71500E-23 1.42420E-24 1.47270E-24 8.72395E-24 4.37389E-24 4.26496E-24 3.80633E-25 3.91044E-25 4.76609E-27 5.10498E-27
 1.10000E+05 1.46079E-21 1.15667E-21 1.19907E-22 5.88480E-23 5.34879E-23 2.67135E-23 1.32986E-23 1.27273E-23 9.91411E-25 1.01430E-24 6.91214E-24 3.33319E-24 3.17080E-24 2.65962E-25 2.70336E-25 3.08687E-27 3.28478E-27
 1.25000E+05 1.04726E-21 8.33392E-22 8.76061E-23 4.02940E-23 3.54352E-23 1.95065E-23 9.20747E-24 8.52315E-24 6.10982E-25 6.16366E-25 5.04659E-24 2.31293E-24 2.12816E-24 1.64671E-25 1.65065E-25 1.73094E-27 1.82645E-27
 1.40000E+05 7.78013E-22 6.21423E-22 6.61702E-23 2.88173E-23 2.46116E-23 1.47320E-23 6.64479E-24 5.97160E-24 3.98772E-25 3.97517E-25 3.81120E-24 1.67220E-24 1.49379E-24 1.07862E-25 1.06854E-25 1.04138E-27 1.09097E-27
 1.50000E+05 6.48781E-22 5.19214E-22 5.57297E-23 2.35080E-23 1.97238E-23 1.24085E-23 5.44851E-24 4.80926E-24 3.07910E-25 3.04872E-25 3.21013E-24 1.37261E-24 1.20430E-24 8.34715E-26 8.21235E-26 7.66264E-28 7.99467E-28
 1.75000E+05 4.31909E-22 3.46939E-22 3.79059E-23 1.49427E-23 1.20533E-23 8.44391E-24 3.49993E-24 2.96867E-24 1.73596E-25 1.69436E-25 2.18467E-24 8.83671E-25 7.44992E-25 4.72543E-26 4.58452E-26 3.89240E-28 4.02719E-28
 2.00000E+05 3.03591E-22 2.44504E-22 2.71180E-23 1.01205E-23 7.89463E-24 6.04469E-24 2.38993E-24 1.95941E-24 1.06279E-25 1.02661E-25 1.56413E-24 6.04443E-25 4.92545E-25 2.90262E-26 2.78687E-26 2.18610E-28 2.24902E-28
 2.20000E+05 2.36217E-22 1.90549E-22 2.13517E-23 7.67974E-24 5.85204E-24 4.76192E-24 1.82313E-24 1.45964E-24 7.51771E-26 7.21500E-26 1.23234E-24 4.61611E-25 3.67313E-25 2.05750E-26 1.96301E-26 1.45694E-28 1.49396E-28
 2.50000E+05 1.69020E-22 1.36604E-22 1.55058E-23 5.32217E-24 3.93356E-24 3.46080E-24 1.27155E-24 9.86958E-25 4.75394E-26 4.53219E-26 8.95778E-25 3.22401E-25 2.48691E-25 1.30414E-26 1.23614E-26 8.51871E-29 8.71789E-29
 2.73861E+05 1.33236E-22 1.07818E-22 1.23441E-23 4.10355E-24 2.96873E-24 2.75666E-24 9.84520E-25 7.47749E-25 3.43549E-26 3.26405E-26 7.13609E-25 2.49852E-25 1.88578E-25 9.44030E-27 8.91748E-27 5.82841E-29 5.96377E-29
 3.00000E+05 1.05454E-22 8.54343E-23 9.85674E-24 3.18083E-24 2.25570E-24 2.20234E-24 7.65972E-25 5.70056E-25 2.50550E-26 2.37582E-26 5.70181E-25 1.94548E-25 1.43873E-25 6.89590E-27 6.50139E-27 4.04884E-29 4.14608E-29
 3.24037E+05 8.66153E-23 7.02382E-23 8.15265E-24 2.56753E-24 1.79102E-24 1.82235E-24 6.20104E-25 4.53810E-25 1.92174E-26 1.82137E-26 4.71847E-25 1.57601E-25 1.14602E-25 5.29548E-27 4.98981E-27 2.97977E-29 3.05739E-29
 3.50000E+05 7.12840E-23 5.78593E-23 6.75279E-24 2.07720E-24 1.42612E-24 1.51002E-24 5.03062E-25 3.62225E-25 1.47868E-26 1.40229E-26 3.91013E-25 1.27932E-25 9.15243E-26 4.07850E-27 3.84518E-27 2.19907E-29 2.26353E-29
 3.74166E+05 6.03022E-23 4.89845E-23 5.74180E-24 1.73172E-24 1.17325E-24 1.28434E-24 4.20325E-25 2.98569E-25 1.18126E-26 1.12161E-26 3.32596E-25 1.06942E-25 7.54728E-26 3.26076E-27 3.07831E-27 1.69776E-29 1.75245E-29
 4.00000E+05 5.11258E-23 4.15628E-23 4.89060E-24 1.44748E-24 9.68441E-25 1.09424E-24 3.52047E-25 2.46873E-25 9.47667E-27 9.01548E-27 2.83383E-25 8.96099E-26 6.24287E-26 2.61790E-27 2.47673E-27 1.31994E-29 1.36692E-29
 4.50000E+05 3.83667E-23 3.12333E-23 3.69656E-24 1.05984E-24 6.94385E-25 8.27399E-25 2.58593E-25 1.77485E-25 6.46572E-27 6.18693E-27 2.14296E-25 6.58713E-26 4.49088E-26 1.78817E-27 1.70130E-27 8.49997E-30 8.90733E-30
 5.00000E+05 2.98351E-23 2.43179E-23 2.88996E-24 8.06758E-25 5.19520E-25 6.47016E-25 1.97341E-25 1.33054E-25 4.63028E-27 4.46297E-27 1.67586E-25 5.02964E-26 3.36828E-26 1.28237E-27 1.22863E-27 5.80920E-30 6.16247E-30
 5.50000E+05 2.38733E-23 1.94803E-23 2.32176E-24 6.33592E-25 4.02154E-25 5.19878E-25 1.55290E-25 1.03157E-25 3.45033E-27 3.35189E-27 1.34660E-25 3.95956E-26 2.61233E-26 9.56082E-28 9.23468E-28 4.15531E-30 4.46304E-30
 6.00000E+05 1.95542E-23 1.59721E-23 1.90748E-24 5.10485E-25 3.20073E-25 4.27142E-25 1.25314E-25 8.22023E-26 2.65451E-27 2.60125E-27 1.10640E-25 3.19653E-26 2.08220E-26 7.35770E-28 7.17012E-28 3.08251E-30 3.35450E-30
 6.48074E+05 1.64307E-23 1.34328E-23 1.60638E-24 4.22910E-25 2.62464E-25 3.59719E-25 1.03949E-25 6.74694E-26 2.11252E-27 2.08819E-27 9.31757E-26 2.65236E-26 1.70938E-26 5.85930E-28 5.75925E-28 2.38112E-30 2.61965E-30
 7.00000E+05 1.38617E-23 1.13423E-23 1.35761E-24 3.52056E-25 2.16452E-25 3.04001E-25 8.66326E-26 5.56839E-26 1.69305E-27 1.68895E-27 7.87429E-26 2.21102E-26 1.41106E-26 4.69976E-28 4.66108E-28 1.85768E-30 2.06572E-30
 7.48331E+05 1.19877E-23 9.81615E-24 1.17556E-24 3.01102E-25 1.83698E-25 2.63219E-25 7.41612E-26 4.72852E-26 1.40283E-27 1.41114E-27 6.81787E-26 1.89305E-26 1.19838E-26 3.89516E-28 3.89561E-28 1.50117E-30 1.69142E-30
 8.00000E+05 1.03914E-23 8.51508E-24 1.02004E-24 2.58273E-25 1.56414E-25 2.28379E-25 6.36638E-26 4.02824E-26 1.16725E-27 1.18438E-27 5.91533E-26 1.62537E-26 1.02100E-26 3.24076E-28 3.26993E-28 1.21682E-30 1.39367E-30
 8.48528E+05 9.17690E-24 7.52450E-24 9.01459E-25 2.26095E-25 1.36078E-25 2.01812E-25 5.57668E-26 3.50578E-26 9.95340E-28 1.01814E-27 5.22705E-26 1.42396E-26 8.88652E-27 2.76411E-28 2.81134E-28 1.01612E-30 1.17938E-30
 9.00000E+05 8.12033E-24 6.66209E-24 7.98090E-25 1.98434E-25 1.18723E-25 1.78653E-25 4.89708E-26 3.05952E-26 8.51548E-28 8.78339E-28 4.62707E-26 1.25061E-26 7.75602E-27 2.36623E-28 2.42589E-28 8.53383E-31 1.00212E-30
 1.00000E+06 6.55132E-24 5.38016E-24 6.44261E-25 1.57991E-25 9.35688E-26 1.44187E-25 3.90239E-26 2.41223E-26 6.48988E-28 6.79471E-28 3.73423E-26 9.96802E-27 6.11566E-27 1.80519E-28 1.87757E-28 6.29154E-31 7.55309E-31
 1.10000E+06 5.42013E-24 4.45483E-24 5.33118E-25 1.29384E-25 7.59553E-26 1.19286E-25 3.19790E-26 1.95868E-26 5.12382E-28 5.43620E-28 3.08916E-26 8.16915E-27 4.96609E-27 1.42478E-28 1.50274E-28 4.83452E-31 5.90243E-31
 1.17260E+06 4.78410E-24 3.93405E-24 4.70543E-25 1.13530E-25 6.62655E-26 1.05268E-25 2.80705E-26 1.70904E-26 4.39235E-28 4.70179E-28 2.72604E-26 7.17126E-27 4.33320E-27 1.22125E-28 1.29975E-28 4.06802E-31 5.03456E-31
 1.25000E+06 4.23198E-24 3.48165E-24 4.16178E-25 9.99236E-26 5.79969E-26 9.30907E-26 2.47133E-26 1.49592E-26 3.78056E-28 4.08273E-28 2.41059E-26 6.31423E-27 3.79284E-27 1.05145E-28 1.12850E-28 3.43799E-31 4.31805E-31
 1.40000E+06 3.41982E-24 2.81554E-24 3.36142E-25 8.01855E-26 4.60864E-26 7.51659E-26 1.98392E-26 1.18879E-26 2.92025E-28 3.20265E-28 1.94625E-26 5.06942E-27 3.01421E-27 8.12826E-29 8.85439E-29 2.58574E-31 3.31436E-31
 1.50000E+06 3.01222E-24 2.48092E-24 2.95951E-25 7.04163E-26 4.02342E-26 6.61661E-26 1.74256E-26 1.03783E-26 2.50910E-28 2.77648E-28 1.71315E-26 4.45300E-27 2.63144E-27 6.98730E-29 7.68012E-29 2.17780E-31 2.85168E-31
 1.62019E+06 2.61970E-24 2.15846E-24 2.57235E-25 6.10954E-26 3.46847E-26 5.74966E-26 1.51217E-26 8.94644E-27 2.12818E-28 2.37717E-28 1.48860E-26 3.86440E-27 2.26835E-27 5.92790E-29 6.57667E-29 1.81114E-31 2.41664E-31
 1.75000E+06 2.28550E-24 1.88370E-24 2.24267E-25 5.32435E-26 3.00302E-26 5.01178E-26 1.31811E-26 7.74566E-27 1.81545E-28 2.04607E-28 1.29750E-26 3.36846E-27 1.96386E-27 5.05588E-29 5.65914E-29 1.52054E-31 2.05183E-31
 1.87083E+06 2.03421E-24 1.67697E-24 1.99481E-25 4.73942E-26 2.65660E-26 4.45759E-26 1.17364E-26 6.85243E-27 1.58536E-28 1.80129E-28 1.15401E-26 2.99938E-27 1.73738E-27 4.41355E-29 4.98171E-29 1.30581E-31 1.78669E-31
 2.00000E+06 1.81394E-24 1.49571E-24 1.77752E-25 4.22747E-26 2.35812E-26 3.97083E-26 1.04682E-26 6.08138E-27 1.39330E-28 1.59289E-28 1.02793E-26 2.67525E-27 1.54178E-27 3.87736E-29 4.40557E-29 1.13072E-31 1.56898E-31
 2.20000E+06 1.54478E-24 1.27424E-24 1.51182E-25 3.59530E-26 2.00486E-26 3.37180E-26 8.88872E-27 5.16342E-27 1.18291E-28 1.35235E-28 8.72512E-27 2.27074E-27 1.30863E-27 3.29094E-29 3.73924E-29 9.59676E-32 1.33163E-31
 2.34521E+06 1.38973E-24 1.14662E-24 1.35888E-25 3.23107E-26 1.80219E-26 3.02734E-26 7.97937E-27 4.63717E-27 1.06329E-28 1.21487E-28 7.83163E-27 2.03790E-27 1.17500E-27 2.95764E-29 3.35840E-29 8.63696E-32 1.19673E-31
 2.50000E+06 1.25237E-24 1.03354E-24 1.22352E-25 2.90942E-26 1.62177E-26 2.72336E-26 7.17898E-27 4.16988E-27 9.55230E-29 1.09204E-28 7.04371E-27 1.83311E-27 1.05641E-27 2.65655E-29 3.01843E-29 7.74647E-32 1.07489E-31
 2.73861E+06 1.08202E-24 8.93284E-25 1.05563E-25 2.51023E-26 1.39848E-26 2.34670E-26 6.18649E-27 3.59204E-27 8.22305E-29 9.40439E-29 6.06766E-27 1.57923E-27 9.09784E-28 2.28631E-29 2.59887E-29 6.66014E-32 9.25058E-32
 3.00000E+06 9.38381E-25 7.75021E-25 9.13996E-26 2.17315E-26 1.21077E-26 2.02929E-26 5.34908E-27 3.10666E-27 7.11603E-29 8.13498E-29 5.24535E-27 1.36506E-27 7.86650E-28 1.97812E-29 2.24756E-29 5.76783E-32 8.00333E-32
 3.24037E+06 8.33586E-25 6.88741E-25 8.10619E-26 1.92722E-26 1.07367E-26 1.79801E-26 4.73919E-27 2.75264E-27 6.30627E-29 7.20820E-29 4.64642E-27 1.20914E-27 6.96871E-28 1.75273E-29 1.99117E-29 5.11227E-32 7.09125E-32
 3.50000E+06 7.42074E-25 6.13400E-25 7.20293E-26 1.71245E-26 9.53754E-27 1.59626E-26 4.20748E-27 2.44344E-27 5.59650E-29 6.39776E-29 4.12419E-27 1.07327E-27 6.18485E-28 1.55520E-29 1.76704E-29 4.53450E-32 6.29197E-32
 4.00000E+06 6.09544E-25 5.04299E-25 5.89369E-26 1.40109E-26 7.80131E-27 1.30426E-26 3.43772E-27 1.99629E-27 4.57210E-29 5.22663E-29 3.36859E-27 8.76623E-28 5.05158E-28 1.27021E-29 1.44322E-29 3.70342E-32 5.13879E-32
 4.50000E+06 5.14913E-25 4.26402E-25 4.95813E-26 1.17862E-26 6.56118E-27 1.09600E-26 2.88870E-27 1.67740E-27 3.84158E-29 4.39148E-29 2.82991E-27 7.36431E-28 4.24367E-28 1.06704E-29 1.21238E-29 3.11099E-32 4.31674E-32
 5.00000E+06 4.44394E-25 3.68349E-25 4.26088E-26 1.01283E-26 5.63729E-27 9.41013E-27 2.48017E-27 1.44011E-27 3.29805E-29 3.77011E-29 2.42920E-27 6.32147E-28 3.64270E-28 9.15920E-30 1.04067E-29 2.67033E-32 3.70529E-32
 5.50000E+06 3.90050E-25 3.23603E-25 3.72386E-26 8.85150E-27 4.92591E-27 8.21794E-27 2.16591E-27 1.25760E-27 2.87999E-29 3.29219E-29 2.12105E-27 5.51953E-28 3.18056E-28 7.99711E-30 9.08632E-30 2.33149E-32 3.23512E-32
 6.00000E+06 3.47047E-25 2.88188E-25 3.29917E-26 7.84179E-27 4.36347E-27 7.27611E-27 1.91766E-27 1.11343E-27 2.54976E-29 2.91468E-29 1.87767E-27 4.88617E-28 2.81558E-28 7.07932E-30 8.04352E-30 2.06389E-32 2.86380E-32
 6.48074E+06 3.13422E-25 2.60487E-25 2.96752E-26 7.05332E-27 3.92435E-27 6.54125E-27 1.72396E-27 1.00094E-27 2.29213E-29 2.62016E-29 1.68782E-27 4.39211E-28 2.53087E-28 6.36341E-30 7.23009E-30 1.85515E-32 2.57416E-32
 7.00000E+06 2.83563E-25 2.35879E-25 2.67349E-26 6.35431E-27 3.53510E-27 5.89028E-27 1.55238E-27 9.01301E-28 2.06391E-29 2.35928E-29 1.51967E-27 3.95452E-28 2.27870E-28 5.72935E-30 6.50967E-30 1.67028E-32 2.31764E-32
 8.00000E+06 2.39166E-25 1.99265E-25 2.23756E-26 5.31803E-27 2.95815E-27 4.92607E-27 1.29824E-27 7.53727E-28 1.72593E-29 1.97291E-29 1.27067E-27 3.30655E-28 1.90531E-28 4.79046E-30 5.44290E-30 1.39654E-32 1.93780E-32
 9.00000E+06 2.06495E-25 1.72295E-25 1.91826E-26 4.55901E-27 2.53566E-27 4.22058E-27 1.11230E-27 6.45756E-28 1.47866E-29 1.69025E-29 1.08853E-27 2.83256E-28 1.63218E-28 4.10369E-30 4.66259E-30 1.19631E-32 1.65997E-32
 1.00000E+07 1.81513E-25 1.51648E-25 1.67528E-26 3.98145E-27 2.21422E-27 3.68419E-27 9.70929E-28 5.63670E-28 1.29067E-29 1.47536E-29 9.50076E-28 2.47227E-28 1.42456E-28 3.58167E-30 4.06947E-30 1.04412E-32 1.44880E-32
 1.10000E+07 1.61192E-25 1.34727E-25 1.48475E-26 3.52857E-27 1.96221E-27 3.26388E-27 8.60153E-28 4.99351E-28 1.14338E-29 1.30698E-29 8.41604E-28 2.19000E-28 1.26191E-28 3.17270E-30 3.60479E-30 9.24890E-33 1.28335E-32
 1.25000E+07 1.37775E-25 1.15213E-25 1.26598E-26 3.00858E-27 1.67289E-27 2.78161E-27 7.33049E-28 4.25554E-28 9.74387E-30 1.11380E-29 7.17163E-28 1.86617E-28 1.07531E-28 2.70353E-30 3.07173E-30 7.88113E-33 1.09356E-32
 1.40000E+07 1.20125E-25 1.00493E-25 1.10167E-26 2.61806E-27 1.45564E-27 2.41967E-27 6.37659E-28 3.70171E-28 8.47567E-30 9.68834E-30 6.23787E-28 1.62319E-28 9.35295E-29 2.35150E-30 2.67174E-30 6.85483E-33 9.51158E-33
 1.50000E+07 1.10607E-25 9.25504E-26 1.01329E-26 2.40800E-27 1.33880E-27 2.22507E-27 5.86375E-28 3.40397E-28 7.79387E-30 8.90897E-30 5.73591E-28 1.49257E-28 8.60028E-29 2.16225E-30 2.45673E-30 6.30314E-33 8.74607E-33
 1.75000E+07 9.21939E-26 7.71777E-26 8.42781E-27 2.00276E-27 1.11340E-27 1.84985E-27 4.87488E-28 2.82987E-28 6.47928E-30 7.40627E-30 4.76814E-28 1.24073E-28 7.14916E-29 1.79741E-30 2.04219E-30 5.23953E-33 7.27023E-33
 2.00000E+07 7.89360E-26 6.61014E-26 7.20405E-27 1.71192E-27 9.51653E-28 1.58073E-27 4.16563E-28 2.41811E-28 5.53646E-30 6.32854E-30 4.07413E-28 1.06014E-28 6.10854E-29 1.53577E-30 1.74492E-30 4.47682E-33 6.21191E-33
 2.20000E+07 7.07485E-26 5.92578E-26 6.45005E-27 1.53273E-27 8.52007E-28 1.41499E-27 3.72885E-28 2.16455E-28 4.95586E-30 5.66486E-30 3.64677E-28 9.48932E-29 5.46776E-29 1.37466E-30 1.56188E-30 4.00717E-33 5.56023E-33
 2.50000E+07 6.11822E-26 5.12585E-26 5.57085E-27 1.32379E-27 7.35827E-28 1.22180E-27 3.21974E-28 1.86900E-28 4.27914E-30 4.89132E-30 3.14869E-28 8.19324E-29 4.72094E-29 1.18690E-30 1.34854E-30 3.45981E-33 4.80074E-33
 3.00000E+07 4.98777E-26 4.18009E-26 4.53447E-27 1.07750E-27 5.98892E-28 9.94195E-28 2.61992E-28 1.52079E-28 3.48187E-30 3.97998E-30 2.56192E-28 6.66640E-29 3.84116E-29 9.65708E-31 1.09722E-30 2.81502E-33 3.90604E-33
 3.50000E+07 4.20675E-26 3.52635E-26 3.82014E-27 9.07751E-28 5.04520E-28 8.37389E-28 2.20669E-28 1.28091E-28 2.93264E-30 3.35217E-30 2.15774E-28 5.61464E-29 3.23514E-29 8.13344E-31 9.24110E-31 2.37087E-33 3.28975E-33
 4.00000E+07 3.63561E-26 3.04811E-26 3.29870E-27 7.83839E-28 4.35637E-28 7.22965E-28 1.90515E-28 1.10587E-28 2.53187E-30 2.89406E-30 1.86282E-28 4.84723E-29 2.79295E-29 7.02172E-31 7.97798E-31 2.04680E-33 2.84008E-33
 4.50000E+07 3.20015E-26 2.68337E-26 2.90167E-27 6.89491E-28 3.83192E-28 6.35865E-28 1.67562E-28 9.72631E-29 2.22681E-30 2.54536E-30 1.63834E-28 4.26311E-29 2.45638E-29 6.17554E-31 7.01656E-31 1.80013E-33 2.49782E-33
 5.00000E+07 2.85733E-26 2.39617E-26 2.58945E-27 6.15299E-28 3.41952E-28 5.67386E-28 1.49516E-28 8.67878E-29 1.98697E-30 2.27121E-30 1.46186E-28 3.80389E-29 2.19178E-29 5.51031E-31 6.26073E-31 1.60622E-33 2.22874E-33
 5.50000E+07 2.58054E-26 2.16424E-26 2.33759E-27 5.55450E-28 3.08686E-28 5.12155E-28 1.34962E-28 7.83392E-29 1.79354E-30 2.05011E-30 1.31953E-28 3.43354E-29 1.97838E-29 4.97380E-31 5.65115E-31 1.44983E-33 2.01174E-33
 6.00000E+07 2.35243E-26 1.97308E-26 2.13019E-27 5.06166E-28 2.81292E-28 4.66680E-28 1.22978E-28 7.13830E-29 1.63427E-30 1.86806E-30 1.20235E-28 3.12861E-29 1.80268E-29 4.53207E-31 5.14926E-31 1.32106E-33 1.83307E-33
 7.00000E+07 1.99870E-26 1.67659E-26 1.80884E-27 4.29805E-28 2.38851E-28 3.96233E-28 1.04414E-28 6.06070E-29 1.38756E-30 1.58605E-30 1.02082E-28 2.65626E-29 1.53051E-29 3.84781E-31 4.37182E-31 1.12161E-33 1.55631E-33
 8.00000E+07 1.73721E-26 1.45737E-26 1.57151E-27 3.73411E-28 2.07508E-28 3.44215E-28 9.07062E-29 5.26502E-29 1.20539E-30 1.37782E-30 8.86787E-29 2.30749E-29 1.32956E-29 3.34259E-31 3.79780E-31 9.74335E-34 1.35196E-33
 9.00000E+07 1.53610E-26 1.28874E-26 1.38911E-27 3.30070E-28 1.83421E-28 3.04244E-28 8.01729E-29 4.65361E-29 1.06541E-30 1.21781E-30 7.83797E-29 2.03950E-29 1.17514E-29 2.95438E-31 3.35672E-31 8.61174E-34 1.19494E-33
 1.00000E+08 1.37665E-26 1.15503E-26 1.24458E-27 2.95728E-28 1.64335E-28 2.72574E-28 7.18274E-29 4.16919E-29 9.54500E-31 1.09104E-30 7.02200E-29 1.82718E-29 1.05280E-29 2.64681E-31 3.00726E-31 7.71519E-34 1.07054E-33
 1.10000E+08 1.24714E-26 1.04642E-26 1.12725E-27 2.67848E-28 1.48841E-28 2.46867E-28 6.50530E-29 3.77596E-29 8.64474E-31 9.88134E-31 6.35966E-29 1.65483E-29 9.53498E-30 2.39715E-31 2.72360E-31 6.98744E-34 9.69558E-34
 1.25000E+08 1.09287E-26 9.17028E-27 9.87548E-28 2.34652E-28 1.30393E-28 2.16260E-28 5.69878E-29 3.30781E-29 7.57294E-31 8.65622E-31 5.57112E-29 1.44965E-29 8.35273E-30 2.09992E-31 2.38590E-31 6.12105E-34 8.49340E-34
 1.40000E+08 9.72535E-27 8.16087E-27 8.78623E-28 2.08770E-28 1.16010E-28 1.92399E-28 5.07000E-29 2.94284E-29 6.73735E-31 7.70109E-31 4.95638E-29 1.28969E-29 7.43105E-30 1.86821E-31 2.12262E-31 5.44562E-34 7.55618E-34
 1.50000E+08 9.06014E-27 7.60285E-27 8.18430E-28 1.94467E-28 1.08062E-28 1.79214E-28 4.72255E-29 2.74116E-29 6.27562E-31 7.17332E-31 4.61669E-29 1.20130E-29 6.92176E-30 1.74017E-31 1.97715E-31 5.07239E-34 7.03831E-34
 1.75000E+08 7.73688E-27 6.49274E-27 6.98733E-28 1.66026E-28 9.22565E-29 1.52997E-28 4.03167E-29 2.34014E-29 5.35752E-31 6.12389E-31 3.94126E-29 1.02555E-29 5.90909E-30 1.48557E-31 1.68788E-31 4.33028E-34 6.00857E-34
 2.00000E+08 6.75072E-27 5.66536E-27 6.09565E-28 1.44838E-28 8.04825E-29 1.33467E-28 3.51705E-29 2.04143E-29 4.67364E-31 5.34218E-31 3.43815E-29 8.94631E-30 5.15477E-30 1.29593E-31 1.47242E-31 3.77750E-34 5.24155E-34
 2.20000E+08 6.12598E-27 5.14118E-27 5.53091E-28 1.31419E-28 7.30258E-29 1.21099E-28 3.19113E-29 1.85226E-29 4.24055E-31 4.84713E-31 3.11953E-29 8.11725E-30 4.67707E-30 1.17584E-31 1.33597E-31 3.42743E-34 4.75580E-34
 2.50000E+08 5.37919E-27 4.51456E-27 4.85601E-28 1.15383E-28 6.41145E-29 1.06320E-28 2.80166E-29 1.62619E-29 3.72299E-31 4.25554E-31 2.73879E-29 7.12651E-30 4.10622E-30 1.03232E-31 1.17291E-31 3.00910E-34 4.17534E-34
 3.00000E+08 4.47074E-27 3.75226E-27 4.03525E-28 9.58811E-29 5.32776E-29 8.83467E-29 2.32805E-29 1.35129E-29 3.09362E-31 3.53615E-31 2.27579E-29 5.92176E-30 3.41205E-30 8.57805E-32 9.74623E-32 2.50040E-34 3.46948E-34
 3.50000E+08 3.82475E-27 3.21016E-27 3.45179E-28 8.20173E-29 4.55738E-29 7.55707E-29 1.99139E-29 1.15587E-29 2.64624E-31 3.02477E-31 1.94667E-29 5.06537E-30 2.91861E-30 7.33751E-32 8.33675E-32 2.13879E-34 2.96773E-34
 4.00000E+08 3.34186E-27 2.80491E-27 3.01571E-28 7.16558E-29 3.98162E-29 6.60225E-29 1.73978E-29 1.00983E-29 2.31189E-31 2.64259E-31 1.70070E-29 4.42535E-30 2.54983E-30 6.41040E-32 7.28338E-32 1.86855E-34 2.59275E-34
 4.50000E+08 2.96721E-27 2.49050E-27 2.67745E-28 6.36183E-29 3.53500E-29 5.86161E-29 1.54461E-29 8.96547E-30 2.05254E-31 2.34614E-31 1.50992E-29 3.92890E-30 2.26379E-30 5.69126E-32 6.46631E-32 1.65893E-34 2.30189E-34
 5.00000E+08 2.66810E-27 2.23946E-27 2.40741E-28 5.72019E-29 3.17846E-29 5.27037E-29 1.38881E-29 8.06115E-30 1.84551E-31 2.10949E-31 1.35761E-29 3.53260E-30 2.03544E-30 5.11719E-32 5.81406E-32 1.49160E-34 2.06970E-34
 5.50000E+08 2.42376E-27 2.03440E-27 2.18685E-28 5.19612E-29 2.88725E-29 4.78747E-29 1.26156E-29 7.32253E-30 1.67641E-31 1.91621E-31 1.23322E-29 3.20891E-30 1.84894E-30 4.64831E-32 5.28132E-32 1.35492E-34 1.88005E-34
 6.00000E+08 2.22042E-27 1.86373E-27 2.00331E-28 4.76001E-29 2.64492E-29 4.38562E-29 1.15567E-29 6.70790E-30 1.53569E-31 1.75536E-31 1.12970E-29 2.93956E-30 1.69374E-30 4.25813E-32 4.83802E-32 1.24119E-34 1.72224E-34
 7.00000E+08 1.90138E-27 1.59596E-27 1.71536E-28 4.07582E-29 2.26474E-29 3.75521E-29 9.89545E-30 5.74366E-30 1.31494E-31 1.50304E-31 9.67309E-30 2.51700E-30 1.45027E-30 3.64603E-32 4.14256E-32 1.06277E-34 1.47467E-34
 8.00000E+08 1.66250E-27 1.39547E-27 1.49979E-28 3.56360E-29 1.98012E-29 3.28325E-29 8.65178E-30 5.02179E-30 1.14968E-31 1.31413E-31 8.45735E-30 2.20066E-30 1.26799E-30 3.18779E-32 3.62191E-32 9.29200E-35 1.28933E-34
 9.00000E+08 1.47694E-27 1.23972E-27 1.33234E-28 3.16574E-29 1.75905E-29 2.91668E-29 7.68581E-30 4.46111E-30 1.02132E-31 1.16741E-31 7.51308E-30 1.95495E-30 1.12642E-30 2.83187E-32 3.21752E-32 8.25453E-35 1.14537E-34
 1.00000E+09 1.32865E-27 1.11525E-27 1.19853E-28 2.84780E-29 1.58238E-29 2.62373E-29 6.91387E-30 4.01305E-30 9.18738E-32 1.05016E-31 6.75848E-30 1.75860E-30 1.01328E-30 2.54744E-32 2.89436E-32 7.42546E-35 1.03034E-34
