 *** Photoelectric cross sections,  IZ = 48,  NSHELL = 12,  NDATA =  450
              0           1           2           3           4           5           6           7           8           9          10          11          12
 5.00000E+01 3.01830E-17 0.00000E+00 0.00000E+00 0.00000E+00 0.00000E+00 0.00000E+00 0.00000E+00 0.00000E+00 0.00000E+00 0.00000E+00 0.00000E+00 0.00000E+00 0.00000E+00
 5.05993E+01 2.93378E-17 0.00000E+00 0.00000E+00 0.00000E+00 0.00000E+00 0.00000E+00 0.00000E+00 0.00000E+00 0.00000E+00 0.00000E+00 0.00000E+00 0.00000E+00 0.00000E+00
 5.12057E+01 2.84743E-17 0.00000E+00 0.00000E+00 0.00000E+00 0.00000E+00 0.00000E+00 0.00000E+00 0.00000E+00 0.00000E+00 0.00000E+00 0.00000E+00 0.00000E+00 0.00000E+00
 5.18194E+01 2.75962E-17 0.00000E+00 0.00000E+00 0.00000E+00 0.00000E+00 0.00000E+00 0.00000E+00 0.00000E+00 0.00000E+00 0.00000E+00 0.00000E+00 0.00000E+00 0.00000E+00
 5.24404E+01 2.67067E-17 0.00000E+00 0.00000E+00 0.00000E+00 0.00000E+00 0.00000E+00 0.00000E+00 0.00000E+00 0.00000E+00 0.00000E+00 0.00000E+00 0.00000E+00 0.00000E+00
 5.30689E+01 2.58093E-17 0.00000E+00 0.00000E+00 0.00000E+00 0.00000E+00 0.00000E+00 0.00000E+00 0.00000E+00 0.00000E+00 0.00000E+00 0.00000E+00 0.00000E+00 0.00000E+00
 5.37050E+01 2.49070E-17 0.00000E+00 0.00000E+00 0.00000E+00 0.00000E+00 0.00000E+00 0.00000E+00 0.00000E+00 0.00000E+00 0.00000E+00 0.00000E+00 0.00000E+00 0.00000E+00
 5.43486E+01 2.40029E-17 0.00000E+00 0.00000E+00 0.00000E+00 0.00000E+00 0.00000E+00 0.00000E+00 0.00000E+00 0.00000E+00 0.00000E+00 0.00000E+00 0.00000E+00 0.00000E+00
 5.50000E+01 2.30998E-17 0.00000E+00 0.00000E+00 0.00000E+00 0.00000E+00 0.00000E+00 0.00000E+00 0.00000E+00 0.00000E+00 0.00000E+00 0.00000E+00 0.00000E+00 0.00000E+00
 5.56015E+01 2.22785E-17 0.00000E+00 0.00000E+00 0.00000E+00 0.00000E+00 0.00000E+00 0.00000E+00 0.00000E+00 0.00000E+00 0.00000E+00 0.00000E+00 0.00000E+00 0.00000E+00
 5.62095E+01 2.14622E-17 0.00000E+00 0.00000E+00 0.00000E+00 0.00000E+00 0.00000E+00 0.00000E+00 0.00000E+00 0.00000E+00 0.00000E+00 0.00000E+00 0.00000E+00 0.00000E+00
 5.68242E+01 2.06527E-17 0.00000E+00 0.00000E+00 0.00000E+00 0.00000E+00 0.00000E+00 0.00000E+00 0.00000E+00 0.00000E+00 0.00000E+00 0.00000E+00 0.00000E+00 0.00000E+00
 5.74456E+01 1.98516E-17 0.00000E+00 0.00000E+00 0.00000E+00 0.00000E+00 0.00000E+00 0.00000E+00 0.00000E+00 0.00000E+00 0.00000E+00 0.00000E+00 0.00000E+00 0.00000E+00
 5.80738E+01 1.90605E-17 0.00000E+00 0.00000E+00 0.00000E+00 0.00000E+00 0.00000E+00 0.00000E+00 0.00000E+00 0.00000E+00 0.00000E+00 0.00000E+00 0.00000E+00 0.00000E+00
 5.87089E+01 1.82807E-17 0.00000E+00 0.00000E+00 0.00000E+00 0.00000E+00 0.00000E+00 0.00000E+00 0.00000E+00 0.00000E+00 0.00000E+00 0.00000E+00 0.00000E+00 0.00000E+00
 5.93510E+01 1.75137E-17 0.00000E+00 0.00000E+00 0.00000E+00 0.00000E+00 0.00000E+00 0.00000E+00 0.00000E+00 0.00000E+00 0.00000E+00 0.00000E+00 0.00000E+00 0.00000E+00
 6.00000E+01 1.67606E-17 0.00000E+00 0.00000E+00 0.00000E+00 0.00000E+00 0.00000E+00 0.00000E+00 0.00000E+00 0.00000E+00 0.00000E+00 0.00000E+00 0.00000E+00 0.00000E+00
 6.11673E+01 1.54636E-17 0.00000E+00 0.00000E+00 0.00000E+00 0.00000E+00 0.00000E+00 0.00000E+00 0.00000E+00 0.00000E+00 0.00000E+00 0.00000E+00 0.00000E+00 0.00000E+00
 6.23574E+01 1.42185E-17 0.00000E+00 0.00000E+00 0.00000E+00 0.00000E+00 0.00000E+00 0.00000E+00 0.00000E+00 0.00000E+00 0.00000E+00 0.00000E+00 0.00000E+00 0.00000E+00
 6.35706E+01 1.30294E-17 0.00000E+00 0.00000E+00 0.00000E+00 0.00000E+00 0.00000E+00 0.00000E+00 0.00000E+00 0.00000E+00 0.00000E+00 0.00000E+00 0.00000E+00 0.00000E+00
 6.48074E+01 1.18993E-17 0.00000E+00 0.00000E+00 0.00000E+00 0.00000E+00 0.00000E+00 0.00000E+00 0.00000E+00 0.00000E+00 0.00000E+00 0.00000E+00 0.00000E+00 0.00000E+00
 6.60683E+01 1.08306E-17 0.00000E+00 0.00000E+00 0.00000E+00 0.00000E+00 0.00000E+00 0.00000E+00 0.00000E+00 0.00000E+00 0.00000E+00 0.00000E+00 0.00000E+00 0.00000E+00
 6.73537E+01 9.82455E-18 0.00000E+00 0.00000E+00 0.00000E+00 0.00000E+00 0.00000E+00 0.00000E+00 0.00000E+00 0.00000E+00 0.00000E+00 0.00000E+00 0.00000E+00 0.00000E+00
 6.86641E+01 8.88188E-18 0.00000E+00 0.00000E+00 0.00000E+00 0.00000E+00 0.00000E+00 0.00000E+00 0.00000E+00 0.00000E+00 0.00000E+00 0.00000E+00 0.00000E+00 0.00000E+00
 7.00000E+01 8.00256E-18 0.00000E+00 0.00000E+00 0.00000E+00 0.00000E+00 0.00000E+00 0.00000E+00 0.00000E+00 0.00000E+00 0.00000E+00 0.00000E+00 0.00000E+00 0.00000E+00
 7.10000E+01 7.39538E-18 0.00000E+00 0.00000E+00 0.00000E+00 0.00000E+00 0.00000E+00 0.00000E+00 0.00000E+00 0.00000E+00 0.00000E+00 0.00000E+00 0.00000E+00 0.00000E+00
 7.10000E+01 8.53698E-18 0.00000E+00 0.00000E+00 0.00000E+00 0.00000E+00 0.00000E+00 0.00000E+00 0.00000E+00 0.00000E+00 0.00000E+00 0.00000E+00 0.00000E+00 1.14160E-18
 7.10522E+01 8.50639E-18 0.00000E+00 0.00000E+00 0.00000E+00 0.00000E+00 0.00000E+00 0.00000E+00 0.00000E+00 0.00000E+00 0.00000E+00 0.00000E+00 0.00000E+00 1.14154E-18
 7.11044E+01 8.47588E-18 0.00000E+00 0.00000E+00 0.00000E+00 0.00000E+00 0.00000E+00 0.00000E+00 0.00000E+00 0.00000E+00 0.00000E+00 0.00000E+00 0.00000E+00 1.14146E-18
 7.12089E+01 8.41510E-18 0.00000E+00 0.00000E+00 0.00000E+00 0.00000E+00 0.00000E+00 0.00000E+00 0.00000E+00 0.00000E+00 0.00000E+00 0.00000E+00 0.00000E+00 1.14129E-18
 7.14185E+01 8.29435E-18 0.00000E+00 0.00000E+00 0.00000E+00 0.00000E+00 0.00000E+00 0.00000E+00 0.00000E+00 0.00000E+00 0.00000E+00 0.00000E+00 0.00000E+00 1.14067E-18
 7.18394E+01 8.05540E-18 0.00000E+00 0.00000E+00 0.00000E+00 0.00000E+00 0.00000E+00 0.00000E+00 0.00000E+00 0.00000E+00 0.00000E+00 0.00000E+00 0.00000E+00 1.13768E-18
 7.26888E+01 7.58895E-18 0.00000E+00 0.00000E+00 0.00000E+00 0.00000E+00 0.00000E+00 0.00000E+00 0.00000E+00 0.00000E+00 0.00000E+00 0.00000E+00 0.00000E+00 1.12617E-18
 7.35482E+01 7.13893E-18 0.00000E+00 0.00000E+00 0.00000E+00 0.00000E+00 0.00000E+00 0.00000E+00 0.00000E+00 0.00000E+00 0.00000E+00 0.00000E+00 0.00000E+00 1.10873E-18
 7.44177E+01 6.70621E-18 0.00000E+00 0.00000E+00 0.00000E+00 0.00000E+00 0.00000E+00 0.00000E+00 0.00000E+00 0.00000E+00 0.00000E+00 0.00000E+00 0.00000E+00 1.08670E-18
 7.52976E+01 6.29138E-18 0.00000E+00 0.00000E+00 0.00000E+00 0.00000E+00 0.00000E+00 0.00000E+00 0.00000E+00 0.00000E+00 0.00000E+00 0.00000E+00 0.00000E+00 1.06113E-18
 7.61878E+01 5.89480E-18 0.00000E+00 0.00000E+00 0.00000E+00 0.00000E+00 0.00000E+00 0.00000E+00 0.00000E+00 0.00000E+00 0.00000E+00 0.00000E+00 0.00000E+00 1.03292E-18
 7.70886E+01 5.51663E-18 0.00000E+00 0.00000E+00 0.00000E+00 0.00000E+00 0.00000E+00 0.00000E+00 0.00000E+00 0.00000E+00 0.00000E+00 0.00000E+00 0.00000E+00 1.00280E-18
 7.80000E+01 5.15689E-18 0.00000E+00 0.00000E+00 0.00000E+00 0.00000E+00 0.00000E+00 0.00000E+00 0.00000E+00 0.00000E+00 0.00000E+00 0.00000E+00 0.00000E+00 9.71387E-19
 7.80000E+01 5.66079E-18 0.00000E+00 0.00000E+00 0.00000E+00 0.00000E+00 0.00000E+00 0.00000E+00 0.00000E+00 0.00000E+00 0.00000E+00 0.00000E+00 5.03905E-19 9.71387E-19
 7.80617E+01 5.63778E-18 0.00000E+00 0.00000E+00 0.00000E+00 0.00000E+00 0.00000E+00 0.00000E+00 0.00000E+00 0.00000E+00 0.00000E+00 0.00000E+00 5.04448E-19 9.69239E-19
 7.81235E+01 5.61485E-18 0.00000E+00 0.00000E+00 0.00000E+00 0.00000E+00 0.00000E+00 0.00000E+00 0.00000E+00 0.00000E+00 0.00000E+00 0.00000E+00 5.04987E-19 9.67089E-19
 7.82472E+01 5.56919E-18 0.00000E+00 0.00000E+00 0.00000E+00 0.00000E+00 0.00000E+00 0.00000E+00 0.00000E+00 0.00000E+00 0.00000E+00 0.00000E+00 5.06032E-19 9.62778E-19
 7.84953E+01 5.47862E-18 0.00000E+00 0.00000E+00 0.00000E+00 0.00000E+00 0.00000E+00 0.00000E+00 0.00000E+00 0.00000E+00 0.00000E+00 0.00000E+00 5.07858E-19 9.54122E-19
 7.89937E+01 5.30010E-18 0.00000E+00 0.00000E+00 0.00000E+00 0.00000E+00 0.00000E+00 0.00000E+00 0.00000E+00 0.00000E+00 0.00000E+00 0.00000E+00 5.10182E-19 9.36703E-19
 8.00000E+01 4.95460E-18 0.00000E+00 0.00000E+00 0.00000E+00 0.00000E+00 0.00000E+00 0.00000E+00 0.00000E+00 0.00000E+00 0.00000E+00 0.00000E+00 5.10686E-19 9.01655E-19
 8.11865E+01 4.57293E-18 0.00000E+00 0.00000E+00 0.00000E+00 0.00000E+00 0.00000E+00 0.00000E+00 0.00000E+00 0.00000E+00 0.00000E+00 0.00000E+00 5.05573E-19 8.61018E-19
 8.23907E+01 4.21361E-18 0.00000E+00 0.00000E+00 0.00000E+00 0.00000E+00 0.00000E+00 0.00000E+00 0.00000E+00 0.00000E+00 0.00000E+00 0.00000E+00 4.95766E-19 8.21056E-19
 8.36127E+01 3.87694E-18 0.00000E+00 0.00000E+00 0.00000E+00 0.00000E+00 0.00000E+00 0.00000E+00 0.00000E+00 0.00000E+00 0.00000E+00 0.00000E+00 4.82457E-19 7.82181E-19
 8.48528E+01 3.56284E-18 0.00000E+00 0.00000E+00 0.00000E+00 0.00000E+00 0.00000E+00 0.00000E+00 0.00000E+00 0.00000E+00 0.00000E+00 0.00000E+00 4.66602E-19 7.44757E-19
 8.73885E+01 3.00081E-18 0.00000E+00 0.00000E+00 0.00000E+00 0.00000E+00 0.00000E+00 0.00000E+00 0.00000E+00 0.00000E+00 0.00000E+00 0.00000E+00 4.30219E-19 6.75129E-19
 9.00000E+01 2.52292E-18 0.00000E+00 0.00000E+00 0.00000E+00 0.00000E+00 0.00000E+00 0.00000E+00 0.00000E+00 0.00000E+00 0.00000E+00 0.00000E+00 3.91272E-19 6.13280E-19
 9.24021E+01 2.16122E-18 0.00000E+00 0.00000E+00 0.00000E+00 0.00000E+00 0.00000E+00 0.00000E+00 0.00000E+00 0.00000E+00 0.00000E+00 0.00000E+00 3.56786E-19 5.64769E-19
 9.48683E+01 1.85598E-18 0.00000E+00 0.00000E+00 0.00000E+00 0.00000E+00 0.00000E+00 0.00000E+00 0.00000E+00 0.00000E+00 0.00000E+00 0.00000E+00 3.24110E-19 5.22467E-19
 9.61260E+01 1.72276E-18 0.00000E+00 0.00000E+00 0.00000E+00 0.00000E+00 0.00000E+00 0.00000E+00 0.00000E+00 0.00000E+00 0.00000E+00 0.00000E+00 3.08740E-19 5.03510E-19
 9.74004E+01 1.60140E-18 0.00000E+00 0.00000E+00 0.00000E+00 0.00000E+00 0.00000E+00 0.00000E+00 0.00000E+00 0.00000E+00 0.00000E+00 0.00000E+00 2.94083E-19 4.85922E-19
 9.86916E+01 1.49125E-18 0.00000E+00 0.00000E+00 0.00000E+00 0.00000E+00 0.00000E+00 0.00000E+00 0.00000E+00 0.00000E+00 0.00000E+00 0.00000E+00 2.80172E-19 4.69630E-19
 1.00000E+02 1.39167E-18 0.00000E+00 0.00000E+00 0.00000E+00 0.00000E+00 0.00000E+00 0.00000E+00 0.00000E+00 0.00000E+00 0.00000E+00 0.00000E+00 2.67042E-19 4.54555E-19
 1.01199E+02 1.31010E-18 0.00000E+00 0.00000E+00 0.00000E+00 0.00000E+00 0.00000E+00 0.00000E+00 0.00000E+00 0.00000E+00 0.00000E+00 0.00000E+00 2.55852E-19 4.41903E-19
 1.02411E+02 1.23603E-18 0.00000E+00 0.00000E+00 0.00000E+00 0.00000E+00 0.00000E+00 0.00000E+00 0.00000E+00 0.00000E+00 0.00000E+00 0.00000E+00 2.45301E-19 4.30126E-19
 1.03639E+02 1.16901E-18 0.00000E+00 0.00000E+00 0.00000E+00 0.00000E+00 0.00000E+00 0.00000E+00 0.00000E+00 0.00000E+00 0.00000E+00 0.00000E+00 2.35370E-19 4.19169E-19
 1.04881E+02 1.10860E-18 0.00000E+00 0.00000E+00 0.00000E+00 0.00000E+00 0.00000E+00 0.00000E+00 0.00000E+00 0.00000E+00 0.00000E+00 0.00000E+00 2.26043E-19 4.08979E-19
 1.06138E+02 1.05436E-18 0.00000E+00 0.00000E+00 0.00000E+00 0.00000E+00 0.00000E+00 0.00000E+00 0.00000E+00 0.00000E+00 0.00000E+00 0.00000E+00 2.17300E-19 3.99506E-19
 1.07410E+02 1.00586E-18 0.00000E+00 0.00000E+00 0.00000E+00 0.00000E+00 0.00000E+00 0.00000E+00 0.00000E+00 0.00000E+00 0.00000E+00 0.00000E+00 2.09115E-19 3.90700E-19
 1.08697E+02 9.62707E-19 0.00000E+00 0.00000E+00 0.00000E+00 0.00000E+00 0.00000E+00 0.00000E+00 0.00000E+00 0.00000E+00 0.00000E+00 0.00000E+00 2.01461E-19 3.82516E-19
 1.10000E+02 9.24531E-19 0.00000E+00 0.00000E+00 0.00000E+00 0.00000E+00 0.00000E+00 0.00000E+00 0.00000E+00 0.00000E+00 0.00000E+00 0.00000E+00 1.94312E-19 3.74910E-19
 1.10995E+02 8.98737E-19 0.00000E+00 0.00000E+00 0.00000E+00 0.00000E+00 0.00000E+00 0.00000E+00 0.00000E+00 0.00000E+00 0.00000E+00 0.00000E+00 1.89225E-19 3.69519E-19
 1.12000E+02 8.75431E-19 0.00000E+00 0.00000E+00 0.00000E+00 0.00000E+00 0.00000E+00 0.00000E+00 0.00000E+00 0.00000E+00 0.00000E+00 0.00000E+00 1.84399E-19 3.64418E-19
 1.12000E+02 1.06582E-18 0.00000E+00 0.00000E+00 0.00000E+00 0.00000E+00 0.00000E+00 0.00000E+00 0.00000E+00 0.00000E+00 0.00000E+00 1.90392E-19 1.84399E-19 3.64418E-19
 1.12096E+02 1.06339E-18 0.00000E+00 0.00000E+00 0.00000E+00 0.00000E+00 0.00000E+00 0.00000E+00 0.00000E+00 0.00000E+00 0.00000E+00 1.90053E-19 1.83952E-19 3.63947E-19
 1.12192E+02 1.06098E-18 0.00000E+00 0.00000E+00 0.00000E+00 0.00000E+00 0.00000E+00 0.00000E+00 0.00000E+00 0.00000E+00 0.00000E+00 1.89715E-19 1.83508E-19 3.63478E-19
 1.12385E+02 1.05622E-18 0.00000E+00 0.00000E+00 0.00000E+00 0.00000E+00 0.00000E+00 0.00000E+00 0.00000E+00 0.00000E+00 0.00000E+00 1.89040E-19 1.82627E-19 3.62549E-19
 1.12771E+02 1.04697E-18 0.00000E+00 0.00000E+00 0.00000E+00 0.00000E+00 0.00000E+00 0.00000E+00 0.00000E+00 0.00000E+00 0.00000E+00 1.87711E-19 1.80890E-19 3.60718E-19
 1.13548E+02 1.02963E-18 0.00000E+00 0.00000E+00 0.00000E+00 0.00000E+00 0.00000E+00 0.00000E+00 0.00000E+00 0.00000E+00 0.00000E+00 1.85237E-19 1.77521E-19 3.57172E-19
 1.14330E+02 1.01387E-18 0.00000E+00 0.00000E+00 0.00000E+00 0.00000E+00 0.00000E+00 0.00000E+00 0.00000E+00 0.00000E+00 0.00000E+00 1.83103E-19 1.74287E-19 3.53773E-19
 1.15117E+02 9.99553E-19 0.00000E+00 0.00000E+00 0.00000E+00 0.00000E+00 0.00000E+00 0.00000E+00 0.00000E+00 0.00000E+00 0.00000E+00 1.81227E-19 1.71184E-19 3.50516E-19
 1.15910E+02 9.86565E-19 0.00000E+00 0.00000E+00 0.00000E+00 0.00000E+00 0.00000E+00 0.00000E+00 0.00000E+00 0.00000E+00 0.00000E+00 1.79542E-19 1.68205E-19 3.47393E-19
 1.16709E+02 9.74839E-19 0.00000E+00 0.00000E+00 0.00000E+00 0.00000E+00 0.00000E+00 0.00000E+00 0.00000E+00 0.00000E+00 0.00000E+00 1.78037E-19 1.65347E-19 3.44401E-19
 1.18322E+02 9.54901E-19 0.00000E+00 0.00000E+00 0.00000E+00 0.00000E+00 0.00000E+00 0.00000E+00 0.00000E+00 0.00000E+00 0.00000E+00 1.75496E-19 1.59977E-19 3.38785E-19
 1.19957E+02 9.39216E-19 0.00000E+00 0.00000E+00 0.00000E+00 0.00000E+00 0.00000E+00 0.00000E+00 0.00000E+00 0.00000E+00 0.00000E+00 1.73458E-19 1.55038E-19 3.33628E-19
 1.21615E+02 9.27327E-19 0.00000E+00 0.00000E+00 0.00000E+00 0.00000E+00 0.00000E+00 0.00000E+00 0.00000E+00 0.00000E+00 0.00000E+00 1.71828E-19 1.50498E-19 3.28894E-19
 1.23296E+02 9.18835E-19 0.00000E+00 0.00000E+00 0.00000E+00 0.00000E+00 0.00000E+00 0.00000E+00 0.00000E+00 0.00000E+00 0.00000E+00 1.70533E-19 1.46329E-19 3.24549E-19
 1.25000E+02 9.13376E-19 0.00000E+00 0.00000E+00 0.00000E+00 0.00000E+00 0.00000E+00 0.00000E+00 0.00000E+00 0.00000E+00 0.00000E+00 1.69514E-19 1.42502E-19 3.20561E-19
 1.26783E+02 9.10565E-19 0.00000E+00 0.00000E+00 0.00000E+00 0.00000E+00 0.00000E+00 0.00000E+00 0.00000E+00 0.00000E+00 0.00000E+00 1.68703E-19 1.38886E-19 3.16793E-19
 1.28592E+02 9.10289E-19 0.00000E+00 0.00000E+00 0.00000E+00 0.00000E+00 0.00000E+00 0.00000E+00 0.00000E+00 0.00000E+00 0.00000E+00 1.68093E-19 1.35582E-19 3.13347E-19
 1.30427E+02 9.12234E-19 0.00000E+00 0.00000E+00 0.00000E+00 0.00000E+00 0.00000E+00 0.00000E+00 0.00000E+00 0.00000E+00 0.00000E+00 1.67649E-19 1.32568E-19 3.10196E-19
 1.32288E+02 9.16137E-19 0.00000E+00 0.00000E+00 0.00000E+00 0.00000E+00 0.00000E+00 0.00000E+00 0.00000E+00 0.00000E+00 0.00000E+00 1.67341E-19 1.29820E-19 3.07316E-19
 1.34175E+02 9.21742E-19 0.00000E+00 0.00000E+00 0.00000E+00 0.00000E+00 0.00000E+00 0.00000E+00 0.00000E+00 0.00000E+00 0.00000E+00 1.67140E-19 1.27319E-19 3.04682E-19
 1.36089E+02 9.28791E-19 0.00000E+00 0.00000E+00 0.00000E+00 0.00000E+00 0.00000E+00 0.00000E+00 0.00000E+00 0.00000E+00 0.00000E+00 1.67022E-19 1.25047E-19 3.02274E-19
 1.40000E+02 9.46290E-19 0.00000E+00 0.00000E+00 0.00000E+00 0.00000E+00 0.00000E+00 0.00000E+00 0.00000E+00 0.00000E+00 0.00000E+00 1.66945E-19 1.21121E-19 2.98047E-19
 1.44914E+02 9.72045E-19 0.00000E+00 0.00000E+00 0.00000E+00 0.00000E+00 0.00000E+00 0.00000E+00 0.00000E+00 0.00000E+00 0.00000E+00 1.66960E-19 1.17302E-19 2.93777E-19
 1.50000E+02 1.00036E-18 0.00000E+00 0.00000E+00 0.00000E+00 0.00000E+00 0.00000E+00 0.00000E+00 0.00000E+00 0.00000E+00 0.00000E+00 1.66890E-19 1.14356E-19 2.90230E-19
 1.55893E+02 1.03261E-18 0.00000E+00 0.00000E+00 0.00000E+00 0.00000E+00 0.00000E+00 0.00000E+00 0.00000E+00 0.00000E+00 0.00000E+00 1.66467E-19 1.11883E-19 2.86845E-19
 1.62019E+02 1.06356E-18 0.00000E+00 0.00000E+00 0.00000E+00 0.00000E+00 0.00000E+00 0.00000E+00 0.00000E+00 0.00000E+00 0.00000E+00 1.65519E-19 1.10070E-19 2.83805E-19
 1.68384E+02 1.09167E-18 0.00000E+00 0.00000E+00 0.00000E+00 0.00000E+00 0.00000E+00 0.00000E+00 0.00000E+00 0.00000E+00 0.00000E+00 1.63942E-19 1.08728E-19 2.80882E-19
 1.71660E+02 1.10431E-18 0.00000E+00 0.00000E+00 0.00000E+00 0.00000E+00 0.00000E+00 0.00000E+00 0.00000E+00 0.00000E+00 0.00000E+00 1.62907E-19 1.08184E-19 2.79415E-19
 1.75000E+02 1.11588E-18 0.00000E+00 0.00000E+00 0.00000E+00 0.00000E+00 0.00000E+00 0.00000E+00 0.00000E+00 0.00000E+00 0.00000E+00 1.61711E-19 1.07699E-19 2.77916E-19
 1.80941E+02 1.13320E-18 0.00000E+00 0.00000E+00 0.00000E+00 0.00000E+00 0.00000E+00 0.00000E+00 0.00000E+00 0.00000E+00 0.00000E+00 1.59283E-19 1.06954E-19 2.75197E-19
 1.87083E+02 1.14688E-18 0.00000E+00 0.00000E+00 0.00000E+00 0.00000E+00 0.00000E+00 0.00000E+00 0.00000E+00 0.00000E+00 0.00000E+00 1.56454E-19 1.06278E-19 2.72288E-19
 1.93434E+02 1.15685E-18 0.00000E+00 0.00000E+00 0.00000E+00 0.00000E+00 0.00000E+00 0.00000E+00 0.00000E+00 0.00000E+00 0.00000E+00 1.53300E-19 1.05612E-19 2.69157E-19
 2.00000E+02 1.16310E-18 0.00000E+00 0.00000E+00 0.00000E+00 0.00000E+00 0.00000E+00 0.00000E+00 0.00000E+00 0.00000E+00 0.00000E+00 1.49902E-19 1.04917E-19 2.65790E-19
 2.04823E+02 1.16534E-18 0.00000E+00 0.00000E+00 0.00000E+00 0.00000E+00 0.00000E+00 0.00000E+00 0.00000E+00 0.00000E+00 0.00000E+00 1.47370E-19 1.04385E-19 2.63237E-19
 2.09762E+02 1.16576E-18 0.00000E+00 0.00000E+00 0.00000E+00 0.00000E+00 0.00000E+00 0.00000E+00 0.00000E+00 0.00000E+00 0.00000E+00 1.44776E-19 1.03817E-19 2.60563E-19
 2.14820E+02 1.16441E-18 0.00000E+00 0.00000E+00 0.00000E+00 0.00000E+00 0.00000E+00 0.00000E+00 0.00000E+00 0.00000E+00 0.00000E+00 1.42141E-19 1.03207E-19 2.57768E-19
 2.20000E+02 1.16134E-18 0.00000E+00 0.00000E+00 0.00000E+00 0.00000E+00 0.00000E+00 0.00000E+00 0.00000E+00 0.00000E+00 0.00000E+00 1.39481E-19 1.02550E-19 2.54854E-19
 2.27144E+02 1.15458E-18 0.00000E+00 0.00000E+00 0.00000E+00 0.00000E+00 0.00000E+00 0.00000E+00 0.00000E+00 0.00000E+00 0.00000E+00 1.35894E-19 1.01587E-19 2.50763E-19
 2.34521E+02 1.14492E-18 0.00000E+00 0.00000E+00 0.00000E+00 0.00000E+00 0.00000E+00 0.00000E+00 0.00000E+00 0.00000E+00 0.00000E+00 1.32296E-19 1.00526E-19 2.46467E-19
 2.42137E+02 1.13249E-18 0.00000E+00 0.00000E+00 0.00000E+00 0.00000E+00 0.00000E+00 0.00000E+00 0.00000E+00 0.00000E+00 0.00000E+00 1.28694E-19 9.93635E-20 2.41970E-19
 2.50000E+02 1.11745E-18 0.00000E+00 0.00000E+00 0.00000E+00 0.00000E+00 0.00000E+00 0.00000E+00 0.00000E+00 0.00000E+00 0.00000E+00 1.25085E-19 9.80963E-20 2.37275E-19
 2.55763E+02 1.10522E-18 0.00000E+00 0.00000E+00 0.00000E+00 0.00000E+00 0.00000E+00 0.00000E+00 0.00000E+00 0.00000E+00 0.00000E+00 1.22505E-19 9.71276E-20 2.33811E-19
 2.61659E+02 1.09182E-18 0.00000E+00 0.00000E+00 0.00000E+00 0.00000E+00 0.00000E+00 0.00000E+00 0.00000E+00 0.00000E+00 0.00000E+00 1.19916E-19 9.61049E-20 2.30254E-19
 2.67691E+02 1.07733E-18 0.00000E+00 0.00000E+00 0.00000E+00 0.00000E+00 0.00000E+00 0.00000E+00 0.00000E+00 0.00000E+00 0.00000E+00 1.17317E-19 9.50287E-20 2.26608E-19
 2.73861E+02 1.06185E-18 0.00000E+00 0.00000E+00 0.00000E+00 0.00000E+00 0.00000E+00 0.00000E+00 0.00000E+00 0.00000E+00 0.00000E+00 1.14709E-19 9.39004E-20 2.22880E-19
 2.86633E+02 1.02829E-18 0.00000E+00 0.00000E+00 0.00000E+00 0.00000E+00 0.00000E+00 0.00000E+00 0.00000E+00 0.00000E+00 0.00000E+00 1.09468E-19 9.14965E-20 2.15207E-19
 3.00000E+02 9.91844E-19 0.00000E+00 0.00000E+00 0.00000E+00 0.00000E+00 0.00000E+00 0.00000E+00 0.00000E+00 0.00000E+00 0.00000E+00 1.04223E-19 8.89172E-20 2.07309E-19
 3.11787E+02 9.59310E-19 0.00000E+00 0.00000E+00 0.00000E+00 0.00000E+00 0.00000E+00 0.00000E+00 0.00000E+00 0.00000E+00 0.00000E+00 9.98185E-20 8.66237E-20 2.00516E-19
 3.24037E+02 9.25559E-19 0.00000E+00 0.00000E+00 0.00000E+00 0.00000E+00 0.00000E+00 0.00000E+00 0.00000E+00 0.00000E+00 0.00000E+00 9.54771E-20 8.42473E-20 1.93666E-19
 3.36768E+02 8.90921E-19 0.00000E+00 0.00000E+00 0.00000E+00 0.00000E+00 0.00000E+00 0.00000E+00 0.00000E+00 0.00000E+00 0.00000E+00 9.12296E-20 8.18084E-20 1.86801E-19
 3.50000E+02 8.55647E-19 0.00000E+00 0.00000E+00 0.00000E+00 0.00000E+00 0.00000E+00 0.00000E+00 0.00000E+00 0.00000E+00 0.00000E+00 8.70954E-20 7.93215E-20 1.79950E-19
 3.61881E+02 8.24761E-19 0.00000E+00 0.00000E+00 0.00000E+00 0.00000E+00 0.00000E+00 0.00000E+00 0.00000E+00 0.00000E+00 0.00000E+00 8.36162E-20 7.71365E-20 1.74039E-19
 3.74166E+02 7.93700E-19 0.00000E+00 0.00000E+00 0.00000E+00 0.00000E+00 0.00000E+00 0.00000E+00 0.00000E+00 0.00000E+00 0.00000E+00 8.02322E-20 7.49275E-20 1.68158E-19
 3.86867E+02 7.62585E-19 0.00000E+00 0.00000E+00 0.00000E+00 0.00000E+00 0.00000E+00 0.00000E+00 0.00000E+00 0.00000E+00 0.00000E+00 7.69401E-20 7.26979E-20 1.62312E-19
 4.00000E+02 7.31550E-19 0.00000E+00 0.00000E+00 0.00000E+00 0.00000E+00 0.00000E+00 0.00000E+00 0.00000E+00 0.00000E+00 0.00000E+00 7.37353E-20 7.04515E-20 1.56506E-19
 4.08000E+02 7.13236E-19 0.00000E+00 0.00000E+00 0.00000E+00 0.00000E+00 0.00000E+00 0.00000E+00 0.00000E+00 0.00000E+00 0.00000E+00 7.18730E-20 6.91126E-20 1.53084E-19
 4.08000E+02 7.97237E-19 0.00000E+00 0.00000E+00 0.00000E+00 0.00000E+00 0.00000E+00 0.00000E+00 0.00000E+00 0.00000E+00 8.40013E-20 7.18730E-20 6.91126E-20 1.53083E-19
 4.08217E+02 7.96367E-19 0.00000E+00 0.00000E+00 0.00000E+00 0.00000E+00 0.00000E+00 0.00000E+00 0.00000E+00 0.00000E+00 8.36212E-20 7.18234E-20 6.90766E-20 1.52992E-19
 4.08434E+02 7.95503E-19 0.00000E+00 0.00000E+00 0.00000E+00 0.00000E+00 0.00000E+00 0.00000E+00 0.00000E+00 0.00000E+00 8.32480E-20 7.17739E-20 6.90406E-20 1.52900E-19
 4.08869E+02 7.93825E-19 0.00000E+00 0.00000E+00 0.00000E+00 0.00000E+00 0.00000E+00 0.00000E+00 0.00000E+00 0.00000E+00 8.25501E-20 7.16748E-20 6.89686E-20 1.52717E-19
 4.09739E+02 7.90821E-19 0.00000E+00 0.00000E+00 0.00000E+00 0.00000E+00 0.00000E+00 0.00000E+00 0.00000E+00 0.00000E+00 8.15063E-20 7.14768E-20 6.88246E-20 1.52351E-19
 4.11485E+02 7.86309E-19 0.00000E+00 0.00000E+00 0.00000E+00 0.00000E+00 0.00000E+00 0.00000E+00 0.00000E+00 0.00000E+00 8.09097E-20 7.10819E-20 6.85365E-20 1.51619E-19
 4.13239E+02 7.84218E-19 0.00000E+00 0.00000E+00 0.00000E+00 0.00000E+00 0.00000E+00 0.00000E+00 0.00000E+00 0.00000E+00 8.27289E-20 7.06883E-20 6.82482E-20 1.50889E-19
 4.14118E+02 7.84325E-19 0.00000E+00 0.00000E+00 0.00000E+00 0.00000E+00 0.00000E+00 0.00000E+00 0.00000E+00 0.00000E+00 8.47895E-20 7.04919E-20 6.81041E-20 1.50524E-19
 4.15000E+02 7.85375E-19 0.00000E+00 0.00000E+00 0.00000E+00 0.00000E+00 0.00000E+00 0.00000E+00 0.00000E+00 0.00000E+00 8.77916E-20 7.02959E-20 6.79599E-20 1.50159E-19
 4.15000E+02 8.44996E-19 0.00000E+00 0.00000E+00 0.00000E+00 0.00000E+00 0.00000E+00 0.00000E+00 0.00000E+00 5.96213E-20 8.77919E-20 7.02959E-20 6.79599E-20 1.50159E-19
 4.15263E+02 8.45090E-19 0.00000E+00 0.00000E+00 0.00000E+00 0.00000E+00 0.00000E+00 0.00000E+00 0.00000E+00 5.91972E-20 8.88898E-20 7.02377E-20 6.79170E-20 1.50050E-19
 4.15525E+02 8.45297E-19 0.00000E+00 0.00000E+00 0.00000E+00 0.00000E+00 0.00000E+00 0.00000E+00 0.00000E+00 5.87845E-20 9.00899E-20 7.01795E-20 6.78741E-20 1.49942E-19
 4.16051E+02 8.46118E-19 0.00000E+00 0.00000E+00 0.00000E+00 0.00000E+00 0.00000E+00 0.00000E+00 0.00000E+00 5.80396E-20 9.28162E-20 7.00631E-20 6.77883E-20 1.49725E-19
 4.17105E+02 8.49646E-19 0.00000E+00 0.00000E+00 0.00000E+00 0.00000E+00 0.00000E+00 0.00000E+00 0.00000E+00 5.69785E-20 9.97239E-20 6.98308E-20 6.76167E-20 1.49292E-19
 4.18162E+02 8.55972E-19 0.00000E+00 0.00000E+00 0.00000E+00 0.00000E+00 0.00000E+00 0.00000E+00 0.00000E+00 5.64542E-20 1.08891E-19 6.95989E-20 6.74451E-20 1.48859E-19
 4.19222E+02 8.65594E-19 0.00000E+00 0.00000E+00 0.00000E+00 0.00000E+00 0.00000E+00 0.00000E+00 0.00000E+00 5.65301E-20 1.20752E-19 6.93675E-20 6.72735E-20 1.48427E-19
 4.19752E+02 8.71817E-19 0.00000E+00 0.00000E+00 0.00000E+00 0.00000E+00 0.00000E+00 0.00000E+00 0.00000E+00 5.68189E-20 1.27842E-19 6.92519E-20 6.71876E-20 1.48210E-19
 4.20284E+02 8.79087E-19 0.00000E+00 0.00000E+00 0.00000E+00 0.00000E+00 0.00000E+00 0.00000E+00 0.00000E+00 5.72929E-20 1.35794E-19 6.91365E-20 6.71018E-20 1.47994E-19
 4.20816E+02 8.87488E-19 0.00000E+00 0.00000E+00 0.00000E+00 0.00000E+00 0.00000E+00 0.00000E+00 0.00000E+00 5.79683E-20 1.44675E-19 6.90212E-20 6.70160E-20 1.47778E-19
 4.21348E+02 8.97110E-19 0.00000E+00 0.00000E+00 0.00000E+00 0.00000E+00 0.00000E+00 0.00000E+00 0.00000E+00 5.88633E-20 1.54557E-19 6.89060E-20 6.69301E-20 1.47563E-19
 4.21882E+02 9.08046E-19 0.00000E+00 0.00000E+00 0.00000E+00 0.00000E+00 0.00000E+00 0.00000E+00 0.00000E+00 5.99982E-20 1.65513E-19 6.87909E-20 6.68443E-20 1.47347E-19
 4.22416E+02 9.20394E-19 0.00000E+00 0.00000E+00 0.00000E+00 0.00000E+00 0.00000E+00 0.00000E+00 0.00000E+00 6.13958E-20 1.77617E-19 6.86759E-20 6.67585E-20 1.47131E-19
 4.22951E+02 9.34253E-19 0.00000E+00 0.00000E+00 0.00000E+00 0.00000E+00 0.00000E+00 0.00000E+00 0.00000E+00 6.30812E-20 1.90943E-19 6.85610E-20 6.66726E-20 1.46916E-19
 4.23486E+02 9.49724E-19 0.00000E+00 0.00000E+00 0.00000E+00 0.00000E+00 0.00000E+00 0.00000E+00 0.00000E+00 6.50820E-20 2.05566E-19 6.84463E-20 6.65868E-20 1.46700E-19
 4.24022E+02 9.66911E-19 0.00000E+00 0.00000E+00 0.00000E+00 0.00000E+00 0.00000E+00 0.00000E+00 0.00000E+00 6.74281E-20 2.21559E-19 6.83316E-20 6.65010E-20 1.46485E-19
 4.24559E+02 9.85915E-19 0.00000E+00 0.00000E+00 0.00000E+00 0.00000E+00 0.00000E+00 0.00000E+00 0.00000E+00 7.01524E-20 2.38991E-19 6.82171E-20 6.64151E-20 1.46270E-19
 4.25097E+02 1.00684E-18 0.00000E+00 0.00000E+00 0.00000E+00 0.00000E+00 0.00000E+00 0.00000E+00 0.00000E+00 7.32899E-20 2.57927E-19 6.81027E-20 6.63293E-20 1.46054E-19
 4.25635E+02 1.02978E-18 0.00000E+00 0.00000E+00 0.00000E+00 0.00000E+00 0.00000E+00 0.00000E+00 0.00000E+00 7.68783E-20 2.78430E-19 6.79884E-20 6.62435E-20 1.45839E-19
 4.26173E+02 1.05483E-18 0.00000E+00 0.00000E+00 0.00000E+00 0.00000E+00 0.00000E+00 0.00000E+00 0.00000E+00 8.09580E-20 3.00551E-19 6.78742E-20 6.61576E-20 1.45625E-19
 4.26713E+02 1.08208E-18 0.00000E+00 0.00000E+00 0.00000E+00 0.00000E+00 0.00000E+00 0.00000E+00 0.00000E+00 8.55716E-20 3.24338E-19 6.77601E-20 6.60718E-20 1.45410E-19
 4.27253E+02 1.11161E-18 0.00000E+00 0.00000E+00 0.00000E+00 0.00000E+00 0.00000E+00 0.00000E+00 0.00000E+00 9.07640E-20 3.49824E-19 6.76462E-20 6.59860E-20 1.45195E-19
 4.27794E+02 1.14350E-18 0.00000E+00 0.00000E+00 0.00000E+00 0.00000E+00 0.00000E+00 0.00000E+00 0.00000E+00 9.65822E-20 3.77038E-19 6.75323E-20 6.59001E-20 1.44980E-19
 4.28336E+02 1.17779E-18 0.00000E+00 0.00000E+00 0.00000E+00 0.00000E+00 0.00000E+00 0.00000E+00 0.00000E+00 1.03075E-19 4.05988E-19 6.74186E-20 6.58143E-20 1.44766E-19
 4.28878E+02 1.21455E-18 0.00000E+00 0.00000E+00 0.00000E+00 0.00000E+00 0.00000E+00 0.00000E+00 0.00000E+00 1.10292E-19 4.36677E-19 6.73050E-20 6.57285E-20 1.44552E-19
 4.29964E+02 1.29559E-18 0.00000E+00 0.00000E+00 0.00000E+00 0.00000E+00 0.00000E+00 0.00000E+00 0.00000E+00 1.27104E-19 5.03195E-19 6.70781E-20 6.55569E-20 1.44123E-19
 4.31054E+02 1.38672E-18 0.00000E+00 0.00000E+00 0.00000E+00 0.00000E+00 0.00000E+00 0.00000E+00 0.00000E+00 1.47424E-19 5.76293E-19 6.68517E-20 6.53853E-20 1.43695E-19
 4.32146E+02 1.48780E-18 0.00000E+00 0.00000E+00 0.00000E+00 0.00000E+00 0.00000E+00 0.00000E+00 0.00000E+00 1.71647E-19 6.55435E-19 6.66257E-20 6.52138E-20 1.43268E-19
 4.34338E+02 1.71788E-18 0.00000E+00 0.00000E+00 0.00000E+00 0.00000E+00 0.00000E+00 0.00000E+00 0.00000E+00 2.33082E-19 8.28638E-19 6.61752E-20 6.48708E-20 1.42414E-19
 4.35439E+02 1.84529E-18 0.00000E+00 0.00000E+00 0.00000E+00 0.00000E+00 0.00000E+00 0.00000E+00 0.00000E+00 2.70727E-19 9.20681E-19 6.59507E-20 6.46993E-20 1.41988E-19
 4.36542E+02 1.97953E-18 0.00000E+00 0.00000E+00 0.00000E+00 0.00000E+00 0.00000E+00 0.00000E+00 0.00000E+00 3.13065E-19 1.01485E-18 6.57266E-20 6.45279E-20 1.41562E-19
 4.37648E+02 2.11931E-18 0.00000E+00 0.00000E+00 0.00000E+00 0.00000E+00 0.00000E+00 0.00000E+00 0.00000E+00 3.59958E-19 1.11001E-18 6.55030E-20 6.43566E-20 1.41137E-19
 4.38757E+02 2.26323E-18 0.00000E+00 0.00000E+00 0.00000E+00 0.00000E+00 0.00000E+00 0.00000E+00 0.00000E+00 4.11100E-19 1.20506E-18 6.52799E-20 6.41853E-20 1.40713E-19
 4.39868E+02 2.40982E-18 0.00000E+00 0.00000E+00 0.00000E+00 0.00000E+00 0.00000E+00 0.00000E+00 0.00000E+00 4.66025E-19 1.29899E-18 6.50573E-20 6.40140E-20 1.40289E-19
 4.40983E+02 2.55762E-18 0.00000E+00 0.00000E+00 0.00000E+00 0.00000E+00 0.00000E+00 0.00000E+00 0.00000E+00 5.24125E-19 1.39095E-18 6.48351E-20 6.38429E-20 1.39865E-19
 4.42100E+02 2.70516E-18 0.00000E+00 0.00000E+00 0.00000E+00 0.00000E+00 0.00000E+00 0.00000E+00 0.00000E+00 5.84686E-19 1.48019E-18 6.46135E-20 6.36718E-20 1.39442E-19
 4.43220E+02 2.85109E-18 0.00000E+00 0.00000E+00 0.00000E+00 0.00000E+00 0.00000E+00 0.00000E+00 0.00000E+00 6.46932E-19 1.56613E-18 6.43923E-20 6.35007E-20 1.39020E-19
 4.44343E+02 2.99416E-18 0.00000E+00 0.00000E+00 0.00000E+00 0.00000E+00 0.00000E+00 0.00000E+00 0.00000E+00 7.10069E-19 1.64831E-18 6.41716E-20 6.33298E-20 1.38598E-19
 4.45468E+02 3.13324E-18 0.00000E+00 0.00000E+00 0.00000E+00 0.00000E+00 0.00000E+00 0.00000E+00 0.00000E+00 7.73328E-19 1.72638E-18 6.39514E-20 6.31589E-20 1.38176E-19
 4.46597E+02 3.26742E-18 0.00000E+00 0.00000E+00 0.00000E+00 0.00000E+00 0.00000E+00 0.00000E+00 0.00000E+00 8.36001E-19 1.80012E-18 6.37317E-20 6.29881E-20 1.37756E-19
 4.47728E+02 3.39589E-18 0.00000E+00 0.00000E+00 0.00000E+00 0.00000E+00 0.00000E+00 0.00000E+00 0.00000E+00 8.97462E-19 1.86938E-18 6.35125E-20 6.28174E-20 1.37335E-19
 4.48863E+02 3.51805E-18 0.00000E+00 0.00000E+00 0.00000E+00 0.00000E+00 0.00000E+00 0.00000E+00 0.00000E+00 9.57183E-19 1.93406E-18 6.32937E-20 6.26468E-20 1.36916E-19
 4.50000E+02 3.63345E-18 0.00000E+00 0.00000E+00 0.00000E+00 0.00000E+00 0.00000E+00 0.00000E+00 0.00000E+00 1.01474E-18 1.99414E-18 6.30755E-20 6.24763E-20 1.36497E-19
 4.50741E+02 3.70475E-18 0.00000E+00 0.00000E+00 0.00000E+00 0.00000E+00 0.00000E+00 0.00000E+00 0.00000E+00 1.05086E-18 2.03076E-18 6.29338E-20 6.23654E-20 1.36224E-19
 4.51484E+02 3.77298E-18 0.00000E+00 0.00000E+00 0.00000E+00 0.00000E+00 0.00000E+00 0.00000E+00 0.00000E+00 1.08585E-18 2.06545E-18 6.27923E-20 6.22546E-20 1.35952E-19
 4.52228E+02 3.83810E-18 0.00000E+00 0.00000E+00 0.00000E+00 0.00000E+00 0.00000E+00 0.00000E+00 0.00000E+00 1.11965E-18 2.09822E-18 6.26510E-20 6.21438E-20 1.35681E-19
 4.52973E+02 3.90010E-18 0.00000E+00 0.00000E+00 0.00000E+00 0.00000E+00 0.00000E+00 0.00000E+00 0.00000E+00 1.15221E-18 2.12910E-18 6.25099E-20 6.20331E-20 1.35409E-19
 4.54467E+02 4.01471E-18 0.00000E+00 0.00000E+00 0.00000E+00 0.00000E+00 0.00000E+00 0.00000E+00 0.00000E+00 1.21351E-18 2.18530E-18 6.22284E-20 6.18117E-20 1.34867E-19
 4.55966E+02 4.11688E-18 0.00000E+00 0.00000E+00 0.00000E+00 0.00000E+00 0.00000E+00 0.00000E+00 0.00000E+00 1.26959E-18 2.23428E-18 6.19477E-20 6.15906E-20 1.34325E-19
 4.57469E+02 4.20687E-18 0.00000E+00 0.00000E+00 0.00000E+00 0.00000E+00 0.00000E+00 0.00000E+00 0.00000E+00 1.32038E-18 2.27635E-18 6.16679E-20 6.13697E-20 1.33785E-19
 4.58978E+02 4.28507E-18 0.00000E+00 0.00000E+00 0.00000E+00 0.00000E+00 0.00000E+00 0.00000E+00 0.00000E+00 1.36594E-18 2.31185E-18 6.13890E-20 6.11490E-20 1.33246E-19
 4.60492E+02 4.35195E-18 0.00000E+00 0.00000E+00 0.00000E+00 0.00000E+00 0.00000E+00 0.00000E+00 0.00000E+00 1.40635E-18 2.34118E-18 6.11109E-20 6.09285E-20 1.32708E-19
 4.62011E+02 4.40808E-18 0.00000E+00 0.00000E+00 0.00000E+00 0.00000E+00 0.00000E+00 0.00000E+00 0.00000E+00 1.44178E-18 2.36473E-18 6.08338E-20 6.07082E-20 1.32171E-19
 4.63534E+02 4.45410E-18 0.00000E+00 0.00000E+00 0.00000E+00 0.00000E+00 0.00000E+00 0.00000E+00 0.00000E+00 1.47241E-18 2.38296E-18 6.05575E-20 6.04882E-20 1.31635E-19
 4.65063E+02 4.49067E-18 0.00000E+00 0.00000E+00 0.00000E+00 0.00000E+00 0.00000E+00 0.00000E+00 0.00000E+00 1.49847E-18 2.39631E-18 6.02821E-20 6.02685E-20 1.31100E-19
 4.66597E+02 4.51850E-18 0.00000E+00 0.00000E+00 0.00000E+00 0.00000E+00 0.00000E+00 0.00000E+00 0.00000E+00 1.52020E-18 2.40525E-18 6.00076E-20 6.00489E-20 1.30566E-19
 4.68135E+02 4.53835E-18 0.00000E+00 0.00000E+00 0.00000E+00 0.00000E+00 0.00000E+00 0.00000E+00 0.00000E+00 1.53789E-18 2.41023E-18 5.97339E-20 5.98297E-20 1.30034E-19
 4.69679E+02 4.55094E-18 0.00000E+00 0.00000E+00 0.00000E+00 0.00000E+00 0.00000E+00 0.00000E+00 0.00000E+00 1.55183E-18 2.41170E-18 5.94612E-20 5.96107E-20 1.29503E-19
 4.71228E+02 4.55702E-18 0.00000E+00 0.00000E+00 0.00000E+00 0.00000E+00 0.00000E+00 0.00000E+00 0.00000E+00 1.56232E-18 2.41011E-18 5.91894E-20 5.93920E-20 1.28973E-19
 4.72782E+02 4.55734E-18 0.00000E+00 0.00000E+00 0.00000E+00 0.00000E+00 0.00000E+00 0.00000E+00 0.00000E+00 1.56969E-18 2.40586E-18 5.89186E-20 5.91736E-20 1.28444E-19
 4.74342E+02 4.55258E-18 0.00000E+00 0.00000E+00 0.00000E+00 0.00000E+00 0.00000E+00 0.00000E+00 0.00000E+00 1.57424E-18 2.39934E-18 5.86486E-20 5.89555E-20 1.27916E-19
 4.77476E+02 4.53051E-18 0.00000E+00 0.00000E+00 0.00000E+00 0.00000E+00 0.00000E+00 0.00000E+00 0.00000E+00 1.57616E-18 2.38092E-18 5.81114E-20 5.85202E-20 1.26864E-19
 4.80630E+02 4.49566E-18 0.00000E+00 0.00000E+00 0.00000E+00 0.00000E+00 0.00000E+00 0.00000E+00 0.00000E+00 1.57047E-18 2.35732E-18 5.75779E-20 5.80862E-20 1.25817E-19
 4.83805E+02 4.45232E-18 0.00000E+00 0.00000E+00 0.00000E+00 0.00000E+00 0.00000E+00 0.00000E+00 0.00000E+00 1.55926E-18 2.33070E-18 5.70482E-20 5.76535E-20 1.24775E-19
 4.87002E+02 4.40373E-18 0.00000E+00 0.00000E+00 0.00000E+00 0.00000E+00 0.00000E+00 0.00000E+00 0.00000E+00 1.54432E-18 2.30253E-18 5.65223E-20 5.72220E-20 1.23738E-19
 5.00000E+02 4.19473E-18 0.00000E+00 0.00000E+00 0.00000E+00 0.00000E+00 0.00000E+00 0.00000E+00 0.00000E+00 1.47089E-18 2.18862E-18 5.44567E-20 5.55102E-20 1.19641E-19
 5.50000E+02 3.54237E-18 0.00000E+00 0.00000E+00 0.00000E+00 0.00000E+00 0.00000E+00 0.00000E+00 0.00000E+00 1.23937E-18 1.84201E-18 4.74921E-20 4.95139E-20 1.05500E-19
 6.00000E+02 3.00822E-18 0.00000E+00 0.00000E+00 0.00000E+00 0.00000E+00 0.00000E+00 0.00000E+00 0.00000E+00 1.05069E-18 1.55837E-18 4.17756E-20 4.43154E-20 9.35038E-20
 6.21000E+02 2.81967E-18 0.00000E+00 0.00000E+00 0.00000E+00 0.00000E+00 0.00000E+00 0.00000E+00 0.00000E+00 9.84641E-19 1.45867E-18 3.96688E-20 4.23397E-20 8.90062E-20
 6.21000E+02 2.98088E-18 0.00000E+00 0.00000E+00 0.00000E+00 0.00000E+00 0.00000E+00 0.00000E+00 1.61206E-19 9.84640E-19 1.45867E-18 3.96688E-20 4.23397E-20 8.90062E-20
 6.21517E+02 2.98801E-18 0.00000E+00 0.00000E+00 0.00000E+00 0.00000E+00 0.00000E+00 0.00000E+00 1.72808E-19 9.83078E-19 1.45630E-18 3.96189E-20 4.22925E-20 8.88991E-20
 6.22035E+02 2.99455E-18 0.00000E+00 0.00000E+00 0.00000E+00 0.00000E+00 0.00000E+00 0.00000E+00 1.83816E-19 9.81516E-19 1.45394E-18 3.95690E-20 4.22453E-20 8.87921E-20
 6.23072E+02 3.00587E-18 0.00000E+00 0.00000E+00 0.00000E+00 0.00000E+00 0.00000E+00 0.00000E+00 2.04060E-19 9.78396E-19 1.44921E-18 3.94693E-20 4.21511E-20 8.85783E-20
 6.25152E+02 3.02255E-18 0.00000E+00 0.00000E+00 0.00000E+00 0.00000E+00 0.00000E+00 0.00000E+00 2.38554E-19 9.72171E-19 1.43976E-18 3.92706E-20 4.19629E-20 8.81518E-20
 6.27238E+02 3.03270E-18 0.00000E+00 0.00000E+00 0.00000E+00 0.00000E+00 0.00000E+00 0.00000E+00 2.66468E-19 9.65964E-19 1.43035E-18 3.90727E-20 4.17752E-20 8.77268E-20
 6.29331E+02 3.03747E-18 0.00000E+00 0.00000E+00 0.00000E+00 0.00000E+00 0.00000E+00 0.00000E+00 2.88950E-19 9.59775E-19 1.42095E-18 3.88756E-20 4.15880E-20 8.73031E-20
 6.31431E+02 3.03770E-18 0.00000E+00 0.00000E+00 0.00000E+00 0.00000E+00 0.00000E+00 0.00000E+00 3.06840E-19 9.53603E-19 1.41159E-18 3.86793E-20 4.14013E-20 8.68808E-20
 6.33538E+02 3.03407E-18 0.00000E+00 0.00000E+00 0.00000E+00 0.00000E+00 0.00000E+00 0.00000E+00 3.20827E-19 9.47447E-19 1.40224E-18 3.84838E-20 4.12151E-20 8.64600E-20
 6.37773E+02 3.01765E-18 0.00000E+00 0.00000E+00 0.00000E+00 0.00000E+00 0.00000E+00 0.00000E+00 3.39485E-19 9.35180E-19 1.38362E-18 3.80952E-20 4.08443E-20 8.56225E-20
 6.42037E+02 2.99242E-18 0.00000E+00 0.00000E+00 0.00000E+00 0.00000E+00 0.00000E+00 0.00000E+00 3.49140E-19 9.22968E-19 1.36510E-18 3.77099E-20 4.04756E-20 8.47908E-20
 6.46329E+02 2.96166E-18 0.00000E+00 0.00000E+00 0.00000E+00 0.00000E+00 0.00000E+00 0.00000E+00 3.53095E-19 9.10806E-19 1.34667E-18 3.73278E-20 4.01090E-20 8.39649E-20
 6.55000E+02 2.89231E-18 0.00000E+00 0.00000E+00 0.00000E+00 0.00000E+00 0.00000E+00 0.00000E+00 3.52576E-19 8.86647E-19 1.31013E-18 3.65733E-20 3.93824E-20 8.23305E-20
 6.55000E+02 2.95629E-18 0.00000E+00 0.00000E+00 0.00000E+00 0.00000E+00 0.00000E+00 6.39803E-20 3.52576E-19 8.86647E-19 1.31013E-18 3.65733E-20 3.93823E-20 8.23305E-20
 6.55340E+02 2.95662E-18 0.00000E+00 0.00000E+00 0.00000E+00 0.00000E+00 0.00000E+00 6.71074E-20 3.52444E-19 8.85711E-19 1.30871E-18 3.65441E-20 3.93542E-20 8.22673E-20
 6.55680E+02 2.95686E-18 0.00000E+00 0.00000E+00 0.00000E+00 0.00000E+00 0.00000E+00 7.01495E-20 3.52308E-19 8.84775E-19 1.30730E-18 3.65150E-20 3.93261E-20 8.22042E-20
 6.56361E+02 2.95703E-18 0.00000E+00 0.00000E+00 0.00000E+00 0.00000E+00 0.00000E+00 7.59222E-20 3.52023E-19 8.82906E-19 1.30448E-18 3.64569E-20 3.92699E-20 8.20780E-20
 6.57726E+02 2.95623E-18 0.00000E+00 0.00000E+00 0.00000E+00 0.00000E+00 0.00000E+00 8.63489E-20 3.51415E-19 8.79171E-19 1.29884E-18 3.63408E-20 3.91577E-20 8.18260E-20
 6.60463E+02 2.95084E-18 0.00000E+00 0.00000E+00 0.00000E+00 0.00000E+00 0.00000E+00 1.03449E-19 3.50092E-19 8.71724E-19 1.28760E-18 3.61095E-20 3.89339E-20 8.13237E-20
 6.63211E+02 2.94141E-18 0.00000E+00 0.00000E+00 0.00000E+00 0.00000E+00 0.00000E+00 1.16464E-19 3.48722E-19 8.64307E-19 1.27643E-18 3.58795E-20 3.87110E-20 8.08237E-20
 6.65971E+02 2.92882E-18 0.00000E+00 0.00000E+00 0.00000E+00 0.00000E+00 0.00000E+00 1.26169E-19 3.47396E-19 8.56923E-19 1.26531E-18 3.56508E-20 3.84890E-20 8.03259E-20
 6.71526E+02 2.89667E-18 0.00000E+00 0.00000E+00 0.00000E+00 0.00000E+00 0.00000E+00 1.38077E-19 3.44916E-19 8.42261E-19 1.24326E-18 3.51971E-20 3.80474E-20 7.93373E-20
 6.77126E+02 2.85854E-18 0.00000E+00 0.00000E+00 0.00000E+00 0.00000E+00 0.00000E+00 1.43342E-19 3.42632E-19 8.27752E-19 1.22149E-18 3.47483E-20 3.76094E-20 7.83577E-20
 6.88468E+02 2.77534E-18 0.00000E+00 0.00000E+00 0.00000E+00 0.00000E+00 0.00000E+00 1.44982E-19 3.38484E-19 7.99242E-19 1.17879E-18 3.38657E-20 3.67437E-20 7.64257E-20
 7.00000E+02 2.69136E-18 0.00000E+00 0.00000E+00 0.00000E+00 0.00000E+00 0.00000E+00 1.43509E-19 3.34498E-19 7.71489E-19 1.13729E-18 3.30025E-20 3.58920E-20 7.45295E-20
 7.36546E+02 2.44449E-18 0.00000E+00 0.00000E+00 0.00000E+00 0.00000E+00 0.00000E+00 1.39780E-19 3.18551E-19 6.91248E-19 1.01742E-18 3.04767E-20 3.33677E-20 6.89390E-20
 7.75000E+02 2.21160E-18 0.00000E+00 0.00000E+00 0.00000E+00 0.00000E+00 0.00000E+00 1.34155E-19 3.01338E-19 6.17106E-19 9.06630E-19 2.81241E-20 3.09657E-20 6.36638E-20
 7.75000E+02 2.33275E-18 0.00000E+00 0.00000E+00 0.00000E+00 0.00000E+00 1.21150E-19 1.34155E-19 3.01338E-19 6.17106E-19 9.06630E-19 2.81241E-20 3.09657E-20 6.36638E-20
 7.75769E+02 2.32603E-18 0.00000E+00 0.00000E+00 0.00000E+00 0.00000E+00 1.18806E-19 1.34030E-19 3.01023E-19 6.15712E-19 9.04551E-19 2.80799E-20 3.09200E-20 6.35640E-20
 7.76539E+02 2.31947E-18 0.00000E+00 0.00000E+00 0.00000E+00 0.00000E+00 1.16627E-19 1.33906E-19 3.00709E-19 6.14321E-19 9.02474E-19 2.80357E-20 3.08744E-20 6.34643E-20
 7.78082E+02 2.30709E-18 0.00000E+00 0.00000E+00 0.00000E+00 0.00000E+00 1.12978E-19 1.33658E-19 3.00081E-19 6.11545E-19 8.98331E-19 2.79475E-20 3.07834E-20 6.32653E-20
 7.81176E+02 2.28418E-18 0.00000E+00 0.00000E+00 0.00000E+00 0.00000E+00 1.07460E-19 1.33164E-19 2.98831E-19 6.06015E-19 8.90082E-19 2.77719E-20 3.06018E-20 6.28687E-20
 7.87401E+02 2.24304E-18 0.00000E+00 0.00000E+00 0.00000E+00 0.00000E+00 1.00782E-19 1.32193E-19 2.96347E-19 5.95054E-19 8.73739E-19 2.74234E-20 3.02408E-20 6.20809E-20
 8.00000E+02 2.17012E-18 0.00000E+00 0.00000E+00 0.00000E+00 0.00000E+00 9.55310E-20 1.30305E-19 2.91394E-19 5.73534E-19 8.41693E-19 2.67374E-20 2.95276E-20 6.05274E-20
 8.48528E+02 1.92905E-18 0.00000E+00 0.00000E+00 0.00000E+00 0.00000E+00 9.14815E-20 1.23580E-19 2.72293E-19 4.98743E-19 7.30704E-19 2.43152E-20 2.69847E-20 5.50207E-20
 9.00000E+02 1.70814E-18 0.00000E+00 0.00000E+00 0.00000E+00 0.00000E+00 8.50628E-20 1.16266E-19 2.53129E-19 4.32232E-19 6.32257E-19 2.20875E-20 2.46099E-20 4.99202E-20
 9.48683E+02 1.52920E-18 0.00000E+00 0.00000E+00 0.00000E+00 0.00000E+00 7.99191E-20 1.09716E-19 2.36632E-19 3.78974E-19 5.53519E-19 2.02551E-20 2.26288E-20 4.56904E-20
 1.00000E+03 1.36555E-18 0.00000E+00 0.00000E+00 0.00000E+00 0.00000E+00 7.46728E-20 1.03196E-19 2.20252E-19 3.31125E-19 4.82978E-19 1.85638E-20 2.07761E-20 4.17588E-20
 1.10000E+03 1.10837E-18 0.00000E+00 0.00000E+00 0.00000E+00 0.00000E+00 6.57651E-20 9.13235E-20 1.91958E-19 2.57876E-19 3.75300E-19 1.58200E-20 1.77210E-20 3.53410E-20
 1.17260E+03 9.60892E-19 0.00000E+00 0.00000E+00 0.00000E+00 0.00000E+00 6.01667E-20 8.36690E-20 1.74085E-19 2.17084E-19 3.15460E-19 1.41921E-20 1.58860E-20 3.15207E-20
 1.25000E+03 8.31326E-19 0.00000E+00 0.00000E+00 0.00000E+00 0.00000E+00 5.49120E-20 7.62267E-20 1.57193E-19 1.82145E-19 2.64326E-19 1.27225E-20 1.42139E-20 2.80587E-20
 1.32288E+03 7.30195E-19 0.00000E+00 0.00000E+00 0.00000E+00 0.00000E+00 5.05460E-20 6.99601E-20 1.43193E-19 1.55532E-19 2.25425E-19 1.15386E-20 1.28540E-20 2.52622E-20
 1.40000E+03 6.40589E-19 0.00000E+00 0.00000E+00 0.00000E+00 0.00000E+00 4.64052E-20 6.39889E-20 1.30004E-19 1.32570E-19 1.91904E-19 1.04585E-20 1.16051E-20 2.27107E-20
 1.50000E+03 5.45253E-19 0.00000E+00 0.00000E+00 0.00000E+00 0.00000E+00 4.17400E-20 5.71469E-20 1.15168E-19 1.08785E-19 1.57242E-19 9.26987E-21 1.02273E-20 1.99113E-20
 1.62019E+03 4.54626E-19 0.00000E+00 0.00000E+00 0.00000E+00 0.00000E+00 3.69781E-20 5.01251E-20 1.00125E-19 8.69432E-20 1.25458E-19 8.09182E-21 8.85632E-21 1.71423E-20
 1.75000E+03 3.78310E-19 0.00000E+00 0.00000E+00 0.00000E+00 0.00000E+00 3.26719E-20 4.37295E-20 8.66436E-20 6.92148E-20 9.97116E-20 7.05932E-21 7.64563E-21 1.47170E-20
 1.87083E+03 3.22206E-19 0.00000E+00 0.00000E+00 0.00000E+00 0.00000E+00 2.92877E-20 3.87117E-20 7.61764E-20 5.66537E-20 8.14996E-20 6.26521E-21 6.71567E-21 1.28648E-20
 2.00000E+03 2.74042E-19 0.00000E+00 0.00000E+00 0.00000E+00 0.00000E+00 2.62063E-20 3.41459E-20 6.67586E-20 4.62358E-20 6.64183E-20 5.55621E-21 5.88795E-21 1.12250E-20
 2.20000E+03 2.17072E-19 0.00000E+00 0.00000E+00 0.00000E+00 0.00000E+00 2.22928E-20 2.83938E-20 5.50174E-20 3.44420E-20 4.93740E-20 4.67460E-21 4.86014E-21 9.20409E-21
 2.50000E+03 1.58235E-19 0.00000E+00 0.00000E+00 0.00000E+00 0.00000E+00 1.78547E-20 2.19532E-20 4.20568E-20 2.30098E-20 3.28912E-20 3.69751E-21 3.73058E-21 7.00213E-21
 2.73861E+03 1.25992E-19 0.00000E+00 0.00000E+00 0.00000E+00 0.00000E+00 1.51909E-20 1.81522E-20 3.45063E-20 1.71584E-20 2.44769E-20 3.12101E-21 3.07345E-21 5.73259E-21
 3.00000E+03 1.00145E-19 0.00000E+00 0.00000E+00 0.00000E+00 0.00000E+00 1.28914E-20 1.49285E-20 2.81653E-20 1.27363E-20 1.81310E-20 2.63194E-21 2.52126E-21 4.67333E-21
 3.24037E+03 8.23606E-20 0.00000E+00 0.00000E+00 0.00000E+00 0.00000E+00 1.11958E-20 1.26039E-20 2.36323E-20 9.86540E-21 1.40189E-20 2.27468E-21 2.12508E-21 3.91837E-21
 3.50000E+03 6.76584E-20 0.00000E+00 0.00000E+00 0.00000E+00 0.00000E+00 9.70818E-21 1.06031E-20 1.97604E-20 7.61832E-21 1.08058E-20 1.96335E-21 1.78572E-21 3.27532E-21
 3.54200E+03 6.56219E-20 0.00000E+00 0.00000E+00 0.00000E+00 0.00000E+00 9.49483E-21 1.03199E-20 1.92147E-20 7.31700E-21 1.03753E-20 1.91887E-21 1.73776E-21 3.18473E-21
 3.54200E+03 1.18487E-19 0.00000E+00 0.00000E+00 0.00000E+00 5.28648E-20 9.49483E-21 1.03199E-20 1.92147E-20 7.31699E-21 1.03753E-20 1.91887E-21 1.73776E-21 3.18473E-21
 3.54489E+03 1.46061E-19 0.00000E+00 0.00000E+00 0.00000E+00 8.05762E-20 9.48038E-21 1.03008E-20 1.91779E-20 7.29678E-21 1.03465E-20 1.91586E-21 1.73451E-21 3.17861E-21
 3.54779E+03 1.66437E-19 0.00000E+00 0.00000E+00 0.00000E+00 1.01089E-19 9.46595E-21 1.02817E-20 1.91411E-20 7.27662E-21 1.03177E-20 1.91285E-21 1.73128E-21 3.17251E-21
 3.55069E+03 1.81486E-19 0.00000E+00 0.00000E+00 0.00000E+00 1.16275E-19 9.45154E-21 1.02626E-20 1.91043E-20 7.25651E-21 1.02890E-20 1.90985E-21 1.72805E-21 3.16641E-21
 3.55359E+03 1.92375E-19 0.00000E+00 0.00000E+00 0.00000E+00 1.27301E-19 9.43715E-21 1.02436E-20 1.90677E-20 7.23645E-21 1.02603E-20 1.90685E-21 1.72482E-21 3.16032E-21
 3.55649E+03 1.99989E-19 0.00000E+00 0.00000E+00 0.00000E+00 1.35051E-19 9.42278E-21 1.02246E-20 1.90311E-20 7.21644E-21 1.02317E-20 1.90386E-21 1.72160E-21 3.15424E-21
 3.55939E+03 2.05073E-19 0.00000E+00 0.00000E+00 0.00000E+00 1.40270E-19 9.40843E-21 1.02056E-20 1.89945E-20 7.19649E-21 1.02032E-20 1.90087E-21 1.71839E-21 3.14818E-21
 3.56230E+03 2.08259E-19 0.00000E+00 0.00000E+00 0.00000E+00 1.43592E-19 9.39409E-21 1.01866E-20 1.89580E-20 7.17659E-21 1.01748E-20 1.89789E-21 1.71518E-21 3.14212E-21
 3.56521E+03 2.10069E-19 0.00000E+00 0.00000E+00 0.00000E+00 1.45538E-19 9.37978E-21 1.01677E-20 1.89216E-20 7.15674E-21 1.01465E-20 1.89491E-21 1.71197E-21 3.13608E-21
 3.56812E+03 2.10921E-19 0.00000E+00 0.00000E+00 0.00000E+00 1.46524E-19 9.36549E-21 1.01488E-20 1.88853E-20 7.13694E-21 1.01182E-20 1.89193E-21 1.70877E-21 3.13004E-21
 3.57104E+03 2.11130E-19 0.00000E+00 0.00000E+00 0.00000E+00 1.46869E-19 9.35121E-21 1.01300E-20 1.88490E-20 7.11719E-21 1.00900E-20 1.88896E-21 1.70558E-21 3.12402E-21
 3.57395E+03 2.10934E-19 0.00000E+00 0.00000E+00 0.00000E+00 1.46807E-19 9.33696E-21 1.01111E-20 1.88127E-20 7.09750E-21 1.00619E-20 1.88599E-21 1.70239E-21 3.11800E-21
 3.57687E+03 2.10502E-19 0.00000E+00 0.00000E+00 0.00000E+00 1.46509E-19 9.32272E-21 1.00924E-20 1.87766E-20 7.07786E-21 1.00338E-20 1.88303E-21 1.69921E-21 3.11200E-21
 3.58857E+03 2.08233E-19 0.00000E+00 0.00000E+00 0.00000E+00 1.44774E-19 9.26597E-21 1.00175E-20 1.86325E-20 6.99980E-21 9.92238E-21 1.87122E-21 1.68653E-21 3.08809E-21
 3.63576E+03 2.02742E-19 0.00000E+00 0.00000E+00 0.00000E+00 1.41377E-19 9.04209E-21 9.72294E-21 1.80662E-20 6.69574E-21 9.48831E-21 1.82468E-21 1.63666E-21 2.99409E-21
 3.68357E+03 1.95481E-19 0.00000E+00 0.00000E+00 0.00000E+00 1.36143E-19 8.82314E-21 9.43616E-21 1.75154E-20 6.40450E-21 9.07267E-21 1.77922E-21 1.58813E-21 2.90272E-21
 3.73200E+03 1.88986E-19 0.00000E+00 0.00000E+00 0.00000E+00 1.31608E-19 8.60910E-21 9.15696E-21 1.69798E-20 6.12572E-21 8.67496E-21 1.73485E-21 1.54093E-21 2.81393E-21
 3.73200E+03 2.12944E-19 0.00000E+00 0.00000E+00 2.39579E-20 1.31608E-19 8.60910E-21 9.15695E-21 1.69798E-20 6.12572E-21 8.67495E-21 1.73484E-21 1.54093E-21 2.81393E-21
 3.73402E+03 2.22257E-19 0.00000E+00 0.00000E+00 3.35269E-20 1.31432E-19 8.60033E-21 9.14554E-21 1.69579E-20 6.11442E-21 8.65884E-21 1.73303E-21 1.53900E-21 2.81030E-21
 3.73605E+03 2.29813E-19 0.00000E+00 0.00000E+00 4.13376E-20 1.31256E-19 8.59156E-21 9.13413E-21 1.69361E-20 6.10314E-21 8.64275E-21 1.73121E-21 1.53707E-21 2.80668E-21
 3.73807E+03 2.35938E-19 0.00000E+00 0.00000E+00 4.77178E-20 1.31081E-19 8.58281E-21 9.12274E-21 1.69142E-20 6.09189E-21 8.62669E-21 1.72940E-21 1.53514E-21 2.80306E-21
 3.74010E+03 2.40866E-19 0.00000E+00 0.00000E+00 5.28993E-20 1.30907E-19 8.57406E-21 9.11136E-21 1.68924E-20 6.08065E-21 8.61066E-21 1.72759E-21 1.53322E-21 2.79944E-21
 3.74212E+03 2.44774E-19 0.00000E+00 0.00000E+00 5.70608E-20 1.30733E-19 8.56532E-21 9.09999E-21 1.68706E-20 6.06943E-21 8.59467E-21 1.72578E-21 1.53130E-21 2.79583E-21
 3.74415E+03 2.47813E-19 0.00000E+00 0.00000E+00 6.03533E-20 1.30559E-19 8.55659E-21 9.08863E-21 1.68489E-20 6.05824E-21 8.57870E-21 1.72397E-21 1.52938E-21 2.79223E-21
 3.74618E+03 2.50119E-19 0.00000E+00 0.00000E+00 6.29116E-20 1.30386E-19 8.54787E-21 9.07729E-21 1.68271E-20 6.04706E-21 8.56276E-21 1.72216E-21 1.52746E-21 2.78863E-21
 3.74821E+03 2.51814E-19 0.00000E+00 0.00000E+00 6.48583E-20 1.30213E-19 8.53915E-21 9.06596E-21 1.68054E-20 6.03591E-21 8.54685E-21 1.72036E-21 1.52555E-21 2.78503E-21
 3.75024E+03 2.53007E-19 0.00000E+00 0.00000E+00 6.63030E-20 1.30041E-19 8.53045E-21 9.05464E-21 1.67837E-20 6.02477E-21 8.53097E-21 1.71855E-21 1.52364E-21 2.78144E-21
 3.75227E+03 2.53796E-19 0.00000E+00 0.00000E+00 6.73431E-20 1.29869E-19 8.52175E-21 9.04333E-21 1.67621E-20 6.01366E-21 8.51512E-21 1.71675E-21 1.52173E-21 2.77785E-21
 3.75634E+03 2.54485E-19 0.00000E+00 0.00000E+00 6.85326E-20 1.29525E-19 8.50438E-21 9.02076E-21 1.67188E-20 5.99149E-21 8.48350E-21 1.71315E-21 1.51792E-21 2.77068E-21
 3.76042E+03 2.54404E-19 0.00000E+00 0.00000E+00 6.89518E-20 1.29182E-19 8.48704E-21 8.99824E-21 1.66757E-20 5.96941E-21 8.45201E-21 1.70956E-21 1.51411E-21 2.76354E-21
 3.76449E+03 2.53905E-19 0.00000E+00 0.00000E+00 6.89526E-20 1.28839E-19 8.46974E-21 8.97576E-21 1.66326E-20 5.94740E-21 8.42063E-21 1.70598E-21 1.51032E-21 2.75641E-21
 3.78084E+03 2.50980E-19 0.00000E+00 0.00000E+00 6.80259E-20 1.27463E-19 8.40085E-21 8.88637E-21 1.64614E-20 5.86019E-21 8.29626E-21 1.69172E-21 1.49522E-21 2.72806E-21
 3.79727E+03 2.48524E-19 0.00000E+00 0.00000E+00 6.75641E-20 1.26084E-19 8.33248E-21 8.79777E-21 1.62918E-20 5.77425E-21 8.17372E-21 1.67758E-21 1.48027E-21 2.69998E-21
 3.81376E+03 2.46226E-19 0.00000E+00 0.00000E+00 6.72555E-20 1.24702E-19 8.26464E-21 8.70996E-21 1.61238E-20 5.68957E-21 8.05299E-21 1.66355E-21 1.46546E-21 2.67217E-21
 3.83033E+03 2.43636E-19 0.00000E+00 0.00000E+00 6.66480E-20 1.23323E-19 8.19731E-21 8.62293E-21 1.59574E-20 5.60612E-21 7.93403E-21 1.64963E-21 1.45078E-21 2.64463E-21
 3.86368E+03 2.37997E-19 0.00000E+00 0.00000E+00 6.49357E-20 1.20579E-19 8.06419E-21 8.45122E-21 1.56291E-20 5.44285E-21 7.70132E-21 1.62213E-21 1.42183E-21 2.59034E-21
 3.93125E+03 2.27441E-19 0.00000E+00 0.00000E+00 6.20176E-20 1.15232E-19 7.80398E-21 8.11693E-21 1.49909E-20 5.13015E-21 7.25579E-21 1.56842E-21 1.36551E-21 2.48484E-21
 4.00000E+03 2.17692E-19 0.00000E+00 0.00000E+00 5.95924E-20 1.10102E-19 7.55153E-21 7.79447E-21 1.43762E-20 4.83459E-21 6.83485E-21 1.51637E-21 1.31121E-21 2.38324E-21
 4.02200E+03 2.14683E-19 0.00000E+00 0.00000E+00 5.88396E-20 1.08521E-19 7.47322E-21 7.69483E-21 1.41865E-20 4.74439E-21 6.70642E-21 1.50023E-21 1.29444E-21 2.35187E-21
 4.02200E+03 2.53062E-19 0.00000E+00 3.83788E-20 5.88396E-20 1.08521E-19 7.47322E-21 7.69482E-21 1.41865E-20 4.74438E-21 6.70641E-21 1.50023E-21 1.29444E-21 2.35187E-21
 4.02553E+03 2.49904E-19 0.00000E+00 3.57007E-20 5.87185E-20 1.08270E-19 7.46076E-21 7.67899E-21 1.41564E-20 4.73010E-21 6.68607E-21 1.49767E-21 1.29177E-21 2.34689E-21
 4.02906E+03 2.47740E-19 0.00000E+00 3.40151E-20 5.85971E-20 1.08019E-19 7.44832E-21 7.66319E-21 1.41263E-20 4.71585E-21 6.66579E-21 1.49511E-21 1.28911E-21 2.34191E-21
 4.03260E+03 2.46156E-19 0.00000E+00 3.29094E-20 5.84757E-20 1.07769E-19 7.43590E-21 7.64741E-21 1.40963E-20 4.70164E-21 6.64556E-21 1.49255E-21 1.28645E-21 2.33695E-21
 4.03614E+03 2.44948E-19 0.00000E+00 3.21794E-20 5.83540E-20 1.07519E-19 7.42350E-21 7.63166E-21 1.40663E-20 4.68748E-21 6.62539E-21 1.48999E-21 1.28380E-21 2.33199E-21
 4.04323E+03 2.43229E-19 0.00000E+00 3.14141E-20 5.81103E-20 1.07021E-19 7.39875E-21 7.60025E-21 1.40065E-20 4.65926E-21 6.58522E-21 1.48490E-21 1.27851E-21 2.32211E-21
 4.05033E+03 2.42041E-19 0.00000E+00 3.11777E-20 5.78660E-20 1.06525E-19 7.37408E-21 7.56895E-21 1.39470E-20 4.63119E-21 6.54527E-21 1.47982E-21 1.27324E-21 2.31226E-21
 4.07886E+03 2.38571E-19 0.00000E+00 3.14911E-20 5.68842E-20 1.04561E-19 7.27612E-21 7.44491E-21 1.37110E-20 4.52050E-21 6.38771E-21 1.45965E-21 1.25236E-21 2.27325E-21
 4.13652E+03 2.30520E-19 0.00000E+00 3.08809E-20 5.49112E-20 1.00723E-19 7.08376E-21 7.20225E-21 1.32499E-20 4.30649E-21 6.08315E-21 1.42009E-21 1.21151E-21 2.19700E-21
 4.25429E+03 2.14999E-19 0.00000E+00 2.96387E-20 5.10412E-20 9.34045E-20 6.71305E-21 6.73833E-21 1.23700E-20 3.90710E-21 5.51508E-21 1.34396E-21 1.13342E-21 2.05146E-21
 4.50000E+03 1.86668E-19 0.00000E+00 2.71099E-20 4.40542E-20 8.01422E-20 6.02528E-21 5.89156E-21 1.07701E-20 3.21328E-21 4.52923E-21 1.20315E-21 9.90955E-22 1.78674E-21
 5.00000E+03 1.42626E-19 0.00000E+00 2.26441E-20 3.32272E-20 5.99011E-20 4.90688E-21 4.55785E-21 8.26685E-21 2.21727E-21 3.11672E-21 9.75512E-22 7.66868E-22 1.37274E-21
 5.50000E+03 1.11567E-19 0.00000E+00 1.91333E-20 2.56519E-20 4.58795E-20 4.06453E-21 3.59546E-21 6.47512E-21 1.57782E-21 2.21199E-21 8.05122E-22 6.05335E-22 1.07647E-21
 6.00000E+03 8.89976E-20 0.00000E+00 1.63438E-20 2.01910E-20 3.58544E-20 3.41521E-21 2.88365E-21 5.15983E-21 1.15207E-21 1.61122E-21 6.74450E-22 4.85934E-22 8.58930E-22
 6.48074E+03 7.27309E-20 0.00000E+00 1.41747E-20 1.62873E-20 2.87391E-20 2.92133E-21 2.36422E-21 4.20650E-21 8.68162E-22 1.21143E-21 5.75537E-22 3.98643E-22 7.00813E-22
 7.00000E+03 5.93576E-20 0.00000E+00 1.22585E-20 1.31034E-20 2.29761E-20 2.49591E-21 1.93272E-21 3.41918E-21 6.54253E-22 9.10825E-22 4.90716E-22 3.26441E-22 5.70779E-22
 8.00000E+03 4.16071E-20 0.00000E+00 9.46737E-21 8.93558E-21 1.55022E-20 1.89207E-21 1.35394E-21 2.37141E-21 3.97187E-22 5.50676E-22 3.70871E-22 2.29273E-22 3.97052E-22
 9.00000E+03 3.03218E-20 0.00000E+00 7.48678E-21 6.33772E-21 1.08937E-20 1.47561E-21 9.82228E-22 1.70519E-21 2.54102E-22 3.50913E-22 2.88652E-22 1.66766E-22 2.86323E-22
 1.00000E+04 2.27976E-20 0.00000E+00 6.03704E-21 4.64062E-21 7.91076E-21 1.17737E-21 7.33204E-22 1.26263E-21 1.69566E-22 2.33316E-22 2.29982E-22 1.24788E-22 2.12571E-22
 1.10000E+04 1.75850E-20 0.00000E+00 4.94840E-21 3.48878E-21 5.90263E-21 9.57171E-22 5.60432E-22 9.57983E-22 1.17158E-22 1.60664E-22 1.86773E-22 9.55921E-23 1.61663E-22
 1.25000E+04 1.23876E-20 0.00000E+00 3.76759E-21 2.36827E-21 3.96627E-21 7.22067E-22 3.88492E-22 6.57415E-22 7.09868E-23 9.68671E-23 1.40734E-22 6.64551E-23 1.11277E-22
 1.40000E+04 9.06286E-21 0.00000E+00 2.94251E-21 1.67258E-21 2.77550E-21 5.60181E-22 2.79206E-22 4.68161E-22 4.53013E-23 6.15438E-23 1.09089E-22 4.78745E-23 7.94445E-23
 1.50000E+04 7.48648E-21 0.00000E+00 2.52519E-21 1.35080E-21 2.22880E-21 4.79096E-22 2.27779E-22 3.79782E-22 3.43925E-23 4.65874E-23 9.32554E-23 3.91130E-23 6.45415E-23
 1.75000E+04 4.87446E-21 0.00000E+00 1.78245E-21 8.33722E-22 1.35798E-21 3.36134E-22 1.43620E-22 2.36369E-22 1.84766E-23 2.48619E-23 6.53761E-23 2.47370E-23 4.02975E-23
 2.00000E+04 3.35386E-21 0.00000E+00 1.30888E-21 5.45943E-22 8.79045E-22 2.45898E-22 9.56559E-23 1.55615E-22 1.07225E-23 1.43379E-23 4.78022E-23 1.65179E-23 2.65996E-23
 2.20000E+04 2.56527E-21 0.00000E+00 1.04586E-21 4.02417E-22 6.42456E-22 1.96091E-22 7.13081E-23 1.15016E-22 7.24876E-24 9.64654E-24 3.81109E-23 1.23348E-23 1.96950E-23
 2.50000E+04 1.78797E-21 0.00000E+00 7.70267E-22 2.66357E-22 4.20284E-22 1.44141E-22 4.78642E-23 7.62976E-23 4.27127E-24 5.64681E-24 2.80089E-23 8.29834E-24 1.30950E-23
 2.67150E+04 1.48018E-21 0.00000E+00 6.55404E-22 2.14400E-22 3.36167E-22 1.22555E-22 3.87960E-23 6.14490E-23 3.23243E-24 4.25776E-24 2.38134E-23 6.73395E-24 1.05587E-23
 2.67150E+04 1.07645E-20 9.28435E-21 6.55404E-22 2.14400E-22 3.36166E-22 1.22555E-22 3.87960E-23 6.14490E-23 3.23243E-24 4.25775E-24 2.38134E-23 6.73394E-24 1.05587E-23
 2.67392E+04 9.10115E-21 7.62480E-21 6.53954E-22 2.13764E-22 3.35139E-22 1.22283E-22 3.86845E-23 6.12669E-23 3.22011E-24 4.24130E-24 2.37605E-23 6.71469E-24 1.05276E-23
 2.67635E+04 9.18592E-21 7.71337E-21 6.52506E-22 2.13129E-22 3.34116E-22 1.22011E-22 3.85733E-23 6.10854E-23 3.20784E-24 4.22492E-24 2.37077E-23 6.69549E-24 1.04966E-23
 2.67877E+04 9.25108E-21 7.78233E-21 6.51062E-22 2.12497E-22 3.33095E-22 1.21740E-22 3.84624E-23 6.09044E-23 3.19561E-24 4.20860E-24 2.36550E-23 6.67635E-24 1.04657E-23
 2.68120E+04 9.21800E-21 7.75305E-21 6.49620E-22 2.11866E-22 3.32077E-22 1.21470E-22 3.83518E-23 6.07240E-23 3.18343E-24 4.19234E-24 2.36024E-23 6.65726E-24 1.04348E-23
 2.69093E+04 9.17464E-21 7.72474E-21 6.43886E-22 2.09363E-22 3.28039E-22 1.20393E-22 3.79128E-23 6.00076E-23 3.13520E-24 4.12796E-24 2.33932E-23 6.58146E-24 1.03123E-23
 2.70070E+04 9.10284E-21 7.66784E-21 6.38201E-22 2.06890E-22 3.24050E-22 1.19327E-22 3.74788E-23 5.92997E-23 3.08772E-24 4.06461E-24 2.31859E-23 6.50652E-24 1.01913E-23
 2.71051E+04 9.01960E-21 7.59934E-21 6.32566E-22 2.04447E-22 3.20111E-22 1.18269E-22 3.70499E-23 5.86003E-23 3.04099E-24 4.00226E-24 2.29804E-23 6.43245E-24 1.00717E-23
 2.75009E+04 8.69546E-21 7.33261E-21 6.10509E-22 1.94969E-22 3.04844E-22 1.14131E-22 3.53839E-23 5.58860E-23 2.86140E-24 3.76277E-24 2.21762E-23 6.14468E-24 9.60757E-24
 2.83099E+04 8.05672E-21 6.80150E-21 5.68662E-22 1.77367E-22 2.76551E-22 1.06285E-22 3.22805E-23 5.08411E-23 2.53553E-24 3.32873E-24 2.06516E-23 5.60837E-24 8.74440E-24
 3.00000E+04 6.92642E-21 5.86091E-21 4.93226E-22 1.46915E-22 2.27811E-22 9.21547E-23 2.68807E-23 4.21002E-23 1.99652E-24 2.61258E-24 1.79062E-23 4.67432E-24 7.24746E-24
 3.24037E+04 5.65472E-21 4.79942E-21 4.07172E-22 1.14011E-22 1.75442E-22 7.60513E-23 2.10051E-23 3.26439E-23 1.44554E-24 1.88297E-24 1.47776E-23 3.65684E-24 5.62616E-24
 3.50000E+04 4.60774E-21 3.92152E-21 3.35540E-22 8.83777E-23 1.34928E-22 6.26622E-23 1.63896E-23 2.52693E-23 1.04492E-24 1.35473E-24 1.21766E-23 2.85652E-24 4.36006E-24
 4.00000E+04 3.21872E-21 2.75077E-21 2.38923E-22 5.67131E-23 8.53746E-23 4.46215E-23 1.06285E-23 1.61550E-23 5.95019E-25 7.64891E-25 8.67216E-24 1.85577E-24 2.79256E-24
 4.50000E+04 2.33627E-21 2.00285E-21 1.76310E-22 3.82606E-23 5.68596E-23 3.29394E-23 7.23129E-24 1.08489E-23 3.61722E-25 4.61282E-25 6.40285E-24 1.26451E-24 1.87813E-24
 5.00000E+04 1.74878E-21 1.50279E-21 1.33900E-22 2.68651E-23 3.94495E-23 2.50287E-23 5.11327E-24 7.57891E-24 2.31610E-25 2.93213E-25 4.86605E-24 8.95230E-25 1.31365E-24
 5.50000E+04 1.34260E-21 1.15592E-21 1.04128E-22 1.94917E-23 2.83026E-23 1.94750E-23 3.73164E-24 5.46882E-24 1.54712E-25 1.94597E-25 3.78699E-24 6.54023E-25 9.48892E-25
 6.00000E+04 1.05290E-21 9.07871E-22 8.26000E-23 1.45321E-23 2.08803E-23 1.54580E-23 2.79613E-24 4.05453E-24 1.07096E-25 1.33823E-25 3.00642E-24 4.90505E-25 7.04137E-25
 7.00000E+04 6.81937E-22 5.89328E-22 5.45520E-23 8.62741E-24 1.21597E-23 1.02218E-23 1.67372E-24 2.38010E-24 5.58461E-26 6.90005E-26 1.98872E-24 2.94042E-25 4.13948E-25
 8.00000E+04 4.66507E-22 4.03788E-22 3.79209E-23 5.48914E-24 7.60236E-24 7.11401E-24 1.07168E-24 1.49738E-24 3.18279E-26 3.89326E-26 1.38449E-24 1.88490E-25 2.60721E-25
 9.00000E+04 3.33003E-22 2.88563E-22 2.74335E-23 3.68396E-24 5.02187E-24 5.15224E-24 7.22929E-25 9.94052E-25 1.94226E-26 2.35458E-26 1.00298E-24 1.27269E-25 1.73238E-25
 1.00000E+05 2.45947E-22 2.13308E-22 2.04929E-23 2.57972E-24 3.46590E-24 3.85262E-24 5.08379E-25 6.88857E-25 1.25109E-26 1.50470E-26 7.50165E-25 8.95682E-26 1.20143E-25
 1.10000E+05 1.86799E-22 1.62116E-22 1.57171E-23 1.87035E-24 2.47925E-24 2.95746E-24 3.69868E-25 4.94446E-25 8.41930E-27 1.00591E-26 5.75988E-25 6.52067E-26 8.62909E-26
 1.25000E+05 1.29030E-22 1.12063E-22 1.09908E-23 1.21705E-24 1.58403E-24 2.07062E-24 2.41699E-25 3.17216E-25 4.96959E-27 5.88507E-27 4.03384E-25 4.26441E-26 5.54042E-26
 1.40000E+05 9.28969E-23 8.07240E-23 7.99361E-24 8.33096E-25 1.06681E-24 1.50754E-24 1.66032E-25 2.14353E-25 3.12676E-27 3.67680E-27 2.93760E-25 2.93113E-26 3.74607E-26
 1.50000E+05 7.60522E-23 6.61047E-23 6.58240E-24 6.62221E-25 8.39593E-25 1.24216E-24 1.32226E-25 1.69015E-25 2.36419E-27 2.76908E-27 2.42082E-25 2.33530E-26 2.95483E-26
 1.62019E+05 6.07774E-23 5.28422E-23 5.29348E-24 5.12425E-25 6.42408E-25 9.99606E-25 1.02520E-25 1.29577E-25 1.72925E-27 2.01724E-27 1.94842E-25 1.81141E-26 2.26622E-26
 1.75000E+05 4.86638E-23 4.23197E-23 4.26306E-24 3.98096E-25 4.93742E-25 8.05540E-25 7.97931E-26 9.97648E-26 1.27330E-27 1.48075E-27 1.57038E-25 1.41029E-26 1.74538E-26
 2.00000E+05 3.31045E-23 2.87984E-23 2.92745E-24 2.57476E-25 3.13533E-25 5.53753E-25 5.17657E-26 6.35335E-26 7.51614E-28 8.70117E-28 1.07979E-25 9.15413E-27 1.11210E-26
 2.20000E+05 2.51822E-23 2.19108E-23 2.24056E-24 1.89336E-25 2.27663E-25 4.24122E-25 3.81375E-26 4.62164E-26 5.18764E-28 5.99762E-28 8.27148E-26 6.74647E-27 8.09280E-27
 2.34521E+05 2.09764E-23 1.82535E-23 1.87356E-24 1.54302E-25 1.84035E-25 3.54810E-25 3.11168E-26 3.74006E-26 4.05399E-28 4.68633E-28 6.92045E-26 5.50574E-27 6.55050E-27
 2.50000E+05 1.74964E-23 1.52268E-23 1.56837E-24 1.26030E-25 1.49172E-25 2.97140E-25 2.54434E-26 3.03457E-26 3.17925E-28 3.67633E-28 5.79617E-26 4.50291E-27 5.31585E-27
 2.73861E+05 1.35107E-23 1.17597E-23 1.21700E-24 9.44947E-26 1.10681E-25 2.30704E-25 1.91061E-26 2.25474E-26 2.24948E-28 2.60517E-28 4.50082E-26 3.38237E-27 3.95075E-27
 2.86633E+05 1.18943E-23 1.03535E-23 1.07379E-24 8.20406E-26 9.56367E-26 2.03608E-25 1.65995E-26 1.94958E-26 1.90007E-28 2.20367E-28 3.97246E-26 2.93902E-27 3.41644E-27
 3.00000E+05 1.04864E-23 9.12847E-24 9.48623E-25 7.13772E-26 8.28445E-26 1.79920E-25 1.44512E-26 1.68984E-26 1.61040E-28 1.87143E-28 3.51049E-26 2.55894E-27 2.96160E-27
 3.24037E+05 8.47421E-24 7.37761E-24 7.69152E-25 5.64063E-26 6.50128E-26 1.45939E-25 1.14316E-26 1.32735E-26 1.21594E-28 1.41994E-28 2.84773E-26 2.02463E-27 2.32669E-27
 3.50000E+05 6.86454E-24 5.97685E-24 6.24953E-25 4.47114E-26 5.12186E-26 1.18622E-25 9.06965E-27 1.04654E-26 9.20830E-29 1.08259E-28 2.31488E-26 1.60660E-27 1.83474E-27
 3.74166E+05 5.72993E-24 4.98942E-24 5.22913E-25 3.66403E-26 4.17834E-26 9.92823E-26 7.43847E-27 8.54341E-27 7.25992E-29 8.59380E-29 1.93760E-26 1.31785E-27 1.49799E-27
 4.00000E+05 4.79624E-24 4.17680E-24 4.38644E-25 3.01298E-26 3.42342E-26 8.33042E-26 6.12157E-27 7.00455E-27 5.75451E-29 6.86370E-29 1.62587E-26 1.08468E-27 1.22832E-27
 4.24264E+05 4.10628E-24 3.57626E-24 3.76193E-25 2.54022E-26 2.87868E-26 7.14586E-26 5.16397E-27 5.89290E-27 4.69830E-29 5.64720E-29 1.39474E-26 9.15102E-28 1.03348E-27
 4.50000E+05 3.52285E-24 3.06843E-24 3.23247E-25 2.14687E-26 2.42802E-26 6.14128E-26 4.36633E-27 4.97231E-27 3.84754E-29 4.66458E-29 1.19872E-26 7.73824E-28 8.72107E-28
 4.74342E+05 3.07636E-24 2.67976E-24 2.82636E-25 1.85004E-26 2.08979E-26 5.37051E-26 3.76431E-27 4.28095E-27 3.22546E-29 3.94290E-29 1.04831E-26 6.67158E-28 7.50913E-28
 5.00000E+05 2.69149E-24 2.34472E-24 2.47558E-25 1.59752E-26 1.80344E-26 4.70457E-26 3.25203E-27 3.69548E-27 2.71134E-29 3.34381E-29 9.18352E-27 5.76388E-28 6.48270E-28
 5.24404E+05 2.38826E-24 2.08074E-24 2.19872E-25 1.40090E-26 1.58132E-26 4.17886E-26 2.85291E-27 3.24138E-27 2.32025E-29 2.88661E-29 8.15751E-27 5.05695E-28 5.68632E-28
 5.50000E+05 2.12257E-24 1.84943E-24 1.95574E-25 1.23058E-26 1.38954E-26 3.71740E-26 2.50699E-27 2.84921E-27 1.98915E-29 2.49863E-29 7.25685E-27 4.44432E-28 4.99846E-28
 5.74456E+05 1.90837E-24 1.66295E-24 1.75957E-25 1.09478E-26 1.23701E-26 3.34478E-26 2.23104E-27 2.53707E-27 1.73131E-29 2.19593E-29 6.52958E-27 3.95542E-28 4.45110E-28
 6.00000E+05 1.71795E-24 1.49715E-24 1.58495E-25 9.75299E-27 1.10310E-26 3.01304E-26 1.98814E-27 2.26284E-27 1.50960E-29 1.93458E-29 5.88207E-27 3.52491E-28 3.97027E-28
 6.23574E+05 1.56645E-24 1.36524E-24 1.44588E-25 8.81114E-27 9.97707E-27 2.74879E-26 1.79654E-27 2.04692E-27 1.33829E-29 1.73111E-29 5.36629E-27 3.18529E-28 3.59162E-28
 6.48074E+05 1.42989E-24 1.24633E-24 1.32041E-25 7.96982E-27 9.03701E-27 2.51035E-26 1.62528E-27 1.85428E-27 1.18826E-29 1.55142E-29 4.90086E-27 2.88172E-28 3.25368E-28
 6.73537E+05 1.30717E-24 1.13946E-24 1.20753E-25 7.22081E-27 8.20124E-27 2.29582E-26 1.47274E-27 1.68297E-27 1.05749E-29 1.39347E-29 4.48207E-27 2.61133E-28 2.95312E-28
 7.00000E+05 1.19656E-24 1.04313E-24 1.10570E-25 6.55174E-27 7.45550E-27 2.10227E-26 1.33646E-27 1.53009E-27 9.43016E-30 1.25423E-29 4.10423E-27 2.36975E-28 2.68487E-28
 7.48331E+05 1.02847E-24 8.96741E-25 9.50812E-26 5.54517E-27 6.33438E-27 1.80784E-26 1.13153E-27 1.30024E-27 7.74631E-30 1.04831E-29 3.52946E-27 2.00642E-28 2.28167E-28
 8.00000E+05 8.86893E-25 7.73427E-25 8.20203E-26 4.70907E-27 5.40339E-27 1.55953E-26 9.61321E-28 1.10938E-27 6.39115E-30 8.80960E-30 3.04469E-27 1.70467E-28 1.94688E-28
 8.48528E+05 7.80265E-25 6.80544E-25 7.21740E-26 4.08802E-27 4.71136E-27 1.37231E-26 8.34759E-28 9.67484E-28 5.41525E-30 7.58698E-30 2.67920E-27 1.48036E-28 1.69788E-28
 9.00000E+05 6.88349E-25 6.00467E-25 6.36793E-26 3.55990E-27 4.12203E-27 1.21078E-26 7.27034E-28 8.46601E-28 4.60725E-30 6.55933E-30 2.36385E-27 1.28946E-28 1.48569E-28
 9.48683E+05 6.16542E-25 5.37902E-25 5.70391E-26 3.15243E-27 3.66641E-27 1.08451E-26 6.43902E-28 7.53068E-28 3.99475E-30 5.77110E-30 2.11733E-27 1.14208E-28 1.32156E-28
 1.00000E+06 5.53354E-25 4.82839E-25 5.11932E-26 2.79807E-27 3.26924E-27 9.73336E-27 5.71586E-28 6.71491E-28 3.47087E-30 5.09098E-30 1.90027E-27 1.01383E-28 1.17844E-28
 1.04881E+06 5.02598E-25 4.38605E-25 4.64957E-26 2.51646E-27 2.95284E-27 8.83999E-27 5.14082E-28 6.06508E-28 3.06240E-30 4.55754E-30 1.72585E-27 9.11845E-29 1.06442E-28
 1.10000E+06 4.57222E-25 3.99056E-25 4.22951E-26 2.26722E-27 2.67207E-27 8.04107E-27 4.63179E-28 5.48860E-28 2.70908E-30 4.09130E-30 1.56987E-27 8.21577E-29 9.63261E-29
 1.17260E+06 4.03616E-25 3.52327E-25 3.73312E-26 1.97608E-27 2.34300E-27 7.09698E-27 4.03752E-28 4.81310E-28 2.30908E-30 3.55197E-30 1.38554E-27 7.16214E-29 8.44692E-29
 1.25000E+06 3.57354E-25 3.11994E-25 3.30464E-26 1.72825E-27 2.06162E-27 6.28205E-27 3.53200E-28 4.23550E-28 1.97790E-30 3.09538E-30 1.22644E-27 6.26569E-29 7.43314E-29
 1.32288E+06 3.21428E-25 2.80667E-25 2.97185E-26 1.53824E-27 1.84486E-27 5.64914E-27 3.14438E-28 3.79033E-28 1.72541E-30 2.74444E-30 1.10287E-27 5.57783E-29 6.65224E-29
 1.40000E+06 2.89708E-25 2.53004E-25 2.67800E-26 1.37255E-27 1.65491E-27 5.09033E-27 2.80624E-28 3.40013E-28 1.50928E-30 2.44057E-30 9.93759E-28 4.97762E-29 5.96781E-29
 1.50000E+06 2.55920E-25 2.23533E-25 2.36499E-26 1.19849E-27 1.45418E-27 4.49509E-27 2.45070E-28 2.98783E-28 1.29300E-30 2.12858E-30 8.77542E-28 4.34709E-29 5.24401E-29
 1.62019E+06 2.23454E-25 1.95208E-25 2.06426E-26 1.03400E-27 1.26299E-27 3.92320E-27 2.11432E-28 2.59492E-28 1.09083E-30 1.83194E-30 7.65885E-28 3.75075E-29 4.55431E-29
 1.75000E+06 1.95849E-25 1.71120E-25 1.80861E-26 8.96181E-28 1.10171E-27 3.43708E-27 1.83234E-28 2.26338E-28 9.21883E-31 1.58125E-30 6.70980E-28 3.25075E-29 3.97253E-29
 1.87083E+06 1.75088E-25 1.53002E-25 1.61639E-26 7.93371E-28 9.80969E-28 3.07165E-27 1.62214E-28 2.01538E-28 7.99026E-31 1.39675E-30 5.99638E-28 2.87780E-29 3.53723E-29
 2.00000E+06 1.56877E-25 1.37104E-25 1.44781E-26 7.05634E-28 8.76286E-28 2.75104E-27 1.44273E-28 1.80032E-28 7.00301E-31 1.24150E-30 5.37038E-28 2.55936E-29 3.15965E-29
 2.20000E+06 1.34597E-25 1.17641E-25 1.24163E-26 6.05126E-28 7.51451E-28 2.35826E-27 1.23673E-28 1.54324E-28 6.00289E-31 1.06419E-30 4.60323E-28 2.19375E-29 2.70829E-29
 2.34521E+06 1.21723E-25 1.06394E-25 1.12256E-26 5.47437E-28 6.79527E-28 2.13148E-27 1.11850E-28 1.39515E-28 5.43611E-31 9.62468E-31 4.16033E-28 1.98395E-29 2.44828E-29
 2.50000E+06 1.10276E-25 9.63920E-26 1.01677E-26 4.95517E-28 6.15318E-28 1.93015E-27 1.01220E-28 1.26306E-28 4.91290E-31 8.70959E-31 3.76719E-28 1.79531E-29 2.21639E-29
 2.73861E+06 9.60015E-26 8.39180E-26 8.85011E-27 4.31106E-28 5.35467E-28 1.67946E-27 8.80350E-29 1.09883E-28 4.26905E-31 7.57475E-31 3.27769E-28 1.56135E-29 1.92808E-29
 2.86633E+06 8.97052E-26 7.84160E-26 8.26857E-27 4.02843E-28 5.00303E-28 1.56884E-27 8.22499E-29 1.02650E-28 3.98989E-31 7.07695E-31 3.06169E-28 1.45871E-29 1.80113E-29
 3.00000E+06 8.39124E-26 7.33557E-26 7.73219E-27 3.76804E-28 4.67884E-28 1.46682E-27 7.69210E-29 9.59840E-29 3.73332E-31 6.61843E-31 2.86251E-28 1.36416E-29 1.68412E-29
 3.24037E+06 7.50979E-26 6.56624E-26 6.91131E-27 3.36845E-28 4.18220E-28 1.31076E-27 6.87464E-29 8.57754E-29 3.33752E-31 5.91500E-31 2.55782E-28 1.21913E-29 1.50494E-29
 3.50000E+06 6.73793E-26 5.89293E-26 6.18976E-27 3.01627E-28 3.74524E-28 1.17363E-27 6.15451E-29 7.67972E-29 2.98696E-31 5.29527E-31 2.29013E-28 1.09138E-29 1.34736E-29
 3.74166E+06 6.14075E-26 5.37169E-26 5.63374E-27 2.74515E-28 3.40865E-28 1.06800E-27 5.60026E-29 6.98831E-29 2.71766E-31 4.81833E-31 2.08393E-28 9.93062E-30 1.22602E-29
 4.00000E+06 5.60289E-26 4.90194E-26 5.13499E-27 2.50221E-28 3.10686E-28 9.73268E-28 5.10374E-29 6.36851E-29 2.47692E-31 4.39108E-31 1.89901E-28 9.04987E-30 1.11725E-29
 4.50000E+06 4.78018E-26 4.18330E-26 4.37284E-27 2.13077E-28 2.64562E-28 8.28562E-28 4.34487E-29 5.42157E-29 2.10859E-31 3.73809E-31 1.61657E-28 7.70384E-30 9.51073E-30
 5.00000E+06 4.15899E-26 3.64049E-26 3.79884E-27 1.85104E-28 2.29827E-28 7.19625E-28 3.77359E-29 4.70871E-29 1.83131E-31 3.24654E-31 1.40396E-28 6.69063E-30 8.25987E-30
 5.50000E+06 3.67480E-26 3.21726E-26 3.35239E-27 1.63348E-28 2.02811E-28 6.34924E-28 3.32941E-29 4.15445E-29 1.61573E-31 2.86436E-31 1.23866E-28 5.90288E-30 7.28736E-30
 6.00000E+06 3.28767E-26 2.87877E-26 2.99608E-27 1.45984E-28 1.81251E-28 5.67342E-28 2.97501E-29 3.71222E-29 1.44373E-31 2.55943E-31 1.10678E-28 5.27439E-30 6.51145E-30
 6.48074E+06 2.98237E-26 2.61177E-26 2.71549E-27 1.32311E-28 1.64273E-28 5.14138E-28 2.69601E-29 3.36408E-29 1.30832E-31 2.31938E-31 1.00296E-28 4.77963E-30 5.90065E-30
 7.00000E+06 2.70909E-26 2.37273E-26 2.46469E-27 1.20089E-28 1.49098E-28 4.66590E-28 2.44667E-29 3.05295E-29 1.18731E-31 2.10485E-31 9.10186E-29 4.33749E-30 5.35481E-30
 8.00000E+06 2.29886E-26 2.01381E-26 2.08882E-27 1.01774E-28 1.26357E-28 3.95353E-28 2.07311E-29 2.58681E-29 1.00601E-31 1.78345E-31 7.71191E-29 3.67510E-30 4.53706E-30
 9.00000E+06 1.99380E-26 1.74683E-26 1.80982E-27 8.81792E-29 1.09477E-28 3.42491E-28 1.79591E-29 2.24092E-29 8.71487E-32 1.54496E-31 6.68055E-29 3.18360E-30 3.93029E-30
 1.00000E+07 1.75856E-26 1.54091E-26 1.59500E-27 7.77119E-29 9.64810E-29 3.01800E-28 1.58253E-29 1.97466E-29 7.67935E-32 1.36139E-31 5.88668E-29 2.80528E-30 3.46323E-30
 1.10000E+07 1.57192E-26 1.37750E-26 1.42478E-27 6.94176E-29 8.61829E-29 2.69561E-28 1.41348E-29 1.76372E-29 6.85897E-32 1.21595E-31 5.25775E-29 2.50556E-30 3.09322E-30
 1.25000E+07 1.35489E-26 1.18745E-26 1.22709E-27 5.97851E-29 7.42234E-29 2.32129E-28 1.21719E-29 1.51879E-29 5.90642E-32 1.04708E-31 4.52752E-29 2.15757E-30 2.66360E-30
 1.40000E+07 1.18970E-26 1.04278E-26 1.07680E-27 5.24625E-29 6.51319E-29 2.03677E-28 1.06800E-29 1.33263E-29 5.18244E-32 9.18736E-32 3.97252E-29 1.89308E-30 2.33709E-30
 1.50000E+07 1.09997E-26 9.64172E-27 9.95225E-28 4.84880E-29 6.01974E-29 1.88237E-28 9.87034E-30 1.23161E-29 4.78954E-32 8.49083E-32 3.67133E-29 1.74955E-30 2.15989E-30
 1.75000E+07 9.24873E-27 8.10778E-27 8.36209E-28 4.07403E-29 5.05783E-29 1.58142E-28 8.29228E-30 1.03470E-29 4.02376E-32 7.13327E-32 3.08430E-29 1.46981E-30 1.81453E-30
 2.00000E+07 7.97405E-27 6.99089E-27 7.20574E-28 3.51063E-29 4.35835E-29 1.36262E-28 7.14493E-30 8.91532E-30 3.46700E-32 6.14625E-32 2.65751E-29 1.26642E-30 1.56344E-30
 2.20000E+07 7.18018E-27 6.29522E-27 6.48614E-28 3.16002E-29 3.92308E-29 1.22647E-28 6.43103E-30 8.02452E-30 3.12057E-32 5.53211E-32 2.39196E-29 1.13987E-30 1.40722E-30
 2.50000E+07 6.24540E-27 5.47598E-27 5.63939E-28 2.74747E-29 3.41089E-29 1.06629E-28 5.59108E-30 6.97644E-30 2.71299E-32 4.80954E-32 2.07952E-29 9.90982E-31 1.22341E-30
 3.00000E+07 5.12953E-27 4.49791E-27 4.62943E-28 2.25541E-29 2.80001E-29 8.75253E-29 4.58939E-30 5.72654E-30 2.22692E-32 3.94784E-32 1.70693E-29 8.13426E-31 1.00421E-30
 3.50000E+07 4.35053E-27 3.81504E-27 3.92495E-28 1.91219E-29 2.37390E-29 7.42018E-29 3.89076E-30 4.85481E-30 1.88791E-32 3.34686E-32 1.44708E-29 6.89594E-31 8.51331E-31
 4.00000E+07 3.77624E-27 3.31156E-27 3.40590E-28 1.65931E-29 2.05995E-29 6.43861E-29 3.37607E-30 4.21259E-30 1.63817E-32 2.90412E-32 1.25564E-29 5.98367E-31 7.38707E-31
 4.50000E+07 3.33549E-27 2.92515E-27 3.00774E-28 1.46532E-29 1.81912E-29 5.68571E-29 2.98129E-30 3.71998E-30 1.44660E-32 2.56451E-32 1.10881E-29 5.28393E-31 6.52321E-31
 5.00000E+07 2.98666E-27 2.61929E-27 2.69271E-28 1.31185E-29 1.62859E-29 5.09006E-29 2.66896E-30 3.33026E-30 1.29505E-32 2.29584E-32 9.92639E-30 4.73034E-31 5.83979E-31
 5.50000E+07 2.70374E-27 2.37122E-27 2.43729E-28 1.18741E-29 1.47410E-29 4.60713E-29 2.41573E-30 3.01430E-30 1.17218E-32 2.07801E-32 8.98457E-30 4.28152E-31 5.28570E-31
 6.00000E+07 2.46969E-27 2.16599E-27 2.22605E-28 1.08449E-29 1.34633E-29 4.20774E-29 2.20631E-30 2.75299E-30 1.07056E-32 1.89787E-32 8.20567E-30 3.91034E-31 4.82747E-31
 7.00000E+07 2.10507E-27 1.84626E-27 1.89705E-28 9.24207E-30 1.14735E-29 3.58575E-29 1.88017E-30 2.34604E-30 9.12306E-33 1.61732E-32 6.99267E-30 3.33230E-31 4.11385E-31
 8.00000E+07 1.83417E-27 1.60869E-27 1.65268E-28 8.05155E-30 9.99551E-30 3.12379E-29 1.63794E-30 2.04379E-30 7.94768E-33 1.40895E-32 6.09175E-30 2.90297E-31 3.58383E-31
 9.00000E+07 1.62498E-27 1.42525E-27 1.46404E-28 7.13249E-30 8.85455E-30 2.76717E-29 1.45095E-30 1.81046E-30 7.04035E-33 1.24810E-32 5.39629E-30 2.57155E-31 3.17468E-31
 1.00000E+08 1.45859E-27 1.27933E-27 1.31402E-28 6.40161E-30 7.94719E-30 2.48358E-29 1.30225E-30 1.62492E-30 6.31882E-33 1.12019E-32 4.84324E-30 2.30800E-31 2.84932E-31
 1.10000E+08 1.32310E-27 1.16049E-27 1.19186E-28 5.80650E-30 7.20840E-30 2.25268E-29 1.18118E-30 1.47385E-30 5.73134E-33 1.01604E-32 4.39295E-30 2.09342E-31 2.58441E-31
 1.25000E+08 1.16126E-27 1.01856E-27 1.04599E-28 5.09582E-30 6.32613E-30 1.97694E-29 1.03660E-30 1.29344E-30 5.02979E-33 8.91673E-33 3.85522E-30 1.83717E-31 2.26806E-31
 1.40000E+08 1.03468E-27 9.07544E-28 9.31913E-29 4.54007E-30 5.63620E-30 1.76132E-29 9.23536E-31 1.15237E-30 4.48119E-33 7.94418E-33 3.43473E-30 1.63679E-31 2.02068E-31
 1.50000E+08 9.64583E-28 8.46064E-28 8.68745E-29 4.23233E-30 5.25416E-30 1.64192E-29 8.60930E-31 1.07425E-30 4.17741E-33 7.40565E-33 3.20188E-30 1.52583E-31 1.88369E-31
 1.75000E+08 8.24864E-28 7.23520E-28 7.42852E-29 3.61900E-30 4.49275E-30 1.40396E-29 7.36160E-31 9.18562E-31 3.57200E-33 6.33238E-33 2.73785E-30 1.30470E-31 1.61070E-31
 2.00000E+08 7.20492E-28 6.31977E-28 6.48821E-29 3.16090E-30 3.92405E-30 1.22624E-29 6.42970E-31 8.02282E-31 3.11982E-33 5.53077E-33 2.39126E-30 1.13953E-31 1.40680E-31
 2.20000E+08 6.54261E-28 5.73885E-28 5.89157E-29 2.87023E-30 3.56320E-30 1.11347E-29 5.83841E-31 7.28502E-31 2.83291E-33 5.02214E-33 2.17135E-30 1.03474E-31 1.27742E-31
 2.50000E+08 5.74976E-28 5.04343E-28 5.17739E-29 2.52230E-30 3.13126E-30 9.78487E-30 5.13064E-31 6.40188E-31 2.48948E-33 4.41332E-33 1.90812E-30 9.09299E-32 1.12256E-31
 3.00000E+08 4.78357E-28 4.19597E-28 4.30716E-29 2.09834E-30 2.60495E-30 8.14013E-30 4.26822E-31 5.32578E-31 2.07102E-33 3.67148E-33 1.58738E-30 7.56453E-32 9.33869E-32
 3.50000E+08 4.09536E-28 3.59232E-28 3.68735E-29 1.79639E-30 2.23009E-30 6.96871E-30 3.65400E-31 4.55936E-31 1.77299E-33 3.14313E-33 1.35895E-30 6.47593E-32 7.99479E-32
 4.00000E+08 3.58026E-28 3.14050E-28 3.22348E-29 1.57040E-30 1.94954E-30 6.09201E-30 3.19431E-31 3.98577E-31 1.54994E-33 2.74770E-33 1.18798E-30 5.66122E-32 6.98899E-32
 4.50000E+08 3.18026E-28 2.78964E-28 2.86327E-29 1.39491E-30 1.73169E-30 5.41124E-30 2.83735E-31 3.54037E-31 1.37673E-33 2.44065E-33 1.05523E-30 5.02859E-32 6.20798E-32
 5.00000E+08 2.86064E-28 2.50929E-28 2.57547E-29 1.25471E-30 1.55763E-30 4.86732E-30 2.55214E-31 3.18450E-31 1.23835E-33 2.19532E-33 9.49158E-31 4.52313E-32 5.58397E-32
 5.50000E+08 2.59941E-28 2.28014E-28 2.34024E-29 1.14011E-30 1.41536E-30 4.42275E-30 2.31904E-31 2.89364E-31 1.12524E-33 1.99481E-33 8.62465E-31 4.11000E-32 5.07395E-32
 6.00000E+08 2.38189E-28 2.08934E-28 2.14438E-29 1.04469E-30 1.29691E-30 4.05260E-30 2.12495E-31 2.65146E-31 1.03107E-33 1.82786E-33 7.90282E-31 3.76602E-32 4.64929E-32
 7.00000E+08 2.04040E-28 1.78980E-28 1.83691E-29 8.94898E-31 1.11095E-30 3.47151E-30 1.82026E-31 2.27128E-31 8.83225E-34 1.56577E-33 6.76966E-31 3.22602E-32 3.98264E-32
 8.00000E+08 1.78455E-28 1.56538E-28 1.60656E-29 7.82675E-31 9.71635E-31 3.03617E-30 1.59199E-31 1.98645E-31 7.72464E-34 1.36941E-33 5.92071E-31 2.82146E-32 3.48320E-32
 9.00000E+08 1.58572E-28 1.39097E-28 1.42754E-29 6.95461E-31 8.63365E-31 2.69784E-30 1.41459E-31 1.76509E-31 6.86386E-34 1.21681E-33 5.26095E-31 2.50706E-32 3.09506E-32
 9.48683E+08 1.50540E-28 1.32051E-28 1.35523E-29 6.60232E-31 8.19630E-31 2.56118E-30 1.34293E-31 1.67568E-31 6.51616E-34 1.15517E-33 4.99445E-31 2.38006E-32 2.93827E-32
 1.00000E+09 1.42675E-28 1.25152E-28 1.28442E-29 6.25735E-31 7.76805E-31 2.42735E-30 1.27277E-31 1.58812E-31 6.17569E-34 1.09482E-33 4.73349E-31 2.25570E-32 2.78474E-32
