 *** Photoelectric cross sections,  IZ = 31,  NSHELL =  7,  NDATA =  321
              0           1           2           3           4           5           6           7
 5.00000E+01 7.35776E-18 0.00000E+00 0.00000E+00 0.00000E+00 0.00000E+00 0.00000E+00 0.00000E+00 0.00000E+00
 5.12057E+01 7.51810E-18 0.00000E+00 0.00000E+00 0.00000E+00 0.00000E+00 0.00000E+00 0.00000E+00 0.00000E+00
 5.24404E+01 7.66632E-18 0.00000E+00 0.00000E+00 0.00000E+00 0.00000E+00 0.00000E+00 0.00000E+00 0.00000E+00
 5.37050E+01 7.80208E-18 0.00000E+00 0.00000E+00 0.00000E+00 0.00000E+00 0.00000E+00 0.00000E+00 0.00000E+00
 5.50000E+01 7.92525E-18 0.00000E+00 0.00000E+00 0.00000E+00 0.00000E+00 0.00000E+00 0.00000E+00 0.00000E+00
 5.62095E+01 8.02674E-18 0.00000E+00 0.00000E+00 0.00000E+00 0.00000E+00 0.00000E+00 0.00000E+00 0.00000E+00
 5.74456E+01 8.11796E-18 0.00000E+00 0.00000E+00 0.00000E+00 0.00000E+00 0.00000E+00 0.00000E+00 0.00000E+00
 5.87089E+01 8.19919E-18 0.00000E+00 0.00000E+00 0.00000E+00 0.00000E+00 0.00000E+00 0.00000E+00 0.00000E+00
 6.00000E+01 8.27078E-18 0.00000E+00 0.00000E+00 0.00000E+00 0.00000E+00 0.00000E+00 0.00000E+00 0.00000E+00
 6.23574E+01 8.37527E-18 0.00000E+00 0.00000E+00 0.00000E+00 0.00000E+00 0.00000E+00 0.00000E+00 0.00000E+00
 6.48074E+01 8.45344E-18 0.00000E+00 0.00000E+00 0.00000E+00 0.00000E+00 0.00000E+00 0.00000E+00 0.00000E+00
 6.73537E+01 8.50791E-18 0.00000E+00 0.00000E+00 0.00000E+00 0.00000E+00 0.00000E+00 0.00000E+00 0.00000E+00
 7.00000E+01 8.54107E-18 0.00000E+00 0.00000E+00 0.00000E+00 0.00000E+00 0.00000E+00 0.00000E+00 0.00000E+00
 7.23762E+01 8.55407E-18 0.00000E+00 0.00000E+00 0.00000E+00 0.00000E+00 0.00000E+00 0.00000E+00 0.00000E+00
 7.48331E+01 8.55341E-18 0.00000E+00 0.00000E+00 0.00000E+00 0.00000E+00 0.00000E+00 0.00000E+00 0.00000E+00
 7.73735E+01 8.53958E-18 0.00000E+00 0.00000E+00 0.00000E+00 0.00000E+00 0.00000E+00 0.00000E+00 0.00000E+00
 8.00000E+01 8.51268E-18 0.00000E+00 0.00000E+00 0.00000E+00 0.00000E+00 0.00000E+00 0.00000E+00 0.00000E+00
 8.23907E+01 8.47791E-18 0.00000E+00 0.00000E+00 0.00000E+00 0.00000E+00 0.00000E+00 0.00000E+00 0.00000E+00
 8.48528E+01 8.43244E-18 0.00000E+00 0.00000E+00 0.00000E+00 0.00000E+00 0.00000E+00 0.00000E+00 0.00000E+00
 8.73885E+01 8.37578E-18 0.00000E+00 0.00000E+00 0.00000E+00 0.00000E+00 0.00000E+00 0.00000E+00 0.00000E+00
 9.00000E+01 8.30741E-18 0.00000E+00 0.00000E+00 0.00000E+00 0.00000E+00 0.00000E+00 0.00000E+00 0.00000E+00
 9.24021E+01 8.23591E-18 0.00000E+00 0.00000E+00 0.00000E+00 0.00000E+00 0.00000E+00 0.00000E+00 0.00000E+00
 9.48683E+01 8.15431E-18 0.00000E+00 0.00000E+00 0.00000E+00 0.00000E+00 0.00000E+00 0.00000E+00 0.00000E+00
 9.74004E+01 8.06240E-18 0.00000E+00 0.00000E+00 0.00000E+00 0.00000E+00 0.00000E+00 0.00000E+00 0.00000E+00
 1.00000E+02 7.96008E-18 0.00000E+00 0.00000E+00 0.00000E+00 0.00000E+00 0.00000E+00 0.00000E+00 0.00000E+00
 1.03441E+02 7.81351E-18 0.00000E+00 0.00000E+00 0.00000E+00 0.00000E+00 0.00000E+00 0.00000E+00 0.00000E+00
 1.07000E+02 7.65045E-18 0.00000E+00 0.00000E+00 0.00000E+00 0.00000E+00 0.00000E+00 0.00000E+00 0.00000E+00
 1.07000E+02 8.00837E-18 0.00000E+00 0.00000E+00 0.00000E+00 0.00000E+00 0.00000E+00 0.00000E+00 3.57918E-19
 1.07092E+02 8.00356E-18 0.00000E+00 0.00000E+00 0.00000E+00 0.00000E+00 0.00000E+00 0.00000E+00 3.57479E-19
 1.07185E+02 7.99873E-18 0.00000E+00 0.00000E+00 0.00000E+00 0.00000E+00 0.00000E+00 0.00000E+00 3.57038E-19
 1.07370E+02 7.98905E-18 0.00000E+00 0.00000E+00 0.00000E+00 0.00000E+00 0.00000E+00 0.00000E+00 3.56154E-19
 1.07742E+02 7.96954E-18 0.00000E+00 0.00000E+00 0.00000E+00 0.00000E+00 0.00000E+00 0.00000E+00 3.54356E-19
 1.08490E+02 7.92985E-18 0.00000E+00 0.00000E+00 0.00000E+00 0.00000E+00 0.00000E+00 0.00000E+00 3.50556E-19
 1.10000E+02 7.84769E-18 0.00000E+00 0.00000E+00 0.00000E+00 0.00000E+00 0.00000E+00 0.00000E+00 3.42055E-19
 1.11000E+02 7.79249E-18 0.00000E+00 0.00000E+00 0.00000E+00 0.00000E+00 0.00000E+00 0.00000E+00 3.36360E-19
 1.11000E+02 7.95603E-18 0.00000E+00 0.00000E+00 0.00000E+00 0.00000E+00 0.00000E+00 1.63542E-19 3.36360E-19
 1.11103E+02 7.95006E-18 0.00000E+00 0.00000E+00 0.00000E+00 0.00000E+00 0.00000E+00 1.63283E-19 3.35783E-19
 1.11206E+02 7.94408E-18 0.00000E+00 0.00000E+00 0.00000E+00 0.00000E+00 0.00000E+00 1.63024E-19 3.35207E-19
 1.11413E+02 7.93210E-18 0.00000E+00 0.00000E+00 0.00000E+00 0.00000E+00 0.00000E+00 1.62505E-19 3.34063E-19
 1.11827E+02 7.90804E-18 0.00000E+00 0.00000E+00 0.00000E+00 0.00000E+00 0.00000E+00 1.61464E-19 3.31809E-19
 1.12660E+02 7.85961E-18 0.00000E+00 0.00000E+00 0.00000E+00 0.00000E+00 0.00000E+00 1.59377E-19 3.27468E-19
 1.14346E+02 7.76185E-18 0.00000E+00 0.00000E+00 0.00000E+00 0.00000E+00 0.00000E+00 1.55199E-19 3.19751E-19
 1.17792E+02 7.56470E-18 0.00000E+00 0.00000E+00 0.00000E+00 0.00000E+00 0.00000E+00 1.47020E-19 3.09386E-19
 1.25000E+02 7.17398E-18 0.00000E+00 0.00000E+00 0.00000E+00 0.00000E+00 0.00000E+00 1.36855E-19 3.08522E-19
 1.32288E+02 6.80963E-18 0.00000E+00 0.00000E+00 0.00000E+00 0.00000E+00 0.00000E+00 1.38319E-19 3.24006E-19
 1.40000E+02 6.45110E-18 0.00000E+00 0.00000E+00 0.00000E+00 0.00000E+00 0.00000E+00 1.46528E-19 3.47802E-19
 1.50000E+02 6.02289E-18 0.00000E+00 0.00000E+00 0.00000E+00 0.00000E+00 0.00000E+00 1.61536E-19 3.82624E-19
 1.55885E+02 5.78811E-18 0.00000E+00 0.00000E+00 0.00000E+00 0.00000E+00 0.00000E+00 1.71262E-19 4.03145E-19
 1.62000E+02 5.55554E-18 0.00000E+00 0.00000E+00 0.00000E+00 0.00000E+00 0.00000E+00 1.81364E-19 4.23301E-19
 1.62000E+02 5.83987E-18 0.00000E+00 0.00000E+00 0.00000E+00 0.00000E+00 2.84332E-19 1.81364E-19 4.23301E-19
 1.62098E+02 5.83532E-18 0.00000E+00 0.00000E+00 0.00000E+00 0.00000E+00 2.83408E-19 1.81523E-19 4.23609E-19
 1.62196E+02 5.83077E-18 0.00000E+00 0.00000E+00 0.00000E+00 0.00000E+00 2.82488E-19 1.81681E-19 4.23916E-19
 1.62391E+02 5.82169E-18 0.00000E+00 0.00000E+00 0.00000E+00 0.00000E+00 2.80674E-19 1.81998E-19 4.24530E-19
 1.62783E+02 5.80375E-18 0.00000E+00 0.00000E+00 0.00000E+00 0.00000E+00 2.77250E-19 1.82632E-19 4.25754E-19
 1.63571E+02 5.76866E-18 0.00000E+00 0.00000E+00 0.00000E+00 0.00000E+00 2.71190E-19 1.83896E-19 4.28185E-19
 1.65157E+02 5.70099E-18 0.00000E+00 0.00000E+00 0.00000E+00 0.00000E+00 2.61524E-19 1.86413E-19 4.32972E-19
 1.68375E+02 5.57265E-18 0.00000E+00 0.00000E+00 0.00000E+00 0.00000E+00 2.49026E-19 1.91367E-19 4.42201E-19
 1.75000E+02 5.33052E-18 0.00000E+00 0.00000E+00 0.00000E+00 0.00000E+00 2.38305E-19 2.00749E-19 4.58959E-19
 1.80941E+02 5.12784E-18 0.00000E+00 0.00000E+00 0.00000E+00 0.00000E+00 2.35676E-19 2.08048E-19 4.71274E-19
 1.87083E+02 4.92735E-18 0.00000E+00 0.00000E+00 0.00000E+00 0.00000E+00 2.35022E-19 2.14402E-19 4.81365E-19
 1.93434E+02 4.72764E-18 0.00000E+00 0.00000E+00 0.00000E+00 0.00000E+00 2.34449E-19 2.19723E-19 4.89208E-19
 2.00000E+02 4.52856E-18 0.00000E+00 0.00000E+00 0.00000E+00 0.00000E+00 2.33012E-19 2.24002E-19 4.94904E-19
 2.09762E+02 4.24676E-18 0.00000E+00 0.00000E+00 0.00000E+00 0.00000E+00 2.28899E-19 2.28402E-19 4.99646E-19
 2.20000E+02 3.97057E-18 0.00000E+00 0.00000E+00 0.00000E+00 0.00000E+00 2.22695E-19 2.30983E-19 5.00853E-19
 2.27144E+02 3.79004E-18 0.00000E+00 0.00000E+00 0.00000E+00 0.00000E+00 2.17805E-19 2.31789E-19 4.99872E-19
 2.34521E+02 3.61410E-18 0.00000E+00 0.00000E+00 0.00000E+00 0.00000E+00 2.12632E-19 2.31896E-19 4.97533E-19
 2.50000E+02 3.27727E-18 0.00000E+00 0.00000E+00 0.00000E+00 0.00000E+00 2.02103E-19 2.30079E-19 4.88910E-19
 2.61659E+02 3.04956E-18 0.00000E+00 0.00000E+00 0.00000E+00 0.00000E+00 1.94670E-19 2.27167E-19 4.79669E-19
 2.73861E+02 2.83191E-18 0.00000E+00 0.00000E+00 0.00000E+00 0.00000E+00 1.87251E-19 2.22987E-19 4.68079E-19
 2.86633E+02 2.62408E-18 0.00000E+00 0.00000E+00 0.00000E+00 0.00000E+00 1.79705E-19 2.17684E-19 4.54497E-19
 3.00000E+02 2.42616E-18 0.00000E+00 0.00000E+00 0.00000E+00 0.00000E+00 1.71951E-19 2.11469E-19 4.39376E-19
 3.11787E+02 2.26684E-18 0.00000E+00 0.00000E+00 0.00000E+00 0.00000E+00 1.65257E-19 2.05672E-19 4.25730E-19
 3.24037E+02 2.11518E-18 0.00000E+00 0.00000E+00 0.00000E+00 0.00000E+00 1.58508E-19 1.99510E-19 4.11538E-19
 3.50000E+02 1.83560E-18 0.00000E+00 0.00000E+00 0.00000E+00 0.00000E+00 1.45211E-19 1.86422E-19 3.82083E-19
 3.74166E+02 1.61857E-18 0.00000E+00 0.00000E+00 0.00000E+00 0.00000E+00 1.34224E-19 1.74478E-19 3.55762E-19
 4.00000E+02 1.42313E-18 0.00000E+00 0.00000E+00 0.00000E+00 0.00000E+00 1.23773E-19 1.62129E-19 3.29000E-19
 4.24264E+02 1.26720E-18 0.00000E+00 0.00000E+00 0.00000E+00 0.00000E+00 1.14914E-19 1.51102E-19 3.05435E-19
 4.50000E+02 1.12578E-18 0.00000E+00 0.00000E+00 0.00000E+00 0.00000E+00 1.06368E-19 1.40186E-19 2.82362E-19
 4.74342E+02 1.01106E-18 0.00000E+00 0.00000E+00 0.00000E+00 0.00000E+00 9.90482E-20 1.30664E-19 2.62401E-19
 5.00000E+02 9.06851E-19 0.00000E+00 0.00000E+00 0.00000E+00 0.00000E+00 9.20895E-20 1.21433E-19 2.43170E-19
 5.24404E+02 8.21004E-19 0.00000E+00 0.00000E+00 0.00000E+00 0.00000E+00 8.61336E-20 1.13342E-19 2.26403E-19
 5.50000E+02 7.42499E-19 0.00000E+00 0.00000E+00 0.00000E+00 0.00000E+00 8.04887E-20 1.05505E-19 2.10244E-19
 6.00000E+02 6.16291E-19 0.00000E+00 0.00000E+00 0.00000E+00 0.00000E+00 7.08822E-20 9.19563E-20 1.82502E-19
 6.48074E+02 5.21114E-19 0.00000E+00 0.00000E+00 0.00000E+00 0.00000E+00 6.31024E-20 8.09362E-20 1.60096E-19
 7.00000E+02 4.39713E-19 0.00000E+00 0.00000E+00 0.00000E+00 0.00000E+00 5.60396E-20 7.08751E-20 1.39742E-19
 7.48331E+02 3.78892E-19 0.00000E+00 0.00000E+00 0.00000E+00 0.00000E+00 5.04725E-20 6.28861E-20 1.23656E-19
 8.00000E+02 3.25913E-19 0.00000E+00 0.00000E+00 0.00000E+00 0.00000E+00 4.53592E-20 5.55666E-20 1.08986E-19
 9.00000E+02 2.48966E-19 0.00000E+00 0.00000E+00 0.00000E+00 0.00000E+00 3.73950E-20 4.42951E-20 8.65111E-20
 1.00000E+03 1.94950E-19 0.00000E+00 0.00000E+00 0.00000E+00 0.00000E+00 3.13366E-20 3.58246E-20 6.97094E-20
 1.10000E+03 1.55774E-19 0.00000E+00 0.00000E+00 0.00000E+00 0.00000E+00 2.65982E-20 2.93549E-20 5.69385E-20
 1.11900E+03 1.49576E-19 0.00000E+00 0.00000E+00 0.00000E+00 0.00000E+00 2.58166E-20 2.83036E-20 5.48687E-20
 1.11900E+03 3.07501E-19 0.00000E+00 0.00000E+00 0.00000E+00 1.57925E-19 2.58166E-20 2.83036E-20 5.48687E-20
 1.11983E+03 3.43241E-19 0.00000E+00 0.00000E+00 0.00000E+00 1.93929E-19 2.57830E-20 2.82586E-20 5.47801E-20
 1.12067E+03 3.78148E-19 0.00000E+00 0.00000E+00 0.00000E+00 2.29101E-19 2.57495E-20 2.82136E-20 5.46916E-20
 1.12150E+03 4.11611E-19 0.00000E+00 0.00000E+00 0.00000E+00 2.62827E-19 2.57161E-20 2.81687E-20 5.46033E-20
 1.12234E+03 4.43243E-19 0.00000E+00 0.00000E+00 0.00000E+00 2.94722E-19 2.56827E-20 2.81239E-20 5.45150E-20
 1.12318E+03 4.72748E-19 0.00000E+00 0.00000E+00 0.00000E+00 3.24489E-19 2.56493E-20 2.80791E-20 5.44269E-20
 1.12401E+03 4.99935E-19 0.00000E+00 0.00000E+00 0.00000E+00 3.51938E-19 2.56159E-20 2.80344E-20 5.43389E-20
 1.12485E+03 5.24703E-19 0.00000E+00 0.00000E+00 0.00000E+00 3.76968E-19 2.55826E-20 2.79898E-20 5.42510E-20
 1.12569E+03 5.47028E-19 0.00000E+00 0.00000E+00 0.00000E+00 3.99555E-19 2.55494E-20 2.79452E-20 5.41633E-20
 1.12653E+03 5.66954E-19 0.00000E+00 0.00000E+00 0.00000E+00 4.19741E-19 2.55162E-20 2.79006E-20 5.40757E-20
 1.12737E+03 5.84573E-19 0.00000E+00 0.00000E+00 0.00000E+00 4.37621E-19 2.54830E-20 2.78561E-20 5.39881E-20
 1.12821E+03 6.00016E-19 0.00000E+00 0.00000E+00 0.00000E+00 4.53324E-19 2.54498E-20 2.78117E-20 5.39007E-20
 1.12905E+03 6.13439E-19 0.00000E+00 0.00000E+00 0.00000E+00 4.67006E-19 2.54167E-20 2.77674E-20 5.38135E-20
 1.12989E+03 6.25010E-19 0.00000E+00 0.00000E+00 0.00000E+00 4.78836E-19 2.53837E-20 2.77231E-20 5.37263E-20
 1.13073E+03 6.34904E-19 0.00000E+00 0.00000E+00 0.00000E+00 4.88989E-19 2.53506E-20 2.76788E-20 5.36393E-20
 1.13158E+03 6.43295E-19 0.00000E+00 0.00000E+00 0.00000E+00 4.97638E-19 2.53177E-20 2.76347E-20 5.35524E-20
 1.13242E+03 6.50352E-19 0.00000E+00 0.00000E+00 0.00000E+00 5.04953E-19 2.52847E-20 2.75905E-20 5.34656E-20
 1.13326E+03 6.56234E-19 0.00000E+00 0.00000E+00 0.00000E+00 5.11091E-19 2.52518E-20 2.75465E-20 5.33789E-20
 1.13411E+03 6.61087E-19 0.00000E+00 0.00000E+00 0.00000E+00 5.16202E-19 2.52189E-20 2.75025E-20 5.32923E-20
 1.13495E+03 6.65047E-19 0.00000E+00 0.00000E+00 0.00000E+00 5.20418E-19 2.51861E-20 2.74585E-20 5.32059E-20
 1.13580E+03 6.68236E-19 0.00000E+00 0.00000E+00 0.00000E+00 5.23864E-19 2.51533E-20 2.74146E-20 5.31196E-20
 1.13749E+03 6.72728E-19 0.00000E+00 0.00000E+00 0.00000E+00 5.28866E-19 2.50878E-20 2.73270E-20 5.29473E-20
 1.13919E+03 6.75298E-19 0.00000E+00 0.00000E+00 0.00000E+00 5.31945E-19 2.50225E-20 2.72397E-20 5.27755E-20
 1.14089E+03 6.76507E-19 0.00000E+00 0.00000E+00 0.00000E+00 5.33662E-19 2.49574E-20 2.71526E-20 5.26041E-20
 1.14259E+03 6.76794E-19 0.00000E+00 0.00000E+00 0.00000E+00 5.34454E-19 2.48924E-20 2.70657E-20 5.24333E-20
 1.14600E+03 6.75737E-19 0.00000E+00 0.00000E+00 0.00000E+00 5.34403E-19 2.47628E-20 2.68926E-20 5.20930E-20
 1.14600E+03 7.50732E-19 0.00000E+00 0.00000E+00 7.49953E-20 5.34403E-19 2.47628E-20 2.68926E-20 5.20929E-20
 1.14678E+03 7.66470E-19 0.00000E+00 0.00000E+00 9.11462E-20 5.34218E-19 2.47334E-20 2.68533E-20 5.20157E-20
 1.14756E+03 7.81872E-19 0.00000E+00 0.00000E+00 1.06995E-19 5.33999E-19 2.47040E-20 2.68141E-20 5.19386E-20
 1.14834E+03 7.96691E-19 0.00000E+00 0.00000E+00 1.22283E-19 5.33757E-19 2.46747E-20 2.67749E-20 5.18615E-20
 1.14912E+03 8.10770E-19 0.00000E+00 0.00000E+00 1.36843E-19 5.33503E-19 2.46453E-20 2.67358E-20 5.17846E-20
 1.14990E+03 8.23996E-19 0.00000E+00 0.00000E+00 1.50552E-19 5.33247E-19 2.46161E-20 2.66967E-20 5.17077E-20
 1.15068E+03 8.36281E-19 0.00000E+00 0.00000E+00 1.63314E-19 5.32996E-19 2.45868E-20 2.66576E-20 5.16310E-20
 1.15146E+03 8.47573E-19 0.00000E+00 0.00000E+00 1.75077E-19 5.32751E-19 2.45576E-20 2.66186E-20 5.15543E-20
 1.15224E+03 8.57848E-19 0.00000E+00 0.00000E+00 1.85819E-19 5.32511E-19 2.45284E-20 2.65797E-20 5.14778E-20
 1.15302E+03 8.67108E-19 0.00000E+00 0.00000E+00 1.95539E-19 5.32275E-19 2.44992E-20 2.65408E-20 5.14013E-20
 1.15380E+03 8.75378E-19 0.00000E+00 0.00000E+00 2.04265E-19 5.32045E-19 2.44701E-20 2.65019E-20 5.13250E-20
 1.15459E+03 8.82701E-19 0.00000E+00 0.00000E+00 2.12039E-19 5.31818E-19 2.44410E-20 2.64631E-20 5.12487E-20
 1.15537E+03 8.89129E-19 0.00000E+00 0.00000E+00 2.18914E-19 5.31596E-19 2.44119E-20 2.64244E-20 5.11725E-20
 1.15694E+03 8.99559E-19 0.00000E+00 0.00000E+00 2.30226E-19 5.31161E-19 2.43539E-20 2.63470E-20 5.10205E-20
 1.15851E+03 9.07203E-19 0.00000E+00 0.00000E+00 2.38740E-19 5.30737E-19 2.42960E-20 2.62698E-20 5.08688E-20
 1.16008E+03 9.12594E-19 0.00000E+00 0.00000E+00 2.44991E-19 5.30321E-19 2.42382E-20 2.61929E-20 5.07175E-20
 1.16166E+03 9.16214E-19 0.00000E+00 0.00000E+00 2.49465E-19 5.29910E-19 2.41806E-20 2.61161E-20 5.05666E-20
 1.16324E+03 9.18474E-19 0.00000E+00 0.00000E+00 2.52576E-19 5.29502E-19 2.41230E-20 2.60395E-20 5.04160E-20
 1.16482E+03 9.19712E-19 0.00000E+00 0.00000E+00 2.54664E-19 5.29093E-19 2.40656E-20 2.59630E-20 5.02659E-20
 1.16798E+03 9.20126E-19 0.00000E+00 0.00000E+00 2.56797E-19 5.28251E-19 2.39512E-20 2.58108E-20 4.99667E-20
 1.17116E+03 9.18869E-19 0.00000E+00 0.00000E+00 2.57371E-19 5.27293E-19 2.38373E-20 2.56592E-20 4.96690E-20
 1.17753E+03 9.13959E-19 0.00000E+00 0.00000E+00 2.56894E-19 5.24587E-19 2.36109E-20 2.53584E-20 4.90781E-20
 1.18395E+03 9.07528E-19 0.00000E+00 0.00000E+00 2.56185E-19 5.20571E-19 2.33865E-20 2.50605E-20 4.84931E-20
 1.19039E+03 9.00041E-19 0.00000E+00 0.00000E+00 2.55685E-19 5.15270E-19 2.31640E-20 2.47655E-20 4.79140E-20
 1.19687E+03 8.91438E-19 0.00000E+00 0.00000E+00 2.55087E-19 5.08930E-19 2.29435E-20 2.44735E-20 4.73408E-20
 1.20339E+03 8.81729E-19 0.00000E+00 0.00000E+00 2.54041E-19 5.01910E-19 2.27249E-20 2.41844E-20 4.67734E-20
 1.20994E+03 8.71067E-19 0.00000E+00 0.00000E+00 2.52336E-19 4.94578E-19 2.25082E-20 2.38982E-20 4.62119E-20
 1.22315E+03 8.48259E-19 0.00000E+00 0.00000E+00 2.47009E-19 4.80285E-19 2.20803E-20 2.33345E-20 4.51063E-20
 1.25000E+03 8.02188E-19 0.00000E+00 0.00000E+00 2.33288E-19 4.54079E-19 2.12461E-20 2.22412E-20 4.29632E-20
 1.30200E+03 7.23665E-19 0.00000E+00 0.00000E+00 2.10713E-19 4.08881E-19 1.97530E-20 2.03087E-20 3.91792E-20
 1.30200E+03 8.38800E-19 0.00000E+00 1.15135E-19 2.10713E-19 4.08881E-19 1.97530E-20 2.03087E-20 3.91792E-20
 1.30274E+03 8.35010E-19 0.00000E+00 1.12383E-19 2.10414E-19 4.08285E-19 1.97329E-20 2.02829E-20 3.91287E-20
 1.30348E+03 8.31591E-19 0.00000E+00 1.10001E-19 2.10115E-19 4.07690E-19 1.97128E-20 2.02571E-20 3.90783E-20
 1.30496E+03 8.25718E-19 0.00000E+00 1.06196E-19 2.09517E-19 4.06503E-19 1.96727E-20 2.02056E-20 3.89776E-20
 1.30792E+03 8.16604E-19 0.00000E+00 1.01202E-19 2.08326E-19 4.04140E-19 1.95927E-20 2.01030E-20 3.87769E-20
 1.31089E+03 8.09662E-19 0.00000E+00 9.83581E-20 2.07139E-19 4.01792E-19 1.95129E-20 2.00009E-20 3.85772E-20
 1.31386E+03 8.03999E-19 0.00000E+00 9.67704E-20 2.05957E-19 3.99460E-19 1.94335E-20 1.98992E-20 3.83783E-20
 1.31984E+03 7.94755E-19 0.00000E+00 9.56063E-20 2.03607E-19 3.94841E-19 1.92754E-20 1.96973E-20 3.79834E-20
 1.32584E+03 7.86810E-19 0.00000E+00 9.56478E-20 2.01276E-19 3.90285E-19 1.91185E-20 1.94972E-20 3.75921E-20
 1.33792E+03 7.71735E-19 0.00000E+00 9.62672E-20 1.96678E-19 3.81352E-19 1.88081E-20 1.91024E-20 3.68202E-20
 1.35011E+03 7.56126E-19 0.00000E+00 9.59896E-20 1.92167E-19 3.72650E-19 1.85023E-20 1.87147E-20 3.60625E-20
 1.40000E+03 6.93180E-19 0.00000E+00 9.09476E-20 1.75100E-19 3.39852E-19 1.73238E-20 1.72319E-20 3.31674E-20
 1.50000E+03 5.87792E-19 0.00000E+00 8.23135E-20 1.47104E-19 2.84643E-19 1.52691E-20 1.46893E-20 2.82127E-20
 1.62019E+03 4.88181E-19 0.00000E+00 7.30343E-20 1.20938E-19 2.33233E-19 1.32320E-20 1.22462E-20 2.34657E-20
 1.75000E+03 4.04518E-19 0.00000E+00 6.46031E-20 9.90539E-20 1.90502E-19 1.14470E-20 1.01745E-20 1.94500E-20
 1.87083E+03 3.42869E-19 0.00000E+00 5.78915E-20 8.30468E-20 1.59324E-19 1.00798E-20 8.63839E-21 1.64797E-20
 2.00000E+03 2.90180E-19 0.00000E+00 5.17339E-20 6.94771E-20 1.32943E-19 8.86471E-21 7.31789E-21 1.39326E-20
 2.20000E+03 2.28002E-19 0.00000E+00 4.38808E-20 5.36003E-20 1.02222E-19 7.36126E-21 5.74886E-21 1.09141E-20
 2.34521E+03 1.93602E-19 0.00000E+00 3.91847E-20 4.49131E-20 8.54674E-20 6.48845E-21 4.87558E-21 9.23809E-21
 2.50000E+03 1.64214E-19 0.00000E+00 3.49046E-20 3.75678E-20 7.13309E-20 5.71290E-21 4.12807E-21 7.80659E-21
 2.73861E+03 1.29581E-19 0.00000E+00 2.94932E-20 2.90186E-20 5.49340E-20 4.75189E-21 3.24320E-21 6.11645E-21
 3.00000E+03 1.02034E-19 0.00000E+00 2.48165E-20 2.23309E-20 4.21490E-20 3.94617E-21 2.53749E-21 4.77201E-21
 3.24037E+03 8.32335E-20 0.00000E+00 2.13766E-20 1.78448E-20 3.35971E-20 3.36498E-21 2.05462E-21 3.85697E-21
 3.50000E+03 6.78150E-20 0.00000E+00 1.83599E-20 1.42265E-20 2.67174E-20 2.86491E-21 1.66075E-21 3.10841E-21
 4.00000E+03 4.74187E-20 0.00000E+00 1.40165E-20 9.55432E-21 1.78648E-20 2.15923E-21 1.14013E-21 2.12509E-21
 4.50000E+03 3.44935E-20 0.00000E+00 1.09753E-20 6.68768E-21 1.24564E-20 1.67545E-21 8.12780E-22 1.50921E-21
 5.00000E+03 2.58952E-20 0.00000E+00 8.77512E-21 4.83911E-21 8.98180E-21 1.33078E-21 5.97321E-22 1.10532E-21
 5.50000E+03 1.99479E-20 0.00000E+00 7.13908E-21 3.59858E-21 6.65773E-21 1.07742E-21 4.50164E-22 8.30371E-22
 6.00000E+03 1.57009E-20 0.00000E+00 5.89446E-21 2.73835E-21 5.05103E-21 8.86389E-22 3.46529E-22 6.37299E-22
 7.00000E+03 1.02473E-20 0.00000E+00 4.16801E-21 1.67713E-21 3.07668E-21 6.23676E-22 2.16270E-22 3.95591E-22
 8.00000E+03 7.06265E-21 0.00000E+00 3.06479E-21 1.08977E-21 1.98936E-21 4.57183E-22 1.42626E-22 2.59614E-22
 9.00000E+03 5.07699E-21 0.00000E+00 2.32400E-21 7.41596E-22 1.34780E-21 3.46015E-22 9.82157E-23 1.77977E-22
 1.00000E+04 3.77387E-21 0.00000E+00 1.80695E-21 5.23747E-22 9.47902E-22 2.68685E-22 7.00393E-23 1.26391E-22
 1.03710E+04 3.40496E-21 0.00000E+00 1.65487E-21 4.64042E-22 8.38589E-22 2.45982E-22 6.22521E-23 1.12172E-22
 1.03710E+04 2.87743E-20 2.53694E-20 1.65487E-21 4.64042E-22 8.38588E-22 2.45982E-22 6.22521E-23 1.12172E-22
 1.03805E+04 2.51177E-20 2.17216E-20 1.65119E-21 4.62623E-22 8.35993E-22 2.45433E-22 6.20667E-23 1.11834E-22
 1.03901E+04 2.47481E-20 2.13608E-20 1.64751E-21 4.61209E-22 8.33405E-22 2.44885E-22 6.18818E-23 1.11497E-22
 1.04092E+04 2.52489E-20 2.18792E-20 1.64019E-21 4.58393E-22 8.28254E-22 2.43793E-22 6.15136E-23 1.10825E-22
 1.04188E+04 2.53512E-20 2.19902E-20 1.63654E-21 4.56991E-22 8.25689E-22 2.43248E-22 6.13304E-23 1.10491E-22
 1.04284E+04 2.53263E-20 2.19740E-20 1.63290E-21 4.55594E-22 8.23133E-22 2.42705E-22 6.11476E-23 1.10157E-22
 1.04476E+04 2.51561E-20 2.18212E-20 1.62564E-21 4.52811E-22 8.18044E-22 2.41622E-22 6.07837E-23 1.09493E-22
 1.04669E+04 2.50087E-20 2.16912E-20 1.61841E-21 4.50046E-22 8.12986E-22 2.40543E-22 6.04219E-23 1.08833E-22
 1.04861E+04 2.49144E-20 2.16140E-20 1.61121E-21 4.47297E-22 8.07958E-22 2.39469E-22 6.00622E-23 1.08177E-22
 1.05248E+04 2.47905E-20 2.15243E-20 1.59690E-21 4.41848E-22 7.97995E-22 2.37335E-22 5.93492E-23 1.06877E-22
 1.05442E+04 2.47132E-20 2.14640E-20 1.58979E-21 4.39148E-22 7.93059E-22 2.36275E-22 5.89957E-23 1.06232E-22
 1.05636E+04 2.46104E-20 2.13780E-20 1.58271E-21 4.36465E-22 7.88153E-22 2.35219E-22 5.86443E-23 1.05592E-22
 1.06025E+04 2.43618E-20 2.11628E-20 1.56864E-21 4.31147E-22 7.78431E-22 2.33121E-22 5.79477E-23 1.04321E-22
 1.06809E+04 2.38858E-20 2.07527E-20 1.54086E-21 4.20700E-22 7.59339E-22 2.28979E-22 5.65786E-23 1.01826E-22
 1.10000E+04 2.21681E-20 1.92855E-20 1.43429E-21 3.81317E-22 6.87418E-22 2.13093E-22 5.14074E-23 9.24058E-23
 1.17260E+04 1.88032E-20 1.63990E-20 1.22615E-21 3.07618E-22 5.53085E-22 1.82093E-22 4.16875E-23 7.47311E-23
 1.25000E+04 1.59081E-20 1.39027E-20 1.04714E-21 2.48103E-22 4.44896E-22 1.55463E-22 3.37873E-23 6.04031E-23
 1.40000E+04 1.17869E-20 1.03352E-20 7.88725E-22 1.68888E-22 3.01314E-22 1.17063E-22 2.31880E-23 4.12444E-23
 1.50000E+04 9.80350E-21 8.61183E-21 6.62401E-22 1.33412E-22 2.37267E-22 9.83104E-23 1.84033E-23 3.26288E-23
 1.75000E+04 6.46287E-21 5.69758E-21 4.46069E-22 7.84294E-23 1.38458E-22 6.62217E-23 1.09258E-23 1.92272E-23
 1.87083E+04 5.38422E-21 4.75303E-21 3.74988E-22 6.21967E-23 1.09431E-22 5.56834E-23 8.69889E-24 1.52566E-23
 2.00000E+04 4.48026E-21 3.95988E-21 3.14841E-22 4.92769E-23 8.63976E-23 4.67679E-23 6.91825E-24 1.20911E-23
 2.20000E+04 3.43907E-21 3.04441E-21 2.44725E-22 3.52791E-23 6.15380E-23 3.63737E-23 4.97863E-24 8.65635E-24
 2.50000E+04 2.40328E-21 2.13134E-21 1.73833E-22 2.24671E-23 3.89091E-23 2.58612E-23 3.19130E-24 5.50828E-24
 3.00000E+04 1.43187E-21 1.27250E-21 1.05889E-22 1.17438E-23 2.01125E-23 1.57770E-23 1.68166E-24 2.87034E-24
 3.24037E+04 1.14780E-21 1.02080E-21 8.56377E-23 8.91309E-24 1.51886E-23 1.27682E-23 1.28020E-24 2.17422E-24
 3.50000E+04 9.19014E-22 8.17870E-22 6.91607E-23 6.75738E-24 1.14559E-23 1.03185E-23 9.73435E-25 1.64464E-24
 4.00000E+04 6.23501E-22 5.55426E-22 4.75924E-23 4.17618E-24 7.01374E-24 7.10890E-24 6.04367E-25 1.01147E-24
 4.50000E+04 4.41618E-22 3.93685E-22 3.41073E-23 2.72750E-24 4.54048E-24 5.09983E-24 3.96169E-25 6.57191E-25
 5.00000E+04 3.23730E-22 2.88749E-22 2.52513E-23 1.86152E-24 3.07330E-24 3.77903E-24 2.71185E-25 4.46135E-25
 5.50000E+04 2.44072E-22 2.17791E-22 1.92000E-23 1.31682E-24 2.15721E-24 2.87569E-24 1.92325E-25 3.13925E-25
 6.00000E+04 1.88377E-22 1.68148E-22 1.49278E-23 9.59894E-25 1.56067E-24 2.23739E-24 1.40485E-25 2.27602E-25
 7.00000E+04 1.18756E-22 1.06054E-22 9.52514E-24 5.48061E-25 8.78933E-25 1.42935E-24 8.04955E-26 1.28612E-25
 8.00000E+04 7.94568E-23 7.09812E-23 6.43403E-24 3.37505E-25 5.34450E-25 9.66438E-25 4.96997E-26 7.84076E-26
 9.00000E+04 5.56648E-23 4.97383E-23 4.54241E-24 2.20293E-25 3.44774E-25 6.82861E-25 3.25062E-26 5.06898E-26
 1.00000E+05 4.04539E-23 3.61528E-23 3.32233E-24 1.50578E-25 2.33177E-25 4.99789E-25 2.22587E-26 3.43374E-26
 1.10000E+05 3.02937E-23 2.70761E-23 2.50133E-24 1.06885E-25 1.63863E-25 3.76505E-25 1.58221E-26 2.41664E-26
 1.25000E+05 2.05461E-23 1.83660E-23 1.70778E-24 6.76599E-26 1.02346E-25 2.57248E-25 1.00339E-26 1.51187E-26
 1.40000E+05 1.45636E-23 1.30194E-23 1.21703E-24 4.52568E-26 6.76208E-26 1.83436E-25 6.71958E-27 1.00033E-26
 1.50000E+05 1.18135E-23 1.05613E-23 9.90214E-25 3.54789E-26 5.26344E-26 1.49302E-25 5.27270E-27 7.79166E-27
 1.62019E+05 9.34530E-24 8.35504E-24 7.85868E-25 2.70376E-26 3.97865E-26 1.18535E-25 4.02180E-27 5.89410E-27
 1.75000E+05 7.41060E-24 6.62552E-24 6.25019E-25 2.07120E-26 3.02343E-26 9.43062E-26 3.08254E-27 4.48252E-27
 2.00000E+05 4.95934E-24 4.43409E-24 4.20263E-25 1.30800E-26 1.88439E-26 6.34467E-26 1.94897E-27 2.79729E-27
 2.20000E+05 3.73041E-24 3.33537E-24 3.17086E-25 9.46297E-27 1.35178E-26 4.78874E-26 1.41128E-27 2.00774E-27
 2.34521E+05 3.08468E-24 2.75804E-24 2.62697E-25 7.63148E-27 1.08422E-26 3.96823E-26 1.13864E-27 1.61103E-27
 2.50000E+05 2.55476E-24 2.28424E-24 2.17951E-25 6.17132E-27 8.72298E-27 3.29301E-26 9.21065E-28 1.29684E-27
 2.73861E+05 1.95319E-24 1.74638E-24 1.67026E-25 4.56266E-27 6.40712E-27 2.52429E-26 6.81317E-28 9.53168E-28
 2.86633E+05 1.71140E-24 1.53020E-24 1.46506E-25 3.93517E-27 5.51145E-27 2.21446E-26 5.87796E-28 8.20101E-28
 3.00000E+05 1.50200E-24 1.34298E-24 1.28707E-25 3.40223E-27 4.75478E-27 1.94566E-26 5.08348E-28 7.07629E-28
 3.24037E+05 1.20459E-24 1.07706E-24 1.03386E-25 2.66007E-27 3.70599E-27 1.56318E-26 3.97644E-28 5.51731E-28
 3.50000E+05 9.68669E-25 8.66123E-25 8.32590E-26 2.08692E-27 2.90112E-27 1.25908E-26 3.12082E-28 4.32065E-28
 3.74166E+05 8.03666E-25 7.18594E-25 6.91557E-26 1.69585E-27 2.35524E-27 1.04595E-26 2.53677E-28 3.50830E-28
 4.00000E+05 6.68879E-25 5.98082E-25 5.76155E-26 1.38371E-27 1.92173E-27 8.71514E-27 2.07035E-28 2.86285E-28
 4.24264E+05 5.69902E-25 5.09588E-25 4.91300E-26 1.15883E-27 1.61034E-27 7.43229E-27 1.73404E-28 2.39953E-28
 4.50000E+05 4.86701E-25 4.35200E-25 4.19882E-26 9.73003E-28 1.35388E-27 6.35245E-27 1.45613E-28 2.01801E-28
 4.74342E+05 4.23372E-25 3.78579E-25 3.65463E-26 8.33657E-28 1.16246E-27 5.52953E-27 1.24801E-28 1.73291E-28
 5.00000E+05 3.69063E-25 3.30022E-25 3.18750E-26 7.15919E-28 1.00117E-27 4.82305E-27 1.07217E-28 1.49251E-28
 5.24404E+05 3.26470E-25 2.91941E-25 2.82084E-26 6.24928E-28 8.76392E-28 4.26847E-27 9.35943E-29 1.30669E-28
 5.50000E+05 2.89312E-25 2.58719E-25 2.50074E-26 5.46607E-28 7.68986E-28 3.78425E-27 8.18528E-29 1.14675E-28
 5.74456E+05 2.59476E-25 2.32043E-25 2.24353E-26 4.84397E-28 6.83915E-28 3.39515E-27 7.25420E-29 1.01989E-28
 6.00000E+05 2.33049E-25 2.08415E-25 2.01558E-26 4.29863E-28 6.09467E-28 3.05029E-27 6.43904E-29 9.08774E-29
 6.23574E+05 2.12092E-25 1.89678E-25 1.83473E-26 3.87046E-28 5.50937E-28 2.77667E-27 5.79867E-29 8.21493E-29
 6.48074E+05 1.93262E-25 1.72842E-25 1.67216E-26 3.48956E-28 4.98770E-28 2.53069E-27 5.22850E-29 7.43781E-29
 6.73537E+05 1.76395E-25 1.57761E-25 1.52647E-26 3.15190E-28 4.52447E-28 2.31023E-27 4.72270E-29 6.74821E-29
 7.00000E+05 1.61240E-25 1.44210E-25 1.39552E-26 2.85142E-28 4.11188E-28 2.11207E-27 4.27256E-29 6.13396E-29
 7.48331E+05 1.38291E-25 1.23691E-25 1.19713E-26 2.40116E-28 3.49367E-28 1.81185E-27 3.59857E-29 5.21215E-29
 8.00000E+05 1.19049E-25 1.06487E-25 1.03071E-26 2.02947E-28 2.98207E-28 1.55998E-27 3.04233E-29 4.44849E-29
 8.48528E+05 1.04616E-25 9.35812E-26 9.05820E-27 1.75539E-28 2.60208E-28 1.37097E-27 2.63147E-29 3.88200E-29
 9.00000E+05 9.22196E-26 8.24964E-26 7.98518E-27 1.52357E-28 2.27872E-28 1.20856E-27 2.28363E-29 3.40015E-29
 9.48683E+05 8.25643E-26 7.38625E-26 7.14918E-27 1.34496E-28 2.02912E-28 1.08203E-27 2.01593E-29 3.02754E-29
 1.00000E+06 7.40905E-26 6.62850E-26 6.41531E-27 1.18990E-28 1.81167E-28 9.70955E-28 1.78381E-29 2.70271E-29
 1.04881E+06 6.72995E-26 6.02122E-26 5.82712E-27 1.06719E-28 1.63822E-28 8.81922E-28 1.60011E-29 2.44414E-29
 1.10000E+06 6.12407E-26 5.47938E-26 5.30229E-27 9.59139E-29 1.48427E-28 8.02477E-28 1.43824E-29 2.21489E-29
 1.17260E+06 5.40971E-26 4.84051E-26 4.68341E-27 8.33655E-29 1.30423E-28 7.08799E-28 1.24997E-29 1.94631E-29
 1.25000E+06 4.79452E-26 4.29030E-26 4.15036E-27 7.27315E-29 1.15050E-28 6.28117E-28 1.09043E-29 1.71665E-29
 1.32288E+06 4.31747E-26 3.86362E-26 3.73702E-27 6.45761E-29 1.03179E-28 5.65552E-28 9.68432E-30 1.53954E-29
 1.40000E+06 3.89675E-26 3.48730E-26 3.37250E-27 5.74743E-29 9.27506E-29 5.10376E-28 8.62260E-30 1.38413E-29
 1.50000E+06 3.44898E-26 3.08677E-26 2.98458E-27 5.00624E-29 8.17181E-29 4.51655E-28 7.50961E-30 1.21962E-29
 1.62019E+06 3.01901E-26 2.70213E-26 2.61204E-27 4.30948E-29 7.12101E-29 3.95266E-28 6.46228E-30 1.06269E-29
 1.75000E+06 2.65339E-26 2.37503E-26 2.29535E-27 3.72625E-29 6.23336E-29 3.47336E-28 5.58711E-30 9.30059E-30
 1.87083E+06 2.37813E-26 2.12874E-26 2.05709E-27 3.28953E-29 5.56626E-29 3.11279E-28 4.93351E-30 8.30532E-30
 2.00000E+06 2.13685E-26 1.91287E-26 1.84797E-27 2.92091E-29 4.98640E-29 2.79625E-28 4.38213E-30 7.44083E-30
 2.09762E+06 1.98305E-26 1.77530E-26 1.71418E-27 2.70436E-29 4.62326E-29 2.59363E-28 4.05728E-30 6.89872E-30
 2.20000E+06 1.84268E-26 1.64975E-26 1.59184E-27 2.51603E-29 4.29520E-29 2.40833E-28 3.77417E-30 6.40852E-30
 2.34521E+06 1.67233E-26 1.49736E-26 1.44361E-27 2.28415E-29 3.89617E-29 2.18383E-28 3.42589E-30 5.81253E-30
 2.50000E+06 1.52036E-26 1.36139E-26 1.31163E-27 2.07308E-29 3.53901E-29 1.98402E-28 3.10919E-30 5.27939E-30
 2.73861E+06 1.33047E-26 1.19148E-26 1.14683E-27 1.81128E-29 3.09376E-29 1.73452E-28 2.71632E-30 4.61472E-30
 3.00000E+06 1.16868E-26 1.04670E-26 1.00651E-27 1.59079E-29 2.71566E-29 1.52212E-28 2.38532E-30 4.05026E-30
 3.24037E+06 1.04934E-26 9.39888E-27 9.03130E-28 1.42772E-29 2.43684E-29 1.36565E-28 2.14062E-30 3.63410E-30
 3.50000E+06 9.43968E-27 8.45568E-27 8.11954E-28 1.28326E-29 2.19067E-29 1.22768E-28 1.92389E-30 3.26675E-30
 3.74166E+06 8.62450E-27 7.72594E-27 7.41468E-28 1.17176E-29 2.00044E-29 1.12103E-28 1.75662E-30 2.98289E-30
 4.00000E+06 7.89051E-27 7.06882E-27 6.78043E-28 1.07161E-29 1.82934E-29 1.02507E-28 1.60637E-30 2.72760E-30
 4.50000E+06 6.76293E-27 6.05921E-27 5.80701E-28 9.17750E-30 1.56669E-29 8.77810E-29 1.37560E-30 2.33575E-30
 5.00000E+06 5.90811E-27 5.29374E-27 5.06985E-28 8.01240E-30 1.36779E-29 7.66311E-29 1.20087E-30 2.03906E-30
 5.50000E+06 5.23927E-27 4.69474E-27 4.49358E-28 7.10160E-30 1.21231E-29 6.79159E-29 1.06429E-30 1.80715E-30
 6.00000E+06 4.70258E-27 4.21404E-27 4.03152E-28 6.37132E-30 1.08764E-29 6.09285E-29 9.54791E-31 1.62122E-30
 6.48074E+06 4.27794E-27 3.83367E-27 3.66616E-28 5.79388E-30 9.89064E-30 5.54040E-29 8.68217E-31 1.47422E-30
 7.00000E+06 3.89660E-27 3.49208E-27 3.33824E-28 5.27562E-30 9.00593E-30 5.04462E-29 7.90522E-31 1.34230E-30
 8.00000E+06 3.32175E-27 2.97709E-27 2.84427E-28 4.49493E-30 7.67321E-30 4.29783E-29 6.73495E-31 1.14359E-30
 9.00000E+06 2.89203E-27 2.59209E-27 2.47530E-28 3.91181E-30 6.67776E-30 3.74009E-29 5.86092E-31 9.95176E-31
 1.00000E+07 2.55916E-27 2.29382E-27 2.18966E-28 3.46038E-30 5.90713E-30 3.30834E-29 5.18434E-31 8.80294E-31
 1.10000E+07 2.29398E-27 2.05621E-27 1.96224E-28 3.10096E-30 5.29357E-30 2.96462E-29 4.64569E-31 7.88833E-31
 1.25000E+07 1.98430E-27 1.77869E-27 1.69678E-28 2.68143E-30 4.57740E-30 2.56343E-29 4.01701E-31 6.82082E-31
 1.40000E+07 1.74749E-27 1.56647E-27 1.49389E-28 2.36080E-30 4.03006E-30 2.25684E-29 3.53656E-31 6.00503E-31
 1.50000E+07 1.61841E-27 1.45079E-27 1.38334E-28 2.18610E-30 3.73182E-30 2.08979E-29 3.27478E-31 5.56054E-31
 1.75000E+07 1.36558E-27 1.22419E-27 1.16690E-28 1.84403E-30 3.14789E-30 1.76273E-29 2.76226E-31 4.69029E-31
 2.00000E+07 1.18063E-27 1.05841E-27 1.00863E-28 1.59392E-30 2.72093E-30 1.52361E-29 2.38755E-31 4.05402E-31
 2.20000E+07 1.06503E-27 9.54792E-28 9.09740E-29 1.43765E-30 2.45415E-30 1.37420E-29 2.15342E-31 3.65647E-31
 2.50000E+07 9.28457E-28 8.32374E-28 7.92948E-29 1.25308E-30 2.13908E-30 1.19775E-29 1.87692E-31 3.18698E-31
 3.00000E+07 7.64744E-28 6.85621E-28 6.52993E-29 1.03191E-30 1.76153E-30 9.86320E-30 1.54559E-31 2.62440E-31
 3.50000E+07 6.49977E-28 5.82738E-28 5.54913E-29 8.76912E-31 1.49694E-30 8.38157E-30 1.31342E-31 2.23016E-31
 4.00000E+07 5.65094E-28 5.06643E-28 4.82391E-29 7.62305E-31 1.30130E-30 7.28605E-30 1.14175E-31 1.93867E-31
 4.50000E+07 4.99784E-28 4.48093E-28 4.26602E-29 6.74142E-31 1.15080E-30 6.44333E-30 1.00969E-31 1.71444E-31
 5.00000E+07 4.47985E-28 4.01654E-28 3.82360E-29 6.04229E-31 1.03146E-30 5.77506E-30 9.04967E-32 1.53662E-31
 5.50000E+07 4.05901E-28 3.63926E-28 3.46422E-29 5.47436E-31 9.34506E-31 5.23221E-30 8.19901E-32 1.39218E-31
 6.00000E+07 3.71037E-28 3.32669E-28 3.16651E-29 5.00390E-31 8.54196E-31 4.78253E-30 7.49436E-32 1.27253E-31
 7.00000E+07 3.16629E-28 2.83889E-28 2.70197E-29 4.26981E-31 7.28881E-31 4.08088E-30 6.39484E-32 1.08583E-31
 8.00000E+07 2.76127E-28 2.47577E-28 2.35621E-29 3.72341E-31 6.35608E-31 3.55863E-30 5.57647E-32 9.46876E-32
 9.00000E+07 2.44806E-28 2.19496E-28 2.08886E-29 3.30092E-31 5.63487E-31 3.15482E-30 4.94369E-32 8.39431E-32
 1.00000E+08 2.19864E-28 1.97133E-28 1.87597E-29 2.96450E-31 5.06057E-31 2.83328E-30 4.43982E-32 7.53874E-32
 1.10000E+08 1.99532E-28 1.78904E-28 1.70244E-29 2.69028E-31 4.59247E-31 2.57119E-30 4.02912E-32 6.84138E-32
 1.25000E+08 1.75225E-28 1.57110E-28 1.49499E-29 2.36246E-31 4.03286E-31 2.25787E-30 3.53814E-32 6.00770E-32
 1.40000E+08 1.56195E-28 1.40048E-28 1.33260E-29 2.10583E-31 3.59478E-31 2.01260E-30 3.15379E-32 5.35509E-32
 1.50000E+08 1.45649E-28 1.30593E-28 1.24261E-29 1.96363E-31 3.35202E-31 1.87668E-30 2.94081E-32 4.99345E-32
 1.75000E+08 1.24615E-28 1.11733E-28 1.06311E-29 1.67999E-31 2.86783E-31 1.60559E-30 2.51600E-32 4.27214E-32
 2.00000E+08 1.08888E-28 9.76324E-29 9.28927E-30 1.46793E-31 2.50585E-31 1.40293E-30 2.19842E-32 3.73289E-32
 2.20000E+08 9.89024E-29 8.86791E-29 8.43727E-30 1.33330E-31 2.27601E-31 1.27425E-30 1.99678E-32 3.39051E-32
 2.50000E+08 8.69425E-29 7.79556E-29 7.41685E-30 1.17204E-31 2.00075E-31 1.12014E-30 1.75528E-32 2.98044E-32
 3.00000E+08 7.23586E-29 6.48794E-29 6.17260E-30 9.75423E-32 1.66510E-31 9.32222E-31 1.46081E-32 2.48044E-32
 3.50000E+08 6.19643E-29 5.55596E-29 5.28583E-30 8.35291E-32 1.42589E-31 7.98295E-31 1.25095E-32 2.12409E-32
 4.00000E+08 5.41812E-29 4.85810E-29 4.62184E-30 7.30364E-32 1.24677E-31 6.98014E-31 1.09380E-32 1.85726E-32
 4.50000E+08 4.81350E-29 4.31598E-29 4.10604E-30 6.48855E-32 1.10763E-31 6.20115E-31 9.71734E-33 1.64999E-32
 5.00000E+08 4.33027E-29 3.88270E-29 3.69381E-30 5.83713E-32 9.96431E-32 5.57857E-31 8.74175E-33 1.48434E-32
 5.50000E+08 3.93522E-29 3.52848E-29 3.35680E-30 5.30457E-32 9.05520E-32 5.06960E-31 7.94417E-33 1.34891E-32
 6.00000E+08 3.60621E-29 3.23348E-29 3.07614E-30 4.86106E-32 8.29810E-32 4.64573E-31 7.27996E-33 1.23613E-32
 7.00000E+08 3.08960E-29 2.77027E-29 2.63545E-30 4.16465E-32 7.10929E-32 3.98017E-31 6.23701E-33 1.05904E-32
 8.00000E+08 2.70246E-29 2.42314E-29 2.30520E-30 3.64277E-32 6.21842E-32 3.48141E-31 5.45544E-33 9.26326E-33
 9.00000E+08 2.40153E-29 2.15332E-29 2.04850E-30 3.23713E-32 5.52596E-32 3.09373E-31 4.84794E-33 8.23173E-33
 9.48683E+08 2.27996E-29 2.04431E-29 1.94479E-30 3.07325E-32 5.24621E-32 2.93711E-31 4.60251E-33 7.81500E-33
 1.00000E+09 2.16091E-29 1.93757E-29 1.84324E-30 2.91277E-32 4.97226E-32 2.78374E-31 4.36218E-33 7.40691E-33
