 *** Photoelectric cross sections,  IZ = 35,  NSHELL =  9,  NDATA =  385
              0           1           2           3           4           5           6           7           8           9
 5.00000E+01 7.00120E-19 0.00000E+00 0.00000E+00 0.00000E+00 0.00000E+00 0.00000E+00 0.00000E+00 0.00000E+00 0.00000E+00 0.00000E+00
 5.12057E+01 6.61357E-19 0.00000E+00 0.00000E+00 0.00000E+00 0.00000E+00 0.00000E+00 0.00000E+00 0.00000E+00 0.00000E+00 0.00000E+00
 5.24404E+01 6.26635E-19 0.00000E+00 0.00000E+00 0.00000E+00 0.00000E+00 0.00000E+00 0.00000E+00 0.00000E+00 0.00000E+00 0.00000E+00
 5.37050E+01 5.95571E-19 0.00000E+00 0.00000E+00 0.00000E+00 0.00000E+00 0.00000E+00 0.00000E+00 0.00000E+00 0.00000E+00 0.00000E+00
 5.50000E+01 5.67773E-19 0.00000E+00 0.00000E+00 0.00000E+00 0.00000E+00 0.00000E+00 0.00000E+00 0.00000E+00 0.00000E+00 0.00000E+00
 5.62095E+01 5.44930E-19 0.00000E+00 0.00000E+00 0.00000E+00 0.00000E+00 0.00000E+00 0.00000E+00 0.00000E+00 0.00000E+00 0.00000E+00
 5.74456E+01 5.24255E-19 0.00000E+00 0.00000E+00 0.00000E+00 0.00000E+00 0.00000E+00 0.00000E+00 0.00000E+00 0.00000E+00 0.00000E+00
 5.87089E+01 5.05527E-19 0.00000E+00 0.00000E+00 0.00000E+00 0.00000E+00 0.00000E+00 0.00000E+00 0.00000E+00 0.00000E+00 0.00000E+00
 6.00000E+01 4.88544E-19 0.00000E+00 0.00000E+00 0.00000E+00 0.00000E+00 0.00000E+00 0.00000E+00 0.00000E+00 0.00000E+00 0.00000E+00
 6.11673E+01 4.74810E-19 0.00000E+00 0.00000E+00 0.00000E+00 0.00000E+00 0.00000E+00 0.00000E+00 0.00000E+00 0.00000E+00 0.00000E+00
 6.23574E+01 4.62183E-19 0.00000E+00 0.00000E+00 0.00000E+00 0.00000E+00 0.00000E+00 0.00000E+00 0.00000E+00 0.00000E+00 0.00000E+00
 6.35706E+01 4.50557E-19 0.00000E+00 0.00000E+00 0.00000E+00 0.00000E+00 0.00000E+00 0.00000E+00 0.00000E+00 0.00000E+00 0.00000E+00
 6.48074E+01 4.39834E-19 0.00000E+00 0.00000E+00 0.00000E+00 0.00000E+00 0.00000E+00 0.00000E+00 0.00000E+00 0.00000E+00 0.00000E+00
 6.60683E+01 4.29924E-19 0.00000E+00 0.00000E+00 0.00000E+00 0.00000E+00 0.00000E+00 0.00000E+00 0.00000E+00 0.00000E+00 0.00000E+00
 6.73537E+01 4.20745E-19 0.00000E+00 0.00000E+00 0.00000E+00 0.00000E+00 0.00000E+00 0.00000E+00 0.00000E+00 0.00000E+00 0.00000E+00
 6.86641E+01 4.12222E-19 0.00000E+00 0.00000E+00 0.00000E+00 0.00000E+00 0.00000E+00 0.00000E+00 0.00000E+00 0.00000E+00 0.00000E+00
 7.00000E+01 4.04284E-19 0.00000E+00 0.00000E+00 0.00000E+00 0.00000E+00 0.00000E+00 0.00000E+00 0.00000E+00 0.00000E+00 0.00000E+00
 7.29383E+01 3.89008E-19 0.00000E+00 0.00000E+00 0.00000E+00 0.00000E+00 0.00000E+00 0.00000E+00 0.00000E+00 0.00000E+00 0.00000E+00
 7.60000E+01 3.75598E-19 0.00000E+00 0.00000E+00 0.00000E+00 0.00000E+00 0.00000E+00 0.00000E+00 0.00000E+00 0.00000E+00 0.00000E+00
 7.60000E+01 8.00225E-19 0.00000E+00 0.00000E+00 0.00000E+00 0.00000E+00 0.00000E+00 0.00000E+00 0.00000E+00 0.00000E+00 4.24628E-19
 7.60621E+01 8.00074E-19 0.00000E+00 0.00000E+00 0.00000E+00 0.00000E+00 0.00000E+00 0.00000E+00 0.00000E+00 0.00000E+00 4.24728E-19
 7.61243E+01 7.99924E-19 0.00000E+00 0.00000E+00 0.00000E+00 0.00000E+00 0.00000E+00 0.00000E+00 0.00000E+00 0.00000E+00 4.24828E-19
 7.62488E+01 7.99627E-19 0.00000E+00 0.00000E+00 0.00000E+00 0.00000E+00 0.00000E+00 0.00000E+00 0.00000E+00 0.00000E+00 4.25030E-19
 7.64984E+01 7.99057E-19 0.00000E+00 0.00000E+00 0.00000E+00 0.00000E+00 0.00000E+00 0.00000E+00 0.00000E+00 0.00000E+00 4.25452E-19
 7.70000E+01 7.98076E-19 0.00000E+00 0.00000E+00 0.00000E+00 0.00000E+00 0.00000E+00 0.00000E+00 0.00000E+00 0.00000E+00 4.26432E-19
 7.70000E+01 1.07599E-18 0.00000E+00 0.00000E+00 0.00000E+00 0.00000E+00 0.00000E+00 0.00000E+00 0.00000E+00 2.77915E-19 4.26432E-19
 7.70460E+01 1.07599E-18 0.00000E+00 0.00000E+00 0.00000E+00 0.00000E+00 0.00000E+00 0.00000E+00 0.00000E+00 2.77993E-19 4.26534E-19
 7.70920E+01 1.07600E-18 0.00000E+00 0.00000E+00 0.00000E+00 0.00000E+00 0.00000E+00 0.00000E+00 0.00000E+00 2.78070E-19 4.26640E-19
 7.71842E+01 1.07602E-18 0.00000E+00 0.00000E+00 0.00000E+00 0.00000E+00 0.00000E+00 0.00000E+00 0.00000E+00 2.78227E-19 4.26859E-19
 7.73688E+01 1.07611E-18 0.00000E+00 0.00000E+00 0.00000E+00 0.00000E+00 0.00000E+00 0.00000E+00 0.00000E+00 2.78547E-19 4.27335E-19
 7.77393E+01 1.07653E-18 0.00000E+00 0.00000E+00 0.00000E+00 0.00000E+00 0.00000E+00 0.00000E+00 0.00000E+00 2.79231E-19 4.28466E-19
 7.84857E+01 1.07856E-18 0.00000E+00 0.00000E+00 0.00000E+00 0.00000E+00 0.00000E+00 0.00000E+00 0.00000E+00 2.80884E-19 4.31585E-19
 7.92392E+01 1.08255E-18 0.00000E+00 0.00000E+00 0.00000E+00 0.00000E+00 0.00000E+00 0.00000E+00 0.00000E+00 2.83094E-19 4.36048E-19
 8.00000E+01 1.08902E-18 0.00000E+00 0.00000E+00 0.00000E+00 0.00000E+00 0.00000E+00 0.00000E+00 0.00000E+00 2.86076E-19 4.42154E-19
 8.05911E+01 1.09599E-18 0.00000E+00 0.00000E+00 0.00000E+00 0.00000E+00 0.00000E+00 0.00000E+00 0.00000E+00 2.89031E-19 4.48160E-19
 8.11865E+01 1.10494E-18 0.00000E+00 0.00000E+00 0.00000E+00 0.00000E+00 0.00000E+00 0.00000E+00 0.00000E+00 2.92656E-19 4.55441E-19
 8.17864E+01 1.11608E-18 0.00000E+00 0.00000E+00 0.00000E+00 0.00000E+00 0.00000E+00 0.00000E+00 0.00000E+00 2.97043E-19 4.64127E-19
 8.23907E+01 1.12963E-18 0.00000E+00 0.00000E+00 0.00000E+00 0.00000E+00 0.00000E+00 0.00000E+00 0.00000E+00 3.02278E-19 4.74347E-19
 8.29994E+01 1.14581E-18 0.00000E+00 0.00000E+00 0.00000E+00 0.00000E+00 0.00000E+00 0.00000E+00 0.00000E+00 3.08451E-19 4.86231E-19
 8.36127E+01 1.16483E-18 0.00000E+00 0.00000E+00 0.00000E+00 0.00000E+00 0.00000E+00 0.00000E+00 0.00000E+00 3.15650E-19 4.99908E-19
 8.42305E+01 1.18691E-18 0.00000E+00 0.00000E+00 0.00000E+00 0.00000E+00 0.00000E+00 0.00000E+00 0.00000E+00 3.23963E-19 5.15506E-19
 8.48528E+01 1.21227E-18 0.00000E+00 0.00000E+00 0.00000E+00 0.00000E+00 0.00000E+00 0.00000E+00 0.00000E+00 3.33479E-19 5.33153E-19
 8.54798E+01 1.24110E-18 0.00000E+00 0.00000E+00 0.00000E+00 0.00000E+00 0.00000E+00 0.00000E+00 0.00000E+00 3.44285E-19 5.52975E-19
 8.61113E+01 1.27363E-18 0.00000E+00 0.00000E+00 0.00000E+00 0.00000E+00 0.00000E+00 0.00000E+00 0.00000E+00 3.56468E-19 5.75092E-19
 8.67476E+01 1.31004E-18 0.00000E+00 0.00000E+00 0.00000E+00 0.00000E+00 0.00000E+00 0.00000E+00 0.00000E+00 3.70113E-19 5.99619E-19
 8.73885E+01 1.35054E-18 0.00000E+00 0.00000E+00 0.00000E+00 0.00000E+00 0.00000E+00 0.00000E+00 0.00000E+00 3.85299E-19 6.26664E-19
 8.80342E+01 1.39528E-18 0.00000E+00 0.00000E+00 0.00000E+00 0.00000E+00 0.00000E+00 0.00000E+00 0.00000E+00 4.02105E-19 6.56326E-19
 8.86846E+01 1.44442E-18 0.00000E+00 0.00000E+00 0.00000E+00 0.00000E+00 0.00000E+00 0.00000E+00 0.00000E+00 4.20601E-19 6.88685E-19
 8.93399E+01 1.49810E-18 0.00000E+00 0.00000E+00 0.00000E+00 0.00000E+00 0.00000E+00 0.00000E+00 0.00000E+00 4.40849E-19 7.23814E-19
 9.00000E+01 1.55642E-18 0.00000E+00 0.00000E+00 0.00000E+00 0.00000E+00 0.00000E+00 0.00000E+00 0.00000E+00 4.62906E-19 7.61763E-19
 9.05946E+01 1.61258E-18 0.00000E+00 0.00000E+00 0.00000E+00 0.00000E+00 0.00000E+00 0.00000E+00 0.00000E+00 4.84202E-19 7.98126E-19
 9.11931E+01 1.67254E-18 0.00000E+00 0.00000E+00 0.00000E+00 0.00000E+00 0.00000E+00 0.00000E+00 0.00000E+00 5.06999E-19 8.36775E-19
 9.24021E+01 1.80383E-18 0.00000E+00 0.00000E+00 0.00000E+00 0.00000E+00 0.00000E+00 0.00000E+00 0.00000E+00 5.57140E-19 9.20878E-19
 9.36271E+01 1.94996E-18 0.00000E+00 0.00000E+00 0.00000E+00 0.00000E+00 0.00000E+00 0.00000E+00 0.00000E+00 6.13309E-19 1.01377E-18
 9.48683E+01 2.11008E-18 0.00000E+00 0.00000E+00 0.00000E+00 0.00000E+00 0.00000E+00 0.00000E+00 0.00000E+00 6.75242E-19 1.11487E-18
 9.61260E+01 2.28290E-18 0.00000E+00 0.00000E+00 0.00000E+00 0.00000E+00 0.00000E+00 0.00000E+00 0.00000E+00 7.42550E-19 1.22325E-18
 9.74004E+01 2.46656E-18 0.00000E+00 0.00000E+00 0.00000E+00 0.00000E+00 0.00000E+00 0.00000E+00 0.00000E+00 8.14584E-19 1.33773E-18
 9.86916E+01 2.65884E-18 0.00000E+00 0.00000E+00 0.00000E+00 0.00000E+00 0.00000E+00 0.00000E+00 0.00000E+00 8.90525E-19 1.45691E-18
 1.00000E+02 2.85719E-18 0.00000E+00 0.00000E+00 0.00000E+00 0.00000E+00 0.00000E+00 0.00000E+00 0.00000E+00 9.69405E-19 1.57920E-18
 1.01199E+02 3.03960E-18 0.00000E+00 0.00000E+00 0.00000E+00 0.00000E+00 0.00000E+00 0.00000E+00 0.00000E+00 1.04241E-18 1.69115E-18
 1.02411E+02 3.22276E-18 0.00000E+00 0.00000E+00 0.00000E+00 0.00000E+00 0.00000E+00 0.00000E+00 0.00000E+00 1.11614E-18 1.80313E-18
 1.03639E+02 3.40478E-18 0.00000E+00 0.00000E+00 0.00000E+00 0.00000E+00 0.00000E+00 0.00000E+00 0.00000E+00 1.18982E-18 1.91400E-18
 1.04881E+02 3.58392E-18 0.00000E+00 0.00000E+00 0.00000E+00 0.00000E+00 0.00000E+00 0.00000E+00 0.00000E+00 1.26270E-18 2.02279E-18
 1.06138E+02 3.75870E-18 0.00000E+00 0.00000E+00 0.00000E+00 0.00000E+00 0.00000E+00 0.00000E+00 0.00000E+00 1.33414E-18 2.12865E-18
 1.07410E+02 3.92790E-18 0.00000E+00 0.00000E+00 0.00000E+00 0.00000E+00 0.00000E+00 0.00000E+00 0.00000E+00 1.40360E-18 2.23092E-18
 1.08697E+02 4.09064E-18 0.00000E+00 0.00000E+00 0.00000E+00 0.00000E+00 0.00000E+00 0.00000E+00 0.00000E+00 1.47065E-18 2.32911E-18
 1.10000E+02 4.24629E-18 0.00000E+00 0.00000E+00 0.00000E+00 0.00000E+00 0.00000E+00 0.00000E+00 0.00000E+00 1.53501E-18 2.42292E-18
 1.10882E+02 4.34653E-18 0.00000E+00 0.00000E+00 0.00000E+00 0.00000E+00 0.00000E+00 0.00000E+00 0.00000E+00 1.57656E-18 2.48329E-18
 1.11772E+02 4.44339E-18 0.00000E+00 0.00000E+00 0.00000E+00 0.00000E+00 0.00000E+00 0.00000E+00 0.00000E+00 1.61678E-18 2.54161E-18
 1.12668E+02 4.53688E-18 0.00000E+00 0.00000E+00 0.00000E+00 0.00000E+00 0.00000E+00 0.00000E+00 0.00000E+00 1.65566E-18 2.59789E-18
 1.13572E+02 4.62703E-18 0.00000E+00 0.00000E+00 0.00000E+00 0.00000E+00 0.00000E+00 0.00000E+00 0.00000E+00 1.69321E-18 2.65217E-18
 1.15402E+02 4.79764E-18 0.00000E+00 0.00000E+00 0.00000E+00 0.00000E+00 0.00000E+00 0.00000E+00 0.00000E+00 1.76441E-18 2.75494E-18
 1.17260E+02 4.95606E-18 0.00000E+00 0.00000E+00 0.00000E+00 0.00000E+00 0.00000E+00 0.00000E+00 0.00000E+00 1.83066E-18 2.85045E-18
 1.19149E+02 5.10331E-18 0.00000E+00 0.00000E+00 0.00000E+00 0.00000E+00 0.00000E+00 0.00000E+00 0.00000E+00 1.89235E-18 2.93935E-18
 1.21068E+02 5.24053E-18 0.00000E+00 0.00000E+00 0.00000E+00 0.00000E+00 0.00000E+00 0.00000E+00 0.00000E+00 1.94993E-18 3.02232E-18
 1.23018E+02 5.36875E-18 0.00000E+00 0.00000E+00 0.00000E+00 0.00000E+00 0.00000E+00 0.00000E+00 0.00000E+00 2.00383E-18 3.09998E-18
 1.25000E+02 5.48892E-18 0.00000E+00 0.00000E+00 0.00000E+00 0.00000E+00 0.00000E+00 0.00000E+00 0.00000E+00 2.05444E-18 3.17286E-18
 1.26783E+02 5.58931E-18 0.00000E+00 0.00000E+00 0.00000E+00 0.00000E+00 0.00000E+00 0.00000E+00 0.00000E+00 2.09681E-18 3.23384E-18
 1.28592E+02 5.68435E-18 0.00000E+00 0.00000E+00 0.00000E+00 0.00000E+00 0.00000E+00 0.00000E+00 0.00000E+00 2.13701E-18 3.29162E-18
 1.30427E+02 5.77428E-18 0.00000E+00 0.00000E+00 0.00000E+00 0.00000E+00 0.00000E+00 0.00000E+00 0.00000E+00 2.17516E-18 3.34634E-18
 1.32288E+02 5.85924E-18 0.00000E+00 0.00000E+00 0.00000E+00 0.00000E+00 0.00000E+00 0.00000E+00 0.00000E+00 2.21133E-18 3.39806E-18
 1.34175E+02 5.93919E-18 0.00000E+00 0.00000E+00 0.00000E+00 0.00000E+00 0.00000E+00 0.00000E+00 0.00000E+00 2.24552E-18 3.44675E-18
 1.36089E+02 6.01405E-18 0.00000E+00 0.00000E+00 0.00000E+00 0.00000E+00 0.00000E+00 0.00000E+00 0.00000E+00 2.27771E-18 3.49236E-18
 1.38031E+02 6.08363E-18 0.00000E+00 0.00000E+00 0.00000E+00 0.00000E+00 0.00000E+00 0.00000E+00 0.00000E+00 2.30782E-18 3.53475E-18
 1.40000E+02 6.14764E-18 0.00000E+00 0.00000E+00 0.00000E+00 0.00000E+00 0.00000E+00 0.00000E+00 0.00000E+00 2.33575E-18 3.57375E-18
 1.42436E+02 6.21759E-18 0.00000E+00 0.00000E+00 0.00000E+00 0.00000E+00 0.00000E+00 0.00000E+00 0.00000E+00 2.36663E-18 3.61638E-18
 1.44914E+02 6.27819E-18 0.00000E+00 0.00000E+00 0.00000E+00 0.00000E+00 0.00000E+00 0.00000E+00 0.00000E+00 2.39383E-18 3.65332E-18
 1.47435E+02 6.32880E-18 0.00000E+00 0.00000E+00 0.00000E+00 0.00000E+00 0.00000E+00 0.00000E+00 0.00000E+00 2.41711E-18 3.68420E-18
 1.50000E+02 6.36886E-18 0.00000E+00 0.00000E+00 0.00000E+00 0.00000E+00 0.00000E+00 0.00000E+00 0.00000E+00 2.43621E-18 3.70869E-18
 1.52918E+02 6.40057E-18 0.00000E+00 0.00000E+00 0.00000E+00 0.00000E+00 0.00000E+00 0.00000E+00 0.00000E+00 2.45236E-18 3.72817E-18
 1.55893E+02 6.41811E-18 0.00000E+00 0.00000E+00 0.00000E+00 0.00000E+00 0.00000E+00 0.00000E+00 0.00000E+00 2.46287E-18 3.73912E-18
 1.58926E+02 6.42136E-18 0.00000E+00 0.00000E+00 0.00000E+00 0.00000E+00 0.00000E+00 0.00000E+00 0.00000E+00 2.46764E-18 3.74150E-18
 1.62019E+02 6.41050E-18 0.00000E+00 0.00000E+00 0.00000E+00 0.00000E+00 0.00000E+00 0.00000E+00 0.00000E+00 2.46672E-18 3.73544E-18
 1.65171E+02 6.38599E-18 0.00000E+00 0.00000E+00 0.00000E+00 0.00000E+00 0.00000E+00 0.00000E+00 0.00000E+00 2.46028E-18 3.72124E-18
 1.68384E+02 6.34861E-18 0.00000E+00 0.00000E+00 0.00000E+00 0.00000E+00 0.00000E+00 0.00000E+00 0.00000E+00 2.44858E-18 3.69938E-18
 1.71660E+02 6.29931E-18 0.00000E+00 0.00000E+00 0.00000E+00 0.00000E+00 0.00000E+00 0.00000E+00 0.00000E+00 2.43201E-18 3.67047E-18
 1.75000E+02 6.23925E-18 0.00000E+00 0.00000E+00 0.00000E+00 0.00000E+00 0.00000E+00 0.00000E+00 0.00000E+00 2.41102E-18 3.63519E-18
 1.78400E+02 6.16975E-18 0.00000E+00 0.00000E+00 0.00000E+00 0.00000E+00 0.00000E+00 0.00000E+00 0.00000E+00 2.38611E-18 3.59435E-18
 1.81865E+02 6.09198E-18 0.00000E+00 0.00000E+00 0.00000E+00 0.00000E+00 0.00000E+00 0.00000E+00 0.00000E+00 2.35777E-18 3.54863E-18
 1.85398E+02 6.00714E-18 0.00000E+00 0.00000E+00 0.00000E+00 0.00000E+00 0.00000E+00 0.00000E+00 0.00000E+00 2.32648E-18 3.49876E-18
 1.89000E+02 5.91633E-18 0.00000E+00 0.00000E+00 0.00000E+00 0.00000E+00 0.00000E+00 0.00000E+00 0.00000E+00 2.29269E-18 3.44538E-18
 1.89000E+02 6.15798E-18 0.00000E+00 0.00000E+00 0.00000E+00 0.00000E+00 0.00000E+00 0.00000E+00 2.41646E-19 2.29269E-18 3.44538E-18
 1.89122E+02 6.15842E-18 0.00000E+00 0.00000E+00 0.00000E+00 0.00000E+00 0.00000E+00 0.00000E+00 2.45233E-19 2.29151E-18 3.44353E-18
 1.89245E+02 6.15886E-18 0.00000E+00 0.00000E+00 0.00000E+00 0.00000E+00 0.00000E+00 0.00000E+00 2.48834E-19 2.29033E-18 3.44167E-18
 1.89490E+02 6.15982E-18 0.00000E+00 0.00000E+00 0.00000E+00 0.00000E+00 0.00000E+00 0.00000E+00 2.56119E-19 2.28797E-18 3.43795E-18
 1.89982E+02 6.16201E-18 0.00000E+00 0.00000E+00 0.00000E+00 0.00000E+00 0.00000E+00 0.00000E+00 2.71033E-19 2.28321E-18 3.43048E-18
 1.90969E+02 6.16576E-18 0.00000E+00 0.00000E+00 0.00000E+00 0.00000E+00 0.00000E+00 0.00000E+00 3.00483E-19 2.27359E-18 3.41537E-18
 1.92959E+02 6.16281E-18 0.00000E+00 0.00000E+00 0.00000E+00 0.00000E+00 0.00000E+00 0.00000E+00 3.49883E-19 2.25393E-18 3.38460E-18
 1.94969E+02 6.14002E-18 0.00000E+00 0.00000E+00 0.00000E+00 0.00000E+00 0.00000E+00 0.00000E+00 3.80635E-19 2.23378E-18 3.35313E-18
 1.97000E+02 6.10104E-18 0.00000E+00 0.00000E+00 0.00000E+00 0.00000E+00 0.00000E+00 0.00000E+00 3.96286E-19 2.21316E-18 3.32103E-18
 1.97000E+02 6.20476E-18 0.00000E+00 0.00000E+00 0.00000E+00 0.00000E+00 0.00000E+00 1.03719E-19 3.96286E-19 2.21316E-18 3.32103E-18
 1.97186E+02 6.20288E-18 0.00000E+00 0.00000E+00 0.00000E+00 0.00000E+00 0.00000E+00 1.05961E-19 3.97196E-19 2.21126E-18 3.31807E-18
 1.97373E+02 6.20094E-18 0.00000E+00 0.00000E+00 0.00000E+00 0.00000E+00 0.00000E+00 1.08207E-19 3.98041E-19 2.20936E-18 3.31511E-18
 1.97746E+02 6.19687E-18 0.00000E+00 0.00000E+00 0.00000E+00 0.00000E+00 0.00000E+00 1.12724E-19 3.99550E-19 2.20554E-18 3.30918E-18
 1.98494E+02 6.18813E-18 0.00000E+00 0.00000E+00 0.00000E+00 0.00000E+00 0.00000E+00 1.21875E-19 4.01948E-19 2.19786E-18 3.29725E-18
 2.00000E+02 6.16716E-18 0.00000E+00 0.00000E+00 0.00000E+00 0.00000E+00 0.00000E+00 1.38846E-19 4.04956E-19 2.18236E-18 3.27319E-18
 2.02397E+02 6.12240E-18 0.00000E+00 0.00000E+00 0.00000E+00 0.00000E+00 0.00000E+00 1.57416E-19 4.07105E-19 2.15751E-18 3.23470E-18
 2.04823E+02 6.06599E-18 0.00000E+00 0.00000E+00 0.00000E+00 0.00000E+00 0.00000E+00 1.66462E-19 4.08186E-19 2.13222E-18 3.19559E-18
 2.09762E+02 5.93816E-18 0.00000E+00 0.00000E+00 0.00000E+00 0.00000E+00 0.00000E+00 1.71888E-19 4.10856E-19 2.08041E-18 3.11568E-18
 2.20000E+02 5.67239E-18 0.00000E+00 0.00000E+00 0.00000E+00 0.00000E+00 0.00000E+00 1.76174E-19 4.22812E-19 1.97245E-18 2.94981E-18
 2.27144E+02 5.49275E-18 0.00000E+00 0.00000E+00 0.00000E+00 0.00000E+00 0.00000E+00 1.81027E-19 4.34291E-19 1.89710E-18 2.83450E-18
 2.34521E+02 5.30995E-18 0.00000E+00 0.00000E+00 0.00000E+00 0.00000E+00 0.00000E+00 1.87150E-19 4.46246E-19 1.81963E-18 2.71627E-18
 2.42137E+02 5.12203E-18 0.00000E+00 0.00000E+00 0.00000E+00 0.00000E+00 0.00000E+00 1.93613E-19 4.56872E-19 1.74033E-18 2.59561E-18
 2.50000E+02 4.92822E-18 0.00000E+00 0.00000E+00 0.00000E+00 0.00000E+00 0.00000E+00 1.99547E-19 4.65032E-19 1.65970E-18 2.47327E-18
 2.55930E+02 4.78266E-18 0.00000E+00 0.00000E+00 0.00000E+00 0.00000E+00 0.00000E+00 2.03211E-19 4.69202E-19 1.60008E-18 2.38303E-18
 2.62000E+02 4.63501E-18 0.00000E+00 0.00000E+00 0.00000E+00 0.00000E+00 0.00000E+00 2.06173E-19 4.71908E-19 1.54040E-18 2.29287E-18
 2.62000E+02 4.81276E-18 0.00000E+00 0.00000E+00 0.00000E+00 0.00000E+00 1.77749E-19 2.06173E-19 4.71908E-19 1.54040E-18 2.29287E-18
 2.62139E+02 4.80983E-18 0.00000E+00 0.00000E+00 0.00000E+00 0.00000E+00 1.78172E-19 2.06231E-19 4.71954E-19 1.53905E-18 2.29084E-18
 2.62277E+02 4.80690E-18 0.00000E+00 0.00000E+00 0.00000E+00 0.00000E+00 1.78592E-19 2.06289E-19 4.71999E-19 1.53771E-18 2.28881E-18
 2.62555E+02 4.80102E-18 0.00000E+00 0.00000E+00 0.00000E+00 0.00000E+00 1.79413E-19 2.06405E-19 4.72087E-19 1.53502E-18 2.28475E-18
 2.63111E+02 4.78912E-18 0.00000E+00 0.00000E+00 0.00000E+00 0.00000E+00 1.80916E-19 2.06631E-19 4.72255E-19 1.52964E-18 2.27664E-18
 2.64227E+02 4.76482E-18 0.00000E+00 0.00000E+00 0.00000E+00 0.00000E+00 1.83462E-19 2.07067E-19 4.72562E-19 1.51889E-18 2.26042E-18
 2.66473E+02 4.71500E-18 0.00000E+00 0.00000E+00 0.00000E+00 0.00000E+00 1.87379E-19 2.07872E-19 4.73060E-19 1.49744E-18 2.22807E-18
 2.71023E+02 4.61285E-18 0.00000E+00 0.00000E+00 0.00000E+00 0.00000E+00 1.92782E-19 2.09230E-19 4.73639E-19 1.45473E-18 2.16373E-18
 2.80357E+02 4.40498E-18 0.00000E+00 0.00000E+00 0.00000E+00 0.00000E+00 1.98954E-19 2.11072E-19 4.73420E-19 1.37052E-18 2.03709E-18
 2.90012E+02 4.19570E-18 0.00000E+00 0.00000E+00 0.00000E+00 0.00000E+00 2.00096E-19 2.12009E-19 4.71803E-19 1.28855E-18 1.91402E-18
 3.00000E+02 3.98770E-18 0.00000E+00 0.00000E+00 0.00000E+00 0.00000E+00 1.97009E-19 2.12277E-19 4.69075E-19 1.20937E-18 1.79533E-18
 3.11787E+02 3.75576E-18 0.00000E+00 0.00000E+00 0.00000E+00 0.00000E+00 1.90578E-19 2.11893E-19 4.64633E-19 1.12303E-18 1.66607E-18
 3.24037E+02 3.53164E-18 0.00000E+00 0.00000E+00 0.00000E+00 0.00000E+00 1.83698E-19 2.10735E-19 4.58562E-19 1.04086E-18 1.54318E-18
 3.36768E+02 3.31540E-18 0.00000E+00 0.00000E+00 0.00000E+00 0.00000E+00 1.76985E-19 2.08681E-19 4.50649E-19 9.62778E-19 1.42649E-18
 3.50000E+02 3.10666E-18 0.00000E+00 0.00000E+00 0.00000E+00 0.00000E+00 1.70540E-19 2.05645E-19 4.40867E-19 8.88627E-19 1.31579E-18
 3.61881E+02 2.93202E-18 0.00000E+00 0.00000E+00 0.00000E+00 0.00000E+00 1.65264E-19 2.02247E-19 4.31063E-19 8.27498E-19 1.22462E-18
 3.74166E+02 2.76348E-18 0.00000E+00 0.00000E+00 0.00000E+00 0.00000E+00 1.60264E-19 1.98239E-19 4.20303E-19 7.69248E-19 1.13783E-18
 3.86867E+02 2.60127E-18 0.00000E+00 0.00000E+00 0.00000E+00 0.00000E+00 1.55217E-19 1.93763E-19 4.08886E-19 7.13927E-19 1.05548E-18
 4.00000E+02 2.44571E-18 0.00000E+00 0.00000E+00 0.00000E+00 0.00000E+00 1.49873E-19 1.88960E-19 3.97060E-19 6.61607E-19 9.77671E-19
 4.24264E+02 2.18891E-18 0.00000E+00 0.00000E+00 0.00000E+00 0.00000E+00 1.40163E-19 1.79996E-19 3.75633E-19 5.76753E-19 8.51628E-19
 4.50000E+02 1.95490E-18 0.00000E+00 0.00000E+00 0.00000E+00 0.00000E+00 1.30632E-19 1.70562E-19 3.53606E-19 5.01223E-19 7.39563E-19
 4.74342E+02 1.76363E-18 0.00000E+00 0.00000E+00 0.00000E+00 0.00000E+00 1.22566E-19 1.61717E-19 3.33354E-19 4.40981E-19 6.50248E-19
 5.00000E+02 1.58779E-18 0.00000E+00 0.00000E+00 0.00000E+00 0.00000E+00 1.14874E-19 1.52537E-19 3.12767E-19 3.86941E-19 5.70180E-19
 5.24404E+02 1.44118E-18 0.00000E+00 0.00000E+00 0.00000E+00 0.00000E+00 1.08108E-19 1.44106E-19 2.94216E-19 3.42899E-19 5.04973E-19
 5.50000E+02 1.30607E-18 0.00000E+00 0.00000E+00 0.00000E+00 0.00000E+00 1.01486E-19 1.35742E-19 2.76069E-19 3.03135E-19 4.46150E-19
 6.00000E+02 1.08808E-18 0.00000E+00 0.00000E+00 0.00000E+00 0.00000E+00 9.00232E-20 1.20969E-19 2.44414E-19 2.40792E-19 3.54040E-19
 6.48074E+02 9.23020E-19 0.00000E+00 0.00000E+00 0.00000E+00 0.00000E+00 8.07728E-20 1.08443E-19 2.17878E-19 1.95451E-19 2.87129E-19
 7.00000E+02 7.80561E-19 0.00000E+00 0.00000E+00 0.00000E+00 0.00000E+00 7.22588E-20 9.65059E-20 1.92905E-19 1.57875E-19 2.31725E-19
 7.48331E+02 6.73504E-19 0.00000E+00 0.00000E+00 0.00000E+00 0.00000E+00 6.53922E-20 8.68355E-20 1.72879E-19 1.30662E-19 1.91634E-19
 8.00000E+02 5.80244E-19 0.00000E+00 0.00000E+00 0.00000E+00 0.00000E+00 5.90580E-20 7.78494E-20 1.54387E-19 1.07787E-19 1.57963E-19
 8.48528E+02 5.08105E-19 0.00000E+00 0.00000E+00 0.00000E+00 0.00000E+00 5.39174E-20 7.04441E-20 1.39233E-19 9.07422E-20 1.32898E-19
 9.00000E+02 4.44311E-19 0.00000E+00 0.00000E+00 0.00000E+00 0.00000E+00 4.91604E-20 6.35188E-20 1.25150E-19 7.62033E-20 1.11534E-19
 1.00000E+03 3.48452E-19 0.00000E+00 0.00000E+00 0.00000E+00 0.00000E+00 4.14869E-20 5.24216E-20 1.02747E-19 5.54020E-20 8.09917E-20
 1.10000E+03 2.78945E-19 0.00000E+00 0.00000E+00 0.00000E+00 0.00000E+00 3.54693E-20 4.37312E-20 8.53206E-20 4.12868E-20 6.02895E-20
 1.17260E+03 2.39879E-19 0.00000E+00 0.00000E+00 0.00000E+00 0.00000E+00 3.18641E-20 3.85640E-20 7.50196E-20 3.37855E-20 4.93002E-20
 1.25000E+03 2.06051E-19 0.00000E+00 0.00000E+00 0.00000E+00 0.00000E+00 2.85764E-20 3.39137E-20 6.57869E-20 2.75718E-20 4.02040E-20
 1.40000E+03 1.56957E-19 0.00000E+00 0.00000E+00 0.00000E+00 0.00000E+00 2.34917E-20 2.68001E-20 5.17347E-20 1.91273E-20 2.78521E-20
 1.50000E+03 1.32763E-19 0.00000E+00 0.00000E+00 0.00000E+00 0.00000E+00 2.08025E-20 2.31201E-20 4.45048E-20 1.52503E-20 2.21880E-20
 1.55600E+03 1.21404E-19 0.00000E+00 0.00000E+00 0.00000E+00 0.00000E+00 1.94866E-20 2.13490E-20 4.10338E-20 1.35047E-20 1.96397E-20
 1.55600E+03 2.78365E-19 0.00000E+00 0.00000E+00 0.00000E+00 1.56962E-19 1.94866E-20 2.13490E-20 4.10338E-20 1.35047E-20 1.96397E-20
 1.55742E+03 3.61142E-19 0.00000E+00 0.00000E+00 0.00000E+00 2.40008E-19 1.94549E-20 2.13065E-20 4.09507E-20 1.34639E-20 1.95802E-20
 1.55884E+03 4.33718E-19 0.00000E+00 0.00000E+00 0.00000E+00 3.12854E-19 1.94232E-20 2.12641E-20 4.08677E-20 1.34232E-20 1.95208E-20
 1.56026E+03 4.85193E-19 0.00000E+00 0.00000E+00 0.00000E+00 3.64597E-19 1.93916E-20 2.12218E-20 4.07849E-20 1.33826E-20 1.94615E-20
 1.56168E+03 5.14966E-19 0.00000E+00 0.00000E+00 0.00000E+00 3.94639E-19 1.93600E-20 2.11796E-20 4.07022E-20 1.33421E-20 1.94025E-20
 1.56310E+03 5.28278E-19 0.00000E+00 0.00000E+00 0.00000E+00 4.08218E-19 1.93285E-20 2.11375E-20 4.06197E-20 1.33018E-20 1.93436E-20
 1.56452E+03 5.31189E-19 0.00000E+00 0.00000E+00 0.00000E+00 4.11396E-19 1.92971E-20 2.10954E-20 4.05373E-20 1.32616E-20 1.92849E-20
 1.56595E+03 5.28350E-19 0.00000E+00 0.00000E+00 0.00000E+00 4.08823E-19 1.92656E-20 2.10534E-20 4.04551E-20 1.32215E-20 1.92264E-20
 1.56737E+03 5.22748E-19 0.00000E+00 0.00000E+00 0.00000E+00 4.03487E-19 1.92342E-20 2.10114E-20 4.03730E-20 1.31815E-20 1.91680E-20
 1.57023E+03 5.09459E-19 0.00000E+00 0.00000E+00 0.00000E+00 3.90728E-19 1.91716E-20 2.09278E-20 4.02092E-20 1.31019E-20 1.90518E-20
 1.57166E+03 5.03188E-19 0.00000E+00 0.00000E+00 0.00000E+00 3.84721E-19 1.91404E-20 2.08860E-20 4.01276E-20 1.30622E-20 1.89940E-20
 1.57309E+03 4.97566E-19 0.00000E+00 0.00000E+00 0.00000E+00 3.79363E-19 1.91092E-20 2.08444E-20 4.00461E-20 1.30227E-20 1.89363E-20
 1.57453E+03 4.92655E-19 0.00000E+00 0.00000E+00 0.00000E+00 3.74714E-19 1.90781E-20 2.08028E-20 3.99647E-20 1.29833E-20 1.88788E-20
 1.57596E+03 4.88455E-19 0.00000E+00 0.00000E+00 0.00000E+00 3.70776E-19 1.90470E-20 2.07613E-20 3.98835E-20 1.29440E-20 1.88215E-20
 1.57740E+03 4.84924E-19 0.00000E+00 0.00000E+00 0.00000E+00 3.67508E-19 1.90159E-20 2.07199E-20 3.98024E-20 1.29048E-20 1.87643E-20
 1.57883E+03 4.82004E-19 0.00000E+00 0.00000E+00 0.00000E+00 3.64848E-19 1.89849E-20 2.06785E-20 3.97215E-20 1.28658E-20 1.87073E-20
 1.58171E+03 4.77730E-19 0.00000E+00 0.00000E+00 0.00000E+00 3.61095E-19 1.89231E-20 2.05960E-20 3.95600E-20 1.27880E-20 1.85938E-20
 1.58459E+03 4.75119E-19 0.00000E+00 0.00000E+00 0.00000E+00 3.59002E-19 1.88614E-20 2.05138E-20 3.93991E-20 1.27107E-20 1.84809E-20
 1.58748E+03 4.73715E-19 0.00000E+00 0.00000E+00 0.00000E+00 3.58115E-19 1.87999E-20 2.04318E-20 3.92388E-20 1.26338E-20 1.83688E-20
 1.59037E+03 4.73144E-19 0.00000E+00 0.00000E+00 0.00000E+00 3.58058E-19 1.87386E-20 2.03502E-20 3.90791E-20 1.25574E-20 1.82572E-20
 1.59618E+03 4.73259E-19 0.00000E+00 0.00000E+00 0.00000E+00 3.59194E-19 1.86165E-20 2.01877E-20 3.87613E-20 1.24058E-20 1.80361E-20
 1.60200E+03 4.73860E-19 0.00000E+00 0.00000E+00 0.00000E+00 3.60808E-19 1.84952E-20 2.00264E-20 3.84457E-20 1.22561E-20 1.78176E-20
 1.60200E+03 5.49759E-19 0.00000E+00 0.00000E+00 7.58990E-20 3.60808E-19 1.84952E-20 2.00263E-20 3.84457E-20 1.22560E-20 1.78176E-20
 1.60311E+03 5.81561E-19 0.00000E+00 0.00000E+00 1.07633E-19 3.61066E-19 1.84723E-20 1.99959E-20 3.83862E-20 1.22279E-20 1.77765E-20
 1.60421E+03 6.11239E-19 0.00000E+00 0.00000E+00 1.37277E-19 3.61291E-19 1.84494E-20 1.99655E-20 3.83267E-20 1.21997E-20 1.77354E-20
 1.60532E+03 6.35383E-19 0.00000E+00 0.00000E+00 1.61421E-19 3.61481E-19 1.84266E-20 1.99351E-20 3.82673E-20 1.21717E-20 1.76945E-20
 1.60643E+03 6.52657E-19 0.00000E+00 0.00000E+00 1.78732E-19 3.61634E-19 1.84037E-20 1.99047E-20 3.82079E-20 1.21436E-20 1.76536E-20
 1.60754E+03 6.63502E-19 0.00000E+00 0.00000E+00 1.89651E-19 3.61751E-19 1.83809E-20 1.98744E-20 3.81487E-20 1.21157E-20 1.76128E-20
 1.60865E+03 6.69258E-19 0.00000E+00 0.00000E+00 1.95519E-19 3.61828E-19 1.83582E-20 1.98442E-20 3.80895E-20 1.20878E-20 1.75721E-20
 1.60976E+03 6.71419E-19 0.00000E+00 0.00000E+00 1.97830E-19 3.61867E-19 1.83354E-20 1.98139E-20 3.80304E-20 1.20600E-20 1.75315E-20
 1.61087E+03 6.71242E-19 0.00000E+00 0.00000E+00 1.97843E-19 3.61866E-19 1.83127E-20 1.97837E-20 3.79714E-20 1.20322E-20 1.74910E-20
 1.61198E+03 6.69656E-19 0.00000E+00 0.00000E+00 1.96485E-19 3.61826E-19 1.82900E-20 1.97536E-20 3.79125E-20 1.20045E-20 1.74506E-20
 1.61310E+03 6.67292E-19 0.00000E+00 0.00000E+00 1.94389E-19 3.61746E-19 1.82673E-20 1.97235E-20 3.78536E-20 1.19769E-20 1.74103E-20
 1.61533E+03 6.61703E-19 0.00000E+00 0.00000E+00 1.89455E-19 3.61468E-19 1.82220E-20 1.96634E-20 3.77361E-20 1.19217E-20 1.73299E-20
 1.61979E+03 6.51291E-19 0.00000E+00 0.00000E+00 1.80800E-19 3.60458E-19 1.81318E-20 1.95436E-20 3.75021E-20 1.18122E-20 1.71701E-20
 1.62203E+03 6.47139E-19 0.00000E+00 0.00000E+00 1.77726E-19 3.59752E-19 1.80869E-20 1.94840E-20 3.73855E-20 1.17578E-20 1.70907E-20
 1.62427E+03 6.43671E-19 0.00000E+00 0.00000E+00 1.75450E-19 3.58931E-19 1.80420E-20 1.94245E-20 3.72692E-20 1.17037E-20 1.70117E-20
 1.62876E+03 6.38374E-19 0.00000E+00 0.00000E+00 1.72809E-19 3.57013E-19 1.79526E-20 1.93060E-20 3.70377E-20 1.15961E-20 1.68547E-20
 1.63327E+03 6.34578E-19 0.00000E+00 0.00000E+00 1.71932E-19 3.54827E-19 1.78637E-20 1.91880E-20 3.68073E-20 1.14894E-20 1.66990E-20
 1.63778E+03 6.31633E-19 0.00000E+00 0.00000E+00 1.72061E-19 3.52482E-19 1.77751E-20 1.90707E-20 3.65781E-20 1.13836E-20 1.65448E-20
 1.65597E+03 6.21485E-19 0.00000E+00 0.00000E+00 1.74094E-19 3.43168E-19 1.74250E-20 1.86075E-20 3.56736E-20 1.09697E-20 1.59410E-20
 1.66514E+03 6.15446E-19 0.00000E+00 0.00000E+00 1.73606E-19 3.39023E-19 1.72524E-20 1.83795E-20 3.52286E-20 1.07682E-20 1.56470E-20
 1.67437E+03 6.08626E-19 0.00000E+00 0.00000E+00 1.72048E-19 3.35149E-19 1.70814E-20 1.81539E-20 3.47884E-20 1.05701E-20 1.53582E-20
 1.71177E+03 5.79332E-19 0.00000E+00 0.00000E+00 1.63590E-19 3.19686E-19 1.64130E-20 1.72753E-20 3.30755E-20 9.81224E-21 1.42529E-20
 1.73078E+03 5.64456E-19 0.00000E+00 0.00000E+00 1.60071E-19 3.10912E-19 1.60878E-20 1.68501E-20 3.22473E-20 9.45285E-21 1.37289E-20
 1.75000E+03 5.49308E-19 0.00000E+00 0.00000E+00 1.56449E-19 3.01902E-19 1.57684E-20 1.64342E-20 3.14376E-20 9.10572E-21 1.32228E-20
 1.78700E+03 5.20878E-19 0.00000E+00 0.00000E+00 1.48567E-19 2.85947E-19 1.51783E-20 1.56713E-20 2.99534E-20 8.47997E-21 1.23107E-20
 1.78700E+03 5.82920E-19 0.00000E+00 6.20425E-20 1.48567E-19 2.85947E-19 1.51783E-20 1.56713E-20 2.99533E-20 8.47997E-21 1.23107E-20
 1.78857E+03 5.83462E-19 0.00000E+00 6.37552E-20 1.48224E-19 2.85307E-19 1.51540E-20 1.56399E-20 2.98923E-20 8.45455E-21 1.22737E-20
 1.79015E+03 5.83618E-19 0.00000E+00 6.50790E-20 1.47882E-19 2.84670E-19 1.51296E-20 1.56086E-20 2.98314E-20 8.42921E-21 1.22367E-20
 1.79330E+03 5.83255E-19 0.00000E+00 6.70441E-20 1.47198E-19 2.83399E-19 1.50810E-20 1.55461E-20 2.97100E-20 8.37874E-21 1.21632E-20
 1.79962E+03 5.81325E-19 0.00000E+00 6.97412E-20 1.45839E-19 2.80876E-19 1.49842E-20 1.54218E-20 2.94684E-20 8.27864E-21 1.20173E-20
 1.80597E+03 5.78585E-19 0.00000E+00 7.15838E-20 1.44498E-19 2.78372E-19 1.48880E-20 1.52984E-20 2.92285E-20 8.17968E-21 1.18731E-20
 1.81233E+03 5.75146E-19 0.00000E+00 7.26842E-20 1.43181E-19 2.75882E-19 1.47922E-20 1.51759E-20 2.89904E-20 8.08185E-21 1.17305E-20
 1.82513E+03 5.66538E-19 0.00000E+00 7.30266E-20 1.40629E-19 2.70928E-19 1.46025E-20 1.49335E-20 2.85194E-20 7.88954E-21 1.14503E-20
 1.83802E+03 5.56732E-19 0.00000E+00 7.20121E-20 1.38168E-19 2.66018E-19 1.44149E-20 1.46945E-20 2.80552E-20 7.70166E-21 1.11766E-20
 1.86408E+03 5.37367E-19 0.00000E+00 6.97931E-20 1.33433E-19 2.56379E-19 1.40461E-20 1.42265E-20 2.71469E-20 7.33890E-21 1.06482E-20
 1.89050E+03 5.19546E-19 0.00000E+00 6.85963E-20 1.28807E-19 2.47059E-19 1.36860E-20 1.37716E-20 2.62643E-20 6.99299E-21 1.01444E-20
 1.94448E+03 4.85161E-19 0.00000E+00 6.59320E-20 1.19772E-19 2.29463E-19 1.29909E-20 1.28995E-20 2.45742E-20 6.34889E-21 9.20669E-21
 2.00000E+03 4.52595E-19 0.00000E+00 6.30100E-20 1.11211E-19 2.13134E-19 1.23284E-20 1.20765E-20 2.29813E-20 5.76264E-21 8.35350E-21
 2.20000E+03 3.57926E-19 0.00000E+00 5.40754E-20 8.68519E-20 1.65666E-19 1.03066E-20 9.62805E-21 1.82549E-20 4.13261E-21 5.98300E-21
 2.34521E+03 3.05256E-19 0.00000E+00 4.86313E-20 7.34052E-20 1.39570E-19 9.12464E-21 8.24439E-21 1.55928E-20 3.29575E-21 4.76711E-21
 2.50000E+03 2.60072E-19 0.00000E+00 4.36739E-20 6.19339E-20 1.17365E-19 8.06958E-21 7.04440E-21 1.32906E-20 2.62631E-21 3.79530E-21
 2.73861E+03 2.06401E-19 0.00000E+00 3.73297E-20 4.83884E-20 9.13151E-20 6.75737E-21 5.60553E-21 1.05395E-20 1.89122E-21 2.72946E-21
 3.00000E+03 1.63347E-19 0.00000E+00 3.17604E-20 3.76377E-20 7.07397E-20 5.64385E-21 4.44051E-21 8.31989E-21 1.35637E-21 1.95479E-21
 3.24037E+03 1.33764E-19 0.00000E+00 2.76106E-20 3.03352E-20 5.68255E-20 4.83617E-21 3.63372E-21 6.78801E-21 1.01964E-21 1.46766E-21
 3.50000E+03 1.09366E-19 0.00000E+00 2.39277E-20 2.43829E-20 4.55229E-20 4.13863E-21 2.96462E-21 5.52192E-21 7.66446E-22 1.10189E-21
 4.00000E+03 7.68908E-20 0.00000E+00 1.85416E-20 1.65998E-20 3.08175E-20 3.14580E-21 2.06928E-21 3.83419E-21 4.63440E-22 6.64817E-22
 4.50000E+03 5.61639E-20 0.00000E+00 1.47022E-20 1.17519E-20 2.17099E-20 2.45909E-21 1.49623E-21 2.75972E-21 2.95453E-22 4.22994E-22
 5.00000E+03 4.23072E-20 0.00000E+00 1.18821E-20 8.58896E-21 1.57969E-20 1.96627E-21 1.11354E-21 2.04517E-21 1.96544E-22 2.80836E-22
 5.50000E+03 3.26867E-20 0.00000E+00 9.75859E-21 6.44515E-21 1.18065E-20 1.60173E-21 8.48703E-22 1.55282E-21 1.35374E-22 1.93090E-22
 6.00000E+03 2.57938E-20 0.00000E+00 8.12596E-21 4.94470E-21 9.02455E-21 1.32527E-21 6.60065E-22 1.20335E-21 9.59959E-23 1.36696E-22
 7.00000E+03 1.69045E-20 0.00000E+00 5.83018E-21 3.07143E-21 5.56849E-21 9.42291E-22 4.19436E-22 7.59743E-22 5.18106E-23 7.35370E-23
 8.00000E+03 1.16898E-20 0.00000E+00 4.33941E-21 2.01982E-21 3.64045E-21 6.97308E-22 2.80924E-22 5.05904E-22 3.01243E-23 4.26293E-23
 9.00000E+03 8.42649E-21 0.00000E+00 3.32527E-21 1.38884E-21 2.48988E-21 5.32290E-22 1.96066E-22 3.51219E-22 1.85616E-23 2.61912E-23
 1.00000E+04 6.27823E-21 0.00000E+00 2.60923E-21 9.89757E-22 1.76564E-21 4.16560E-22 1.41462E-22 2.52179E-22 1.19829E-23 1.68614E-23
 1.10000E+04 4.80524E-21 0.00000E+00 2.08792E-21 7.26351E-22 1.28984E-21 3.32721E-22 1.04909E-22 1.86166E-22 8.03816E-24 1.12806E-23
 1.25000E+04 3.35168E-21 0.00000E+00 1.54049E-21 4.77615E-22 8.42850E-22 2.45049E-22 6.98830E-23 1.23230E-22 4.68336E-24 6.54832E-24
 1.34810E+04 2.70638E-21 0.00000E+00 1.28358E-21 3.71951E-22 6.53834E-22 2.04025E-22 5.48069E-23 9.62722E-23 3.39471E-24 4.73573E-24
 1.34810E+04 1.66702E-20 1.39638E-20 1.28358E-21 3.71950E-22 6.53834E-22 2.04025E-22 5.48068E-23 9.62721E-23 3.39471E-24 4.73573E-24
 1.34890E+04 1.80180E-20 1.53162E-20 1.28175E-21 3.71223E-22 6.52535E-22 2.03732E-22 5.47026E-23 9.60861E-23 3.38618E-24 4.72374E-24
 1.34969E+04 1.87618E-20 1.60645E-20 1.27991E-21 3.70497E-22 6.51238E-22 2.03440E-22 5.45985E-23 9.59003E-23 3.37767E-24 4.71178E-24
 1.35049E+04 1.92317E-20 1.65389E-20 1.27808E-21 3.69773E-22 6.49945E-22 2.03147E-22 5.44946E-23 9.57149E-23 3.36918E-24 4.69985E-24
 1.35129E+04 1.94553E-20 1.67669E-20 1.27625E-21 3.69049E-22 6.48653E-22 2.02855E-22 5.43909E-23 9.55299E-23 3.36071E-24 4.68795E-24
 1.35208E+04 1.94957E-20 1.68119E-20 1.27442E-21 3.68328E-22 6.47365E-22 2.02564E-22 5.42874E-23 9.53452E-23 3.35226E-24 4.67608E-24
 1.35288E+04 1.94327E-20 1.67533E-20 1.27260E-21 3.67607E-22 6.46078E-22 2.02273E-22 5.41841E-23 9.51608E-23 3.34384E-24 4.66424E-24
 1.35448E+04 1.92379E-20 1.65675E-20 1.26896E-21 3.66171E-22 6.43514E-22 2.01692E-22 5.39781E-23 9.47932E-23 3.32705E-24 4.64065E-24
 1.35528E+04 1.91648E-20 1.64988E-20 1.26714E-21 3.65455E-22 6.42235E-22 2.01402E-22 5.38753E-23 9.46099E-23 3.31869E-24 4.62891E-24
 1.35608E+04 1.91226E-20 1.64611E-20 1.26533E-21 3.64740E-22 6.40959E-22 2.01113E-22 5.37728E-23 9.44270E-23 3.31035E-24 4.61719E-24
 1.35768E+04 1.91036E-20 1.64510E-20 1.26170E-21 3.63315E-22 6.38415E-22 2.00535E-22 5.35683E-23 9.40622E-23 3.29373E-24 4.59385E-24
 1.35929E+04 1.91105E-20 1.64667E-20 1.25809E-21 3.61895E-22 6.35881E-22 1.99959E-22 5.33646E-23 9.36987E-23 3.27720E-24 4.57062E-24
 1.36089E+04 1.90957E-20 1.64608E-20 1.25449E-21 3.60481E-22 6.33356E-22 1.99385E-22 5.31617E-23 9.33367E-23 3.26075E-24 4.54751E-24
 1.36250E+04 1.90477E-20 1.64215E-20 1.25090E-21 3.59072E-22 6.30842E-22 1.98812E-22 5.29595E-23 9.29760E-23 3.24439E-24 4.52452E-24
 1.36411E+04 1.89712E-20 1.63538E-20 1.24732E-21 3.57669E-22 6.28337E-22 1.98241E-22 5.27581E-23 9.26167E-23 3.22811E-24 4.50165E-24
 1.36733E+04 1.88243E-20 1.62244E-20 1.24018E-21 3.54879E-22 6.23358E-22 1.97103E-22 5.23575E-23 9.19023E-23 3.19580E-24 4.45626E-24
 1.37380E+04 1.86106E-20 1.60452E-20 1.22603E-21 3.49363E-22 6.13517E-22 1.94846E-22 5.15652E-23 9.04895E-23 3.13214E-24 4.36686E-24
 1.40000E+04 1.76989E-20 1.52672E-20 1.17094E-21 3.28130E-22 5.75655E-22 1.86063E-22 4.85116E-23 8.50471E-23 2.88994E-24 4.02673E-24
 1.50000E+04 1.48136E-20 1.28146E-20 9.88754E-22 2.60654E-22 4.55600E-22 1.57042E-22 3.87639E-23 6.77099E-23 2.15090E-24 2.98986E-24
 1.62019E+04 1.21012E-20 1.04974E-20 8.16639E-22 2.01006E-22 3.49859E-22 1.29658E-22 3.00848E-23 5.23266E-23 1.54041E-24 2.13551E-24
 1.75000E+04 9.87289E-21 8.58500E-21 6.73782E-22 1.55135E-22 2.68882E-22 1.06957E-22 2.33552E-23 4.04484E-23 1.10745E-24 1.53153E-24
 1.87083E+04 8.26173E-21 7.19798E-21 5.69277E-22 1.23681E-22 2.13551E-22 9.03612E-23 1.87109E-23 3.22803E-23 8.29733E-25 1.14472E-24
 2.00000E+04 6.90620E-21 6.02790E-21 4.80355E-22 9.85123E-23 1.69424E-22 7.62495E-23 1.49728E-23 2.57293E-23 6.21074E-25 8.54573E-25
 2.20000E+04 5.33490E-21 4.66730E-21 3.76015E-22 7.10643E-23 1.21504E-22 5.96978E-23 1.08692E-23 1.85685E-23 4.10232E-25 5.62412E-25
 2.50000E+04 3.75852E-21 3.29709E-21 2.69573E-22 4.57106E-23 7.75293E-23 4.28202E-23 7.04715E-24 1.19410E-23 2.34660E-25 3.20088E-25
 3.00000E+04 2.26369E-21 1.99202E-21 1.66322E-22 2.42286E-23 4.05853E-23 2.64488E-23 3.77326E-24 6.31433E-24 1.05387E-25 1.42586E-25
 3.24037E+04 1.82243E-21 1.60550E-21 1.35220E-22 1.84939E-23 3.08084E-23 2.15154E-23 2.89147E-24 4.81189E-24 7.50763E-26 1.01208E-25
 3.50000E+04 1.46527E-21 1.29215E-21 1.09769E-22 1.41004E-23 2.33571E-23 1.74765E-23 2.21298E-24 3.66163E-24 5.33812E-26 7.16936E-26
 4.00000E+04 1.00100E-21 8.84046E-22 7.61954E-23 8.79844E-24 1.44229E-23 1.21451E-23 1.38900E-24 2.27445E-24 2.95591E-26 3.94347E-26
 4.50000E+04 7.13117E-22 6.30494E-22 5.50120E-23 5.79350E-24 9.40618E-24 8.77777E-24 9.18986E-25 1.49027E-24 1.75419E-26 2.32538E-26
 5.00000E+04 5.25361E-22 4.64882E-22 4.09907E-23 3.98232E-24 6.40733E-24 6.54674E-24 6.34165E-25 1.01907E-24 1.09967E-26 1.44890E-26
 5.50000E+04 3.97824E-22 3.52258E-22 3.13445E-23 2.83538E-24 4.52274E-24 5.01041E-24 4.52943E-25 7.21641E-25 7.21121E-27 9.44948E-27
 6.00000E+04 3.08237E-22 2.73074E-22 2.44932E-23 2.07833E-24 3.28872E-24 3.91825E-24 3.32933E-25 5.26151E-25 4.90687E-27 6.39743E-27
 7.00000E+04 1.95605E-22 1.73423E-22 1.57641E-23 1.19847E-24 1.86806E-24 2.52520E-24 1.92826E-25 3.00176E-25 2.48794E-27 3.21238E-27
 8.00000E+04 1.31591E-22 1.16729E-22 1.07248E-23 7.44033E-25 1.14412E-24 1.71989E-24 1.20128E-25 1.84456E-25 1.38537E-27 1.77412E-27
 9.00000E+04 9.26151E-23 8.21860E-23 7.61787E-24 4.89059E-25 7.42576E-25 1.22279E-24 7.91693E-26 1.20043E-25 8.28990E-28 1.05390E-27
 1.00000E+05 6.75767E-23 5.99833E-23 5.60099E-24 3.36319E-25 5.04848E-25 8.99769E-25 5.45647E-26 8.17845E-26 5.24997E-28 6.63235E-28
 1.10000E+05 5.07819E-23 4.50849E-23 4.23623E-24 2.39982E-25 3.56389E-25 6.81002E-25 3.90068E-26 5.78432E-26 3.48309E-28 4.37639E-28
 1.25000E+05 3.45980E-23 3.07232E-23 2.90938E-24 1.52961E-25 2.23885E-25 4.68113E-25 2.49189E-26 3.64148E-26 2.01772E-28 2.51747E-28
 1.40000E+05 2.46185E-23 2.18646E-23 2.08370E-24 1.02886E-25 1.48634E-25 3.35509E-25 1.67907E-26 2.42201E-26 1.24994E-28 1.55089E-28
 1.50000E+05 2.00151E-23 1.77774E-23 1.70034E-24 8.09453E-26 1.16014E-25 2.73896E-25 1.32223E-26 1.89222E-26 9.36626E-29 1.15851E-28
 1.62019E+05 1.58728E-23 1.40993E-23 1.35379E-24 6.19187E-26 8.79603E-26 2.18172E-25 1.01251E-26 1.43611E-26 6.78137E-29 8.36270E-29
 1.75000E+05 1.26167E-23 1.12076E-23 1.07997E-24 4.75829E-26 6.70285E-26 1.74118E-25 7.78901E-27 1.09546E-26 4.94684E-29 6.08823E-29
 2.00000E+05 8.47728E-24 7.53105E-24 7.29870E-25 3.02233E-26 4.19747E-26 1.17753E-25 4.95537E-27 6.86957E-27 2.87689E-29 3.53201E-29
 2.20000E+05 6.39407E-24 5.68061E-24 5.52575E-25 2.19516E-26 3.01940E-26 8.91891E-26 3.60248E-27 4.94678E-27 1.96260E-29 2.41016E-29
 2.34521E+05 5.29669E-24 4.70578E-24 4.58811E-25 1.77462E-26 2.42630E-26 7.40757E-26 2.91415E-27 3.97746E-27 1.52312E-29 1.87208E-29
 2.50000E+05 4.39430E-24 3.90413E-24 3.81472E-25 1.43838E-26 1.95591E-26 6.16052E-26 2.36348E-27 3.20769E-27 1.18795E-29 1.46197E-29
 2.73861E+05 3.36768E-24 2.99210E-24 2.93207E-25 1.06698E-26 1.44033E-26 4.73677E-26 1.75453E-27 2.36363E-27 8.33103E-30 1.02867E-29
 2.86633E+05 2.95415E-24 2.62472E-24 2.57544E-25 9.21734E-27 1.24026E-26 4.16130E-26 1.51610E-27 2.03603E-27 7.00151E-30 8.66706E-30
 3.00000E+05 2.59551E-24 2.30610E-24 2.26553E-25 7.98140E-27 1.07092E-26 3.66111E-26 1.31312E-27 1.75868E-27 5.90441E-30 7.33213E-30
 3.24037E+05 2.08536E-24 1.85287E-24 1.82384E-25 6.25631E-27 8.35957E-27 2.94804E-26 1.02983E-27 1.37360E-27 4.42539E-30 5.53250E-30
 3.50000E+05 1.67986E-24 1.49261E-24 1.47184E-25 4.91994E-27 6.55373E-27 2.37959E-26 8.10369E-28 1.07736E-27 3.33269E-30 4.20080E-30
 3.74166E+05 1.39572E-24 1.24017E-24 1.22462E-25 4.00574E-27 5.32665E-27 1.98024E-26 6.60102E-28 8.75899E-28 2.61410E-30 3.32163E-30
 4.00000E+05 1.16320E-24 1.03359E-24 1.02190E-25 3.27432E-27 4.35046E-27 1.65268E-26 5.39754E-28 7.15552E-28 2.06031E-30 2.64142E-30
 4.24264E+05 9.92205E-25 8.81670E-25 8.72550E-26 2.74632E-27 3.64847E-27 1.41132E-26 4.52822E-28 6.00266E-28 1.67417E-30 2.16628E-30
 4.50000E+05 8.48259E-25 7.53782E-25 7.46642E-26 2.30939E-27 3.06973E-27 1.20780E-26 3.80852E-28 5.05205E-28 1.36529E-30 1.78544E-30
 4.74342E+05 7.38552E-25 6.56312E-25 6.50554E-26 1.98148E-27 2.63724E-27 1.05246E-26 3.26830E-28 4.34094E-28 1.14053E-30 1.50728E-30
 5.00000E+05 6.44355E-25 5.72622E-25 5.67953E-26 1.70395E-27 2.27241E-27 9.18897E-27 2.81114E-28 3.74078E-28 9.55160E-31 1.27687E-30
 5.24404E+05 5.70399E-25 5.06916E-25 5.03035E-26 1.48879E-27 1.98997E-27 8.13915E-27 2.45685E-28 3.27647E-28 8.14024E-31 1.10069E-30
 5.50000E+05 5.05815E-25 4.49535E-25 4.46290E-26 1.30328E-27 1.74664E-27 7.22140E-27 2.15125E-28 2.87651E-28 6.95163E-31 9.51332E-31
 5.74456E+05 4.53907E-25 4.03416E-25 4.00645E-26 1.15609E-27 1.55372E-27 6.48311E-27 1.90836E-28 2.55904E-28 6.04017E-31 8.35634E-31
 6.00000E+05 4.07891E-25 3.62532E-25 3.60151E-26 1.02709E-27 1.38478E-27 5.82809E-27 1.69530E-28 2.28079E-28 5.26435E-31 7.36188E-31
 6.23574E+05 3.71372E-25 3.30084E-25 3.27996E-26 9.25568E-28 1.25195E-27 5.30789E-27 1.52782E-28 2.06208E-28 4.66275E-31 6.58564E-31
 6.48074E+05 3.38535E-25 3.00908E-25 2.99067E-26 8.35017E-28 1.13354E-27 4.83986E-27 1.37864E-28 1.86722E-28 4.13256E-31 5.89746E-31
 6.73537E+05 3.09097E-25 2.74753E-25 2.73118E-26 7.54587E-28 1.02839E-27 4.42001E-27 1.24624E-28 1.69421E-28 3.66848E-31 5.29108E-31
 7.00000E+05 2.82630E-25 2.51235E-25 2.49776E-26 6.82988E-28 9.34696E-28 4.04230E-27 1.12831E-28 1.54004E-28 3.26242E-31 4.75688E-31
 7.48331E+05 2.42518E-25 2.15594E-25 2.14380E-26 5.75932E-28 7.94205E-28 3.46953E-27 9.51495E-29 1.30866E-28 2.67076E-31 3.97201E-31
 8.00000E+05 2.08852E-25 1.85679E-25 1.84651E-26 4.87570E-28 6.77847E-28 2.98845E-27 8.05308E-29 1.11688E-28 2.19804E-31 3.33964E-31
 8.48528E+05 1.83575E-25 1.63217E-25 1.62319E-26 4.22024E-28 5.91397E-28 2.62703E-27 6.97177E-29 9.74456E-29 1.85487E-31 2.87895E-31
 9.00000E+05 1.61847E-25 1.43909E-25 1.43115E-26 3.66378E-28 5.17781E-28 2.31621E-27 6.05542E-29 8.53249E-29 1.57067E-31 2.49094E-31
 9.48683E+05 1.44912E-25 1.28859E-25 1.28142E-26 3.23638E-28 4.60892E-28 2.07386E-27 5.34994E-29 7.59581E-29 1.35957E-31 2.19149E-31
 1.00000E+06 1.30040E-25 1.15642E-25 1.14989E-26 2.86636E-28 4.11345E-28 1.86098E-27 4.73768E-29 6.77963E-29 1.18108E-31 1.93250E-31
 1.04881E+06 1.18116E-25 1.05045E-25 1.04441E-26 2.57320E-28 3.71924E-28 1.69025E-27 4.25234E-29 6.12969E-29 1.04014E-31 1.73046E-31
 1.10000E+06 1.07473E-25 9.55846E-26 9.50240E-27 2.31425E-28 3.36961E-28 1.53783E-27 3.82402E-29 5.55310E-29 9.17103E-32 1.55483E-31
 1.17260E+06 9.49183E-26 8.44255E-26 8.39155E-27 2.01211E-28 2.95947E-28 1.35802E-27 3.32549E-29 4.87726E-29 7.79159E-32 1.35198E-31
 1.25000E+06 8.41014E-26 7.48102E-26 7.43438E-27 1.75558E-28 2.60841E-28 1.20308E-27 2.90267E-29 4.29924E-29 6.66764E-32 1.17994E-31
 1.32288E+06 7.57111E-26 6.73514E-26 6.69187E-27 1.55976E-28 2.33794E-28 1.08289E-27 2.57911E-29 3.85382E-29 5.81776E-32 1.04706E-31
 1.40000E+06 6.83097E-26 6.07713E-26 6.03685E-27 1.38971E-28 2.10094E-28 9.76875E-28 2.29762E-29 3.46325E-29 5.08524E-32 9.31847E-32
 1.50000E+06 6.04312E-26 5.37665E-26 5.33963E-27 1.21150E-28 1.85039E-28 8.64022E-28 2.00293E-29 3.05002E-29 4.33418E-32 8.14228E-32
 1.62019E+06 5.28652E-26 4.70390E-26 4.67006E-27 1.04319E-28 1.61128E-28 7.55644E-28 1.72477E-29 2.65577E-29 3.63967E-32 7.02230E-32
 1.75000E+06 4.64311E-26 4.13173E-26 4.10092E-27 9.02096E-29 1.40903E-28 6.63530E-28 1.49170E-29 2.32255E-29 3.07036E-32 6.07256E-32
 1.87083E+06 4.15871E-26 3.70090E-26 3.67281E-27 7.96852E-29 1.25732E-28 5.94247E-28 1.31799E-29 2.07269E-29 2.65622E-32 5.37407E-32
 2.00000E+06 3.73436E-26 3.32351E-26 3.29712E-27 7.07975E-29 1.12565E-28 5.33436E-28 1.17124E-29 1.85574E-29 2.32508E-32 4.78747E-32
 2.09762E+06 3.46422E-26 3.08333E-26 3.05681E-27 6.55291E-29 1.04314E-28 4.94514E-28 1.08404E-29 1.71962E-29 2.14687E-32 4.43305E-32
 2.20000E+06 3.21787E-26 2.86434E-26 2.83715E-27 6.09195E-29 9.68582E-29 4.58925E-28 1.00763E-29 1.59651E-29 2.00026E-32 4.11866E-32
 2.34521E+06 2.91886E-26 2.59849E-26 2.57107E-27 5.52579E-29 8.77947E-29 4.15828E-28 9.13842E-30 1.44692E-29 1.81655E-32 3.73429E-32
 2.50000E+06 2.65212E-26 2.36126E-26 2.33431E-27 5.01211E-29 7.96888E-29 3.77493E-28 8.28825E-30 1.31321E-29 1.64529E-32 3.38775E-32
 2.73861E+06 2.31895E-26 2.06492E-26 2.03884E-27 4.37486E-29 6.95891E-29 3.29658E-28 7.23349E-30 1.14662E-29 1.43459E-32 2.95711E-32
 3.00000E+06 2.03529E-26 1.81258E-26 1.78748E-27 3.83787E-29 6.10186E-29 2.88971E-28 6.34458E-30 1.00525E-29 1.25943E-32 2.59323E-32
 3.24037E+06 1.82615E-26 1.62649E-26 1.60244E-27 3.44127E-29 5.47041E-29 2.59025E-28 5.68825E-30 9.01120E-30 1.12948E-32 2.32481E-32
 3.50000E+06 1.64158E-26 1.46225E-26 1.43938E-27 3.09039E-29 4.91339E-29 2.32640E-28 5.10775E-30 8.09283E-30 1.01389E-32 2.08766E-32
 3.74166E+06 1.49887E-26 1.33524E-26 1.31341E-27 2.81971E-29 4.48327E-29 2.12262E-28 4.66000E-30 7.38377E-30 9.24914E-33 1.90468E-32
 4.00000E+06 1.37045E-26 1.22093E-26 1.20016E-27 2.57672E-29 4.09669E-29 1.93941E-28 4.25805E-30 6.74655E-30 8.45216E-33 1.74035E-32
 4.50000E+06 1.17332E-26 1.04543E-26 1.02651E-27 2.20387E-29 3.50388E-29 1.65856E-28 3.64142E-30 5.76954E-30 7.22809E-33 1.48830E-32
 5.00000E+06 1.02403E-26 9.12505E-27 8.95179E-28 1.92189E-29 3.05556E-29 1.44620E-28 3.17517E-30 5.03079E-30 6.30253E-33 1.29773E-32
 5.50000E+06 9.07326E-27 8.08579E-27 7.92637E-28 1.70172E-29 2.70551E-29 1.28042E-28 2.81117E-30 4.45407E-30 5.57998E-33 1.14895E-32
 6.00000E+06 8.13763E-27 7.25250E-27 7.10506E-28 1.52538E-29 2.42514E-29 1.14765E-28 2.51967E-30 3.99221E-30 5.00135E-33 1.02981E-32
 6.48074E+06 7.39795E-27 6.59365E-27 6.45627E-28 1.38608E-29 2.20367E-29 1.04278E-28 2.28943E-30 3.62741E-30 4.54432E-33 9.35700E-33
 7.00000E+06 6.73422E-27 6.00240E-27 5.87452E-28 1.26118E-29 2.00509E-29 9.48763E-29 2.08301E-30 3.30035E-30 4.13456E-33 8.51329E-33
 8.00000E+06 5.73468E-27 5.11191E-27 4.99922E-28 1.07325E-29 1.70631E-29 8.07319E-29 1.77246E-30 2.80832E-30 3.51814E-33 7.24404E-33
 9.00000E+06 4.98842E-27 4.44698E-27 4.34638E-28 9.33090E-30 1.48347E-29 7.01838E-29 1.54087E-30 2.44138E-30 3.05844E-33 6.29750E-33
 1.00000E+07 4.41095E-27 3.93240E-27 3.84160E-28 8.24718E-30 1.31117E-29 6.20290E-29 1.36183E-30 2.15771E-30 2.70306E-33 5.56574E-33
 1.10000E+07 3.95138E-27 3.52284E-27 3.44014E-28 7.38528E-30 1.17414E-29 5.55439E-29 1.21945E-30 1.93212E-30 2.42044E-33 4.98382E-33
 1.25000E+07 3.41519E-27 3.04497E-27 2.97208E-28 6.38040E-30 1.01438E-29 4.79836E-29 1.05346E-30 1.66912E-30 2.09097E-33 4.30543E-33
 1.40000E+07 3.00563E-27 2.67992E-27 2.61478E-28 5.61333E-30 8.92428E-30 4.22131E-29 9.26773E-31 1.46839E-30 1.83950E-33 3.78763E-33
 1.50000E+07 2.78257E-27 2.48108E-27 2.42027E-28 5.19575E-30 8.26038E-30 3.90718E-29 8.57807E-31 1.35912E-30 1.70261E-33 3.50577E-33
 1.75000E+07 2.34602E-27 2.09193E-27 2.03980E-28 4.37894E-30 6.96177E-30 3.29278E-29 7.22916E-31 1.14540E-30 1.43487E-33 2.95447E-33
 2.00000E+07 2.02703E-27 1.80755E-27 1.76194E-28 3.78244E-30 6.01344E-30 2.84414E-29 6.24417E-31 9.89335E-31 1.23936E-33 2.55191E-33
 2.20000E+07 1.82781E-27 1.62994E-27 1.58849E-28 3.41006E-30 5.42142E-30 2.56408E-29 5.62930E-31 8.91914E-31 1.11732E-33 2.30062E-33
 2.50000E+07 1.59263E-27 1.42026E-27 1.38380E-28 2.97064E-30 4.72281E-30 2.23361E-29 4.90377E-31 7.76959E-31 9.73309E-34 2.00410E-33
 3.00000E+07 1.31097E-27 1.16913E-27 1.13877E-28 2.44463E-30 3.88653E-30 1.83803E-29 4.03530E-31 6.39358E-31 8.00932E-34 1.64916E-33
 3.50000E+07 1.11371E-27 9.93231E-28 9.67236E-29 2.07638E-30 3.30108E-30 1.56112E-29 3.42735E-31 5.43034E-31 6.80264E-34 1.40070E-33
 4.00000E+07 9.67921E-28 8.63227E-28 8.40498E-29 1.80430E-30 2.86852E-30 1.35654E-29 2.97820E-31 4.71869E-31 5.91114E-34 1.21714E-33
 4.50000E+07 8.55811E-28 7.63254E-28 7.43063E-29 1.59514E-30 2.53598E-30 1.19926E-29 2.63290E-31 4.17160E-31 5.22580E-34 1.07602E-33
 5.00000E+07 7.66935E-28 6.83998E-28 6.65836E-29 1.42935E-30 2.27241E-30 1.07461E-29 2.35923E-31 3.73799E-31 4.68260E-34 9.64174E-34
 5.50000E+07 6.94757E-28 6.19630E-28 6.03127E-29 1.29473E-30 2.05839E-30 9.73389E-30 2.13701E-31 3.38591E-31 4.24155E-34 8.73357E-34
 6.00000E+07 6.34979E-28 5.66321E-28 5.51200E-29 1.18326E-30 1.88117E-30 8.89574E-30 1.95300E-31 3.09436E-31 3.87632E-34 7.98156E-34
 7.00000E+07 5.41727E-28 4.83158E-28 4.70206E-29 1.00939E-30 1.60474E-30 7.58849E-30 1.66600E-31 2.63963E-31 3.30668E-34 6.80863E-34
 8.00000E+07 4.72339E-28 4.21276E-28 4.09949E-29 8.80033E-31 1.39909E-30 6.61595E-30 1.45249E-31 2.30134E-31 2.88289E-34 5.93603E-34
 9.00000E+07 4.18698E-28 3.73436E-28 3.63372E-29 7.80048E-31 1.24013E-30 5.86423E-30 1.28745E-31 2.03985E-31 2.55533E-34 5.26156E-34
 1.00000E+08 3.75992E-28 3.35349E-28 3.26295E-29 7.00453E-31 1.11359E-30 5.26582E-30 1.15608E-31 1.83170E-31 2.29457E-34 4.72465E-34
 1.10000E+08 3.41188E-28 3.04309E-28 2.96080E-29 6.35591E-31 1.01047E-30 4.77818E-30 1.04902E-31 1.66207E-31 2.08208E-34 4.28712E-34
 1.25000E+08 2.99587E-28 2.67205E-28 2.59967E-29 5.58067E-31 8.87224E-31 4.19535E-30 9.21062E-32 1.45934E-31 1.82812E-34 3.76419E-34
 1.40000E+08 2.67025E-28 2.38164E-28 2.31703E-29 4.97394E-31 7.90765E-31 3.73922E-30 8.20919E-32 1.30067E-31 1.62935E-34 3.35493E-34
 1.50000E+08 2.48983E-28 2.22073E-28 2.16043E-29 4.63777E-31 7.37320E-31 3.48649E-30 7.65435E-32 1.21276E-31 1.51923E-34 3.12817E-34
 1.75000E+08 2.13001E-28 1.89981E-28 1.84815E-29 3.96739E-31 6.30741E-31 2.98251E-30 6.54789E-32 1.03746E-31 1.29962E-34 2.67598E-34
 2.00000E+08 1.86105E-28 1.65992E-28 1.61473E-29 3.46631E-31 5.51079E-31 2.60581E-30 5.72087E-32 9.06421E-32 1.13547E-34 2.33800E-34
 2.20000E+08 1.69029E-28 1.50762E-28 1.46654E-29 3.14820E-31 5.00506E-31 2.36667E-30 5.19585E-32 8.23236E-32 1.03127E-34 2.12343E-34
 2.50000E+08 1.48580E-28 1.32523E-28 1.28909E-29 2.76726E-31 4.39943E-31 2.08029E-30 4.56712E-32 7.23620E-32 9.06477E-35 1.86649E-34
 3.00000E+08 1.23647E-28 1.10285E-28 1.07274E-29 2.30283E-31 3.66108E-31 1.73115E-30 3.80061E-32 6.02173E-32 7.54340E-35 1.55323E-34
 3.50000E+08 1.05879E-28 9.44375E-29 9.18573E-30 1.97188E-31 3.13493E-31 1.48235E-30 3.25440E-32 5.15630E-32 6.45929E-35 1.33000E-34
 4.00000E+08 9.25761E-29 8.25721E-29 8.03148E-30 1.72410E-31 2.74100E-31 1.29608E-30 2.84545E-32 4.50837E-32 5.64762E-35 1.16288E-34
 4.50000E+08 8.22427E-29 7.33555E-29 7.13492E-30 1.53164E-31 2.43502E-31 1.15140E-30 2.52781E-32 4.00509E-32 5.01716E-35 1.03306E-34
 5.00000E+08 7.39844E-29 6.59897E-29 6.41841E-30 1.37783E-31 2.19049E-31 1.03577E-30 2.27396E-32 3.60288E-32 4.51332E-35 9.29317E-35
 5.50000E+08 6.72332E-29 5.99681E-29 5.83268E-30 1.25209E-31 1.99059E-31 9.41246E-31 2.06644E-32 3.27409E-32 4.10144E-35 8.44508E-35
 6.00000E+08 6.16111E-29 5.49535E-29 5.34491E-30 1.14738E-31 1.82412E-31 8.62532E-31 1.89363E-32 3.00028E-32 3.75844E-35 7.73884E-35
 7.00000E+08 5.27835E-29 4.70798E-29 4.57905E-30 9.82974E-32 1.56275E-31 7.38940E-31 1.62229E-32 2.57037E-32 3.21990E-35 6.62994E-35
 8.00000E+08 4.61684E-29 4.11796E-29 4.00515E-30 8.59777E-32 1.36689E-31 6.46327E-31 1.41896E-32 2.24822E-32 2.81634E-35 5.79900E-35
 9.00000E+08 4.10268E-29 3.65936E-29 3.55909E-30 7.64021E-32 1.21465E-31 5.74343E-31 1.26093E-32 1.99783E-32 2.50268E-35 5.15314E-35
 9.48683E+08 3.89496E-29 3.47409E-29 3.37889E-30 7.25337E-32 1.15315E-31 5.45263E-31 1.19709E-32 1.89668E-32 2.37596E-35 4.89223E-35
 1.00000E+09 3.69156E-29 3.29266E-29 3.20243E-30 6.87457E-32 1.09293E-31 5.16787E-31 1.13457E-32 1.79762E-32 2.25188E-35 4.63673E-35
