 *** Photoelectric cross sections,  IZ = 50,  NSHELL = 12,  NDATA =  450
              0           1           2           3           4           5           6           7           8           9          10          11          12
 5.00000E+01 4.35555E-17 0.00000E+00 0.00000E+00 0.00000E+00 0.00000E+00 0.00000E+00 0.00000E+00 0.00000E+00 0.00000E+00 0.00000E+00 0.00000E+00 0.00000E+00 0.00000E+00
 5.05993E+01 4.37368E-17 0.00000E+00 0.00000E+00 0.00000E+00 0.00000E+00 0.00000E+00 0.00000E+00 0.00000E+00 0.00000E+00 0.00000E+00 0.00000E+00 0.00000E+00 0.00000E+00
 5.12057E+01 4.37644E-17 0.00000E+00 0.00000E+00 0.00000E+00 0.00000E+00 0.00000E+00 0.00000E+00 0.00000E+00 0.00000E+00 0.00000E+00 0.00000E+00 0.00000E+00 0.00000E+00
 5.18194E+01 4.36433E-17 0.00000E+00 0.00000E+00 0.00000E+00 0.00000E+00 0.00000E+00 0.00000E+00 0.00000E+00 0.00000E+00 0.00000E+00 0.00000E+00 0.00000E+00 0.00000E+00
 5.24404E+01 4.33800E-17 0.00000E+00 0.00000E+00 0.00000E+00 0.00000E+00 0.00000E+00 0.00000E+00 0.00000E+00 0.00000E+00 0.00000E+00 0.00000E+00 0.00000E+00 0.00000E+00
 5.30689E+01 4.29821E-17 0.00000E+00 0.00000E+00 0.00000E+00 0.00000E+00 0.00000E+00 0.00000E+00 0.00000E+00 0.00000E+00 0.00000E+00 0.00000E+00 0.00000E+00 0.00000E+00
 5.37050E+01 4.24582E-17 0.00000E+00 0.00000E+00 0.00000E+00 0.00000E+00 0.00000E+00 0.00000E+00 0.00000E+00 0.00000E+00 0.00000E+00 0.00000E+00 0.00000E+00 0.00000E+00
 5.43486E+01 4.18175E-17 0.00000E+00 0.00000E+00 0.00000E+00 0.00000E+00 0.00000E+00 0.00000E+00 0.00000E+00 0.00000E+00 0.00000E+00 0.00000E+00 0.00000E+00 0.00000E+00
 5.50000E+01 4.10694E-17 0.00000E+00 0.00000E+00 0.00000E+00 0.00000E+00 0.00000E+00 0.00000E+00 0.00000E+00 0.00000E+00 0.00000E+00 0.00000E+00 0.00000E+00 0.00000E+00
 5.56015E+01 4.03011E-17 0.00000E+00 0.00000E+00 0.00000E+00 0.00000E+00 0.00000E+00 0.00000E+00 0.00000E+00 0.00000E+00 0.00000E+00 0.00000E+00 0.00000E+00 0.00000E+00
 5.62095E+01 3.94588E-17 0.00000E+00 0.00000E+00 0.00000E+00 0.00000E+00 0.00000E+00 0.00000E+00 0.00000E+00 0.00000E+00 0.00000E+00 0.00000E+00 0.00000E+00 0.00000E+00
 5.68242E+01 3.85501E-17 0.00000E+00 0.00000E+00 0.00000E+00 0.00000E+00 0.00000E+00 0.00000E+00 0.00000E+00 0.00000E+00 0.00000E+00 0.00000E+00 0.00000E+00 0.00000E+00
 5.74456E+01 3.75823E-17 0.00000E+00 0.00000E+00 0.00000E+00 0.00000E+00 0.00000E+00 0.00000E+00 0.00000E+00 0.00000E+00 0.00000E+00 0.00000E+00 0.00000E+00 0.00000E+00
 5.80738E+01 3.65625E-17 0.00000E+00 0.00000E+00 0.00000E+00 0.00000E+00 0.00000E+00 0.00000E+00 0.00000E+00 0.00000E+00 0.00000E+00 0.00000E+00 0.00000E+00 0.00000E+00
 5.87089E+01 3.54978E-17 0.00000E+00 0.00000E+00 0.00000E+00 0.00000E+00 0.00000E+00 0.00000E+00 0.00000E+00 0.00000E+00 0.00000E+00 0.00000E+00 0.00000E+00 0.00000E+00
 5.93510E+01 3.43950E-17 0.00000E+00 0.00000E+00 0.00000E+00 0.00000E+00 0.00000E+00 0.00000E+00 0.00000E+00 0.00000E+00 0.00000E+00 0.00000E+00 0.00000E+00 0.00000E+00
 6.00000E+01 3.32608E-17 0.00000E+00 0.00000E+00 0.00000E+00 0.00000E+00 0.00000E+00 0.00000E+00 0.00000E+00 0.00000E+00 0.00000E+00 0.00000E+00 0.00000E+00 0.00000E+00
 6.05809E+01 3.22352E-17 0.00000E+00 0.00000E+00 0.00000E+00 0.00000E+00 0.00000E+00 0.00000E+00 0.00000E+00 0.00000E+00 0.00000E+00 0.00000E+00 0.00000E+00 0.00000E+00
 6.11673E+01 3.11943E-17 0.00000E+00 0.00000E+00 0.00000E+00 0.00000E+00 0.00000E+00 0.00000E+00 0.00000E+00 0.00000E+00 0.00000E+00 0.00000E+00 0.00000E+00 0.00000E+00
 6.17595E+01 3.01424E-17 0.00000E+00 0.00000E+00 0.00000E+00 0.00000E+00 0.00000E+00 0.00000E+00 0.00000E+00 0.00000E+00 0.00000E+00 0.00000E+00 0.00000E+00 0.00000E+00
 6.23574E+01 2.90836E-17 0.00000E+00 0.00000E+00 0.00000E+00 0.00000E+00 0.00000E+00 0.00000E+00 0.00000E+00 0.00000E+00 0.00000E+00 0.00000E+00 0.00000E+00 0.00000E+00
 6.29611E+01 2.80218E-17 0.00000E+00 0.00000E+00 0.00000E+00 0.00000E+00 0.00000E+00 0.00000E+00 0.00000E+00 0.00000E+00 0.00000E+00 0.00000E+00 0.00000E+00 0.00000E+00
 6.35706E+01 2.69607E-17 0.00000E+00 0.00000E+00 0.00000E+00 0.00000E+00 0.00000E+00 0.00000E+00 0.00000E+00 0.00000E+00 0.00000E+00 0.00000E+00 0.00000E+00 0.00000E+00
 6.41860E+01 2.59038E-17 0.00000E+00 0.00000E+00 0.00000E+00 0.00000E+00 0.00000E+00 0.00000E+00 0.00000E+00 0.00000E+00 0.00000E+00 0.00000E+00 0.00000E+00 0.00000E+00
 6.48074E+01 2.48544E-17 0.00000E+00 0.00000E+00 0.00000E+00 0.00000E+00 0.00000E+00 0.00000E+00 0.00000E+00 0.00000E+00 0.00000E+00 0.00000E+00 0.00000E+00 0.00000E+00
 6.54348E+01 2.38158E-17 0.00000E+00 0.00000E+00 0.00000E+00 0.00000E+00 0.00000E+00 0.00000E+00 0.00000E+00 0.00000E+00 0.00000E+00 0.00000E+00 0.00000E+00 0.00000E+00
 6.60683E+01 2.27908E-17 0.00000E+00 0.00000E+00 0.00000E+00 0.00000E+00 0.00000E+00 0.00000E+00 0.00000E+00 0.00000E+00 0.00000E+00 0.00000E+00 0.00000E+00 0.00000E+00
 6.67079E+01 2.17821E-17 0.00000E+00 0.00000E+00 0.00000E+00 0.00000E+00 0.00000E+00 0.00000E+00 0.00000E+00 0.00000E+00 0.00000E+00 0.00000E+00 0.00000E+00 0.00000E+00
 6.73537E+01 2.07921E-17 0.00000E+00 0.00000E+00 0.00000E+00 0.00000E+00 0.00000E+00 0.00000E+00 0.00000E+00 0.00000E+00 0.00000E+00 0.00000E+00 0.00000E+00 0.00000E+00
 6.86641E+01 1.88770E-17 0.00000E+00 0.00000E+00 0.00000E+00 0.00000E+00 0.00000E+00 0.00000E+00 0.00000E+00 0.00000E+00 0.00000E+00 0.00000E+00 0.00000E+00 0.00000E+00
 7.00000E+01 1.70601E-17 0.00000E+00 0.00000E+00 0.00000E+00 0.00000E+00 0.00000E+00 0.00000E+00 0.00000E+00 0.00000E+00 0.00000E+00 0.00000E+00 0.00000E+00 0.00000E+00
 7.11782E+01 1.55738E-17 0.00000E+00 0.00000E+00 0.00000E+00 0.00000E+00 0.00000E+00 0.00000E+00 0.00000E+00 0.00000E+00 0.00000E+00 0.00000E+00 0.00000E+00 0.00000E+00
 7.23762E+01 1.41741E-17 0.00000E+00 0.00000E+00 0.00000E+00 0.00000E+00 0.00000E+00 0.00000E+00 0.00000E+00 0.00000E+00 0.00000E+00 0.00000E+00 0.00000E+00 0.00000E+00
 7.35944E+01 1.28637E-17 0.00000E+00 0.00000E+00 0.00000E+00 0.00000E+00 0.00000E+00 0.00000E+00 0.00000E+00 0.00000E+00 0.00000E+00 0.00000E+00 0.00000E+00 0.00000E+00
 7.48331E+01 1.16434E-17 0.00000E+00 0.00000E+00 0.00000E+00 0.00000E+00 0.00000E+00 0.00000E+00 0.00000E+00 0.00000E+00 0.00000E+00 0.00000E+00 0.00000E+00 0.00000E+00
 7.60927E+01 1.05126E-17 0.00000E+00 0.00000E+00 0.00000E+00 0.00000E+00 0.00000E+00 0.00000E+00 0.00000E+00 0.00000E+00 0.00000E+00 0.00000E+00 0.00000E+00 0.00000E+00
 7.73735E+01 9.46961E-18 0.00000E+00 0.00000E+00 0.00000E+00 0.00000E+00 0.00000E+00 0.00000E+00 0.00000E+00 0.00000E+00 0.00000E+00 0.00000E+00 0.00000E+00 0.00000E+00
 7.86758E+01 8.51153E-18 0.00000E+00 0.00000E+00 0.00000E+00 0.00000E+00 0.00000E+00 0.00000E+00 0.00000E+00 0.00000E+00 0.00000E+00 0.00000E+00 0.00000E+00 0.00000E+00
 8.00000E+01 7.63472E-18 0.00000E+00 0.00000E+00 0.00000E+00 0.00000E+00 0.00000E+00 0.00000E+00 0.00000E+00 0.00000E+00 0.00000E+00 0.00000E+00 0.00000E+00 0.00000E+00
 8.11865E+01 6.92543E-18 0.00000E+00 0.00000E+00 0.00000E+00 0.00000E+00 0.00000E+00 0.00000E+00 0.00000E+00 0.00000E+00 0.00000E+00 0.00000E+00 0.00000E+00 0.00000E+00
 8.23907E+01 6.27298E-18 0.00000E+00 0.00000E+00 0.00000E+00 0.00000E+00 0.00000E+00 0.00000E+00 0.00000E+00 0.00000E+00 0.00000E+00 0.00000E+00 0.00000E+00 0.00000E+00
 8.36127E+01 5.67420E-18 0.00000E+00 0.00000E+00 0.00000E+00 0.00000E+00 0.00000E+00 0.00000E+00 0.00000E+00 0.00000E+00 0.00000E+00 0.00000E+00 0.00000E+00 0.00000E+00
 8.48528E+01 5.12573E-18 0.00000E+00 0.00000E+00 0.00000E+00 0.00000E+00 0.00000E+00 0.00000E+00 0.00000E+00 0.00000E+00 0.00000E+00 0.00000E+00 0.00000E+00 0.00000E+00
 8.61113E+01 4.62419E-18 0.00000E+00 0.00000E+00 0.00000E+00 0.00000E+00 0.00000E+00 0.00000E+00 0.00000E+00 0.00000E+00 0.00000E+00 0.00000E+00 0.00000E+00 0.00000E+00
 8.73885E+01 4.16622E-18 0.00000E+00 0.00000E+00 0.00000E+00 0.00000E+00 0.00000E+00 0.00000E+00 0.00000E+00 0.00000E+00 0.00000E+00 0.00000E+00 0.00000E+00 0.00000E+00
 9.00000E+01 3.37011E-18 0.00000E+00 0.00000E+00 0.00000E+00 0.00000E+00 0.00000E+00 0.00000E+00 0.00000E+00 0.00000E+00 0.00000E+00 0.00000E+00 0.00000E+00 0.00000E+00
 9.14877E+01 2.98889E-18 0.00000E+00 0.00000E+00 0.00000E+00 0.00000E+00 0.00000E+00 0.00000E+00 0.00000E+00 0.00000E+00 0.00000E+00 0.00000E+00 0.00000E+00 0.00000E+00
 9.30000E+01 2.64697E-18 0.00000E+00 0.00000E+00 0.00000E+00 0.00000E+00 0.00000E+00 0.00000E+00 0.00000E+00 0.00000E+00 0.00000E+00 0.00000E+00 0.00000E+00 0.00000E+00
 9.30000E+01 3.24089E-18 0.00000E+00 0.00000E+00 0.00000E+00 0.00000E+00 0.00000E+00 0.00000E+00 0.00000E+00 0.00000E+00 0.00000E+00 0.00000E+00 0.00000E+00 5.93931E-19
 9.30527E+01 3.22998E-18 0.00000E+00 0.00000E+00 0.00000E+00 0.00000E+00 0.00000E+00 0.00000E+00 0.00000E+00 0.00000E+00 0.00000E+00 0.00000E+00 0.00000E+00 5.94175E-19
 9.31055E+01 3.21911E-18 0.00000E+00 0.00000E+00 0.00000E+00 0.00000E+00 0.00000E+00 0.00000E+00 0.00000E+00 0.00000E+00 0.00000E+00 0.00000E+00 0.00000E+00 5.94418E-19
 9.32111E+01 3.19748E-18 0.00000E+00 0.00000E+00 0.00000E+00 0.00000E+00 0.00000E+00 0.00000E+00 0.00000E+00 0.00000E+00 0.00000E+00 0.00000E+00 0.00000E+00 5.94893E-19
 9.34228E+01 3.15464E-18 0.00000E+00 0.00000E+00 0.00000E+00 0.00000E+00 0.00000E+00 0.00000E+00 0.00000E+00 0.00000E+00 0.00000E+00 0.00000E+00 0.00000E+00 5.95753E-19
 9.38475E+01 3.07031E-18 0.00000E+00 0.00000E+00 0.00000E+00 0.00000E+00 0.00000E+00 0.00000E+00 0.00000E+00 0.00000E+00 0.00000E+00 0.00000E+00 0.00000E+00 5.96799E-19
 9.47027E+01 2.90687E-18 0.00000E+00 0.00000E+00 0.00000E+00 0.00000E+00 0.00000E+00 0.00000E+00 0.00000E+00 0.00000E+00 0.00000E+00 0.00000E+00 0.00000E+00 5.96321E-19
 9.64365E+01 2.60121E-18 0.00000E+00 0.00000E+00 0.00000E+00 0.00000E+00 0.00000E+00 0.00000E+00 0.00000E+00 0.00000E+00 0.00000E+00 0.00000E+00 0.00000E+00 5.87497E-19
 1.00000E+02 2.07605E-18 0.00000E+00 0.00000E+00 0.00000E+00 0.00000E+00 0.00000E+00 0.00000E+00 0.00000E+00 0.00000E+00 0.00000E+00 0.00000E+00 0.00000E+00 5.52512E-19
 1.02000E+02 1.83799E-18 0.00000E+00 0.00000E+00 0.00000E+00 0.00000E+00 0.00000E+00 0.00000E+00 0.00000E+00 0.00000E+00 0.00000E+00 0.00000E+00 0.00000E+00 5.30358E-19
 1.02000E+02 2.09802E-18 0.00000E+00 0.00000E+00 0.00000E+00 0.00000E+00 0.00000E+00 0.00000E+00 0.00000E+00 0.00000E+00 0.00000E+00 0.00000E+00 2.60032E-19 5.30358E-19
 1.02060E+02 2.09186E-18 0.00000E+00 0.00000E+00 0.00000E+00 0.00000E+00 0.00000E+00 0.00000E+00 0.00000E+00 0.00000E+00 0.00000E+00 0.00000E+00 2.60463E-19 5.29697E-19
 1.02120E+02 2.08573E-18 0.00000E+00 0.00000E+00 0.00000E+00 0.00000E+00 0.00000E+00 0.00000E+00 0.00000E+00 0.00000E+00 0.00000E+00 0.00000E+00 2.60891E-19 5.29036E-19
 1.02241E+02 2.07353E-18 0.00000E+00 0.00000E+00 0.00000E+00 0.00000E+00 0.00000E+00 0.00000E+00 0.00000E+00 0.00000E+00 0.00000E+00 0.00000E+00 2.61733E-19 5.27716E-19
 1.02482E+02 2.04936E-18 0.00000E+00 0.00000E+00 0.00000E+00 0.00000E+00 0.00000E+00 0.00000E+00 0.00000E+00 0.00000E+00 0.00000E+00 0.00000E+00 2.63296E-19 5.25082E-19
 1.02967E+02 2.00170E-18 0.00000E+00 0.00000E+00 0.00000E+00 0.00000E+00 0.00000E+00 0.00000E+00 0.00000E+00 0.00000E+00 0.00000E+00 0.00000E+00 2.65786E-19 5.19848E-19
 1.03944E+02 1.90939E-18 0.00000E+00 0.00000E+00 0.00000E+00 0.00000E+00 0.00000E+00 0.00000E+00 0.00000E+00 0.00000E+00 0.00000E+00 0.00000E+00 2.68581E-19 5.09533E-19
 1.05925E+02 1.73679E-18 0.00000E+00 0.00000E+00 0.00000E+00 0.00000E+00 0.00000E+00 0.00000E+00 0.00000E+00 0.00000E+00 0.00000E+00 0.00000E+00 2.66879E-19 4.89692E-19
 1.07943E+02 1.58082E-18 0.00000E+00 0.00000E+00 0.00000E+00 0.00000E+00 0.00000E+00 0.00000E+00 0.00000E+00 0.00000E+00 0.00000E+00 0.00000E+00 2.58753E-19 4.71080E-19
 1.10000E+02 1.44281E-18 0.00000E+00 0.00000E+00 0.00000E+00 0.00000E+00 0.00000E+00 0.00000E+00 0.00000E+00 0.00000E+00 0.00000E+00 0.00000E+00 2.47503E-19 4.53743E-19
 1.11772E+02 1.34025E-18 0.00000E+00 0.00000E+00 0.00000E+00 0.00000E+00 0.00000E+00 0.00000E+00 0.00000E+00 0.00000E+00 0.00000E+00 0.00000E+00 2.37114E-19 4.40029E-19
 1.13572E+02 1.25018E-18 0.00000E+00 0.00000E+00 0.00000E+00 0.00000E+00 0.00000E+00 0.00000E+00 0.00000E+00 0.00000E+00 0.00000E+00 0.00000E+00 2.26704E-19 4.27153E-19
 1.14483E+02 1.20954E-18 0.00000E+00 0.00000E+00 0.00000E+00 0.00000E+00 0.00000E+00 0.00000E+00 0.00000E+00 0.00000E+00 0.00000E+00 0.00000E+00 2.21615E-19 4.21018E-19
 1.15402E+02 1.17170E-18 0.00000E+00 0.00000E+00 0.00000E+00 0.00000E+00 0.00000E+00 0.00000E+00 0.00000E+00 0.00000E+00 0.00000E+00 0.00000E+00 2.16641E-19 4.15079E-19
 1.16327E+02 1.13657E-18 0.00000E+00 0.00000E+00 0.00000E+00 0.00000E+00 0.00000E+00 0.00000E+00 0.00000E+00 0.00000E+00 0.00000E+00 0.00000E+00 2.11800E-19 4.09333E-19
 1.17260E+02 1.10402E-18 0.00000E+00 0.00000E+00 0.00000E+00 0.00000E+00 0.00000E+00 0.00000E+00 0.00000E+00 0.00000E+00 0.00000E+00 0.00000E+00 2.07100E-19 4.03778E-19
 1.18201E+02 1.07393E-18 0.00000E+00 0.00000E+00 0.00000E+00 0.00000E+00 0.00000E+00 0.00000E+00 0.00000E+00 0.00000E+00 0.00000E+00 0.00000E+00 2.02544E-19 3.98412E-19
 1.19149E+02 1.04620E-18 0.00000E+00 0.00000E+00 0.00000E+00 0.00000E+00 0.00000E+00 0.00000E+00 0.00000E+00 0.00000E+00 0.00000E+00 0.00000E+00 1.98133E-19 3.93234E-19
 1.20105E+02 1.02071E-18 0.00000E+00 0.00000E+00 0.00000E+00 0.00000E+00 0.00000E+00 0.00000E+00 0.00000E+00 0.00000E+00 0.00000E+00 0.00000E+00 1.93867E-19 3.88240E-19
 1.21068E+02 9.97362E-19 0.00000E+00 0.00000E+00 0.00000E+00 0.00000E+00 0.00000E+00 0.00000E+00 0.00000E+00 0.00000E+00 0.00000E+00 0.00000E+00 1.89746E-19 3.83431E-19
 1.22040E+02 9.76049E-19 0.00000E+00 0.00000E+00 0.00000E+00 0.00000E+00 0.00000E+00 0.00000E+00 0.00000E+00 0.00000E+00 0.00000E+00 0.00000E+00 1.85765E-19 3.78805E-19
 1.23018E+02 9.56678E-19 0.00000E+00 0.00000E+00 0.00000E+00 0.00000E+00 0.00000E+00 0.00000E+00 0.00000E+00 0.00000E+00 0.00000E+00 0.00000E+00 1.81923E-19 3.74360E-19
 1.24005E+02 9.39155E-19 0.00000E+00 0.00000E+00 0.00000E+00 0.00000E+00 0.00000E+00 0.00000E+00 0.00000E+00 0.00000E+00 0.00000E+00 0.00000E+00 1.78214E-19 3.70095E-19
 1.25000E+02 9.23381E-19 0.00000E+00 0.00000E+00 0.00000E+00 0.00000E+00 0.00000E+00 0.00000E+00 0.00000E+00 0.00000E+00 0.00000E+00 0.00000E+00 1.74635E-19 3.66008E-19
 1.25889E+02 9.10785E-19 0.00000E+00 0.00000E+00 0.00000E+00 0.00000E+00 0.00000E+00 0.00000E+00 0.00000E+00 0.00000E+00 0.00000E+00 0.00000E+00 1.71569E-19 3.62532E-19
 1.26783E+02 8.99437E-19 0.00000E+00 0.00000E+00 0.00000E+00 0.00000E+00 0.00000E+00 0.00000E+00 0.00000E+00 0.00000E+00 0.00000E+00 0.00000E+00 1.68602E-19 3.59192E-19
 1.28592E+02 8.80254E-19 0.00000E+00 0.00000E+00 0.00000E+00 0.00000E+00 0.00000E+00 0.00000E+00 0.00000E+00 0.00000E+00 0.00000E+00 0.00000E+00 1.62957E-19 3.52917E-19
 1.30427E+02 8.65392E-19 0.00000E+00 0.00000E+00 0.00000E+00 0.00000E+00 0.00000E+00 0.00000E+00 0.00000E+00 0.00000E+00 0.00000E+00 0.00000E+00 1.57690E-19 3.47167E-19
 1.32288E+02 8.54462E-19 0.00000E+00 0.00000E+00 0.00000E+00 0.00000E+00 0.00000E+00 0.00000E+00 0.00000E+00 0.00000E+00 0.00000E+00 0.00000E+00 1.52791E-19 3.41921E-19
 1.34175E+02 8.47066E-19 0.00000E+00 0.00000E+00 0.00000E+00 0.00000E+00 0.00000E+00 0.00000E+00 0.00000E+00 0.00000E+00 0.00000E+00 0.00000E+00 1.48248E-19 3.37158E-19
 1.36089E+02 8.42843E-19 0.00000E+00 0.00000E+00 0.00000E+00 0.00000E+00 0.00000E+00 0.00000E+00 0.00000E+00 0.00000E+00 0.00000E+00 0.00000E+00 1.44054E-19 3.32851E-19
 1.38031E+02 8.41438E-19 0.00000E+00 0.00000E+00 0.00000E+00 0.00000E+00 0.00000E+00 0.00000E+00 0.00000E+00 0.00000E+00 0.00000E+00 0.00000E+00 1.40198E-19 3.28970E-19
 1.40000E+02 8.42576E-19 0.00000E+00 0.00000E+00 0.00000E+00 0.00000E+00 0.00000E+00 0.00000E+00 0.00000E+00 0.00000E+00 0.00000E+00 0.00000E+00 1.36669E-19 3.25485E-19
 1.41000E+02 8.44021E-19 0.00000E+00 0.00000E+00 0.00000E+00 0.00000E+00 0.00000E+00 0.00000E+00 0.00000E+00 0.00000E+00 0.00000E+00 0.00000E+00 1.35015E-19 3.23873E-19
 1.41000E+02 1.01564E-18 0.00000E+00 0.00000E+00 0.00000E+00 0.00000E+00 0.00000E+00 0.00000E+00 0.00000E+00 0.00000E+00 0.00000E+00 1.71622E-19 1.35015E-19 3.23873E-19
 1.41136E+02 1.01553E-18 0.00000E+00 0.00000E+00 0.00000E+00 0.00000E+00 0.00000E+00 0.00000E+00 0.00000E+00 0.00000E+00 0.00000E+00 1.71269E-19 1.34797E-19 3.23660E-19
 1.41273E+02 1.01542E-18 0.00000E+00 0.00000E+00 0.00000E+00 0.00000E+00 0.00000E+00 0.00000E+00 0.00000E+00 0.00000E+00 0.00000E+00 1.70918E-19 1.34580E-19 3.23450E-19
 1.41546E+02 1.01525E-18 0.00000E+00 0.00000E+00 0.00000E+00 0.00000E+00 0.00000E+00 0.00000E+00 0.00000E+00 0.00000E+00 0.00000E+00 1.70219E-19 1.34150E-19 3.23033E-19
 1.42095E+02 1.01507E-18 0.00000E+00 0.00000E+00 0.00000E+00 0.00000E+00 0.00000E+00 0.00000E+00 0.00000E+00 0.00000E+00 0.00000E+00 1.68870E-19 1.33307E-19 3.22219E-19
 1.43198E+02 1.01553E-18 0.00000E+00 0.00000E+00 0.00000E+00 0.00000E+00 0.00000E+00 0.00000E+00 0.00000E+00 0.00000E+00 0.00000E+00 1.66571E-19 1.31688E-19 3.20662E-19
 1.45430E+02 1.01971E-18 0.00000E+00 0.00000E+00 0.00000E+00 0.00000E+00 0.00000E+00 0.00000E+00 0.00000E+00 0.00000E+00 0.00000E+00 1.63625E-19 1.28711E-19 3.17816E-19
 1.47698E+02 1.02717E-18 0.00000E+00 0.00000E+00 0.00000E+00 0.00000E+00 0.00000E+00 0.00000E+00 0.00000E+00 0.00000E+00 0.00000E+00 1.62192E-19 1.26062E-19 3.15289E-19
 1.50000E+02 1.03717E-18 0.00000E+00 0.00000E+00 0.00000E+00 0.00000E+00 0.00000E+00 0.00000E+00 0.00000E+00 0.00000E+00 0.00000E+00 1.61771E-19 1.23718E-19 3.13035E-19
 1.52918E+02 1.05226E-18 0.00000E+00 0.00000E+00 0.00000E+00 0.00000E+00 0.00000E+00 0.00000E+00 0.00000E+00 0.00000E+00 0.00000E+00 1.62111E-19 1.21189E-19 3.10552E-19
 1.55893E+02 1.06937E-18 0.00000E+00 0.00000E+00 0.00000E+00 0.00000E+00 0.00000E+00 0.00000E+00 0.00000E+00 0.00000E+00 0.00000E+00 1.62932E-19 1.19048E-19 3.08354E-19
 1.62019E+02 1.10648E-18 0.00000E+00 0.00000E+00 0.00000E+00 0.00000E+00 0.00000E+00 0.00000E+00 0.00000E+00 0.00000E+00 0.00000E+00 1.64746E-19 1.15734E-19 3.04546E-19
 1.68384E+02 1.14393E-18 0.00000E+00 0.00000E+00 0.00000E+00 0.00000E+00 0.00000E+00 0.00000E+00 0.00000E+00 0.00000E+00 0.00000E+00 1.65558E-19 1.13402E-19 3.01195E-19
 1.75000E+02 1.17903E-18 0.00000E+00 0.00000E+00 0.00000E+00 0.00000E+00 0.00000E+00 0.00000E+00 0.00000E+00 0.00000E+00 0.00000E+00 1.64852E-19 1.11738E-19 2.98026E-19
 1.80941E+02 1.20627E-18 0.00000E+00 0.00000E+00 0.00000E+00 0.00000E+00 0.00000E+00 0.00000E+00 0.00000E+00 0.00000E+00 0.00000E+00 1.63124E-19 1.10644E-19 2.95260E-19
 1.87083E+02 1.23002E-18 0.00000E+00 0.00000E+00 0.00000E+00 0.00000E+00 0.00000E+00 0.00000E+00 0.00000E+00 0.00000E+00 0.00000E+00 1.60662E-19 1.09752E-19 2.92410E-19
 1.93434E+02 1.24999E-18 0.00000E+00 0.00000E+00 0.00000E+00 0.00000E+00 0.00000E+00 0.00000E+00 0.00000E+00 0.00000E+00 0.00000E+00 1.57776E-19 1.08979E-19 2.89429E-19
 2.00000E+02 1.26603E-18 0.00000E+00 0.00000E+00 0.00000E+00 0.00000E+00 0.00000E+00 0.00000E+00 0.00000E+00 0.00000E+00 0.00000E+00 1.54718E-19 1.08272E-19 2.86277E-19
 2.04823E+02 1.27502E-18 0.00000E+00 0.00000E+00 0.00000E+00 0.00000E+00 0.00000E+00 0.00000E+00 0.00000E+00 0.00000E+00 0.00000E+00 1.52523E-19 1.07779E-19 2.83903E-19
 2.09762E+02 1.28192E-18 0.00000E+00 0.00000E+00 0.00000E+00 0.00000E+00 0.00000E+00 0.00000E+00 0.00000E+00 0.00000E+00 0.00000E+00 1.50325E-19 1.07284E-19 2.81410E-19
 2.14820E+02 1.28673E-18 0.00000E+00 0.00000E+00 0.00000E+00 0.00000E+00 0.00000E+00 0.00000E+00 0.00000E+00 0.00000E+00 0.00000E+00 1.48127E-19 1.06776E-19 2.78787E-19
 2.20000E+02 1.28946E-18 0.00000E+00 0.00000E+00 0.00000E+00 0.00000E+00 0.00000E+00 0.00000E+00 0.00000E+00 0.00000E+00 0.00000E+00 1.45926E-19 1.06243E-19 2.76023E-19
 2.27144E+02 1.28988E-18 0.00000E+00 0.00000E+00 0.00000E+00 0.00000E+00 0.00000E+00 0.00000E+00 0.00000E+00 0.00000E+00 0.00000E+00 1.42943E-19 1.05469E-19 2.72084E-19
 2.34521E+02 1.28667E-18 0.00000E+00 0.00000E+00 0.00000E+00 0.00000E+00 0.00000E+00 0.00000E+00 0.00000E+00 0.00000E+00 0.00000E+00 1.39853E-19 1.04611E-19 2.67875E-19
 2.42137E+02 1.27995E-18 0.00000E+00 0.00000E+00 0.00000E+00 0.00000E+00 0.00000E+00 0.00000E+00 0.00000E+00 0.00000E+00 0.00000E+00 1.36613E-19 1.03655E-19 2.63405E-19
 2.50000E+02 1.26991E-18 0.00000E+00 0.00000E+00 0.00000E+00 0.00000E+00 0.00000E+00 0.00000E+00 0.00000E+00 0.00000E+00 0.00000E+00 1.33211E-19 1.02592E-19 2.58697E-19
 2.55763E+02 1.26083E-18 0.00000E+00 0.00000E+00 0.00000E+00 0.00000E+00 0.00000E+00 0.00000E+00 0.00000E+00 0.00000E+00 0.00000E+00 1.30686E-19 1.01768E-19 2.55210E-19
 2.61659E+02 1.25023E-18 0.00000E+00 0.00000E+00 0.00000E+00 0.00000E+00 0.00000E+00 0.00000E+00 0.00000E+00 0.00000E+00 0.00000E+00 1.28095E-19 1.00889E-19 2.51629E-19
 2.67691E+02 1.23820E-18 0.00000E+00 0.00000E+00 0.00000E+00 0.00000E+00 0.00000E+00 0.00000E+00 0.00000E+00 0.00000E+00 0.00000E+00 1.25455E-19 9.99583E-20 2.47964E-19
 2.73861E+02 1.22484E-18 0.00000E+00 0.00000E+00 0.00000E+00 0.00000E+00 0.00000E+00 0.00000E+00 0.00000E+00 0.00000E+00 0.00000E+00 1.22789E-19 9.89780E-20 2.44226E-19
 2.86633E+02 1.19447E-18 0.00000E+00 0.00000E+00 0.00000E+00 0.00000E+00 0.00000E+00 0.00000E+00 0.00000E+00 0.00000E+00 0.00000E+00 1.17449E-19 9.68771E-20 2.36555E-19
 3.00000E+02 1.15977E-18 0.00000E+00 0.00000E+00 0.00000E+00 0.00000E+00 0.00000E+00 0.00000E+00 0.00000E+00 0.00000E+00 0.00000E+00 1.12170E-19 9.45992E-20 2.28648E-19
 3.11787E+02 1.12758E-18 0.00000E+00 0.00000E+00 0.00000E+00 0.00000E+00 0.00000E+00 0.00000E+00 0.00000E+00 0.00000E+00 0.00000E+00 1.07809E-19 9.25378E-20 2.21787E-19
 3.24037E+02 1.09320E-18 0.00000E+00 0.00000E+00 0.00000E+00 0.00000E+00 0.00000E+00 0.00000E+00 0.00000E+00 0.00000E+00 0.00000E+00 1.03528E-19 9.03535E-20 2.14774E-19
 3.36768E+02 1.05707E-18 0.00000E+00 0.00000E+00 0.00000E+00 0.00000E+00 0.00000E+00 0.00000E+00 0.00000E+00 0.00000E+00 0.00000E+00 9.93018E-20 8.80503E-20 2.07629E-19
 3.50000E+02 1.01958E-18 0.00000E+00 0.00000E+00 0.00000E+00 0.00000E+00 0.00000E+00 0.00000E+00 0.00000E+00 0.00000E+00 0.00000E+00 9.51168E-20 8.56411E-20 2.00394E-19
 3.61881E+02 9.86313E-19 0.00000E+00 0.00000E+00 0.00000E+00 0.00000E+00 0.00000E+00 0.00000E+00 0.00000E+00 0.00000E+00 0.00000E+00 9.15193E-20 8.34848E-20 1.94094E-19
 3.74166E+02 9.52500E-19 0.00000E+00 0.00000E+00 0.00000E+00 0.00000E+00 0.00000E+00 0.00000E+00 0.00000E+00 0.00000E+00 0.00000E+00 8.79619E-20 8.12814E-20 1.87802E-19
 3.86867E+02 9.18329E-19 0.00000E+00 0.00000E+00 0.00000E+00 0.00000E+00 0.00000E+00 0.00000E+00 0.00000E+00 0.00000E+00 0.00000E+00 8.44635E-20 7.90480E-20 1.81548E-19
 4.00000E+02 8.83972E-19 0.00000E+00 0.00000E+00 0.00000E+00 0.00000E+00 0.00000E+00 0.00000E+00 0.00000E+00 0.00000E+00 0.00000E+00 8.10435E-20 7.67959E-20 1.75350E-19
 4.11953E+02 8.53643E-19 0.00000E+00 0.00000E+00 0.00000E+00 0.00000E+00 0.00000E+00 0.00000E+00 0.00000E+00 0.00000E+00 0.00000E+00 7.81059E-20 7.48014E-20 1.69938E-19
 4.24264E+02 8.23377E-19 0.00000E+00 0.00000E+00 0.00000E+00 0.00000E+00 0.00000E+00 0.00000E+00 0.00000E+00 0.00000E+00 0.00000E+00 7.52463E-20 7.28010E-20 1.64576E-19
 4.50000E+02 7.63374E-19 0.00000E+00 0.00000E+00 0.00000E+00 0.00000E+00 0.00000E+00 0.00000E+00 0.00000E+00 0.00000E+00 0.00000E+00 6.97566E-20 6.87828E-20 1.53998E-19
 4.69095E+02 7.21793E-19 0.00000E+00 0.00000E+00 0.00000E+00 0.00000E+00 0.00000E+00 0.00000E+00 0.00000E+00 0.00000E+00 0.00000E+00 6.60472E-20 6.59359E-20 1.46660E-19
 4.89000E+02 6.81074E-19 0.00000E+00 0.00000E+00 0.00000E+00 0.00000E+00 0.00000E+00 0.00000E+00 0.00000E+00 0.00000E+00 0.00000E+00 6.24605E-20 6.30920E-20 1.39458E-19
 4.89000E+02 7.40711E-19 0.00000E+00 0.00000E+00 0.00000E+00 0.00000E+00 0.00000E+00 0.00000E+00 0.00000E+00 0.00000E+00 5.96373E-20 6.24605E-20 6.30920E-20 1.39457E-19
 4.89248E+02 7.40130E-19 0.00000E+00 0.00000E+00 0.00000E+00 0.00000E+00 0.00000E+00 0.00000E+00 0.00000E+00 0.00000E+00 5.95469E-20 6.24175E-20 6.30574E-20 1.39371E-19
 4.89496E+02 7.39601E-19 0.00000E+00 0.00000E+00 0.00000E+00 0.00000E+00 0.00000E+00 0.00000E+00 0.00000E+00 0.00000E+00 5.95082E-20 6.23745E-20 6.30228E-20 1.39284E-19
 4.89993E+02 7.38760E-19 0.00000E+00 0.00000E+00 0.00000E+00 0.00000E+00 0.00000E+00 0.00000E+00 0.00000E+00 0.00000E+00 5.96483E-20 6.22885E-20 6.29536E-20 1.39110E-19
 4.90988E+02 7.38026E-19 0.00000E+00 0.00000E+00 0.00000E+00 0.00000E+00 0.00000E+00 0.00000E+00 0.00000E+00 0.00000E+00 6.08736E-20 6.21169E-20 6.28153E-20 1.38763E-19
 4.91985E+02 7.38882E-19 0.00000E+00 0.00000E+00 0.00000E+00 0.00000E+00 0.00000E+00 0.00000E+00 0.00000E+00 0.00000E+00 6.36864E-20 6.19456E-20 6.26770E-20 1.38417E-19
 4.92984E+02 7.41822E-19 0.00000E+00 0.00000E+00 0.00000E+00 0.00000E+00 0.00000E+00 0.00000E+00 0.00000E+00 0.00000E+00 6.85802E-20 6.17746E-20 6.25389E-20 1.38070E-19
 4.93985E+02 7.47495E-19 0.00000E+00 0.00000E+00 0.00000E+00 0.00000E+00 0.00000E+00 0.00000E+00 0.00000E+00 0.00000E+00 7.62047E-20 6.16038E-20 6.24007E-20 1.37725E-19
 4.94486E+02 7.51608E-19 0.00000E+00 0.00000E+00 0.00000E+00 0.00000E+00 0.00000E+00 0.00000E+00 0.00000E+00 0.00000E+00 8.12923E-20 6.15186E-20 6.23317E-20 1.37552E-19
 4.94988E+02 7.56731E-19 0.00000E+00 0.00000E+00 0.00000E+00 0.00000E+00 0.00000E+00 0.00000E+00 0.00000E+00 0.00000E+00 8.73888E-20 6.14334E-20 6.22627E-20 1.37380E-19
 4.95490E+02 7.62997E-19 0.00000E+00 0.00000E+00 0.00000E+00 0.00000E+00 0.00000E+00 0.00000E+00 0.00000E+00 0.00000E+00 9.46284E-20 6.13483E-20 6.21937E-20 1.37207E-19
 4.95993E+02 7.70554E-19 0.00000E+00 0.00000E+00 0.00000E+00 0.00000E+00 0.00000E+00 0.00000E+00 0.00000E+00 0.00000E+00 1.03159E-19 6.12633E-20 6.21247E-20 1.37035E-19
 4.96496E+02 7.79562E-19 0.00000E+00 0.00000E+00 0.00000E+00 0.00000E+00 0.00000E+00 0.00000E+00 0.00000E+00 0.00000E+00 1.13138E-19 6.11784E-20 6.20558E-20 1.36862E-19
 4.97000E+02 7.90189E-19 0.00000E+00 0.00000E+00 0.00000E+00 0.00000E+00 0.00000E+00 0.00000E+00 0.00000E+00 0.00000E+00 1.24737E-19 6.10935E-20 6.19869E-20 1.36690E-19
 4.97000E+02 8.30546E-19 0.00000E+00 0.00000E+00 0.00000E+00 0.00000E+00 0.00000E+00 0.00000E+00 0.00000E+00 4.03541E-20 1.24739E-19 6.10935E-20 6.19868E-20 1.36690E-19
 4.97374E+02 8.39590E-19 0.00000E+00 0.00000E+00 0.00000E+00 0.00000E+00 0.00000E+00 0.00000E+00 0.00000E+00 4.03636E-20 1.34493E-19 6.10306E-20 6.19357E-20 1.36563E-19
 4.97748E+02 8.49766E-19 0.00000E+00 0.00000E+00 0.00000E+00 0.00000E+00 0.00000E+00 0.00000E+00 0.00000E+00 4.04389E-20 1.45315E-19 6.09678E-20 6.18846E-20 1.36435E-19
 4.98123E+02 8.61197E-19 0.00000E+00 0.00000E+00 0.00000E+00 0.00000E+00 0.00000E+00 0.00000E+00 0.00000E+00 4.06249E-20 1.57279E-19 6.09050E-20 6.18335E-20 1.36308E-19
 4.98498E+02 8.73958E-19 0.00000E+00 0.00000E+00 0.00000E+00 0.00000E+00 0.00000E+00 0.00000E+00 0.00000E+00 4.09197E-20 1.70464E-19 6.08422E-20 6.17825E-20 1.36180E-19
 4.98873E+02 8.88140E-19 0.00000E+00 0.00000E+00 0.00000E+00 0.00000E+00 0.00000E+00 0.00000E+00 0.00000E+00 4.13377E-20 1.84946E-19 6.07795E-20 6.17314E-20 1.36053E-19
 4.99248E+02 9.03835E-19 0.00000E+00 0.00000E+00 0.00000E+00 0.00000E+00 0.00000E+00 0.00000E+00 0.00000E+00 4.18932E-20 2.00804E-19 6.07168E-20 6.16804E-20 1.35926E-19
 4.99624E+02 9.21136E-19 0.00000E+00 0.00000E+00 0.00000E+00 0.00000E+00 0.00000E+00 0.00000E+00 0.00000E+00 4.26012E-20 2.18114E-19 6.06542E-20 6.16293E-20 1.35799E-19
 5.00000E+02 9.40125E-19 0.00000E+00 0.00000E+00 0.00000E+00 0.00000E+00 0.00000E+00 0.00000E+00 0.00000E+00 4.34794E-20 2.36942E-19 6.05916E-20 6.15783E-20 1.35672E-19
 5.00372E+02 9.60661E-19 0.00000E+00 0.00000E+00 0.00000E+00 0.00000E+00 0.00000E+00 0.00000E+00 0.00000E+00 4.45352E-20 2.57131E-19 6.05297E-20 6.15278E-20 1.35546E-19
 5.00745E+02 9.83003E-19 0.00000E+00 0.00000E+00 0.00000E+00 0.00000E+00 0.00000E+00 0.00000E+00 0.00000E+00 4.57972E-20 2.78921E-19 6.04678E-20 6.14773E-20 1.35420E-19
 5.01118E+02 1.00723E-18 0.00000E+00 0.00000E+00 0.00000E+00 0.00000E+00 0.00000E+00 0.00000E+00 0.00000E+00 4.72881E-20 3.02368E-19 6.04060E-20 6.14268E-20 1.35294E-19
 5.01491E+02 1.03341E-18 0.00000E+00 0.00000E+00 0.00000E+00 0.00000E+00 0.00000E+00 0.00000E+00 0.00000E+00 4.90328E-20 3.27510E-19 6.03442E-20 6.13764E-20 1.35169E-19
 5.02239E+02 1.09181E-18 0.00000E+00 0.00000E+00 0.00000E+00 0.00000E+00 0.00000E+00 0.00000E+00 0.00000E+00 5.33942E-20 3.82968E-19 6.02207E-20 6.12755E-20 1.34918E-19
 5.02987E+02 1.15854E-18 0.00000E+00 0.00000E+00 0.00000E+00 0.00000E+00 0.00000E+00 0.00000E+00 0.00000E+00 5.91283E-20 4.45369E-19 6.00975E-20 6.11747E-20 1.34667E-19
 5.03737E+02 1.23373E-18 0.00000E+00 0.00000E+00 0.00000E+00 0.00000E+00 0.00000E+00 0.00000E+00 0.00000E+00 6.65221E-20 5.14578E-19 5.99743E-20 6.10739E-20 1.34417E-19
 5.04488E+02 1.31735E-18 0.00000E+00 0.00000E+00 0.00000E+00 0.00000E+00 0.00000E+00 0.00000E+00 0.00000E+00 7.59039E-20 5.90233E-19 5.98514E-20 6.09732E-20 1.34166E-19
 5.05993E+02 1.50892E-18 0.00000E+00 0.00000E+00 0.00000E+00 0.00000E+00 0.00000E+00 0.00000E+00 0.00000E+00 1.02123E-19 7.58397E-19 5.96060E-20 6.07719E-20 1.33667E-19
 5.07502E+02 1.72989E-18 0.00000E+00 0.00000E+00 0.00000E+00 0.00000E+00 0.00000E+00 0.00000E+00 0.00000E+00 1.40996E-19 9.43307E-19 5.93614E-20 6.05709E-20 1.33168E-19
 5.08258E+02 1.84994E-18 0.00000E+00 0.00000E+00 0.00000E+00 0.00000E+00 0.00000E+00 0.00000E+00 0.00000E+00 1.66184E-19 1.03957E-18 5.92393E-20 6.04704E-20 1.32919E-19
 5.09016E+02 1.97550E-18 0.00000E+00 0.00000E+00 0.00000E+00 0.00000E+00 0.00000E+00 0.00000E+00 0.00000E+00 1.95679E-19 1.13704E-18 5.91174E-20 6.03700E-20 1.32671E-19
 5.09774E+02 2.10589E-18 0.00000E+00 0.00000E+00 0.00000E+00 0.00000E+00 0.00000E+00 0.00000E+00 0.00000E+00 2.29732E-19 1.23478E-18 5.89957E-20 6.02697E-20 1.32422E-19
 5.10534E+02 2.24040E-18 0.00000E+00 0.00000E+00 0.00000E+00 0.00000E+00 0.00000E+00 0.00000E+00 0.00000E+00 2.68484E-19 1.33193E-18 5.88741E-20 6.01694E-20 1.32174E-19
 5.11295E+02 2.37829E-18 0.00000E+00 0.00000E+00 0.00000E+00 0.00000E+00 0.00000E+00 0.00000E+00 0.00000E+00 3.11934E-19 1.42777E-18 5.87528E-20 6.00692E-20 1.31926E-19
 5.12057E+02 2.51877E-18 0.00000E+00 0.00000E+00 0.00000E+00 0.00000E+00 0.00000E+00 0.00000E+00 0.00000E+00 3.59930E-19 1.52165E-18 5.86316E-20 5.99690E-20 1.31679E-19
 5.12820E+02 2.66101E-18 0.00000E+00 0.00000E+00 0.00000E+00 0.00000E+00 0.00000E+00 0.00000E+00 0.00000E+00 4.12158E-19 1.61305E-18 5.85106E-20 5.98689E-20 1.31432E-19
 5.13584E+02 2.80409E-18 0.00000E+00 0.00000E+00 0.00000E+00 0.00000E+00 0.00000E+00 0.00000E+00 0.00000E+00 4.68163E-19 1.70152E-18 5.83897E-20 5.97689E-20 1.31185E-19
 5.14350E+02 2.94709E-18 0.00000E+00 0.00000E+00 0.00000E+00 0.00000E+00 0.00000E+00 0.00000E+00 0.00000E+00 5.27371E-19 1.78670E-18 5.82691E-20 5.96689E-20 1.30938E-19
 5.15116E+02 3.08903E-18 0.00000E+00 0.00000E+00 0.00000E+00 0.00000E+00 0.00000E+00 0.00000E+00 0.00000E+00 5.89122E-19 1.86828E-18 5.81486E-20 5.95690E-20 1.30691E-19
 5.15884E+02 3.22897E-18 0.00000E+00 0.00000E+00 0.00000E+00 0.00000E+00 0.00000E+00 0.00000E+00 0.00000E+00 6.52717E-19 1.94601E-18 5.80283E-20 5.94691E-20 1.30445E-19
 5.16653E+02 3.36599E-18 0.00000E+00 0.00000E+00 0.00000E+00 0.00000E+00 0.00000E+00 0.00000E+00 0.00000E+00 7.17450E-19 2.01969E-18 5.79082E-20 5.93693E-20 1.30199E-19
 5.17423E+02 3.49925E-18 0.00000E+00 0.00000E+00 0.00000E+00 0.00000E+00 0.00000E+00 0.00000E+00 0.00000E+00 7.82648E-19 2.08913E-18 5.77882E-20 5.92696E-20 1.29954E-19
 5.18194E+02 3.62798E-18 0.00000E+00 0.00000E+00 0.00000E+00 0.00000E+00 0.00000E+00 0.00000E+00 0.00000E+00 8.47689E-19 2.15420E-18 5.76685E-20 5.91699E-20 1.29709E-19
 5.18966E+02 3.75152E-18 0.00000E+00 0.00000E+00 0.00000E+00 0.00000E+00 0.00000E+00 0.00000E+00 0.00000E+00 9.12028E-19 2.21479E-18 5.75489E-20 5.90703E-20 1.29463E-19
 5.19740E+02 3.86932E-18 0.00000E+00 0.00000E+00 0.00000E+00 0.00000E+00 0.00000E+00 0.00000E+00 0.00000E+00 9.75188E-19 2.27080E-18 5.74295E-20 5.89707E-20 1.29219E-19
 5.20514E+02 3.98092E-18 0.00000E+00 0.00000E+00 0.00000E+00 0.00000E+00 0.00000E+00 0.00000E+00 0.00000E+00 1.03677E-18 2.32220E-18 5.73103E-20 5.88712E-20 1.28974E-19
 5.21290E+02 4.08597E-18 0.00000E+00 0.00000E+00 0.00000E+00 0.00000E+00 0.00000E+00 0.00000E+00 0.00000E+00 1.09645E-18 2.36895E-18 5.71912E-20 5.87718E-20 1.28730E-19
 5.22067E+02 4.18422E-18 0.00000E+00 0.00000E+00 0.00000E+00 0.00000E+00 0.00000E+00 0.00000E+00 0.00000E+00 1.15394E-18 2.41107E-18 5.70724E-20 5.86724E-20 1.28486E-19
 5.22845E+02 4.27548E-18 0.00000E+00 0.00000E+00 0.00000E+00 0.00000E+00 0.00000E+00 0.00000E+00 0.00000E+00 1.20903E-18 2.44861E-18 5.69537E-20 5.85731E-20 1.28243E-19
 5.23624E+02 4.35964E-18 0.00000E+00 0.00000E+00 0.00000E+00 0.00000E+00 0.00000E+00 0.00000E+00 0.00000E+00 1.26153E-18 2.48165E-18 5.68353E-20 5.84739E-20 1.27999E-19
 5.24404E+02 4.43668E-18 0.00000E+00 0.00000E+00 0.00000E+00 0.00000E+00 0.00000E+00 0.00000E+00 0.00000E+00 1.31129E-18 2.51030E-18 5.67170E-20 5.83748E-20 1.27756E-19
 5.25186E+02 4.50660E-18 0.00000E+00 0.00000E+00 0.00000E+00 0.00000E+00 0.00000E+00 0.00000E+00 0.00000E+00 1.35818E-18 2.53471E-18 5.65989E-20 5.82757E-20 1.27513E-19
 5.25969E+02 4.56949E-18 0.00000E+00 0.00000E+00 0.00000E+00 0.00000E+00 0.00000E+00 0.00000E+00 0.00000E+00 1.40210E-18 2.55504E-18 5.64810E-20 5.81766E-20 1.27271E-19
 5.26753E+02 4.62544E-18 0.00000E+00 0.00000E+00 0.00000E+00 0.00000E+00 0.00000E+00 0.00000E+00 0.00000E+00 1.44296E-18 2.57149E-18 5.63632E-20 5.80777E-20 1.27029E-19
 5.27538E+02 4.67463E-18 0.00000E+00 0.00000E+00 0.00000E+00 0.00000E+00 0.00000E+00 0.00000E+00 0.00000E+00 1.48072E-18 2.58429E-18 5.62457E-20 5.79788E-20 1.26787E-19
 5.28324E+02 4.71725E-18 0.00000E+00 0.00000E+00 0.00000E+00 0.00000E+00 0.00000E+00 0.00000E+00 0.00000E+00 1.51533E-18 2.59366E-18 5.61283E-20 5.78800E-20 1.26545E-19
 5.29111E+02 4.75354E-18 0.00000E+00 0.00000E+00 0.00000E+00 0.00000E+00 0.00000E+00 0.00000E+00 0.00000E+00 1.54678E-18 2.59985E-18 5.60112E-20 5.77812E-20 1.26304E-19
 5.29900E+02 4.78374E-18 0.00000E+00 0.00000E+00 0.00000E+00 0.00000E+00 0.00000E+00 0.00000E+00 0.00000E+00 1.57508E-18 2.60311E-18 5.58942E-20 5.76825E-20 1.26063E-19
 5.30689E+02 4.80815E-18 0.00000E+00 0.00000E+00 0.00000E+00 0.00000E+00 0.00000E+00 0.00000E+00 0.00000E+00 1.60025E-18 2.60371E-18 5.57774E-20 5.75839E-20 1.25822E-19
 5.32272E+02 4.84087E-18 0.00000E+00 0.00000E+00 0.00000E+00 0.00000E+00 0.00000E+00 0.00000E+00 0.00000E+00 1.64148E-18 2.59791E-18 5.55444E-20 5.73869E-20 1.25342E-19
 5.33860E+02 4.85438E-18 0.00000E+00 0.00000E+00 0.00000E+00 0.00000E+00 0.00000E+00 0.00000E+00 0.00000E+00 1.67118E-18 2.58441E-18 5.53122E-20 5.71902E-20 1.24862E-19
 5.35453E+02 4.85153E-18 0.00000E+00 0.00000E+00 0.00000E+00 0.00000E+00 0.00000E+00 0.00000E+00 0.00000E+00 1.69038E-18 2.56505E-18 5.50807E-20 5.69938E-20 1.24384E-19
 5.37050E+02 4.83516E-18 0.00000E+00 0.00000E+00 0.00000E+00 0.00000E+00 0.00000E+00 0.00000E+00 0.00000E+00 1.70034E-18 2.54142E-18 5.48501E-20 5.67977E-20 1.23907E-19
 5.38652E+02 4.80804E-18 0.00000E+00 0.00000E+00 0.00000E+00 0.00000E+00 0.00000E+00 0.00000E+00 0.00000E+00 1.70242E-18 2.51489E-18 5.46202E-20 5.66019E-20 1.23431E-19
 5.40258E+02 4.77270E-18 0.00000E+00 0.00000E+00 0.00000E+00 0.00000E+00 0.00000E+00 0.00000E+00 0.00000E+00 1.69805E-18 2.48660E-18 5.43910E-20 5.64064E-20 1.22956E-19
 5.43486E+02 4.68610E-18 0.00000E+00 0.00000E+00 0.00000E+00 0.00000E+00 0.00000E+00 0.00000E+00 0.00000E+00 1.67526E-18 2.42811E-18 5.39351E-20 5.60163E-20 1.22009E-19
 5.50000E+02 4.49233E-18 0.00000E+00 0.00000E+00 0.00000E+00 0.00000E+00 0.00000E+00 0.00000E+00 0.00000E+00 1.60277E-18 2.31740E-18 5.30329E-20 5.52402E-20 1.20130E-19
 5.56015E+02 4.32790E-18 0.00000E+00 0.00000E+00 0.00000E+00 0.00000E+00 0.00000E+00 0.00000E+00 0.00000E+00 1.53361E-18 2.23169E-18 5.22204E-20 5.45363E-20 1.18430E-19
 5.62095E+02 4.18659E-18 0.00000E+00 0.00000E+00 0.00000E+00 0.00000E+00 0.00000E+00 0.00000E+00 0.00000E+00 1.47377E-18 2.15968E-18 5.14185E-20 5.38369E-20 1.16744E-19
 5.68242E+02 4.06466E-18 0.00000E+00 0.00000E+00 0.00000E+00 0.00000E+00 0.00000E+00 0.00000E+00 0.00000E+00 1.42398E-18 2.09690E-18 5.06269E-20 5.31419E-20 1.15073E-19
 5.74456E+02 3.95506E-18 0.00000E+00 0.00000E+00 0.00000E+00 0.00000E+00 0.00000E+00 0.00000E+00 0.00000E+00 1.38140E-18 2.03916E-18 4.98456E-20 5.24512E-20 1.13417E-19
 5.87089E+02 3.75446E-18 0.00000E+00 0.00000E+00 0.00000E+00 0.00000E+00 0.00000E+00 0.00000E+00 0.00000E+00 1.30676E-18 1.93146E-18 4.83126E-20 5.10827E-20 1.10147E-19
 6.00000E+02 3.56895E-18 0.00000E+00 0.00000E+00 0.00000E+00 0.00000E+00 0.00000E+00 0.00000E+00 0.00000E+00 1.23848E-18 1.83209E-18 4.68172E-20 4.97303E-20 1.06932E-19
 6.11673E+02 3.41967E-18 0.00000E+00 0.00000E+00 0.00000E+00 0.00000E+00 0.00000E+00 0.00000E+00 0.00000E+00 1.18324E-18 1.75353E-18 4.55221E-20 4.85453E-20 1.04129E-19
 6.23574E+02 3.28550E-18 0.00000E+00 0.00000E+00 0.00000E+00 0.00000E+00 0.00000E+00 0.00000E+00 0.00000E+00 1.13417E-18 1.68360E-18 4.42544E-20 4.73732E-20 1.01369E-19
 6.48074E+02 3.04616E-18 0.00000E+00 0.00000E+00 0.00000E+00 0.00000E+00 0.00000E+00 0.00000E+00 0.00000E+00 1.04956E-18 1.55820E-18 4.17993E-20 4.50716E-20 9.59893E-20
 6.73537E+02 2.82066E-18 0.00000E+00 0.00000E+00 0.00000E+00 0.00000E+00 0.00000E+00 0.00000E+00 0.00000E+00 9.71330E-19 1.43893E-18 3.94487E-20 4.28327E-20 9.08049E-20
 7.00000E+02 2.60722E-18 0.00000E+00 0.00000E+00 0.00000E+00 0.00000E+00 0.00000E+00 0.00000E+00 0.00000E+00 8.96537E-19 1.32695E-18 3.72063E-20 4.06631E-20 8.58250E-20
 7.19000E+02 2.46899E-18 0.00000E+00 0.00000E+00 0.00000E+00 0.00000E+00 0.00000E+00 0.00000E+00 0.00000E+00 8.48286E-19 1.25474E-18 3.57136E-20 3.91988E-20 8.24864E-20
 7.19000E+02 2.63043E-18 0.00000E+00 0.00000E+00 0.00000E+00 0.00000E+00 0.00000E+00 0.00000E+00 1.61436E-19 8.48285E-19 1.25474E-18 3.57136E-20 3.91988E-20 8.24864E-20
 7.19638E+02 2.64661E-18 0.00000E+00 0.00000E+00 0.00000E+00 0.00000E+00 0.00000E+00 0.00000E+00 1.82072E-19 8.46735E-19 1.25242E-18 3.56651E-20 3.91509E-20 8.23775E-20
 7.20277E+02 2.66125E-18 0.00000E+00 0.00000E+00 0.00000E+00 0.00000E+00 0.00000E+00 0.00000E+00 2.01155E-19 8.45188E-19 1.25010E-18 3.56166E-20 3.91030E-20 8.22687E-20
 7.21556E+02 2.68507E-18 0.00000E+00 0.00000E+00 0.00000E+00 0.00000E+00 0.00000E+00 0.00000E+00 2.33840E-19 8.42101E-19 1.24547E-18 3.55198E-20 3.90074E-20 8.20515E-20
 7.22837E+02 2.70159E-18 0.00000E+00 0.00000E+00 0.00000E+00 0.00000E+00 0.00000E+00 0.00000E+00 2.59197E-19 8.39025E-19 1.24085E-18 3.54233E-20 3.89120E-20 8.18346E-20
 7.24121E+02 2.71157E-18 0.00000E+00 0.00000E+00 0.00000E+00 0.00000E+00 0.00000E+00 0.00000E+00 2.77994E-19 8.35960E-19 1.23626E-18 3.53270E-20 3.88167E-20 8.16182E-20
 7.25406E+02 2.71621E-18 0.00000E+00 0.00000E+00 0.00000E+00 0.00000E+00 0.00000E+00 0.00000E+00 2.91410E-19 8.32904E-19 1.23167E-18 3.52310E-20 3.87216E-20 8.14022E-20
 7.26694E+02 2.71670E-18 0.00000E+00 0.00000E+00 0.00000E+00 0.00000E+00 0.00000E+00 0.00000E+00 3.00660E-19 8.29859E-19 1.22710E-18 3.51351E-20 3.86266E-20 8.11867E-20
 7.29278E+02 2.70934E-18 0.00000E+00 0.00000E+00 0.00000E+00 0.00000E+00 0.00000E+00 0.00000E+00 3.10739E-19 8.23797E-19 1.21800E-18 3.49442E-20 3.84371E-20 8.07568E-20
 7.34471E+02 2.67913E-18 0.00000E+00 0.00000E+00 0.00000E+00 0.00000E+00 0.00000E+00 0.00000E+00 3.15125E-19 8.11778E-19 1.19993E-18 3.45651E-20 3.80599E-20 7.99020E-20
 7.39702E+02 2.64385E-18 0.00000E+00 0.00000E+00 0.00000E+00 0.00000E+00 0.00000E+00 0.00000E+00 3.14110E-19 7.99886E-19 1.18203E-18 3.41896E-20 3.76852E-20 7.90537E-20
 7.61000E+02 2.51049E-18 0.00000E+00 0.00000E+00 0.00000E+00 0.00000E+00 0.00000E+00 0.00000E+00 3.15051E-19 7.53319E-19 1.11174E-18 3.27238E-20 3.62095E-20 7.57243E-20
 7.61000E+02 2.57564E-18 0.00000E+00 0.00000E+00 0.00000E+00 0.00000E+00 0.00000E+00 6.51558E-20 3.15051E-19 7.53319E-19 1.11174E-18 3.27238E-20 3.62095E-20 7.57243E-20
 7.61595E+02 2.58000E-18 0.00000E+00 0.00000E+00 0.00000E+00 0.00000E+00 0.00000E+00 7.30778E-20 3.15113E-19 7.52059E-19 1.10983E-18 3.26843E-20 3.61694E-20 7.56341E-20
 7.62189E+02 2.58379E-18 0.00000E+00 0.00000E+00 0.00000E+00 0.00000E+00 0.00000E+00 8.04499E-20 3.15168E-19 7.50799E-19 1.10793E-18 3.26448E-20 3.61293E-20 7.55440E-20
 7.63381E+02 2.58940E-18 0.00000E+00 0.00000E+00 0.00000E+00 0.00000E+00 0.00000E+00 9.32178E-20 3.15256E-19 7.48284E-19 1.10414E-18 3.25660E-20 3.60493E-20 7.53641E-20
 7.65769E+02 2.59275E-18 0.00000E+00 0.00000E+00 0.00000E+00 0.00000E+00 0.00000E+00 1.10953E-19 3.15335E-19 7.43265E-19 1.09656E-18 3.24088E-20 3.58897E-20 7.50051E-20
 7.68165E+02 2.58787E-18 0.00000E+00 0.00000E+00 0.00000E+00 0.00000E+00 0.00000E+00 1.20528E-19 3.15278E-19 7.38263E-19 1.08902E-18 3.22522E-20 3.57305E-20 7.46473E-20
 7.70568E+02 2.57791E-18 0.00000E+00 0.00000E+00 0.00000E+00 0.00000E+00 0.00000E+00 1.25108E-19 3.15081E-19 7.33276E-19 1.08152E-18 3.20963E-20 3.55717E-20 7.42908E-20
 7.75397E+02 2.55110E-18 0.00000E+00 0.00000E+00 0.00000E+00 0.00000E+00 0.00000E+00 1.27623E-19 3.14271E-19 7.23357E-19 1.06660E-18 3.17865E-20 3.52556E-20 7.35813E-20
 7.80256E+02 2.52150E-18 0.00000E+00 0.00000E+00 0.00000E+00 0.00000E+00 0.00000E+00 1.27597E-19 3.12953E-19 7.13516E-19 1.05183E-18 3.14793E-20 3.49412E-20 7.28767E-20
 8.00000E+02 2.40482E-18 0.00000E+00 0.00000E+00 0.00000E+00 0.00000E+00 0.00000E+00 1.28882E-19 3.05109E-19 6.75110E-19 9.94374E-19 3.02747E-20 3.37019E-20 7.01066E-20
 8.21147E+02 2.28730E-18 0.00000E+00 0.00000E+00 0.00000E+00 0.00000E+00 0.00000E+00 1.29249E-19 2.96803E-19 6.36879E-19 9.37359E-19 2.90570E-20 3.24391E-20 6.72968E-20
 8.42852E+02 2.17266E-18 0.00000E+00 0.00000E+00 0.00000E+00 0.00000E+00 0.00000E+00 1.26568E-19 2.89296E-19 6.00487E-19 8.83065E-19 2.78799E-20 3.12096E-20 6.45729E-20
 8.88000E+02 1.95479E-18 0.00000E+00 0.00000E+00 0.00000E+00 0.00000E+00 0.00000E+00 1.21280E-19 2.72427E-19 5.32397E-19 7.81343E-19 2.56485E-20 2.88548E-20 5.93869E-20
 8.88000E+02 2.04803E-18 0.00000E+00 0.00000E+00 0.00000E+00 0.00000E+00 9.32420E-20 1.21280E-19 2.72427E-19 5.32396E-19 7.81343E-19 2.56485E-20 2.88548E-20 5.93869E-20
 8.88745E+02 2.04341E-18 0.00000E+00 0.00000E+00 0.00000E+00 0.00000E+00 9.19915E-20 1.21191E-19 2.72150E-19 5.31346E-19 7.79779E-19 2.56139E-20 2.88180E-20 5.93063E-20
 8.89491E+02 2.03887E-18 0.00000E+00 0.00000E+00 0.00000E+00 0.00000E+00 9.08252E-20 1.21102E-19 2.71874E-19 5.30297E-19 7.78219E-19 2.55794E-20 2.87813E-20 5.92258E-20
 8.90985E+02 2.03032E-18 0.00000E+00 0.00000E+00 0.00000E+00 0.00000E+00 8.90071E-20 1.20923E-19 2.71324E-19 5.28203E-19 7.75103E-19 2.55105E-20 2.87080E-20 5.90650E-20
 8.93980E+02 2.01474E-18 0.00000E+00 0.00000E+00 0.00000E+00 0.00000E+00 8.68475E-20 1.20558E-19 2.70228E-19 5.24033E-19 7.68900E-19 2.53733E-20 2.85618E-20 5.87445E-20
 9.00000E+02 1.98695E-18 0.00000E+00 0.00000E+00 0.00000E+00 0.00000E+00 8.56885E-20 1.19809E-19 2.68057E-19 5.15763E-19 7.56602E-19 2.51006E-20 2.82712E-20 5.81076E-20
 9.24021E+02 1.88580E-18 0.00000E+00 0.00000E+00 0.00000E+00 0.00000E+00 8.62233E-20 1.16728E-19 2.59824E-19 4.84245E-19 7.09776E-19 2.40560E-20 2.71515E-20 5.56599E-20
 9.48683E+02 1.78537E-18 0.00000E+00 0.00000E+00 0.00000E+00 0.00000E+00 8.28697E-20 1.13589E-19 2.51740E-19 4.54316E-19 6.65371E-19 2.30509E-20 2.60653E-20 5.32946E-20
 1.00000E+03 1.59976E-18 0.00000E+00 0.00000E+00 0.00000E+00 0.00000E+00 7.81403E-20 1.07536E-19 2.35229E-19 3.99199E-19 5.83722E-19 2.11526E-20 2.39904E-20 4.88036E-20
 1.04881E+03 1.44518E-18 0.00000E+00 0.00000E+00 0.00000E+00 0.00000E+00 7.34856E-20 1.01851E-19 2.20807E-19 3.54064E-19 5.16928E-19 1.95533E-20 2.22202E-20 4.50033E-20
 1.10000E+03 1.30369E-18 0.00000E+00 0.00000E+00 0.00000E+00 0.00000E+00 6.91781E-20 9.62722E-20 2.06750E-19 3.13204E-19 4.56670E-19 1.80624E-20 2.05538E-20 4.14502E-20
 1.17260E+03 1.13310E-18 0.00000E+00 0.00000E+00 0.00000E+00 0.00000E+00 6.35626E-20 8.87846E-20 1.88428E-19 2.64979E-19 3.85678E-19 1.62269E-20 1.84819E-20 3.70587E-20
 1.25000E+03 9.82413E-19 0.00000E+00 0.00000E+00 0.00000E+00 0.00000E+00 5.82199E-20 8.14949E-20 1.71074E-19 2.23269E-19 3.24403E-19 1.45662E-20 1.65796E-20 3.30547E-20
 1.40000E+03 7.59263E-19 0.00000E+00 0.00000E+00 0.00000E+00 0.00000E+00 4.95302E-20 6.91490E-20 1.42638E-19 1.63572E-19 2.36988E-19 1.19928E-20 1.36014E-20 2.68570E-20
 1.50000E+03 6.47189E-19 0.00000E+00 0.00000E+00 0.00000E+00 0.00000E+00 4.47071E-20 6.21450E-20 1.26924E-19 1.34703E-19 1.94838E-19 1.06410E-20 1.20179E-20 2.35952E-20
 1.62019E+03 5.40405E-19 0.00000E+00 0.00000E+00 0.00000E+00 0.00000E+00 3.97465E-20 5.48583E-20 1.10900E-19 1.08069E-19 1.56014E-19 9.29781E-21 1.04376E-20 2.03620E-20
 1.75000E+03 4.50312E-19 0.00000E+00 0.00000E+00 0.00000E+00 0.00000E+00 3.52389E-20 4.81469E-20 9.64121E-20 8.63663E-20 1.24449E-19 8.11696E-21 9.03833E-21 1.75232E-20
 2.00000E+03 3.26912E-19 0.00000E+00 0.00000E+00 0.00000E+00 0.00000E+00 2.84113E-20 3.79554E-20 7.48407E-20 5.80879E-20 8.34313E-20 6.39604E-21 6.99618E-21 1.34221E-20
 2.20000E+03 2.59287E-19 0.00000E+00 0.00000E+00 0.00000E+00 0.00000E+00 2.42498E-20 3.17527E-20 6.19730E-20 4.34812E-20 6.23060E-20 5.38547E-21 5.79661E-21 1.10390E-20
 2.50000E+03 1.89319E-19 0.00000E+00 0.00000E+00 0.00000E+00 0.00000E+00 1.94984E-20 2.47406E-20 4.76706E-20 2.92391E-20 4.17683E-20 4.26507E-21 4.47353E-21 8.43655E-21
 2.73861E+03 1.50909E-19 0.00000E+00 0.00000E+00 0.00000E+00 0.00000E+00 1.66310E-20 2.05684E-20 3.92853E-20 2.19065E-20 3.12219E-20 3.60378E-21 3.70057E-21 6.93118E-21
 3.00000E+03 1.20085E-19 0.00000E+00 0.00000E+00 0.00000E+00 0.00000E+00 1.41465E-20 1.70074E-20 3.22097E-20 1.63372E-20 2.32304E-20 3.04252E-21 3.04854E-21 5.67105E-21
 3.24037E+03 9.88419E-20 0.00000E+00 0.00000E+00 0.00000E+00 0.00000E+00 1.23103E-20 1.44219E-20 2.71243E-20 1.27024E-20 1.80267E-20 2.63237E-21 2.57919E-21 4.77049E-21
 3.50000E+03 8.12576E-20 0.00000E+00 0.00000E+00 0.00000E+00 0.00000E+00 1.06960E-20 1.21838E-20 2.27608E-20 9.84414E-21 1.39427E-20 2.27478E-21 2.17534E-21 4.00064E-21
 3.93300E+03 6.02765E-20 0.00000E+00 0.00000E+00 0.00000E+00 0.00000E+00 8.61438E-21 9.37668E-21 1.73422E-20 6.65400E-21 9.39518E-21 1.81917E-21 1.67138E-21 3.04737E-21
 3.93300E+03 1.16920E-19 0.00000E+00 0.00000E+00 0.00000E+00 5.66438E-20 8.61438E-21 9.37667E-21 1.73422E-20 6.65399E-21 9.39518E-21 1.81917E-21 1.67138E-21 3.04737E-21
 3.93508E+03 1.43612E-19 0.00000E+00 0.00000E+00 0.00000E+00 8.34174E-20 8.60587E-21 9.36540E-21 1.73206E-20 6.64216E-21 9.37834E-21 1.81732E-21 1.66937E-21 3.04358E-21
 3.93715E+03 1.61958E-19 0.00000E+00 0.00000E+00 0.00000E+00 1.01844E-19 8.59737E-21 9.35414E-21 1.72990E-20 6.63035E-21 9.36153E-21 1.81548E-21 1.66735E-21 3.03979E-21
 3.93923E+03 1.73066E-19 0.00000E+00 0.00000E+00 0.00000E+00 1.13034E-19 8.58888E-21 9.34289E-21 1.72774E-20 6.61856E-21 9.34475E-21 1.81363E-21 1.66534E-21 3.03601E-21
 3.94131E+03 1.79174E-19 0.00000E+00 0.00000E+00 0.00000E+00 1.19223E-19 8.58039E-21 9.33165E-21 1.72559E-20 6.60678E-21 9.32799E-21 1.81179E-21 1.66334E-21 3.03223E-21
 3.94339E+03 1.82213E-19 0.00000E+00 0.00000E+00 0.00000E+00 1.22344E-19 8.57192E-21 9.32042E-21 1.72343E-20 6.59503E-21 9.31126E-21 1.80994E-21 1.66133E-21 3.02845E-21
 3.94548E+03 1.83514E-19 0.00000E+00 0.00000E+00 0.00000E+00 1.23725E-19 8.56345E-21 9.30921E-21 1.72128E-20 6.58329E-21 9.29457E-21 1.80810E-21 1.65932E-21 3.02468E-21
 3.94756E+03 1.83905E-19 0.00000E+00 0.00000E+00 0.00000E+00 1.24197E-19 8.55498E-21 9.29801E-21 1.71913E-20 6.57158E-21 9.27790E-21 1.80626E-21 1.65732E-21 3.02091E-21
 3.94964E+03 1.83864E-19 0.00000E+00 0.00000E+00 0.00000E+00 1.24238E-19 8.54653E-21 9.28682E-21 1.71699E-20 6.55989E-21 9.26126E-21 1.80443E-21 1.65532E-21 3.01715E-21
 3.95799E+03 1.83203E-19 0.00000E+00 0.00000E+00 0.00000E+00 1.23899E-19 8.51278E-21 9.24218E-21 1.70843E-20 6.51330E-21 9.19497E-21 1.79710E-21 1.64734E-21 3.00214E-21
 3.96217E+03 1.83342E-19 0.00000E+00 0.00000E+00 0.00000E+00 1.24198E-19 8.49596E-21 9.21993E-21 1.70416E-20 6.49013E-21 9.16199E-21 1.79344E-21 1.64337E-21 2.99466E-21
 3.96636E+03 1.83761E-19 0.00000E+00 0.00000E+00 0.00000E+00 1.24778E-19 8.47916E-21 9.19772E-21 1.69991E-20 6.46703E-21 9.12913E-21 1.78979E-21 1.63940E-21 2.98720E-21
 3.97474E+03 1.84847E-19 0.00000E+00 0.00000E+00 0.00000E+00 1.26183E-19 8.44566E-21 9.15346E-21 1.69143E-20 6.42106E-21 9.06372E-21 1.78252E-21 1.63149E-21 2.97232E-21
 3.98314E+03 1.85505E-19 0.00000E+00 0.00000E+00 0.00000E+00 1.27158E-19 8.41228E-21 9.10938E-21 1.68298E-20 6.37539E-21 8.99875E-21 1.77527E-21 1.62361E-21 2.95751E-21
 3.99156E+03 1.85390E-19 0.00000E+00 0.00000E+00 0.00000E+00 1.27359E-19 8.37902E-21 9.06549E-21 1.67457E-20 6.33002E-21 8.93420E-21 1.76804E-21 1.61577E-21 2.94277E-21
 4.00000E+03 1.84620E-19 0.00000E+00 0.00000E+00 0.00000E+00 1.26903E-19 8.34588E-21 9.02178E-21 1.66620E-20 6.28494E-21 8.87008E-21 1.76085E-21 1.60796E-21 2.92809E-21
 4.01966E+03 1.82177E-19 0.00000E+00 0.00000E+00 0.00000E+00 1.25184E-19 8.26938E-21 8.92100E-21 1.64690E-20 6.18139E-21 8.72278E-21 1.74424E-21 1.58995E-21 2.89425E-21
 4.03941E+03 1.80006E-19 0.00000E+00 0.00000E+00 0.00000E+00 1.23728E-19 8.19352E-21 8.82120E-21 1.62780E-20 6.07940E-21 8.57773E-21 1.72778E-21 1.57212E-21 2.86075E-21
 4.07922E+03 1.75759E-19 0.00000E+00 0.00000E+00 0.00000E+00 1.20885E-19 8.04367E-21 8.62453E-21 1.59019E-20 5.88005E-21 8.29425E-21 1.69528E-21 1.53698E-21 2.79478E-21
 4.16000E+03 1.66659E-19 0.00000E+00 0.00000E+00 0.00000E+00 1.14493E-19 7.75144E-21 8.24284E-21 1.51730E-20 5.49959E-21 7.75342E-21 1.63197E-21 1.46879E-21 2.66691E-21
 4.16000E+03 1.93184E-19 0.00000E+00 0.00000E+00 2.65254E-20 1.14493E-19 7.75144E-21 8.24284E-21 1.51730E-20 5.49959E-21 7.75341E-21 1.63197E-21 1.46879E-21 2.66691E-21
 4.16233E+03 2.06944E-19 0.00000E+00 0.00000E+00 4.05291E-20 1.14325E-19 7.74324E-21 8.23217E-21 1.51526E-20 5.48908E-21 7.73848E-21 1.63020E-21 1.46689E-21 2.66334E-21
 4.16466E+03 2.15645E-19 0.00000E+00 0.00000E+00 4.94724E-20 1.14158E-19 7.73506E-21 8.22151E-21 1.51323E-20 5.47859E-21 7.72357E-21 1.62843E-21 1.46498E-21 2.65977E-21
 4.16699E+03 2.20298E-19 0.00000E+00 0.00000E+00 5.43659E-20 1.13992E-19 7.72688E-21 8.21087E-21 1.51120E-20 5.46812E-21 7.70869E-21 1.62666E-21 1.46308E-21 2.65621E-21
 4.16932E+03 2.22436E-19 0.00000E+00 0.00000E+00 5.67449E-20 1.13827E-19 7.71870E-21 8.20024E-21 1.50917E-20 5.45767E-21 7.69384E-21 1.62489E-21 1.46118E-21 2.65265E-21
 4.17166E+03 2.23206E-19 0.00000E+00 0.00000E+00 5.77540E-20 1.13663E-19 7.71054E-21 8.18962E-21 1.50715E-20 5.44724E-21 7.67902E-21 1.62312E-21 1.45929E-21 2.64909E-21
 4.17400E+03 2.23300E-19 0.00000E+00 0.00000E+00 5.80864E-20 1.13499E-19 7.70238E-21 8.17901E-21 1.50512E-20 5.43682E-21 7.66422E-21 1.62136E-21 1.45739E-21 2.64555E-21
 4.17867E+03 2.22809E-19 0.00000E+00 0.00000E+00 5.80695E-20 1.13174E-19 7.68610E-21 8.15783E-21 1.50108E-20 5.41605E-21 7.63470E-21 1.61783E-21 1.45361E-21 2.63846E-21
 4.18804E+03 2.21945E-19 0.00000E+00 0.00000E+00 5.81443E-20 1.12533E-19 7.65362E-21 8.11563E-21 1.49304E-20 5.37474E-21 7.57600E-21 1.61080E-21 1.44607E-21 2.62434E-21
 4.19743E+03 2.21770E-19 0.00000E+00 0.00000E+00 5.88956E-20 1.11903E-19 7.62127E-21 8.07362E-21 1.48503E-20 5.33373E-21 7.51774E-21 1.60381E-21 1.43857E-21 2.61029E-21
 4.20683E+03 2.21577E-19 0.00000E+00 0.00000E+00 5.96182E-20 1.11281E-19 7.58904E-21 8.03181E-21 1.47706E-20 5.29303E-21 7.45990E-21 1.59684E-21 1.43110E-21 2.59631E-21
 4.21626E+03 2.20958E-19 0.00000E+00 0.00000E+00 5.99056E-20 1.10667E-19 7.55694E-21 7.99019E-21 1.46913E-20 5.25262E-21 7.40250E-21 1.58989E-21 1.42367E-21 2.58240E-21
 4.23519E+03 2.18651E-19 0.00000E+00 0.00000E+00 5.93920E-20 1.09454E-19 7.49313E-21 7.90755E-21 1.45339E-20 5.17271E-21 7.28897E-21 1.57610E-21 1.40891E-21 2.55478E-21
 4.31173E+03 2.08996E-19 0.00000E+00 0.00000E+00 5.68057E-20 1.04640E-19 7.24287E-21 7.58470E-21 1.39196E-20 4.86470E-21 6.85155E-21 1.52204E-21 1.35126E-21 2.44700E-21
 4.38966E+03 1.99802E-19 0.00000E+00 0.00000E+00 5.45412E-20 9.98641E-20 7.00046E-21 7.27390E-21 1.33293E-20 4.57459E-21 6.43974E-21 1.46975E-21 1.29578E-21 2.34342E-21
 4.46900E+03 1.90618E-19 0.00000E+00 0.00000E+00 5.20818E-20 9.51975E-20 6.76561E-21 6.97465E-21 1.27619E-20 4.30120E-21 6.05188E-21 1.41916E-21 1.24239E-21 2.24389E-21
 4.46900E+03 2.20508E-19 0.00000E+00 2.98904E-20 5.20818E-20 9.51975E-20 6.76560E-21 6.97464E-21 1.27619E-20 4.30120E-21 6.05188E-21 1.41916E-21 1.24239E-21 2.24389E-21
 4.47286E+03 2.18610E-19 0.00000E+00 2.84286E-20 5.19629E-20 9.49765E-20 6.75446E-21 6.96049E-21 1.27351E-20 4.28842E-21 6.03374E-21 1.41676E-21 1.23986E-21 2.23918E-21
 4.47673E+03 2.17651E-19 0.00000E+00 2.79057E-20 5.18443E-20 9.47559E-20 6.74334E-21 6.94636E-21 1.27083E-20 4.27566E-21 6.01566E-21 1.41436E-21 1.23734E-21 2.23449E-21
 4.48447E+03 2.16869E-19 0.00000E+00 2.79933E-20 5.16080E-20 9.43161E-20 6.72113E-21 6.91818E-21 1.26550E-20 4.25027E-21 5.97963E-21 1.40958E-21 1.23231E-21 2.22513E-21
 4.50000E+03 2.15793E-19 0.00000E+00 2.86421E-20 5.11395E-20 9.34423E-20 6.67692E-21 6.86212E-21 1.25488E-20 4.19989E-21 5.90819E-21 1.40007E-21 1.22232E-21 2.20651E-21
 4.74342E+03 1.89238E-19 0.00000E+00 2.63267E-20 4.47099E-20 8.10835E-20 6.03505E-21 6.05614E-21 1.10269E-20 3.49872E-21 4.91449E-21 1.26224E-21 1.07870E-21 1.93966E-21
 5.00000E+03 1.65694E-19 0.00000E+00 2.41835E-20 3.89493E-20 7.02064E-20 5.45074E-21 5.33700E-21 9.67578E-21 2.91172E-21 4.08384E-21 1.13730E-21 9.50723E-22 1.70290E-21
 5.50000E+03 1.29836E-19 0.00000E+00 2.05444E-20 3.01797E-20 5.39076E-20 4.52432E-21 4.22999E-21 7.60993E-21 2.08100E-21 2.91074E-21 9.40210E-22 7.53852E-22 1.34071E-21
 6.00000E+03 1.03721E-19 0.00000E+00 1.76130E-20 2.38307E-20 4.22361E-20 3.80852E-21 3.40724E-21 6.08678E-21 1.52577E-21 2.12855E-21 7.88799E-22 6.07602E-22 1.07359E-21
 6.48074E+03 8.48883E-20 0.00000E+00 1.53183E-20 1.92860E-20 3.39470E-20 3.26333E-21 2.80412E-21 4.97823E-21 1.15408E-21 1.60611E-21 6.74002E-22 5.00234E-22 8.78711E-22
 7.00000E+03 6.93891E-20 0.00000E+00 1.32883E-20 1.55702E-20 2.72155E-20 2.79301E-21 2.30093E-21 4.05970E-21 8.72809E-22 1.21173E-21 5.75409E-22 4.11061E-22 7.17870E-22
 8.00000E+03 4.87626E-20 0.00000E+00 1.03183E-20 1.06790E-20 1.84478E-20 2.12376E-21 1.62226E-21 2.83171E-21 5.33220E-22 7.37035E-22 4.35885E-22 2.90459E-22 5.02068E-22
 9.00000E+03 3.56083E-20 0.00000E+00 8.19769E-21 7.61053E-21 1.30136E-20 1.66102E-21 1.18360E-21 2.04627E-21 3.42978E-22 4.72129E-22 3.39995E-22 2.12415E-22 3.63792E-22
 1.00000E+04 2.68170E-20 0.00000E+00 6.63702E-21 5.59550E-21 9.48183E-21 1.32874E-21 8.87866E-22 1.52180E-21 2.29927E-22 3.15312E-22 2.71459E-22 1.59723E-22 2.71262E-22
 1.10000E+04 2.07143E-20 0.00000E+00 5.45957E-21 4.22169E-21 7.09559E-21 1.08280E-21 6.81627E-22 1.15910E-21 1.59517E-22 2.17957E-22 2.20904E-22 1.22898E-22 2.07115E-22
 1.25000E+04 1.46168E-20 0.00000E+00 4.17577E-21 2.87902E-21 4.78599E-21 8.19426E-22 4.75225E-22 7.99411E-22 9.71414E-23 1.32064E-22 1.66926E-22 8.59450E-23 1.43314E-22
 1.40000E+04 1.07088E-20 0.00000E+00 3.27400E-21 2.04144E-21 3.36032E-21 6.37496E-22 3.43204E-22 5.71737E-22 6.22753E-23 8.42567E-23 1.29728E-22 6.22337E-23 1.02783E-22
 1.50000E+04 8.85352E-21 0.00000E+00 2.81626E-21 1.65267E-21 2.70389E-21 5.46139E-22 2.80820E-22 4.64985E-22 4.74030E-23 6.39454E-23 1.11076E-22 5.09998E-23 8.37280E-23
 1.75000E+04 5.77470E-21 0.00000E+00 1.99804E-21 1.02551E-21 1.65470E-21 3.84629E-22 1.78200E-22 2.91024E-22 2.56207E-23 3.43202E-23 7.81481E-23 3.24701E-23 5.25848E-23
 2.00000E+04 3.97897E-21 0.00000E+00 1.47342E-21 6.74538E-22 1.07515E-21 2.82308E-22 1.19341E-22 1.92509E-22 1.49449E-23 1.98918E-23 5.73202E-23 2.18042E-23 3.48819E-23
 2.20000E+04 3.04638E-21 0.00000E+00 1.18081E-21 4.98749E-22 7.87843E-22 2.25668E-22 8.93036E-23 1.42762E-22 1.01410E-23 1.34302E-23 4.58032E-23 1.63467E-23 2.59173E-23
 2.50000E+04 2.12604E-21 0.00000E+00 8.73026E-22 3.31493E-22 5.17174E-22 1.66421E-22 6.02496E-23 9.51210E-23 6.00400E-24 7.89780E-24 3.37668E-23 1.10551E-23 1.73112E-23
 2.92040E+04 1.36911E-21 0.00000E+00 5.99981E-22 2.00529E-22 3.07968E-22 1.14142E-22 3.70589E-23 5.75891E-23 3.15238E-24 4.10967E-24 2.31548E-23 6.81896E-24 1.05106E-23
 2.92040E+04 8.70308E-21 7.33396E-21 5.99980E-22 2.00529E-22 3.07968E-22 1.14142E-22 3.70589E-23 5.75890E-23 3.15237E-24 4.10966E-24 2.31548E-23 6.81895E-24 1.05106E-23
 2.92286E+04 8.38703E-21 7.02115E-21 5.98759E-22 1.99988E-22 3.07112E-22 1.13909E-22 3.69619E-23 5.74335E-23 3.14159E-24 4.09540E-24 2.31074E-23 6.80121E-24 1.04823E-23
 2.92531E+04 8.42612E-21 7.06347E-21 5.97540E-22 1.99449E-22 3.06258E-22 1.13676E-22 3.68652E-23 5.72784E-23 3.13084E-24 4.08119E-24 2.30602E-23 6.78352E-24 1.04542E-23
 2.92777E+04 8.37035E-21 7.01091E-21 5.96324E-22 1.98911E-22 3.05406E-22 1.13444E-22 3.67688E-23 5.71238E-23 3.12013E-24 4.06703E-24 2.30131E-23 6.76587E-24 1.04261E-23
 2.93023E+04 8.38965E-21 7.03342E-21 5.95109E-22 1.98374E-22 3.04557E-22 1.13212E-22 3.66726E-23 5.69695E-23 3.10946E-24 4.05292E-24 2.29660E-23 6.74826E-24 1.03981E-23
 2.93270E+04 8.38334E-21 7.03031E-21 5.93897E-22 1.97839E-22 3.03710E-22 1.12981E-22 3.65766E-23 5.68156E-23 3.09882E-24 4.03886E-24 2.29191E-23 6.73070E-24 1.03701E-23
 2.93516E+04 8.35644E-21 7.00661E-21 5.92688E-22 1.97305E-22 3.02865E-22 1.12750E-22 3.64809E-23 5.66622E-23 3.08822E-24 4.02484E-24 2.28722E-23 6.71318E-24 1.03423E-23
 2.94010E+04 8.33505E-21 6.99159E-21 5.90275E-22 1.96242E-22 3.01182E-22 1.12289E-22 3.62903E-23 5.63565E-23 3.06713E-24 3.99696E-24 2.27788E-23 6.67828E-24 1.02868E-23
 2.95993E+04 8.20711E-21 6.88882E-21 5.80718E-22 1.92045E-22 2.94543E-22 1.10465E-22 3.55371E-23 5.51494E-23 2.98419E-24 3.88735E-24 2.24086E-23 6.54042E-24 1.00676E-23
 3.00000E+04 7.93807E-21 6.66880E-21 5.62026E-22 1.83902E-22 2.81674E-22 1.06897E-22 3.40743E-23 5.28073E-23 2.82463E-24 3.67658E-24 2.16847E-23 6.27262E-24 9.64218E-24
 3.50000E+04 5.29842E-21 4.47976E-21 3.84006E-22 1.11144E-22 1.67489E-22 7.29728E-23 2.08943E-23 3.18528E-23 1.48588E-24 1.91549E-24 1.48026E-23 3.85607E-24 5.83078E-24
 4.00000E+04 3.71377E-21 3.15479E-21 2.74429E-22 7.16092E-23 1.06327E-22 5.21387E-23 1.36149E-23 2.04482E-23 8.49604E-25 1.08550E-24 1.05773E-23 2.51758E-24 3.75061E-24
 4.50000E+04 2.70327E-21 2.30453E-21 2.03145E-22 4.84790E-23 7.10162E-23 3.86014E-23 9.30116E-24 1.37799E-23 5.18148E-25 6.56668E-25 7.83202E-24 1.72277E-24 2.53171E-24
 5.00000E+04 2.02847E-21 1.73399E-21 1.54701E-22 3.41436E-23 4.93968E-23 2.94069E-23 6.60026E-24 9.65575E-24 3.32693E-25 4.18563E-25 5.96740E-24 1.22418E-24 1.77639E-24
 5.50000E+04 1.56066E-21 1.33697E-21 1.20594E-22 2.48380E-23 3.55179E-23 2.29345E-23 4.83203E-24 6.98596E-24 2.22854E-25 2.78378E-25 4.65475E-24 8.97247E-25 1.28672E-24
 6.00000E+04 1.22620E-21 1.05226E-21 9.58673E-23 1.85635E-23 2.62558E-23 1.82419E-23 3.63078E-24 5.19159E-24 1.54558E-25 1.91831E-25 3.70295E-24 6.74863E-25 9.57159E-25
 7.00000E+04 7.96657E-22 6.85406E-22 6.35501E-23 1.10682E-23 1.53433E-23 1.21065E-23 2.18385E-24 3.05994E-24 8.09107E-26 9.92470E-26 2.45830E-24 4.06584E-25 5.65070E-25
 8.00000E+04 5.46362E-22 4.70913E-22 4.43133E-23 7.06654E-24 9.62078E-24 8.45147E-24 1.40395E-24 1.93156E-24 4.62604E-26 5.61671E-26 1.71663E-24 2.61715E-25 3.57142E-25
 9.00000E+04 3.90831E-22 3.37302E-22 3.21434E-23 4.75720E-24 6.37062E-24 6.13705E-24 9.50300E-25 1.28592E-24 2.83072E-26 3.40618E-26 1.24687E-24 1.77335E-25 2.38007E-25
 1.00000E+05 2.89181E-22 2.49820E-22 2.40669E-23 3.34039E-24 4.40626E-24 4.59963E-24 6.70263E-25 8.93296E-25 1.82820E-26 2.18197E-26 9.34741E-25 1.25184E-25 1.65480E-25
 1.10000E+05 2.19982E-22 1.90184E-22 1.84957E-23 2.42738E-24 3.15792E-24 3.53813E-24 4.88944E-25 6.42572E-25 1.23348E-26 1.46127E-26 7.19179E-25 9.13818E-26 1.19115E-25
 1.25000E+05 1.52260E-22 1.31748E-22 1.29682E-23 1.58421E-24 2.02236E-24 2.48379E-24 3.20589E-25 4.13378E-25 7.30076E-27 8.57086E-27 5.05016E-25 5.99691E-26 7.66954E-26
 1.40000E+05 1.09812E-22 9.50759E-23 9.45322E-24 1.08738E-24 1.36481E-24 1.81251E-24 2.20845E-25 2.79969E-25 4.60403E-27 5.36584E-27 3.68621E-25 4.13417E-26 5.19802E-26
 1.50000E+05 8.99923E-23 7.79406E-23 7.79480E-24 8.65659E-25 1.07545E-24 1.49549E-24 1.76191E-25 2.21052E-25 3.48499E-27 4.04630E-27 3.04191E-25 3.29944E-26 4.10570E-26
 1.62019E+05 7.19992E-23 6.23769E-23 6.27777E-24 6.70925E-25 8.23937E-25 1.20528E-24 1.36868E-25 1.69720E-25 2.55259E-27 2.95177E-27 2.45202E-25 2.56412E-26 3.15361E-26
 1.75000E+05 5.77112E-23 5.00117E-23 5.06290E-24 5.22036E-25 6.33984E-25 9.72690E-25 1.06708E-25 1.30847E-25 1.88263E-27 2.16926E-27 1.97914E-25 1.99992E-26 2.43225E-26
 2.00000E+05 3.93314E-23 3.40973E-23 3.48503E-24 3.38608E-25 4.03417E-25 6.70291E-25 6.94325E-26 8.35156E-26 1.11375E-27 1.27734E-27 1.36419E-25 1.30210E-26 1.55333E-26
 2.20000E+05 2.99569E-23 2.59762E-23 2.67168E-24 2.49435E-25 2.93335E-25 5.14237E-25 5.12530E-26 6.08452E-26 7.70149E-28 8.81487E-28 1.04677E-25 9.61588E-27 1.13210E-26
 2.34521E+05 2.49744E-23 2.16588E-23 2.23645E-24 2.03508E-25 2.37314E-25 4.30668E-25 4.18708E-26 4.92860E-26 6.02576E-28 6.89326E-28 8.76752E-26 7.85775E-27 9.17246E-27
 2.50000E+05 2.08479E-23 1.80824E-23 1.87408E-24 1.66408E-25 1.92497E-25 3.61049E-25 3.42795E-26 4.00243E-26 4.72958E-28 5.41235E-28 7.35096E-26 6.43462E-27 7.45052E-27
 2.73861E+05 1.61171E-23 1.39814E-23 1.45632E-24 1.24981E-25 1.42985E-25 2.80738E-25 2.57873E-26 2.97745E-26 3.34886E-28 3.83893E-28 5.71663E-26 4.84205E-27 5.54423E-27
 2.86633E+05 1.41967E-23 1.23164E-23 1.28583E-24 1.08599E-25 1.23621E-25 2.47940E-25 2.24231E-26 2.57590E-26 2.82921E-28 3.24798E-28 5.04910E-26 4.21097E-27 4.79714E-27
 3.00000E+05 1.25227E-23 1.08649E-23 1.13670E-24 9.45563E-26 1.07143E-25 2.19241E-25 1.95367E-26 2.23387E-26 2.39835E-28 2.75858E-28 4.46493E-26 3.66937E-27 4.16066E-27
 3.24037E+05 1.01287E-23 8.78891E-24 9.22655E-25 7.48109E-26 8.41442E-26 1.78033E-25 1.54750E-26 1.75615E-26 1.81272E-28 2.09371E-28 3.62607E-26 2.90708E-27 3.27154E-27
 3.50000E+05 8.21175E-24 7.12640E-24 7.50465E-25 5.93616E-26 6.63284E-26 1.44864E-25 1.22930E-26 1.38569E-26 1.37521E-28 1.59721E-28 2.95076E-26 2.30975E-27 2.58189E-27
 3.74166E+05 6.85935E-24 5.95338E-24 6.28479E-25 4.86970E-26 5.41401E-26 1.21354E-25 1.00927E-26 1.13189E-26 1.08557E-28 1.26860E-28 2.47206E-26 1.89666E-27 2.10930E-27
 4.00000E+05 5.74550E-24 4.98719E-24 5.27629E-25 4.00894E-26 4.43856E-26 1.01908E-25 8.31404E-27 9.28525E-27 8.60968E-29 1.01367E-28 2.07608E-26 1.56273E-27 1.73051E-27
 4.24264E+05 4.92180E-24 4.27265E-24 4.52822E-25 3.38265E-26 3.73392E-26 8.74788E-26 7.01932E-27 7.81510E-27 7.03141E-29 8.34215E-29 1.78221E-26 1.31958E-27 1.45666E-27
 4.50000E+05 4.22480E-24 3.66797E-24 3.89347E-25 2.86060E-26 3.15031E-26 7.52308E-26 5.93985E-27 6.59680E-27 5.75885E-29 6.89195E-29 1.53275E-26 1.11676E-27 1.22972E-27
 4.74342E+05 3.69105E-24 3.20490E-24 3.40619E-25 2.46644E-26 2.71200E-26 6.58258E-26 5.12446E-27 5.68130E-27 4.82750E-29 5.82795E-29 1.34118E-26 9.63491E-28 1.05918E-27
 5.00000E+05 3.23070E-24 2.80548E-24 2.98499E-25 2.13107E-26 2.34081E-26 5.76938E-26 4.43008E-27 4.90559E-27 4.05929E-29 4.94602E-29 1.17554E-26 8.32961E-28 9.14654E-28
 5.24404E+05 2.86780E-24 2.49059E-24 2.65232E-25 1.86995E-26 2.05292E-26 5.12698E-26 3.88866E-27 4.30368E-27 3.47825E-29 4.27362E-29 1.04467E-26 7.31245E-28 8.02457E-28
 5.50000E+05 2.54967E-24 2.21454E-24 2.36018E-25 1.64370E-26 1.80434E-26 4.56273E-26 3.41907E-27 3.78367E-27 2.98682E-29 3.70159E-29 9.29722E-27 6.43036E-28 7.05507E-28
 5.74456E+05 2.29308E-24 1.99187E-24 2.12420E-25 1.46314E-26 1.60658E-26 4.10685E-26 3.04428E-27 3.36961E-27 2.60102E-29 3.25217E-29 8.36846E-27 5.72574E-28 6.28336E-28
 6.00000E+05 2.06486E-24 1.79381E-24 1.91404E-25 1.30411E-26 1.43286E-26 3.70076E-26 2.71421E-27 3.00571E-27 2.26729E-29 2.86266E-29 7.54112E-27 5.10483E-28 5.60528E-28
 6.48074E+05 1.71944E-24 1.49402E-24 1.59541E-25 1.06641E-26 1.17396E-26 3.08498E-26 2.22070E-27 2.46336E-27 1.78508E-29 2.29473E-29 6.28652E-27 4.17681E-28 4.59432E-28
 6.73537E+05 1.57218E-24 1.36620E-24 1.45936E-25 9.66434E-27 1.06536E-26 2.82200E-26 2.01305E-27 2.23587E-27 1.58962E-29 2.06201E-29 5.75067E-27 3.78651E-28 4.17008E-28
 7.00000E+05 1.43940E-24 1.25095E-24 1.33657E-25 8.77096E-27 9.68430E-27 2.58462E-26 1.82743E-27 2.03281E-27 1.41853E-29 1.85706E-29 5.26699E-27 3.43762E-28 3.79137E-28
 7.48331E+05 1.23756E-24 1.07572E-24 1.14971E-25 7.42744E-27 8.22753E-27 2.22335E-26 1.54811E-27 1.72748E-27 1.16588E-29 1.55268E-29 4.53083E-27 2.91243E-28 3.22197E-28
 8.00000E+05 1.06745E-24 9.28026E-25 9.92030E-26 6.31183E-27 7.01824E-27 1.91847E-26 1.31595E-27 1.47386E-27 9.61757E-30 1.30433E-29 3.90954E-27 2.47579E-28 2.74905E-28
 8.48528E+05 9.39264E-25 8.16722E-25 8.73096E-26 5.48279E-27 6.11932E-27 1.68847E-26 1.14325E-27 1.28525E-27 8.15039E-30 1.12323E-29 3.44085E-27 2.15107E-28 2.39729E-28
 9.00000E+05 8.28717E-25 7.20717E-25 7.70440E-26 4.77712E-27 5.35357E-27 1.48992E-26 9.96197E-28 1.12452E-27 6.93807E-30 9.71264E-30 3.03625E-27 1.87456E-28 2.09751E-28
 9.48683E+05 7.42322E-25 6.45678E-25 6.90162E-26 4.23188E-27 4.76118E-27 1.33465E-26 8.82669E-28 1.00012E-27 6.01815E-30 8.54483E-30 2.71982E-27 1.66089E-28 1.86555E-28
 1.00000E+06 6.66269E-25 5.79614E-25 6.19459E-26 3.75713E-27 4.24451E-27 1.19788E-26 7.83843E-28 8.91625E-28 5.23092E-30 7.53662E-30 2.44111E-27 1.47486E-28 1.66326E-28
 1.04881E+06 6.05161E-25 5.26526E-25 5.62627E-26 3.37960E-27 3.83284E-27 1.08795E-26 7.05182E-28 8.05237E-28 4.61805E-30 6.74798E-30 2.21707E-27 1.32697E-28 1.50211E-28
 1.10000E+06 5.50516E-25 4.79047E-25 5.11788E-26 3.04542E-27 3.46759E-27 9.89606E-27 6.35517E-28 7.28605E-28 4.08793E-30 6.05906E-30 2.01665E-27 1.19605E-28 1.35913E-28
 1.17260E+06 4.85944E-25 4.22934E-25 4.51695E-26 2.65515E-27 3.03966E-27 8.73365E-27 5.54221E-28 6.38748E-28 3.48550E-30 5.25829E-30 1.77976E-27 1.04304E-28 1.19152E-28
 1.25000E+06 4.30203E-25 3.74486E-25 3.99807E-26 2.32308E-27 2.67396E-27 7.72996E-27 4.85046E-28 5.61898E-28 2.98500E-30 4.57893E-30 1.57520E-27 9.12732E-29 1.04822E-28
 1.32288E+06 3.86907E-25 3.36849E-25 3.59498E-26 2.06851E-27 2.39233E-27 6.95027E-27 4.31906E-28 5.02736E-28 2.60386E-30 4.05997E-30 1.41631E-27 8.12785E-29 9.37842E-29
 1.40000E+06 3.48675E-25 3.03608E-25 3.23902E-26 1.84647E-27 2.14556E-27 6.26175E-27 3.85510E-28 4.50895E-28 2.27792E-30 3.61095E-30 1.27599E-27 7.25578E-29 8.41111E-29
 1.50000E+06 3.07945E-25 2.68189E-25 2.85982E-26 1.61299E-27 1.88473E-27 5.52830E-27 3.36792E-28 3.96043E-28 1.95120E-30 3.14528E-30 1.12651E-27 6.33849E-29 7.38821E-29
 1.62019E+06 2.68806E-25 2.34145E-25 2.49546E-26 1.39204E-27 1.63624E-27 4.82351E-27 2.90673E-28 3.43817E-28 1.64584E-30 2.70542E-30 9.82883E-28 5.47055E-29 6.41398E-29
 1.75000E+06 2.35526E-25 2.05192E-25 2.18570E-26 1.20672E-27 1.42660E-27 4.22439E-27 2.51979E-28 2.99795E-28 1.39181E-30 2.33721E-30 8.60794E-28 4.74296E-29 5.59254E-29
 1.87083E+06 2.10497E-25 1.83414E-25 1.95279E-26 1.06845E-27 1.26971E-27 3.77409E-27 2.23145E-28 2.66840E-28 1.20872E-30 2.06559E-30 7.69029E-28 4.20035E-29 4.97785E-29
 2.00000E+06 1.88545E-25 1.64307E-25 1.74855E-26 9.50326E-28 1.13375E-27 3.37902E-27 1.98505E-28 2.38251E-28 1.06168E-30 1.83590E-30 6.88510E-28 3.73627E-29 4.44467E-29
 2.20000E+06 1.61692E-25 1.40919E-25 1.49878E-26 8.14549E-28 9.71737E-28 2.89498E-27 1.70066E-28 2.04117E-28 9.09550E-31 1.57283E-30 5.89826E-28 3.20073E-29 3.80759E-29
 2.34521E+06 1.46179E-25 1.27405E-25 1.35456E-26 7.36609E-28 8.78419E-28 2.61558E-27 1.53742E-28 1.84462E-28 8.23144E-31 1.42192E-30 5.32867E-28 2.89336E-29 3.44073E-29
 2.50000E+06 1.32388E-25 1.15390E-25 1.22647E-26 6.66530E-28 7.95123E-28 2.36762E-27 1.39084E-28 1.66930E-28 7.43821E-31 1.28625E-30 4.82325E-28 2.61736E-29 3.11360E-29
 2.73861E+06 1.15194E-25 1.00409E-25 1.06697E-26 5.79597E-28 6.91568E-28 2.05896E-27 1.20903E-28 1.45141E-28 6.46087E-31 1.11803E-30 4.19414E-28 2.27505E-29 2.70703E-29
 3.00000E+06 1.00640E-25 8.77302E-26 9.31702E-27 5.06309E-28 6.03960E-28 1.79726E-27 1.05576E-28 1.26713E-28 5.64592E-31 9.76315E-31 3.66078E-28 1.98652E-29 2.36315E-29
 3.24037E+06 9.00379E-26 7.85041E-26 8.32411E-27 4.52407E-28 5.39606E-28 1.60526E-27 9.43098E-29 1.13182E-28 5.04462E-31 8.72124E-31 3.26952E-28 1.77444E-29 2.11070E-29
 3.50000E+06 8.07592E-26 7.04349E-26 7.45167E-27 4.04925E-28 4.83005E-28 1.43664E-27 8.43912E-29 1.01286E-28 4.51284E-31 7.80377E-31 2.92593E-28 1.58775E-29 1.88878E-29
 4.00000E+06 6.71156E-26 5.85582E-26 6.17700E-27 3.35649E-28 4.00359E-28 1.19039E-27 6.99251E-29 8.39232E-29 3.73916E-31 6.46588E-31 2.42421E-28 1.31548E-29 1.56489E-29
 4.50000E+06 5.72305E-26 4.99486E-26 5.25659E-27 2.85628E-28 3.40687E-28 1.01268E-27 5.94854E-29 7.13933E-29 3.18084E-31 5.50041E-31 2.06216E-28 1.11901E-29 1.33117E-29
 5.00000E+06 4.97698E-26 4.34480E-26 4.56385E-27 2.47982E-28 2.95778E-28 8.78986E-28 5.16318E-29 6.19673E-29 2.76083E-31 4.77411E-31 1.78982E-28 9.71227E-30 1.15536E-29
 5.50000E+06 4.39570E-26 3.83813E-26 4.02536E-27 2.18718E-28 2.60871E-28 7.75100E-28 4.55292E-29 5.46429E-29 2.43448E-31 4.20977E-31 1.57821E-28 8.56399E-30 1.01876E-29
 6.00000E+06 3.93112E-26 3.43307E-26 3.59581E-27 1.95376E-28 2.33027E-28 6.92259E-28 4.06628E-29 4.88024E-29 2.17424E-31 3.75977E-31 1.40948E-28 7.64838E-30 9.09843E-30
 6.48074E+06 3.56486E-26 3.11366E-26 3.25773E-27 1.77005E-28 2.11113E-28 6.27074E-28 3.68338E-29 4.42068E-29 1.96948E-31 3.40569E-31 1.27672E-28 6.92797E-30 8.24144E-30
 7.00000E+06 3.23715E-26 2.82779E-26 2.95566E-27 1.60591E-28 1.91534E-28 5.68849E-28 3.34135E-29 4.01018E-29 1.78658E-31 3.08941E-31 1.15814E-28 6.28449E-30 7.47597E-30
 8.00000E+06 2.74544E-26 2.39876E-26 2.50326E-27 1.36008E-28 1.62213E-28 4.81670E-28 2.82925E-29 3.39557E-29 1.51275E-31 2.61589E-31 9.80606E-29 5.32111E-30 6.32993E-30
 9.00000E+06 2.38000E-26 2.07980E-26 2.16771E-27 1.17775E-28 1.40465E-28 4.17030E-28 2.44955E-29 2.93986E-29 1.30971E-31 2.26479E-31 8.48978E-29 4.60684E-30 5.48024E-30
 1.00000E+07 2.09835E-26 1.83392E-26 1.90952E-27 1.03746E-28 1.23732E-28 3.67305E-28 2.15747E-29 2.58931E-29 1.15353E-31 1.99472E-31 7.47728E-29 4.05742E-30 4.82666E-30
 1.10000E+07 1.87500E-26 1.63889E-26 1.70504E-27 9.26357E-29 1.10480E-28 3.27934E-28 1.92621E-29 2.31175E-29 1.02987E-31 1.78088E-31 6.67563E-29 3.62241E-30 4.30918E-30
 1.25000E+07 1.61542E-26 1.41218E-26 1.46772E-27 7.97408E-29 9.51007E-29 2.82248E-28 1.65785E-29 1.98968E-29 8.86385E-32 1.53276E-31 5.74546E-29 3.11766E-30 3.70873E-30
 1.40000E+07 1.41795E-26 1.23968E-26 1.28742E-27 6.99445E-29 8.34168E-29 2.47547E-28 1.45402E-29 1.74505E-29 7.77401E-32 1.34430E-31 5.03897E-29 2.73430E-30 3.25269E-30
 1.50000E+07 1.31072E-26 1.14600E-26 1.18960E-27 6.46300E-29 7.70782E-29 2.28725E-28 1.34346E-29 1.61236E-29 7.18285E-32 1.24208E-31 4.65577E-29 2.52636E-30 3.00532E-30
 1.75000E+07 1.10159E-26 9.63260E-27 9.99025E-28 5.42757E-29 6.47290E-29 1.92058E-28 1.12809E-29 1.35388E-29 6.03130E-32 1.04295E-31 3.90931E-29 2.12131E-30 2.52348E-30
 2.00000E+07 9.49437E-27 8.30283E-27 8.60535E-28 4.67513E-29 5.57552E-29 1.65418E-28 9.71610E-30 1.16608E-29 5.19466E-32 8.98273E-32 3.36699E-29 1.82702E-30 2.17340E-30
 2.20000E+07 8.54718E-27 7.47493E-27 7.74396E-28 4.20714E-29 5.01737E-29 1.48851E-28 8.74297E-30 1.04929E-29 4.67436E-32 8.08301E-32 3.02973E-29 1.64402E-30 1.95570E-30
 2.50000E+07 7.43230E-27 6.50035E-27 6.73083E-28 3.65670E-29 4.36091E-29 1.29367E-28 7.59856E-30 9.11939E-30 4.06249E-32 7.02495E-32 2.63312E-29 1.42881E-30 1.69969E-30
 3.00000E+07 6.10214E-27 5.33741E-27 5.52316E-28 3.00058E-29 3.57841E-29 1.06146E-28 6.23461E-30 7.48244E-30 3.33325E-32 5.76392E-32 2.16044E-29 1.17231E-30 1.39457E-30
 3.50000E+07 5.17404E-27 4.52589E-27 4.68126E-28 2.54319E-29 3.03292E-29 8.99602E-29 5.28390E-30 6.34145E-30 2.82495E-32 4.88497E-32 1.83098E-29 9.93538E-31 1.18190E-30
 4.00000E+07 4.49010E-27 3.92780E-27 4.06124E-28 2.20634E-29 2.63121E-29 7.80414E-29 4.58384E-30 5.50127E-30 2.45067E-32 4.23775E-32 1.58838E-29 8.61896E-31 1.02530E-30
 4.50000E+07 3.96538E-27 3.46891E-27 3.58580E-28 1.94805E-29 2.32316E-29 6.89026E-29 4.04706E-30 4.85705E-30 2.16368E-32 3.74148E-32 1.40236E-29 7.60960E-31 9.05227E-31
 5.00000E+07 3.55018E-27 3.10578E-27 3.20975E-28 1.74375E-29 2.07952E-29 6.16747E-29 3.62252E-30 4.34754E-30 1.93670E-32 3.34899E-32 1.25525E-29 6.81131E-31 8.10263E-31
 5.50000E+07 3.21352E-27 2.81132E-27 2.90492E-28 1.57814E-29 1.88202E-29 5.58161E-29 3.27840E-30 3.93455E-30 1.75273E-32 3.03086E-32 1.13600E-29 6.16425E-31 7.33291E-31
 6.00000E+07 2.93506E-27 2.56777E-27 2.65287E-28 1.44121E-29 1.71872E-29 5.09720E-29 2.99388E-30 3.59308E-30 1.60061E-32 2.76781E-32 1.03741E-29 5.62925E-31 6.69647E-31
 7.00000E+07 2.50136E-27 2.18841E-27 2.26041E-28 1.22800E-29 1.46445E-29 4.34299E-29 2.55088E-30 3.06142E-30 1.36377E-32 2.35826E-32 8.83902E-30 4.79628E-31 5.70558E-31
 8.00000E+07 2.17920E-27 1.90660E-27 1.96899E-28 1.06967E-29 1.27564E-29 3.78297E-29 2.22195E-30 2.66666E-30 1.18791E-32 2.05416E-32 7.69921E-30 4.17779E-31 4.96984E-31
 9.00000E+07 1.93049E-27 1.68903E-27 1.74406E-28 9.47479E-30 1.12991E-29 3.35076E-29 1.96809E-30 2.36199E-30 1.05219E-32 1.81947E-32 6.81954E-30 3.70046E-31 4.40201E-31
 1.00000E+08 1.73269E-27 1.51599E-27 1.56522E-28 8.50319E-30 1.01405E-29 3.00711E-29 1.76624E-30 2.11974E-30 9.44277E-33 1.63286E-32 6.12012E-30 3.32093E-31 3.95053E-31
 1.10000E+08 1.57164E-27 1.37509E-27 1.41962E-28 7.71220E-30 9.19716E-30 2.72735E-29 1.60192E-30 1.92254E-30 8.56427E-33 1.48095E-32 5.55073E-30 3.01197E-31 3.58299E-31
 1.25000E+08 1.37930E-27 1.20682E-27 1.24577E-28 6.76773E-30 8.07082E-30 2.39331E-29 1.40572E-30 1.68707E-30 7.51533E-33 1.29957E-32 4.87087E-30 2.64306E-31 3.14414E-31
 1.40000E+08 1.22888E-27 1.07523E-27 1.10983E-28 6.02925E-30 7.19015E-30 2.13214E-29 1.25232E-30 1.50296E-30 6.69520E-33 1.15775E-32 4.33932E-30 2.35462E-31 2.80103E-31
 1.50000E+08 1.14559E-27 1.00236E-27 1.03457E-28 5.62037E-30 6.70253E-30 1.98753E-29 1.16738E-30 1.40103E-30 6.24110E-33 1.07922E-32 4.04501E-30 2.19492E-31 2.61105E-31
 1.75000E+08 9.79588E-28 8.57121E-28 8.84581E-29 4.80555E-30 5.73082E-30 1.69936E-29 9.98129E-31 1.19789E-30 5.33622E-33 9.22750E-33 3.45853E-30 1.87668E-31 2.23247E-31
 2.00000E+08 8.55596E-28 7.48637E-28 7.72568E-29 4.19703E-30 5.00513E-30 1.48416E-29 8.71728E-31 1.04620E-30 4.66045E-33 8.05894E-33 3.02054E-30 1.63902E-31 1.94976E-31
 2.20000E+08 7.76921E-28 6.79801E-28 7.01500E-29 3.81094E-30 4.54470E-30 1.34763E-29 7.91534E-31 9.49951E-31 4.23171E-33 7.31756E-33 2.74266E-30 1.48824E-31 1.77039E-31
 2.50000E+08 6.82746E-28 5.97402E-28 6.16438E-29 3.34884E-30 3.99362E-30 1.18421E-29 6.95549E-31 8.34756E-31 3.71855E-33 6.43019E-33 2.41007E-30 1.30777E-31 1.55570E-31
 3.00000E+08 5.67991E-28 4.96996E-28 5.12799E-29 2.78581E-30 3.32218E-30 9.85101E-30 5.78603E-31 6.94404E-31 3.09333E-33 5.34905E-33 2.00485E-30 1.08788E-31 1.29413E-31
 3.50000E+08 4.86258E-28 4.25482E-28 4.38990E-29 2.38484E-30 2.84401E-30 8.43307E-30 4.95320E-31 5.94453E-31 2.64808E-33 4.57911E-33 1.71627E-30 9.31294E-32 1.10785E-31
 4.00000E+08 4.25087E-28 3.71959E-28 3.83754E-29 2.08476E-30 2.48616E-30 7.37194E-30 4.32994E-31 5.19653E-31 2.31487E-33 4.00292E-33 1.50031E-30 8.14108E-32 9.68451E-32
 4.50000E+08 3.77587E-28 3.30396E-28 3.40864E-29 1.85176E-30 2.20829E-30 6.54799E-30 3.84599E-31 4.61572E-31 2.05614E-33 3.55552E-33 1.33263E-30 7.23116E-32 8.60208E-32
 5.00000E+08 3.39634E-28 2.97188E-28 3.06597E-29 1.66560E-30 1.98629E-30 5.88970E-30 3.45934E-31 4.15169E-31 1.84943E-33 3.19808E-33 1.19865E-30 6.50419E-32 7.73729E-32
 5.50000E+08 3.08615E-28 2.70045E-28 2.78590E-29 1.51345E-30 1.80485E-30 5.35168E-30 3.14333E-31 3.77243E-31 1.68049E-33 2.90593E-33 1.08916E-30 5.91003E-32 7.03048E-32
 6.00000E+08 2.82787E-28 2.47445E-28 2.55271E-29 1.38677E-30 1.65378E-30 4.90372E-30 2.88022E-31 3.45666E-31 1.53982E-33 2.66269E-33 9.97988E-31 5.41533E-32 6.44200E-32
 7.00000E+08 2.42240E-28 2.11967E-28 2.18666E-29 1.18791E-30 1.41663E-30 4.20052E-30 2.46719E-31 2.96097E-31 1.31901E-33 2.28085E-33 8.54874E-31 4.63876E-32 5.51820E-32
 8.00000E+08 2.11863E-28 1.85386E-28 1.91241E-29 1.03893E-30 1.23896E-30 3.67370E-30 2.15776E-31 2.58961E-31 1.15358E-33 1.99479E-33 7.47657E-31 4.05697E-32 4.82611E-32
 9.00000E+08 1.88255E-28 1.64729E-28 1.69930E-29 9.23149E-31 1.10089E-30 3.26429E-30 1.91729E-31 2.30102E-31 1.02502E-33 1.77249E-33 6.64336E-31 3.60485E-32 4.28828E-32
 9.48683E+08 1.78719E-28 1.56385E-28 1.61321E-29 8.76382E-31 1.04512E-30 3.09892E-30 1.82016E-31 2.18445E-31 9.73094E-34 1.68269E-33 6.30680E-31 3.42223E-32 4.07103E-32
 1.00000E+09 1.69381E-28 1.48214E-28 1.52891E-29 8.30588E-31 9.90507E-31 2.93699E-30 1.72505E-31 2.07030E-31 9.22245E-34 1.59477E-33 5.97724E-31 3.24340E-32 3.85830E-32
