 *** Photoelectric cross sections,  IZ = 61,  NSHELL = 14,  NDATA =  410
              0           1           2           3           4           5           6           7           8           9          10          11          12          13          14
 5.00000E+01 5.55756E-18 0.00000E+00 0.00000E+00 0.00000E+00 0.00000E+00 0.00000E+00 0.00000E+00 0.00000E+00 0.00000E+00 0.00000E+00 0.00000E+00 0.00000E+00 0.00000E+00 0.00000E+00 0.00000E+00
 5.12057E+01 5.45500E-18 0.00000E+00 0.00000E+00 0.00000E+00 0.00000E+00 0.00000E+00 0.00000E+00 0.00000E+00 0.00000E+00 0.00000E+00 0.00000E+00 0.00000E+00 0.00000E+00 0.00000E+00 0.00000E+00
 5.24404E+01 5.36333E-18 0.00000E+00 0.00000E+00 0.00000E+00 0.00000E+00 0.00000E+00 0.00000E+00 0.00000E+00 0.00000E+00 0.00000E+00 0.00000E+00 0.00000E+00 0.00000E+00 0.00000E+00 0.00000E+00
 5.37050E+01 5.28117E-18 0.00000E+00 0.00000E+00 0.00000E+00 0.00000E+00 0.00000E+00 0.00000E+00 0.00000E+00 0.00000E+00 0.00000E+00 0.00000E+00 0.00000E+00 0.00000E+00 0.00000E+00 0.00000E+00
 5.50000E+01 5.20711E-18 0.00000E+00 0.00000E+00 0.00000E+00 0.00000E+00 0.00000E+00 0.00000E+00 0.00000E+00 0.00000E+00 0.00000E+00 0.00000E+00 0.00000E+00 0.00000E+00 0.00000E+00 0.00000E+00
 5.74456E+01 5.08850E-18 0.00000E+00 0.00000E+00 0.00000E+00 0.00000E+00 0.00000E+00 0.00000E+00 0.00000E+00 0.00000E+00 0.00000E+00 0.00000E+00 0.00000E+00 0.00000E+00 0.00000E+00 0.00000E+00
 6.00000E+01 4.98550E-18 0.00000E+00 0.00000E+00 0.00000E+00 0.00000E+00 0.00000E+00 0.00000E+00 0.00000E+00 0.00000E+00 0.00000E+00 0.00000E+00 0.00000E+00 0.00000E+00 0.00000E+00 0.00000E+00
 6.48074E+01 4.82461E-18 0.00000E+00 0.00000E+00 0.00000E+00 0.00000E+00 0.00000E+00 0.00000E+00 0.00000E+00 0.00000E+00 0.00000E+00 0.00000E+00 0.00000E+00 0.00000E+00 0.00000E+00 0.00000E+00
 7.00000E+01 4.67541E-18 0.00000E+00 0.00000E+00 0.00000E+00 0.00000E+00 0.00000E+00 0.00000E+00 0.00000E+00 0.00000E+00 0.00000E+00 0.00000E+00 0.00000E+00 0.00000E+00 0.00000E+00 0.00000E+00
 8.00000E+01 4.41951E-18 0.00000E+00 0.00000E+00 0.00000E+00 0.00000E+00 0.00000E+00 0.00000E+00 0.00000E+00 0.00000E+00 0.00000E+00 0.00000E+00 0.00000E+00 0.00000E+00 0.00000E+00 0.00000E+00
 8.48528E+01 4.30429E-18 0.00000E+00 0.00000E+00 0.00000E+00 0.00000E+00 0.00000E+00 0.00000E+00 0.00000E+00 0.00000E+00 0.00000E+00 0.00000E+00 0.00000E+00 0.00000E+00 0.00000E+00 0.00000E+00
 9.00000E+01 4.18447E-18 0.00000E+00 0.00000E+00 0.00000E+00 0.00000E+00 0.00000E+00 0.00000E+00 0.00000E+00 0.00000E+00 0.00000E+00 0.00000E+00 0.00000E+00 0.00000E+00 0.00000E+00 0.00000E+00
 9.48683E+01 4.07158E-18 0.00000E+00 0.00000E+00 0.00000E+00 0.00000E+00 0.00000E+00 0.00000E+00 0.00000E+00 0.00000E+00 0.00000E+00 0.00000E+00 0.00000E+00 0.00000E+00 0.00000E+00 0.00000E+00
 1.00000E+02 3.95095E-18 0.00000E+00 0.00000E+00 0.00000E+00 0.00000E+00 0.00000E+00 0.00000E+00 0.00000E+00 0.00000E+00 0.00000E+00 0.00000E+00 0.00000E+00 0.00000E+00 0.00000E+00 0.00000E+00
 1.04881E+02 3.83405E-18 0.00000E+00 0.00000E+00 0.00000E+00 0.00000E+00 0.00000E+00 0.00000E+00 0.00000E+00 0.00000E+00 0.00000E+00 0.00000E+00 0.00000E+00 0.00000E+00 0.00000E+00 0.00000E+00
 1.10000E+02 3.70967E-18 0.00000E+00 0.00000E+00 0.00000E+00 0.00000E+00 0.00000E+00 0.00000E+00 0.00000E+00 0.00000E+00 0.00000E+00 0.00000E+00 0.00000E+00 0.00000E+00 0.00000E+00 0.00000E+00
 1.13572E+02 3.62247E-18 0.00000E+00 0.00000E+00 0.00000E+00 0.00000E+00 0.00000E+00 0.00000E+00 0.00000E+00 0.00000E+00 0.00000E+00 0.00000E+00 0.00000E+00 0.00000E+00 0.00000E+00 0.00000E+00
 1.17260E+02 3.53269E-18 0.00000E+00 0.00000E+00 0.00000E+00 0.00000E+00 0.00000E+00 0.00000E+00 0.00000E+00 0.00000E+00 0.00000E+00 0.00000E+00 0.00000E+00 0.00000E+00 0.00000E+00 0.00000E+00
 1.21068E+02 3.44086E-18 0.00000E+00 0.00000E+00 0.00000E+00 0.00000E+00 0.00000E+00 0.00000E+00 0.00000E+00 0.00000E+00 0.00000E+00 0.00000E+00 0.00000E+00 0.00000E+00 0.00000E+00 0.00000E+00
 1.25000E+02 3.34745E-18 0.00000E+00 0.00000E+00 0.00000E+00 0.00000E+00 0.00000E+00 0.00000E+00 0.00000E+00 0.00000E+00 0.00000E+00 0.00000E+00 0.00000E+00 0.00000E+00 0.00000E+00 0.00000E+00
 1.27000E+02 3.30062E-18 0.00000E+00 0.00000E+00 0.00000E+00 0.00000E+00 0.00000E+00 0.00000E+00 0.00000E+00 0.00000E+00 0.00000E+00 0.00000E+00 0.00000E+00 0.00000E+00 0.00000E+00 0.00000E+00
 1.27000E+02 3.83268E-18 0.00000E+00 0.00000E+00 0.00000E+00 0.00000E+00 0.00000E+00 0.00000E+00 0.00000E+00 0.00000E+00 0.00000E+00 0.00000E+00 0.00000E+00 0.00000E+00 0.00000E+00 5.32069E-19
 1.27123E+02 3.83198E-18 0.00000E+00 0.00000E+00 0.00000E+00 0.00000E+00 0.00000E+00 0.00000E+00 0.00000E+00 0.00000E+00 0.00000E+00 0.00000E+00 0.00000E+00 0.00000E+00 0.00000E+00 5.34231E-19
 1.27246E+02 3.83133E-18 0.00000E+00 0.00000E+00 0.00000E+00 0.00000E+00 0.00000E+00 0.00000E+00 0.00000E+00 0.00000E+00 0.00000E+00 0.00000E+00 0.00000E+00 0.00000E+00 0.00000E+00 5.36450E-19
 1.27493E+02 3.83042E-18 0.00000E+00 0.00000E+00 0.00000E+00 0.00000E+00 0.00000E+00 0.00000E+00 0.00000E+00 0.00000E+00 0.00000E+00 0.00000E+00 0.00000E+00 0.00000E+00 0.00000E+00 5.41281E-19
 1.27988E+02 3.83083E-18 0.00000E+00 0.00000E+00 0.00000E+00 0.00000E+00 0.00000E+00 0.00000E+00 0.00000E+00 0.00000E+00 0.00000E+00 0.00000E+00 0.00000E+00 0.00000E+00 0.00000E+00 5.53181E-19
 1.28984E+02 3.83902E-18 0.00000E+00 0.00000E+00 0.00000E+00 0.00000E+00 0.00000E+00 0.00000E+00 0.00000E+00 0.00000E+00 0.00000E+00 0.00000E+00 0.00000E+00 0.00000E+00 0.00000E+00 5.84377E-19
 1.29988E+02 3.85558E-18 0.00000E+00 0.00000E+00 0.00000E+00 0.00000E+00 0.00000E+00 0.00000E+00 0.00000E+00 0.00000E+00 0.00000E+00 0.00000E+00 0.00000E+00 0.00000E+00 0.00000E+00 6.23999E-19
 1.31000E+02 3.87800E-18 0.00000E+00 0.00000E+00 0.00000E+00 0.00000E+00 0.00000E+00 0.00000E+00 0.00000E+00 0.00000E+00 0.00000E+00 0.00000E+00 0.00000E+00 0.00000E+00 0.00000E+00 6.69522E-19
 1.31000E+02 4.24378E-18 0.00000E+00 0.00000E+00 0.00000E+00 0.00000E+00 0.00000E+00 0.00000E+00 0.00000E+00 0.00000E+00 0.00000E+00 0.00000E+00 0.00000E+00 0.00000E+00 3.65780E-19 6.69524E-19
 1.31068E+02 4.24591E-18 0.00000E+00 0.00000E+00 0.00000E+00 0.00000E+00 0.00000E+00 0.00000E+00 0.00000E+00 0.00000E+00 0.00000E+00 0.00000E+00 0.00000E+00 0.00000E+00 3.66283E-19 6.72701E-19
 1.31136E+02 4.24806E-18 0.00000E+00 0.00000E+00 0.00000E+00 0.00000E+00 0.00000E+00 0.00000E+00 0.00000E+00 0.00000E+00 0.00000E+00 0.00000E+00 0.00000E+00 0.00000E+00 3.66794E-19 6.75888E-19
 1.31272E+02 4.25243E-18 0.00000E+00 0.00000E+00 0.00000E+00 0.00000E+00 0.00000E+00 0.00000E+00 0.00000E+00 0.00000E+00 0.00000E+00 0.00000E+00 0.00000E+00 0.00000E+00 3.67868E-19 6.82289E-19
 1.31545E+02 4.26167E-18 0.00000E+00 0.00000E+00 0.00000E+00 0.00000E+00 0.00000E+00 0.00000E+00 0.00000E+00 0.00000E+00 0.00000E+00 0.00000E+00 0.00000E+00 0.00000E+00 3.70435E-19 6.95157E-19
 1.32093E+02 4.28218E-18 0.00000E+00 0.00000E+00 0.00000E+00 0.00000E+00 0.00000E+00 0.00000E+00 0.00000E+00 0.00000E+00 0.00000E+00 0.00000E+00 0.00000E+00 0.00000E+00 3.77618E-19 7.20892E-19
 1.33194E+02 4.32761E-18 0.00000E+00 0.00000E+00 0.00000E+00 0.00000E+00 0.00000E+00 0.00000E+00 0.00000E+00 0.00000E+00 0.00000E+00 0.00000E+00 0.00000E+00 0.00000E+00 3.98691E-19 7.70082E-19
 1.34305E+02 4.37350E-18 0.00000E+00 0.00000E+00 0.00000E+00 0.00000E+00 0.00000E+00 0.00000E+00 0.00000E+00 0.00000E+00 0.00000E+00 0.00000E+00 0.00000E+00 0.00000E+00 4.27312E-19 8.12240E-19
 1.35425E+02 4.41359E-18 0.00000E+00 0.00000E+00 0.00000E+00 0.00000E+00 0.00000E+00 0.00000E+00 0.00000E+00 0.00000E+00 0.00000E+00 0.00000E+00 0.00000E+00 0.00000E+00 4.60906E-19 8.43652E-19
 1.36555E+02 4.44255E-18 0.00000E+00 0.00000E+00 0.00000E+00 0.00000E+00 0.00000E+00 0.00000E+00 0.00000E+00 0.00000E+00 0.00000E+00 0.00000E+00 0.00000E+00 0.00000E+00 4.96060E-19 8.62412E-19
 1.37694E+02 4.45653E-18 0.00000E+00 0.00000E+00 0.00000E+00 0.00000E+00 0.00000E+00 0.00000E+00 0.00000E+00 0.00000E+00 0.00000E+00 0.00000E+00 0.00000E+00 0.00000E+00 5.28961E-19 8.68483E-19
 1.38842E+02 4.45348E-18 0.00000E+00 0.00000E+00 0.00000E+00 0.00000E+00 0.00000E+00 0.00000E+00 0.00000E+00 0.00000E+00 0.00000E+00 0.00000E+00 0.00000E+00 0.00000E+00 5.56168E-19 8.63252E-19
 1.40000E+02 4.43321E-18 0.00000E+00 0.00000E+00 0.00000E+00 0.00000E+00 0.00000E+00 0.00000E+00 0.00000E+00 0.00000E+00 0.00000E+00 0.00000E+00 0.00000E+00 0.00000E+00 5.75346E-19 8.48866E-19
 1.41213E+02 4.39549E-18 0.00000E+00 0.00000E+00 0.00000E+00 0.00000E+00 0.00000E+00 0.00000E+00 0.00000E+00 0.00000E+00 0.00000E+00 0.00000E+00 0.00000E+00 0.00000E+00 5.85821E-19 8.26726E-19
 1.42436E+02 4.34359E-18 0.00000E+00 0.00000E+00 0.00000E+00 0.00000E+00 0.00000E+00 0.00000E+00 0.00000E+00 0.00000E+00 0.00000E+00 0.00000E+00 0.00000E+00 0.00000E+00 5.87168E-19 7.99573E-19
 1.43669E+02 4.28088E-18 0.00000E+00 0.00000E+00 0.00000E+00 0.00000E+00 0.00000E+00 0.00000E+00 0.00000E+00 0.00000E+00 0.00000E+00 0.00000E+00 0.00000E+00 0.00000E+00 5.80836E-19 7.69318E-19
 1.44914E+02 4.21058E-18 0.00000E+00 0.00000E+00 0.00000E+00 0.00000E+00 0.00000E+00 0.00000E+00 0.00000E+00 0.00000E+00 0.00000E+00 0.00000E+00 0.00000E+00 0.00000E+00 5.68636E-19 7.37389E-19
 1.47435E+02 4.05768E-18 0.00000E+00 0.00000E+00 0.00000E+00 0.00000E+00 0.00000E+00 0.00000E+00 0.00000E+00 0.00000E+00 0.00000E+00 0.00000E+00 0.00000E+00 0.00000E+00 5.33311E-19 6.72259E-19
 1.50000E+02 3.89985E-18 0.00000E+00 0.00000E+00 0.00000E+00 0.00000E+00 0.00000E+00 0.00000E+00 0.00000E+00 0.00000E+00 0.00000E+00 0.00000E+00 0.00000E+00 0.00000E+00 4.91411E-19 6.08945E-19
 1.55893E+02 3.56156E-18 0.00000E+00 0.00000E+00 0.00000E+00 0.00000E+00 0.00000E+00 0.00000E+00 0.00000E+00 0.00000E+00 0.00000E+00 0.00000E+00 0.00000E+00 0.00000E+00 3.97322E-19 4.82799E-19
 1.58926E+02 3.40610E-18 0.00000E+00 0.00000E+00 0.00000E+00 0.00000E+00 0.00000E+00 0.00000E+00 0.00000E+00 0.00000E+00 0.00000E+00 0.00000E+00 0.00000E+00 0.00000E+00 3.54475E-19 4.29451E-19
 1.62019E+02 3.26156E-18 0.00000E+00 0.00000E+00 0.00000E+00 0.00000E+00 0.00000E+00 0.00000E+00 0.00000E+00 0.00000E+00 0.00000E+00 0.00000E+00 0.00000E+00 0.00000E+00 3.15577E-19 3.83167E-19
 1.65171E+02 3.12859E-18 0.00000E+00 0.00000E+00 0.00000E+00 0.00000E+00 0.00000E+00 0.00000E+00 0.00000E+00 0.00000E+00 0.00000E+00 0.00000E+00 0.00000E+00 0.00000E+00 2.81077E-19 3.44087E-19
 1.68384E+02 3.00740E-18 0.00000E+00 0.00000E+00 0.00000E+00 0.00000E+00 0.00000E+00 0.00000E+00 0.00000E+00 0.00000E+00 0.00000E+00 0.00000E+00 0.00000E+00 0.00000E+00 2.51260E-19 3.12078E-19
 1.71660E+02 2.89777E-18 0.00000E+00 0.00000E+00 0.00000E+00 0.00000E+00 0.00000E+00 0.00000E+00 0.00000E+00 0.00000E+00 0.00000E+00 0.00000E+00 0.00000E+00 0.00000E+00 2.26202E-19 2.86767E-19
 1.75000E+02 2.79913E-18 0.00000E+00 0.00000E+00 0.00000E+00 0.00000E+00 0.00000E+00 0.00000E+00 0.00000E+00 0.00000E+00 0.00000E+00 0.00000E+00 0.00000E+00 0.00000E+00 2.05776E-19 2.67615E-19
 1.77946E+02 2.72193E-18 0.00000E+00 0.00000E+00 0.00000E+00 0.00000E+00 0.00000E+00 0.00000E+00 0.00000E+00 0.00000E+00 0.00000E+00 0.00000E+00 0.00000E+00 0.00000E+00 1.91602E-19 2.55523E-19
 1.80941E+02 2.65176E-18 0.00000E+00 0.00000E+00 0.00000E+00 0.00000E+00 0.00000E+00 0.00000E+00 0.00000E+00 0.00000E+00 0.00000E+00 0.00000E+00 0.00000E+00 0.00000E+00 1.80434E-19 2.47179E-19
 1.83986E+02 2.58801E-18 0.00000E+00 0.00000E+00 0.00000E+00 0.00000E+00 0.00000E+00 0.00000E+00 0.00000E+00 0.00000E+00 0.00000E+00 0.00000E+00 0.00000E+00 0.00000E+00 1.71998E-19 2.42186E-19
 1.87083E+02 2.53008E-18 0.00000E+00 0.00000E+00 0.00000E+00 0.00000E+00 0.00000E+00 0.00000E+00 0.00000E+00 0.00000E+00 0.00000E+00 0.00000E+00 0.00000E+00 0.00000E+00 1.66020E-19 2.40178E-19
 1.90232E+02 2.47743E-18 0.00000E+00 0.00000E+00 0.00000E+00 0.00000E+00 0.00000E+00 0.00000E+00 0.00000E+00 0.00000E+00 0.00000E+00 0.00000E+00 0.00000E+00 0.00000E+00 1.62239E-19 2.40811E-19
 1.93434E+02 2.42952E-18 0.00000E+00 0.00000E+00 0.00000E+00 0.00000E+00 0.00000E+00 0.00000E+00 0.00000E+00 0.00000E+00 0.00000E+00 0.00000E+00 0.00000E+00 0.00000E+00 1.60408E-19 2.43761E-19
 1.96689E+02 2.38583E-18 0.00000E+00 0.00000E+00 0.00000E+00 0.00000E+00 0.00000E+00 0.00000E+00 0.00000E+00 0.00000E+00 0.00000E+00 0.00000E+00 0.00000E+00 0.00000E+00 1.60297E-19 2.48723E-19
 2.00000E+02 2.34589E-18 0.00000E+00 0.00000E+00 0.00000E+00 0.00000E+00 0.00000E+00 0.00000E+00 0.00000E+00 0.00000E+00 0.00000E+00 0.00000E+00 0.00000E+00 0.00000E+00 1.61692E-19 2.55405E-19
 2.04823E+02 2.29444E-18 0.00000E+00 0.00000E+00 0.00000E+00 0.00000E+00 0.00000E+00 0.00000E+00 0.00000E+00 0.00000E+00 0.00000E+00 0.00000E+00 0.00000E+00 0.00000E+00 1.65889E-19 2.67371E-19
 2.09762E+02 2.24839E-18 0.00000E+00 0.00000E+00 0.00000E+00 0.00000E+00 0.00000E+00 0.00000E+00 0.00000E+00 0.00000E+00 0.00000E+00 0.00000E+00 0.00000E+00 0.00000E+00 1.72183E-19 2.81523E-19
 2.14820E+02 2.20656E-18 0.00000E+00 0.00000E+00 0.00000E+00 0.00000E+00 0.00000E+00 0.00000E+00 0.00000E+00 0.00000E+00 0.00000E+00 0.00000E+00 0.00000E+00 0.00000E+00 1.80075E-19 2.97174E-19
 2.20000E+02 2.16808E-18 0.00000E+00 0.00000E+00 0.00000E+00 0.00000E+00 0.00000E+00 0.00000E+00 0.00000E+00 0.00000E+00 0.00000E+00 0.00000E+00 0.00000E+00 0.00000E+00 1.89134E-19 3.13881E-19
 2.29783E+02 2.10402E-18 0.00000E+00 0.00000E+00 0.00000E+00 0.00000E+00 0.00000E+00 0.00000E+00 0.00000E+00 0.00000E+00 0.00000E+00 0.00000E+00 0.00000E+00 0.00000E+00 2.07584E-19 3.45697E-19
 2.40000E+02 2.04554E-18 0.00000E+00 0.00000E+00 0.00000E+00 0.00000E+00 0.00000E+00 0.00000E+00 0.00000E+00 0.00000E+00 0.00000E+00 0.00000E+00 0.00000E+00 0.00000E+00 2.27295E-19 3.77771E-19
 2.40000E+02 2.35833E-18 0.00000E+00 0.00000E+00 0.00000E+00 0.00000E+00 0.00000E+00 0.00000E+00 0.00000E+00 0.00000E+00 0.00000E+00 0.00000E+00 0.00000E+00 3.12786E-19 2.27296E-19 3.77771E-19
 2.40153E+02 2.35760E-18 0.00000E+00 0.00000E+00 0.00000E+00 0.00000E+00 0.00000E+00 0.00000E+00 0.00000E+00 0.00000E+00 0.00000E+00 0.00000E+00 0.00000E+00 3.12883E-19 2.27588E-19 3.78237E-19
 2.40306E+02 2.35687E-18 0.00000E+00 0.00000E+00 0.00000E+00 0.00000E+00 0.00000E+00 0.00000E+00 0.00000E+00 0.00000E+00 0.00000E+00 0.00000E+00 0.00000E+00 3.12981E-19 2.27881E-19 3.78702E-19
 2.40613E+02 2.35542E-18 0.00000E+00 0.00000E+00 0.00000E+00 0.00000E+00 0.00000E+00 0.00000E+00 0.00000E+00 0.00000E+00 0.00000E+00 0.00000E+00 0.00000E+00 3.13176E-19 2.28467E-19 3.79633E-19
 2.41228E+02 2.35253E-18 0.00000E+00 0.00000E+00 0.00000E+00 0.00000E+00 0.00000E+00 0.00000E+00 0.00000E+00 0.00000E+00 0.00000E+00 0.00000E+00 0.00000E+00 3.13566E-19 2.29640E-19 3.81491E-19
 2.42462E+02 2.34677E-18 0.00000E+00 0.00000E+00 0.00000E+00 0.00000E+00 0.00000E+00 0.00000E+00 0.00000E+00 0.00000E+00 0.00000E+00 0.00000E+00 0.00000E+00 3.14344E-19 2.31986E-19 3.85195E-19
 2.44949E+02 2.33533E-18 0.00000E+00 0.00000E+00 0.00000E+00 0.00000E+00 0.00000E+00 0.00000E+00 0.00000E+00 0.00000E+00 0.00000E+00 0.00000E+00 0.00000E+00 3.15857E-19 2.36676E-19 3.92547E-19
 2.50000E+02 2.31234E-18 0.00000E+00 0.00000E+00 0.00000E+00 0.00000E+00 0.00000E+00 0.00000E+00 0.00000E+00 0.00000E+00 0.00000E+00 0.00000E+00 0.00000E+00 3.18308E-19 2.46006E-19 4.06966E-19
 2.55441E+02 2.28591E-18 0.00000E+00 0.00000E+00 0.00000E+00 0.00000E+00 0.00000E+00 0.00000E+00 0.00000E+00 0.00000E+00 0.00000E+00 0.00000E+00 0.00000E+00 3.18256E-19 2.55684E-19 4.21639E-19
 2.61000E+02 2.25707E-18 0.00000E+00 0.00000E+00 0.00000E+00 0.00000E+00 0.00000E+00 0.00000E+00 0.00000E+00 0.00000E+00 0.00000E+00 0.00000E+00 0.00000E+00 3.15527E-19 2.65079E-19 4.35610E-19
 2.61000E+02 2.35094E-18 0.00000E+00 0.00000E+00 0.00000E+00 0.00000E+00 0.00000E+00 0.00000E+00 0.00000E+00 0.00000E+00 0.00000E+00 0.00000E+00 9.38705E-20 3.15527E-19 2.65079E-19 4.35610E-19
 2.61142E+02 2.35019E-18 0.00000E+00 0.00000E+00 0.00000E+00 0.00000E+00 0.00000E+00 0.00000E+00 0.00000E+00 0.00000E+00 0.00000E+00 0.00000E+00 9.38654E-20 3.15438E-19 2.65312E-19 4.35953E-19
 2.61284E+02 2.34944E-18 0.00000E+00 0.00000E+00 0.00000E+00 0.00000E+00 0.00000E+00 0.00000E+00 0.00000E+00 0.00000E+00 0.00000E+00 0.00000E+00 9.38603E-20 3.15349E-19 2.65544E-19 4.36295E-19
 2.61569E+02 2.34793E-18 0.00000E+00 0.00000E+00 0.00000E+00 0.00000E+00 0.00000E+00 0.00000E+00 0.00000E+00 0.00000E+00 0.00000E+00 0.00000E+00 9.38502E-20 3.15169E-19 2.66008E-19 4.36977E-19
 2.62138E+02 2.34491E-18 0.00000E+00 0.00000E+00 0.00000E+00 0.00000E+00 0.00000E+00 0.00000E+00 0.00000E+00 0.00000E+00 0.00000E+00 0.00000E+00 9.38299E-20 3.14803E-19 2.66933E-19 4.38336E-19
 2.63282E+02 2.33885E-18 0.00000E+00 0.00000E+00 0.00000E+00 0.00000E+00 0.00000E+00 0.00000E+00 0.00000E+00 0.00000E+00 0.00000E+00 0.00000E+00 9.37899E-20 3.14051E-19 2.68771E-19 4.41027E-19
 2.65583E+02 2.32670E-18 0.00000E+00 0.00000E+00 0.00000E+00 0.00000E+00 0.00000E+00 0.00000E+00 0.00000E+00 0.00000E+00 0.00000E+00 0.00000E+00 9.37143E-20 3.12509E-19 2.72391E-19 4.46299E-19
 2.70247E+02 2.30249E-18 0.00000E+00 0.00000E+00 0.00000E+00 0.00000E+00 0.00000E+00 0.00000E+00 0.00000E+00 0.00000E+00 0.00000E+00 0.00000E+00 9.36028E-20 3.09538E-19 2.79395E-19 4.56383E-19
 2.79821E+02 2.25470E-18 0.00000E+00 0.00000E+00 0.00000E+00 0.00000E+00 0.00000E+00 0.00000E+00 0.00000E+00 0.00000E+00 0.00000E+00 0.00000E+00 9.35770E-20 3.04485E-19 2.92321E-19 4.74599E-19
 3.00000E+02 2.15671E-18 0.00000E+00 0.00000E+00 0.00000E+00 0.00000E+00 0.00000E+00 0.00000E+00 0.00000E+00 0.00000E+00 0.00000E+00 0.00000E+00 9.17004E-20 2.96372E-19 3.13411E-19 5.03073E-19
 3.17017E+02 2.07628E-18 0.00000E+00 0.00000E+00 0.00000E+00 0.00000E+00 0.00000E+00 0.00000E+00 0.00000E+00 0.00000E+00 0.00000E+00 0.00000E+00 9.09350E-20 2.88920E-19 3.25632E-19 5.18419E-19
 3.35000E+02 1.99297E-18 0.00000E+00 0.00000E+00 0.00000E+00 0.00000E+00 0.00000E+00 0.00000E+00 0.00000E+00 0.00000E+00 0.00000E+00 0.00000E+00 9.02222E-20 2.80959E-19 3.33856E-19 5.27405E-19
 3.35000E+02 2.11810E-18 0.00000E+00 0.00000E+00 0.00000E+00 0.00000E+00 0.00000E+00 0.00000E+00 0.00000E+00 0.00000E+00 0.00000E+00 1.25130E-19 9.02222E-20 2.80959E-19 3.33856E-19 5.27405E-19
 3.35229E+02 2.11650E-18 0.00000E+00 0.00000E+00 0.00000E+00 0.00000E+00 0.00000E+00 0.00000E+00 0.00000E+00 0.00000E+00 0.00000E+00 1.24590E-19 9.02118E-20 2.80859E-19 3.33932E-19 5.27475E-19
 3.35459E+02 2.11491E-18 0.00000E+00 0.00000E+00 0.00000E+00 0.00000E+00 0.00000E+00 0.00000E+00 0.00000E+00 0.00000E+00 0.00000E+00 1.24051E-19 9.02014E-20 2.80758E-19 3.34008E-19 5.27545E-19
 3.35918E+02 2.11175E-18 0.00000E+00 0.00000E+00 0.00000E+00 0.00000E+00 0.00000E+00 0.00000E+00 0.00000E+00 0.00000E+00 0.00000E+00 1.22995E-19 9.01805E-20 2.80557E-19 3.34156E-19 5.27681E-19
 3.36839E+02 2.10557E-18 0.00000E+00 0.00000E+00 0.00000E+00 0.00000E+00 0.00000E+00 0.00000E+00 0.00000E+00 0.00000E+00 0.00000E+00 1.21048E-19 9.01384E-20 2.80153E-19 3.34446E-19 5.27942E-19
 3.38689E+02 2.09398E-18 0.00000E+00 0.00000E+00 0.00000E+00 0.00000E+00 0.00000E+00 0.00000E+00 0.00000E+00 0.00000E+00 0.00000E+00 1.17931E-19 9.00532E-20 2.79341E-19 3.34994E-19 5.28416E-19
 3.42418E+02 2.07282E-18 0.00000E+00 0.00000E+00 0.00000E+00 0.00000E+00 0.00000E+00 0.00000E+00 0.00000E+00 0.00000E+00 0.00000E+00 1.13840E-19 8.98790E-20 2.77697E-19 3.35966E-19 5.29173E-19
 3.50000E+02 2.03534E-18 0.00000E+00 0.00000E+00 0.00000E+00 0.00000E+00 0.00000E+00 0.00000E+00 0.00000E+00 0.00000E+00 0.00000E+00 1.10889E-19 8.95130E-20 2.74309E-19 3.37415E-19 5.29941E-19
 3.61881E+02 1.98139E-18 0.00000E+00 0.00000E+00 0.00000E+00 0.00000E+00 0.00000E+00 0.00000E+00 0.00000E+00 0.00000E+00 0.00000E+00 1.10540E-19 8.88950E-20 2.68897E-19 3.38396E-19 5.29297E-19
 3.74166E+02 1.92514E-18 0.00000E+00 0.00000E+00 0.00000E+00 0.00000E+00 0.00000E+00 0.00000E+00 0.00000E+00 0.00000E+00 0.00000E+00 1.08783E-19 8.81821E-20 2.63220E-19 3.38006E-19 5.26668E-19
 3.86867E+02 1.86700E-18 0.00000E+00 0.00000E+00 0.00000E+00 0.00000E+00 0.00000E+00 0.00000E+00 0.00000E+00 0.00000E+00 0.00000E+00 1.05665E-19 8.73633E-20 2.57381E-19 3.36395E-19 5.22289E-19
 4.00000E+02 1.80873E-18 0.00000E+00 0.00000E+00 0.00000E+00 0.00000E+00 0.00000E+00 0.00000E+00 0.00000E+00 0.00000E+00 0.00000E+00 1.02740E-19 8.64350E-20 2.51446E-19 3.33681E-19 5.16324E-19
 4.11953E+02 1.75734E-18 0.00000E+00 0.00000E+00 0.00000E+00 0.00000E+00 0.00000E+00 0.00000E+00 0.00000E+00 0.00000E+00 0.00000E+00 1.00460E-19 8.55349E-20 2.46106E-19 3.30424E-19 5.09815E-19
 4.24264E+02 1.70565E-18 0.00000E+00 0.00000E+00 0.00000E+00 0.00000E+00 0.00000E+00 0.00000E+00 0.00000E+00 0.00000E+00 0.00000E+00 9.81709E-20 8.45679E-20 2.40624E-19 3.26386E-19 5.02182E-19
 4.36943E+02 1.65345E-18 0.00000E+00 0.00000E+00 0.00000E+00 0.00000E+00 0.00000E+00 0.00000E+00 0.00000E+00 0.00000E+00 0.00000E+00 9.56371E-20 8.35213E-20 2.35003E-19 3.21600E-19 4.93493E-19
 4.50000E+02 1.60106E-18 0.00000E+00 0.00000E+00 0.00000E+00 0.00000E+00 0.00000E+00 0.00000E+00 0.00000E+00 0.00000E+00 0.00000E+00 9.30065E-20 8.23789E-20 2.29280E-19 3.16133E-19 4.83864E-19
 4.74342E+02 1.50801E-18 0.00000E+00 0.00000E+00 0.00000E+00 0.00000E+00 0.00000E+00 0.00000E+00 0.00000E+00 0.00000E+00 0.00000E+00 8.84588E-20 8.01253E-20 2.18938E-19 3.04948E-19 4.64765E-19
 5.00000E+02 1.41660E-18 0.00000E+00 0.00000E+00 0.00000E+00 0.00000E+00 0.00000E+00 0.00000E+00 0.00000E+00 0.00000E+00 0.00000E+00 8.40138E-20 7.76810E-20 2.08576E-19 2.92399E-19 4.43884E-19
 5.24404E+02 1.33524E-18 0.00000E+00 0.00000E+00 0.00000E+00 0.00000E+00 0.00000E+00 0.00000E+00 0.00000E+00 0.00000E+00 0.00000E+00 7.98805E-20 7.53315E-20 1.99126E-19 2.80113E-19 4.23781E-19
 5.50000E+02 1.25537E-18 0.00000E+00 0.00000E+00 0.00000E+00 0.00000E+00 0.00000E+00 0.00000E+00 0.00000E+00 0.00000E+00 0.00000E+00 7.58173E-20 7.28327E-20 1.89651E-19 2.67087E-19 4.02752E-19
 5.74456E+02 1.18430E-18 0.00000E+00 0.00000E+00 0.00000E+00 0.00000E+00 0.00000E+00 0.00000E+00 0.00000E+00 0.00000E+00 0.00000E+00 7.22310E-20 7.04501E-20 1.81103E-19 2.54744E-19 3.83061E-19
 6.00000E+02 1.11535E-18 0.00000E+00 0.00000E+00 0.00000E+00 0.00000E+00 0.00000E+00 0.00000E+00 0.00000E+00 0.00000E+00 0.00000E+00 6.86868E-20 6.80168E-20 1.72692E-19 2.42191E-19 3.63220E-19
 6.23574E+02 1.05613E-18 0.00000E+00 0.00000E+00 0.00000E+00 0.00000E+00 0.00000E+00 0.00000E+00 0.00000E+00 0.00000E+00 0.00000E+00 6.55911E-20 6.58292E-20 1.65330E-19 2.31007E-19 3.45663E-19
 6.48074E+02 9.98642E-19 0.00000E+00 0.00000E+00 0.00000E+00 0.00000E+00 0.00000E+00 0.00000E+00 0.00000E+00 0.00000E+00 0.00000E+00 6.25719E-20 6.36035E-20 1.58073E-19 2.19804E-19 3.28176E-19
 6.73537E+02 9.42939E-19 0.00000E+00 0.00000E+00 0.00000E+00 0.00000E+00 0.00000E+00 0.00000E+00 0.00000E+00 0.00000E+00 0.00000E+00 5.96571E-20 6.13476E-20 1.50948E-19 2.08631E-19 3.10835E-19
 7.00000E+02 8.89194E-19 0.00000E+00 0.00000E+00 0.00000E+00 0.00000E+00 0.00000E+00 0.00000E+00 0.00000E+00 0.00000E+00 0.00000E+00 5.68278E-20 5.90884E-20 1.43991E-19 1.97578E-19 2.93771E-19
 7.48331E+02 8.00980E-19 0.00000E+00 0.00000E+00 0.00000E+00 0.00000E+00 0.00000E+00 0.00000E+00 0.00000E+00 0.00000E+00 0.00000E+00 5.20896E-20 5.51979E-20 1.32358E-19 1.78944E-19 2.65176E-19
 8.00000E+02 7.18887E-19 0.00000E+00 0.00000E+00 0.00000E+00 0.00000E+00 0.00000E+00 0.00000E+00 0.00000E+00 0.00000E+00 0.00000E+00 4.76508E-20 5.13394E-20 1.21234E-19 1.61101E-19 2.37960E-19
 8.48528E+02 6.51576E-19 0.00000E+00 0.00000E+00 0.00000E+00 0.00000E+00 0.00000E+00 0.00000E+00 0.00000E+00 0.00000E+00 0.00000E+00 4.39535E-20 4.80079E-20 1.11942E-19 1.46134E-19 2.15259E-19
 9.00000E+02 5.89101E-19 0.00000E+00 0.00000E+00 0.00000E+00 0.00000E+00 0.00000E+00 0.00000E+00 0.00000E+00 0.00000E+00 0.00000E+00 4.04617E-20 4.47717E-20 1.03117E-19 1.32025E-19 1.93963E-19
 9.48683E+02 5.37122E-19 0.00000E+00 0.00000E+00 0.00000E+00 0.00000E+00 0.00000E+00 0.00000E+00 0.00000E+00 0.00000E+00 0.00000E+00 3.75238E-20 4.19566E-20 9.56206E-20 1.20138E-19 1.76092E-19
 1.00000E+03 4.88786E-19 0.00000E+00 0.00000E+00 0.00000E+00 0.00000E+00 0.00000E+00 0.00000E+00 0.00000E+00 0.00000E+00 0.00000E+00 3.47589E-20 3.92400E-20 8.85299E-20 1.08965E-19 1.59361E-19
 1.03200E+03 4.61582E-19 0.00000E+00 0.00000E+00 0.00000E+00 0.00000E+00 0.00000E+00 0.00000E+00 0.00000E+00 0.00000E+00 0.00000E+00 3.31841E-20 3.76638E-20 8.44685E-20 1.02644E-19 1.49924E-19
 1.03200E+03 5.08690E-19 0.00000E+00 0.00000E+00 0.00000E+00 0.00000E+00 0.00000E+00 0.00000E+00 0.00000E+00 0.00000E+00 4.71082E-20 3.31841E-20 3.76638E-20 8.44685E-20 1.02644E-19 1.49924E-19
 1.03277E+03 5.29271E-19 0.00000E+00 0.00000E+00 0.00000E+00 0.00000E+00 0.00000E+00 0.00000E+00 0.00000E+00 0.00000E+00 6.83202E-20 3.31474E-20 3.76268E-20 8.43737E-20 1.02498E-19 1.49705E-19
 1.03355E+03 5.56676E-19 0.00000E+00 0.00000E+00 0.00000E+00 0.00000E+00 0.00000E+00 0.00000E+00 0.00000E+00 0.00000E+00 9.63561E-20 3.31107E-20 3.75899E-20 8.42789E-20 1.02351E-19 1.49486E-19
 1.03432E+03 5.91098E-19 0.00000E+00 0.00000E+00 0.00000E+00 0.00000E+00 0.00000E+00 0.00000E+00 0.00000E+00 0.00000E+00 1.31407E-19 3.30741E-20 3.75529E-20 8.41842E-20 1.02204E-19 1.49268E-19
 1.03509E+03 6.32505E-19 0.00000E+00 0.00000E+00 0.00000E+00 0.00000E+00 0.00000E+00 0.00000E+00 0.00000E+00 0.00000E+00 1.73443E-19 3.30375E-20 3.75160E-20 8.40896E-20 1.02058E-19 1.49050E-19
 1.03587E+03 6.80507E-19 0.00000E+00 0.00000E+00 0.00000E+00 0.00000E+00 0.00000E+00 0.00000E+00 0.00000E+00 0.00000E+00 2.22074E-19 3.30009E-20 3.74791E-20 8.39951E-20 1.01912E-19 1.48832E-19
 1.03664E+03 7.34263E-19 0.00000E+00 0.00000E+00 0.00000E+00 0.00000E+00 0.00000E+00 0.00000E+00 0.00000E+00 0.00000E+00 2.76456E-19 3.29644E-20 3.74422E-20 8.39007E-20 1.01766E-19 1.48614E-19
 1.03742E+03 7.92511E-19 0.00000E+00 0.00000E+00 0.00000E+00 0.00000E+00 0.00000E+00 0.00000E+00 0.00000E+00 0.00000E+00 3.35332E-19 3.29279E-20 3.74054E-20 8.38063E-20 1.01620E-19 1.48396E-19
 1.03819E+03 8.53642E-19 0.00000E+00 0.00000E+00 0.00000E+00 0.00000E+00 0.00000E+00 0.00000E+00 0.00000E+00 0.00000E+00 3.97089E-19 3.28914E-20 3.73685E-20 8.37120E-20 1.01474E-19 1.48179E-19
 1.03897E+03 9.15863E-19 0.00000E+00 0.00000E+00 0.00000E+00 0.00000E+00 0.00000E+00 0.00000E+00 0.00000E+00 0.00000E+00 4.59935E-19 3.28550E-20 3.73317E-20 8.36178E-20 1.01328E-19 1.47962E-19
 1.03975E+03 9.77379E-19 0.00000E+00 0.00000E+00 0.00000E+00 0.00000E+00 0.00000E+00 0.00000E+00 0.00000E+00 0.00000E+00 5.22076E-19 3.28185E-20 3.72949E-20 8.35237E-20 1.01183E-19 1.47745E-19
 1.04053E+03 1.03658E-18 0.00000E+00 0.00000E+00 0.00000E+00 0.00000E+00 0.00000E+00 0.00000E+00 0.00000E+00 0.00000E+00 5.81905E-19 3.27822E-20 3.72582E-20 8.34296E-20 1.01037E-19 1.47528E-19
 1.04130E+03 1.09221E-18 0.00000E+00 0.00000E+00 0.00000E+00 0.00000E+00 0.00000E+00 0.00000E+00 0.00000E+00 0.00000E+00 6.38150E-19 3.27458E-20 3.72214E-20 8.33356E-20 1.00892E-19 1.47311E-19
 1.04208E+03 1.14338E-18 0.00000E+00 0.00000E+00 0.00000E+00 0.00000E+00 0.00000E+00 0.00000E+00 0.00000E+00 0.00000E+00 6.89952E-19 3.27095E-20 3.71847E-20 8.32417E-20 1.00747E-19 1.47095E-19
 1.04286E+03 1.18968E-18 0.00000E+00 0.00000E+00 0.00000E+00 0.00000E+00 0.00000E+00 0.00000E+00 0.00000E+00 0.00000E+00 7.36870E-19 3.26732E-20 3.71480E-20 8.31479E-20 1.00602E-19 1.46879E-19
 1.04364E+03 1.23099E-18 0.00000E+00 0.00000E+00 0.00000E+00 0.00000E+00 0.00000E+00 0.00000E+00 0.00000E+00 0.00000E+00 7.78797E-19 3.26370E-20 3.71113E-20 8.30541E-20 1.00458E-19 1.46663E-19
 1.04443E+03 1.26748E-18 0.00000E+00 0.00000E+00 0.00000E+00 0.00000E+00 0.00000E+00 0.00000E+00 0.00000E+00 0.00000E+00 8.15912E-19 3.26008E-20 3.70746E-20 8.29604E-20 1.00313E-19 1.46448E-19
 1.04521E+03 1.29953E-18 0.00000E+00 0.00000E+00 0.00000E+00 0.00000E+00 0.00000E+00 0.00000E+00 0.00000E+00 0.00000E+00 8.48582E-19 3.25646E-20 3.70380E-20 8.28668E-20 1.00169E-19 1.46233E-19
 1.04599E+03 1.32760E-18 0.00000E+00 0.00000E+00 0.00000E+00 0.00000E+00 0.00000E+00 0.00000E+00 0.00000E+00 0.00000E+00 8.77266E-19 3.25285E-20 3.70013E-20 8.27733E-20 1.00024E-19 1.46017E-19
 1.04677E+03 1.35218E-18 0.00000E+00 0.00000E+00 0.00000E+00 0.00000E+00 0.00000E+00 0.00000E+00 0.00000E+00 0.00000E+00 9.02466E-19 3.24923E-20 3.69647E-20 8.26799E-20 9.98802E-20 1.45803E-19
 1.04755E+03 1.37377E-18 0.00000E+00 0.00000E+00 0.00000E+00 0.00000E+00 0.00000E+00 0.00000E+00 0.00000E+00 0.00000E+00 9.24680E-19 3.24563E-20 3.69281E-20 8.25865E-20 9.97362E-20 1.45588E-19
 1.04834E+03 1.39284E-18 0.00000E+00 0.00000E+00 0.00000E+00 0.00000E+00 0.00000E+00 0.00000E+00 0.00000E+00 0.00000E+00 9.44368E-19 3.24202E-20 3.68916E-20 8.24932E-20 9.95923E-20 1.45374E-19
 1.04912E+03 1.40980E-18 0.00000E+00 0.00000E+00 0.00000E+00 0.00000E+00 0.00000E+00 0.00000E+00 0.00000E+00 0.00000E+00 9.61936E-19 3.23842E-20 3.68550E-20 8.24000E-20 9.94486E-20 1.45159E-19
 1.04991E+03 1.42498E-18 0.00000E+00 0.00000E+00 0.00000E+00 0.00000E+00 0.00000E+00 0.00000E+00 0.00000E+00 0.00000E+00 9.77736E-19 3.23482E-20 3.68185E-20 8.23068E-20 9.93051E-20 1.44945E-19
 1.05069E+03 1.43869E-18 0.00000E+00 0.00000E+00 0.00000E+00 0.00000E+00 0.00000E+00 0.00000E+00 0.00000E+00 0.00000E+00 9.92057E-19 3.23122E-20 3.67820E-20 8.22138E-20 9.91616E-20 1.44732E-19
 1.05227E+03 1.46258E-18 0.00000E+00 0.00000E+00 0.00000E+00 0.00000E+00 0.00000E+00 0.00000E+00 0.00000E+00 0.00000E+00 1.01718E-18 3.22404E-20 3.67091E-20 8.20279E-20 9.88753E-20 1.44305E-19
 1.05384E+03 1.48283E-18 0.00000E+00 0.00000E+00 0.00000E+00 0.00000E+00 0.00000E+00 0.00000E+00 0.00000E+00 0.00000E+00 1.03866E-18 3.21687E-20 3.66362E-20 8.18423E-20 9.85895E-20 1.43879E-19
 1.05542E+03 1.50025E-18 0.00000E+00 0.00000E+00 0.00000E+00 0.00000E+00 0.00000E+00 0.00000E+00 0.00000E+00 0.00000E+00 1.05730E-18 3.20972E-20 3.65635E-20 8.16570E-20 9.83043E-20 1.43454E-19
 1.05700E+03 1.51525E-18 0.00000E+00 0.00000E+00 0.00000E+00 0.00000E+00 0.00000E+00 0.00000E+00 0.00000E+00 0.00000E+00 1.07352E-18 3.20258E-20 3.64908E-20 8.14721E-20 9.80197E-20 1.43030E-19
 1.05700E+03 1.54721E-18 0.00000E+00 0.00000E+00 0.00000E+00 0.00000E+00 0.00000E+00 0.00000E+00 0.00000E+00 3.19654E-20 1.07352E-18 3.20258E-20 3.64908E-20 8.14720E-20 9.80197E-20 1.43030E-19
 1.05766E+03 1.56358E-18 0.00000E+00 0.00000E+00 0.00000E+00 0.00000E+00 0.00000E+00 0.00000E+00 0.00000E+00 4.27459E-20 1.07961E-18 3.19961E-20 3.64606E-20 8.13951E-20 9.79014E-20 1.42854E-19
 1.05832E+03 1.58277E-18 0.00000E+00 0.00000E+00 0.00000E+00 0.00000E+00 0.00000E+00 0.00000E+00 0.00000E+00 5.67348E-20 1.08532E-18 3.19664E-20 3.64303E-20 8.13182E-20 9.77831E-20 1.42678E-19
 1.05898E+03 1.60482E-18 0.00000E+00 0.00000E+00 0.00000E+00 0.00000E+00 0.00000E+00 0.00000E+00 0.00000E+00 7.39589E-20 1.09065E-18 3.19367E-20 3.64001E-20 8.12414E-20 9.76650E-20 1.42502E-19
 1.05964E+03 1.62982E-18 0.00000E+00 0.00000E+00 0.00000E+00 0.00000E+00 0.00000E+00 0.00000E+00 0.00000E+00 9.44947E-20 1.09562E-18 3.19071E-20 3.63699E-20 8.11646E-20 9.75469E-20 1.42326E-19
 1.06030E+03 1.65769E-18 0.00000E+00 0.00000E+00 0.00000E+00 0.00000E+00 0.00000E+00 0.00000E+00 0.00000E+00 1.18285E-19 1.10021E-18 3.18774E-20 3.63397E-20 8.10879E-20 9.74290E-20 1.42150E-19
 1.06096E+03 1.68825E-18 0.00000E+00 0.00000E+00 0.00000E+00 0.00000E+00 0.00000E+00 0.00000E+00 0.00000E+00 1.45128E-19 1.10443E-18 3.18478E-20 3.63096E-20 8.10112E-20 9.73111E-20 1.41975E-19
 1.06228E+03 1.75588E-18 0.00000E+00 0.00000E+00 0.00000E+00 0.00000E+00 0.00000E+00 0.00000E+00 0.00000E+00 2.06422E-19 1.11178E-18 3.17887E-20 3.62493E-20 8.08580E-20 9.70757E-20 1.41624E-19
 1.06361E+03 1.82828E-18 0.00000E+00 0.00000E+00 0.00000E+00 0.00000E+00 0.00000E+00 0.00000E+00 0.00000E+00 2.73921E-19 1.11768E-18 3.17297E-20 3.61890E-20 8.07050E-20 9.68408E-20 1.41274E-19
 1.06493E+03 1.89983E-18 0.00000E+00 0.00000E+00 0.00000E+00 0.00000E+00 0.00000E+00 0.00000E+00 0.00000E+00 3.41962E-19 1.12219E-18 3.16707E-20 3.61289E-20 8.05523E-20 9.66062E-20 1.40925E-19
 1.06560E+03 1.93362E-18 0.00000E+00 0.00000E+00 0.00000E+00 0.00000E+00 0.00000E+00 0.00000E+00 0.00000E+00 3.74505E-19 1.12394E-18 3.16413E-20 3.60988E-20 8.04760E-20 9.64891E-20 1.40751E-19
 1.06626E+03 1.96541E-18 0.00000E+00 0.00000E+00 0.00000E+00 0.00000E+00 0.00000E+00 0.00000E+00 0.00000E+00 4.05367E-19 1.12537E-18 3.16118E-20 3.60687E-20 8.03997E-20 9.63721E-20 1.40576E-19
 1.06692E+03 1.99486E-18 0.00000E+00 0.00000E+00 0.00000E+00 0.00000E+00 0.00000E+00 0.00000E+00 0.00000E+00 4.34200E-19 1.12650E-18 3.15824E-20 3.60387E-20 8.03236E-20 9.62551E-20 1.40402E-19
 1.06759E+03 2.02178E-18 0.00000E+00 0.00000E+00 0.00000E+00 0.00000E+00 0.00000E+00 0.00000E+00 0.00000E+00 4.60792E-19 1.12732E-18 3.15531E-20 3.60087E-20 8.02474E-20 9.61383E-20 1.40228E-19
 1.06826E+03 2.04610E-18 0.00000E+00 0.00000E+00 0.00000E+00 0.00000E+00 0.00000E+00 0.00000E+00 0.00000E+00 4.85070E-19 1.12786E-18 3.15237E-20 3.59787E-20 8.01713E-20 9.60216E-20 1.40055E-19
 1.06892E+03 2.06786E-18 0.00000E+00 0.00000E+00 0.00000E+00 0.00000E+00 0.00000E+00 0.00000E+00 0.00000E+00 5.07054E-19 1.12814E-18 3.14944E-20 3.59487E-20 8.00953E-20 9.59050E-20 1.39881E-19
 1.06959E+03 2.08718E-18 0.00000E+00 0.00000E+00 0.00000E+00 0.00000E+00 0.00000E+00 0.00000E+00 0.00000E+00 5.26851E-19 1.12816E-18 3.14651E-20 3.59187E-20 8.00194E-20 9.57884E-20 1.39707E-19
 1.07025E+03 2.10423E-18 0.00000E+00 0.00000E+00 0.00000E+00 0.00000E+00 0.00000E+00 0.00000E+00 0.00000E+00 5.44615E-19 1.12794E-18 3.14358E-20 3.58887E-20 7.99434E-20 9.56720E-20 1.39534E-19
 1.07159E+03 2.13237E-18 0.00000E+00 0.00000E+00 0.00000E+00 0.00000E+00 0.00000E+00 0.00000E+00 0.00000E+00 5.74819E-19 1.12687E-18 3.13773E-20 3.58289E-20 7.97918E-20 9.54395E-20 1.39188E-19
 1.07292E+03 2.15397E-18 0.00000E+00 0.00000E+00 0.00000E+00 0.00000E+00 0.00000E+00 0.00000E+00 0.00000E+00 5.99231E-19 1.12506E-18 3.13188E-20 3.57690E-20 7.96403E-20 9.52073E-20 1.38842E-19
 1.07426E+03 2.17060E-18 0.00000E+00 0.00000E+00 0.00000E+00 0.00000E+00 0.00000E+00 0.00000E+00 0.00000E+00 6.19282E-19 1.12263E-18 3.12605E-20 3.57093E-20 7.94891E-20 9.49756E-20 1.38498E-19
 1.07560E+03 2.18352E-18 0.00000E+00 0.00000E+00 0.00000E+00 0.00000E+00 0.00000E+00 0.00000E+00 0.00000E+00 6.36112E-19 1.11971E-18 3.12023E-20 3.56496E-20 7.93381E-20 9.47443E-20 1.38153E-19
 1.07829E+03 2.20177E-18 0.00000E+00 0.00000E+00 0.00000E+00 0.00000E+00 0.00000E+00 0.00000E+00 0.00000E+00 6.63191E-19 1.11285E-18 3.10860E-20 3.55303E-20 7.90367E-20 9.42828E-20 1.37467E-19
 1.08098E+03 2.21336E-18 0.00000E+00 0.00000E+00 0.00000E+00 0.00000E+00 0.00000E+00 0.00000E+00 0.00000E+00 6.84327E-19 1.10527E-18 3.09702E-20 3.54114E-20 7.87362E-20 9.38230E-20 1.36782E-19
 1.08367E+03 2.22032E-18 0.00000E+00 0.00000E+00 0.00000E+00 0.00000E+00 0.00000E+00 0.00000E+00 0.00000E+00 7.00949E-19 1.09757E-18 3.08546E-20 3.52926E-20 7.84365E-20 9.33648E-20 1.36101E-19
 1.08638E+03 2.22335E-18 0.00000E+00 0.00000E+00 0.00000E+00 0.00000E+00 0.00000E+00 0.00000E+00 0.00000E+00 7.13430E-19 1.09008E-18 3.07394E-20 3.51741E-20 7.81378E-20 9.29081E-20 1.35421E-19
 1.08909E+03 2.22275E-18 0.00000E+00 0.00000E+00 0.00000E+00 0.00000E+00 0.00000E+00 0.00000E+00 0.00000E+00 7.21901E-19 1.08295E-18 3.06246E-20 3.50558E-20 7.78399E-20 9.24531E-20 1.34745E-19
 1.09181E+03 2.21890E-18 0.00000E+00 0.00000E+00 0.00000E+00 0.00000E+00 0.00000E+00 0.00000E+00 0.00000E+00 7.26627E-19 1.07631E-18 3.05101E-20 3.49378E-20 7.75428E-20 9.19996E-20 1.34070E-19
 1.09453E+03 2.21222E-18 0.00000E+00 0.00000E+00 0.00000E+00 0.00000E+00 0.00000E+00 0.00000E+00 0.00000E+00 7.28106E-19 1.07008E-18 3.03960E-20 3.48200E-20 7.72467E-20 9.15478E-20 1.33399E-19
 1.10000E+03 2.19267E-18 0.00000E+00 0.00000E+00 0.00000E+00 0.00000E+00 0.00000E+00 0.00000E+00 0.00000E+00 7.24087E-19 1.05840E-18 3.01687E-20 3.45851E-20 7.66570E-20 9.06488E-20 1.32062E-19
 1.17260E+03 1.88967E-18 0.00000E+00 0.00000E+00 0.00000E+00 0.00000E+00 0.00000E+00 0.00000E+00 0.00000E+00 6.20401E-19 9.05795E-19 2.73757E-20 3.16605E-20 6.93959E-20 7.96957E-20 1.15812E-19
 1.21068E+03 1.75600E-18 0.00000E+00 0.00000E+00 0.00000E+00 0.00000E+00 0.00000E+00 0.00000E+00 0.00000E+00 5.75249E-19 8.38896E-19 2.60627E-20 3.02603E-20 6.59649E-20 7.46193E-20 1.08299E-19
 1.25000E+03 1.63390E-18 0.00000E+00 0.00000E+00 0.00000E+00 0.00000E+00 0.00000E+00 0.00000E+00 0.00000E+00 5.34208E-19 7.78369E-19 2.48032E-20 2.89021E-20 6.26658E-20 6.97972E-20 1.01175E-19
 1.30480E+03 1.48083E-18 0.00000E+00 0.00000E+00 0.00000E+00 0.00000E+00 0.00000E+00 0.00000E+00 0.00000E+00 4.83136E-19 7.02306E-19 2.31921E-20 2.71450E-20 5.84437E-20 6.37063E-20 9.21927E-20
 1.36200E+03 1.34030E-18 0.00000E+00 0.00000E+00 0.00000E+00 0.00000E+00 0.00000E+00 0.00000E+00 0.00000E+00 4.36335E-19 6.32694E-19 2.16713E-20 2.54650E-20 5.44547E-20 5.80476E-20 8.38682E-20
 1.36200E+03 1.51852E-18 0.00000E+00 0.00000E+00 0.00000E+00 0.00000E+00 0.00000E+00 0.00000E+00 1.78218E-19 4.36335E-19 6.32694E-19 2.16713E-20 2.54650E-20 5.44547E-20 5.80476E-20 8.38681E-20
 1.36317E+03 1.52369E-18 0.00000E+00 0.00000E+00 0.00000E+00 0.00000E+00 0.00000E+00 0.00000E+00 1.86079E-19 4.35438E-19 6.31364E-19 2.16418E-20 2.54321E-20 5.43770E-20 5.79385E-20 8.37079E-20
 1.36434E+03 1.52642E-18 0.00000E+00 0.00000E+00 0.00000E+00 0.00000E+00 0.00000E+00 0.00000E+00 1.91494E-19 4.34543E-19 6.30037E-19 2.16122E-20 2.53993E-20 5.42995E-20 5.78296E-20 8.35478E-20
 1.36669E+03 1.52863E-18 0.00000E+00 0.00000E+00 0.00000E+00 0.00000E+00 0.00000E+00 0.00000E+00 1.99064E-19 4.32756E-19 6.27390E-19 2.15532E-20 2.53337E-20 5.41447E-20 5.76123E-20 8.32285E-20
 1.36905E+03 1.52821E-18 0.00000E+00 0.00000E+00 0.00000E+00 0.00000E+00 0.00000E+00 0.00000E+00 2.03987E-19 4.30976E-19 6.24752E-19 2.14944E-20 2.52682E-20 5.39902E-20 5.73956E-20 8.29101E-20
 1.37140E+03 1.52569E-18 0.00000E+00 0.00000E+00 0.00000E+00 0.00000E+00 0.00000E+00 0.00000E+00 2.06801E-19 4.29201E-19 6.22123E-19 2.14357E-20 2.52028E-20 5.38360E-20 5.71795E-20 8.25928E-20
 1.37613E+03 1.51600E-18 0.00000E+00 0.00000E+00 0.00000E+00 0.00000E+00 0.00000E+00 0.00000E+00 2.07706E-19 4.25670E-19 6.16895E-19 2.13187E-20 2.50724E-20 5.35288E-20 5.67494E-20 8.19611E-20
 1.38087E+03 1.50318E-18 0.00000E+00 0.00000E+00 0.00000E+00 0.00000E+00 0.00000E+00 0.00000E+00 2.05405E-19 4.22161E-19 6.11702E-19 2.12023E-20 2.49425E-20 5.32230E-20 5.63220E-20 8.13334E-20
 1.39040E+03 1.47744E-18 0.00000E+00 0.00000E+00 0.00000E+00 0.00000E+00 0.00000E+00 0.00000E+00 2.00509E-19 4.15214E-19 6.01425E-19 2.09710E-20 2.46841E-20 5.26154E-20 5.54749E-20 8.00897E-20
 1.40000E+03 1.45511E-18 0.00000E+00 0.00000E+00 0.00000E+00 0.00000E+00 0.00000E+00 0.00000E+00 1.98751E-19 4.08355E-19 5.91288E-19 2.07420E-20 2.44277E-20 5.20133E-20 5.46381E-20 7.88615E-20
 1.41863E+03 1.41459E-18 0.00000E+00 0.00000E+00 0.00000E+00 0.00000E+00 0.00000E+00 0.00000E+00 1.96986E-19 3.95431E-19 5.72205E-19 2.03080E-20 2.39405E-20 5.08718E-20 5.30594E-20 7.65456E-20
 1.43750E+03 1.37360E-18 0.00000E+00 0.00000E+00 0.00000E+00 0.00000E+00 0.00000E+00 0.00000E+00 1.93758E-19 3.82837E-19 5.53636E-19 1.98818E-20 2.34605E-20 4.97503E-20 5.15184E-20 7.42862E-20
 1.47600E+03 1.29485E-18 0.00000E+00 0.00000E+00 0.00000E+00 0.00000E+00 0.00000E+00 0.00000E+00 1.87530E-19 3.58637E-19 5.18044E-19 1.90524E-20 2.25221E-20 4.75669E-20 4.85473E-20 6.99342E-20
 1.47600E+03 1.36074E-18 0.00000E+00 0.00000E+00 0.00000E+00 0.00000E+00 0.00000E+00 6.58946E-20 1.87530E-19 3.58637E-19 5.18043E-19 1.90524E-20 2.25221E-20 4.75669E-20 4.85473E-20 6.99342E-20
 1.47674E+03 1.36175E-18 0.00000E+00 0.00000E+00 0.00000E+00 0.00000E+00 0.00000E+00 6.83665E-20 1.87412E-19 3.58188E-19 5.17385E-19 1.90369E-20 2.25044E-20 4.75261E-20 4.84921E-20 6.98533E-20
 1.47749E+03 1.36220E-18 0.00000E+00 0.00000E+00 0.00000E+00 0.00000E+00 0.00000E+00 7.02738E-20 1.87294E-19 3.57740E-19 5.16727E-19 1.90214E-20 2.24868E-20 4.74852E-20 4.84369E-20 6.97725E-20
 1.47898E+03 1.36215E-18 0.00000E+00 0.00000E+00 0.00000E+00 0.00000E+00 0.00000E+00 7.31443E-20 1.87058E-19 3.56845E-19 5.15413E-19 1.89904E-20 2.24517E-20 4.74036E-20 4.83267E-20 6.96112E-20
 1.48196E+03 1.36004E-18 0.00000E+00 0.00000E+00 0.00000E+00 0.00000E+00 0.00000E+00 7.68491E-20 1.86586E-19 3.55060E-19 5.12794E-19 1.89286E-20 2.23814E-20 4.72408E-20 4.81068E-20 6.92894E-20
 1.48795E+03 1.35114E-18 0.00000E+00 0.00000E+00 0.00000E+00 0.00000E+00 0.00000E+00 7.95205E-20 1.85641E-19 3.51513E-19 5.07592E-19 1.88054E-20 2.22415E-20 4.69165E-20 4.76697E-20 6.86497E-20
 1.50000E+03 1.32644E-18 0.00000E+00 0.00000E+00 0.00000E+00 0.00000E+00 0.00000E+00 7.76940E-20 1.83752E-19 3.44507E-19 4.97329E-19 1.85611E-20 2.19636E-20 4.62733E-20 4.68053E-20 6.73849E-20
 1.57464E+03 1.19246E-18 0.00000E+00 0.00000E+00 0.00000E+00 0.00000E+00 0.00000E+00 7.42927E-20 1.72306E-19 3.04789E-19 4.39164E-19 1.71472E-20 2.03462E-20 4.25521E-20 4.18738E-20 6.01786E-20
 1.65300E+03 1.06981E-18 0.00000E+00 0.00000E+00 0.00000E+00 0.00000E+00 0.00000E+00 7.06573E-20 1.60761E-19 2.69075E-19 3.86843E-19 1.58305E-20 1.88214E-20 3.90823E-20 3.73888E-20 5.36382E-20
 1.65300E+03 1.12327E-18 0.00000E+00 0.00000E+00 0.00000E+00 0.00000E+00 5.34574E-20 7.06573E-20 1.60761E-19 2.69075E-19 3.86843E-19 1.58305E-20 1.88214E-20 3.90823E-20 3.73888E-20 5.36382E-20
 1.65447E+03 1.11985E-18 0.00000E+00 0.00000E+00 0.00000E+00 0.00000E+00 5.21849E-20 7.05883E-20 1.60552E-19 2.68455E-19 3.85938E-19 1.58072E-20 1.87943E-20 3.90209E-20 3.73105E-20 5.35241E-20
 1.65595E+03 1.11667E-18 0.00000E+00 0.00000E+00 0.00000E+00 0.00000E+00 5.11413E-20 7.05193E-20 1.60343E-19 2.67837E-19 3.85035E-19 1.57840E-20 1.87672E-20 3.89596E-20 3.72323E-20 5.34102E-20
 1.65890E+03 1.11093E-18 0.00000E+00 0.00000E+00 0.00000E+00 0.00000E+00 4.96723E-20 7.03810E-20 1.59925E-19 2.66603E-19 3.83235E-19 1.57376E-20 1.87131E-20 3.88372E-20 3.70764E-20 5.31831E-20
 1.66482E+03 1.10116E-18 0.00000E+00 0.00000E+00 0.00000E+00 0.00000E+00 4.83901E-20 7.01037E-20 1.59091E-19 2.64151E-19 3.79657E-19 1.56452E-20 1.86052E-20 3.85933E-20 3.67662E-20 5.27313E-20
 1.67673E+03 1.08453E-18 0.00000E+00 0.00000E+00 0.00000E+00 0.00000E+00 4.85642E-20 6.95463E-20 1.57429E-19 2.59307E-19 3.72592E-19 1.54619E-20 1.83908E-20 3.81095E-20 3.61525E-20 5.18376E-20
 1.70081E+03 1.05123E-18 0.00000E+00 0.00000E+00 0.00000E+00 0.00000E+00 4.81506E-20 6.84204E-20 1.54133E-19 2.49852E-19 3.58817E-19 1.51011E-20 1.79678E-20 3.71570E-20 3.49515E-20 5.00895E-20
 1.75000E+03 9.86431E-19 0.00000E+00 0.00000E+00 0.00000E+00 0.00000E+00 4.63887E-20 6.61324E-20 1.47649E-19 2.31847E-19 3.32616E-19 1.44021E-20 1.71445E-20 3.53112E-20 3.26524E-20 4.67460E-20
 1.87083E+03 8.48293E-19 0.00000E+00 0.00000E+00 0.00000E+00 0.00000E+00 4.24031E-20 6.07211E-20 1.33092E-19 1.94078E-19 2.77720E-19 1.28754E-20 1.53333E-20 3.12880E-20 2.77730E-20 3.96655E-20
 2.00000E+03 7.27985E-19 0.00000E+00 0.00000E+00 0.00000E+00 0.00000E+00 3.87270E-20 5.54435E-20 1.19502E-19 1.61862E-19 2.31052E-19 1.14968E-20 1.36819E-20 2.76668E-20 2.35401E-20 3.35409E-20
 2.20000E+03 5.83157E-19 0.00000E+00 0.00000E+00 0.00000E+00 0.00000E+00 3.37885E-20 4.82915E-20 1.01799E-19 1.24183E-19 1.76642E-19 9.75877E-21 1.15793E-20 2.31193E-20 1.84881E-20 2.62533E-20
 2.34521E+03 5.01569E-19 0.00000E+00 0.00000E+00 0.00000E+00 0.00000E+00 3.07639E-20 4.37923E-20 9.10485E-20 1.03581E-19 1.47007E-19 8.73147E-21 1.03251E-20 2.04435E-20 1.56656E-20 2.21944E-20
 2.50000E+03 4.30767E-19 0.00000E+00 0.00000E+00 0.00000E+00 0.00000E+00 2.79398E-20 3.95542E-20 8.11675E-20 8.61608E-20 1.22011E-19 7.80548E-21 9.18851E-21 1.80456E-20 1.32350E-20 1.87084E-20
 2.73861E+03 3.45940E-19 0.00000E+00 0.00000E+00 0.00000E+00 0.00000E+00 2.42673E-20 3.39856E-20 6.85220E-20 6.59715E-20 9.31280E-20 6.63856E-21 7.75194E-21 1.50527E-20 1.03569E-20 1.45930E-20
 3.00000E+03 2.77143E-19 0.00000E+00 0.00000E+00 0.00000E+00 0.00000E+00 2.09877E-20 2.89887E-20 5.74972E-20 5.02650E-20 7.07334E-20 5.63885E-21 6.51386E-21 1.25070E-20 8.05987E-21 1.13189E-20
 3.24037E+03 2.29366E-19 0.00000E+00 0.00000E+00 0.00000E+00 0.00000E+00 1.85072E-20 2.52065E-20 4.93466E-20 3.97963E-20 5.58521E-20 4.90370E-21 5.60476E-21 1.06614E-20 6.49226E-21 9.09231E-21
 3.50000E+03 1.89551E-19 0.00000E+00 0.00000E+00 0.00000E+00 0.00000E+00 1.62781E-20 2.18166E-20 4.21818E-20 3.14078E-20 4.39601E-20 4.25950E-21 4.80879E-21 9.06406E-21 5.20955E-21 7.27554E-21
 4.00000E+03 1.35788E-19 0.00000E+00 0.00000E+00 0.00000E+00 0.00000E+00 1.29571E-20 1.68139E-20 3.18533E-20 2.06868E-20 2.88172E-20 3.32760E-21 3.66405E-21 6.79820E-21 3.52633E-21 4.90055E-21
 4.50000E+03 1.00857E-19 0.00000E+00 0.00000E+00 0.00000E+00 0.00000E+00 1.05345E-20 1.32297E-20 2.46425E-20 1.42012E-20 1.96986E-20 2.66865E-21 2.86278E-21 5.23955E-21 2.47626E-21 3.42599E-21
 5.00000E+03 7.71185E-20 0.00000E+00 0.00000E+00 0.00000E+00 0.00000E+00 8.71795E-21 1.05974E-20 1.94548E-20 1.00808E-20 1.39288E-20 2.18567E-21 2.28316E-21 4.12830E-21 1.79188E-21 2.46919E-21
 5.50000E+03 6.03889E-20 0.00000E+00 0.00000E+00 0.00000E+00 0.00000E+00 7.32305E-21 8.62047E-21 1.56241E-20 7.35780E-21 1.01296E-20 1.82107E-21 1.85228E-21 3.31287E-21 1.32959E-21 1.82529E-21
 6.00000E+03 4.82386E-20 0.00000E+00 0.00000E+00 0.00000E+00 0.00000E+00 6.22996E-21 7.10606E-21 1.27335E-20 5.49793E-21 7.54350E-21 1.53917E-21 1.52454E-21 2.69986E-21 1.00767E-21 1.37857E-21
 6.46400E+03 3.97544E-20 0.00000E+00 0.00000E+00 0.00000E+00 0.00000E+00 5.41350E-21 6.00220E-21 1.06531E-20 4.27145E-21 5.84329E-21 1.33081E-21 1.28637E-21 2.25956E-21 7.91284E-22 1.07922E-21
 6.46400E+03 1.01127E-19 0.00000E+00 0.00000E+00 0.00000E+00 6.13725E-20 5.41350E-21 6.00220E-21 1.06531E-20 4.27144E-21 5.84328E-21 1.33081E-21 1.28637E-21 2.25956E-21 7.91284E-22 1.07922E-21
 6.46802E+03 1.08658E-19 0.00000E+00 0.00000E+00 0.00000E+00 6.89682E-20 5.40712E-21 5.99366E-21 1.06371E-20 4.26240E-21 5.83077E-21 1.32918E-21 1.28454E-21 2.25618E-21 7.89680E-22 1.07700E-21
 6.47205E+03 1.11851E-19 0.00000E+00 0.00000E+00 0.00000E+00 7.22253E-20 5.40074E-21 5.98513E-21 1.06212E-20 4.25338E-21 5.81827E-21 1.32757E-21 1.28270E-21 2.25280E-21 7.88080E-22 1.07479E-21
 6.47608E+03 1.12806E-19 0.00000E+00 0.00000E+00 0.00000E+00 7.32446E-20 5.39437E-21 5.97662E-21 1.06052E-20 4.24437E-21 5.80581E-21 1.32595E-21 1.28087E-21 2.24943E-21 7.86483E-22 1.07259E-21
 6.48011E+03 1.12444E-19 0.00000E+00 0.00000E+00 0.00000E+00 7.29461E-20 5.38801E-21 5.96811E-21 1.05893E-20 4.23538E-21 5.79337E-21 1.32433E-21 1.27904E-21 2.24606E-21 7.84889E-22 1.07039E-21
 6.48818E+03 1.10786E-19 0.00000E+00 0.00000E+00 0.00000E+00 7.14162E-20 5.37531E-21 5.95114E-21 1.05575E-20 4.21745E-21 5.76856E-21 1.32111E-21 1.27539E-21 2.23933E-21 7.81710E-22 1.06600E-21
 6.49222E+03 1.10214E-19 0.00000E+00 0.00000E+00 0.00000E+00 7.09078E-20 5.36896E-21 5.94266E-21 1.05416E-20 4.20852E-21 5.75619E-21 1.31950E-21 1.27357E-21 2.23598E-21 7.80125E-22 1.06381E-21
 6.49626E+03 1.09908E-19 0.00000E+00 0.00000E+00 0.00000E+00 7.06656E-20 5.36263E-21 5.93420E-21 1.05258E-20 4.19960E-21 5.74385E-21 1.31789E-21 1.27175E-21 2.23263E-21 7.78544E-22 1.06162E-21
 6.50031E+03 1.09805E-19 0.00000E+00 0.00000E+00 0.00000E+00 7.06263E-20 5.35630E-21 5.92575E-21 1.05099E-20 4.19070E-21 5.73153E-21 1.31628E-21 1.26993E-21 2.22928E-21 7.76966E-22 1.05945E-21
 6.50435E+03 1.09816E-19 0.00000E+00 0.00000E+00 0.00000E+00 7.07006E-20 5.34998E-21 5.91731E-21 1.04941E-20 4.18182E-21 5.71924E-21 1.31468E-21 1.26812E-21 2.22594E-21 7.75391E-22 1.05727E-21
 6.51246E+03 1.09873E-19 0.00000E+00 0.00000E+00 0.00000E+00 7.08841E-20 5.33736E-21 5.90046E-21 1.04626E-20 4.16411E-21 5.69473E-21 1.31148E-21 1.26450E-21 2.21927E-21 7.72251E-22 1.05293E-21
 6.52057E+03 1.09725E-19 0.00000E+00 0.00000E+00 0.00000E+00 7.08618E-20 5.32477E-21 5.88366E-21 1.04312E-20 4.14647E-21 5.67033E-21 1.30828E-21 1.26089E-21 2.21262E-21 7.69123E-22 1.04862E-21
 6.52869E+03 1.09368E-19 0.00000E+00 0.00000E+00 0.00000E+00 7.06309E-20 5.31221E-21 5.86689E-21 1.03998E-20 4.12890E-21 5.64602E-21 1.30510E-21 1.25728E-21 2.20599E-21 7.66008E-22 1.04431E-21
 6.59402E+03 1.06889E-19 0.00000E+00 0.00000E+00 0.00000E+00 6.91427E-20 5.21270E-21 5.73431E-21 1.01519E-20 3.99090E-21 5.45511E-21 1.27988E-21 1.22882E-21 2.15357E-21 7.41534E-22 1.01053E-21
 6.66001E+03 1.04347E-19 0.00000E+00 0.00000E+00 0.00000E+00 6.75675E-20 5.11496E-21 5.60442E-21 9.90948E-21 3.85733E-21 5.27040E-21 1.25513E-21 1.20096E-21 2.10230E-21 7.17838E-22 9.77835E-22
 6.72666E+03 1.01713E-19 0.00000E+00 0.00000E+00 0.00000E+00 6.58758E-20 5.01896E-21 5.47718E-21 9.67232E-21 3.72807E-21 5.09173E-21 1.23085E-21 1.17370E-21 2.05216E-21 6.94894E-22 9.46190E-22
 7.00000E+03 9.15471E-20 0.00000E+00 0.00000E+00 0.00000E+00 5.92479E-20 4.65143E-21 4.99369E-21 8.77444E-21 3.25129E-21 4.43333E-21 1.13813E-21 1.07024E-21 1.86236E-21 6.09994E-22 8.29214E-22
 7.01700E+03 9.09572E-20 0.00000E+00 0.00000E+00 0.00000E+00 5.88623E-20 4.62986E-21 4.96551E-21 8.72227E-21 3.22419E-21 4.39594E-21 1.13270E-21 1.06421E-21 1.85133E-21 6.05147E-22 8.22542E-22
 7.01700E+03 1.18272E-19 0.00000E+00 0.00000E+00 2.73148E-20 5.88623E-20 4.62986E-21 4.96551E-21 8.72226E-21 3.22418E-21 4.39593E-21 1.13270E-21 1.06421E-21 1.85133E-21 6.05146E-22 8.22541E-22
 7.02330E+03 1.23361E-19 0.00000E+00 0.00000E+00 3.26209E-20 5.87202E-20 4.62190E-21 4.95512E-21 8.70302E-21 3.21421E-21 4.38217E-21 1.13070E-21 1.06199E-21 1.84727E-21 6.03361E-22 8.20083E-22
 7.02961E+03 1.24226E-19 0.00000E+00 0.00000E+00 3.37031E-20 5.85784E-20 4.61395E-21 4.94474E-21 8.68382E-21 3.20426E-21 4.36844E-21 1.12869E-21 1.05977E-21 1.84321E-21 6.01580E-22 8.17632E-22
 7.03593E+03 1.23627E-19 0.00000E+00 0.00000E+00 3.33209E-20 5.84370E-20 4.60601E-21 4.93438E-21 8.66465E-21 3.19433E-21 4.35475E-21 1.12670E-21 1.05755E-21 1.83915E-21 5.99804E-22 8.15187E-22
 7.04224E+03 1.22904E-19 0.00000E+00 0.00000E+00 3.28137E-20 5.82959E-20 4.59808E-21 4.92404E-21 8.64552E-21 3.18444E-21 4.34110E-21 1.12470E-21 1.05534E-21 1.83511E-21 5.98032E-22 8.12749E-22
 7.04857E+03 1.22460E-19 0.00000E+00 0.00000E+00 3.25853E-20 5.81552E-20 4.59017E-21 4.91373E-21 8.62643E-21 3.17458E-21 4.32750E-21 1.12271E-21 1.05313E-21 1.83108E-21 5.96265E-22 8.10317E-22
 7.05490E+03 1.22257E-19 0.00000E+00 0.00000E+00 3.25962E-20 5.80148E-20 4.58226E-21 4.90343E-21 8.60737E-21 3.16474E-21 4.31393E-21 1.12072E-21 1.05093E-21 1.82705E-21 5.94503E-22 8.07891E-22
 7.06758E+03 1.21968E-19 0.00000E+00 0.00000E+00 3.27362E-20 5.77350E-20 4.56650E-21 4.88288E-21 8.56938E-21 3.14515E-21 4.28691E-21 1.11675E-21 1.04653E-21 1.81902E-21 5.90992E-22 8.03060E-22
 7.11853E+03 1.19825E-19 0.00000E+00 0.00000E+00 3.22857E-20 5.66292E-20 4.50390E-21 4.80147E-21 8.41888E-21 3.06793E-21 4.18041E-21 1.10101E-21 1.02911E-21 1.78721E-21 5.77135E-22 7.83991E-22
 7.16984E+03 1.17743E-19 0.00000E+00 0.00000E+00 3.18654E-20 5.55443E-20 4.44208E-21 4.72127E-21 8.27078E-21 2.99251E-21 4.07643E-21 1.08546E-21 1.01194E-21 1.75591E-21 5.63572E-22 7.65332E-22
 7.22152E+03 1.15556E-19 0.00000E+00 0.00000E+00 3.13089E-20 5.44799E-20 4.38102E-21 4.64228E-21 8.12505E-21 2.91887E-21 3.97492E-21 1.07012E-21 9.95032E-22 1.72512E-21 5.50300E-22 7.47081E-22
 7.43200E+03 1.07182E-19 0.00000E+00 0.00000E+00 2.91648E-20 5.04130E-20 4.14439E-21 4.33822E-21 7.56552E-21 2.64156E-21 3.59299E-21 1.01077E-21 9.29914E-22 1.60689E-21 5.00076E-22 6.78057E-22
 7.43200E+03 1.25021E-19 0.00000E+00 1.78395E-20 2.91648E-20 5.04130E-20 4.14439E-21 4.33822E-21 7.56552E-21 2.64156E-21 3.59299E-21 1.01077E-21 9.29913E-22 1.60689E-21 5.00076E-22 6.78057E-22
 7.43628E+03 1.23915E-19 0.00000E+00 1.68963E-20 2.91221E-20 5.03345E-20 4.13977E-21 4.33233E-21 7.55469E-21 2.63628E-21 3.58572E-21 1.00961E-21 9.28650E-22 1.60460E-21 4.99116E-22 6.76738E-22
 7.44056E+03 1.23295E-19 0.00000E+00 1.64390E-20 2.90795E-20 5.02561E-20 4.13516E-21 4.32644E-21 7.54388E-21 2.63102E-21 3.57847E-21 1.00845E-21 9.27388E-22 1.60232E-21 4.98157E-22 6.75422E-22
 7.44484E+03 1.22984E-19 0.00000E+00 1.62898E-20 2.90369E-20 5.01778E-20 4.13056E-21 4.32055E-21 7.53308E-21 2.62576E-21 3.57124E-21 1.00730E-21 9.26128E-22 1.60004E-21 4.97201E-22 6.74108E-22
 7.44912E+03 1.22844E-19 0.00000E+00 1.63119E-20 2.89944E-20 5.00996E-20 4.12596E-21 4.31468E-21 7.52229E-21 2.62051E-21 3.56401E-21 1.00615E-21 9.24869E-22 1.59776E-21 4.96246E-22 6.72797E-22
 7.46629E+03 1.22503E-19 0.00000E+00 1.66176E-20 2.88247E-20 4.97879E-20 4.10760E-21 4.29125E-21 7.47929E-21 2.59963E-21 3.53527E-21 1.00155E-21 9.19851E-22 1.58867E-21 4.92444E-22 6.67577E-22
 7.50073E+03 1.21013E-19 0.00000E+00 1.64110E-20 2.84879E-20 4.91695E-20 4.07111E-21 4.24475E-21 7.39399E-21 2.55836E-21 3.47848E-21 9.92415E-22 9.09889E-22 1.57065E-21 4.84925E-22 6.57252E-22
 7.57010E+03 1.18279E-19 0.00000E+00 1.62002E-20 2.78246E-20 4.79525E-20 3.99904E-21 4.15315E-21 7.22612E-21 2.47778E-21 3.36764E-21 9.74383E-22 8.90264E-22 1.53518E-21 4.70217E-22 6.37063E-22
 7.71077E+03 1.12919E-19 0.00000E+00 1.57210E-20 2.65403E-20 4.55970E-20 3.85849E-21 3.97544E-21 6.90111E-21 2.32417E-21 3.15646E-21 9.39254E-22 8.52189E-22 1.46652E-21 4.42085E-22 5.98470E-22
 8.00000E+03 1.02859E-19 0.00000E+00 1.47819E-20 2.41348E-20 4.11921E-20 3.59109E-21 3.64079E-21 6.29146E-21 2.04447E-21 2.77235E-21 8.72570E-22 7.80506E-22 1.33771E-21 3.90594E-22 5.27915E-22
 8.48528E+03 8.84761E-20 0.00000E+00 1.33724E-20 2.06775E-20 3.49512E-20 3.19852E-21 3.15770E-21 5.41703E-21 1.66190E-21 2.24784E-21 7.75025E-22 6.77176E-22 1.15290E-21 3.19799E-22 4.31098E-22
 9.00000E+03 7.60169E-20 0.00000E+00 1.20653E-20 1.76691E-20 2.96178E-20 2.84635E-21 2.73404E-21 4.65645E-21 1.34911E-21 1.81999E-21 6.87908E-22 5.86681E-22 9.92069E-22 2.61498E-22 3.51573E-22
 1.00000E+04 5.78035E-20 0.00000E+00 9.98204E-21 1.32823E-20 2.19454E-20 2.30435E-21 2.10371E-21 3.53723E-21 9.25499E-22 1.24255E-21 5.54569E-22 4.52008E-22 7.55125E-22 1.81522E-22 2.42866E-22
 1.10000E+04 4.50257E-20 0.00000E+00 8.36662E-21 1.02220E-20 1.66743E-20 1.89853E-21 1.65214E-21 2.74590E-21 6.55447E-22 8.76138E-22 4.55322E-22 3.55475E-22 5.87340E-22 1.29857E-22 1.72951E-22
 1.25000E+04 3.21132E-20 0.00000E+00 6.55849E-21 7.15457E-21 1.14741E-20 1.45844E-21 1.18703E-21 1.94234E-21 4.10273E-22 5.44987E-22 3.48331E-22 2.55958E-22 4.16623E-22 8.23104E-23 1.08931E-22
 1.40000E+04 2.37348E-20 0.00000E+00 5.25246E-21 5.18658E-21 8.19552E-21 1.15008E-21 8.80046E-22 1.42021E-21 2.69339E-22 3.55715E-22 2.73813E-22 1.90191E-22 3.05438E-22 5.46050E-23 7.18419E-23
 1.50000E+04 1.97217E-20 0.00000E+00 4.57534E-21 4.25404E-21 6.66209E-21 9.93514E-22 7.31488E-22 1.17051E-21 2.07939E-22 2.73632E-22 2.36133E-22 1.58319E-22 2.52158E-22 4.24167E-23 5.56011E-23
 1.75000E+04 1.30001E-20 0.00000E+00 3.33558E-21 2.71568E-21 4.16893E-21 7.12971E-22 4.80474E-22 7.54232E-22 1.15911E-22 1.51238E-22 1.68918E-22 1.04366E-22 1.63130E-22 2.39533E-23 3.11295E-23
 2.00000E+04 9.03407E-21 0.00000E+00 2.51602E-21 1.82947E-21 2.76042E-21 5.31959E-22 3.31259E-22 5.11297E-22 6.93889E-23 8.98340E-23 1.25766E-22 7.21964E-23 1.10981E-22 1.44880E-23 1.86811E-23
 2.20000E+04 6.95682E-21 0.00000E+00 2.04823E-21 1.37549E-21 2.04983E-21 4.30253E-22 2.52967E-22 3.85697E-22 4.79384E-23 6.17033E-23 1.01599E-22 5.52676E-23 8.39333E-23 1.00776E-23 1.29181E-23
 2.50000E+04 4.89139E-21 0.00000E+00 1.54568E-21 9.34538E-22 1.36937E-21 3.22358E-22 1.75287E-22 2.62814E-22 2.90724E-23 3.71116E-23 7.60228E-23 3.84190E-23 5.73841E-23 6.16166E-24 7.83384E-24
 3.00000E+04 2.95006E-21 0.00000E+00 1.02351E-21 5.34577E-22 7.64267E-22 2.11821E-22 1.02877E-22 1.50506E-22 1.41389E-23 1.78275E-23 4.98874E-23 2.26480E-23 3.30109E-23 3.02768E-24 3.80164E-24
 3.50000E+04 1.91856E-21 0.00000E+00 7.15549E-22 3.31312E-22 4.63655E-22 1.47423E-22 6.50343E-23 9.31224E-23 7.64155E-24 9.52865E-24 3.46924E-23 1.43664E-23 2.04965E-23 1.64869E-24 2.04707E-24
 4.00000E+04 1.31925E-21 0.00000E+00 5.21305E-22 2.18035E-22 2.99378E-22 1.07115E-22 4.34756E-23 6.10707E-23 4.46856E-24 5.51503E-24 2.51947E-23 9.63129E-24 1.34803E-23 9.69747E-25 1.19185E-24
 4.50000E+04 9.46891E-22 0.00000E+00 3.92317E-22 1.50341E-22 2.02895E-22 8.04823E-23 3.03630E-23 4.19162E-23 2.77719E-24 3.39603E-24 1.89250E-23 6.74226E-24 9.27398E-24 6.05589E-25 7.37341E-25
 4.51880E+04 9.35824E-22 0.00000E+00 3.88359E-22 1.48370E-22 2.00110E-22 7.96665E-23 2.99779E-23 4.13587E-23 2.73074E-24 3.33810E-24 1.87330E-23 6.65729E-24 9.15138E-24 5.95556E-25 7.24881E-25
 4.51880E+04 5.54221E-21 4.60639E-21 3.88359E-22 1.48370E-22 2.00110E-22 7.96665E-23 2.99779E-23 4.13587E-23 2.73073E-24 3.33810E-24 1.87330E-23 6.65728E-24 9.15137E-24 5.95556E-25 7.24880E-25
 4.52237E+04 5.26055E-21 4.32681E-21 3.87612E-22 1.47999E-22 1.99586E-22 7.95127E-23 2.99054E-23 4.12538E-23 2.72201E-24 3.32723E-24 1.86968E-23 6.64129E-24 9.12830E-24 5.93672E-25 7.22540E-25
 4.52595E+04 5.22783E-21 4.29617E-21 3.86867E-22 1.47629E-22 1.99064E-22 7.93591E-23 2.98330E-23 4.11491E-23 2.71331E-24 3.31638E-24 1.86607E-23 6.62532E-24 9.10528E-24 5.91793E-25 7.20207E-25
 4.52953E+04 5.22777E-21 4.29819E-21 3.86124E-22 1.47260E-22 1.98542E-22 7.92059E-23 2.97609E-23 4.10447E-23 2.70464E-24 3.30557E-24 1.86246E-23 6.60940E-24 9.08232E-24 5.89920E-25 7.17882E-25
 4.53311E+04 5.21556E-21 4.28805E-21 3.85381E-22 1.46891E-22 1.98022E-22 7.90529E-23 2.96889E-23 4.09406E-23 2.69600E-24 3.29480E-24 1.85886E-23 6.59351E-24 9.05941E-24 5.88053E-25 7.15563E-25
 4.54747E+04 5.17920E-21 4.25992E-21 3.82425E-22 1.45427E-22 1.95956E-22 7.84437E-23 2.94025E-23 4.05264E-23 2.66169E-24 3.25203E-24 1.84452E-23 6.53031E-24 8.96831E-24 5.80640E-25 7.06361E-25
 4.57632E+04 5.09801E-21 4.19501E-21 3.76575E-22 1.42540E-22 1.91884E-22 7.72385E-23 2.88376E-23 3.97101E-23 2.59434E-24 3.16810E-24 1.81616E-23 6.40564E-24 8.78874E-24 5.66086E-25 6.88299E-25
 4.63457E+04 4.93995E-21 4.06864E-21 3.65126E-22 1.36932E-22 1.83986E-22 7.48804E-23 2.77392E-23 3.81248E-23 2.46462E-24 3.00654E-24 1.76068E-23 6.16317E-24 8.43994E-24 5.38042E-25 6.53520E-25
 4.75331E+04 4.62716E-21 3.81596E-21 3.43210E-22 1.26364E-22 1.69142E-22 7.03695E-23 2.56640E-23 3.51379E-23 2.22435E-24 2.70767E-24 1.65455E-23 5.70489E-24 7.78249E-24 4.86049E-25 5.89135E-25
 5.00000E+04 4.05424E-21 3.35108E-21 3.03094E-22 1.07609E-22 1.42944E-22 6.21210E-23 2.19635E-23 2.98412E-23 1.81258E-24 2.19698E-24 1.46052E-23 4.88700E-24 6.61565E-24 3.96793E-25 4.78938E-25
 5.50000E+04 3.15690E-21 2.62008E-21 2.39297E-22 7.94111E-23 1.03956E-22 4.90216E-23 1.63546E-23 2.18946E-23 1.23104E-24 1.48029E-24 1.15247E-23 3.64521E-24 4.86221E-24 2.70403E-25 3.23759E-25
 6.00000E+04 2.50626E-21 2.08693E-21 1.92408E-22 6.01170E-23 7.76345E-23 3.94086E-23 1.24763E-23 1.64744E-23 8.64392E-25 1.03157E-24 9.26462E-24 2.78503E-24 3.66399E-24 1.90411E-25 2.26274E-25
 7.00000E+04 1.65708E-21 1.38667E-21 1.30074E-22 3.66518E-23 4.61723E-23 2.66449E-23 7.70208E-24 9.91856E-24 4.61947E-25 5.43879E-25 6.26455E-24 1.72360E-24 2.21133E-24 1.02225E-25 1.19838E-25
 8.00000E+04 1.15271E-21 9.67982E-22 9.22040E-23 2.38468E-23 2.93825E-23 1.88971E-23 5.05991E-24 6.37193E-24 2.68696E-25 3.12520E-25 4.44362E-24 1.13458E-24 1.42338E-24 5.96554E-26 6.91031E-26
 9.00000E+04 8.34363E-22 7.02445E-22 6.78305E-23 1.63150E-23 1.97043E-23 1.39112E-23 3.48902E-24 4.30569E-24 1.66781E-25 1.91954E-25 3.27182E-24 7.83573E-25 9.63312E-25 3.71334E-26 4.25610E-26
 1.00000E+05 6.23574E-22 5.25997E-22 5.14141E-23 1.16182E-23 1.37786E-23 1.05524E-23 2.50061E-24 3.02964E-24 1.09055E-25 1.24349E-25 2.48232E-24 5.62358E-25 6.78705E-25 2.43336E-26 2.76314E-26
 1.10000E+05 4.78493E-22 4.04222E-22 3.99427E-23 8.54870E-24 9.97017E-24 8.20428E-24 1.84998E-24 2.20376E-24 7.43738E-26 8.40956E-26 1.93033E-24 4.16497E-25 4.94224E-25 1.66265E-26 1.87228E-26
 1.25000E+05 3.34902E-22 2.83395E-22 2.84041E-23 5.67080E-24 6.46506E-24 5.84081E-24 1.23529E-24 1.43819E-24 4.46483E-26 4.99589E-26 1.37463E-24 2.78505E-25 3.22969E-25 1.00042E-26 1.11464E-26
 1.40000E+05 2.43829E-22 2.06582E-22 2.09581E-23 3.94663E-24 4.40919E-24 4.31424E-24 8.64320E-25 9.85882E-25 2.85105E-26 3.16108E-26 1.01561E-24 1.95082E-25 2.21638E-25 6.39705E-27 7.06568E-27
 1.50000E+05 2.00938E-22 1.70353E-22 1.74064E-23 3.16783E-24 3.49579E-24 3.58547E-24 6.95863E-25 7.83927E-25 2.17296E-26 2.39809E-26 8.44187E-25 1.57167E-25 1.76344E-25 4.88159E-27 5.36513E-27
 1.62019E+05 1.61755E-22 1.37224E-22 1.41309E-23 2.47770E-24 2.69644E-24 2.91296E-24 5.46036E-25 6.06561E-25 1.60411E-26 1.76140E-26 6.85968E-25 1.23415E-25 1.36536E-25 3.60812E-27 3.94455E-27
 1.75000E+05 1.30421E-22 1.10702E-22 1.14837E-23 1.94454E-24 2.08794E-24 2.36899E-24 4.29808E-25 4.70996E-25 1.19228E-26 1.30289E-26 5.57969E-25 9.72030E-26 1.06085E-25 2.68365E-27 2.92063E-27
 2.00000E+05 8.97762E-23 7.62662E-23 8.00779E-24 1.27973E-24 1.34260E-24 1.65401E-24 2.84200E-25 3.04225E-25 7.14224E-27 7.75184E-27 3.89685E-25 6.43351E-26 6.85875E-26 1.60975E-27 1.74061E-27
 2.20000E+05 6.88511E-23 5.85191E-23 6.19379E-24 9.52174E-25 9.83082E-25 1.28043E-24 2.12091E-25 2.23396E-25 4.97571E-27 5.38515E-27 3.01732E-25 4.80449E-26 5.03961E-26 1.12291E-27 1.21020E-27
 2.34521E+05 5.76604E-23 4.90225E-23 5.21507E-24 7.81916E-25 7.98901E-25 1.07870E-24 1.74504E-25 1.81868E-25 3.91328E-27 4.22952E-27 2.54229E-25 3.95469E-26 4.10435E-26 8.83688E-28 9.50954E-28
 2.50000E+05 4.83461E-23 4.11149E-23 4.39481E-24 6.43358E-25 6.50767E-25 9.09521E-25 1.43847E-25 1.48393E-25 3.08841E-27 3.33479E-27 2.14383E-25 3.26112E-26 3.35006E-26 6.97622E-28 7.50144E-28
 2.73861E+05 3.76096E-23 3.19962E-23 3.44236E-24 4.87434E-25 4.86172E-25 7.12932E-25 1.09254E-25 1.11110E-25 2.20359E-27 2.37918E-27 1.68075E-25 2.47810E-26 2.50960E-26 4.98035E-28 5.35587E-28
 2.86633E+05 3.32278E-23 2.82733E-23 3.05085E-24 4.25296E-25 4.21426E-25 6.32064E-25 9.54288E-26 9.64103E-26 1.86788E-27 2.01823E-27 1.49022E-25 2.16505E-26 2.17805E-26 4.22333E-28 4.54507E-28
 3.00000E+05 2.93947E-23 2.50158E-23 2.70680E-24 3.71768E-25 3.66130E-25 5.60965E-25 8.34996E-26 8.38370E-26 1.58815E-27 1.71815E-27 1.32269E-25 1.89484E-26 1.89439E-26 3.59239E-28 3.87068E-28
 3.24037E+05 2.38914E-23 2.03379E-23 2.21050E-24 2.96120E-25 2.88695E-25 4.58350E-25 6.66171E-26 6.62042E-26 1.20646E-27 1.30892E-27 1.08087E-25 1.51229E-26 1.49643E-26 2.73045E-28 2.95027E-28
 3.50000E+05 1.94616E-23 1.65714E-23 1.80850E-24 2.36506E-25 2.28424E-25 3.75173E-25 5.32881E-26 5.24547E-26 9.19802E-28 1.00175E-27 8.84826E-26 1.21012E-26 1.18598E-26 2.08237E-28 2.25889E-28
 3.74166E+05 1.63211E-23 1.39006E-23 1.52191E-24 1.95053E-25 1.86987E-25 3.15838E-25 4.40037E-26 4.29869E-26 7.28984E-28 7.97539E-28 7.44955E-26 9.99568E-27 9.72149E-27 1.65121E-28 1.79937E-28
 4.00000E+05 1.37225E-23 1.16902E-23 1.28355E-24 1.61373E-25 1.53674E-25 2.66464E-25 3.64480E-26 3.53638E-26 5.80298E-28 6.38603E-28 6.28549E-26 8.28149E-27 7.99939E-27 1.31532E-28 1.44167E-28
 4.24264E+05 1.17930E-23 1.00486E-23 1.10584E-24 1.36752E-25 1.29533E-25 2.29634E-25 3.09175E-26 2.98321E-26 4.75529E-28 5.26586E-28 5.41707E-26 7.02609E-27 6.74935E-27 1.07821E-28 1.18916E-28
 4.50000E+05 1.01542E-23 8.65407E-24 9.54324E-25 1.16140E-25 1.09485E-25 1.98218E-25 2.62813E-26 2.52328E-26 3.90869E-28 4.35853E-28 4.67626E-26 5.97341E-27 5.70965E-27 8.86296E-29 9.84364E-29
 4.74342E+05 8.89475E-24 7.58223E-24 8.37502E-25 1.00511E-25 9.43901E-26 1.73987E-25 2.27601E-26 2.17668E-26 3.28738E-28 3.68941E-28 4.10481E-26 5.17403E-27 4.92592E-27 7.45468E-29 8.33349E-29
 5.00000E+05 7.80486E-24 6.65454E-24 7.36101E-25 8.71533E-26 8.15747E-26 1.52947E-25 1.97473E-26 1.88217E-26 2.77203E-28 3.13269E-28 3.60858E-26 4.49005E-27 4.25987E-27 6.28742E-29 7.07743E-29
 5.24404E+05 6.94309E-24 5.92091E-24 6.55717E-25 7.67088E-26 7.16109E-26 1.36264E-25 1.73908E-26 1.65298E-26 2.37882E-28 2.70835E-28 3.21505E-26 3.95469E-27 3.74156E-27 5.39739E-29 6.12000E-29
 5.50000E+05 6.18543E-24 5.27583E-24 5.84878E-25 6.76232E-26 6.29881E-26 1.21557E-25 1.53400E-26 1.45450E-26 2.04530E-28 2.34773E-28 2.86814E-26 3.48857E-27 3.29269E-27 4.64203E-29 5.30646E-29
 5.74456E+05 5.57268E-24 4.75407E-24 5.27469E-25 6.03474E-26 5.61146E-26 1.09635E-25 1.36961E-26 1.29625E-26 1.78539E-28 2.06444E-28 2.58691E-26 3.11503E-27 2.93464E-27 4.05212E-29 4.66765E-29
 6.00000E+05 5.02632E-24 4.28877E-24 4.76186E-25 5.39203E-26 5.00674E-26 9.89835E-26 1.22428E-26 1.15697E-26 1.56140E-28 1.81865E-28 2.33562E-26 2.78484E-27 2.61946E-27 3.54325E-29 4.11344E-29
 6.23574E+05 4.59051E-24 3.91757E-24 4.35215E-25 4.88364E-26 4.52999E-26 9.04722E-26 1.10928E-26 1.04710E-26 1.38748E-28 1.62746E-28 2.13483E-26 2.52350E-27 2.37085E-27 3.14871E-29 3.68202E-29
 6.48074E+05 4.19669E-24 3.58210E-24 3.98137E-25 4.42805E-26 4.10406E-26 8.27687E-26 1.00619E-26 9.48891E-27 1.23438E-28 1.45896E-28 1.95308E-26 2.28917E-27 2.14863E-27 2.80202E-29 3.30142E-29
 6.73537E+05 3.84180E-24 3.27976E-24 3.64675E-25 4.02113E-26 3.72482E-26 7.58154E-26 9.14067E-27 8.61397E-27 1.10035E-28 1.31107E-28 1.78902E-26 2.07973E-27 1.95065E-27 2.49883E-29 2.96698E-29
 7.00000E+05 3.52115E-24 3.00654E-24 3.34399E-25 3.65662E-26 3.38603E-26 6.95233E-26 8.31493E-27 7.83201E-27 9.82794E-29 1.18074E-28 1.64055E-26 1.89197E-27 1.77369E-27 2.23275E-29 2.67182E-29
 7.48331E+05 3.03247E-24 2.59008E-24 2.88195E-25 3.10681E-26 2.87631E-26 5.99192E-26 7.06804E-27 6.65515E-27 8.10224E-29 9.87456E-29 1.41394E-26 1.60847E-27 1.50724E-27 1.84073E-29 2.23342E-29
 8.00000E+05 2.61929E-24 2.23787E-24 2.49063E-25 2.64840E-26 2.45257E-26 5.17833E-26 6.02729E-27 5.67627E-27 6.70994E-29 8.29530E-29 1.22197E-26 1.37181E-27 1.28556E-27 1.52380E-29 1.87556E-29
 8.48528E+05 2.30705E-24 1.97164E-24 2.19450E-25 2.30643E-26 2.13718E-26 4.56258E-26 5.25081E-27 4.94712E-27 5.69392E-29 7.13489E-29 1.07666E-26 1.19514E-27 1.12048E-27 1.29362E-29 1.61414E-29
 9.00000E+05 2.03707E-24 1.74139E-24 1.93813E-25 2.01435E-26 1.86824E-26 4.02947E-26 4.58747E-27 4.32510E-27 4.84760E-29 6.16024E-29 9.50853E-27 1.04417E-27 9.79676E-28 1.10209E-29 1.39490E-29
 9.48683E+05 1.82561E-24 1.56100E-24 1.73715E-25 1.78810E-26 1.66010E-26 3.61149E-26 4.07321E-27 3.84381E-27 4.21347E-29 5.42037E-29 8.52216E-27 9.27184E-28 8.70675E-28 9.57403E-30 1.22722E-29
 1.00000E+06 1.63909E-24 1.40185E-24 1.55976E-25 1.59064E-26 1.47855E-26 3.24252E-26 3.62413E-27 3.42400E-27 3.67455E-29 4.78458E-29 7.65145E-27 8.25052E-28 7.75575E-28 8.34135E-30 1.08259E-29
 1.04881E+06 1.48897E-24 1.27373E-24 1.41689E-25 1.43328E-26 1.33389E-26 2.94537E-26 3.26623E-27 3.08935E-27 3.24984E-29 4.28089E-29 6.95020E-27 7.43637E-28 6.99789E-28 7.37975E-30 9.68711E-30
 1.10000E+06 1.35452E-24 1.15896E-24 1.28888E-25 1.29369E-26 1.20555E-26 2.67913E-26 2.94878E-27 2.79231E-27 2.87838E-29 3.83702E-29 6.32186E-27 6.71393E-28 6.32538E-28 6.54363E-30 8.68757E-30
 1.17260E+06 1.19541E-24 1.02311E-24 1.13731E-25 1.13028E-26 1.05522E-26 2.36390E-26 2.57713E-27 2.44431E-27 2.45648E-29 3.32460E-29 5.57792E-27 5.86777E-28 5.53726E-28 5.58622E-30 7.52850E-30
 1.25000E+06 1.05783E-24 9.05599E-25 1.00621E-25 9.90822E-27 9.26772E-27 2.09124E-26 2.25979E-27 2.14694E-27 2.10833E-29 2.89421E-29 4.93444E-27 5.14519E-28 4.86363E-28 4.79020E-30 6.55013E-30
 1.32288E+06 9.50840E-25 8.14193E-25 9.04231E-26 8.83633E-27 8.27897E-27 1.87914E-26 2.01560E-27 1.91800E-27 1.84525E-29 2.56635E-29 4.43393E-27 4.58942E-28 4.34496E-28 4.19172E-30 5.80579E-30
 1.40000E+06 8.56274E-25 7.33377E-25 8.14081E-26 7.89933E-27 7.41313E-27 1.69165E-26 1.80198E-27 1.71745E-27 1.61838E-29 2.28120E-29 3.99149E-27 4.10337E-28 3.89063E-28 3.67886E-30 5.16179E-30
 1.50000E+06 7.55450E-25 6.47188E-25 7.17962E-26 6.91207E-27 6.49881E-27 1.49176E-26 1.57694E-27 1.50556E-27 1.38422E-29 1.98205E-29 3.51976E-27 3.59112E-28 3.41065E-28 3.14954E-30 4.49047E-30
 1.62019E+06 6.58510E-25 5.64288E-25 6.25549E-26 5.97556E-27 5.62898E-27 1.29959E-26 1.36347E-27 1.30398E-27 1.16998E-29 1.70243E-29 3.06622E-27 3.10492E-28 2.95402E-28 2.66085E-30 3.85723E-30
 1.75000E+06 5.76055E-25 4.93751E-25 5.46958E-26 5.18924E-27 4.89647E-27 1.13619E-26 1.18420E-27 1.13430E-27 9.95357E-30 1.47066E-29 2.68063E-27 2.69659E-28 2.56961E-28 2.26060E-30 3.32804E-30
 1.87083E+06 5.14050E-25 4.40694E-25 4.87875E-26 4.60300E-27 4.34916E-27 1.01340E-26 1.05051E-27 1.00757E-27 8.65422E-30 1.29767E-29 2.39092E-27 2.39234E-28 2.28251E-28 1.96588E-30 2.93611E-30
 2.00000E+06 4.59687E-25 3.94157E-25 4.36081E-26 4.09809E-27 3.87568E-27 9.05664E-27 9.35192E-28 8.97828E-28 7.57925E-30 1.15004E-29 2.13669E-27 2.12993E-28 2.03383E-28 1.72367E-30 2.60365E-30
 2.09762E+06 4.24952E-25 3.64406E-25 4.02984E-26 3.78465E-27 3.57966E-27 8.36657E-27 8.63404E-28 8.29027E-28 6.97853E-30 1.06094E-29 1.97374E-27 1.96634E-28 1.87786E-28 1.58736E-30 2.40216E-30
 2.20000E+06 3.93238E-25 3.37232E-25 3.72772E-26 3.50298E-27 3.31261E-27 7.73594E-27 7.98800E-28 7.66873E-28 6.47353E-30 9.82257E-30 1.82479E-27 1.81901E-28 1.73693E-28 1.47203E-30 2.22354E-30
 2.34521E+06 3.54884E-25 3.04367E-25 3.36263E-26 3.16093E-27 2.98874E-27 6.97466E-27 7.20436E-28 6.91573E-28 5.84739E-30 8.86246E-30 1.64502E-27 1.64036E-28 1.56623E-28 1.32935E-30 2.00587E-30
 2.50000E+06 3.20833E-25 2.75188E-25 3.03874E-26 2.85537E-27 2.69994E-27 6.30021E-27 6.50533E-28 6.24520E-28 5.27163E-30 7.99884E-30 1.48582E-27 1.48109E-28 1.41426E-28 1.19855E-30 1.81043E-30
 2.73861E+06 2.78481E-25 2.38893E-25 2.63604E-26 2.47628E-27 2.34148E-27 5.46204E-27 5.63844E-28 5.41323E-28 4.56414E-30 6.93060E-30 1.28798E-27 1.28358E-28 1.22571E-28 1.03769E-30 1.56859E-30
 3.00000E+06 2.42628E-25 2.08162E-25 2.29518E-26 2.15653E-27 2.03890E-27 4.75295E-27 4.90753E-28 4.71118E-28 3.97653E-30 6.03370E-30 1.12062E-27 1.11704E-28 1.06663E-28 9.03922E-31 1.36540E-30
 3.24037E+06 2.16363E-25 1.85650E-25 2.04549E-26 1.92203E-27 1.81707E-27 4.23393E-27 4.37194E-28 4.19690E-28 3.54372E-30 5.37557E-30 9.98146E-28 9.95037E-29 9.50110E-29 8.05453E-31 1.21635E-30
 3.50000E+06 1.93333E-25 1.65911E-25 1.82653E-26 1.71610E-27 1.62235E-27 3.77915E-27 3.90197E-28 3.74579E-28 3.16154E-30 4.79708E-30 8.90849E-28 8.87999E-29 8.47919E-29 7.18563E-31 1.08541E-30
 3.74166E+06 1.75630E-25 1.50737E-25 1.65819E-26 1.55786E-27 1.47272E-27 3.42967E-27 3.54101E-28 3.39927E-28 2.86866E-30 4.35306E-30 8.08405E-28 8.05796E-29 7.69429E-29 6.51968E-31 9.84893E-31
 4.00000E+06 1.59791E-25 1.37161E-25 1.50754E-26 1.41633E-27 1.33887E-27 3.11704E-27 3.21828E-28 3.08942E-28 2.60747E-30 3.95636E-30 7.34661E-28 7.32306E-29 6.99251E-29 5.92568E-31 8.95087E-31
 4.24264E+06 1.47161E-25 1.26336E-25 1.38737E-26 1.30343E-27 1.23210E-27 2.86780E-27 2.96095E-28 2.84238E-28 2.39903E-30 3.63998E-30 6.75876E-28 6.73714E-29 6.43301E-29 5.45172E-31 8.23473E-31
 4.50000E+06 1.35668E-25 1.16486E-25 1.27804E-26 1.20068E-27 1.13495E-27 2.64111E-27 2.72686E-28 2.61765E-28 2.20924E-30 3.35211E-30 6.22416E-28 6.20418E-29 5.92411E-29 5.02024E-31 7.58318E-31
 5.00000E+06 1.17576E-25 1.00979E-25 1.10590E-26 1.03893E-27 9.82014E-28 2.28440E-27 2.35854E-28 2.26406E-28 1.91077E-30 2.89924E-30 5.38298E-28 5.36568E-29 5.12346E-29 4.34171E-31 6.55824E-31
 5.50000E+06 1.03604E-25 8.90103E-26 9.72515E-27 9.13603E-28 8.63522E-28 2.00815E-27 2.07331E-28 1.99024E-28 1.67965E-30 2.54855E-30 4.73166E-28 4.71644E-29 4.50351E-29 3.81634E-31 5.76465E-31
 6.00000E+06 9.24597E-26 7.94587E-26 8.66430E-27 8.13929E-28 7.69289E-28 1.78856E-27 1.84657E-28 1.77258E-28 1.49594E-30 2.26980E-30 4.21397E-28 4.20039E-29 4.01076E-29 3.39875E-31 5.13388E-31
 6.48074E+06 8.36892E-26 7.19384E-26 7.83156E-27 7.35690E-28 6.95324E-28 1.61626E-27 1.66867E-28 1.60180E-28 1.35179E-30 2.05108E-30 3.80780E-28 3.79553E-29 3.62417E-29 3.07114E-31 4.63901E-31
 7.00000E+06 7.58590E-26 6.52222E-26 7.08948E-27 6.65970E-28 6.29415E-28 1.46277E-27 1.51020E-28 1.44967E-28 1.22339E-30 1.85626E-30 3.44602E-28 3.43491E-29 3.27983E-29 2.77933E-31 4.19823E-31
 8.00000E+06 6.41384E-26 5.51643E-26 5.98184E-27 5.61908E-28 5.31045E-28 1.23378E-27 1.27377E-28 1.22271E-28 1.03184E-30 1.56562E-30 2.90633E-28 2.89695E-29 2.76615E-29 2.34402E-31 3.54069E-31
 9.00000E+06 5.54555E-26 4.77093E-26 5.16370E-27 4.85047E-28 4.58392E-28 1.06473E-27 1.09924E-28 1.05516E-28 8.90439E-31 1.35106E-30 2.50795E-28 2.49985E-29 2.38697E-29 2.02270E-31 3.05533E-31
 1.00000E+07 4.87827E-26 4.19778E-26 4.53646E-27 4.26122E-28 4.02696E-28 9.35186E-28 9.65483E-29 9.26770E-29 7.82079E-31 1.18665E-30 2.20269E-28 2.19557E-29 2.09643E-29 1.77649E-31 2.68342E-31
 1.10000E+07 4.35048E-26 3.74429E-26 4.04132E-27 3.79607E-28 3.58732E-28 8.32954E-28 8.59935E-29 8.25451E-29 6.96573E-31 1.05691E-30 1.96182E-28 1.95547E-29 1.86717E-29 1.58221E-31 2.38996E-31
 1.25000E+07 3.73882E-26 3.21856E-26 3.46863E-27 3.25809E-28 3.07885E-28 7.14753E-28 7.37901E-29 7.08307E-29 5.97712E-31 9.06906E-31 1.68334E-28 1.67789E-29 1.60212E-29 1.35761E-31 2.05069E-31
 1.40000E+07 3.27493E-26 2.81971E-26 3.03515E-27 2.85089E-28 2.69400E-28 6.25316E-28 6.45563E-29 6.19671E-29 5.22910E-31 7.93409E-31 1.47264E-28 1.46787E-29 1.40159E-29 1.18767E-31 1.79400E-31
 1.50000E+07 3.02360E-26 2.60356E-26 2.80062E-27 2.63058E-28 2.48579E-28 5.76938E-28 5.95617E-29 5.71727E-29 4.82450E-31 7.32019E-31 1.35868E-28 1.35427E-29 1.29312E-29 1.09576E-31 1.65516E-31
 1.75000E+07 2.53473E-26 2.18303E-26 2.34509E-27 2.20268E-28 2.08140E-28 4.82999E-28 4.98634E-29 4.78632E-29 4.03888E-31 6.12817E-31 1.13740E-28 1.13371E-29 1.08252E-29 9.17297E-32 1.38559E-31
 2.00000E+07 2.18022E-26 1.87798E-26 2.01535E-27 1.89295E-28 1.78869E-28 4.15021E-28 4.28454E-29 4.11265E-29 3.47039E-31 5.26560E-31 9.77288E-29 9.74115E-30 9.30127E-30 7.88164E-32 1.19053E-31
 2.20000E+07 1.96009E-26 1.68853E-26 1.81086E-27 1.70086E-28 1.60718E-28 3.72873E-28 3.84941E-29 3.69497E-29 3.11792E-31 4.73080E-31 8.78019E-29 8.75168E-30 8.35648E-30 7.08103E-32 1.06960E-31
 2.50000E+07 1.70159E-26 1.46601E-26 1.57098E-27 1.47555E-28 1.39425E-28 3.23442E-28 3.33909E-29 3.20512E-29 2.70456E-31 4.10360E-31 7.61601E-29 7.59127E-30 7.24847E-30 6.14212E-32 9.27778E-32
 3.00000E+07 1.39409E-26 1.20125E-26 1.28603E-27 1.20789E-28 1.14133E-28 2.64734E-28 2.73300E-29 2.62334E-29 2.21362E-31 3.35871E-31 6.23343E-29 6.21318E-30 5.93260E-30 5.02708E-32 7.59349E-32
 3.50000E+07 1.18019E-26 1.01703E-26 1.08806E-27 1.02194E-28 9.65616E-29 2.23958E-28 2.31204E-29 2.21927E-29 1.87265E-31 2.84135E-31 5.27319E-29 5.25605E-30 5.01869E-30 4.25266E-32 6.42372E-32
 4.00000E+07 1.02293E-26 8.81581E-27 9.42652E-28 8.85369E-29 8.36563E-29 1.94014E-28 2.00290E-29 1.92253E-29 1.62225E-31 2.46142E-31 4.56805E-29 4.55320E-30 4.34758E-30 3.68398E-32 5.56471E-32
 4.50000E+07 9.02506E-27 7.77843E-27 8.31389E-28 7.80864E-29 7.37814E-29 1.71103E-28 1.76638E-29 1.69550E-29 1.43067E-31 2.17074E-31 4.02857E-29 4.01547E-30 3.83413E-30 3.24890E-32 4.90751E-32
 5.00000E+07 8.07365E-27 6.95876E-27 7.43536E-28 6.98348E-29 6.59844E-29 1.53015E-28 1.57965E-29 1.51626E-29 1.27943E-31 1.94126E-31 3.60265E-29 3.59093E-30 3.42877E-30 2.90541E-32 4.38866E-32
 5.50000E+07 7.30318E-27 6.29493E-27 6.72426E-28 6.31558E-29 5.96734E-29 1.38375E-28 1.42851E-29 1.37119E-29 1.15701E-31 1.75552E-31 3.25794E-29 3.24734E-30 3.10069E-30 2.62740E-32 3.96873E-32
 6.00000E+07 6.66661E-27 5.74643E-27 6.13698E-28 5.76398E-29 5.44613E-29 1.26286E-28 1.30370E-29 1.25139E-29 1.05592E-31 1.60214E-31 2.97327E-29 2.96360E-30 2.82976E-30 2.39783E-32 3.62196E-32
 7.00000E+07 5.67644E-27 4.89317E-27 5.22389E-28 4.90637E-29 4.63579E-29 1.07490E-28 1.10967E-29 1.06514E-29 8.98763E-32 1.36368E-31 2.53073E-29 2.52249E-30 2.40858E-30 2.04093E-32 3.08286E-32
 8.00000E+07 4.94197E-27 4.26021E-27 4.54695E-28 4.27056E-29 4.03503E-29 9.35574E-29 9.65833E-30 9.27072E-30 7.82262E-32 1.18691E-31 2.20267E-29 2.19550E-30 2.09635E-30 1.77636E-32 2.68323E-32
 9.00000E+07 4.37559E-27 3.77208E-27 4.02512E-28 3.78045E-29 3.57194E-29 8.28178E-29 8.54963E-30 8.20650E-30 6.92462E-32 1.05066E-31 1.94981E-29 1.94346E-30 1.85570E-30 1.57244E-32 2.37519E-32
 1.00000E+08 3.92556E-27 3.38420E-27 3.61062E-28 3.39114E-29 3.20409E-29 7.42876E-29 7.66901E-30 7.36122E-30 6.21137E-32 9.42443E-32 1.74897E-29 1.74328E-30 1.66455E-30 1.41047E-32 2.13054E-32
 1.10000E+08 3.55939E-27 3.06859E-27 3.27345E-28 3.07446E-29 2.90488E-29 6.73490E-29 6.95271E-30 6.67367E-30 5.63121E-32 8.54415E-32 1.58561E-29 1.58044E-30 1.50907E-30 1.27872E-32 1.93153E-32
 1.25000E+08 3.12243E-27 2.69194E-27 2.87119E-28 2.69665E-29 2.54790E-29 5.90712E-29 6.09816E-30 5.85341E-30 4.93907E-32 7.49399E-32 1.39071E-29 1.38619E-30 1.32358E-30 1.12155E-32 1.69412E-32
 1.40000E+08 2.78096E-27 2.39760E-27 2.55692E-28 2.40148E-29 2.26901E-29 5.26045E-29 5.43057E-30 5.21261E-30 4.39837E-32 6.67358E-32 1.23846E-29 1.23443E-30 1.17868E-30 9.98764E-33 1.50865E-32
 1.50000E+08 2.59197E-27 2.23468E-27 2.38301E-28 2.23814E-29 2.11467E-29 4.90260E-29 5.06115E-30 4.85802E-30 4.09916E-32 6.21960E-32 1.15421E-29 1.15045E-30 1.09850E-30 9.30820E-33 1.40602E-32
 1.75000E+08 2.21552E-27 1.91016E-27 2.03666E-28 1.91284E-29 1.80732E-29 4.18996E-29 4.32545E-30 4.15185E-30 3.50330E-32 5.31550E-32 9.86430E-30 9.83218E-31 9.38815E-31 7.95511E-33 1.20163E-32
 2.00000E+08 1.93453E-27 1.66792E-27 1.77818E-28 1.67008E-29 1.57794E-29 3.65814E-29 3.77644E-30 3.62487E-30 3.05863E-32 4.64082E-32 8.61224E-30 8.58419E-31 8.19652E-31 6.94537E-33 1.04911E-32
 2.20000E+08 1.75631E-27 1.51428E-27 1.61427E-28 1.51613E-29 1.43249E-29 3.32091E-29 3.42830E-30 3.29070E-30 2.77666E-32 4.21299E-32 7.81828E-30 7.79282E-31 7.44089E-31 6.30508E-33 9.52392E-33
 2.50000E+08 1.54307E-27 1.33044E-27 1.41818E-28 1.33196E-29 1.25847E-29 2.91746E-29 3.01180E-30 2.89092E-30 2.43933E-32 3.70116E-32 6.86844E-30 6.84607E-31 6.53689E-31 5.53907E-33 8.36685E-33
 3.00000E+08 1.28335E-27 1.10653E-27 1.17938E-28 1.10768E-29 1.04657E-29 2.42618E-29 2.50463E-30 2.40410E-30 2.02856E-32 3.07790E-32 5.71181E-30 5.69321E-31 5.43609E-31 4.60631E-33 6.95789E-33
 3.50000E+08 1.09846E-27 9.47121E-28 1.00941E-28 9.48038E-30 8.95732E-30 2.07649E-29 2.14364E-30 2.05760E-30 1.73618E-32 2.63428E-32 4.88855E-30 4.87263E-31 4.65257E-31 3.94238E-33 5.95503E-33
 4.00000E+08 9.60132E-28 8.27856E-28 8.82252E-29 8.28612E-30 7.82895E-30 1.81490E-29 1.87358E-30 1.79838E-30 1.51746E-32 2.30241E-32 4.27269E-30 4.25878E-31 4.06644E-31 3.44572E-33 5.20482E-33
 4.50000E+08 8.52743E-28 7.35267E-28 7.83546E-29 7.35907E-30 6.95305E-30 1.61184E-29 1.66396E-30 1.59717E-30 1.34767E-32 2.04481E-32 3.79464E-30 3.78228E-31 3.61146E-31 3.06019E-33 4.62247E-33
 5.00000E+08 7.66959E-28 6.61304E-28 7.04703E-29 6.61858E-30 6.25340E-30 1.44964E-29 1.49652E-30 1.43645E-30 1.21206E-32 1.83904E-32 3.41279E-30 3.40167E-31 3.24804E-31 2.75225E-33 4.15731E-33
 5.50000E+08 6.96856E-28 6.00861E-28 6.40276E-29 6.01347E-30 5.68168E-30 1.31710E-29 1.35969E-30 1.30512E-30 1.10124E-32 1.67090E-32 3.10076E-30 3.09066E-31 2.95108E-31 2.50061E-33 3.77721E-33
 6.00000E+08 6.38495E-28 5.50541E-28 5.86641E-29 5.50974E-30 5.20574E-30 1.20677E-29 1.24579E-30 1.19579E-30 1.00899E-32 1.53093E-32 2.84100E-30 2.83175E-31 2.70386E-31 2.29113E-33 3.46079E-33
 7.00000E+08 5.46891E-28 4.71558E-28 5.02461E-29 4.71911E-30 4.45874E-30 1.03360E-29 1.06702E-30 1.02419E-30 8.64200E-33 1.31124E-32 2.43332E-30 2.42539E-31 2.31585E-31 1.96235E-33 2.96416E-33
 8.00000E+08 4.78273E-28 4.12393E-28 4.39408E-29 4.12692E-30 3.89921E-30 9.03888E-30 9.33116E-31 8.95662E-31 7.55749E-33 1.14669E-32 2.12795E-30 2.12102E-31 2.02523E-31 1.71609E-33 2.59218E-33
 9.00000E+08 4.24954E-28 3.66420E-28 3.90414E-29 3.66677E-30 3.46445E-30 8.03103E-30 8.29072E-31 7.95795E-31 6.71482E-33 1.01883E-32 1.89068E-30 1.88452E-31 1.79941E-31 1.52474E-33 2.30315E-33
 9.48683E+08 4.03418E-28 3.47851E-28 3.70626E-29 3.48092E-30 3.28886E-30 7.62397E-30 7.87050E-31 7.55459E-31 6.37447E-33 9.67188E-33 1.79485E-30 1.78900E-31 1.70821E-31 1.44746E-33 2.18641E-33
 1.00000E+09 3.82331E-28 3.29668E-28 3.51251E-29 3.29894E-30 3.11692E-30 7.22539E-30 7.45903E-31 7.15964E-31 6.04121E-33 9.16624E-33 1.70101E-30 1.69547E-31 1.61890E-31 1.37178E-33 2.07210E-33
