 *** Photoelectric cross sections,  IZ = 94,  NSHELL = 16,  NDATA =  450
              0           1           2           3           4           5           6           7           8           9          10          11          12          13          14          15          16
 5.00000E+01 1.64859E-17 0.00000E+00 0.00000E+00 0.00000E+00 0.00000E+00 0.00000E+00 0.00000E+00 0.00000E+00 0.00000E+00 0.00000E+00 0.00000E+00 0.00000E+00 0.00000E+00 0.00000E+00 0.00000E+00 0.00000E+00 0.00000E+00
 5.30000E+01 1.58879E-17 0.00000E+00 0.00000E+00 0.00000E+00 0.00000E+00 0.00000E+00 0.00000E+00 0.00000E+00 0.00000E+00 0.00000E+00 0.00000E+00 0.00000E+00 0.00000E+00 0.00000E+00 0.00000E+00 0.00000E+00 0.00000E+00
 5.30000E+01 1.62416E-17 0.00000E+00 0.00000E+00 0.00000E+00 0.00000E+00 0.00000E+00 0.00000E+00 0.00000E+00 0.00000E+00 0.00000E+00 0.00000E+00 0.00000E+00 0.00000E+00 0.00000E+00 0.00000E+00 0.00000E+00 0.00000E+00
 5.30307E+01 1.62347E-17 0.00000E+00 0.00000E+00 0.00000E+00 0.00000E+00 0.00000E+00 0.00000E+00 0.00000E+00 0.00000E+00 0.00000E+00 0.00000E+00 0.00000E+00 0.00000E+00 0.00000E+00 0.00000E+00 0.00000E+00 0.00000E+00
 5.30614E+01 1.62279E-17 0.00000E+00 0.00000E+00 0.00000E+00 0.00000E+00 0.00000E+00 0.00000E+00 0.00000E+00 0.00000E+00 0.00000E+00 0.00000E+00 0.00000E+00 0.00000E+00 0.00000E+00 0.00000E+00 0.00000E+00 0.00000E+00
 5.31228E+01 1.62142E-17 0.00000E+00 0.00000E+00 0.00000E+00 0.00000E+00 0.00000E+00 0.00000E+00 0.00000E+00 0.00000E+00 0.00000E+00 0.00000E+00 0.00000E+00 0.00000E+00 0.00000E+00 0.00000E+00 0.00000E+00 0.00000E+00
 5.32460E+01 1.61866E-17 0.00000E+00 0.00000E+00 0.00000E+00 0.00000E+00 0.00000E+00 0.00000E+00 0.00000E+00 0.00000E+00 0.00000E+00 0.00000E+00 0.00000E+00 0.00000E+00 0.00000E+00 0.00000E+00 0.00000E+00 0.00000E+00
 5.34931E+01 1.61312E-17 0.00000E+00 0.00000E+00 0.00000E+00 0.00000E+00 0.00000E+00 0.00000E+00 0.00000E+00 0.00000E+00 0.00000E+00 0.00000E+00 0.00000E+00 0.00000E+00 0.00000E+00 0.00000E+00 0.00000E+00 0.00000E+00
 5.39907E+01 1.60192E-17 0.00000E+00 0.00000E+00 0.00000E+00 0.00000E+00 0.00000E+00 0.00000E+00 0.00000E+00 0.00000E+00 0.00000E+00 0.00000E+00 0.00000E+00 0.00000E+00 0.00000E+00 0.00000E+00 0.00000E+00 0.00000E+00
 5.50000E+01 1.57896E-17 0.00000E+00 0.00000E+00 0.00000E+00 0.00000E+00 0.00000E+00 0.00000E+00 0.00000E+00 0.00000E+00 0.00000E+00 0.00000E+00 0.00000E+00 0.00000E+00 0.00000E+00 0.00000E+00 0.00000E+00 0.00000E+00
 5.74456E+01 1.52200E-17 0.00000E+00 0.00000E+00 0.00000E+00 0.00000E+00 0.00000E+00 0.00000E+00 0.00000E+00 0.00000E+00 0.00000E+00 0.00000E+00 0.00000E+00 0.00000E+00 0.00000E+00 0.00000E+00 0.00000E+00 0.00000E+00
 6.00000E+01 1.46035E-17 0.00000E+00 0.00000E+00 0.00000E+00 0.00000E+00 0.00000E+00 0.00000E+00 0.00000E+00 0.00000E+00 0.00000E+00 0.00000E+00 0.00000E+00 0.00000E+00 0.00000E+00 0.00000E+00 0.00000E+00 0.00000E+00
 6.23574E+01 1.40141E-17 0.00000E+00 0.00000E+00 0.00000E+00 0.00000E+00 0.00000E+00 0.00000E+00 0.00000E+00 0.00000E+00 0.00000E+00 0.00000E+00 0.00000E+00 0.00000E+00 0.00000E+00 0.00000E+00 0.00000E+00 0.00000E+00
 6.48074E+01 1.33850E-17 0.00000E+00 0.00000E+00 0.00000E+00 0.00000E+00 0.00000E+00 0.00000E+00 0.00000E+00 0.00000E+00 0.00000E+00 0.00000E+00 0.00000E+00 0.00000E+00 0.00000E+00 0.00000E+00 0.00000E+00 0.00000E+00
 6.73537E+01 1.27206E-17 0.00000E+00 0.00000E+00 0.00000E+00 0.00000E+00 0.00000E+00 0.00000E+00 0.00000E+00 0.00000E+00 0.00000E+00 0.00000E+00 0.00000E+00 0.00000E+00 0.00000E+00 0.00000E+00 0.00000E+00 0.00000E+00
 7.00000E+01 1.20265E-17 0.00000E+00 0.00000E+00 0.00000E+00 0.00000E+00 0.00000E+00 0.00000E+00 0.00000E+00 0.00000E+00 0.00000E+00 0.00000E+00 0.00000E+00 0.00000E+00 0.00000E+00 0.00000E+00 0.00000E+00 0.00000E+00
 7.23762E+01 1.14065E-17 0.00000E+00 0.00000E+00 0.00000E+00 0.00000E+00 0.00000E+00 0.00000E+00 0.00000E+00 0.00000E+00 0.00000E+00 0.00000E+00 0.00000E+00 0.00000E+00 0.00000E+00 0.00000E+00 0.00000E+00 0.00000E+00
 7.48331E+01 1.07736E-17 0.00000E+00 0.00000E+00 0.00000E+00 0.00000E+00 0.00000E+00 0.00000E+00 0.00000E+00 0.00000E+00 0.00000E+00 0.00000E+00 0.00000E+00 0.00000E+00 0.00000E+00 0.00000E+00 0.00000E+00 0.00000E+00
 7.73735E+01 1.01318E-17 0.00000E+00 0.00000E+00 0.00000E+00 0.00000E+00 0.00000E+00 0.00000E+00 0.00000E+00 0.00000E+00 0.00000E+00 0.00000E+00 0.00000E+00 0.00000E+00 0.00000E+00 0.00000E+00 0.00000E+00 0.00000E+00
 8.00000E+01 9.48451E-18 0.00000E+00 0.00000E+00 0.00000E+00 0.00000E+00 0.00000E+00 0.00000E+00 0.00000E+00 0.00000E+00 0.00000E+00 0.00000E+00 0.00000E+00 0.00000E+00 0.00000E+00 0.00000E+00 0.00000E+00 0.00000E+00
 8.23907E+01 8.91186E-18 0.00000E+00 0.00000E+00 0.00000E+00 0.00000E+00 0.00000E+00 0.00000E+00 0.00000E+00 0.00000E+00 0.00000E+00 0.00000E+00 0.00000E+00 0.00000E+00 0.00000E+00 0.00000E+00 0.00000E+00 0.00000E+00
 8.48528E+01 8.34004E-18 0.00000E+00 0.00000E+00 0.00000E+00 0.00000E+00 0.00000E+00 0.00000E+00 0.00000E+00 0.00000E+00 0.00000E+00 0.00000E+00 0.00000E+00 0.00000E+00 0.00000E+00 0.00000E+00 0.00000E+00 0.00000E+00
 8.73885E+01 7.77144E-18 0.00000E+00 0.00000E+00 0.00000E+00 0.00000E+00 0.00000E+00 0.00000E+00 0.00000E+00 0.00000E+00 0.00000E+00 0.00000E+00 0.00000E+00 0.00000E+00 0.00000E+00 0.00000E+00 0.00000E+00 0.00000E+00
 9.00000E+01 7.20850E-18 0.00000E+00 0.00000E+00 0.00000E+00 0.00000E+00 0.00000E+00 0.00000E+00 0.00000E+00 0.00000E+00 0.00000E+00 0.00000E+00 0.00000E+00 0.00000E+00 0.00000E+00 0.00000E+00 0.00000E+00 0.00000E+00
 9.24021E+01 6.71236E-18 0.00000E+00 0.00000E+00 0.00000E+00 0.00000E+00 0.00000E+00 0.00000E+00 0.00000E+00 0.00000E+00 0.00000E+00 0.00000E+00 0.00000E+00 0.00000E+00 0.00000E+00 0.00000E+00 0.00000E+00 0.00000E+00
 9.48683E+01 6.22574E-18 0.00000E+00 0.00000E+00 0.00000E+00 0.00000E+00 0.00000E+00 0.00000E+00 0.00000E+00 0.00000E+00 0.00000E+00 0.00000E+00 0.00000E+00 0.00000E+00 0.00000E+00 0.00000E+00 0.00000E+00 0.00000E+00
 9.74004E+01 5.75113E-18 0.00000E+00 0.00000E+00 0.00000E+00 0.00000E+00 0.00000E+00 0.00000E+00 0.00000E+00 0.00000E+00 0.00000E+00 0.00000E+00 0.00000E+00 0.00000E+00 0.00000E+00 0.00000E+00 0.00000E+00 0.00000E+00
 1.00000E+02 5.29102E-18 0.00000E+00 0.00000E+00 0.00000E+00 0.00000E+00 0.00000E+00 0.00000E+00 0.00000E+00 0.00000E+00 0.00000E+00 0.00000E+00 0.00000E+00 0.00000E+00 0.00000E+00 0.00000E+00 0.00000E+00 0.00000E+00
 1.02411E+02 4.88932E-18 0.00000E+00 0.00000E+00 0.00000E+00 0.00000E+00 0.00000E+00 0.00000E+00 0.00000E+00 0.00000E+00 0.00000E+00 0.00000E+00 0.00000E+00 0.00000E+00 0.00000E+00 0.00000E+00 0.00000E+00 0.00000E+00
 1.04881E+02 4.50310E-18 0.00000E+00 0.00000E+00 0.00000E+00 0.00000E+00 0.00000E+00 0.00000E+00 0.00000E+00 0.00000E+00 0.00000E+00 0.00000E+00 0.00000E+00 0.00000E+00 0.00000E+00 0.00000E+00 0.00000E+00 0.00000E+00
 1.07410E+02 4.13375E-18 0.00000E+00 0.00000E+00 0.00000E+00 0.00000E+00 0.00000E+00 0.00000E+00 0.00000E+00 0.00000E+00 0.00000E+00 0.00000E+00 0.00000E+00 0.00000E+00 0.00000E+00 0.00000E+00 0.00000E+00 0.00000E+00
 1.10000E+02 3.78235E-18 0.00000E+00 0.00000E+00 0.00000E+00 0.00000E+00 0.00000E+00 0.00000E+00 0.00000E+00 0.00000E+00 0.00000E+00 0.00000E+00 0.00000E+00 0.00000E+00 0.00000E+00 0.00000E+00 0.00000E+00 0.00000E+00
 1.11000E+02 3.65377E-18 0.00000E+00 0.00000E+00 0.00000E+00 0.00000E+00 0.00000E+00 0.00000E+00 0.00000E+00 0.00000E+00 0.00000E+00 0.00000E+00 0.00000E+00 0.00000E+00 0.00000E+00 0.00000E+00 0.00000E+00 0.00000E+00
 1.11000E+02 4.72439E-18 0.00000E+00 0.00000E+00 0.00000E+00 0.00000E+00 0.00000E+00 0.00000E+00 0.00000E+00 0.00000E+00 0.00000E+00 0.00000E+00 0.00000E+00 0.00000E+00 0.00000E+00 0.00000E+00 0.00000E+00 0.00000E+00
 1.11082E+02 4.72945E-18 0.00000E+00 0.00000E+00 0.00000E+00 0.00000E+00 0.00000E+00 0.00000E+00 0.00000E+00 0.00000E+00 0.00000E+00 0.00000E+00 0.00000E+00 0.00000E+00 0.00000E+00 0.00000E+00 0.00000E+00 0.00000E+00
 1.11164E+02 4.73458E-18 0.00000E+00 0.00000E+00 0.00000E+00 0.00000E+00 0.00000E+00 0.00000E+00 0.00000E+00 0.00000E+00 0.00000E+00 0.00000E+00 0.00000E+00 0.00000E+00 0.00000E+00 0.00000E+00 0.00000E+00 0.00000E+00
 1.11328E+02 4.74516E-18 0.00000E+00 0.00000E+00 0.00000E+00 0.00000E+00 0.00000E+00 0.00000E+00 0.00000E+00 0.00000E+00 0.00000E+00 0.00000E+00 0.00000E+00 0.00000E+00 0.00000E+00 0.00000E+00 0.00000E+00 0.00000E+00
 1.11657E+02 4.76861E-18 0.00000E+00 0.00000E+00 0.00000E+00 0.00000E+00 0.00000E+00 0.00000E+00 0.00000E+00 0.00000E+00 0.00000E+00 0.00000E+00 0.00000E+00 0.00000E+00 0.00000E+00 0.00000E+00 0.00000E+00 0.00000E+00
 1.12319E+02 4.82782E-18 0.00000E+00 0.00000E+00 0.00000E+00 0.00000E+00 0.00000E+00 0.00000E+00 0.00000E+00 0.00000E+00 0.00000E+00 0.00000E+00 0.00000E+00 0.00000E+00 0.00000E+00 0.00000E+00 0.00000E+00 0.00000E+00
 1.13653E+02 4.97664E-18 0.00000E+00 0.00000E+00 0.00000E+00 0.00000E+00 0.00000E+00 0.00000E+00 0.00000E+00 0.00000E+00 0.00000E+00 0.00000E+00 0.00000E+00 0.00000E+00 0.00000E+00 0.00000E+00 0.00000E+00 0.00000E+00
 1.15004E+02 5.14437E-18 0.00000E+00 0.00000E+00 0.00000E+00 0.00000E+00 0.00000E+00 0.00000E+00 0.00000E+00 0.00000E+00 0.00000E+00 0.00000E+00 0.00000E+00 0.00000E+00 0.00000E+00 0.00000E+00 0.00000E+00 0.00000E+00
 1.16370E+02 5.30365E-18 0.00000E+00 0.00000E+00 0.00000E+00 0.00000E+00 0.00000E+00 0.00000E+00 0.00000E+00 0.00000E+00 0.00000E+00 0.00000E+00 0.00000E+00 0.00000E+00 0.00000E+00 0.00000E+00 0.00000E+00 0.00000E+00
 1.17059E+02 5.37165E-18 0.00000E+00 0.00000E+00 0.00000E+00 0.00000E+00 0.00000E+00 0.00000E+00 0.00000E+00 0.00000E+00 0.00000E+00 0.00000E+00 0.00000E+00 0.00000E+00 0.00000E+00 0.00000E+00 0.00000E+00 0.00000E+00
 1.17753E+02 5.42792E-18 0.00000E+00 0.00000E+00 0.00000E+00 0.00000E+00 0.00000E+00 0.00000E+00 0.00000E+00 0.00000E+00 0.00000E+00 0.00000E+00 0.00000E+00 0.00000E+00 0.00000E+00 0.00000E+00 0.00000E+00 0.00000E+00
 1.18450E+02 5.47011E-18 0.00000E+00 0.00000E+00 0.00000E+00 0.00000E+00 0.00000E+00 0.00000E+00 0.00000E+00 0.00000E+00 0.00000E+00 0.00000E+00 0.00000E+00 0.00000E+00 0.00000E+00 0.00000E+00 0.00000E+00 0.00000E+00
 1.19152E+02 5.49657E-18 0.00000E+00 0.00000E+00 0.00000E+00 0.00000E+00 0.00000E+00 0.00000E+00 0.00000E+00 0.00000E+00 0.00000E+00 0.00000E+00 0.00000E+00 0.00000E+00 0.00000E+00 0.00000E+00 0.00000E+00 0.00000E+00
 1.19858E+02 5.50637E-18 0.00000E+00 0.00000E+00 0.00000E+00 0.00000E+00 0.00000E+00 0.00000E+00 0.00000E+00 0.00000E+00 0.00000E+00 0.00000E+00 0.00000E+00 0.00000E+00 0.00000E+00 0.00000E+00 0.00000E+00 0.00000E+00
 1.20567E+02 5.49930E-18 0.00000E+00 0.00000E+00 0.00000E+00 0.00000E+00 0.00000E+00 0.00000E+00 0.00000E+00 0.00000E+00 0.00000E+00 0.00000E+00 0.00000E+00 0.00000E+00 0.00000E+00 0.00000E+00 0.00000E+00 0.00000E+00
 1.21282E+02 5.47581E-18 0.00000E+00 0.00000E+00 0.00000E+00 0.00000E+00 0.00000E+00 0.00000E+00 0.00000E+00 0.00000E+00 0.00000E+00 0.00000E+00 0.00000E+00 0.00000E+00 0.00000E+00 0.00000E+00 0.00000E+00 0.00000E+00
 1.22000E+02 5.43690E-18 0.00000E+00 0.00000E+00 0.00000E+00 0.00000E+00 0.00000E+00 0.00000E+00 0.00000E+00 0.00000E+00 0.00000E+00 0.00000E+00 0.00000E+00 0.00000E+00 0.00000E+00 0.00000E+00 0.00000E+00 0.00000E+00
 1.22000E+02 6.11071E-18 0.00000E+00 0.00000E+00 0.00000E+00 0.00000E+00 0.00000E+00 0.00000E+00 0.00000E+00 0.00000E+00 0.00000E+00 0.00000E+00 0.00000E+00 0.00000E+00 0.00000E+00 0.00000E+00 0.00000E+00 0.00000E+00
 1.22093E+02 6.11275E-18 0.00000E+00 0.00000E+00 0.00000E+00 0.00000E+00 0.00000E+00 0.00000E+00 0.00000E+00 0.00000E+00 0.00000E+00 0.00000E+00 0.00000E+00 0.00000E+00 0.00000E+00 0.00000E+00 0.00000E+00 0.00000E+00
 1.22185E+02 6.11469E-18 0.00000E+00 0.00000E+00 0.00000E+00 0.00000E+00 0.00000E+00 0.00000E+00 0.00000E+00 0.00000E+00 0.00000E+00 0.00000E+00 0.00000E+00 0.00000E+00 0.00000E+00 0.00000E+00 0.00000E+00 0.00000E+00
 1.22371E+02 6.11878E-18 0.00000E+00 0.00000E+00 0.00000E+00 0.00000E+00 0.00000E+00 0.00000E+00 0.00000E+00 0.00000E+00 0.00000E+00 0.00000E+00 0.00000E+00 0.00000E+00 0.00000E+00 0.00000E+00 0.00000E+00 0.00000E+00
 1.22743E+02 6.12785E-18 0.00000E+00 0.00000E+00 0.00000E+00 0.00000E+00 0.00000E+00 0.00000E+00 0.00000E+00 0.00000E+00 0.00000E+00 0.00000E+00 0.00000E+00 0.00000E+00 0.00000E+00 0.00000E+00 0.00000E+00 0.00000E+00
 1.23491E+02 6.14702E-18 0.00000E+00 0.00000E+00 0.00000E+00 0.00000E+00 0.00000E+00 0.00000E+00 0.00000E+00 0.00000E+00 0.00000E+00 0.00000E+00 0.00000E+00 0.00000E+00 0.00000E+00 0.00000E+00 0.00000E+00 0.00000E+00
 1.25000E+02 6.18660E-18 0.00000E+00 0.00000E+00 0.00000E+00 0.00000E+00 0.00000E+00 0.00000E+00 0.00000E+00 0.00000E+00 0.00000E+00 0.00000E+00 0.00000E+00 0.00000E+00 0.00000E+00 0.00000E+00 0.00000E+00 0.00000E+00
 1.26783E+02 6.22139E-18 0.00000E+00 0.00000E+00 0.00000E+00 0.00000E+00 0.00000E+00 0.00000E+00 0.00000E+00 0.00000E+00 0.00000E+00 0.00000E+00 0.00000E+00 0.00000E+00 0.00000E+00 0.00000E+00 0.00000E+00 0.00000E+00
 1.28592E+02 6.21935E-18 0.00000E+00 0.00000E+00 0.00000E+00 0.00000E+00 0.00000E+00 0.00000E+00 0.00000E+00 0.00000E+00 0.00000E+00 0.00000E+00 0.00000E+00 0.00000E+00 0.00000E+00 0.00000E+00 0.00000E+00 0.00000E+00
 1.29506E+02 6.19620E-18 0.00000E+00 0.00000E+00 0.00000E+00 0.00000E+00 0.00000E+00 0.00000E+00 0.00000E+00 0.00000E+00 0.00000E+00 0.00000E+00 0.00000E+00 0.00000E+00 0.00000E+00 0.00000E+00 0.00000E+00 0.00000E+00
 1.30427E+02 6.15525E-18 0.00000E+00 0.00000E+00 0.00000E+00 0.00000E+00 0.00000E+00 0.00000E+00 0.00000E+00 0.00000E+00 0.00000E+00 0.00000E+00 0.00000E+00 0.00000E+00 0.00000E+00 0.00000E+00 0.00000E+00 0.00000E+00
 1.31354E+02 6.09572E-18 0.00000E+00 0.00000E+00 0.00000E+00 0.00000E+00 0.00000E+00 0.00000E+00 0.00000E+00 0.00000E+00 0.00000E+00 0.00000E+00 0.00000E+00 0.00000E+00 0.00000E+00 0.00000E+00 0.00000E+00 0.00000E+00
 1.32288E+02 6.01808E-18 0.00000E+00 0.00000E+00 0.00000E+00 0.00000E+00 0.00000E+00 0.00000E+00 0.00000E+00 0.00000E+00 0.00000E+00 0.00000E+00 0.00000E+00 0.00000E+00 0.00000E+00 0.00000E+00 0.00000E+00 0.00000E+00
 1.33228E+02 5.92382E-18 0.00000E+00 0.00000E+00 0.00000E+00 0.00000E+00 0.00000E+00 0.00000E+00 0.00000E+00 0.00000E+00 0.00000E+00 0.00000E+00 0.00000E+00 0.00000E+00 0.00000E+00 0.00000E+00 0.00000E+00 0.00000E+00
 1.34175E+02 5.81522E-18 0.00000E+00 0.00000E+00 0.00000E+00 0.00000E+00 0.00000E+00 0.00000E+00 0.00000E+00 0.00000E+00 0.00000E+00 0.00000E+00 0.00000E+00 0.00000E+00 0.00000E+00 0.00000E+00 0.00000E+00 0.00000E+00
 1.36089E+02 5.56545E-18 0.00000E+00 0.00000E+00 0.00000E+00 0.00000E+00 0.00000E+00 0.00000E+00 0.00000E+00 0.00000E+00 0.00000E+00 0.00000E+00 0.00000E+00 0.00000E+00 0.00000E+00 0.00000E+00 0.00000E+00 0.00000E+00
 1.38031E+02 5.28919E-18 0.00000E+00 0.00000E+00 0.00000E+00 0.00000E+00 0.00000E+00 0.00000E+00 0.00000E+00 0.00000E+00 0.00000E+00 0.00000E+00 0.00000E+00 0.00000E+00 0.00000E+00 0.00000E+00 0.00000E+00 0.00000E+00
 1.40000E+02 5.00278E-18 0.00000E+00 0.00000E+00 0.00000E+00 0.00000E+00 0.00000E+00 0.00000E+00 0.00000E+00 0.00000E+00 0.00000E+00 0.00000E+00 0.00000E+00 0.00000E+00 0.00000E+00 0.00000E+00 0.00000E+00 0.00000E+00
 1.42436E+02 4.65572E-18 0.00000E+00 0.00000E+00 0.00000E+00 0.00000E+00 0.00000E+00 0.00000E+00 0.00000E+00 0.00000E+00 0.00000E+00 0.00000E+00 0.00000E+00 0.00000E+00 0.00000E+00 0.00000E+00 0.00000E+00 0.00000E+00
 1.44914E+02 4.32025E-18 0.00000E+00 0.00000E+00 0.00000E+00 0.00000E+00 0.00000E+00 0.00000E+00 0.00000E+00 0.00000E+00 0.00000E+00 0.00000E+00 0.00000E+00 0.00000E+00 0.00000E+00 0.00000E+00 0.00000E+00 0.00000E+00
 1.50000E+02 3.69895E-18 0.00000E+00 0.00000E+00 0.00000E+00 0.00000E+00 0.00000E+00 0.00000E+00 0.00000E+00 0.00000E+00 0.00000E+00 0.00000E+00 0.00000E+00 0.00000E+00 0.00000E+00 0.00000E+00 0.00000E+00 0.00000E+00
 1.55893E+02 3.08679E-18 0.00000E+00 0.00000E+00 0.00000E+00 0.00000E+00 0.00000E+00 0.00000E+00 0.00000E+00 0.00000E+00 0.00000E+00 0.00000E+00 0.00000E+00 0.00000E+00 0.00000E+00 0.00000E+00 0.00000E+00 0.00000E+00
 1.62019E+02 2.55753E-18 0.00000E+00 0.00000E+00 0.00000E+00 0.00000E+00 0.00000E+00 0.00000E+00 0.00000E+00 0.00000E+00 0.00000E+00 0.00000E+00 0.00000E+00 0.00000E+00 0.00000E+00 0.00000E+00 0.00000E+00 0.00000E+00
 1.75000E+02 1.73620E-18 0.00000E+00 0.00000E+00 0.00000E+00 0.00000E+00 0.00000E+00 0.00000E+00 0.00000E+00 0.00000E+00 0.00000E+00 0.00000E+00 0.00000E+00 0.00000E+00 0.00000E+00 0.00000E+00 0.00000E+00 0.00000E+00
 1.80941E+02 1.47049E-18 0.00000E+00 0.00000E+00 0.00000E+00 0.00000E+00 0.00000E+00 0.00000E+00 0.00000E+00 0.00000E+00 0.00000E+00 0.00000E+00 0.00000E+00 0.00000E+00 0.00000E+00 0.00000E+00 0.00000E+00 0.00000E+00
 1.87083E+02 1.25097E-18 0.00000E+00 0.00000E+00 0.00000E+00 0.00000E+00 0.00000E+00 0.00000E+00 0.00000E+00 0.00000E+00 0.00000E+00 0.00000E+00 0.00000E+00 0.00000E+00 0.00000E+00 0.00000E+00 0.00000E+00 0.00000E+00
 1.93434E+02 1.07093E-18 0.00000E+00 0.00000E+00 0.00000E+00 0.00000E+00 0.00000E+00 0.00000E+00 0.00000E+00 0.00000E+00 0.00000E+00 0.00000E+00 0.00000E+00 0.00000E+00 0.00000E+00 0.00000E+00 0.00000E+00 0.00000E+00
 2.00000E+02 9.24064E-19 0.00000E+00 0.00000E+00 0.00000E+00 0.00000E+00 0.00000E+00 0.00000E+00 0.00000E+00 0.00000E+00 0.00000E+00 0.00000E+00 0.00000E+00 0.00000E+00 0.00000E+00 0.00000E+00 0.00000E+00 0.00000E+00
 2.04590E+02 8.40398E-19 0.00000E+00 0.00000E+00 0.00000E+00 0.00000E+00 0.00000E+00 0.00000E+00 0.00000E+00 0.00000E+00 0.00000E+00 0.00000E+00 0.00000E+00 0.00000E+00 0.00000E+00 0.00000E+00 0.00000E+00 0.00000E+00
 2.09284E+02 7.68140E-19 0.00000E+00 0.00000E+00 0.00000E+00 0.00000E+00 0.00000E+00 0.00000E+00 0.00000E+00 0.00000E+00 0.00000E+00 0.00000E+00 0.00000E+00 0.00000E+00 0.00000E+00 0.00000E+00 0.00000E+00 0.00000E+00
 2.14087E+02 7.05996E-19 0.00000E+00 0.00000E+00 0.00000E+00 0.00000E+00 0.00000E+00 0.00000E+00 0.00000E+00 0.00000E+00 0.00000E+00 0.00000E+00 0.00000E+00 0.00000E+00 0.00000E+00 0.00000E+00 0.00000E+00 0.00000E+00
 2.19000E+02 6.52874E-19 0.00000E+00 0.00000E+00 0.00000E+00 0.00000E+00 0.00000E+00 0.00000E+00 0.00000E+00 0.00000E+00 0.00000E+00 0.00000E+00 0.00000E+00 0.00000E+00 0.00000E+00 0.00000E+00 0.00000E+00 0.00000E+00
 2.19000E+02 1.01486E-18 0.00000E+00 0.00000E+00 0.00000E+00 0.00000E+00 0.00000E+00 0.00000E+00 0.00000E+00 0.00000E+00 0.00000E+00 0.00000E+00 0.00000E+00 0.00000E+00 0.00000E+00 0.00000E+00 0.00000E+00 0.00000E+00
 2.19125E+02 1.01280E-18 0.00000E+00 0.00000E+00 0.00000E+00 0.00000E+00 0.00000E+00 0.00000E+00 0.00000E+00 0.00000E+00 0.00000E+00 0.00000E+00 0.00000E+00 0.00000E+00 0.00000E+00 0.00000E+00 0.00000E+00 0.00000E+00
 2.19250E+02 1.01074E-18 0.00000E+00 0.00000E+00 0.00000E+00 0.00000E+00 0.00000E+00 0.00000E+00 0.00000E+00 0.00000E+00 0.00000E+00 0.00000E+00 0.00000E+00 0.00000E+00 0.00000E+00 0.00000E+00 0.00000E+00 0.00000E+00
 2.19499E+02 1.00665E-18 0.00000E+00 0.00000E+00 0.00000E+00 0.00000E+00 0.00000E+00 0.00000E+00 0.00000E+00 0.00000E+00 0.00000E+00 0.00000E+00 0.00000E+00 0.00000E+00 0.00000E+00 0.00000E+00 0.00000E+00 0.00000E+00
 2.20000E+02 9.98608E-19 0.00000E+00 0.00000E+00 0.00000E+00 0.00000E+00 0.00000E+00 0.00000E+00 0.00000E+00 0.00000E+00 0.00000E+00 0.00000E+00 0.00000E+00 0.00000E+00 0.00000E+00 0.00000E+00 0.00000E+00 0.00000E+00
 2.21765E+02 9.72887E-19 0.00000E+00 0.00000E+00 0.00000E+00 0.00000E+00 0.00000E+00 0.00000E+00 0.00000E+00 0.00000E+00 0.00000E+00 0.00000E+00 0.00000E+00 0.00000E+00 0.00000E+00 0.00000E+00 0.00000E+00 0.00000E+00
 2.23544E+02 9.50582E-19 0.00000E+00 0.00000E+00 0.00000E+00 0.00000E+00 0.00000E+00 0.00000E+00 0.00000E+00 0.00000E+00 0.00000E+00 0.00000E+00 0.00000E+00 0.00000E+00 0.00000E+00 0.00000E+00 0.00000E+00 0.00000E+00
 2.27144E+02 9.13129E-19 0.00000E+00 0.00000E+00 0.00000E+00 0.00000E+00 0.00000E+00 0.00000E+00 0.00000E+00 0.00000E+00 0.00000E+00 0.00000E+00 0.00000E+00 0.00000E+00 0.00000E+00 0.00000E+00 0.00000E+00 0.00000E+00
 2.30803E+02 8.81916E-19 0.00000E+00 0.00000E+00 0.00000E+00 0.00000E+00 0.00000E+00 0.00000E+00 0.00000E+00 0.00000E+00 0.00000E+00 0.00000E+00 0.00000E+00 0.00000E+00 0.00000E+00 0.00000E+00 0.00000E+00 0.00000E+00
 2.34521E+02 8.54528E-19 0.00000E+00 0.00000E+00 0.00000E+00 0.00000E+00 0.00000E+00 0.00000E+00 0.00000E+00 0.00000E+00 0.00000E+00 0.00000E+00 0.00000E+00 0.00000E+00 0.00000E+00 0.00000E+00 0.00000E+00 0.00000E+00
 2.42137E+02 8.06752E-19 0.00000E+00 0.00000E+00 0.00000E+00 0.00000E+00 0.00000E+00 0.00000E+00 0.00000E+00 0.00000E+00 0.00000E+00 0.00000E+00 0.00000E+00 0.00000E+00 0.00000E+00 0.00000E+00 0.00000E+00 0.00000E+00
 2.50000E+02 7.66292E-19 0.00000E+00 0.00000E+00 0.00000E+00 0.00000E+00 0.00000E+00 0.00000E+00 0.00000E+00 0.00000E+00 0.00000E+00 0.00000E+00 0.00000E+00 0.00000E+00 0.00000E+00 0.00000E+00 0.00000E+00 0.00000E+00
 2.54351E+02 7.47568E-19 0.00000E+00 0.00000E+00 0.00000E+00 0.00000E+00 0.00000E+00 0.00000E+00 0.00000E+00 0.00000E+00 0.00000E+00 0.00000E+00 0.00000E+00 0.00000E+00 0.00000E+00 0.00000E+00 0.00000E+00 0.00000E+00
 2.58777E+02 7.31085E-19 0.00000E+00 0.00000E+00 0.00000E+00 0.00000E+00 0.00000E+00 0.00000E+00 0.00000E+00 0.00000E+00 0.00000E+00 0.00000E+00 0.00000E+00 0.00000E+00 0.00000E+00 0.00000E+00 0.00000E+00 0.00000E+00
 2.63280E+02 7.16878E-19 0.00000E+00 0.00000E+00 0.00000E+00 0.00000E+00 0.00000E+00 0.00000E+00 0.00000E+00 0.00000E+00 0.00000E+00 0.00000E+00 0.00000E+00 0.00000E+00 0.00000E+00 0.00000E+00 0.00000E+00 0.00000E+00
 2.67862E+02 7.04795E-19 0.00000E+00 0.00000E+00 0.00000E+00 0.00000E+00 0.00000E+00 0.00000E+00 0.00000E+00 0.00000E+00 0.00000E+00 0.00000E+00 0.00000E+00 0.00000E+00 0.00000E+00 0.00000E+00 0.00000E+00 0.00000E+00
 2.77266E+02 6.86004E-19 0.00000E+00 0.00000E+00 0.00000E+00 0.00000E+00 0.00000E+00 0.00000E+00 0.00000E+00 0.00000E+00 0.00000E+00 0.00000E+00 0.00000E+00 0.00000E+00 0.00000E+00 0.00000E+00 0.00000E+00 0.00000E+00
 2.87000E+02 6.72566E-19 0.00000E+00 0.00000E+00 0.00000E+00 0.00000E+00 0.00000E+00 0.00000E+00 0.00000E+00 0.00000E+00 0.00000E+00 0.00000E+00 0.00000E+00 0.00000E+00 0.00000E+00 0.00000E+00 0.00000E+00 0.00000E+00
 2.87000E+02 8.08295E-19 0.00000E+00 0.00000E+00 0.00000E+00 0.00000E+00 0.00000E+00 0.00000E+00 0.00000E+00 0.00000E+00 0.00000E+00 0.00000E+00 0.00000E+00 0.00000E+00 0.00000E+00 0.00000E+00 0.00000E+00 0.00000E+00
 2.87199E+02 8.07762E-19 0.00000E+00 0.00000E+00 0.00000E+00 0.00000E+00 0.00000E+00 0.00000E+00 0.00000E+00 0.00000E+00 0.00000E+00 0.00000E+00 0.00000E+00 0.00000E+00 0.00000E+00 0.00000E+00 0.00000E+00 0.00000E+00
 2.87398E+02 8.07230E-19 0.00000E+00 0.00000E+00 0.00000E+00 0.00000E+00 0.00000E+00 0.00000E+00 0.00000E+00 0.00000E+00 0.00000E+00 0.00000E+00 0.00000E+00 0.00000E+00 0.00000E+00 0.00000E+00 0.00000E+00 0.00000E+00
 2.87796E+02 8.06171E-19 0.00000E+00 0.00000E+00 0.00000E+00 0.00000E+00 0.00000E+00 0.00000E+00 0.00000E+00 0.00000E+00 0.00000E+00 0.00000E+00 0.00000E+00 0.00000E+00 0.00000E+00 0.00000E+00 0.00000E+00 0.00000E+00
 2.88594E+02 8.04081E-19 0.00000E+00 0.00000E+00 0.00000E+00 0.00000E+00 0.00000E+00 0.00000E+00 0.00000E+00 0.00000E+00 0.00000E+00 0.00000E+00 0.00000E+00 0.00000E+00 0.00000E+00 0.00000E+00 0.00000E+00 0.00000E+00
 2.90196E+02 8.00070E-19 0.00000E+00 0.00000E+00 0.00000E+00 0.00000E+00 0.00000E+00 0.00000E+00 0.00000E+00 0.00000E+00 0.00000E+00 0.00000E+00 0.00000E+00 0.00000E+00 0.00000E+00 0.00000E+00 0.00000E+00 0.00000E+00
 2.93428E+02 7.92920E-19 0.00000E+00 0.00000E+00 0.00000E+00 0.00000E+00 0.00000E+00 0.00000E+00 0.00000E+00 0.00000E+00 0.00000E+00 0.00000E+00 0.00000E+00 0.00000E+00 0.00000E+00 0.00000E+00 0.00000E+00 0.00000E+00
 3.00000E+02 7.80067E-19 0.00000E+00 0.00000E+00 0.00000E+00 0.00000E+00 0.00000E+00 0.00000E+00 0.00000E+00 0.00000E+00 0.00000E+00 0.00000E+00 0.00000E+00 0.00000E+00 0.00000E+00 0.00000E+00 0.00000E+00 0.00000E+00
 3.11787E+02 7.57928E-19 0.00000E+00 0.00000E+00 0.00000E+00 0.00000E+00 0.00000E+00 0.00000E+00 0.00000E+00 0.00000E+00 0.00000E+00 0.00000E+00 0.00000E+00 0.00000E+00 0.00000E+00 0.00000E+00 0.00000E+00 0.00000E+00
 3.24037E+02 7.38366E-19 0.00000E+00 0.00000E+00 0.00000E+00 0.00000E+00 0.00000E+00 0.00000E+00 0.00000E+00 0.00000E+00 0.00000E+00 0.00000E+00 0.00000E+00 0.00000E+00 0.00000E+00 0.00000E+00 0.00000E+00 0.00000E+00
 3.36768E+02 7.22503E-19 0.00000E+00 0.00000E+00 0.00000E+00 0.00000E+00 0.00000E+00 0.00000E+00 0.00000E+00 0.00000E+00 0.00000E+00 0.00000E+00 0.00000E+00 0.00000E+00 0.00000E+00 0.00000E+00 0.00000E+00 0.00000E+00
 3.50000E+02 7.09335E-19 0.00000E+00 0.00000E+00 0.00000E+00 0.00000E+00 0.00000E+00 0.00000E+00 0.00000E+00 0.00000E+00 0.00000E+00 0.00000E+00 0.00000E+00 0.00000E+00 0.00000E+00 0.00000E+00 0.00000E+00 0.00000E+00
 3.56000E+02 7.04002E-19 0.00000E+00 0.00000E+00 0.00000E+00 0.00000E+00 0.00000E+00 0.00000E+00 0.00000E+00 0.00000E+00 0.00000E+00 0.00000E+00 0.00000E+00 0.00000E+00 0.00000E+00 0.00000E+00 0.00000E+00 0.00000E+00
 3.56000E+02 7.59018E-19 0.00000E+00 0.00000E+00 0.00000E+00 0.00000E+00 0.00000E+00 0.00000E+00 0.00000E+00 0.00000E+00 0.00000E+00 0.00000E+00 0.00000E+00 0.00000E+00 0.00000E+00 0.00000E+00 0.00000E+00 0.00000E+00
 3.56324E+02 7.58168E-19 0.00000E+00 0.00000E+00 0.00000E+00 0.00000E+00 0.00000E+00 0.00000E+00 0.00000E+00 0.00000E+00 0.00000E+00 0.00000E+00 0.00000E+00 0.00000E+00 0.00000E+00 0.00000E+00 0.00000E+00 0.00000E+00
 3.56649E+02 7.57327E-19 0.00000E+00 0.00000E+00 0.00000E+00 0.00000E+00 0.00000E+00 0.00000E+00 0.00000E+00 0.00000E+00 0.00000E+00 0.00000E+00 0.00000E+00 0.00000E+00 0.00000E+00 0.00000E+00 0.00000E+00 0.00000E+00
 3.57299E+02 7.55720E-19 0.00000E+00 0.00000E+00 0.00000E+00 0.00000E+00 0.00000E+00 0.00000E+00 0.00000E+00 0.00000E+00 0.00000E+00 0.00000E+00 0.00000E+00 0.00000E+00 0.00000E+00 0.00000E+00 0.00000E+00 0.00000E+00
 3.58602E+02 7.52935E-19 0.00000E+00 0.00000E+00 0.00000E+00 0.00000E+00 0.00000E+00 0.00000E+00 0.00000E+00 0.00000E+00 0.00000E+00 0.00000E+00 0.00000E+00 0.00000E+00 0.00000E+00 0.00000E+00 0.00000E+00 0.00000E+00
 3.61224E+02 7.48434E-19 0.00000E+00 0.00000E+00 0.00000E+00 0.00000E+00 0.00000E+00 0.00000E+00 0.00000E+00 0.00000E+00 0.00000E+00 0.00000E+00 0.00000E+00 0.00000E+00 0.00000E+00 0.00000E+00 0.00000E+00 0.00000E+00
 3.66524E+02 7.41863E-19 0.00000E+00 0.00000E+00 0.00000E+00 0.00000E+00 0.00000E+00 0.00000E+00 0.00000E+00 0.00000E+00 0.00000E+00 0.00000E+00 0.00000E+00 0.00000E+00 0.00000E+00 0.00000E+00 0.00000E+00 0.00000E+00
 3.77359E+02 7.32416E-19 0.00000E+00 0.00000E+00 0.00000E+00 0.00000E+00 0.00000E+00 0.00000E+00 0.00000E+00 0.00000E+00 0.00000E+00 0.00000E+00 0.00000E+00 0.00000E+00 0.00000E+00 0.00000E+00 0.00000E+00 0.00000E+00
 4.00000E+02 7.13956E-19 0.00000E+00 0.00000E+00 0.00000E+00 0.00000E+00 0.00000E+00 0.00000E+00 0.00000E+00 0.00000E+00 0.00000E+00 0.00000E+00 0.00000E+00 0.00000E+00 0.00000E+00 0.00000E+00 0.00000E+00 0.00000E+00
 4.34000E+02 6.86385E-19 0.00000E+00 0.00000E+00 0.00000E+00 0.00000E+00 0.00000E+00 0.00000E+00 0.00000E+00 0.00000E+00 0.00000E+00 0.00000E+00 0.00000E+00 0.00000E+00 0.00000E+00 0.00000E+00 0.00000E+00 0.00000E+00
 4.34000E+02 7.67645E-19 0.00000E+00 0.00000E+00 0.00000E+00 0.00000E+00 0.00000E+00 0.00000E+00 0.00000E+00 0.00000E+00 0.00000E+00 0.00000E+00 0.00000E+00 0.00000E+00 0.00000E+00 0.00000E+00 0.00000E+00 8.12597E-20
 4.34370E+02 7.66914E-19 0.00000E+00 0.00000E+00 0.00000E+00 0.00000E+00 0.00000E+00 0.00000E+00 0.00000E+00 0.00000E+00 0.00000E+00 0.00000E+00 0.00000E+00 0.00000E+00 0.00000E+00 0.00000E+00 0.00000E+00 8.08220E-20
 4.34740E+02 7.66194E-19 0.00000E+00 0.00000E+00 0.00000E+00 0.00000E+00 0.00000E+00 0.00000E+00 0.00000E+00 0.00000E+00 0.00000E+00 0.00000E+00 0.00000E+00 0.00000E+00 0.00000E+00 0.00000E+00 0.00000E+00 8.03960E-20
 4.35482E+02 7.64837E-19 0.00000E+00 0.00000E+00 0.00000E+00 0.00000E+00 0.00000E+00 0.00000E+00 0.00000E+00 0.00000E+00 0.00000E+00 0.00000E+00 0.00000E+00 0.00000E+00 0.00000E+00 0.00000E+00 0.00000E+00 7.96275E-20
 4.36969E+02 7.62645E-19 0.00000E+00 0.00000E+00 0.00000E+00 0.00000E+00 0.00000E+00 0.00000E+00 0.00000E+00 0.00000E+00 0.00000E+00 0.00000E+00 0.00000E+00 0.00000E+00 0.00000E+00 0.00000E+00 0.00000E+00 7.86145E-20
 4.39959E+02 7.59747E-19 0.00000E+00 0.00000E+00 0.00000E+00 0.00000E+00 0.00000E+00 0.00000E+00 0.00000E+00 0.00000E+00 0.00000E+00 0.00000E+00 0.00000E+00 0.00000E+00 0.00000E+00 0.00000E+00 0.00000E+00 7.80881E-20
 4.46000E+02 7.55924E-19 0.00000E+00 0.00000E+00 0.00000E+00 0.00000E+00 0.00000E+00 0.00000E+00 0.00000E+00 0.00000E+00 0.00000E+00 0.00000E+00 0.00000E+00 0.00000E+00 0.00000E+00 0.00000E+00 0.00000E+00 7.90655E-20
 4.46000E+02 8.10217E-19 0.00000E+00 0.00000E+00 0.00000E+00 0.00000E+00 0.00000E+00 0.00000E+00 0.00000E+00 0.00000E+00 0.00000E+00 0.00000E+00 0.00000E+00 0.00000E+00 0.00000E+00 0.00000E+00 5.42930E-20 7.90655E-20
 4.46249E+02 8.10319E-19 0.00000E+00 0.00000E+00 0.00000E+00 0.00000E+00 0.00000E+00 0.00000E+00 0.00000E+00 0.00000E+00 0.00000E+00 0.00000E+00 0.00000E+00 0.00000E+00 0.00000E+00 0.00000E+00 5.45214E-20 7.91371E-20
 4.46498E+02 8.10420E-19 0.00000E+00 0.00000E+00 0.00000E+00 0.00000E+00 0.00000E+00 0.00000E+00 0.00000E+00 0.00000E+00 0.00000E+00 0.00000E+00 0.00000E+00 0.00000E+00 0.00000E+00 0.00000E+00 5.47454E-20 7.92125E-20
 4.46997E+02 8.10602E-19 0.00000E+00 0.00000E+00 0.00000E+00 0.00000E+00 0.00000E+00 0.00000E+00 0.00000E+00 0.00000E+00 0.00000E+00 0.00000E+00 0.00000E+00 0.00000E+00 0.00000E+00 0.00000E+00 5.51617E-20 7.93758E-20
 4.47996E+02 8.10791E-19 0.00000E+00 0.00000E+00 0.00000E+00 0.00000E+00 0.00000E+00 0.00000E+00 0.00000E+00 0.00000E+00 0.00000E+00 0.00000E+00 0.00000E+00 0.00000E+00 0.00000E+00 0.00000E+00 5.57588E-20 7.97639E-20
 4.50000E+02 8.11124E-19 0.00000E+00 0.00000E+00 0.00000E+00 0.00000E+00 0.00000E+00 0.00000E+00 0.00000E+00 0.00000E+00 0.00000E+00 0.00000E+00 0.00000E+00 0.00000E+00 0.00000E+00 0.00000E+00 5.65719E-20 8.08832E-20
 4.52973E+02 8.12659E-19 0.00000E+00 0.00000E+00 0.00000E+00 0.00000E+00 0.00000E+00 0.00000E+00 0.00000E+00 0.00000E+00 0.00000E+00 0.00000E+00 0.00000E+00 0.00000E+00 0.00000E+00 0.00000E+00 5.75578E-20 8.38102E-20
 4.55966E+02 8.16179E-19 0.00000E+00 0.00000E+00 0.00000E+00 0.00000E+00 0.00000E+00 0.00000E+00 0.00000E+00 0.00000E+00 0.00000E+00 0.00000E+00 0.00000E+00 0.00000E+00 0.00000E+00 0.00000E+00 5.83017E-20 8.89885E-20
 4.58978E+02 8.22646E-19 0.00000E+00 0.00000E+00 0.00000E+00 0.00000E+00 0.00000E+00 0.00000E+00 0.00000E+00 0.00000E+00 0.00000E+00 0.00000E+00 0.00000E+00 0.00000E+00 0.00000E+00 0.00000E+00 5.89654E-20 9.72175E-20
 4.62011E+02 8.33325E-19 0.00000E+00 0.00000E+00 0.00000E+00 0.00000E+00 0.00000E+00 0.00000E+00 0.00000E+00 0.00000E+00 0.00000E+00 0.00000E+00 0.00000E+00 0.00000E+00 0.00000E+00 0.00000E+00 6.00115E-20 1.09299E-19
 4.65063E+02 8.49733E-19 0.00000E+00 0.00000E+00 0.00000E+00 0.00000E+00 0.00000E+00 0.00000E+00 0.00000E+00 0.00000E+00 0.00000E+00 0.00000E+00 0.00000E+00 0.00000E+00 0.00000E+00 0.00000E+00 6.20831E-20 1.26107E-19
 4.68135E+02 8.73512E-19 0.00000E+00 0.00000E+00 0.00000E+00 0.00000E+00 0.00000E+00 0.00000E+00 0.00000E+00 0.00000E+00 0.00000E+00 0.00000E+00 0.00000E+00 0.00000E+00 0.00000E+00 0.00000E+00 6.58542E-20 1.48609E-19
 4.69679E+02 8.88676E-19 0.00000E+00 0.00000E+00 0.00000E+00 0.00000E+00 0.00000E+00 0.00000E+00 0.00000E+00 0.00000E+00 0.00000E+00 0.00000E+00 0.00000E+00 0.00000E+00 0.00000E+00 0.00000E+00 6.85762E-20 1.62307E-19
 4.71228E+02 9.06281E-19 0.00000E+00 0.00000E+00 0.00000E+00 0.00000E+00 0.00000E+00 0.00000E+00 0.00000E+00 0.00000E+00 0.00000E+00 0.00000E+00 0.00000E+00 0.00000E+00 0.00000E+00 0.00000E+00 7.19583E-20 1.77792E-19
 4.72782E+02 9.26506E-19 0.00000E+00 0.00000E+00 0.00000E+00 0.00000E+00 0.00000E+00 0.00000E+00 0.00000E+00 0.00000E+00 0.00000E+00 0.00000E+00 0.00000E+00 0.00000E+00 0.00000E+00 0.00000E+00 7.60786E-20 1.95164E-19
 4.74342E+02 9.49513E-19 0.00000E+00 0.00000E+00 0.00000E+00 0.00000E+00 0.00000E+00 0.00000E+00 0.00000E+00 0.00000E+00 0.00000E+00 0.00000E+00 0.00000E+00 0.00000E+00 0.00000E+00 0.00000E+00 8.10190E-20 2.14503E-19
 4.75906E+02 9.75443E-19 0.00000E+00 0.00000E+00 0.00000E+00 0.00000E+00 0.00000E+00 0.00000E+00 0.00000E+00 0.00000E+00 0.00000E+00 0.00000E+00 0.00000E+00 0.00000E+00 0.00000E+00 0.00000E+00 8.68668E-20 2.35863E-19
 4.77476E+02 1.00441E-18 0.00000E+00 0.00000E+00 0.00000E+00 0.00000E+00 0.00000E+00 0.00000E+00 0.00000E+00 0.00000E+00 0.00000E+00 0.00000E+00 0.00000E+00 0.00000E+00 0.00000E+00 0.00000E+00 9.37141E-20 2.59263E-19
 4.80630E+02 1.07177E-18 0.00000E+00 0.00000E+00 0.00000E+00 0.00000E+00 0.00000E+00 0.00000E+00 0.00000E+00 0.00000E+00 0.00000E+00 0.00000E+00 0.00000E+00 0.00000E+00 0.00000E+00 0.00000E+00 1.10791E-19 3.12130E-19
 4.83805E+02 1.15193E-18 0.00000E+00 0.00000E+00 0.00000E+00 0.00000E+00 0.00000E+00 0.00000E+00 0.00000E+00 0.00000E+00 0.00000E+00 0.00000E+00 0.00000E+00 0.00000E+00 0.00000E+00 0.00000E+00 1.33001E-19 3.72690E-19
 4.87002E+02 1.24477E-18 0.00000E+00 0.00000E+00 0.00000E+00 0.00000E+00 0.00000E+00 0.00000E+00 0.00000E+00 0.00000E+00 0.00000E+00 0.00000E+00 0.00000E+00 0.00000E+00 0.00000E+00 0.00000E+00 1.60968E-19 4.40183E-19
 5.00000E+02 1.72771E-18 0.00000E+00 0.00000E+00 0.00000E+00 0.00000E+00 0.00000E+00 0.00000E+00 0.00000E+00 0.00000E+00 0.00000E+00 0.00000E+00 0.00000E+00 0.00000E+00 0.00000E+00 0.00000E+00 3.31872E-19 7.62906E-19
 5.05993E+02 1.99110E-18 0.00000E+00 0.00000E+00 0.00000E+00 0.00000E+00 0.00000E+00 0.00000E+00 0.00000E+00 0.00000E+00 0.00000E+00 0.00000E+00 0.00000E+00 0.00000E+00 0.00000E+00 0.00000E+00 4.34709E-19 9.28384E-19
 5.09016E+02 2.12957E-18 0.00000E+00 0.00000E+00 0.00000E+00 0.00000E+00 0.00000E+00 0.00000E+00 0.00000E+00 0.00000E+00 0.00000E+00 0.00000E+00 0.00000E+00 0.00000E+00 0.00000E+00 0.00000E+00 4.90474E-19 1.01357E-18
 5.12057E+02 2.27100E-18 0.00000E+00 0.00000E+00 0.00000E+00 0.00000E+00 0.00000E+00 0.00000E+00 0.00000E+00 0.00000E+00 0.00000E+00 0.00000E+00 0.00000E+00 0.00000E+00 0.00000E+00 0.00000E+00 5.48669E-19 1.09931E-18
 5.15116E+02 2.41408E-18 0.00000E+00 0.00000E+00 0.00000E+00 0.00000E+00 0.00000E+00 0.00000E+00 0.00000E+00 0.00000E+00 0.00000E+00 0.00000E+00 0.00000E+00 0.00000E+00 0.00000E+00 0.00000E+00 6.08930E-19 1.18464E-18
 5.18194E+02 2.55740E-18 0.00000E+00 0.00000E+00 0.00000E+00 0.00000E+00 0.00000E+00 0.00000E+00 0.00000E+00 0.00000E+00 0.00000E+00 0.00000E+00 0.00000E+00 0.00000E+00 0.00000E+00 0.00000E+00 6.70817E-19 1.26860E-18
 5.21290E+02 2.69951E-18 0.00000E+00 0.00000E+00 0.00000E+00 0.00000E+00 0.00000E+00 0.00000E+00 0.00000E+00 0.00000E+00 0.00000E+00 0.00000E+00 0.00000E+00 0.00000E+00 0.00000E+00 0.00000E+00 7.33773E-19 1.35029E-18
 5.24404E+02 2.83898E-18 0.00000E+00 0.00000E+00 0.00000E+00 0.00000E+00 0.00000E+00 0.00000E+00 0.00000E+00 0.00000E+00 0.00000E+00 0.00000E+00 0.00000E+00 0.00000E+00 0.00000E+00 0.00000E+00 7.97133E-19 1.42896E-18
 5.27538E+02 2.97454E-18 0.00000E+00 0.00000E+00 0.00000E+00 0.00000E+00 0.00000E+00 0.00000E+00 0.00000E+00 0.00000E+00 0.00000E+00 0.00000E+00 0.00000E+00 0.00000E+00 0.00000E+00 0.00000E+00 8.60156E-19 1.50406E-18
 5.30689E+02 3.10508E-18 0.00000E+00 0.00000E+00 0.00000E+00 0.00000E+00 0.00000E+00 0.00000E+00 0.00000E+00 0.00000E+00 0.00000E+00 0.00000E+00 0.00000E+00 0.00000E+00 0.00000E+00 0.00000E+00 9.22097E-19 1.57524E-18
 5.33860E+02 3.22979E-18 0.00000E+00 0.00000E+00 0.00000E+00 0.00000E+00 0.00000E+00 0.00000E+00 0.00000E+00 0.00000E+00 0.00000E+00 0.00000E+00 0.00000E+00 0.00000E+00 0.00000E+00 0.00000E+00 9.82273E-19 1.64237E-18
 5.37050E+02 3.34811E-18 0.00000E+00 0.00000E+00 0.00000E+00 0.00000E+00 0.00000E+00 0.00000E+00 0.00000E+00 0.00000E+00 0.00000E+00 0.00000E+00 0.00000E+00 0.00000E+00 0.00000E+00 0.00000E+00 1.04012E-18 1.70545E-18
 5.40258E+02 3.45974E-18 0.00000E+00 0.00000E+00 0.00000E+00 0.00000E+00 0.00000E+00 0.00000E+00 0.00000E+00 0.00000E+00 0.00000E+00 0.00000E+00 0.00000E+00 0.00000E+00 0.00000E+00 0.00000E+00 1.09525E-18 1.76457E-18
 5.43486E+02 3.56460E-18 0.00000E+00 0.00000E+00 0.00000E+00 0.00000E+00 0.00000E+00 0.00000E+00 0.00000E+00 0.00000E+00 0.00000E+00 0.00000E+00 0.00000E+00 0.00000E+00 0.00000E+00 0.00000E+00 1.14743E-18 1.81988E-18
 5.46733E+02 3.66274E-18 0.00000E+00 0.00000E+00 0.00000E+00 0.00000E+00 0.00000E+00 0.00000E+00 0.00000E+00 0.00000E+00 0.00000E+00 0.00000E+00 0.00000E+00 0.00000E+00 0.00000E+00 0.00000E+00 1.19657E-18 1.87153E-18
 5.50000E+02 3.75429E-18 0.00000E+00 0.00000E+00 0.00000E+00 0.00000E+00 0.00000E+00 0.00000E+00 0.00000E+00 0.00000E+00 0.00000E+00 0.00000E+00 0.00000E+00 0.00000E+00 0.00000E+00 0.00000E+00 1.24271E-18 1.91960E-18
 5.56015E+02 3.90497E-18 0.00000E+00 0.00000E+00 0.00000E+00 0.00000E+00 0.00000E+00 0.00000E+00 0.00000E+00 0.00000E+00 0.00000E+00 0.00000E+00 0.00000E+00 0.00000E+00 0.00000E+00 0.00000E+00 1.31949E-18 1.99839E-18
 5.62095E+02 4.03496E-18 0.00000E+00 0.00000E+00 0.00000E+00 0.00000E+00 0.00000E+00 0.00000E+00 0.00000E+00 0.00000E+00 0.00000E+00 0.00000E+00 0.00000E+00 0.00000E+00 0.00000E+00 0.00000E+00 1.38715E-18 2.06564E-18
 5.68242E+02 4.14472E-18 0.00000E+00 0.00000E+00 0.00000E+00 0.00000E+00 0.00000E+00 0.00000E+00 0.00000E+00 0.00000E+00 0.00000E+00 0.00000E+00 0.00000E+00 0.00000E+00 0.00000E+00 0.00000E+00 1.44607E-18 2.12144E-18
 5.74456E+02 4.23473E-18 0.00000E+00 0.00000E+00 0.00000E+00 0.00000E+00 0.00000E+00 0.00000E+00 0.00000E+00 0.00000E+00 0.00000E+00 0.00000E+00 0.00000E+00 0.00000E+00 0.00000E+00 0.00000E+00 1.49635E-18 2.16618E-18
 5.80738E+02 4.30592E-18 0.00000E+00 0.00000E+00 0.00000E+00 0.00000E+00 0.00000E+00 0.00000E+00 0.00000E+00 0.00000E+00 0.00000E+00 0.00000E+00 0.00000E+00 0.00000E+00 0.00000E+00 0.00000E+00 1.53805E-18 2.20071E-18
 5.87089E+02 4.35989E-18 0.00000E+00 0.00000E+00 0.00000E+00 0.00000E+00 0.00000E+00 0.00000E+00 0.00000E+00 0.00000E+00 0.00000E+00 0.00000E+00 0.00000E+00 0.00000E+00 0.00000E+00 0.00000E+00 1.57149E-18 2.22631E-18
 5.93510E+02 4.39877E-18 0.00000E+00 0.00000E+00 0.00000E+00 0.00000E+00 0.00000E+00 0.00000E+00 0.00000E+00 0.00000E+00 0.00000E+00 0.00000E+00 0.00000E+00 0.00000E+00 0.00000E+00 0.00000E+00 1.59736E-18 2.24444E-18
 6.00000E+02 4.42495E-18 0.00000E+00 0.00000E+00 0.00000E+00 0.00000E+00 0.00000E+00 0.00000E+00 0.00000E+00 0.00000E+00 0.00000E+00 0.00000E+00 0.00000E+00 0.00000E+00 0.00000E+00 0.00000E+00 1.61666E-18 2.25645E-18
 6.11673E+02 4.44661E-18 0.00000E+00 0.00000E+00 0.00000E+00 0.00000E+00 0.00000E+00 0.00000E+00 0.00000E+00 0.00000E+00 0.00000E+00 0.00000E+00 0.00000E+00 0.00000E+00 0.00000E+00 0.00000E+00 1.63813E-18 2.26581E-18
 6.23574E+02 4.44328E-18 0.00000E+00 0.00000E+00 0.00000E+00 0.00000E+00 0.00000E+00 0.00000E+00 0.00000E+00 0.00000E+00 0.00000E+00 0.00000E+00 0.00000E+00 0.00000E+00 0.00000E+00 0.00000E+00 1.64744E-18 2.26240E-18
 6.35706E+02 4.41873E-18 0.00000E+00 0.00000E+00 0.00000E+00 0.00000E+00 0.00000E+00 0.00000E+00 0.00000E+00 0.00000E+00 0.00000E+00 0.00000E+00 0.00000E+00 0.00000E+00 0.00000E+00 0.00000E+00 1.64711E-18 2.24750E-18
 6.48074E+02 4.37531E-18 0.00000E+00 0.00000E+00 0.00000E+00 0.00000E+00 0.00000E+00 0.00000E+00 0.00000E+00 0.00000E+00 0.00000E+00 0.00000E+00 0.00000E+00 0.00000E+00 0.00000E+00 0.00000E+00 1.63808E-18 2.22246E-18
 6.60683E+02 4.31637E-18 0.00000E+00 0.00000E+00 0.00000E+00 0.00000E+00 0.00000E+00 0.00000E+00 0.00000E+00 0.00000E+00 0.00000E+00 0.00000E+00 0.00000E+00 0.00000E+00 0.00000E+00 0.00000E+00 1.62140E-18 2.18959E-18
 6.73537E+02 4.24627E-18 0.00000E+00 0.00000E+00 0.00000E+00 0.00000E+00 0.00000E+00 0.00000E+00 0.00000E+00 0.00000E+00 0.00000E+00 0.00000E+00 0.00000E+00 0.00000E+00 0.00000E+00 0.00000E+00 1.59886E-18 2.15144E-18
 7.00000E+02 4.08559E-18 0.00000E+00 0.00000E+00 0.00000E+00 0.00000E+00 0.00000E+00 0.00000E+00 0.00000E+00 0.00000E+00 0.00000E+00 0.00000E+00 0.00000E+00 0.00000E+00 0.00000E+00 0.00000E+00 1.54326E-18 2.06524E-18
 7.23762E+02 3.92958E-18 0.00000E+00 0.00000E+00 0.00000E+00 0.00000E+00 0.00000E+00 0.00000E+00 0.00000E+00 0.00000E+00 0.00000E+00 0.00000E+00 0.00000E+00 0.00000E+00 0.00000E+00 0.00000E+00 1.48743E-18 1.98142E-18
 7.48331E+02 3.76076E-18 0.00000E+00 0.00000E+00 0.00000E+00 0.00000E+00 0.00000E+00 0.00000E+00 0.00000E+00 0.00000E+00 0.00000E+00 0.00000E+00 0.00000E+00 0.00000E+00 0.00000E+00 0.00000E+00 1.42529E-18 1.89105E-18
 7.73735E+02 3.58598E-18 0.00000E+00 0.00000E+00 0.00000E+00 0.00000E+00 0.00000E+00 0.00000E+00 0.00000E+00 0.00000E+00 0.00000E+00 0.00000E+00 0.00000E+00 0.00000E+00 0.00000E+00 0.00000E+00 1.35951E-18 1.79826E-18
 8.00000E+02 3.40971E-18 0.00000E+00 0.00000E+00 0.00000E+00 0.00000E+00 0.00000E+00 0.00000E+00 0.00000E+00 0.00000E+00 0.00000E+00 0.00000E+00 0.00000E+00 0.00000E+00 0.00000E+00 0.00000E+00 1.29265E-18 1.70493E-18
 8.05000E+02 3.37667E-18 0.00000E+00 0.00000E+00 0.00000E+00 0.00000E+00 0.00000E+00 0.00000E+00 0.00000E+00 0.00000E+00 0.00000E+00 0.00000E+00 0.00000E+00 0.00000E+00 0.00000E+00 0.00000E+00 1.28009E-18 1.68743E-18
 8.05000E+02 3.45632E-18 0.00000E+00 0.00000E+00 0.00000E+00 0.00000E+00 0.00000E+00 0.00000E+00 0.00000E+00 0.00000E+00 0.00000E+00 0.00000E+00 0.00000E+00 0.00000E+00 0.00000E+00 7.96489E-20 1.28009E-18 1.68743E-18
 8.05729E+02 3.46155E-18 0.00000E+00 0.00000E+00 0.00000E+00 0.00000E+00 0.00000E+00 0.00000E+00 0.00000E+00 0.00000E+00 0.00000E+00 0.00000E+00 0.00000E+00 0.00000E+00 0.00000E+00 8.96823E-20 1.27827E-18 1.68488E-18
 8.06458E+02 3.46782E-18 0.00000E+00 0.00000E+00 0.00000E+00 0.00000E+00 0.00000E+00 0.00000E+00 0.00000E+00 0.00000E+00 0.00000E+00 0.00000E+00 0.00000E+00 0.00000E+00 0.00000E+00 1.00758E-19 1.27644E-18 1.68234E-18
 8.07919E+02 3.48492E-18 0.00000E+00 0.00000E+00 0.00000E+00 0.00000E+00 0.00000E+00 0.00000E+00 0.00000E+00 0.00000E+00 0.00000E+00 0.00000E+00 0.00000E+00 0.00000E+00 0.00000E+00 1.27479E-19 1.27278E-18 1.67724E-18
 8.10849E+02 3.52849E-18 0.00000E+00 0.00000E+00 0.00000E+00 0.00000E+00 0.00000E+00 0.00000E+00 0.00000E+00 0.00000E+00 0.00000E+00 0.00000E+00 0.00000E+00 0.00000E+00 0.00000E+00 1.90287E-19 1.26546E-18 1.66705E-18
 8.13790E+02 3.56883E-18 0.00000E+00 0.00000E+00 0.00000E+00 0.00000E+00 0.00000E+00 0.00000E+00 0.00000E+00 0.00000E+00 0.00000E+00 0.00000E+00 0.00000E+00 0.00000E+00 0.00000E+00 2.49874E-19 1.25813E-18 1.65685E-18
 8.16741E+02 3.59236E-18 0.00000E+00 0.00000E+00 0.00000E+00 0.00000E+00 0.00000E+00 0.00000E+00 0.00000E+00 0.00000E+00 0.00000E+00 0.00000E+00 0.00000E+00 0.00000E+00 0.00000E+00 2.92673E-19 1.25079E-18 1.64665E-18
 8.19702E+02 3.59839E-18 0.00000E+00 0.00000E+00 0.00000E+00 0.00000E+00 0.00000E+00 0.00000E+00 0.00000E+00 0.00000E+00 0.00000E+00 0.00000E+00 0.00000E+00 0.00000E+00 0.00000E+00 3.17983E-19 1.24343E-18 1.63644E-18
 8.22675E+02 3.59302E-18 0.00000E+00 0.00000E+00 0.00000E+00 0.00000E+00 0.00000E+00 0.00000E+00 0.00000E+00 0.00000E+00 0.00000E+00 0.00000E+00 0.00000E+00 0.00000E+00 0.00000E+00 3.31912E-19 1.23607E-18 1.62623E-18
 8.28653E+02 3.56858E-18 0.00000E+00 0.00000E+00 0.00000E+00 0.00000E+00 0.00000E+00 0.00000E+00 0.00000E+00 0.00000E+00 0.00000E+00 0.00000E+00 0.00000E+00 0.00000E+00 0.00000E+00 3.46093E-19 1.22130E-18 1.60580E-18
 8.40738E+02 3.50841E-18 0.00000E+00 0.00000E+00 0.00000E+00 0.00000E+00 0.00000E+00 0.00000E+00 0.00000E+00 0.00000E+00 0.00000E+00 0.00000E+00 0.00000E+00 0.00000E+00 0.00000E+00 3.63116E-19 1.19170E-18 1.56503E-18
 8.53000E+02 3.43699E-18 0.00000E+00 0.00000E+00 0.00000E+00 0.00000E+00 0.00000E+00 0.00000E+00 0.00000E+00 0.00000E+00 0.00000E+00 0.00000E+00 0.00000E+00 0.00000E+00 0.00000E+00 3.68572E-19 1.16211E-18 1.52452E-18
 8.53000E+02 3.49557E-18 0.00000E+00 0.00000E+00 0.00000E+00 0.00000E+00 0.00000E+00 0.00000E+00 0.00000E+00 0.00000E+00 0.00000E+00 0.00000E+00 0.00000E+00 0.00000E+00 5.85806E-20 3.68572E-19 1.16211E-18 1.52452E-18
 8.53715E+02 3.49466E-18 0.00000E+00 0.00000E+00 0.00000E+00 0.00000E+00 0.00000E+00 0.00000E+00 0.00000E+00 0.00000E+00 0.00000E+00 0.00000E+00 0.00000E+00 0.00000E+00 6.21231E-20 3.68553E-19 1.16040E-18 1.52218E-18
 8.54431E+02 3.49480E-18 0.00000E+00 0.00000E+00 0.00000E+00 0.00000E+00 0.00000E+00 0.00000E+00 0.00000E+00 0.00000E+00 0.00000E+00 0.00000E+00 0.00000E+00 0.00000E+00 6.67309E-20 3.68512E-19 1.15869E-18 1.51985E-18
 8.55864E+02 3.49775E-18 0.00000E+00 0.00000E+00 0.00000E+00 0.00000E+00 0.00000E+00 0.00000E+00 0.00000E+00 0.00000E+00 0.00000E+00 0.00000E+00 0.00000E+00 0.00000E+00 7.86760E-20 3.68375E-19 1.15527E-18 1.51519E-18
 8.58738E+02 3.51065E-18 0.00000E+00 0.00000E+00 0.00000E+00 0.00000E+00 0.00000E+00 0.00000E+00 0.00000E+00 0.00000E+00 0.00000E+00 0.00000E+00 0.00000E+00 0.00000E+00 1.09711E-19 3.67931E-19 1.14845E-18 1.50589E-18
 8.61622E+02 3.52388E-18 0.00000E+00 0.00000E+00 0.00000E+00 0.00000E+00 0.00000E+00 0.00000E+00 0.00000E+00 0.00000E+00 0.00000E+00 0.00000E+00 0.00000E+00 0.00000E+00 1.41200E-19 3.67338E-19 1.14163E-18 1.49661E-18
 8.64515E+02 3.52925E-18 0.00000E+00 0.00000E+00 0.00000E+00 0.00000E+00 0.00000E+00 0.00000E+00 0.00000E+00 0.00000E+00 0.00000E+00 0.00000E+00 0.00000E+00 0.00000E+00 1.64828E-19 3.66691E-19 1.13482E-18 1.48735E-18
 8.70330E+02 3.51602E-18 0.00000E+00 0.00000E+00 0.00000E+00 0.00000E+00 0.00000E+00 0.00000E+00 0.00000E+00 0.00000E+00 0.00000E+00 0.00000E+00 0.00000E+00 0.00000E+00 1.87800E-19 3.65606E-19 1.12126E-18 1.46891E-18
 8.76185E+02 3.48950E-18 0.00000E+00 0.00000E+00 0.00000E+00 0.00000E+00 0.00000E+00 0.00000E+00 0.00000E+00 0.00000E+00 0.00000E+00 0.00000E+00 0.00000E+00 0.00000E+00 1.96807E-19 3.65006E-19 1.10775E-18 1.45058E-18
 9.00000E+02 3.36506E-18 0.00000E+00 0.00000E+00 0.00000E+00 0.00000E+00 0.00000E+00 0.00000E+00 0.00000E+00 0.00000E+00 0.00000E+00 0.00000E+00 0.00000E+00 0.00000E+00 2.11232E-19 3.64054E-19 1.05439E-18 1.37828E-18
 9.48683E+02 3.09521E-18 0.00000E+00 0.00000E+00 0.00000E+00 0.00000E+00 0.00000E+00 0.00000E+00 0.00000E+00 0.00000E+00 0.00000E+00 0.00000E+00 0.00000E+00 0.00000E+00 2.11038E-19 3.57510E-19 9.52448E-19 1.24062E-18
 1.00000E+03 2.83511E-18 0.00000E+00 0.00000E+00 0.00000E+00 0.00000E+00 0.00000E+00 0.00000E+00 0.00000E+00 0.00000E+00 0.00000E+00 0.00000E+00 0.00000E+00 0.00000E+00 2.09050E-19 3.49558E-19 8.55101E-19 1.11047E-18
 1.04881E+03 2.61125E-18 0.00000E+00 0.00000E+00 0.00000E+00 0.00000E+00 0.00000E+00 0.00000E+00 0.00000E+00 0.00000E+00 0.00000E+00 0.00000E+00 0.00000E+00 0.00000E+00 2.06225E-19 3.40865E-19 7.72450E-19 1.00052E-18
 1.10000E+03 2.39756E-18 0.00000E+00 0.00000E+00 0.00000E+00 0.00000E+00 0.00000E+00 0.00000E+00 0.00000E+00 0.00000E+00 0.00000E+00 0.00000E+00 0.00000E+00 0.00000E+00 2.02492E-19 3.30310E-19 6.94806E-19 8.97714E-19
 1.12800E+03 2.28961E-18 0.00000E+00 0.00000E+00 0.00000E+00 0.00000E+00 0.00000E+00 0.00000E+00 0.00000E+00 0.00000E+00 0.00000E+00 0.00000E+00 0.00000E+00 0.00000E+00 1.99940E-19 3.24357E-19 6.56062E-19 8.46676E-19
 1.12800E+03 2.43883E-18 0.00000E+00 0.00000E+00 0.00000E+00 0.00000E+00 0.00000E+00 0.00000E+00 0.00000E+00 0.00000E+00 0.00000E+00 0.00000E+00 0.00000E+00 1.49220E-19 1.99940E-19 3.24357E-19 6.56062E-19 8.46675E-19
 1.12891E+03 2.43533E-18 0.00000E+00 0.00000E+00 0.00000E+00 0.00000E+00 0.00000E+00 0.00000E+00 0.00000E+00 0.00000E+00 0.00000E+00 0.00000E+00 0.00000E+00 1.49103E-19 1.99853E-19 3.24164E-19 6.54852E-19 8.45083E-19
 1.12981E+03 2.43183E-18 0.00000E+00 0.00000E+00 0.00000E+00 0.00000E+00 0.00000E+00 0.00000E+00 0.00000E+00 0.00000E+00 0.00000E+00 0.00000E+00 0.00000E+00 1.48987E-19 1.99765E-19 3.23970E-19 6.53644E-19 8.43493E-19
 1.13163E+03 2.42484E-18 0.00000E+00 0.00000E+00 0.00000E+00 0.00000E+00 0.00000E+00 0.00000E+00 0.00000E+00 0.00000E+00 0.00000E+00 0.00000E+00 0.00000E+00 1.48753E-19 1.99590E-19 3.23581E-19 6.51232E-19 8.40320E-19
 1.13526E+03 2.41089E-18 0.00000E+00 0.00000E+00 0.00000E+00 0.00000E+00 0.00000E+00 0.00000E+00 0.00000E+00 0.00000E+00 0.00000E+00 0.00000E+00 0.00000E+00 1.48286E-19 1.99237E-19 3.22797E-19 6.46429E-19 8.34000E-19
 1.14257E+03 2.38318E-18 0.00000E+00 0.00000E+00 0.00000E+00 0.00000E+00 0.00000E+00 0.00000E+00 0.00000E+00 0.00000E+00 0.00000E+00 0.00000E+00 0.00000E+00 1.47347E-19 1.98527E-19 3.21206E-19 6.36904E-19 8.21467E-19
 1.15734E+03 2.32840E-18 0.00000E+00 0.00000E+00 0.00000E+00 0.00000E+00 0.00000E+00 0.00000E+00 0.00000E+00 0.00000E+00 0.00000E+00 0.00000E+00 0.00000E+00 1.45461E-19 1.97094E-19 3.17917E-19 6.18165E-19 7.96819E-19
 1.18743E+03 2.22137E-18 0.00000E+00 0.00000E+00 0.00000E+00 0.00000E+00 0.00000E+00 0.00000E+00 0.00000E+00 0.00000E+00 0.00000E+00 0.00000E+00 0.00000E+00 1.41693E-19 1.94068E-19 3.11033E-19 5.81886E-19 7.49148E-19
 1.25000E+03 2.01787E-18 0.00000E+00 0.00000E+00 0.00000E+00 0.00000E+00 0.00000E+00 0.00000E+00 0.00000E+00 0.00000E+00 0.00000E+00 0.00000E+00 0.00000E+00 1.34393E-19 1.87102E-19 2.96687E-19 5.13985E-19 6.60233E-19
 1.31529E+03 1.83040E-18 0.00000E+00 0.00000E+00 0.00000E+00 0.00000E+00 0.00000E+00 0.00000E+00 0.00000E+00 0.00000E+00 0.00000E+00 0.00000E+00 0.00000E+00 1.27275E-19 1.79472E-19 2.81570E-19 4.52944E-19 5.80628E-19
 1.38400E+03 1.65664E-18 0.00000E+00 0.00000E+00 0.00000E+00 0.00000E+00 0.00000E+00 0.00000E+00 0.00000E+00 0.00000E+00 0.00000E+00 0.00000E+00 0.00000E+00 1.20212E-19 1.71152E-19 2.66035E-19 3.97806E-19 5.08908E-19
 1.38400E+03 1.67697E-18 0.00000E+00 0.00000E+00 0.00000E+00 0.00000E+00 0.00000E+00 0.00000E+00 0.00000E+00 0.00000E+00 0.00000E+00 0.00000E+00 2.03301E-20 1.20212E-19 1.71152E-19 2.66035E-19 3.97806E-19 5.08908E-19
 1.38499E+03 1.67467E-18 0.00000E+00 0.00000E+00 0.00000E+00 0.00000E+00 0.00000E+00 0.00000E+00 0.00000E+00 0.00000E+00 0.00000E+00 0.00000E+00 2.03878E-20 1.20113E-19 1.71032E-19 2.65813E-19 3.97069E-19 5.07951E-19
 1.38599E+03 1.67238E-18 0.00000E+00 0.00000E+00 0.00000E+00 0.00000E+00 0.00000E+00 0.00000E+00 0.00000E+00 0.00000E+00 0.00000E+00 0.00000E+00 2.04467E-20 1.20015E-19 1.70912E-19 2.65591E-19 3.96333E-19 5.06995E-19
 1.38798E+03 1.66781E-18 0.00000E+00 0.00000E+00 0.00000E+00 0.00000E+00 0.00000E+00 0.00000E+00 0.00000E+00 0.00000E+00 0.00000E+00 0.00000E+00 2.05720E-20 1.19817E-19 1.70672E-19 2.65146E-19 3.94864E-19 5.05088E-19
 1.39198E+03 1.65876E-18 0.00000E+00 0.00000E+00 0.00000E+00 0.00000E+00 0.00000E+00 0.00000E+00 0.00000E+00 0.00000E+00 0.00000E+00 0.00000E+00 2.08777E-20 1.19423E-19 1.70190E-19 2.64256E-19 3.91941E-19 5.01292E-19
 1.40000E+03 1.64062E-18 0.00000E+00 0.00000E+00 0.00000E+00 0.00000E+00 0.00000E+00 0.00000E+00 0.00000E+00 0.00000E+00 0.00000E+00 0.00000E+00 2.13227E-20 1.18636E-19 1.69224E-19 2.62472E-19 3.86147E-19 4.93772E-19
 1.50000E+03 1.43032E-18 0.00000E+00 0.00000E+00 0.00000E+00 0.00000E+00 0.00000E+00 0.00000E+00 0.00000E+00 0.00000E+00 0.00000E+00 0.00000E+00 2.09005E-20 1.09365E-19 1.57206E-19 2.40940E-19 3.22014E-19 4.10721E-19
 1.56300E+03 1.31616E-18 0.00000E+00 0.00000E+00 0.00000E+00 0.00000E+00 0.00000E+00 0.00000E+00 0.00000E+00 0.00000E+00 0.00000E+00 0.00000E+00 2.07322E-20 1.04004E-19 1.49866E-19 2.28143E-19 2.88226E-19 3.67071E-19
 1.56300E+03 1.34364E-18 0.00000E+00 0.00000E+00 0.00000E+00 0.00000E+00 0.00000E+00 0.00000E+00 0.00000E+00 0.00000E+00 0.00000E+00 2.74788E-20 2.07322E-20 1.04004E-19 1.49866E-19 2.28143E-19 2.88226E-19 3.67071E-19
 1.56438E+03 1.34043E-18 0.00000E+00 0.00000E+00 0.00000E+00 0.00000E+00 0.00000E+00 0.00000E+00 0.00000E+00 0.00000E+00 0.00000E+00 2.66277E-20 2.07283E-20 1.03891E-19 1.49707E-19 2.27869E-19 2.87536E-19 3.66180E-19
 1.56576E+03 1.33741E-18 0.00000E+00 0.00000E+00 0.00000E+00 0.00000E+00 0.00000E+00 0.00000E+00 0.00000E+00 0.00000E+00 0.00000E+00 2.59724E-20 2.07244E-20 1.03777E-19 1.49549E-19 2.27595E-19 2.86847E-19 3.65291E-19
 1.56853E+03 1.33180E-18 0.00000E+00 0.00000E+00 0.00000E+00 0.00000E+00 0.00000E+00 0.00000E+00 0.00000E+00 0.00000E+00 0.00000E+00 2.50640E-20 2.07166E-20 1.03551E-19 1.49232E-19 2.27048E-19 2.85473E-19 3.63519E-19
 1.57408E+03 1.32159E-18 0.00000E+00 0.00000E+00 0.00000E+00 0.00000E+00 0.00000E+00 0.00000E+00 0.00000E+00 0.00000E+00 0.00000E+00 2.42229E-20 2.07004E-20 1.03098E-19 1.48596E-19 2.25953E-19 2.82742E-19 3.59997E-19
 1.58524E+03 1.30293E-18 0.00000E+00 0.00000E+00 0.00000E+00 0.00000E+00 0.00000E+00 0.00000E+00 0.00000E+00 0.00000E+00 0.00000E+00 2.41311E-20 2.06668E-20 1.02195E-19 1.47323E-19 2.23768E-19 2.77348E-19 3.53042E-19
 1.60779E+03 1.26648E-18 0.00000E+00 0.00000E+00 0.00000E+00 0.00000E+00 0.00000E+00 0.00000E+00 0.00000E+00 0.00000E+00 0.00000E+00 2.41231E-20 2.05943E-20 1.00402E-19 1.44771E-19 2.19414E-19 2.66826E-19 3.39485E-19
 1.65386E+03 1.19558E-18 0.00000E+00 0.00000E+00 0.00000E+00 0.00000E+00 0.00000E+00 0.00000E+00 0.00000E+00 0.00000E+00 0.00000E+00 2.33837E-20 2.04331E-20 9.68683E-20 1.39668E-19 2.10799E-19 2.46818E-19 3.13723E-19
 1.75000E+03 1.06440E-18 0.00000E+00 0.00000E+00 0.00000E+00 0.00000E+00 0.00000E+00 0.00000E+00 0.00000E+00 0.00000E+00 0.00000E+00 2.21093E-20 2.00426E-20 9.00137E-20 1.29540E-19 1.93907E-19 2.10728E-19 2.67323E-19
 2.00000E+03 8.03996E-19 0.00000E+00 0.00000E+00 0.00000E+00 0.00000E+00 0.00000E+00 0.00000E+00 0.00000E+00 0.00000E+00 0.00000E+00 1.91506E-20 1.88002E-20 7.50297E-20 1.06473E-19 1.56607E-19 1.43345E-19 1.81048E-19
 2.20000E+03 6.55193E-19 0.00000E+00 0.00000E+00 0.00000E+00 0.00000E+00 0.00000E+00 0.00000E+00 0.00000E+00 0.00000E+00 0.00000E+00 1.71606E-20 1.76889E-20 6.54214E-20 9.12757E-20 1.32728E-19 1.07872E-19 1.35835E-19
 2.50000E+03 4.95412E-19 0.00000E+00 0.00000E+00 0.00000E+00 0.00000E+00 0.00000E+00 0.00000E+00 0.00000E+00 0.00000E+00 0.00000E+00 1.46728E-20 1.60014E-20 5.39765E-20 7.30271E-20 1.04696E-19 7.28416E-20 9.13582E-20
 2.73861E+03 4.04587E-19 0.00000E+00 0.00000E+00 0.00000E+00 0.00000E+00 0.00000E+00 0.00000E+00 0.00000E+00 0.00000E+00 0.00000E+00 1.30442E-20 1.47262E-20 4.67903E-20 6.16327E-20 8.75288E-20 5.46380E-20 6.83319E-20
 3.00000E+03 3.29632E-19 0.00000E+00 0.00000E+00 0.00000E+00 0.00000E+00 0.00000E+00 0.00000E+00 0.00000E+00 0.00000E+00 0.00000E+00 1.15442E-20 1.34342E-20 4.03762E-20 5.15964E-20 7.26152E-20 4.07329E-20 5.07971E-20
 3.50000E+03 2.31916E-19 0.00000E+00 0.00000E+00 0.00000E+00 0.00000E+00 0.00000E+00 0.00000E+00 0.00000E+00 0.00000E+00 0.00000E+00 9.30404E-21 1.12941E-20 3.11597E-20 3.75436E-20 5.20728E-20 2.44524E-20 3.03481E-20
 3.78300E+03 1.93786E-19 0.00000E+00 0.00000E+00 0.00000E+00 0.00000E+00 0.00000E+00 0.00000E+00 0.00000E+00 0.00000E+00 0.00000E+00 8.31015E-21 1.02656E-20 2.72204E-20 3.17280E-20 4.36969E-20 1.87861E-20 2.32583E-20
 3.78300E+03 2.11689E-19 0.00000E+00 0.00000E+00 0.00000E+00 0.00000E+00 0.00000E+00 0.00000E+00 0.00000E+00 0.00000E+00 1.79031E-20 8.31015E-21 1.02656E-20 2.72204E-20 3.17280E-20 4.36968E-20 1.87861E-20 2.32583E-20
 3.78596E+03 2.55518E-19 0.00000E+00 0.00000E+00 0.00000E+00 0.00000E+00 0.00000E+00 0.00000E+00 0.00000E+00 0.00000E+00 6.20834E-20 8.30061E-21 1.02555E-20 2.71830E-20 3.16736E-20 4.36188E-20 1.87360E-20 2.31957E-20
 3.78892E+03 3.12716E-19 0.00000E+00 0.00000E+00 0.00000E+00 0.00000E+00 0.00000E+00 0.00000E+00 0.00000E+00 0.00000E+00 1.19632E-19 8.29109E-21 1.02454E-20 2.71457E-20 3.16192E-20 4.35409E-20 1.86860E-20 2.31333E-20
 3.79188E+03 3.65891E-19 0.00000E+00 0.00000E+00 0.00000E+00 0.00000E+00 0.00000E+00 0.00000E+00 0.00000E+00 0.00000E+00 1.73156E-19 8.28157E-21 1.02353E-20 2.71084E-20 3.15649E-20 4.34631E-20 1.86362E-20 2.30710E-20
 3.79484E+03 4.03074E-19 0.00000E+00 0.00000E+00 0.00000E+00 0.00000E+00 0.00000E+00 0.00000E+00 0.00000E+00 0.00000E+00 2.10688E-19 8.27206E-21 1.02252E-20 2.70712E-20 3.15107E-20 4.33854E-20 1.85865E-20 2.30089E-20
 3.79781E+03 4.24288E-19 0.00000E+00 0.00000E+00 0.00000E+00 0.00000E+00 0.00000E+00 0.00000E+00 0.00000E+00 0.00000E+00 2.32251E-19 8.26256E-21 1.02151E-20 2.70340E-20 3.14565E-20 4.33078E-20 1.85369E-20 2.29470E-20
 3.80078E+03 4.35326E-19 0.00000E+00 0.00000E+00 0.00000E+00 0.00000E+00 0.00000E+00 0.00000E+00 0.00000E+00 0.00000E+00 2.43636E-19 8.25307E-21 1.02050E-20 2.69969E-20 3.14025E-20 4.32303E-20 1.84874E-20 2.28852E-20
 3.80375E+03 4.41332E-19 0.00000E+00 0.00000E+00 0.00000E+00 0.00000E+00 0.00000E+00 0.00000E+00 0.00000E+00 0.00000E+00 2.49989E-19 8.24359E-21 1.01949E-20 2.69598E-20 3.13485E-20 4.31530E-20 1.84381E-20 2.28235E-20
 3.80672E+03 4.45232E-19 0.00000E+00 0.00000E+00 0.00000E+00 0.00000E+00 0.00000E+00 0.00000E+00 0.00000E+00 0.00000E+00 2.54236E-19 8.23411E-21 1.01849E-20 2.69227E-20 3.12946E-20 4.30757E-20 1.83889E-20 2.27620E-20
 3.81268E+03 4.50959E-19 0.00000E+00 0.00000E+00 0.00000E+00 0.00000E+00 0.00000E+00 0.00000E+00 0.00000E+00 0.00000E+00 2.60655E-19 8.21519E-21 1.01647E-20 2.68488E-20 3.11870E-20 4.29216E-20 1.82908E-20 2.26395E-20
 3.81864E+03 4.54876E-19 0.00000E+00 0.00000E+00 0.00000E+00 0.00000E+00 0.00000E+00 0.00000E+00 0.00000E+00 0.00000E+00 2.65261E-19 8.19631E-21 1.01446E-20 2.67750E-20 3.10797E-20 4.27680E-20 1.81933E-20 2.25177E-20
 3.82461E+03 4.56318E-19 0.00000E+00 0.00000E+00 0.00000E+00 0.00000E+00 0.00000E+00 0.00000E+00 0.00000E+00 0.00000E+00 2.67390E-19 8.17746E-21 1.01245E-20 2.67013E-20 3.09728E-20 4.26148E-20 1.80962E-20 2.23964E-20
 3.83059E+03 4.55354E-19 0.00000E+00 0.00000E+00 0.00000E+00 0.00000E+00 0.00000E+00 0.00000E+00 0.00000E+00 0.00000E+00 2.67110E-19 8.15864E-21 1.01045E-20 2.66279E-20 3.08661E-20 4.24621E-20 1.79996E-20 2.22758E-20
 3.85462E+03 4.45047E-19 0.00000E+00 0.00000E+00 0.00000E+00 0.00000E+00 0.00000E+00 0.00000E+00 0.00000E+00 0.00000E+00 2.59517E-19 8.08374E-21 1.00244E-20 2.63357E-20 3.04425E-20 4.18559E-20 1.76182E-20 2.17994E-20
 3.87879E+03 4.37215E-19 0.00000E+00 0.00000E+00 0.00000E+00 0.00000E+00 0.00000E+00 0.00000E+00 0.00000E+00 0.00000E+00 2.54361E-19 8.00941E-21 9.94467E-21 2.60463E-20 3.00238E-20 4.12571E-20 1.72444E-20 2.13326E-20
 3.92759E+03 4.21764E-19 0.00000E+00 0.00000E+00 0.00000E+00 0.00000E+00 0.00000E+00 0.00000E+00 0.00000E+00 0.00000E+00 2.44152E-19 7.86241E-21 9.78618E-21 2.54755E-20 2.92007E-20 4.00814E-20 1.65191E-20 2.04273E-20
 3.97700E+03 4.07777E-19 0.00000E+00 0.00000E+00 0.00000E+00 0.00000E+00 0.00000E+00 0.00000E+00 0.00000E+00 0.00000E+00 2.35262E-19 7.71762E-21 9.62904E-21 2.49153E-20 2.83967E-20 3.89345E-20 1.58225E-20 1.95580E-20
 3.97700E+03 4.19364E-19 0.00000E+00 0.00000E+00 0.00000E+00 0.00000E+00 0.00000E+00 0.00000E+00 0.00000E+00 1.15870E-20 2.35262E-19 7.71762E-21 9.62904E-21 2.49153E-20 2.83967E-20 3.89344E-20 1.58225E-20 1.95580E-20
 3.97987E+03 4.43136E-19 0.00000E+00 0.00000E+00 0.00000E+00 0.00000E+00 0.00000E+00 0.00000E+00 0.00000E+00 3.61418E-20 2.34769E-19 7.70934E-21 9.62002E-21 2.48833E-20 2.83509E-20 3.88692E-20 1.57832E-20 1.95089E-20
 3.98274E+03 4.76593E-19 0.00000E+00 0.00000E+00 0.00000E+00 0.00000E+00 0.00000E+00 0.00000E+00 0.00000E+00 7.03786E-20 2.34279E-19 7.70107E-21 9.61101E-21 2.48513E-20 2.83052E-20 3.88040E-20 1.57440E-20 1.94600E-20
 3.98561E+03 5.09274E-19 0.00000E+00 0.00000E+00 0.00000E+00 0.00000E+00 0.00000E+00 0.00000E+00 0.00000E+00 1.03836E-19 2.33791E-19 7.69280E-21 9.60200E-21 2.48194E-20 2.82595E-20 3.87389E-20 1.57048E-20 1.94112E-20
 3.98848E+03 5.33019E-19 0.00000E+00 0.00000E+00 0.00000E+00 0.00000E+00 0.00000E+00 0.00000E+00 0.00000E+00 1.28354E-19 2.33306E-19 7.68454E-21 9.59300E-21 2.47875E-20 2.82139E-20 3.86739E-20 1.56658E-20 1.93625E-20
 3.99136E+03 5.46965E-19 0.00000E+00 0.00000E+00 0.00000E+00 0.00000E+00 0.00000E+00 0.00000E+00 0.00000E+00 1.43071E-19 2.32823E-19 7.67629E-21 9.58400E-21 2.47557E-20 2.81684E-20 3.86090E-20 1.56268E-20 1.93139E-20
 3.99424E+03 5.54323E-19 0.00000E+00 0.00000E+00 0.00000E+00 0.00000E+00 0.00000E+00 0.00000E+00 0.00000E+00 1.51195E-19 2.32344E-19 7.66804E-21 9.57500E-21 2.47239E-20 2.81229E-20 3.85442E-20 1.55879E-20 1.92654E-20
 3.99712E+03 5.58256E-19 0.00000E+00 0.00000E+00 0.00000E+00 0.00000E+00 0.00000E+00 0.00000E+00 0.00000E+00 1.55892E-19 2.31867E-19 7.65980E-21 9.56601E-21 2.46921E-20 2.80775E-20 3.84795E-20 1.55491E-20 1.92170E-20
 4.00000E+03 5.60671E-19 0.00000E+00 0.00000E+00 0.00000E+00 0.00000E+00 0.00000E+00 0.00000E+00 0.00000E+00 1.59067E-19 2.31393E-19 7.65157E-21 9.55703E-21 2.46604E-20 2.80321E-20 3.84149E-20 1.55104E-20 1.91687E-20
 4.00737E+03 5.64532E-19 0.00000E+00 0.00000E+00 0.00000E+00 0.00000E+00 0.00000E+00 0.00000E+00 0.00000E+00 1.64852E-19 2.30198E-19 7.63059E-21 9.53411E-21 2.45795E-20 2.79166E-20 3.82504E-20 1.54120E-20 1.90460E-20
 4.01475E+03 5.66193E-19 0.00000E+00 0.00000E+00 0.00000E+00 0.00000E+00 0.00000E+00 0.00000E+00 0.00000E+00 1.68416E-19 2.29023E-19 7.60965E-21 9.51122E-21 2.44988E-20 2.78015E-20 3.80864E-20 1.53142E-20 1.89239E-20
 4.02215E+03 5.65220E-19 0.00000E+00 0.00000E+00 0.00000E+00 0.00000E+00 0.00000E+00 0.00000E+00 0.00000E+00 1.69324E-19 2.27865E-19 7.58876E-21 9.48836E-21 2.44184E-20 2.76868E-20 3.79230E-20 1.52169E-20 1.88026E-20
 4.02955E+03 5.62392E-19 0.00000E+00 0.00000E+00 0.00000E+00 0.00000E+00 0.00000E+00 0.00000E+00 0.00000E+00 1.68358E-19 2.26723E-19 7.56791E-21 9.46553E-21 2.43382E-20 2.75724E-20 3.77603E-20 1.51202E-20 1.86820E-20
 4.05933E+03 5.50340E-19 0.00000E+00 0.00000E+00 0.00000E+00 0.00000E+00 0.00000E+00 0.00000E+00 0.00000E+00 1.63600E-19 2.22282E-19 7.48499E-21 9.37452E-21 2.40195E-20 2.71190E-20 3.71151E-20 1.47391E-20 1.82068E-20
 4.11953E+03 5.28611E-19 0.00000E+00 0.00000E+00 0.00000E+00 0.00000E+00 0.00000E+00 0.00000E+00 0.00000E+00 1.55971E-19 2.13750E-19 7.32134E-21 9.19398E-21 2.33926E-20 2.62311E-20 3.58531E-20 1.40037E-20 1.72901E-20
 4.24264E+03 4.89829E-19 0.00000E+00 0.00000E+00 0.00000E+00 0.00000E+00 0.00000E+00 0.00000E+00 0.00000E+00 1.44006E-19 1.97528E-19 7.00287E-21 8.83897E-21 2.21807E-20 2.45288E-20 3.34394E-20 1.26368E-20 1.55874E-20
 4.50000E+03 4.20919E-19 0.00000E+00 0.00000E+00 0.00000E+00 0.00000E+00 0.00000E+00 0.00000E+00 0.00000E+00 1.23445E-19 1.68350E-19 6.40067E-21 8.15407E-21 1.99189E-20 2.14044E-20 2.90297E-20 1.02796E-20 1.26557E-20
 4.57400E+03 4.03472E-19 0.00000E+00 0.00000E+00 0.00000E+00 0.00000E+00 0.00000E+00 0.00000E+00 0.00000E+00 1.18253E-19 1.60972E-19 6.24178E-21 7.97043E-21 1.93286E-20 2.06018E-20 2.79015E-20 9.70385E-21 1.19405E-20
 4.57400E+03 4.70735E-19 0.00000E+00 0.00000E+00 0.00000E+00 0.00000E+00 0.00000E+00 0.00000E+00 6.72626E-20 1.18253E-19 1.60972E-19 6.24178E-21 7.97043E-21 1.93285E-20 2.06018E-20 2.79015E-20 9.70384E-21 1.19405E-20
 4.57718E+03 4.69958E-19 0.00000E+00 0.00000E+00 0.00000E+00 0.00000E+00 0.00000E+00 0.00000E+00 6.72156E-20 1.18035E-19 1.60663E-19 6.23508E-21 7.96265E-21 1.93037E-20 2.05681E-20 2.78542E-20 9.67996E-21 1.19108E-20
 4.58037E+03 4.69183E-19 0.00000E+00 0.00000E+00 0.00000E+00 0.00000E+00 0.00000E+00 0.00000E+00 6.71685E-20 1.17819E-19 1.60356E-19 6.22838E-21 7.95489E-21 1.92789E-20 2.05345E-20 2.78070E-20 9.65613E-21 1.18812E-20
 4.58675E+03 4.67635E-19 0.00000E+00 0.00000E+00 0.00000E+00 0.00000E+00 0.00000E+00 0.00000E+00 6.70740E-20 1.17386E-19 1.59741E-19 6.21501E-21 7.93936E-21 1.92293E-20 2.04675E-20 2.77128E-20 9.60864E-21 1.18223E-20
 4.59953E+03 4.64551E-19 0.00000E+00 0.00000E+00 0.00000E+00 0.00000E+00 0.00000E+00 0.00000E+00 6.68833E-20 1.16525E-19 1.58519E-19 6.18833E-21 7.90838E-21 1.91305E-20 2.03339E-20 2.75253E-20 9.51430E-21 1.17051E-20
 4.62520E+03 4.58428E-19 0.00000E+00 0.00000E+00 0.00000E+00 0.00000E+00 0.00000E+00 0.00000E+00 6.64886E-20 1.14819E-19 1.56099E-19 6.13526E-21 7.84663E-21 1.89342E-20 2.00690E-20 2.71536E-20 9.32822E-21 1.14741E-20
 4.67697E+03 4.46302E-19 0.00000E+00 0.00000E+00 0.00000E+00 0.00000E+00 0.00000E+00 0.00000E+00 6.55975E-20 1.11471E-19 1.51358E-19 6.03027E-21 7.72409E-21 1.85468E-20 1.95481E-20 2.64232E-20 8.96633E-21 1.10249E-20
 4.78226E+03 4.22561E-19 0.00000E+00 0.00000E+00 0.00000E+00 0.00000E+00 0.00000E+00 0.00000E+00 6.34534E-20 1.05026E-19 1.42264E-19 5.82490E-21 7.48280E-21 1.77926E-20 1.85412E-20 2.50139E-20 8.28239E-21 1.01766E-20
 5.00000E+03 3.78187E-19 0.00000E+00 0.00000E+00 0.00000E+00 0.00000E+00 0.00000E+00 0.00000E+00 5.89419E-20 9.30945E-20 1.25556E-19 5.43212E-21 7.01539E-21 1.63639E-20 1.66609E-20 2.23910E-20 7.06183E-21 8.66416E-21
 5.50000E+03 2.97239E-19 0.00000E+00 0.00000E+00 0.00000E+00 0.00000E+00 0.00000E+00 0.00000E+00 4.99642E-20 7.15406E-20 9.56367E-20 4.66700E-21 6.08275E-21 1.36369E-20 1.31861E-20 1.75768E-20 4.99886E-21 6.11357E-21
 5.55700E+03 2.89530E-19 0.00000E+00 0.00000E+00 0.00000E+00 0.00000E+00 0.00000E+00 0.00000E+00 4.90561E-20 6.95056E-20 9.28299E-20 4.59012E-21 5.98744E-21 1.33673E-20 1.28515E-20 1.71157E-20 4.81391E-21 5.88545E-21
 5.55700E+03 3.05365E-19 0.00000E+00 0.00000E+00 0.00000E+00 0.00000E+00 0.00000E+00 1.58353E-20 4.90560E-20 6.95055E-20 9.28298E-20 4.59012E-21 5.98744E-21 1.33673E-20 1.28515E-20 1.71157E-20 4.81390E-21 5.88544E-21
 5.55987E+03 3.05737E-19 0.00000E+00 0.00000E+00 0.00000E+00 0.00000E+00 0.00000E+00 1.65872E-20 4.90110E-20 6.94052E-20 9.26915E-20 4.58631E-21 5.98270E-21 1.33539E-20 1.28350E-20 1.70930E-20 4.80483E-21 5.87425E-21
 5.56273E+03 3.05915E-19 0.00000E+00 0.00000E+00 0.00000E+00 0.00000E+00 0.00000E+00 1.71450E-20 4.89659E-20 6.93050E-20 9.25534E-20 4.58249E-21 5.97797E-21 1.33406E-20 1.28185E-20 1.70702E-20 4.79577E-21 5.86308E-21
 5.56847E+03 3.05918E-19 0.00000E+00 0.00000E+00 0.00000E+00 0.00000E+00 0.00000E+00 1.79069E-20 4.88760E-20 6.91049E-20 9.22777E-20 4.57488E-21 5.96851E-21 1.33139E-20 1.27855E-20 1.70248E-20 4.77770E-21 5.84080E-21
 5.57996E+03 3.04404E-19 0.00000E+00 0.00000E+00 0.00000E+00 0.00000E+00 0.00000E+00 1.79044E-20 4.86964E-20 6.87065E-20 9.17286E-20 4.55968E-21 5.94962E-21 1.32607E-20 1.27198E-20 1.69344E-20 4.74175E-21 5.79647E-21
 5.60302E+03 3.01070E-19 0.00000E+00 0.00000E+00 0.00000E+00 0.00000E+00 0.00000E+00 1.75710E-20 4.83387E-20 6.79158E-20 9.06395E-20 4.52941E-21 5.91198E-21 1.31550E-20 1.25893E-20 1.67547E-20 4.67062E-21 5.70878E-21
 5.64942E+03 2.95131E-19 0.00000E+00 0.00000E+00 0.00000E+00 0.00000E+00 0.00000E+00 1.75436E-20 4.76293E-20 6.63595E-20 8.84972E-20 4.46940E-21 5.83722E-21 1.29456E-20 1.23317E-20 1.64004E-20 4.53139E-21 5.53716E-21
 5.74337E+03 2.83377E-19 0.00000E+00 0.00000E+00 0.00000E+00 0.00000E+00 0.00000E+00 1.72649E-20 4.62347E-20 6.33456E-20 8.43544E-20 4.35143E-21 5.68978E-21 1.25356E-20 1.18306E-20 1.57119E-20 4.26478E-21 5.20861E-21
 5.93600E+03 2.61196E-19 0.00000E+00 0.00000E+00 0.00000E+00 0.00000E+00 0.00000E+00 1.66889E-20 4.35408E-20 5.76970E-20 7.66110E-20 4.12361E-21 5.40322E-21 1.17500E-20 1.08827E-20 1.44126E-20 3.77628E-21 4.60651E-21
 5.93600E+03 2.73387E-19 0.00000E+00 0.00000E+00 0.00000E+00 0.00000E+00 1.21910E-20 1.66889E-20 4.35407E-20 5.76969E-20 7.66109E-20 4.12360E-21 5.40321E-21 1.17500E-20 1.08827E-20 1.44126E-20 3.77628E-21 4.60651E-21
 5.93998E+03 2.72279E-19 0.00000E+00 0.00000E+00 0.00000E+00 0.00000E+00 1.15162E-20 1.66768E-20 4.34873E-20 5.75872E-20 7.64608E-20 4.11909E-21 5.39751E-21 1.17345E-20 1.08642E-20 1.43873E-20 3.76694E-21 4.59498E-21
 5.94396E+03 2.71491E-19 0.00000E+00 0.00000E+00 0.00000E+00 0.00000E+00 1.11605E-20 1.66647E-20 4.34339E-20 5.74776E-20 7.63109E-20 4.11457E-21 5.39180E-21 1.17190E-20 1.08457E-20 1.43620E-20 3.75762E-21 4.58348E-21
 5.95194E+03 2.70422E-19 0.00000E+00 0.00000E+00 0.00000E+00 0.00000E+00 1.09544E-20 1.66405E-20 4.33273E-20 5.72591E-20 7.60119E-20 4.10555E-21 5.38041E-21 1.16881E-20 1.08087E-20 1.43114E-20 3.73904E-21 4.56056E-21
 5.96791E+03 2.68847E-19 0.00000E+00 0.00000E+00 0.00000E+00 0.00000E+00 1.10975E-20 1.65921E-20 4.31147E-20 5.68244E-20 7.54172E-20 4.08757E-21 5.35768E-21 1.16265E-20 1.07352E-20 1.42108E-20 3.70214E-21 4.51504E-21
 6.00000E+03 2.65343E-19 0.00000E+00 0.00000E+00 0.00000E+00 0.00000E+00 1.09972E-20 1.64951E-20 4.26919E-20 5.59639E-20 7.42408E-20 4.05180E-21 5.31242E-21 1.15042E-20 1.05895E-20 1.40116E-20 3.62937E-21 4.42523E-21
 7.00000E+03 1.81950E-19 0.00000E+00 0.00000E+00 0.00000E+00 0.00000E+00 9.00165E-21 1.36487E-20 3.18861E-20 3.58427E-20 4.69141E-20 3.13493E-21 4.13207E-21 8.43839E-21 7.08841E-21 9.25639E-21 2.03585E-21 2.46904E-21
 8.00000E+03 1.30689E-19 0.00000E+00 0.00000E+00 0.00000E+00 0.00000E+00 7.45257E-21 1.13029E-20 2.44647E-20 2.41055E-20 3.11888E-20 2.49562E-21 3.28683E-21 6.39585E-21 4.94282E-21 6.38108E-21 1.22048E-21 1.47283E-21
 9.00000E+03 9.73460E-20 0.00000E+00 0.00000E+00 0.00000E+00 0.00000E+00 6.25168E-21 9.42492E-21 1.91934E-20 1.68533E-20 2.15841E-20 2.03187E-21 2.66396E-21 4.97567E-21 3.56263E-21 4.55259E-21 7.70778E-22 9.26071E-22
 1.00000E+04 7.46581E-20 0.00000E+00 0.00000E+00 0.00000E+00 0.00000E+00 5.30676E-21 7.92294E-21 1.53405E-20 1.21633E-20 1.54356E-20 1.68487E-21 2.19377E-21 3.95394E-21 2.63905E-21 3.34123E-21 5.07803E-22 6.07590E-22
 1.10000E+04 5.86455E-20 0.00000E+00 0.00000E+00 0.00000E+00 0.00000E+00 4.55221E-21 6.71554E-21 1.24565E-20 9.01469E-21 1.13446E-20 1.41859E-21 1.83132E-21 3.19816E-21 2.00021E-21 2.51100E-21 3.46434E-22 4.12908E-22
 1.25000E+04 4.23470E-20 0.00000E+00 0.00000E+00 0.00000E+00 0.00000E+00 3.67946E-21 5.31881E-21 9.34649E-21 5.99333E-21 7.45682E-21 1.12195E-21 1.42719E-21 2.39119E-21 1.36795E-21 1.69748E-21 2.05987E-22 2.44216E-22
 1.40000E+04 3.16779E-20 0.00000E+00 0.00000E+00 0.00000E+00 0.00000E+00 3.02720E-21 4.28228E-21 7.19304E-21 4.14887E-21 5.10878E-21 9.07980E-22 1.13661E-21 1.83687E-21 9.69422E-22 1.19034E-21 1.29113E-22 1.52318E-22
 1.50000E+04 2.65283E-20 0.00000E+00 0.00000E+00 0.00000E+00 0.00000E+00 2.68067E-21 3.73686E-21 6.11325E-21 3.30774E-21 4.04693E-21 7.96940E-22 9.86604E-22 1.56021E-21 7.83435E-22 9.55736E-22 9.68806E-23 1.13946E-22
 1.75000E+04 1.78153E-20 0.00000E+00 0.00000E+00 0.00000E+00 0.00000E+00 2.02870E-21 2.72656E-21 4.21427E-21 1.97988E-21 2.38699E-21 5.92875E-22 7.13503E-22 1.07549E-21 4.82500E-22 5.79896E-22 5.06416E-23 5.91332E-23
 1.80590E+04 1.64212E-20 0.00000E+00 0.00000E+00 0.00000E+00 0.00000E+00 1.91444E-21 2.55215E-21 3.90037E-21 1.78128E-21 2.14107E-21 5.57764E-22 6.67000E-22 9.95701E-22 4.36493E-22 5.22984E-22 4.43333E-23 5.16891E-23
 1.80590E+04 3.83416E-20 0.00000E+00 0.00000E+00 0.00000E+00 2.19204E-20 1.91444E-21 2.55215E-21 3.90037E-21 1.78128E-21 2.14107E-21 5.57763E-22 6.67000E-22 9.95700E-22 4.36493E-22 5.22984E-22 4.43333E-23 5.16890E-23
 1.80734E+04 3.89903E-20 0.00000E+00 0.00000E+00 0.00000E+00 2.26030E-20 1.91162E-21 2.54785E-21 3.89269E-21 1.77649E-21 2.13515E-21 5.56898E-22 6.65856E-22 9.93748E-22 4.35380E-22 5.21609E-22 4.41831E-23 5.15119E-23
 1.80878E+04 3.84840E-20 0.00000E+00 0.00000E+00 0.00000E+00 2.21307E-20 1.90880E-21 2.54357E-21 3.88503E-21 1.77171E-21 2.12924E-21 5.56034E-22 6.64714E-22 9.91799E-22 4.34269E-22 5.20238E-22 4.40334E-23 5.13354E-23
 1.81023E+04 3.82112E-20 0.00000E+00 0.00000E+00 0.00000E+00 2.18916E-20 1.90598E-21 2.53928E-21 3.87738E-21 1.76695E-21 2.12335E-21 5.55171E-22 6.63573E-22 9.89854E-22 4.33162E-22 5.18870E-22 4.38841E-23 5.11594E-23
 1.81167E+04 3.82684E-20 0.00000E+00 0.00000E+00 0.00000E+00 2.19827E-20 1.90317E-21 2.53501E-21 3.86974E-21 1.76220E-21 2.11748E-21 5.54309E-22 6.62434E-22 9.87912E-22 4.32057E-22 5.17505E-22 4.37354E-23 5.09840E-23
 1.81746E+04 3.79973E-20 0.00000E+00 0.00000E+00 0.00000E+00 2.18459E-20 1.89195E-21 2.51796E-21 3.83934E-21 1.74330E-21 2.09412E-21 5.50874E-22 6.57897E-22 9.80179E-22 4.27663E-22 5.12080E-22 4.31450E-23 5.02879E-23
 1.82327E+04 3.77512E-20 0.00000E+00 0.00000E+00 0.00000E+00 2.17331E-20 1.88080E-21 2.50102E-21 3.80917E-21 1.72460E-21 2.07101E-21 5.47459E-22 6.53388E-22 9.72502E-22 4.23310E-22 5.06708E-22 4.25622E-23 4.96009E-23
 1.82909E+04 3.74189E-20 0.00000E+00 0.00000E+00 0.00000E+00 2.15330E-20 1.86970E-21 2.48418E-21 3.77921E-21 1.70609E-21 2.04814E-21 5.44063E-22 6.48906E-22 9.64881E-22 4.19000E-22 5.01389E-22 4.19868E-23 4.89228E-23
 1.85258E+04 3.61978E-20 0.00000E+00 0.00000E+00 0.00000E+00 2.08301E-20 1.82589E-21 2.41782E-21 3.66159E-21 1.63395E-21 1.95907E-21 5.30677E-22 6.31257E-22 9.34949E-22 4.02171E-22 4.80639E-22 3.97593E-23 4.62982E-23
 1.90047E+04 3.38275E-20 0.00000E+00 0.00000E+00 0.00000E+00 1.94461E-20 1.74103E-21 2.28984E-21 3.43667E-21 1.49845E-21 1.79209E-21 5.04830E-22 5.97270E-22 8.77688E-22 3.70441E-22 4.41590E-22 3.56460E-23 4.14564E-23
 2.00000E+04 2.94975E-20 0.00000E+00 0.00000E+00 0.00000E+00 1.69022E-20 1.58194E-21 2.05191E-21 3.02546E-21 1.25980E-21 1.49905E-21 4.56674E-22 5.34294E-22 7.72971E-22 3.14107E-22 3.72525E-22 2.86491E-23 3.32356E-23
 2.20000E+04 2.28032E-20 0.00000E+00 0.00000E+00 0.00000E+00 1.29790E-20 1.31936E-21 1.66518E-21 2.37619E-21 9.08733E-22 1.07090E-21 3.78040E-22 4.32609E-22 6.07894E-22 2.30055E-22 2.70187E-22 1.89995E-23 2.19354E-23
 2.22670E+04 2.20684E-20 0.00000E+00 0.00000E+00 0.00000E+00 1.25492E-20 1.28909E-21 1.62115E-21 2.30386E-21 8.71687E-22 1.02596E-21 3.69043E-22 4.21081E-22 5.89519E-22 2.21090E-22 2.59333E-22 1.80314E-23 2.08047E-23
 2.22670E+04 3.02522E-20 0.00000E+00 0.00000E+00 8.18387E-21 1.25492E-20 1.28909E-21 1.62115E-21 2.30386E-21 8.71686E-22 1.02596E-21 3.69043E-22 4.21081E-22 5.89519E-22 2.21090E-22 2.59332E-22 1.80314E-23 2.08046E-23
 2.22799E+04 3.13282E-20 0.00000E+00 0.00000E+00 9.29461E-21 1.25288E-20 1.28765E-21 1.61906E-21 2.30043E-21 8.69942E-22 1.02385E-21 3.68615E-22 4.20534E-22 5.88649E-22 2.20667E-22 2.58821E-22 1.79861E-23 2.07517E-23
 2.22928E+04 3.11522E-20 0.00000E+00 0.00000E+00 9.15332E-21 1.25085E-20 1.28621E-21 1.61697E-21 2.29701E-21 8.68200E-22 1.02174E-21 3.68188E-22 4.19987E-22 5.87780E-22 2.20246E-22 2.58311E-22 1.79408E-23 2.06989E-23
 2.23058E+04 3.09876E-20 0.00000E+00 0.00000E+00 9.02336E-21 1.24883E-20 1.28477E-21 1.61488E-21 2.29359E-21 8.66463E-22 1.01963E-21 3.67762E-22 4.19441E-22 5.86912E-22 2.19824E-22 2.57801E-22 1.78957E-23 2.06462E-23
 2.23187E+04 3.09895E-20 0.00000E+00 0.00000E+00 9.05985E-21 1.24680E-20 1.28334E-21 1.61280E-21 2.29018E-21 8.64728E-22 1.01753E-21 3.67336E-22 4.18896E-22 5.86045E-22 2.19404E-22 2.57292E-22 1.78507E-23 2.05936E-23
 2.23705E+04 3.08309E-20 0.00000E+00 0.00000E+00 9.03925E-21 1.23874E-20 1.27761E-21 1.60449E-21 2.27658E-21 8.57823E-22 1.00916E-21 3.65636E-22 4.16722E-22 5.82590E-22 2.17730E-22 2.55268E-22 1.76717E-23 2.03846E-23
 2.24746E+04 3.04785E-20 0.00000E+00 0.00000E+00 8.96021E-21 1.22275E-20 1.26623E-21 1.58799E-21 2.24960E-21 8.44171E-22 9.92623E-22 3.62258E-22 4.12404E-22 5.75736E-22 2.14419E-22 2.51263E-22 1.73189E-23 1.99727E-23
 2.26841E+04 2.97791E-20 0.00000E+00 0.00000E+00 8.79781E-21 1.19135E-20 1.24374E-21 1.55543E-21 2.19654E-21 8.17493E-22 9.60326E-22 3.55590E-22 4.03891E-22 5.62254E-22 2.07940E-22 2.43434E-22 1.66336E-23 1.91730E-23
 2.31090E+04 2.83684E-20 0.00000E+00 0.00000E+00 8.42242E-21 1.13082E-20 1.19985E-21 1.49213E-21 2.09392E-21 7.66592E-22 8.98788E-22 3.42600E-22 3.87349E-22 5.36180E-22 1.95545E-22 2.28478E-22 1.53424E-23 1.76671E-23
 2.31090E+04 3.30726E-20 0.00000E+00 4.70421E-21 8.42242E-21 1.13082E-20 1.19985E-21 1.49212E-21 2.09392E-21 7.66591E-22 8.98787E-22 3.42600E-22 3.87349E-22 5.36180E-22 1.95545E-22 2.28478E-22 1.53424E-23 1.76671E-23
 2.31232E+04 3.26269E-20 0.00000E+00 4.30434E-21 8.41006E-21 1.12887E-20 1.19842E-21 1.49007E-21 2.09060E-21 7.64961E-22 8.96818E-22 3.42177E-22 3.86812E-22 5.35337E-22 1.95147E-22 2.27999E-22 1.53014E-23 1.76193E-23
 2.31374E+04 3.26227E-20 0.00000E+00 4.34584E-21 8.39770E-21 1.12692E-20 1.19699E-21 1.48802E-21 2.08729E-21 7.63334E-22 8.94853E-22 3.41756E-22 3.86276E-22 5.34495E-22 1.94750E-22 2.27520E-22 1.52605E-23 1.75717E-23
 2.31659E+04 3.25371E-20 0.00000E+00 4.35148E-21 8.37301E-21 1.12303E-20 1.19414E-21 1.48392E-21 2.08068E-21 7.60090E-22 8.90935E-22 3.40913E-22 3.85206E-22 5.32814E-22 1.93958E-22 2.26566E-22 1.51791E-23 1.74767E-23
 2.32229E+04 3.23406E-20 0.00000E+00 4.33664E-21 8.32378E-21 1.11528E-20 1.18846E-21 1.47576E-21 2.06751E-21 7.53642E-22 8.83151E-22 3.39235E-22 3.83074E-22 5.29469E-22 1.92385E-22 2.24670E-22 1.50175E-23 1.72884E-23
 2.33373E+04 3.19432E-20 0.00000E+00 4.29908E-21 8.22624E-21 1.09996E-20 1.17718E-21 1.45955E-21 2.04142E-21 7.40911E-22 8.67786E-22 3.35902E-22 3.78844E-22 5.22838E-22 1.89275E-22 2.20924E-22 1.46996E-23 1.69180E-23
 2.35679E+04 3.11698E-20 0.00000E+00 4.23188E-21 8.03434E-21 1.06991E-20 1.15490E-21 1.42764E-21 1.99019E-21 7.16090E-22 8.37854E-22 3.29330E-22 3.70513E-22 5.09814E-22 1.83202E-22 2.13616E-22 1.40842E-23 1.62011E-23
 2.40359E+04 2.96708E-20 0.00000E+00 4.09497E-21 7.66080E-21 1.01219E-20 1.11152E-21 1.36573E-21 1.89141E-21 6.68915E-22 7.81052E-22 3.16551E-22 3.54364E-22 4.84692E-22 1.71629E-22 1.99709E-22 1.29309E-23 1.48586E-23
 2.50000E+04 2.68775E-20 0.00000E+00 3.82834E-21 6.96203E-21 9.05613E-21 1.02918E-21 1.24923E-21 1.70767E-21 5.83484E-22 6.78502E-22 2.92375E-22 3.23988E-22 4.37893E-22 1.50559E-22 1.74470E-22 1.08979E-23 1.24958E-23
 3.00000E+04 1.69114E-20 0.00000E+00 2.77217E-21 4.42292E-21 5.36338E-21 7.15490E-22 8.18068E-22 1.05330E-21 3.07381E-22 3.50455E-22 2.01249E-22 2.12077E-22 2.71201E-22 8.12937E-23 9.23528E-23 4.88821E-24 5.54742E-24
 3.50000E+04 1.13671E-20 0.00000E+00 2.07859E-21 2.97642E-21 3.41599E-21 5.21904E-22 5.65513E-22 6.92772E-22 1.77460E-22 1.98844E-22 1.45813E-22 1.46748E-22 1.79075E-22 4.78114E-23 5.33772E-23 2.46481E-24 2.77141E-24
 4.00000E+04 8.03032E-21 0.00000E+00 1.60389E-21 2.09651E-21 2.29805E-21 3.94816E-22 4.07595E-22 4.78450E-22 1.09735E-22 1.21056E-22 1.09776E-22 1.05935E-22 1.24115E-22 2.99945E-23 3.29694E-23 1.35677E-24 1.51288E-24
 4.50000E+04 5.89696E-21 0.00000E+00 1.26716E-21 1.53147E-21 1.61352E-21 3.07348E-22 3.03695E-22 3.43380E-22 7.15732E-23 7.78552E-23 8.51494E-23 7.90719E-23 8.93610E-23 1.97945E-23 2.14532E-23 7.99657E-25 8.84899E-25
 5.00000E+04 4.46652E-21 0.00000E+00 1.02094E-21 1.15237E-21 1.17256E-21 2.44849E-22 2.32489E-22 2.54224E-22 4.87224E-23 5.23224E-23 6.76485E-23 6.06433E-23 6.63488E-23 1.36063E-23 1.45580E-23 4.97835E-25 5.46900E-25
 5.50000E+04 3.46990E-21 0.00000E+00 8.36292E-22 8.88751E-22 8.76568E-22 1.98814E-22 1.82029E-22 1.93116E-22 3.43533E-23 3.64558E-23 5.48117E-23 4.75652E-23 5.05307E-23 9.67228E-24 1.02272E-23 3.23995E-25 3.53598E-25
 6.00000E+04 2.75321E-21 0.00000E+00 6.94819E-22 6.99821E-22 6.71014E-22 1.64038E-22 1.45252E-22 1.49903E-22 2.49422E-23 2.61793E-23 4.51477E-23 3.80210E-23 3.93152E-23 7.07170E-24 7.39612E-24 2.18874E-25 2.37436E-25
 7.00000E+04 1.82427E-21 0.00000E+00 4.96859E-22 4.56584E-22 4.16560E-22 1.16125E-22 9.69026E-23 9.52251E-23 1.41154E-23 1.45278E-23 3.18819E-23 2.54460E-23 2.50762E-23 4.04831E-24 4.15189E-24 1.09252E-25 1.17205E-25
 8.00000E+04 1.27531E-21 0.00000E+00 3.69117E-22 3.14392E-22 2.74815E-22 8.56890E-23 6.79398E-23 6.39843E-23 8.60898E-24 8.70875E-24 2.34867E-23 1.78907E-23 1.69064E-23 2.49130E-24 2.51167E-24 5.99034E-26 6.36296E-26
 9.00000E+04 9.29238E-22 0.00000E+00 2.82673E-22 2.25800E-22 1.90083E-22 6.53156E-23 4.95259E-23 4.49217E-23 5.56376E-24 5.54322E-24 1.78817E-23 1.30739E-23 1.19036E-23 1.62168E-24 1.61045E-24 3.53114E-26 3.71734E-26
 1.00000E+05 6.99757E-22 0.00000E+00 2.21902E-22 1.67747E-22 1.36548E-22 5.11047E-23 3.72541E-23 3.26729E-23 3.76534E-24 3.70138E-24 1.39796E-23 9.85571E-24 8.67905E-24 1.10403E-24 1.08181E-24 2.20467E-26 2.30192E-26
 1.10000E+05 5.41303E-22 0.00000E+00 1.77826E-22 1.28125E-22 1.01180E-22 4.08570E-23 2.87577E-23 2.44655E-23 2.64632E-24 2.57010E-24 1.11697E-23 7.62264E-24 6.51266E-24 7.79799E-25 7.55032E-25 1.44191E-26 1.49471E-26
 1.21800E+05 4.11304E-22 0.00000E+00 1.40005E-22 9.60064E-23 7.34003E-23 3.21038E-23 2.17798E-23 1.79353E-23 1.81608E-24 1.74145E-24 8.77226E-24 5.78443E-24 4.78463E-24 5.37755E-25 5.14185E-25 9.17501E-27 9.43819E-27
 1.21800E+05 1.77039E-21 1.35908E-21 1.40005E-22 9.60063E-23 7.34003E-23 3.21038E-23 2.17798E-23 1.79353E-23 1.81608E-24 1.74145E-24 8.77226E-24 5.78443E-24 4.78463E-24 5.37755E-25 5.14184E-25 9.17500E-27 9.43818E-27
 1.21899E+05 1.68865E-21 1.27824E-21 1.39738E-22 9.57869E-23 7.32138E-23 3.20422E-23 2.17318E-23 1.78911E-23 1.81068E-24 1.73611E-24 8.75540E-24 5.77176E-24 4.77294E-24 5.36178E-25 5.12627E-25 9.14246E-27 9.40413E-27
 1.21998E+05 1.68611E-21 1.27660E-21 1.39472E-22 9.55679E-23 7.30279E-23 3.19807E-23 2.16839E-23 1.78471E-23 1.80531E-24 1.73079E-24 8.73857E-24 5.75912E-24 4.76127E-24 5.34605E-25 5.11074E-25 9.11002E-27 9.37022E-27
 1.22195E+05 1.67997E-21 1.27223E-21 1.38941E-22 9.51314E-23 7.26574E-23 3.18582E-23 2.15883E-23 1.77594E-23 1.79460E-24 1.72019E-24 8.70501E-24 5.73392E-24 4.73802E-24 5.31474E-25 5.07982E-25 9.04551E-27 9.30276E-27
 1.22592E+05 1.66708E-21 1.26288E-21 1.37885E-22 9.42645E-23 7.19221E-23 3.16143E-23 2.13985E-23 1.75852E-23 1.77339E-24 1.69920E-24 8.63828E-24 5.68385E-24 4.69186E-24 5.25267E-25 5.01857E-25 8.91791E-27 9.16935E-27
 1.23390E+05 1.63989E-21 1.24267E-21 1.35796E-22 9.25543E-23 7.04738E-23 3.11321E-23 2.10239E-23 1.72419E-23 1.73172E-24 1.65798E-24 8.50629E-24 5.58501E-24 4.60087E-24 5.13072E-25 4.89828E-25 8.66820E-27 8.90838E-27
 1.25000E+05 1.58741E-21 1.20380E-21 1.31708E-22 8.92243E-23 6.76625E-23 3.01888E-23 2.02936E-23 1.65748E-23 1.65127E-24 1.57850E-24 8.24810E-24 5.39231E-24 4.42402E-24 4.89514E-25 4.66620E-25 8.18937E-27 8.40834E-27
 1.40000E+05 1.19312E-21 9.10320E-22 1.00668E-22 6.47392E-23 4.73724E-23 2.30397E-23 1.48850E-23 1.17275E-23 1.08883E-24 1.02705E-24 6.29239E-24 3.96347E-24 3.13716E-24 3.24369E-25 3.05118E-25 4.97945E-27 5.07142E-27
 1.50000E+05 1.00164E-21 7.66679E-22 8.53897E-23 5.32647E-23 3.81436E-23 1.95301E-23 1.23229E-23 9.49958E-24 8.45935E-25 7.91682E-25 5.33293E-24 3.28523E-24 2.54443E-24 2.52711E-25 2.35868E-25 3.68809E-27 3.73859E-27
 1.75000E+05 6.76480E-22 5.20973E-22 5.89977E-23 3.44878E-23 2.35456E-23 1.34810E-23 8.08130E-24 5.93620E-24 4.83202E-25 4.44807E-25 3.68014E-24 2.15996E-24 1.59420E-24 1.45137E-25 1.33282E-25 1.89705E-27 1.90438E-27
 2.00000E+05 4.81214E-22 3.72214E-22 4.27741E-23 2.37167E-23 1.55480E-23 9.77035E-24 5.61276E-24 3.95685E-24 2.98955E-25 2.71776E-25 2.66684E-24 1.50322E-24 1.06483E-24 9.01890E-26 8.17940E-26 1.07656E-27 1.07276E-27
 2.20000E+05 3.77535E-22 2.92814E-22 3.39965E-23 1.81855E-23 1.15881E-23 7.76478E-24 4.33146E-24 2.96697E-24 2.12985E-25 1.92074E-25 2.11933E-24 1.16162E-24 7.99513E-25 6.44248E-26 5.79754E-26 7.23052E-28 7.17438E-28
 2.50000E+05 2.73085E-22 2.12495E-22 2.49969E-23 1.27722E-23 7.84164E-24 5.70956E-24 3.06605E-24 2.02244E-24 1.35903E-25 1.21460E-25 1.55834E-24 8.23632E-25 5.45884E-25 4.12387E-26 3.67823E-26 4.27286E-28 4.22165E-28
 2.73861E+05 2.16927E-22 1.69163E-22 2.00757E-23 9.93879E-24 5.94455E-24 4.58595E-24 2.39821E-24 1.54048E-24 9.88203E-26 8.78549E-26 1.25167E-24 6.44941E-25 4.16242E-25 3.00533E-26 2.66655E-26 2.94384E-28 2.90242E-28
 3.00000E+05 1.72965E-22 1.35150E-22 1.61665E-23 7.77023E-24 4.53435E-24 3.69342E-24 1.88354E-24 1.17993E-24 7.24768E-26 6.41880E-26 1.00808E-24 5.07029E-25 3.19118E-25 2.20866E-26 1.95239E-26 2.05611E-28 2.02552E-28
 3.50000E+05 1.18365E-22 9.27882E-23 1.12317E-23 5.14498E-24 2.88329E-24 2.56651E-24 1.25591E-24 7.54979E-25 4.31786E-26 3.80881E-26 7.00513E-25 3.38602E-25 2.04481E-25 1.31943E-26 1.16184E-26 1.12964E-28 1.11475E-28
 4.00000E+05 8.57631E-23 6.74146E-23 8.22873E-24 3.62524E-24 1.96564E-24 1.88050E-24 8.89579E-25 5.17016E-25 2.78707E-26 2.45759E-26 5.13271E-25 2.40103E-25 1.40175E-25 8.53678E-27 7.51405E-27 6.82440E-29 6.76622E-29
 4.50000E+05 6.49103E-23 5.11432E-23 6.27940E-24 2.67857E-24 1.41300E-24 1.43505E-24 6.59892E-25 3.72901E-25 1.91319E-26 1.68992E-26 3.91682E-25 1.78267E-25 1.01179E-25 5.86971E-27 5.17536E-27 4.43017E-29 4.42230E-29
 5.00000E+05 5.08367E-23 4.01372E-23 4.94840E-24 2.05438E-24 1.05881E-24 1.13081E-24 5.07673E-25 2.80131E-25 1.37784E-26 1.22121E-26 3.08633E-25 1.37243E-25 7.60539E-26 4.23259E-27 3.74453E-27 3.03880E-29 3.05922E-29
 5.50000E+05 4.09204E-23 3.23669E-23 4.00189E-24 1.62371E-24 8.20279E-25 9.14411E-25 4.02231E-25 2.17444E-25 1.03086E-26 9.17777E-27 2.49562E-25 1.08797E-25 5.90612E-26 3.17027E-27 2.81736E-27 2.18197E-29 2.21657E-29
 6.00000E+05 3.36832E-23 2.66854E-23 3.30597E-24 1.31535E-24 6.53030E-25 7.55287E-25 3.26490E-25 1.73374E-25 7.95959E-27 7.12177E-27 2.06124E-25 8.83475E-26 4.71075E-26 2.45078E-27 2.18826E-27 1.62900E-29 1.67027E-29
 6.48074E+05 2.84158E-23 2.25437E-23 2.79654E-24 1.09469E-24 5.35430E-25 6.38798E-25 2.72145E-25 1.42319E-25 6.35786E-27 5.71755E-27 1.74325E-25 7.36671E-26 3.86799E-26 1.95897E-27 1.75790E-27 1.26252E-29 1.30674E-29
 7.00000E+05 2.40566E-23 1.91104E-23 2.37273E-24 9.15146E-25 4.41356E-25 5.41888E-25 2.27814E-25 1.17427E-25 5.11437E-27 4.62508E-27 1.47870E-25 6.16868E-26 3.19213E-26 1.57625E-27 1.42268E-27 9.85598E-30 1.03072E-29
 8.00000E+05 1.81246E-23 1.44288E-23 1.79292E-24 6.75923E-25 3.18449E-25 4.09316E-25 1.68599E-25 8.48370E-26 3.54263E-27 3.23907E-27 1.11682E-25 4.56748E-26 2.30695E-26 1.09292E-27 9.97308E-28 6.50519E-30 6.94089E-30
 9.00000E+05 1.42097E-23 1.13312E-23 1.40808E-24 5.22099E-25 2.41230E-25 3.21340E-25 1.30418E-25 6.43191E-26 2.59580E-27 2.39821E-27 8.76692E-26 3.53408E-26 1.74934E-26 8.01800E-28 7.38904E-28 4.56909E-30 4.97341E-30
 1.00000E+06 1.14871E-23 9.17224E-24 1.13938E-24 4.17478E-25 1.89702E-25 2.59927E-25 1.04392E-25 5.06065E-26 1.98705E-27 1.85329E-27 7.09077E-26 2.82948E-26 1.37651E-26 6.13861E-28 5.71307E-28 3.38354E-30 3.74297E-30
 1.10000E+06 9.51411E-24 7.60479E-24 9.44106E-25 3.43093E-25 1.53648E-25 2.15311E-25 8.58547E-26 4.10007E-26 1.57388E-27 1.48062E-27 5.87313E-26 2.32740E-26 1.11532E-26 4.86436E-28 4.56422E-28 2.60503E-30 2.93273E-30
 1.25000E+06 7.43235E-24 5.94771E-24 7.37562E-25 2.66097E-25 1.16942E-25 1.68133E-25 6.66352E-26 3.12121E-26 1.16541E-27 1.10902E-27 4.58565E-26 1.80671E-26 8.49099E-27 3.60332E-28 3.42100E-28 1.85424E-30 2.13548E-30
 1.40000E+06 6.00395E-24 4.80852E-24 5.95558E-25 2.14251E-25 9.26504E-26 1.35708E-25 5.36766E-26 2.47302E-26 9.03377E-28 8.68172E-28 3.70093E-26 1.45554E-26 6.72760E-27 2.79606E-28 2.67892E-28 1.40110E-30 1.64100E-30
 1.50000E+06 5.28563E-24 4.23489E-24 5.24068E-25 1.88500E-25 8.07390E-26 1.19388E-25 4.72356E-26 2.15506E-26 7.77893E-28 7.51840E-28 3.25568E-26 1.28090E-26 5.86254E-27 2.40782E-28 2.32071E-28 1.18059E-30 1.40163E-30
 1.62019E+06 4.59321E-24 3.68145E-24 4.55112E-25 1.63879E-25 6.94628E-26 1.03647E-25 4.10677E-26 1.85393E-26 6.61209E-28 6.42881E-28 2.82619E-26 1.11365E-26 5.04315E-27 2.04676E-28 1.98453E-28 9.84203E-31 1.18331E-30
 1.75000E+06 4.00324E-24 3.20945E-24 3.96328E-25 1.43068E-25 6.00254E-26 9.02381E-26 3.58631E-26 1.60193E-26 5.65154E-28 5.52592E-28 2.46041E-26 9.72545E-27 4.35743E-27 1.74982E-28 1.70545E-28 8.30157E-31 1.00807E-30
 2.00000E+06 3.17080E-24 2.54283E-24 3.13363E-25 1.13920E-25 4.69853E-26 7.13148E-26 2.85604E-26 1.25358E-26 4.35016E-28 4.29121E-28 1.94422E-26 7.74532E-27 3.40973E-27 1.34658E-28 1.32468E-28 6.18005E-31 7.69200E-31
 2.20000E+06 2.69600E-24 2.16257E-24 2.66081E-25 9.73999E-26 3.98436E-26 6.03790E-26 2.41798E-26 1.06116E-26 3.68218E-28 3.63218E-28 1.64516E-26 6.55379E-27 2.88508E-27 1.13935E-28 1.12081E-28 5.22871E-31 6.50789E-31
 2.50000E+06 2.18098E-24 1.74989E-24 2.14824E-25 7.95211E-26 3.21108E-26 4.85658E-26 1.94479E-26 8.53361E-27 2.96086E-28 2.92056E-28 1.32236E-26 5.26775E-27 2.31885E-27 9.15699E-29 9.00790E-29 4.20207E-31 5.23008E-31
 2.73861E+06 1.88091E-24 1.50990E-24 1.84904E-25 6.86129E-26 2.76123E-26 4.17214E-26 1.67107E-26 7.32814E-27 2.54131E-28 2.50728E-28 1.13551E-26 4.52445E-27 1.99060E-27 7.85686E-29 7.73106E-29 3.60112E-31 4.48596E-31
 3.00000E+06 1.62797E-24 1.30796E-24 1.59634E-25 5.90831E-26 2.38369E-26 3.59636E-26 1.44005E-26 6.31754E-27 2.19172E-28 2.16180E-28 9.78371E-27 3.89731E-27 1.71549E-27 6.77402E-29 6.66366E-29 3.10830E-31 3.86872E-31
 3.24037E+06 1.44389E-24 1.16092E-24 1.41234E-25 5.22243E-26 2.10843E-26 3.17776E-26 1.27229E-26 5.58211E-27 1.93681E-28 1.91017E-28 8.64199E-27 3.44216E-27 1.51538E-27 5.98472E-29 5.88662E-29 2.74716E-31 3.41820E-31
 3.50000E+06 1.28356E-24 1.03277E-24 1.25201E-25 4.63342E-26 1.86813E-26 2.81343E-26 1.12649E-26 4.94123E-27 1.71410E-28 1.69065E-28 7.64888E-27 3.04683E-27 1.34108E-27 5.29538E-29 5.20908E-29 2.42968E-31 3.02407E-31
 4.00000E+06 1.05187E-24 8.47664E-25 1.02001E-25 3.77451E-26 1.52107E-26 2.28761E-26 9.15918E-27 4.01711E-27 1.39344E-28 1.37434E-28 6.21625E-27 2.47612E-27 1.08985E-27 4.30324E-29 4.23308E-29 1.97437E-31 2.45737E-31
 4.50000E+06 8.86943E-25 7.15900E-25 8.54729E-26 3.16271E-26 1.27403E-26 1.91398E-26 7.66300E-27 3.36060E-27 1.16565E-28 1.14966E-28 5.19894E-27 2.07087E-27 9.11455E-28 3.59878E-29 3.54009E-29 1.65110E-31 2.05501E-31
 5.00000E+06 7.64358E-25 6.17944E-25 7.31920E-26 2.70815E-26 1.09057E-26 1.63692E-26 6.55360E-27 2.87386E-27 9.96785E-29 9.83091E-29 4.44498E-27 1.77053E-27 7.79250E-28 3.07672E-29 3.02653E-29 1.41154E-31 1.75685E-31
 5.50000E+06 6.70094E-25 5.42586E-25 6.37602E-26 2.35907E-26 9.49749E-27 1.42451E-26 5.70306E-27 2.50074E-27 8.67339E-29 8.55413E-29 3.86717E-27 1.54036E-27 6.77937E-28 2.67667E-29 2.63300E-29 1.22797E-31 1.52838E-31
 6.00000E+06 5.95631E-25 4.83027E-25 5.63216E-26 2.08377E-26 8.38732E-27 1.25722E-26 5.03324E-27 2.20692E-27 7.65410E-29 7.54878E-29 3.41228E-27 1.35916E-27 5.98180E-28 2.36174E-29 2.32320E-29 1.08347E-31 1.34852E-31
 7.00000E+06 4.85941E-25 3.95203E-25 4.54030E-26 1.67971E-26 6.75860E-27 1.01210E-26 4.05178E-27 1.77643E-27 6.16081E-29 6.07593E-29 2.74602E-27 1.09376E-27 4.81366E-28 1.90049E-29 1.86947E-29 8.71844E-32 1.08512E-31
 8.00000E+06 4.09395E-25 3.33812E-25 3.78316E-26 1.39954E-26 5.62980E-27 8.42434E-27 3.37249E-27 1.47852E-27 5.12744E-29 5.05675E-29 2.28508E-27 9.10160E-28 4.00555E-28 1.58142E-29 1.55560E-29 7.25453E-32 9.02919E-32
 9.00000E+06 3.53167E-25 2.88632E-25 3.23092E-26 1.19521E-26 4.80683E-27 7.18868E-27 2.87777E-27 1.26157E-27 4.37496E-29 4.31460E-29 1.94950E-27 7.76492E-28 3.41725E-28 1.34913E-29 1.32711E-29 6.18884E-32 7.70281E-32
 1.00000E+07 3.10221E-25 2.54059E-25 2.81230E-26 1.04032E-26 4.18321E-27 6.25310E-27 2.50321E-27 1.09733E-27 3.80530E-29 3.75276E-29 1.69550E-27 6.75316E-28 2.97195E-28 1.17332E-29 1.15416E-29 5.38225E-32 6.69890E-32
 1.10000E+07 2.76406E-25 2.26784E-25 2.48518E-26 9.19288E-27 3.69603E-27 5.52271E-27 2.21080E-27 9.69111E-28 3.36062E-29 3.31420E-29 1.49725E-27 5.96351E-28 2.62442E-28 1.03610E-29 1.01918E-29 4.75276E-32 5.91541E-32
 1.25000E+07 2.37370E-25 1.95227E-25 2.11100E-26 7.80857E-27 3.13893E-27 4.68808E-27 1.87666E-27 8.22611E-28 2.85253E-29 2.81311E-29 1.27076E-27 5.06139E-28 2.22739E-28 8.79351E-30 8.64989E-30 4.03365E-32 5.02039E-32
 1.40000E+07 2.06418E-25 1.69867E-25 1.83116E-26 6.77329E-27 2.72241E-27 4.06447E-27 1.62701E-27 7.13158E-28 2.47294E-29 2.43875E-29 1.10158E-27 4.38751E-28 1.93082E-28 7.62262E-30 7.49812E-30 3.49651E-32 4.35185E-32
 1.50000E+07 1.89767E-25 1.56215E-25 1.68111E-26 6.21819E-27 2.49910E-27 3.73032E-27 1.49324E-27 6.54511E-28 2.26956E-29 2.23817E-29 1.01094E-27 4.02649E-28 1.77193E-28 6.99533E-30 6.88106E-30 3.20875E-32 3.99369E-32
 1.75000E+07 1.57652E-25 1.29860E-25 1.39269E-26 5.15122E-27 2.06998E-27 3.08848E-27 1.23630E-27 5.41871E-28 1.87893E-29 1.85294E-29 8.36870E-28 3.33317E-28 1.46681E-28 5.79071E-30 5.69611E-30 2.65616E-32 3.30592E-32
 2.00000E+07 1.34616E-25 1.10939E-25 1.18667E-26 4.38912E-27 1.76354E-27 2.63042E-27 1.05293E-27 4.61488E-28 1.60019E-29 1.57804E-29 7.12671E-28 2.83849E-28 1.24911E-28 4.93123E-30 4.85067E-30 2.26190E-32 2.81521E-32
 2.20000E+07 1.20433E-25 9.92812E-26 1.06020E-26 3.92130E-27 1.57545E-27 2.34941E-27 9.40439E-28 4.12177E-28 1.42919E-29 1.40940E-29 6.36488E-28 2.53505E-28 1.11558E-28 4.40404E-30 4.33209E-30 2.02007E-32 2.51423E-32
 2.50000E+07 1.03909E-25 8.56910E-26 9.13228E-27 3.37767E-27 1.35692E-27 2.02302E-27 8.09784E-28 3.54906E-28 1.23059E-29 1.21355E-29 5.48017E-28 2.18268E-28 9.60504E-29 3.79183E-30 3.72988E-30 1.73924E-32 2.16470E-32
 3.00000E+07 8.44560E-26 6.96805E-26 7.40759E-27 2.73972E-27 1.10052E-27 1.64026E-27 6.56564E-28 2.87747E-28 9.97712E-30 9.83890E-30 4.44282E-28 1.76951E-28 7.78680E-29 3.07401E-30 3.02378E-30 1.40998E-32 1.75489E-32
 3.50000E+07 7.10690E-26 5.86547E-26 6.22433E-27 2.30206E-27 9.24641E-28 1.37782E-27 5.51513E-28 2.41703E-28 8.38054E-30 8.26440E-30 3.73169E-28 1.48627E-28 6.54038E-29 2.58195E-30 2.53976E-30 1.18427E-32 1.47397E-32
 4.00000E+07 6.13102E-26 5.06131E-26 5.36373E-27 1.98375E-27 7.96742E-28 1.18704E-27 4.75146E-28 2.08232E-28 7.21994E-30 7.11987E-30 3.21479E-28 1.28040E-28 5.63440E-29 2.22429E-30 2.18794E-30 1.02022E-32 1.26979E-32
 4.50000E+07 5.38887E-26 4.44950E-26 4.71040E-27 1.74210E-27 6.99657E-28 1.04226E-27 4.17193E-28 1.82832E-28 6.33923E-30 6.25135E-30 2.82257E-28 1.12418E-28 4.94695E-29 1.95290E-30 1.92098E-30 8.95735E-33 1.11485E-32
 5.00000E+07 4.80586E-26 3.96874E-26 4.19789E-27 1.55255E-27 6.23505E-28 9.28725E-28 3.71745E-28 1.62913E-28 5.64858E-30 5.57026E-30 2.51500E-28 1.00168E-28 4.40788E-29 1.74009E-30 1.71165E-30 7.98122E-33 9.93361E-33
 5.50000E+07 4.33599E-26 3.58117E-26 3.78531E-27 1.39995E-27 5.62206E-28 8.37347E-28 3.35168E-28 1.46883E-28 5.09274E-30 5.02213E-30 2.26748E-28 9.03094E-29 3.97405E-29 1.56882E-30 1.54318E-30 7.19567E-33 8.95589E-33
 6.00000E+07 3.94937E-26 3.26219E-26 3.44615E-27 1.27451E-27 5.11818E-28 7.62245E-28 3.05106E-28 1.33708E-28 4.63592E-30 4.57164E-30 2.06406E-28 8.22074E-29 3.61752E-29 1.42807E-30 1.40473E-30 6.55008E-33 8.15238E-33
 7.00000E+07 3.35094E-26 2.76835E-26 2.92179E-27 1.08058E-27 4.33920E-28 6.46160E-28 2.58639E-28 1.13344E-28 3.92983E-30 3.87533E-30 1.74964E-28 6.96848E-29 3.06645E-29 1.21053E-30 1.19074E-30 5.55226E-33 6.91047E-33
 8.00000E+07 2.90949E-26 2.40395E-26 2.53544E-27 9.37687E-28 3.76529E-28 5.60651E-28 2.24412E-28 9.83435E-29 3.40974E-30 3.36244E-30 1.51806E-28 6.04613E-29 2.66057E-29 1.05030E-30 1.03313E-30 4.81733E-33 5.99576E-33
 9.00000E+07 2.57053E-26 2.12410E-26 2.23907E-27 8.28078E-28 3.32508E-28 4.95071E-28 1.98162E-28 8.68395E-29 3.01086E-30 2.96910E-30 1.34046E-28 5.33877E-29 2.34930E-29 9.27419E-31 9.12261E-31 4.25372E-33 5.29427E-33
 1.00000E+08 2.30215E-26 1.90248E-26 2.00459E-27 7.41356E-28 2.97680E-28 4.43192E-28 1.77396E-28 7.77391E-29 2.69533E-30 2.65794E-30 1.19997E-28 4.77923E-29 2.10307E-29 8.30216E-31 8.16646E-31 3.80788E-33 4.73937E-33
 1.10000E+08 2.08441E-26 1.72265E-26 1.81447E-27 6.71043E-28 2.69443E-28 4.01134E-28 1.60562E-28 7.03615E-29 2.43953E-30 2.40569E-30 1.08608E-28 4.32562E-29 1.90346E-29 7.51417E-31 7.39135E-31 3.44645E-33 4.28953E-33
 1.25000E+08 1.82533E-26 1.50865E-26 1.58839E-27 5.87430E-28 2.35865E-28 3.51128E-28 1.40545E-28 6.15896E-29 2.13540E-30 2.10577E-30 9.50666E-29 3.78630E-29 1.66614E-29 6.57729E-31 6.46978E-31 3.01674E-33 3.75469E-33
 1.40000E+08 1.62346E-26 1.34189E-26 1.41234E-27 5.22320E-28 2.09719E-28 3.12192E-28 1.24960E-28 5.47598E-29 1.89859E-30 1.87225E-30 8.45236E-29 3.36639E-29 1.48136E-29 5.84784E-31 5.75226E-31 2.68217E-33 3.33828E-33
 1.50000E+08 1.51196E-26 1.24977E-26 1.31513E-27 4.86371E-28 1.95284E-28 2.90696E-28 1.16356E-28 5.09893E-29 1.76786E-30 1.74333E-30 7.87031E-29 3.13458E-29 1.37935E-29 5.44514E-31 5.35614E-31 2.49746E-33 3.10840E-33
 1.75000E+08 1.29034E-26 1.06665E-26 1.12203E-27 4.14953E-28 1.66606E-28 2.47995E-28 9.92644E-29 4.34992E-29 1.50817E-30 1.48724E-30 6.71412E-29 2.67409E-29 1.17671E-29 4.64521E-31 4.56928E-31 2.13056E-33 2.65175E-33
 2.00000E+08 1.12535E-26 9.30312E-27 9.78331E-28 3.61811E-28 1.45267E-28 2.16225E-28 8.65476E-29 3.79264E-29 1.31495E-30 1.29670E-30 5.85391E-29 2.33148E-29 1.02595E-29 4.05006E-31 3.98386E-31 1.85759E-33 2.31200E-33
 2.20000E+08 1.02090E-26 8.43993E-27 8.87398E-28 3.28181E-28 1.31764E-28 1.96121E-28 7.85007E-29 3.44001E-29 1.19269E-30 1.17614E-30 5.30960E-29 2.11470E-29 9.30555E-30 3.67347E-31 3.61343E-31 1.68486E-33 2.09702E-33
 2.50000E+08 8.96124E-27 7.40867E-27 7.78802E-28 2.88019E-28 1.15638E-28 1.72114E-28 6.88915E-29 3.01891E-29 1.04669E-30 1.03216E-30 4.65962E-29 1.85582E-29 8.16639E-30 3.22377E-31 3.17108E-31 1.47860E-33 1.84030E-33
 3.00000E+08 7.44455E-27 6.15505E-27 6.46851E-28 2.39220E-28 9.60441E-29 1.42947E-28 5.72167E-29 2.50730E-29 8.69305E-31 8.57242E-31 3.86992E-29 1.54130E-29 6.78237E-30 2.67741E-31 2.63365E-31 1.22801E-33 1.52841E-33
 3.50000E+08 6.36684E-27 5.26419E-27 5.53124E-28 2.04557E-28 8.21268E-29 1.22230E-28 4.89246E-29 2.14392E-29 7.43319E-31 7.33004E-31 3.30905E-29 1.31792E-29 5.79939E-30 2.28937E-31 2.25195E-31 1.05003E-33 1.30689E-33
 4.00000E+08 5.56165E-27 4.59857E-27 4.83117E-28 1.78667E-28 7.17318E-29 1.06757E-28 4.27313E-29 1.87253E-29 6.49222E-31 6.40212E-31 2.89014E-29 1.15108E-29 5.06522E-30 1.99955E-31 1.96686E-31 9.17104E-34 1.14145E-33
 4.50000E+08 4.93723E-27 4.08235E-27 4.28837E-28 1.58593E-28 6.36722E-29 9.47611E-29 3.79295E-29 1.66211E-29 5.76268E-31 5.68270E-31 2.56537E-29 1.02173E-29 4.49602E-30 1.77485E-31 1.74584E-31 8.14044E-34 1.01318E-33
 5.00000E+08 4.43885E-27 3.67033E-27 3.85521E-28 1.42574E-28 5.72405E-29 8.51882E-29 3.40978E-29 1.49420E-29 5.18051E-31 5.10862E-31 2.30620E-29 9.18507E-30 4.04181E-30 1.59554E-31 1.56946E-31 7.31805E-34 9.10820E-34
 5.50000E+08 4.03185E-27 3.33384E-27 3.50152E-28 1.29494E-28 5.19889E-29 7.73717E-29 3.09692E-29 1.35710E-29 4.70517E-31 4.63987E-31 2.09459E-29 8.34227E-30 3.67094E-30 1.44914E-31 1.42545E-31 6.64656E-34 8.27245E-34
 6.00000E+08 3.69321E-27 3.05386E-27 3.20727E-28 1.18612E-28 4.76198E-29 7.08690E-29 2.83664E-29 1.24304E-29 4.30972E-31 4.24991E-31 1.91854E-29 7.64112E-30 3.36240E-30 1.32734E-31 1.30565E-31 6.08793E-34 7.57716E-34
 7.00000E+08 3.16204E-27 2.61469E-27 2.74578E-28 1.01544E-28 4.07676E-29 6.06707E-29 2.42843E-29 1.06416E-29 3.68952E-31 3.63832E-31 1.64245E-29 6.54150E-30 2.87853E-30 1.13633E-31 1.11775E-31 5.21182E-34 6.48674E-34
 8.00000E+08 2.76444E-27 2.28594E-27 2.40038E-28 8.87708E-29 3.56392E-29 5.30381E-29 2.12293E-29 9.30282E-30 3.22537E-31 3.18060E-31 1.43582E-29 5.71854E-30 2.51639E-30 9.93370E-32 9.77132E-32 4.55614E-34 5.67067E-34
 9.00000E+08 2.45565E-27 2.03062E-27 2.13216E-28 7.88517E-29 3.16568E-29 4.71113E-29 1.88570E-29 8.26326E-30 2.86494E-31 2.82518E-31 1.27537E-29 5.07950E-30 2.23519E-30 8.82361E-32 8.67938E-32 4.04699E-34 5.03697E-34
 1.00000E+09 2.20892E-27 1.82661E-27 1.91786E-28 7.09264E-29 2.84750E-29 4.23758E-29 1.69615E-29 7.43267E-30 2.57697E-31 2.54120E-31 1.14717E-29 4.56892E-30 2.01051E-30 7.93669E-32 7.80695E-32 3.64020E-34 4.53067E-34
