 *** Photoelectric cross sections,  IZ = 84,  NSHELL = 16,  NDATA =  450
              0           1           2           3           4           5           6           7           8           9          10          11          12          13          14          15          16
 5.00000E+01 4.96614E-17 0.00000E+00 0.00000E+00 0.00000E+00 0.00000E+00 0.00000E+00 0.00000E+00 0.00000E+00 0.00000E+00 0.00000E+00 0.00000E+00 0.00000E+00 0.00000E+00 0.00000E+00 0.00000E+00 0.00000E+00 0.00000E+00
 5.02987E+01 5.15048E-17 0.00000E+00 0.00000E+00 0.00000E+00 0.00000E+00 0.00000E+00 0.00000E+00 0.00000E+00 0.00000E+00 0.00000E+00 0.00000E+00 0.00000E+00 0.00000E+00 0.00000E+00 0.00000E+00 0.00000E+00 0.00000E+00
 5.05993E+01 5.32397E-17 0.00000E+00 0.00000E+00 0.00000E+00 0.00000E+00 0.00000E+00 0.00000E+00 0.00000E+00 0.00000E+00 0.00000E+00 0.00000E+00 0.00000E+00 0.00000E+00 0.00000E+00 0.00000E+00 0.00000E+00 0.00000E+00
 5.09016E+01 5.48501E-17 0.00000E+00 0.00000E+00 0.00000E+00 0.00000E+00 0.00000E+00 0.00000E+00 0.00000E+00 0.00000E+00 0.00000E+00 0.00000E+00 0.00000E+00 0.00000E+00 0.00000E+00 0.00000E+00 0.00000E+00 0.00000E+00
 5.12057E+01 5.63213E-17 0.00000E+00 0.00000E+00 0.00000E+00 0.00000E+00 0.00000E+00 0.00000E+00 0.00000E+00 0.00000E+00 0.00000E+00 0.00000E+00 0.00000E+00 0.00000E+00 0.00000E+00 0.00000E+00 0.00000E+00 0.00000E+00
 5.15116E+01 5.76407E-17 0.00000E+00 0.00000E+00 0.00000E+00 0.00000E+00 0.00000E+00 0.00000E+00 0.00000E+00 0.00000E+00 0.00000E+00 0.00000E+00 0.00000E+00 0.00000E+00 0.00000E+00 0.00000E+00 0.00000E+00 0.00000E+00
 5.18194E+01 5.87977E-17 0.00000E+00 0.00000E+00 0.00000E+00 0.00000E+00 0.00000E+00 0.00000E+00 0.00000E+00 0.00000E+00 0.00000E+00 0.00000E+00 0.00000E+00 0.00000E+00 0.00000E+00 0.00000E+00 0.00000E+00 0.00000E+00
 5.21290E+01 5.97839E-17 0.00000E+00 0.00000E+00 0.00000E+00 0.00000E+00 0.00000E+00 0.00000E+00 0.00000E+00 0.00000E+00 0.00000E+00 0.00000E+00 0.00000E+00 0.00000E+00 0.00000E+00 0.00000E+00 0.00000E+00 0.00000E+00
 5.24404E+01 6.05935E-17 0.00000E+00 0.00000E+00 0.00000E+00 0.00000E+00 0.00000E+00 0.00000E+00 0.00000E+00 0.00000E+00 0.00000E+00 0.00000E+00 0.00000E+00 0.00000E+00 0.00000E+00 0.00000E+00 0.00000E+00 0.00000E+00
 5.27538E+01 6.12231E-17 0.00000E+00 0.00000E+00 0.00000E+00 0.00000E+00 0.00000E+00 0.00000E+00 0.00000E+00 0.00000E+00 0.00000E+00 0.00000E+00 0.00000E+00 0.00000E+00 0.00000E+00 0.00000E+00 0.00000E+00 0.00000E+00
 5.30689E+01 6.16722E-17 0.00000E+00 0.00000E+00 0.00000E+00 0.00000E+00 0.00000E+00 0.00000E+00 0.00000E+00 0.00000E+00 0.00000E+00 0.00000E+00 0.00000E+00 0.00000E+00 0.00000E+00 0.00000E+00 0.00000E+00 0.00000E+00
 5.33860E+01 6.19428E-17 0.00000E+00 0.00000E+00 0.00000E+00 0.00000E+00 0.00000E+00 0.00000E+00 0.00000E+00 0.00000E+00 0.00000E+00 0.00000E+00 0.00000E+00 0.00000E+00 0.00000E+00 0.00000E+00 0.00000E+00 0.00000E+00
 5.37050E+01 6.20398E-17 0.00000E+00 0.00000E+00 0.00000E+00 0.00000E+00 0.00000E+00 0.00000E+00 0.00000E+00 0.00000E+00 0.00000E+00 0.00000E+00 0.00000E+00 0.00000E+00 0.00000E+00 0.00000E+00 0.00000E+00 0.00000E+00
 5.40258E+01 6.19704E-17 0.00000E+00 0.00000E+00 0.00000E+00 0.00000E+00 0.00000E+00 0.00000E+00 0.00000E+00 0.00000E+00 0.00000E+00 0.00000E+00 0.00000E+00 0.00000E+00 0.00000E+00 0.00000E+00 0.00000E+00 0.00000E+00
 5.43486E+01 6.17441E-17 0.00000E+00 0.00000E+00 0.00000E+00 0.00000E+00 0.00000E+00 0.00000E+00 0.00000E+00 0.00000E+00 0.00000E+00 0.00000E+00 0.00000E+00 0.00000E+00 0.00000E+00 0.00000E+00 0.00000E+00 0.00000E+00
 5.46733E+01 6.13723E-17 0.00000E+00 0.00000E+00 0.00000E+00 0.00000E+00 0.00000E+00 0.00000E+00 0.00000E+00 0.00000E+00 0.00000E+00 0.00000E+00 0.00000E+00 0.00000E+00 0.00000E+00 0.00000E+00 0.00000E+00 0.00000E+00
 5.50000E+01 6.08678E-17 0.00000E+00 0.00000E+00 0.00000E+00 0.00000E+00 0.00000E+00 0.00000E+00 0.00000E+00 0.00000E+00 0.00000E+00 0.00000E+00 0.00000E+00 0.00000E+00 0.00000E+00 0.00000E+00 0.00000E+00 0.00000E+00
 5.56015E+01 5.96495E-17 0.00000E+00 0.00000E+00 0.00000E+00 0.00000E+00 0.00000E+00 0.00000E+00 0.00000E+00 0.00000E+00 0.00000E+00 0.00000E+00 0.00000E+00 0.00000E+00 0.00000E+00 0.00000E+00 0.00000E+00 0.00000E+00
 5.62095E+01 5.81208E-17 0.00000E+00 0.00000E+00 0.00000E+00 0.00000E+00 0.00000E+00 0.00000E+00 0.00000E+00 0.00000E+00 0.00000E+00 0.00000E+00 0.00000E+00 0.00000E+00 0.00000E+00 0.00000E+00 0.00000E+00 0.00000E+00
 5.68242E+01 5.63655E-17 0.00000E+00 0.00000E+00 0.00000E+00 0.00000E+00 0.00000E+00 0.00000E+00 0.00000E+00 0.00000E+00 0.00000E+00 0.00000E+00 0.00000E+00 0.00000E+00 0.00000E+00 0.00000E+00 0.00000E+00 0.00000E+00
 5.74456E+01 5.44585E-17 0.00000E+00 0.00000E+00 0.00000E+00 0.00000E+00 0.00000E+00 0.00000E+00 0.00000E+00 0.00000E+00 0.00000E+00 0.00000E+00 0.00000E+00 0.00000E+00 0.00000E+00 0.00000E+00 0.00000E+00 0.00000E+00
 5.80738E+01 5.24636E-17 0.00000E+00 0.00000E+00 0.00000E+00 0.00000E+00 0.00000E+00 0.00000E+00 0.00000E+00 0.00000E+00 0.00000E+00 0.00000E+00 0.00000E+00 0.00000E+00 0.00000E+00 0.00000E+00 0.00000E+00 0.00000E+00
 5.87089E+01 5.04313E-17 0.00000E+00 0.00000E+00 0.00000E+00 0.00000E+00 0.00000E+00 0.00000E+00 0.00000E+00 0.00000E+00 0.00000E+00 0.00000E+00 0.00000E+00 0.00000E+00 0.00000E+00 0.00000E+00 0.00000E+00 0.00000E+00
 6.00000E+01 4.63995E-17 0.00000E+00 0.00000E+00 0.00000E+00 0.00000E+00 0.00000E+00 0.00000E+00 0.00000E+00 0.00000E+00 0.00000E+00 0.00000E+00 0.00000E+00 0.00000E+00 0.00000E+00 0.00000E+00 0.00000E+00 0.00000E+00
 7.00000E+01 2.49437E-17 0.00000E+00 0.00000E+00 0.00000E+00 0.00000E+00 0.00000E+00 0.00000E+00 0.00000E+00 0.00000E+00 0.00000E+00 0.00000E+00 0.00000E+00 0.00000E+00 0.00000E+00 0.00000E+00 0.00000E+00 0.00000E+00
 7.23762E+01 2.17588E-17 0.00000E+00 0.00000E+00 0.00000E+00 0.00000E+00 0.00000E+00 0.00000E+00 0.00000E+00 0.00000E+00 0.00000E+00 0.00000E+00 0.00000E+00 0.00000E+00 0.00000E+00 0.00000E+00 0.00000E+00 0.00000E+00
 7.48331E+01 1.89414E-17 0.00000E+00 0.00000E+00 0.00000E+00 0.00000E+00 0.00000E+00 0.00000E+00 0.00000E+00 0.00000E+00 0.00000E+00 0.00000E+00 0.00000E+00 0.00000E+00 0.00000E+00 0.00000E+00 0.00000E+00 0.00000E+00
 7.73735E+01 1.64430E-17 0.00000E+00 0.00000E+00 0.00000E+00 0.00000E+00 0.00000E+00 0.00000E+00 0.00000E+00 0.00000E+00 0.00000E+00 0.00000E+00 0.00000E+00 0.00000E+00 0.00000E+00 0.00000E+00 0.00000E+00 0.00000E+00
 8.00000E+01 1.42353E-17 0.00000E+00 0.00000E+00 0.00000E+00 0.00000E+00 0.00000E+00 0.00000E+00 0.00000E+00 0.00000E+00 0.00000E+00 0.00000E+00 0.00000E+00 0.00000E+00 0.00000E+00 0.00000E+00 0.00000E+00 0.00000E+00
 8.48528E+01 1.09747E-17 0.00000E+00 0.00000E+00 0.00000E+00 0.00000E+00 0.00000E+00 0.00000E+00 0.00000E+00 0.00000E+00 0.00000E+00 0.00000E+00 0.00000E+00 0.00000E+00 0.00000E+00 0.00000E+00 0.00000E+00 0.00000E+00
 9.00000E+01 8.41732E-18 0.00000E+00 0.00000E+00 0.00000E+00 0.00000E+00 0.00000E+00 0.00000E+00 0.00000E+00 0.00000E+00 0.00000E+00 0.00000E+00 0.00000E+00 0.00000E+00 0.00000E+00 0.00000E+00 0.00000E+00 0.00000E+00
 1.00000E+02 5.21148E-18 0.00000E+00 0.00000E+00 0.00000E+00 0.00000E+00 0.00000E+00 0.00000E+00 0.00000E+00 0.00000E+00 0.00000E+00 0.00000E+00 0.00000E+00 0.00000E+00 0.00000E+00 0.00000E+00 0.00000E+00 0.00000E+00
 1.10000E+02 3.37410E-18 0.00000E+00 0.00000E+00 0.00000E+00 0.00000E+00 0.00000E+00 0.00000E+00 0.00000E+00 0.00000E+00 0.00000E+00 0.00000E+00 0.00000E+00 0.00000E+00 0.00000E+00 0.00000E+00 0.00000E+00 0.00000E+00
 1.12000E+02 3.10659E-18 0.00000E+00 0.00000E+00 0.00000E+00 0.00000E+00 0.00000E+00 0.00000E+00 0.00000E+00 0.00000E+00 0.00000E+00 0.00000E+00 0.00000E+00 0.00000E+00 0.00000E+00 0.00000E+00 0.00000E+00 0.00000E+00
 1.12000E+02 3.92816E-18 0.00000E+00 0.00000E+00 0.00000E+00 0.00000E+00 0.00000E+00 0.00000E+00 0.00000E+00 0.00000E+00 0.00000E+00 0.00000E+00 0.00000E+00 0.00000E+00 0.00000E+00 0.00000E+00 0.00000E+00 0.00000E+00
 1.12096E+02 3.91894E-18 0.00000E+00 0.00000E+00 0.00000E+00 0.00000E+00 0.00000E+00 0.00000E+00 0.00000E+00 0.00000E+00 0.00000E+00 0.00000E+00 0.00000E+00 0.00000E+00 0.00000E+00 0.00000E+00 0.00000E+00 0.00000E+00
 1.12192E+02 3.90973E-18 0.00000E+00 0.00000E+00 0.00000E+00 0.00000E+00 0.00000E+00 0.00000E+00 0.00000E+00 0.00000E+00 0.00000E+00 0.00000E+00 0.00000E+00 0.00000E+00 0.00000E+00 0.00000E+00 0.00000E+00 0.00000E+00
 1.12385E+02 3.89118E-18 0.00000E+00 0.00000E+00 0.00000E+00 0.00000E+00 0.00000E+00 0.00000E+00 0.00000E+00 0.00000E+00 0.00000E+00 0.00000E+00 0.00000E+00 0.00000E+00 0.00000E+00 0.00000E+00 0.00000E+00 0.00000E+00
 1.12771E+02 3.85305E-18 0.00000E+00 0.00000E+00 0.00000E+00 0.00000E+00 0.00000E+00 0.00000E+00 0.00000E+00 0.00000E+00 0.00000E+00 0.00000E+00 0.00000E+00 0.00000E+00 0.00000E+00 0.00000E+00 0.00000E+00 0.00000E+00
 1.13548E+02 3.77334E-18 0.00000E+00 0.00000E+00 0.00000E+00 0.00000E+00 0.00000E+00 0.00000E+00 0.00000E+00 0.00000E+00 0.00000E+00 0.00000E+00 0.00000E+00 0.00000E+00 0.00000E+00 0.00000E+00 0.00000E+00 0.00000E+00
 1.15117E+02 3.60302E-18 0.00000E+00 0.00000E+00 0.00000E+00 0.00000E+00 0.00000E+00 0.00000E+00 0.00000E+00 0.00000E+00 0.00000E+00 0.00000E+00 0.00000E+00 0.00000E+00 0.00000E+00 0.00000E+00 0.00000E+00 0.00000E+00
 1.16709E+02 3.42492E-18 0.00000E+00 0.00000E+00 0.00000E+00 0.00000E+00 0.00000E+00 0.00000E+00 0.00000E+00 0.00000E+00 0.00000E+00 0.00000E+00 0.00000E+00 0.00000E+00 0.00000E+00 0.00000E+00 0.00000E+00 0.00000E+00
 1.18322E+02 3.24601E-18 0.00000E+00 0.00000E+00 0.00000E+00 0.00000E+00 0.00000E+00 0.00000E+00 0.00000E+00 0.00000E+00 0.00000E+00 0.00000E+00 0.00000E+00 0.00000E+00 0.00000E+00 0.00000E+00 0.00000E+00 0.00000E+00
 1.21615E+02 2.90257E-18 0.00000E+00 0.00000E+00 0.00000E+00 0.00000E+00 0.00000E+00 0.00000E+00 0.00000E+00 0.00000E+00 0.00000E+00 0.00000E+00 0.00000E+00 0.00000E+00 0.00000E+00 0.00000E+00 0.00000E+00 0.00000E+00
 1.25000E+02 2.58866E-18 0.00000E+00 0.00000E+00 0.00000E+00 0.00000E+00 0.00000E+00 0.00000E+00 0.00000E+00 0.00000E+00 0.00000E+00 0.00000E+00 0.00000E+00 0.00000E+00 0.00000E+00 0.00000E+00 0.00000E+00 0.00000E+00
 1.31814E+02 2.06794E-18 0.00000E+00 0.00000E+00 0.00000E+00 0.00000E+00 0.00000E+00 0.00000E+00 0.00000E+00 0.00000E+00 0.00000E+00 0.00000E+00 0.00000E+00 0.00000E+00 0.00000E+00 0.00000E+00 0.00000E+00 0.00000E+00
 1.39000E+02 1.65547E-18 0.00000E+00 0.00000E+00 0.00000E+00 0.00000E+00 0.00000E+00 0.00000E+00 0.00000E+00 0.00000E+00 0.00000E+00 0.00000E+00 0.00000E+00 0.00000E+00 0.00000E+00 0.00000E+00 0.00000E+00 0.00000E+00
 1.39000E+02 2.04438E-18 0.00000E+00 0.00000E+00 0.00000E+00 0.00000E+00 0.00000E+00 0.00000E+00 0.00000E+00 0.00000E+00 0.00000E+00 0.00000E+00 0.00000E+00 0.00000E+00 0.00000E+00 0.00000E+00 0.00000E+00 0.00000E+00
 1.39125E+02 2.04380E-18 0.00000E+00 0.00000E+00 0.00000E+00 0.00000E+00 0.00000E+00 0.00000E+00 0.00000E+00 0.00000E+00 0.00000E+00 0.00000E+00 0.00000E+00 0.00000E+00 0.00000E+00 0.00000E+00 0.00000E+00 0.00000E+00
 1.39249E+02 2.04315E-18 0.00000E+00 0.00000E+00 0.00000E+00 0.00000E+00 0.00000E+00 0.00000E+00 0.00000E+00 0.00000E+00 0.00000E+00 0.00000E+00 0.00000E+00 0.00000E+00 0.00000E+00 0.00000E+00 0.00000E+00 0.00000E+00
 1.39499E+02 2.04126E-18 0.00000E+00 0.00000E+00 0.00000E+00 0.00000E+00 0.00000E+00 0.00000E+00 0.00000E+00 0.00000E+00 0.00000E+00 0.00000E+00 0.00000E+00 0.00000E+00 0.00000E+00 0.00000E+00 0.00000E+00 0.00000E+00
 1.40000E+02 2.03506E-18 0.00000E+00 0.00000E+00 0.00000E+00 0.00000E+00 0.00000E+00 0.00000E+00 0.00000E+00 0.00000E+00 0.00000E+00 0.00000E+00 0.00000E+00 0.00000E+00 0.00000E+00 0.00000E+00 0.00000E+00 0.00000E+00
 1.40605E+02 2.02349E-18 0.00000E+00 0.00000E+00 0.00000E+00 0.00000E+00 0.00000E+00 0.00000E+00 0.00000E+00 0.00000E+00 0.00000E+00 0.00000E+00 0.00000E+00 0.00000E+00 0.00000E+00 0.00000E+00 0.00000E+00 0.00000E+00
 1.41213E+02 2.00783E-18 0.00000E+00 0.00000E+00 0.00000E+00 0.00000E+00 0.00000E+00 0.00000E+00 0.00000E+00 0.00000E+00 0.00000E+00 0.00000E+00 0.00000E+00 0.00000E+00 0.00000E+00 0.00000E+00 0.00000E+00 0.00000E+00
 1.42436E+02 1.96651E-18 0.00000E+00 0.00000E+00 0.00000E+00 0.00000E+00 0.00000E+00 0.00000E+00 0.00000E+00 0.00000E+00 0.00000E+00 0.00000E+00 0.00000E+00 0.00000E+00 0.00000E+00 0.00000E+00 0.00000E+00 0.00000E+00
 1.43669E+02 1.91584E-18 0.00000E+00 0.00000E+00 0.00000E+00 0.00000E+00 0.00000E+00 0.00000E+00 0.00000E+00 0.00000E+00 0.00000E+00 0.00000E+00 0.00000E+00 0.00000E+00 0.00000E+00 0.00000E+00 0.00000E+00 0.00000E+00
 1.44914E+02 1.85992E-18 0.00000E+00 0.00000E+00 0.00000E+00 0.00000E+00 0.00000E+00 0.00000E+00 0.00000E+00 0.00000E+00 0.00000E+00 0.00000E+00 0.00000E+00 0.00000E+00 0.00000E+00 0.00000E+00 0.00000E+00 0.00000E+00
 1.47435E+02 1.74313E-18 0.00000E+00 0.00000E+00 0.00000E+00 0.00000E+00 0.00000E+00 0.00000E+00 0.00000E+00 0.00000E+00 0.00000E+00 0.00000E+00 0.00000E+00 0.00000E+00 0.00000E+00 0.00000E+00 0.00000E+00 0.00000E+00
 1.50000E+02 1.62913E-18 0.00000E+00 0.00000E+00 0.00000E+00 0.00000E+00 0.00000E+00 0.00000E+00 0.00000E+00 0.00000E+00 0.00000E+00 0.00000E+00 0.00000E+00 0.00000E+00 0.00000E+00 0.00000E+00 0.00000E+00 0.00000E+00
 1.55893E+02 1.40166E-18 0.00000E+00 0.00000E+00 0.00000E+00 0.00000E+00 0.00000E+00 0.00000E+00 0.00000E+00 0.00000E+00 0.00000E+00 0.00000E+00 0.00000E+00 0.00000E+00 0.00000E+00 0.00000E+00 0.00000E+00 0.00000E+00
 1.58926E+02 1.30323E-18 0.00000E+00 0.00000E+00 0.00000E+00 0.00000E+00 0.00000E+00 0.00000E+00 0.00000E+00 0.00000E+00 0.00000E+00 0.00000E+00 0.00000E+00 0.00000E+00 0.00000E+00 0.00000E+00 0.00000E+00 0.00000E+00
 1.62019E+02 1.21416E-18 0.00000E+00 0.00000E+00 0.00000E+00 0.00000E+00 0.00000E+00 0.00000E+00 0.00000E+00 0.00000E+00 0.00000E+00 0.00000E+00 0.00000E+00 0.00000E+00 0.00000E+00 0.00000E+00 0.00000E+00 0.00000E+00
 1.65171E+02 1.13348E-18 0.00000E+00 0.00000E+00 0.00000E+00 0.00000E+00 0.00000E+00 0.00000E+00 0.00000E+00 0.00000E+00 0.00000E+00 0.00000E+00 0.00000E+00 0.00000E+00 0.00000E+00 0.00000E+00 0.00000E+00 0.00000E+00
 1.68384E+02 1.06040E-18 0.00000E+00 0.00000E+00 0.00000E+00 0.00000E+00 0.00000E+00 0.00000E+00 0.00000E+00 0.00000E+00 0.00000E+00 0.00000E+00 0.00000E+00 0.00000E+00 0.00000E+00 0.00000E+00 0.00000E+00 0.00000E+00
 1.71660E+02 9.94185E-19 0.00000E+00 0.00000E+00 0.00000E+00 0.00000E+00 0.00000E+00 0.00000E+00 0.00000E+00 0.00000E+00 0.00000E+00 0.00000E+00 0.00000E+00 0.00000E+00 0.00000E+00 0.00000E+00 0.00000E+00 0.00000E+00
 1.75000E+02 9.34106E-19 0.00000E+00 0.00000E+00 0.00000E+00 0.00000E+00 0.00000E+00 0.00000E+00 0.00000E+00 0.00000E+00 0.00000E+00 0.00000E+00 0.00000E+00 0.00000E+00 0.00000E+00 0.00000E+00 0.00000E+00 0.00000E+00
 1.81000E+02 8.41842E-19 0.00000E+00 0.00000E+00 0.00000E+00 0.00000E+00 0.00000E+00 0.00000E+00 0.00000E+00 0.00000E+00 0.00000E+00 0.00000E+00 0.00000E+00 0.00000E+00 0.00000E+00 0.00000E+00 0.00000E+00 0.00000E+00
 1.81000E+02 8.93322E-19 0.00000E+00 0.00000E+00 0.00000E+00 0.00000E+00 0.00000E+00 0.00000E+00 0.00000E+00 0.00000E+00 0.00000E+00 0.00000E+00 0.00000E+00 0.00000E+00 0.00000E+00 0.00000E+00 0.00000E+00 0.00000E+00
 1.81092E+02 8.92148E-19 0.00000E+00 0.00000E+00 0.00000E+00 0.00000E+00 0.00000E+00 0.00000E+00 0.00000E+00 0.00000E+00 0.00000E+00 0.00000E+00 0.00000E+00 0.00000E+00 0.00000E+00 0.00000E+00 0.00000E+00 0.00000E+00
 1.81185E+02 8.90977E-19 0.00000E+00 0.00000E+00 0.00000E+00 0.00000E+00 0.00000E+00 0.00000E+00 0.00000E+00 0.00000E+00 0.00000E+00 0.00000E+00 0.00000E+00 0.00000E+00 0.00000E+00 0.00000E+00 0.00000E+00 0.00000E+00
 1.81369E+02 8.88644E-19 0.00000E+00 0.00000E+00 0.00000E+00 0.00000E+00 0.00000E+00 0.00000E+00 0.00000E+00 0.00000E+00 0.00000E+00 0.00000E+00 0.00000E+00 0.00000E+00 0.00000E+00 0.00000E+00 0.00000E+00 0.00000E+00
 1.81739E+02 8.84007E-19 0.00000E+00 0.00000E+00 0.00000E+00 0.00000E+00 0.00000E+00 0.00000E+00 0.00000E+00 0.00000E+00 0.00000E+00 0.00000E+00 0.00000E+00 0.00000E+00 0.00000E+00 0.00000E+00 0.00000E+00 0.00000E+00
 1.82482E+02 8.74815E-19 0.00000E+00 0.00000E+00 0.00000E+00 0.00000E+00 0.00000E+00 0.00000E+00 0.00000E+00 0.00000E+00 0.00000E+00 0.00000E+00 0.00000E+00 0.00000E+00 0.00000E+00 0.00000E+00 0.00000E+00 0.00000E+00
 1.83976E+02 8.56756E-19 0.00000E+00 0.00000E+00 0.00000E+00 0.00000E+00 0.00000E+00 0.00000E+00 0.00000E+00 0.00000E+00 0.00000E+00 0.00000E+00 0.00000E+00 0.00000E+00 0.00000E+00 0.00000E+00 0.00000E+00 0.00000E+00
 1.87000E+02 8.22319E-19 0.00000E+00 0.00000E+00 0.00000E+00 0.00000E+00 0.00000E+00 0.00000E+00 0.00000E+00 0.00000E+00 0.00000E+00 0.00000E+00 0.00000E+00 0.00000E+00 0.00000E+00 0.00000E+00 0.00000E+00 0.00000E+00
 1.87000E+02 9.39236E-19 0.00000E+00 0.00000E+00 0.00000E+00 0.00000E+00 0.00000E+00 0.00000E+00 0.00000E+00 0.00000E+00 0.00000E+00 0.00000E+00 0.00000E+00 0.00000E+00 0.00000E+00 0.00000E+00 0.00000E+00 1.16918E-19
 1.87185E+02 9.42434E-19 0.00000E+00 0.00000E+00 0.00000E+00 0.00000E+00 0.00000E+00 0.00000E+00 0.00000E+00 0.00000E+00 0.00000E+00 0.00000E+00 0.00000E+00 0.00000E+00 0.00000E+00 0.00000E+00 0.00000E+00 1.22125E-19
 1.87369E+02 9.45525E-19 0.00000E+00 0.00000E+00 0.00000E+00 0.00000E+00 0.00000E+00 0.00000E+00 0.00000E+00 0.00000E+00 0.00000E+00 0.00000E+00 0.00000E+00 0.00000E+00 0.00000E+00 0.00000E+00 0.00000E+00 1.27217E-19
 1.87740E+02 9.51111E-19 0.00000E+00 0.00000E+00 0.00000E+00 0.00000E+00 0.00000E+00 0.00000E+00 0.00000E+00 0.00000E+00 0.00000E+00 0.00000E+00 0.00000E+00 0.00000E+00 0.00000E+00 0.00000E+00 0.00000E+00 1.36779E-19
 1.88482E+02 9.59862E-19 0.00000E+00 0.00000E+00 0.00000E+00 0.00000E+00 0.00000E+00 0.00000E+00 0.00000E+00 0.00000E+00 0.00000E+00 0.00000E+00 0.00000E+00 0.00000E+00 0.00000E+00 0.00000E+00 0.00000E+00 1.53381E-19
 1.89228E+02 9.65449E-19 0.00000E+00 0.00000E+00 0.00000E+00 0.00000E+00 0.00000E+00 0.00000E+00 0.00000E+00 0.00000E+00 0.00000E+00 0.00000E+00 0.00000E+00 0.00000E+00 0.00000E+00 0.00000E+00 0.00000E+00 1.66680E-19
 1.89976E+02 9.68133E-19 0.00000E+00 0.00000E+00 0.00000E+00 0.00000E+00 0.00000E+00 0.00000E+00 0.00000E+00 0.00000E+00 0.00000E+00 0.00000E+00 0.00000E+00 0.00000E+00 0.00000E+00 0.00000E+00 0.00000E+00 1.76944E-19
 1.90728E+02 9.68301E-19 0.00000E+00 0.00000E+00 0.00000E+00 0.00000E+00 0.00000E+00 0.00000E+00 0.00000E+00 0.00000E+00 0.00000E+00 0.00000E+00 0.00000E+00 0.00000E+00 0.00000E+00 0.00000E+00 0.00000E+00 1.84559E-19
 1.91482E+02 9.66377E-19 0.00000E+00 0.00000E+00 0.00000E+00 0.00000E+00 0.00000E+00 0.00000E+00 0.00000E+00 0.00000E+00 0.00000E+00 0.00000E+00 0.00000E+00 0.00000E+00 0.00000E+00 0.00000E+00 0.00000E+00 1.89952E-19
 1.93000E+02 9.57857E-19 0.00000E+00 0.00000E+00 0.00000E+00 0.00000E+00 0.00000E+00 0.00000E+00 0.00000E+00 0.00000E+00 0.00000E+00 0.00000E+00 0.00000E+00 0.00000E+00 0.00000E+00 0.00000E+00 0.00000E+00 1.95685E-19
 1.93000E+02 1.04904E-18 0.00000E+00 0.00000E+00 0.00000E+00 0.00000E+00 0.00000E+00 0.00000E+00 0.00000E+00 0.00000E+00 0.00000E+00 0.00000E+00 0.00000E+00 0.00000E+00 0.00000E+00 0.00000E+00 9.11880E-20 1.95685E-19
 1.93107E+02 1.05061E-18 0.00000E+00 0.00000E+00 0.00000E+00 0.00000E+00 0.00000E+00 0.00000E+00 0.00000E+00 0.00000E+00 0.00000E+00 0.00000E+00 0.00000E+00 0.00000E+00 0.00000E+00 0.00000E+00 9.35302E-20 1.95892E-19
 1.93215E+02 1.05213E-18 0.00000E+00 0.00000E+00 0.00000E+00 0.00000E+00 0.00000E+00 0.00000E+00 0.00000E+00 0.00000E+00 0.00000E+00 0.00000E+00 0.00000E+00 0.00000E+00 0.00000E+00 0.00000E+00 9.58515E-20 1.96077E-19
 1.93430E+02 1.05497E-18 0.00000E+00 0.00000E+00 0.00000E+00 0.00000E+00 0.00000E+00 0.00000E+00 0.00000E+00 0.00000E+00 0.00000E+00 0.00000E+00 0.00000E+00 0.00000E+00 0.00000E+00 0.00000E+00 1.00343E-19 1.96388E-19
 1.93861E+02 1.05972E-18 0.00000E+00 0.00000E+00 0.00000E+00 0.00000E+00 0.00000E+00 0.00000E+00 0.00000E+00 0.00000E+00 0.00000E+00 0.00000E+00 0.00000E+00 0.00000E+00 0.00000E+00 0.00000E+00 1.08580E-19 1.96788E-19
 1.94727E+02 1.06562E-18 0.00000E+00 0.00000E+00 0.00000E+00 0.00000E+00 0.00000E+00 0.00000E+00 0.00000E+00 0.00000E+00 0.00000E+00 0.00000E+00 0.00000E+00 0.00000E+00 0.00000E+00 0.00000E+00 1.22087E-19 1.96855E-19
 1.95596E+02 1.06724E-18 0.00000E+00 0.00000E+00 0.00000E+00 0.00000E+00 0.00000E+00 0.00000E+00 0.00000E+00 0.00000E+00 0.00000E+00 0.00000E+00 0.00000E+00 0.00000E+00 0.00000E+00 0.00000E+00 1.31899E-19 1.96180E-19
 1.96469E+02 1.06537E-18 0.00000E+00 0.00000E+00 0.00000E+00 0.00000E+00 0.00000E+00 0.00000E+00 0.00000E+00 0.00000E+00 0.00000E+00 0.00000E+00 0.00000E+00 0.00000E+00 0.00000E+00 0.00000E+00 1.38570E-19 1.95006E-19
 1.98227E+02 1.05434E-18 0.00000E+00 0.00000E+00 0.00000E+00 0.00000E+00 0.00000E+00 0.00000E+00 0.00000E+00 0.00000E+00 0.00000E+00 0.00000E+00 0.00000E+00 0.00000E+00 0.00000E+00 0.00000E+00 1.45031E-19 1.91823E-19
 2.00000E+02 1.03790E-18 0.00000E+00 0.00000E+00 0.00000E+00 0.00000E+00 0.00000E+00 0.00000E+00 0.00000E+00 0.00000E+00 0.00000E+00 0.00000E+00 0.00000E+00 0.00000E+00 0.00000E+00 0.00000E+00 1.45877E-19 1.88300E-19
 2.04823E+02 9.89451E-19 0.00000E+00 0.00000E+00 0.00000E+00 0.00000E+00 0.00000E+00 0.00000E+00 0.00000E+00 0.00000E+00 0.00000E+00 0.00000E+00 0.00000E+00 0.00000E+00 0.00000E+00 0.00000E+00 1.38957E-19 1.80990E-19
 2.07278E+02 9.68520E-19 0.00000E+00 0.00000E+00 0.00000E+00 0.00000E+00 0.00000E+00 0.00000E+00 0.00000E+00 0.00000E+00 0.00000E+00 0.00000E+00 0.00000E+00 0.00000E+00 0.00000E+00 0.00000E+00 1.35070E-19 1.79715E-19
 2.09762E+02 9.51529E-19 0.00000E+00 0.00000E+00 0.00000E+00 0.00000E+00 0.00000E+00 0.00000E+00 0.00000E+00 0.00000E+00 0.00000E+00 0.00000E+00 0.00000E+00 0.00000E+00 0.00000E+00 0.00000E+00 1.32137E-19 1.80581E-19
 2.12276E+02 9.39128E-19 0.00000E+00 0.00000E+00 0.00000E+00 0.00000E+00 0.00000E+00 0.00000E+00 0.00000E+00 0.00000E+00 0.00000E+00 0.00000E+00 0.00000E+00 0.00000E+00 0.00000E+00 0.00000E+00 1.30522E-19 1.83904E-19
 2.14820E+02 9.31796E-19 0.00000E+00 0.00000E+00 0.00000E+00 0.00000E+00 0.00000E+00 0.00000E+00 0.00000E+00 0.00000E+00 0.00000E+00 0.00000E+00 0.00000E+00 0.00000E+00 0.00000E+00 0.00000E+00 1.30479E-19 1.89945E-19
 2.17395E+02 9.29913E-19 0.00000E+00 0.00000E+00 0.00000E+00 0.00000E+00 0.00000E+00 0.00000E+00 0.00000E+00 0.00000E+00 0.00000E+00 0.00000E+00 0.00000E+00 0.00000E+00 0.00000E+00 0.00000E+00 1.32218E-19 1.98899E-19
 2.20000E+02 9.33768E-19 0.00000E+00 0.00000E+00 0.00000E+00 0.00000E+00 0.00000E+00 0.00000E+00 0.00000E+00 0.00000E+00 0.00000E+00 0.00000E+00 0.00000E+00 0.00000E+00 0.00000E+00 0.00000E+00 1.35923E-19 2.10900E-19
 2.21765E+02 9.39673E-19 0.00000E+00 0.00000E+00 0.00000E+00 0.00000E+00 0.00000E+00 0.00000E+00 0.00000E+00 0.00000E+00 0.00000E+00 0.00000E+00 0.00000E+00 0.00000E+00 0.00000E+00 0.00000E+00 1.39585E-19 2.20699E-19
 2.23544E+02 9.48298E-19 0.00000E+00 0.00000E+00 0.00000E+00 0.00000E+00 0.00000E+00 0.00000E+00 0.00000E+00 0.00000E+00 0.00000E+00 0.00000E+00 0.00000E+00 0.00000E+00 0.00000E+00 0.00000E+00 1.44233E-19 2.31928E-19
 2.25337E+02 9.59682E-19 0.00000E+00 0.00000E+00 0.00000E+00 0.00000E+00 0.00000E+00 0.00000E+00 0.00000E+00 0.00000E+00 0.00000E+00 0.00000E+00 0.00000E+00 0.00000E+00 0.00000E+00 0.00000E+00 1.49893E-19 2.44613E-19
 2.27144E+02 9.73865E-19 0.00000E+00 0.00000E+00 0.00000E+00 0.00000E+00 0.00000E+00 0.00000E+00 0.00000E+00 0.00000E+00 0.00000E+00 0.00000E+00 0.00000E+00 0.00000E+00 0.00000E+00 0.00000E+00 1.56584E-19 2.58784E-19
 2.28966E+02 9.90895E-19 0.00000E+00 0.00000E+00 0.00000E+00 0.00000E+00 0.00000E+00 0.00000E+00 0.00000E+00 0.00000E+00 0.00000E+00 0.00000E+00 0.00000E+00 0.00000E+00 0.00000E+00 0.00000E+00 1.64323E-19 2.74484E-19
 2.30803E+02 1.01084E-18 0.00000E+00 0.00000E+00 0.00000E+00 0.00000E+00 0.00000E+00 0.00000E+00 0.00000E+00 0.00000E+00 0.00000E+00 0.00000E+00 0.00000E+00 0.00000E+00 0.00000E+00 0.00000E+00 1.73128E-19 2.91768E-19
 2.32655E+02 1.03377E-18 0.00000E+00 0.00000E+00 0.00000E+00 0.00000E+00 0.00000E+00 0.00000E+00 0.00000E+00 0.00000E+00 0.00000E+00 0.00000E+00 0.00000E+00 0.00000E+00 0.00000E+00 0.00000E+00 1.83024E-19 3.10706E-19
 2.34521E+02 1.05979E-18 0.00000E+00 0.00000E+00 0.00000E+00 0.00000E+00 0.00000E+00 0.00000E+00 0.00000E+00 0.00000E+00 0.00000E+00 0.00000E+00 0.00000E+00 0.00000E+00 0.00000E+00 0.00000E+00 1.94040E-19 3.31376E-19
 2.36402E+02 1.08902E-18 0.00000E+00 0.00000E+00 0.00000E+00 0.00000E+00 0.00000E+00 0.00000E+00 0.00000E+00 0.00000E+00 0.00000E+00 0.00000E+00 0.00000E+00 0.00000E+00 0.00000E+00 0.00000E+00 2.06222E-19 3.53862E-19
 2.38298E+02 1.12158E-18 0.00000E+00 0.00000E+00 0.00000E+00 0.00000E+00 0.00000E+00 0.00000E+00 0.00000E+00 0.00000E+00 0.00000E+00 0.00000E+00 0.00000E+00 0.00000E+00 0.00000E+00 0.00000E+00 2.19619E-19 3.78254E-19
 2.40210E+02 1.15763E-18 0.00000E+00 0.00000E+00 0.00000E+00 0.00000E+00 0.00000E+00 0.00000E+00 0.00000E+00 0.00000E+00 0.00000E+00 0.00000E+00 0.00000E+00 0.00000E+00 0.00000E+00 0.00000E+00 2.34292E-19 4.04646E-19
 2.42137E+02 1.19733E-18 0.00000E+00 0.00000E+00 0.00000E+00 0.00000E+00 0.00000E+00 0.00000E+00 0.00000E+00 0.00000E+00 0.00000E+00 0.00000E+00 0.00000E+00 0.00000E+00 0.00000E+00 0.00000E+00 2.50311E-19 4.33131E-19
 2.46037E+02 1.28807E-18 0.00000E+00 0.00000E+00 0.00000E+00 0.00000E+00 0.00000E+00 0.00000E+00 0.00000E+00 0.00000E+00 0.00000E+00 0.00000E+00 0.00000E+00 0.00000E+00 0.00000E+00 0.00000E+00 2.86669E-19 4.96571E-19
 2.50000E+02 1.39455E-18 0.00000E+00 0.00000E+00 0.00000E+00 0.00000E+00 0.00000E+00 0.00000E+00 0.00000E+00 0.00000E+00 0.00000E+00 0.00000E+00 0.00000E+00 0.00000E+00 0.00000E+00 0.00000E+00 3.29237E-19 5.68844E-19
 2.55763E+02 1.57390E-18 0.00000E+00 0.00000E+00 0.00000E+00 0.00000E+00 0.00000E+00 0.00000E+00 0.00000E+00 0.00000E+00 0.00000E+00 0.00000E+00 0.00000E+00 0.00000E+00 0.00000E+00 0.00000E+00 4.01385E-19 6.86905E-19
 2.61659E+02 1.78326E-18 0.00000E+00 0.00000E+00 0.00000E+00 0.00000E+00 0.00000E+00 0.00000E+00 0.00000E+00 0.00000E+00 0.00000E+00 0.00000E+00 0.00000E+00 0.00000E+00 0.00000E+00 0.00000E+00 4.86929E-19 8.20477E-19
 2.67691E+02 2.01720E-18 0.00000E+00 0.00000E+00 0.00000E+00 0.00000E+00 0.00000E+00 0.00000E+00 0.00000E+00 0.00000E+00 0.00000E+00 0.00000E+00 0.00000E+00 0.00000E+00 0.00000E+00 0.00000E+00 5.84366E-19 9.65824E-19
 2.73861E+02 2.26860E-18 0.00000E+00 0.00000E+00 0.00000E+00 0.00000E+00 0.00000E+00 0.00000E+00 0.00000E+00 0.00000E+00 0.00000E+00 0.00000E+00 0.00000E+00 0.00000E+00 0.00000E+00 0.00000E+00 6.90919E-19 1.11872E-18
 2.77000E+02 2.39861E-18 0.00000E+00 0.00000E+00 0.00000E+00 0.00000E+00 0.00000E+00 0.00000E+00 0.00000E+00 0.00000E+00 0.00000E+00 0.00000E+00 0.00000E+00 0.00000E+00 0.00000E+00 0.00000E+00 7.46610E-19 1.19682E-18
 2.80174E+02 2.53049E-18 0.00000E+00 0.00000E+00 0.00000E+00 0.00000E+00 0.00000E+00 0.00000E+00 0.00000E+00 0.00000E+00 0.00000E+00 0.00000E+00 0.00000E+00 0.00000E+00 0.00000E+00 0.00000E+00 8.03411E-19 1.27554E-18
 2.83385E+02 2.66363E-18 0.00000E+00 0.00000E+00 0.00000E+00 0.00000E+00 0.00000E+00 0.00000E+00 0.00000E+00 0.00000E+00 0.00000E+00 0.00000E+00 0.00000E+00 0.00000E+00 0.00000E+00 0.00000E+00 8.61005E-19 1.35458E-18
 2.86633E+02 2.79752E-18 0.00000E+00 0.00000E+00 0.00000E+00 0.00000E+00 0.00000E+00 0.00000E+00 0.00000E+00 0.00000E+00 0.00000E+00 0.00000E+00 0.00000E+00 0.00000E+00 0.00000E+00 0.00000E+00 9.19131E-19 1.43371E-18
 2.89918E+02 2.93171E-18 0.00000E+00 0.00000E+00 0.00000E+00 0.00000E+00 0.00000E+00 0.00000E+00 0.00000E+00 0.00000E+00 0.00000E+00 0.00000E+00 0.00000E+00 0.00000E+00 0.00000E+00 0.00000E+00 9.77578E-19 1.51271E-18
 2.93240E+02 3.06579E-18 0.00000E+00 0.00000E+00 0.00000E+00 0.00000E+00 0.00000E+00 0.00000E+00 0.00000E+00 0.00000E+00 0.00000E+00 0.00000E+00 0.00000E+00 0.00000E+00 0.00000E+00 0.00000E+00 1.03616E-18 1.59137E-18
 2.96601E+02 3.19935E-18 0.00000E+00 0.00000E+00 0.00000E+00 0.00000E+00 0.00000E+00 0.00000E+00 0.00000E+00 0.00000E+00 0.00000E+00 0.00000E+00 0.00000E+00 0.00000E+00 0.00000E+00 0.00000E+00 1.09473E-18 1.66942E-18
 3.00000E+02 3.33191E-18 0.00000E+00 0.00000E+00 0.00000E+00 0.00000E+00 0.00000E+00 0.00000E+00 0.00000E+00 0.00000E+00 0.00000E+00 0.00000E+00 0.00000E+00 0.00000E+00 0.00000E+00 0.00000E+00 1.15309E-18 1.74660E-18
 3.05837E+02 3.55224E-18 0.00000E+00 0.00000E+00 0.00000E+00 0.00000E+00 0.00000E+00 0.00000E+00 0.00000E+00 0.00000E+00 0.00000E+00 0.00000E+00 0.00000E+00 0.00000E+00 0.00000E+00 0.00000E+00 1.25076E-18 1.87413E-18
 3.11787E+02 3.76505E-18 0.00000E+00 0.00000E+00 0.00000E+00 0.00000E+00 0.00000E+00 0.00000E+00 0.00000E+00 0.00000E+00 0.00000E+00 0.00000E+00 0.00000E+00 0.00000E+00 0.00000E+00 0.00000E+00 1.34611E-18 1.99628E-18
 3.17853E+02 3.96685E-18 0.00000E+00 0.00000E+00 0.00000E+00 0.00000E+00 0.00000E+00 0.00000E+00 0.00000E+00 0.00000E+00 0.00000E+00 0.00000E+00 0.00000E+00 0.00000E+00 0.00000E+00 0.00000E+00 1.43768E-18 2.11103E-18
 3.24037E+02 4.15422E-18 0.00000E+00 0.00000E+00 0.00000E+00 0.00000E+00 0.00000E+00 0.00000E+00 0.00000E+00 0.00000E+00 0.00000E+00 0.00000E+00 0.00000E+00 0.00000E+00 0.00000E+00 0.00000E+00 1.52392E-18 2.21653E-18
 3.30341E+02 4.32437E-18 0.00000E+00 0.00000E+00 0.00000E+00 0.00000E+00 0.00000E+00 0.00000E+00 0.00000E+00 0.00000E+00 0.00000E+00 0.00000E+00 0.00000E+00 0.00000E+00 0.00000E+00 0.00000E+00 1.60341E-18 2.31145E-18
 3.36768E+02 4.47560E-18 0.00000E+00 0.00000E+00 0.00000E+00 0.00000E+00 0.00000E+00 0.00000E+00 0.00000E+00 0.00000E+00 0.00000E+00 0.00000E+00 0.00000E+00 0.00000E+00 0.00000E+00 0.00000E+00 1.67510E-18 2.39514E-18
 3.43320E+02 4.60745E-18 0.00000E+00 0.00000E+00 0.00000E+00 0.00000E+00 0.00000E+00 0.00000E+00 0.00000E+00 0.00000E+00 0.00000E+00 0.00000E+00 0.00000E+00 0.00000E+00 0.00000E+00 0.00000E+00 1.73852E-18 2.46766E-18
 3.50000E+02 4.72049E-18 0.00000E+00 0.00000E+00 0.00000E+00 0.00000E+00 0.00000E+00 0.00000E+00 0.00000E+00 0.00000E+00 0.00000E+00 0.00000E+00 0.00000E+00 0.00000E+00 0.00000E+00 0.00000E+00 1.79369E-18 2.52956E-18
 3.55891E+02 4.80415E-18 0.00000E+00 0.00000E+00 0.00000E+00 0.00000E+00 0.00000E+00 0.00000E+00 0.00000E+00 0.00000E+00 0.00000E+00 0.00000E+00 0.00000E+00 0.00000E+00 0.00000E+00 0.00000E+00 1.83516E-18 2.57525E-18
 3.61881E+02 4.87555E-18 0.00000E+00 0.00000E+00 0.00000E+00 0.00000E+00 0.00000E+00 0.00000E+00 0.00000E+00 0.00000E+00 0.00000E+00 0.00000E+00 0.00000E+00 0.00000E+00 0.00000E+00 0.00000E+00 1.87117E-18 2.61414E-18
 3.67972E+02 4.93551E-18 0.00000E+00 0.00000E+00 0.00000E+00 0.00000E+00 0.00000E+00 0.00000E+00 0.00000E+00 0.00000E+00 0.00000E+00 0.00000E+00 0.00000E+00 0.00000E+00 0.00000E+00 0.00000E+00 1.90212E-18 2.64665E-18
 3.74166E+02 4.98461E-18 0.00000E+00 0.00000E+00 0.00000E+00 0.00000E+00 0.00000E+00 0.00000E+00 0.00000E+00 0.00000E+00 0.00000E+00 0.00000E+00 0.00000E+00 0.00000E+00 0.00000E+00 0.00000E+00 1.92831E-18 2.67308E-18
 3.80464E+02 5.02316E-18 0.00000E+00 0.00000E+00 0.00000E+00 0.00000E+00 0.00000E+00 0.00000E+00 0.00000E+00 0.00000E+00 0.00000E+00 0.00000E+00 0.00000E+00 0.00000E+00 0.00000E+00 0.00000E+00 1.94995E-18 2.69354E-18
 3.86867E+02 5.05127E-18 0.00000E+00 0.00000E+00 0.00000E+00 0.00000E+00 0.00000E+00 0.00000E+00 0.00000E+00 0.00000E+00 0.00000E+00 0.00000E+00 0.00000E+00 0.00000E+00 0.00000E+00 0.00000E+00 1.96710E-18 2.70806E-18
 3.93379E+02 5.06892E-18 0.00000E+00 0.00000E+00 0.00000E+00 0.00000E+00 0.00000E+00 0.00000E+00 0.00000E+00 0.00000E+00 0.00000E+00 0.00000E+00 0.00000E+00 0.00000E+00 0.00000E+00 0.00000E+00 1.97978E-18 2.71661E-18
 4.00000E+02 5.07611E-18 0.00000E+00 0.00000E+00 0.00000E+00 0.00000E+00 0.00000E+00 0.00000E+00 0.00000E+00 0.00000E+00 0.00000E+00 0.00000E+00 0.00000E+00 0.00000E+00 0.00000E+00 0.00000E+00 1.98795E-18 2.71923E-18
 4.11953E+02 5.06385E-18 0.00000E+00 0.00000E+00 0.00000E+00 0.00000E+00 0.00000E+00 0.00000E+00 0.00000E+00 0.00000E+00 0.00000E+00 0.00000E+00 0.00000E+00 0.00000E+00 0.00000E+00 0.00000E+00 1.99148E-18 2.70987E-18
 4.24264E+02 5.02212E-18 0.00000E+00 0.00000E+00 0.00000E+00 0.00000E+00 0.00000E+00 0.00000E+00 0.00000E+00 0.00000E+00 0.00000E+00 0.00000E+00 0.00000E+00 0.00000E+00 0.00000E+00 0.00000E+00 1.98188E-18 2.68425E-18
 4.36943E+02 4.95540E-18 0.00000E+00 0.00000E+00 0.00000E+00 0.00000E+00 0.00000E+00 0.00000E+00 0.00000E+00 0.00000E+00 0.00000E+00 0.00000E+00 0.00000E+00 0.00000E+00 0.00000E+00 0.00000E+00 1.96088E-18 2.64515E-18
 4.50000E+02 4.86888E-18 0.00000E+00 0.00000E+00 0.00000E+00 0.00000E+00 0.00000E+00 0.00000E+00 0.00000E+00 0.00000E+00 0.00000E+00 0.00000E+00 0.00000E+00 0.00000E+00 0.00000E+00 0.00000E+00 1.93075E-18 2.59549E-18
 4.63789E+02 4.76413E-18 0.00000E+00 0.00000E+00 0.00000E+00 0.00000E+00 0.00000E+00 0.00000E+00 0.00000E+00 0.00000E+00 0.00000E+00 0.00000E+00 0.00000E+00 0.00000E+00 0.00000E+00 0.00000E+00 1.89248E-18 2.53604E-18
 4.78000E+02 4.64589E-18 0.00000E+00 0.00000E+00 0.00000E+00 0.00000E+00 0.00000E+00 0.00000E+00 0.00000E+00 0.00000E+00 0.00000E+00 0.00000E+00 0.00000E+00 0.00000E+00 0.00000E+00 0.00000E+00 1.84812E-18 2.46932E-18
 4.78000E+02 4.75960E-18 0.00000E+00 0.00000E+00 0.00000E+00 0.00000E+00 0.00000E+00 0.00000E+00 0.00000E+00 0.00000E+00 0.00000E+00 0.00000E+00 0.00000E+00 0.00000E+00 0.00000E+00 1.13715E-19 1.84812E-18 2.46932E-18
 4.78336E+02 4.75667E-18 0.00000E+00 0.00000E+00 0.00000E+00 0.00000E+00 0.00000E+00 0.00000E+00 0.00000E+00 0.00000E+00 0.00000E+00 0.00000E+00 0.00000E+00 0.00000E+00 0.00000E+00 1.13686E-19 1.84702E-18 2.46768E-18
 4.78673E+02 4.75375E-18 0.00000E+00 0.00000E+00 0.00000E+00 0.00000E+00 0.00000E+00 0.00000E+00 0.00000E+00 0.00000E+00 0.00000E+00 0.00000E+00 0.00000E+00 0.00000E+00 0.00000E+00 1.13675E-19 1.84592E-18 2.46604E-18
 4.79346E+02 4.74801E-18 0.00000E+00 0.00000E+00 0.00000E+00 0.00000E+00 0.00000E+00 0.00000E+00 0.00000E+00 0.00000E+00 0.00000E+00 0.00000E+00 0.00000E+00 0.00000E+00 0.00000E+00 1.13770E-19 1.84371E-18 2.46276E-18
 4.80696E+02 4.73723E-18 0.00000E+00 0.00000E+00 0.00000E+00 0.00000E+00 0.00000E+00 0.00000E+00 0.00000E+00 0.00000E+00 0.00000E+00 0.00000E+00 0.00000E+00 0.00000E+00 0.00000E+00 1.14755E-19 1.83924E-18 2.45614E-18
 4.83408E+02 4.72180E-18 0.00000E+00 0.00000E+00 0.00000E+00 0.00000E+00 0.00000E+00 0.00000E+00 0.00000E+00 0.00000E+00 0.00000E+00 0.00000E+00 0.00000E+00 0.00000E+00 0.00000E+00 1.23144E-19 1.83018E-18 2.44273E-18
 4.86134E+02 4.72434E-18 0.00000E+00 0.00000E+00 0.00000E+00 0.00000E+00 0.00000E+00 0.00000E+00 0.00000E+00 0.00000E+00 0.00000E+00 0.00000E+00 0.00000E+00 0.00000E+00 0.00000E+00 1.49928E-19 1.82093E-18 2.42909E-18
 4.88876E+02 4.75300E-18 0.00000E+00 0.00000E+00 0.00000E+00 0.00000E+00 0.00000E+00 0.00000E+00 0.00000E+00 0.00000E+00 0.00000E+00 0.00000E+00 0.00000E+00 0.00000E+00 0.00000E+00 2.03227E-19 1.81151E-18 2.41523E-18
 4.91634E+02 4.78330E-18 0.00000E+00 0.00000E+00 0.00000E+00 0.00000E+00 0.00000E+00 0.00000E+00 0.00000E+00 0.00000E+00 0.00000E+00 0.00000E+00 0.00000E+00 0.00000E+00 0.00000E+00 2.58578E-19 1.80190E-18 2.40115E-18
 4.94407E+02 4.78648E-18 0.00000E+00 0.00000E+00 0.00000E+00 0.00000E+00 0.00000E+00 0.00000E+00 0.00000E+00 0.00000E+00 0.00000E+00 0.00000E+00 0.00000E+00 0.00000E+00 0.00000E+00 2.87194E-19 1.79211E-18 2.38686E-18
 5.00000E+02 4.74757E-18 0.00000E+00 0.00000E+00 0.00000E+00 0.00000E+00 0.00000E+00 0.00000E+00 0.00000E+00 0.00000E+00 0.00000E+00 0.00000E+00 0.00000E+00 0.00000E+00 0.00000E+00 3.00329E-19 1.77203E-18 2.35766E-18
 5.03000E+02 4.72230E-18 0.00000E+00 0.00000E+00 0.00000E+00 0.00000E+00 0.00000E+00 0.00000E+00 0.00000E+00 0.00000E+00 0.00000E+00 0.00000E+00 0.00000E+00 0.00000E+00 0.00000E+00 3.03333E-19 1.76107E-18 2.34180E-18
 5.03000E+02 4.79591E-18 0.00000E+00 0.00000E+00 0.00000E+00 0.00000E+00 0.00000E+00 0.00000E+00 0.00000E+00 0.00000E+00 0.00000E+00 0.00000E+00 0.00000E+00 0.00000E+00 7.36109E-20 3.03333E-19 1.76107E-18 2.34180E-18
 5.03351E+02 4.79344E-18 0.00000E+00 0.00000E+00 0.00000E+00 0.00000E+00 0.00000E+00 0.00000E+00 0.00000E+00 0.00000E+00 0.00000E+00 0.00000E+00 0.00000E+00 0.00000E+00 7.41024E-20 3.03700E-19 1.75978E-18 2.33993E-18
 5.03703E+02 4.79097E-18 0.00000E+00 0.00000E+00 0.00000E+00 0.00000E+00 0.00000E+00 0.00000E+00 0.00000E+00 0.00000E+00 0.00000E+00 0.00000E+00 0.00000E+00 0.00000E+00 7.45936E-20 3.04070E-19 1.75848E-18 2.33807E-18
 5.04406E+02 4.78602E-18 0.00000E+00 0.00000E+00 0.00000E+00 0.00000E+00 0.00000E+00 0.00000E+00 0.00000E+00 0.00000E+00 0.00000E+00 0.00000E+00 0.00000E+00 0.00000E+00 7.55725E-20 3.04816E-19 1.75589E-18 2.33432E-18
 5.05816E+02 4.77619E-18 0.00000E+00 0.00000E+00 0.00000E+00 0.00000E+00 0.00000E+00 0.00000E+00 0.00000E+00 0.00000E+00 0.00000E+00 0.00000E+00 0.00000E+00 0.00000E+00 7.76724E-20 3.06319E-19 1.75067E-18 2.32680E-18
 5.08648E+02 4.75932E-18 0.00000E+00 0.00000E+00 0.00000E+00 0.00000E+00 0.00000E+00 0.00000E+00 0.00000E+00 0.00000E+00 0.00000E+00 0.00000E+00 0.00000E+00 0.00000E+00 8.49526E-20 3.09265E-19 1.74012E-18 2.31163E-18
 5.11496E+02 4.75265E-18 0.00000E+00 0.00000E+00 0.00000E+00 0.00000E+00 0.00000E+00 0.00000E+00 0.00000E+00 0.00000E+00 0.00000E+00 0.00000E+00 0.00000E+00 0.00000E+00 1.03053E-19 3.11921E-19 1.72941E-18 2.29628E-18
 5.14359E+02 4.75968E-18 0.00000E+00 0.00000E+00 0.00000E+00 0.00000E+00 0.00000E+00 0.00000E+00 0.00000E+00 0.00000E+00 0.00000E+00 0.00000E+00 0.00000E+00 0.00000E+00 1.35701E-19 3.14045E-19 1.71856E-18 2.28076E-18
 5.17239E+02 4.76178E-18 0.00000E+00 0.00000E+00 0.00000E+00 0.00000E+00 0.00000E+00 0.00000E+00 0.00000E+00 0.00000E+00 0.00000E+00 0.00000E+00 0.00000E+00 0.00000E+00 1.64328E-19 3.15563E-19 1.70757E-18 2.26509E-18
 5.20135E+02 4.74626E-18 0.00000E+00 0.00000E+00 0.00000E+00 0.00000E+00 0.00000E+00 0.00000E+00 0.00000E+00 0.00000E+00 0.00000E+00 0.00000E+00 0.00000E+00 0.00000E+00 1.76125E-19 3.16573E-19 1.69644E-18 2.24928E-18
 5.25975E+02 4.69429E-18 0.00000E+00 0.00000E+00 0.00000E+00 0.00000E+00 0.00000E+00 0.00000E+00 0.00000E+00 0.00000E+00 0.00000E+00 0.00000E+00 0.00000E+00 0.00000E+00 1.80468E-19 3.17677E-19 1.67381E-18 2.21726E-18
 5.50000E+02 4.47249E-18 0.00000E+00 0.00000E+00 0.00000E+00 0.00000E+00 0.00000E+00 0.00000E+00 0.00000E+00 0.00000E+00 0.00000E+00 0.00000E+00 0.00000E+00 0.00000E+00 1.86928E-19 3.26629E-19 1.57953E-18 2.08549E-18
 5.74456E+02 4.25732E-18 0.00000E+00 0.00000E+00 0.00000E+00 0.00000E+00 0.00000E+00 0.00000E+00 0.00000E+00 0.00000E+00 0.00000E+00 0.00000E+00 0.00000E+00 0.00000E+00 1.92369E-19 3.42579E-19 1.48462E-18 1.95479E-18
 6.00000E+02 4.04171E-18 0.00000E+00 0.00000E+00 0.00000E+00 0.00000E+00 0.00000E+00 0.00000E+00 0.00000E+00 0.00000E+00 0.00000E+00 0.00000E+00 0.00000E+00 0.00000E+00 2.02404E-19 3.54159E-19 1.38900E-18 1.82419E-18
 6.23574E+02 3.84785E-18 0.00000E+00 0.00000E+00 0.00000E+00 0.00000E+00 0.00000E+00 0.00000E+00 0.00000E+00 0.00000E+00 0.00000E+00 0.00000E+00 0.00000E+00 0.00000E+00 2.09181E-19 3.62979E-19 1.30434E-18 1.70917E-18
 6.48074E+02 3.65406E-18 0.00000E+00 0.00000E+00 0.00000E+00 0.00000E+00 0.00000E+00 0.00000E+00 0.00000E+00 0.00000E+00 0.00000E+00 0.00000E+00 0.00000E+00 0.00000E+00 2.15429E-19 3.70688E-19 1.22011E-18 1.59541E-18
 6.73537E+02 3.46064E-18 0.00000E+00 0.00000E+00 0.00000E+00 0.00000E+00 0.00000E+00 0.00000E+00 0.00000E+00 0.00000E+00 0.00000E+00 0.00000E+00 0.00000E+00 0.00000E+00 2.21144E-19 3.75418E-19 1.13723E-18 1.48418E-18
 7.00000E+02 3.26907E-18 0.00000E+00 0.00000E+00 0.00000E+00 0.00000E+00 0.00000E+00 0.00000E+00 0.00000E+00 0.00000E+00 0.00000E+00 0.00000E+00 0.00000E+00 0.00000E+00 2.25032E-19 3.77435E-19 1.05678E-18 1.37682E-18
 7.24000E+02 3.10514E-18 0.00000E+00 0.00000E+00 0.00000E+00 0.00000E+00 0.00000E+00 0.00000E+00 0.00000E+00 0.00000E+00 0.00000E+00 0.00000E+00 0.00000E+00 0.00000E+00 2.27079E-19 3.77798E-19 9.88976E-19 1.28664E-18
 7.24000E+02 3.24237E-18 0.00000E+00 0.00000E+00 0.00000E+00 0.00000E+00 0.00000E+00 0.00000E+00 0.00000E+00 0.00000E+00 0.00000E+00 0.00000E+00 0.00000E+00 1.37225E-19 2.27079E-19 3.77798E-19 9.88975E-19 1.28664E-18
 7.24565E+02 3.24829E-18 0.00000E+00 0.00000E+00 0.00000E+00 0.00000E+00 0.00000E+00 0.00000E+00 0.00000E+00 0.00000E+00 0.00000E+00 0.00000E+00 0.00000E+00 1.46893E-19 2.27117E-19 3.77792E-19 9.87437E-19 1.28459E-18
 7.25130E+02 3.25319E-18 0.00000E+00 0.00000E+00 0.00000E+00 0.00000E+00 0.00000E+00 0.00000E+00 0.00000E+00 0.00000E+00 0.00000E+00 0.00000E+00 0.00000E+00 1.55534E-19 2.27153E-19 3.77785E-19 9.85899E-19 1.28255E-18
 7.26262E+02 3.25974E-18 0.00000E+00 0.00000E+00 0.00000E+00 0.00000E+00 0.00000E+00 0.00000E+00 0.00000E+00 0.00000E+00 0.00000E+00 0.00000E+00 0.00000E+00 1.69558E-19 2.27225E-19 3.77770E-19 9.82828E-19 1.27847E-18
 7.28531E+02 3.26172E-18 0.00000E+00 0.00000E+00 0.00000E+00 0.00000E+00 0.00000E+00 0.00000E+00 0.00000E+00 0.00000E+00 0.00000E+00 0.00000E+00 0.00000E+00 1.86471E-19 2.27365E-19 3.77730E-19 9.76702E-19 1.27034E-18
 7.33090E+02 3.24123E-18 0.00000E+00 0.00000E+00 0.00000E+00 0.00000E+00 0.00000E+00 0.00000E+00 0.00000E+00 0.00000E+00 0.00000E+00 0.00000E+00 0.00000E+00 1.95734E-19 2.27628E-19 3.77613E-19 9.64514E-19 1.25416E-18
 7.42295E+02 3.17813E-18 0.00000E+00 0.00000E+00 0.00000E+00 0.00000E+00 0.00000E+00 0.00000E+00 0.00000E+00 0.00000E+00 0.00000E+00 0.00000E+00 0.00000E+00 1.91744E-19 2.28086E-19 3.77217E-19 9.40393E-19 1.22215E-18
 7.61052E+02 3.05639E-18 0.00000E+00 0.00000E+00 0.00000E+00 0.00000E+00 0.00000E+00 0.00000E+00 0.00000E+00 0.00000E+00 0.00000E+00 0.00000E+00 0.00000E+00 1.86774E-19 2.28670E-19 3.75725E-19 8.93168E-19 1.15957E-18
 8.00000E+02 2.82387E-18 0.00000E+00 0.00000E+00 0.00000E+00 0.00000E+00 0.00000E+00 0.00000E+00 0.00000E+00 0.00000E+00 0.00000E+00 0.00000E+00 0.00000E+00 1.82160E-19 2.28108E-19 3.69999E-19 8.02837E-19 1.04019E-18
 8.58000E+02 2.51116E-18 0.00000E+00 0.00000E+00 0.00000E+00 0.00000E+00 0.00000E+00 0.00000E+00 0.00000E+00 0.00000E+00 0.00000E+00 0.00000E+00 0.00000E+00 1.71533E-19 2.23792E-19 3.57864E-19 6.86457E-19 8.87177E-19
 8.58000E+02 2.53842E-18 0.00000E+00 0.00000E+00 0.00000E+00 0.00000E+00 0.00000E+00 0.00000E+00 0.00000E+00 0.00000E+00 0.00000E+00 0.00000E+00 2.72592E-20 1.71533E-19 2.23792E-19 3.57864E-19 6.86456E-19 8.87177E-19
 8.58641E+02 2.53672E-18 0.00000E+00 0.00000E+00 0.00000E+00 0.00000E+00 0.00000E+00 0.00000E+00 0.00000E+00 0.00000E+00 0.00000E+00 0.00000E+00 2.87578E-20 1.71424E-19 2.23730E-19 3.57713E-19 6.85285E-19 8.85640E-19
 8.59282E+02 2.53483E-18 0.00000E+00 0.00000E+00 0.00000E+00 0.00000E+00 0.00000E+00 0.00000E+00 0.00000E+00 0.00000E+00 0.00000E+00 0.00000E+00 3.00594E-20 1.71314E-19 2.23668E-19 3.57561E-19 6.84115E-19 8.84106E-19
 8.60567E+02 2.53045E-18 0.00000E+00 0.00000E+00 0.00000E+00 0.00000E+00 0.00000E+00 0.00000E+00 0.00000E+00 0.00000E+00 0.00000E+00 0.00000E+00 3.20699E-20 1.71095E-19 2.23544E-19 3.57257E-19 6.81780E-19 8.81043E-19
 8.63141E+02 2.51989E-18 0.00000E+00 0.00000E+00 0.00000E+00 0.00000E+00 0.00000E+00 0.00000E+00 0.00000E+00 0.00000E+00 0.00000E+00 0.00000E+00 3.42482E-20 1.70652E-19 2.23291E-19 3.56643E-19 6.77127E-19 8.74941E-19
 8.68313E+02 2.49549E-18 0.00000E+00 0.00000E+00 0.00000E+00 0.00000E+00 0.00000E+00 0.00000E+00 0.00000E+00 0.00000E+00 0.00000E+00 0.00000E+00 3.52184E-20 1.69752E-19 2.22772E-19 3.55389E-19 6.67893E-19 8.62835E-19
 8.78749E+02 2.44472E-18 0.00000E+00 0.00000E+00 0.00000E+00 0.00000E+00 0.00000E+00 0.00000E+00 0.00000E+00 0.00000E+00 0.00000E+00 0.00000E+00 3.47168E-20 1.67885E-19 2.21673E-19 3.52784E-19 6.49708E-19 8.39004E-19
 9.00000E+02 2.34585E-18 0.00000E+00 0.00000E+00 0.00000E+00 0.00000E+00 0.00000E+00 0.00000E+00 0.00000E+00 0.00000E+00 0.00000E+00 0.00000E+00 3.44672E-20 1.64070E-19 2.19214E-19 3.47180E-19 6.14445E-19 7.92831E-19
 9.45833E+02 2.14964E-18 0.00000E+00 0.00000E+00 0.00000E+00 0.00000E+00 0.00000E+00 0.00000E+00 0.00000E+00 0.00000E+00 0.00000E+00 0.00000E+00 3.45713E-20 1.56438E-19 2.12970E-19 3.34173E-19 5.45674E-19 7.02926E-19
 9.94000E+02 1.96511E-18 0.00000E+00 0.00000E+00 0.00000E+00 0.00000E+00 0.00000E+00 0.00000E+00 0.00000E+00 0.00000E+00 0.00000E+00 0.00000E+00 3.42978E-20 1.48800E-19 2.05588E-19 3.20029E-19 4.82838E-19 6.21018E-19
 9.94000E+02 2.00096E-18 0.00000E+00 0.00000E+00 0.00000E+00 0.00000E+00 0.00000E+00 0.00000E+00 0.00000E+00 0.00000E+00 0.00000E+00 3.58586E-20 3.42978E-20 1.48800E-19 2.05588E-19 3.20029E-19 4.82838E-19 6.21018E-19
 9.94748E+02 1.99864E-18 0.00000E+00 0.00000E+00 0.00000E+00 0.00000E+00 0.00000E+00 0.00000E+00 0.00000E+00 0.00000E+00 0.00000E+00 3.62312E-20 3.42936E-20 1.48683E-19 2.05471E-19 3.19808E-19 4.81932E-19 6.19839E-19
 9.95497E+02 1.99629E-18 0.00000E+00 0.00000E+00 0.00000E+00 0.00000E+00 0.00000E+00 0.00000E+00 0.00000E+00 0.00000E+00 0.00000E+00 3.65816E-20 3.42894E-20 1.48565E-19 2.05353E-19 3.19587E-19 4.81028E-19 6.18662E-19
 9.96995E+02 1.99148E-18 0.00000E+00 0.00000E+00 0.00000E+00 0.00000E+00 0.00000E+00 0.00000E+00 0.00000E+00 0.00000E+00 0.00000E+00 3.71550E-20 3.42810E-20 1.48331E-19 2.05116E-19 3.19143E-19 4.79223E-19 6.16313E-19
 1.00000E+03 1.98164E-18 0.00000E+00 0.00000E+00 0.00000E+00 0.00000E+00 0.00000E+00 0.00000E+00 0.00000E+00 0.00000E+00 0.00000E+00 3.80435E-20 3.42639E-20 1.47863E-19 2.04641E-19 3.18253E-19 4.75630E-19 6.11638E-19
 1.02411E+03 1.90053E-18 0.00000E+00 0.00000E+00 0.00000E+00 0.00000E+00 0.00000E+00 0.00000E+00 0.00000E+00 0.00000E+00 0.00000E+00 4.02781E-20 3.41057E-20 1.44185E-19 2.00786E-19 3.11074E-19 4.47950E-19 5.75645E-19
 1.04881E+03 1.81859E-18 0.00000E+00 0.00000E+00 0.00000E+00 0.00000E+00 0.00000E+00 0.00000E+00 0.00000E+00 0.00000E+00 0.00000E+00 3.88314E-20 3.39051E-20 1.40587E-19 1.96751E-19 3.03662E-19 4.21619E-19 5.41441E-19
 1.10000E+03 1.66432E-18 0.00000E+00 0.00000E+00 0.00000E+00 0.00000E+00 0.00000E+00 0.00000E+00 0.00000E+00 0.00000E+00 0.00000E+00 3.73834E-20 3.34373E-20 1.33455E-19 1.88156E-19 2.88333E-19 3.72795E-19 4.78092E-19
 1.17260E+03 1.47391E-18 0.00000E+00 0.00000E+00 0.00000E+00 0.00000E+00 0.00000E+00 0.00000E+00 0.00000E+00 0.00000E+00 0.00000E+00 3.52435E-20 3.26575E-20 1.24017E-19 1.75981E-19 2.67399E-19 3.14692E-19 4.02861E-19
 1.25000E+03 1.30206E-18 0.00000E+00 0.00000E+00 0.00000E+00 0.00000E+00 0.00000E+00 0.00000E+00 0.00000E+00 0.00000E+00 0.00000E+00 3.30839E-20 3.17022E-20 1.14903E-19 1.63410E-19 2.46247E-19 2.64496E-19 3.38032E-19
 1.40000E+03 1.03934E-18 0.00000E+00 0.00000E+00 0.00000E+00 0.00000E+00 0.00000E+00 0.00000E+00 0.00000E+00 0.00000E+00 0.00000E+00 2.93152E-20 2.96570E-20 9.95637E-20 1.40879E-19 2.09571E-19 1.92456E-19 2.45238E-19
 1.50000E+03 9.03194E-19 0.00000E+00 0.00000E+00 0.00000E+00 0.00000E+00 0.00000E+00 0.00000E+00 0.00000E+00 0.00000E+00 0.00000E+00 2.71103E-20 2.82358E-20 9.08237E-20 1.27489E-19 1.88276E-19 1.57654E-19 2.00548E-19
 1.62019E+03 7.70175E-19 0.00000E+00 0.00000E+00 0.00000E+00 0.00000E+00 0.00000E+00 0.00000E+00 0.00000E+00 0.00000E+00 0.00000E+00 2.47351E-20 2.65349E-20 8.16647E-20 1.13195E-19 1.65905E-19 1.25516E-19 1.59364E-19
 1.75000E+03 6.55098E-19 0.00000E+00 0.00000E+00 0.00000E+00 0.00000E+00 0.00000E+00 0.00000E+00 0.00000E+00 0.00000E+00 0.00000E+00 2.24706E-20 2.47723E-20 7.31425E-20 9.97324E-20 1.45131E-19 9.94267E-20 1.26006E-19
 2.00000E+03 4.92339E-19 0.00000E+00 0.00000E+00 0.00000E+00 0.00000E+00 0.00000E+00 0.00000E+00 0.00000E+00 0.00000E+00 0.00000E+00 1.88729E-20 2.16611E-20 5.99073E-20 7.88209E-20 1.13375E-19 6.56417E-20 8.29201E-20
 2.20000E+03 3.99997E-19 0.00000E+00 0.00000E+00 0.00000E+00 0.00000E+00 0.00000E+00 0.00000E+00 0.00000E+00 0.00000E+00 0.00000E+00 1.65643E-20 1.94772E-20 5.16203E-20 6.58586E-20 9.39943E-20 4.83837E-20 6.09791E-20
 2.50000E+03 3.01355E-19 0.00000E+00 0.00000E+00 0.00000E+00 0.00000E+00 0.00000E+00 0.00000E+00 0.00000E+00 0.00000E+00 0.00000E+00 1.38088E-20 1.66771E-20 4.19545E-20 5.10198E-20 7.21013E-20 3.17950E-20 3.99490E-20
 2.68700E+03 2.56293E-19 0.00000E+00 0.00000E+00 0.00000E+00 0.00000E+00 0.00000E+00 0.00000E+00 0.00000E+00 0.00000E+00 0.00000E+00 1.24201E-20 1.51912E-20 3.71789E-20 4.38773E-20 6.16738E-20 2.49593E-20 3.13046E-20
 2.68700E+03 2.64141E-19 0.00000E+00 0.00000E+00 0.00000E+00 0.00000E+00 0.00000E+00 0.00000E+00 0.00000E+00 0.00000E+00 7.84722E-21 1.24201E-20 1.51912E-20 3.71789E-20 4.38773E-20 6.16738E-20 2.49593E-20 3.13046E-20
 2.68876E+03 2.67310E-19 0.00000E+00 0.00000E+00 0.00000E+00 0.00000E+00 0.00000E+00 0.00000E+00 0.00000E+00 0.00000E+00 1.13950E-20 1.24080E-20 1.51780E-20 3.71377E-20 4.38163E-20 6.15852E-20 2.49041E-20 3.12348E-20
 2.69052E+03 2.75896E-19 0.00000E+00 0.00000E+00 0.00000E+00 0.00000E+00 0.00000E+00 0.00000E+00 0.00000E+00 0.00000E+00 2.03586E-20 1.23959E-20 1.51649E-20 3.70965E-20 4.37554E-20 6.14966E-20 2.48490E-20 3.11652E-20
 2.69228E+03 2.95240E-19 0.00000E+00 0.00000E+00 0.00000E+00 0.00000E+00 0.00000E+00 0.00000E+00 0.00000E+00 0.00000E+00 4.00795E-20 1.23839E-20 1.51518E-20 3.70554E-20 4.36946E-20 6.14082E-20 2.47940E-20 3.10957E-20
 2.69405E+03 3.33838E-19 0.00000E+00 0.00000E+00 0.00000E+00 0.00000E+00 0.00000E+00 0.00000E+00 0.00000E+00 0.00000E+00 7.90545E-20 1.23718E-20 1.51386E-20 3.70143E-20 4.36339E-20 6.13199E-20 2.47392E-20 3.10264E-20
 2.69581E+03 4.00601E-19 0.00000E+00 0.00000E+00 0.00000E+00 0.00000E+00 0.00000E+00 0.00000E+00 0.00000E+00 0.00000E+00 1.46194E-19 1.23598E-20 1.51255E-20 3.69733E-20 4.35732E-20 6.12317E-20 2.46844E-20 3.09572E-20
 2.69758E+03 4.94013E-19 0.00000E+00 0.00000E+00 0.00000E+00 0.00000E+00 0.00000E+00 0.00000E+00 0.00000E+00 0.00000E+00 2.39981E-19 1.23477E-20 1.51124E-20 3.69323E-20 4.35126E-20 6.11436E-20 2.46298E-20 3.08882E-20
 2.69934E+03 5.91370E-19 0.00000E+00 0.00000E+00 0.00000E+00 0.00000E+00 0.00000E+00 0.00000E+00 0.00000E+00 0.00000E+00 3.37713E-19 1.23357E-20 1.50993E-20 3.68913E-20 4.34521E-20 6.10556E-20 2.45753E-20 3.08193E-20
 2.70111E+03 6.63713E-19 0.00000E+00 0.00000E+00 0.00000E+00 0.00000E+00 0.00000E+00 0.00000E+00 0.00000E+00 0.00000E+00 4.10431E-19 1.23237E-20 1.50862E-20 3.68504E-20 4.33916E-20 6.09677E-20 2.45208E-20 3.07506E-20
 2.70288E+03 7.02405E-19 0.00000E+00 0.00000E+00 0.00000E+00 0.00000E+00 0.00000E+00 0.00000E+00 0.00000E+00 0.00000E+00 4.49497E-19 1.23117E-20 1.50731E-20 3.68095E-20 4.33312E-20 6.08799E-20 2.44665E-20 3.06820E-20
 2.70465E+03 7.17114E-19 0.00000E+00 0.00000E+00 0.00000E+00 0.00000E+00 0.00000E+00 0.00000E+00 0.00000E+00 0.00000E+00 4.64579E-19 1.22997E-20 1.50600E-20 3.67686E-20 4.32708E-20 6.07922E-20 2.44124E-20 3.06135E-20
 2.70642E+03 7.19759E-19 0.00000E+00 0.00000E+00 0.00000E+00 0.00000E+00 0.00000E+00 0.00000E+00 0.00000E+00 0.00000E+00 4.67597E-19 1.22877E-20 1.50470E-20 3.67278E-20 4.32106E-20 6.07046E-20 2.43583E-20 3.05452E-20
 2.70820E+03 7.17791E-19 0.00000E+00 0.00000E+00 0.00000E+00 0.00000E+00 0.00000E+00 0.00000E+00 0.00000E+00 0.00000E+00 4.66001E-19 1.22758E-20 1.50339E-20 3.66870E-20 4.31504E-20 6.06171E-20 2.43043E-20 3.04770E-20
 2.71175E+03 7.11889E-19 0.00000E+00 0.00000E+00 0.00000E+00 0.00000E+00 0.00000E+00 0.00000E+00 0.00000E+00 0.00000E+00 4.60843E-19 1.22518E-20 1.50078E-20 3.66055E-20 4.30301E-20 6.04425E-20 2.41967E-20 3.03411E-20
 2.71530E+03 7.07486E-19 0.00000E+00 0.00000E+00 0.00000E+00 0.00000E+00 0.00000E+00 0.00000E+00 0.00000E+00 0.00000E+00 4.57181E-19 1.22280E-20 1.49817E-20 3.65242E-20 4.29102E-20 6.02682E-20 2.40896E-20 3.02058E-20
 2.72242E+03 6.99245E-19 0.00000E+00 0.00000E+00 0.00000E+00 0.00000E+00 0.00000E+00 0.00000E+00 0.00000E+00 0.00000E+00 4.50417E-19 1.21803E-20 1.49296E-20 3.63620E-20 4.26711E-20 5.99209E-20 2.38766E-20 2.99368E-20
 2.72956E+03 6.86386E-19 0.00000E+00 0.00000E+00 0.00000E+00 0.00000E+00 0.00000E+00 0.00000E+00 0.00000E+00 0.00000E+00 4.39026E-19 1.21328E-20 1.48776E-20 3.62004E-20 4.24330E-20 5.95752E-20 2.36654E-20 2.96700E-20
 2.73672E+03 6.71337E-19 0.00000E+00 0.00000E+00 0.00000E+00 0.00000E+00 0.00000E+00 0.00000E+00 0.00000E+00 0.00000E+00 4.25438E-19 1.20855E-20 1.48257E-20 3.60394E-20 4.21960E-20 5.92312E-20 2.34559E-20 2.94054E-20
 2.74390E+03 6.58040E-19 0.00000E+00 0.00000E+00 0.00000E+00 0.00000E+00 0.00000E+00 0.00000E+00 0.00000E+00 0.00000E+00 4.13593E-19 1.20383E-20 1.47739E-20 3.58790E-20 4.19601E-20 5.88887E-20 2.32481E-20 2.91430E-20
 2.75109E+03 6.48024E-19 0.00000E+00 0.00000E+00 0.00000E+00 0.00000E+00 0.00000E+00 0.00000E+00 0.00000E+00 0.00000E+00 4.05021E-19 1.19913E-20 1.47222E-20 3.57191E-20 4.17252E-20 5.85479E-20 2.30420E-20 2.88827E-20
 2.75831E+03 6.40899E-19 0.00000E+00 0.00000E+00 0.00000E+00 0.00000E+00 0.00000E+00 0.00000E+00 0.00000E+00 0.00000E+00 3.99332E-19 1.19444E-20 1.46706E-20 3.55598E-20 4.14913E-20 5.82086E-20 2.28376E-20 2.86246E-20
 2.77280E+03 6.30928E-19 0.00000E+00 0.00000E+00 0.00000E+00 0.00000E+00 0.00000E+00 0.00000E+00 0.00000E+00 0.00000E+00 3.92210E-19 1.18510E-20 1.45678E-20 3.52430E-20 4.10266E-20 5.75348E-20 2.24338E-20 2.81149E-20
 2.80200E+03 6.11543E-19 0.00000E+00 0.00000E+00 0.00000E+00 0.00000E+00 0.00000E+00 0.00000E+00 0.00000E+00 0.00000E+00 3.78428E-19 1.16662E-20 1.43634E-20 3.46163E-20 4.01096E-20 5.62061E-20 2.16463E-20 2.71208E-20
 2.80200E+03 6.17258E-19 0.00000E+00 0.00000E+00 0.00000E+00 0.00000E+00 0.00000E+00 0.00000E+00 0.00000E+00 5.71512E-21 3.78428E-19 1.16662E-20 1.43634E-20 3.46163E-20 4.01096E-20 5.62061E-20 2.16463E-20 2.71208E-20
 2.80350E+03 6.18218E-19 0.00000E+00 0.00000E+00 0.00000E+00 0.00000E+00 0.00000E+00 0.00000E+00 0.00000E+00 7.66535E-21 3.77720E-19 1.16568E-20 1.43531E-20 3.45846E-20 4.00634E-20 5.61391E-20 2.16069E-20 2.70711E-20
 2.80499E+03 6.21444E-19 0.00000E+00 0.00000E+00 0.00000E+00 0.00000E+00 0.00000E+00 0.00000E+00 0.00000E+00 1.18719E-20 3.77021E-19 1.16475E-20 1.43427E-20 3.45530E-20 4.00172E-20 5.60722E-20 2.15676E-20 2.70215E-20
 2.80649E+03 6.28866E-19 0.00000E+00 0.00000E+00 0.00000E+00 0.00000E+00 0.00000E+00 0.00000E+00 0.00000E+00 2.02646E-20 3.76332E-19 1.16381E-20 1.43324E-20 3.45214E-20 3.99710E-20 5.60054E-20 2.15283E-20 2.69719E-20
 2.80799E+03 6.43575E-19 0.00000E+00 0.00000E+00 0.00000E+00 0.00000E+00 0.00000E+00 0.00000E+00 0.00000E+00 3.59330E-20 3.75653E-19 1.16288E-20 1.43220E-20 3.44898E-20 3.99249E-20 5.59386E-20 2.14891E-20 2.69225E-20
 2.80948E+03 6.69686E-19 0.00000E+00 0.00000E+00 0.00000E+00 0.00000E+00 0.00000E+00 0.00000E+00 0.00000E+00 6.29925E-20 3.74985E-19 1.16195E-20 1.43117E-20 3.44582E-20 3.98788E-20 5.58719E-20 2.14500E-20 2.68731E-20
 2.81098E+03 7.10501E-19 0.00000E+00 0.00000E+00 0.00000E+00 0.00000E+00 0.00000E+00 0.00000E+00 0.00000E+00 1.04745E-19 3.74328E-19 1.16102E-20 1.43013E-20 3.44267E-20 3.98328E-20 5.58053E-20 2.14110E-20 2.68238E-20
 2.81248E+03 7.64043E-19 0.00000E+00 0.00000E+00 0.00000E+00 0.00000E+00 0.00000E+00 0.00000E+00 0.00000E+00 1.59212E-19 3.73683E-19 1.16009E-20 1.42910E-20 3.43951E-20 3.97868E-20 5.57387E-20 2.13720E-20 2.67746E-20
 2.81398E+03 8.19794E-19 0.00000E+00 0.00000E+00 0.00000E+00 0.00000E+00 0.00000E+00 0.00000E+00 0.00000E+00 2.15875E-19 3.73051E-19 1.15916E-20 1.42807E-20 3.43636E-20 3.97409E-20 5.56722E-20 2.13331E-20 2.67255E-20
 2.81548E+03 8.64314E-19 0.00000E+00 0.00000E+00 0.00000E+00 0.00000E+00 0.00000E+00 0.00000E+00 0.00000E+00 2.61294E-19 3.72431E-19 1.15823E-20 1.42704E-20 3.43322E-20 3.96950E-20 5.56057E-20 2.12942E-20 2.66765E-20
 2.81699E+03 8.91453E-19 0.00000E+00 0.00000E+00 0.00000E+00 0.00000E+00 0.00000E+00 0.00000E+00 0.00000E+00 2.89318E-19 3.71824E-19 1.15730E-20 1.42600E-20 3.43007E-20 3.96491E-20 5.55394E-20 2.12554E-20 2.66275E-20
 2.81849E+03 9.03845E-19 0.00000E+00 0.00000E+00 0.00000E+00 0.00000E+00 0.00000E+00 0.00000E+00 0.00000E+00 3.02582E-19 3.71232E-19 1.15637E-20 1.42497E-20 3.42693E-20 3.96033E-20 5.54731E-20 2.12167E-20 2.65787E-20
 2.81999E+03 9.07187E-19 0.00000E+00 0.00000E+00 0.00000E+00 0.00000E+00 0.00000E+00 0.00000E+00 0.00000E+00 3.06781E-19 3.70653E-19 1.15544E-20 1.42394E-20 3.42379E-20 3.95575E-20 5.54068E-20 2.11781E-20 2.65299E-20
 2.82300E+03 9.03339E-19 0.00000E+00 0.00000E+00 0.00000E+00 0.00000E+00 0.00000E+00 0.00000E+00 0.00000E+00 3.04602E-19 3.69540E-19 1.15359E-20 1.42188E-20 3.41752E-20 3.94661E-20 5.52745E-20 2.11010E-20 2.64326E-20
 2.82602E+03 8.97281E-19 0.00000E+00 0.00000E+00 0.00000E+00 0.00000E+00 0.00000E+00 0.00000E+00 0.00000E+00 3.00156E-19 3.68483E-19 1.15173E-20 1.41982E-20 3.41125E-20 3.93749E-20 5.51425E-20 2.10241E-20 2.63357E-20
 2.83810E+03 8.80118E-19 0.00000E+00 0.00000E+00 0.00000E+00 0.00000E+00 0.00000E+00 0.00000E+00 0.00000E+00 2.89044E-19 3.64636E-19 1.14435E-20 1.41161E-20 3.38629E-20 3.90117E-20 5.46169E-20 2.07194E-20 2.59512E-20
 2.85024E+03 8.59098E-19 0.00000E+00 0.00000E+00 0.00000E+00 0.00000E+00 0.00000E+00 0.00000E+00 0.00000E+00 2.73910E-19 3.60936E-19 1.13701E-20 1.40342E-20 3.36148E-20 3.86512E-20 5.40955E-20 2.04190E-20 2.55722E-20
 2.86243E+03 8.40527E-19 0.00000E+00 0.00000E+00 0.00000E+00 0.00000E+00 0.00000E+00 0.00000E+00 0.00000E+00 2.61280E-19 3.57159E-19 1.12971E-20 1.39526E-20 3.33682E-20 3.82935E-20 5.35783E-20 2.01227E-20 2.51984E-20
 2.87467E+03 8.27862E-19 0.00000E+00 0.00000E+00 0.00000E+00 0.00000E+00 0.00000E+00 0.00000E+00 0.00000E+00 2.54609E-19 3.53311E-19 1.12244E-20 1.38713E-20 3.31231E-20 3.79385E-20 5.30653E-20 1.98305E-20 2.48299E-20
 2.89931E+03 8.08549E-19 0.00000E+00 0.00000E+00 0.00000E+00 0.00000E+00 0.00000E+00 0.00000E+00 0.00000E+00 2.47392E-19 3.45444E-19 1.10803E-20 1.37097E-20 3.26375E-20 3.72368E-20 5.20516E-20 1.92583E-20 2.41083E-20
 2.92416E+03 7.89166E-19 0.00000E+00 0.00000E+00 0.00000E+00 0.00000E+00 0.00000E+00 0.00000E+00 0.00000E+00 2.39942E-19 3.37663E-19 1.09378E-20 1.35492E-20 3.21578E-20 3.65460E-20 5.10543E-20 1.87019E-20 2.34068E-20
 2.94923E+03 7.72109E-19 0.00000E+00 0.00000E+00 0.00000E+00 0.00000E+00 0.00000E+00 0.00000E+00 0.00000E+00 2.34341E-19 3.30283E-19 1.07967E-20 1.33899E-20 3.16840E-20 3.58658E-20 5.00731E-20 1.81609E-20 2.27249E-20
 3.00000E+03 7.40750E-19 0.00000E+00 0.00000E+00 0.00000E+00 0.00000E+00 0.00000E+00 0.00000E+00 0.00000E+00 2.24786E-19 3.16408E-19 1.05192E-20 1.30748E-20 3.07539E-20 3.45367E-20 4.81579E-20 1.71227E-20 2.14168E-20
 3.14690E+03 6.57696E-19 0.00000E+00 0.00000E+00 0.00000E+00 0.00000E+00 0.00000E+00 0.00000E+00 0.00000E+00 1.99355E-19 2.79510E-19 9.77311E-21 1.22178E-20 2.82694E-20 3.10264E-20 4.31158E-20 1.45021E-20 1.81175E-20
 3.30100E+03 5.82222E-19 0.00000E+00 0.00000E+00 0.00000E+00 0.00000E+00 0.00000E+00 0.00000E+00 0.00000E+00 1.76257E-19 2.45806E-19 9.07250E-21 1.13988E-20 2.59558E-20 2.78176E-20 3.85271E-20 1.22647E-20 1.53040E-20
 3.30100E+03 6.38035E-19 0.00000E+00 0.00000E+00 0.00000E+00 0.00000E+00 0.00000E+00 0.00000E+00 5.58142E-20 1.76257E-19 2.45806E-19 9.07249E-21 1.13988E-20 2.59558E-20 2.78176E-20 3.85270E-20 1.22647E-20 1.53040E-20
 3.30402E+03 6.62801E-19 0.00000E+00 0.00000E+00 0.00000E+00 0.00000E+00 0.00000E+00 0.00000E+00 8.19423E-20 1.75837E-19 2.45201E-19 9.05953E-21 1.13835E-20 2.59132E-20 2.77590E-20 3.84435E-20 1.22253E-20 1.52544E-20
 3.30704E+03 6.71234E-19 0.00000E+00 0.00000E+00 0.00000E+00 0.00000E+00 0.00000E+00 0.00000E+00 9.17351E-20 1.75419E-19 2.44597E-19 9.04658E-21 1.13682E-20 2.58706E-20 2.77006E-20 3.83600E-20 1.21860E-20 1.52050E-20
 3.31007E+03 6.72248E-19 0.00000E+00 0.00000E+00 0.00000E+00 0.00000E+00 0.00000E+00 0.00000E+00 9.41071E-20 1.75001E-19 2.43995E-19 9.03364E-21 1.13529E-20 2.58280E-20 2.76422E-20 3.82768E-20 1.21468E-20 1.51557E-20
 3.31310E+03 6.70861E-19 0.00000E+00 0.00000E+00 0.00000E+00 0.00000E+00 0.00000E+00 0.00000E+00 9.40734E-20 1.74585E-19 2.43394E-19 9.02072E-21 1.13377E-20 2.57855E-20 2.75840E-20 3.81937E-20 1.21077E-20 1.51066E-20
 3.32524E+03 6.62698E-19 0.00000E+00 0.00000E+00 0.00000E+00 0.00000E+00 0.00000E+00 0.00000E+00 9.12973E-20 1.72927E-19 2.41004E-19 8.96921E-21 1.12768E-20 2.56162E-20 2.73520E-20 3.78628E-20 1.19525E-20 1.49117E-20
 3.34966E+03 6.53393E-19 0.00000E+00 0.00000E+00 0.00000E+00 0.00000E+00 0.00000E+00 0.00000E+00 9.26270E-20 1.69653E-19 2.36290E-19 8.86695E-21 1.11557E-20 2.52803E-20 2.68930E-20 3.72084E-20 1.16480E-20 1.45290E-20
 3.39904E+03 6.30977E-19 0.00000E+00 0.00000E+00 0.00000E+00 0.00000E+00 0.00000E+00 0.00000E+00 9.09463E-20 1.63270E-19 2.27102E-19 8.66547E-21 1.09163E-20 2.46198E-20 2.59948E-20 3.59288E-20 1.10609E-20 1.37916E-20
 3.50000E+03 5.87743E-19 0.00000E+00 0.00000E+00 0.00000E+00 0.00000E+00 0.00000E+00 0.00000E+00 8.71372E-20 1.51131E-19 2.09655E-19 8.27426E-21 1.04484E-20 2.33427E-20 2.42751E-20 3.34837E-20 9.96952E-21 1.24214E-20
 3.85200E+03 4.63737E-19 0.00000E+00 0.00000E+00 0.00000E+00 0.00000E+00 0.00000E+00 0.00000E+00 7.45599E-20 1.16707E-19 1.60743E-19 7.09590E-21 9.01716E-21 1.95500E-20 1.93095E-20 2.64591E-20 7.06455E-21 8.77974E-21
 3.85200E+03 4.81197E-19 0.00000E+00 0.00000E+00 0.00000E+00 0.00000E+00 0.00000E+00 1.74606E-20 7.45599E-20 1.16707E-19 1.60743E-19 7.09590E-21 9.01716E-21 1.95500E-20 1.93095E-20 2.64590E-20 7.06455E-21 8.77973E-21
 3.85427E+03 4.87206E-19 0.00000E+00 0.00000E+00 0.00000E+00 0.00000E+00 0.00000E+00 2.41509E-20 7.44867E-20 1.16519E-19 1.60477E-19 7.08913E-21 9.00883E-21 1.95285E-20 1.92820E-20 2.64202E-20 7.04955E-21 8.76096E-21
 3.85654E+03 4.89580E-19 0.00000E+00 0.00000E+00 0.00000E+00 0.00000E+00 0.00000E+00 2.72045E-20 7.44135E-20 1.16332E-19 1.60212E-19 7.08237E-21 9.00051E-21 1.95069E-20 1.92544E-20 2.63814E-20 7.03458E-21 8.74222E-21
 3.86109E+03 4.89471E-19 0.00000E+00 0.00000E+00 0.00000E+00 0.00000E+00 0.00000E+00 2.84526E-20 7.42674E-20 1.15958E-19 1.59684E-19 7.06886E-21 8.98389E-21 1.94639E-20 1.91994E-20 2.63039E-20 7.00474E-21 8.70487E-21
 3.87020E+03 4.86163E-19 0.00000E+00 0.00000E+00 0.00000E+00 0.00000E+00 0.00000E+00 2.78467E-20 7.39758E-20 1.15212E-19 1.58631E-19 7.04191E-21 8.95071E-21 1.93782E-20 1.90899E-20 2.61496E-20 6.94543E-21 8.63063E-21
 3.88848E+03 4.80774E-19 0.00000E+00 0.00000E+00 0.00000E+00 0.00000E+00 0.00000E+00 2.78194E-20 7.33950E-20 1.13735E-19 1.56546E-19 6.98828E-21 8.88462E-21 1.92076E-20 1.88724E-20 2.58433E-20 6.82829E-21 8.48401E-21
 3.92530E+03 4.70534E-19 0.00000E+00 0.00000E+00 0.00000E+00 0.00000E+00 0.00000E+00 2.81256E-20 7.22429E-20 1.10833E-19 1.52450E-19 6.88210E-21 8.75355E-21 1.88703E-20 1.84439E-20 2.52403E-20 6.59972E-21 8.19799E-21
 4.00000E+03 4.49633E-19 0.00000E+00 0.00000E+00 0.00000E+00 0.00000E+00 0.00000E+00 2.76335E-20 6.99751E-20 1.05232E-19 1.44553E-19 6.67396E-21 8.49576E-21 1.82110E-20 1.76123E-20 2.40711E-20 6.16411E-21 7.65311E-21
 4.16100E+03 4.08490E-19 0.00000E+00 0.00000E+00 0.00000E+00 0.00000E+00 0.00000E+00 2.64239E-20 6.53731E-20 9.43394E-20 1.29227E-19 6.25579E-21 7.97481E-21 1.68942E-20 1.59765E-20 2.17763E-20 5.33628E-21 6.61841E-21
 4.16100E+03 4.24362E-19 0.00000E+00 0.00000E+00 0.00000E+00 0.00000E+00 1.58716E-20 2.64239E-20 6.53731E-20 9.43394E-20 1.29227E-19 6.25579E-21 7.97480E-21 1.68942E-20 1.59765E-20 2.17763E-20 5.33628E-21 6.61841E-21
 4.16355E+03 4.24213E-19 0.00000E+00 0.00000E+00 0.00000E+00 0.00000E+00 1.63321E-20 2.64055E-20 6.53034E-20 9.41790E-20 1.29002E-19 6.24949E-21 7.96693E-21 1.68744E-20 1.59522E-20 2.17423E-20 5.32430E-21 6.60345E-21
 4.16610E+03 4.23925E-19 0.00000E+00 0.00000E+00 0.00000E+00 0.00000E+00 1.66518E-20 2.63870E-20 6.52337E-20 9.40189E-20 1.28777E-19 6.24320E-21 7.95905E-21 1.68547E-20 1.59280E-20 2.17083E-20 5.31235E-21 6.58852E-21
 4.17120E+03 4.23204E-19 0.00000E+00 0.00000E+00 0.00000E+00 0.00000E+00 1.71445E-20 2.63501E-20 6.50945E-20 9.36994E-20 1.28328E-19 6.23063E-21 7.94333E-21 1.68153E-20 1.58796E-20 2.16405E-20 5.28852E-21 6.55875E-21
 4.18142E+03 4.21391E-19 0.00000E+00 0.00000E+00 0.00000E+00 0.00000E+00 1.77487E-20 2.62759E-20 6.48167E-20 9.30635E-20 1.27435E-19 6.20555E-21 7.91194E-21 1.67367E-20 1.57832E-20 2.15055E-20 5.24117E-21 6.49961E-21
 4.20194E+03 4.16549E-19 0.00000E+00 0.00000E+00 0.00000E+00 0.00000E+00 1.77014E-20 2.61267E-20 6.42638E-20 9.18035E-20 1.25666E-19 6.15567E-21 7.84947E-21 1.65805E-20 1.55920E-20 2.12378E-20 5.14768E-21 6.38285E-21
 4.24328E+03 4.06774E-19 0.00000E+00 0.00000E+00 0.00000E+00 0.00000E+00 1.73559E-20 2.58263E-20 6.31685E-20 8.93303E-20 1.22195E-19 6.05698E-21 7.72567E-21 1.62719E-20 1.52156E-20 2.07113E-20 4.96549E-21 6.15535E-21
 4.32718E+03 3.88132E-19 0.00000E+00 0.00000E+00 0.00000E+00 0.00000E+00 1.69480E-20 2.52236E-20 6.10223E-20 8.45663E-20 1.15518E-19 5.86384E-21 7.48270E-21 1.56699E-20 1.44869E-20 1.96928E-20 4.61965E-21 5.72368E-21
 4.50000E+03 3.53236E-19 0.00000E+00 0.00000E+00 0.00000E+00 0.00000E+00 1.61148E-20 2.40192E-20 5.69047E-20 7.57348E-20 1.03167E-19 5.49400E-21 7.01482E-21 1.45244E-20 1.31214E-20 1.77889E-20 3.99647E-21 4.94641E-21
 5.00000E+03 2.73512E-19 0.00000E+00 0.00000E+00 0.00000E+00 0.00000E+00 1.39689E-20 2.08347E-20 4.69042E-20 5.60257E-20 7.57528E-20 4.59964E-21 5.86959E-21 1.17979E-20 9.99723E-21 1.34566E-20 2.69309E-21 3.32337E-21
 5.50000E+03 2.16462E-19 0.00000E+00 0.00000E+00 0.00000E+00 0.00000E+00 1.21892E-20 1.81257E-20 3.91295E-20 4.24014E-20 5.69585E-20 3.90546E-21 4.96841E-21 9.73187E-21 7.76517E-21 1.03845E-20 1.87362E-21 2.30602E-21
 6.00000E+03 1.74505E-19 0.00000E+00 0.00000E+00 0.00000E+00 0.00000E+00 1.07132E-20 1.58357E-20 3.29870E-20 3.27271E-20 4.36979E-20 3.35573E-21 4.24873E-21 8.13296E-21 6.13264E-21 8.15221E-21 1.33929E-21 1.64414E-21
 7.00000E+03 1.18665E-19 0.00000E+00 0.00000E+00 0.00000E+00 0.00000E+00 8.43451E-21 1.22521E-20 2.40897E-20 2.04706E-20 2.70470E-20 2.55166E-21 3.18877E-21 5.86720E-21 3.98810E-21 5.24514E-21 7.31184E-22 8.93505E-22
 8.00000E+03 8.46638E-20 0.00000E+00 0.00000E+00 0.00000E+00 0.00000E+00 6.78816E-21 9.65182E-21 1.81315E-20 1.35003E-20 1.76731E-20 2.00247E-21 2.46259E-21 4.38314E-21 2.71434E-21 3.53625E-21 4.28469E-22 5.21384E-22
 9.00000E+03 6.27088E-20 0.00000E+00 0.00000E+00 0.00000E+00 0.00000E+00 5.56597E-21 7.73191E-21 1.39900E-20 9.28520E-21 1.20548E-20 1.61086E-21 1.94647E-21 3.36662E-21 1.91598E-21 2.47507E-21 2.65427E-22 3.21747E-22
 1.00000E+04 4.78589E-20 0.00000E+00 0.00000E+00 0.00000E+00 0.00000E+00 4.63616E-21 6.28772E-21 1.10214E-20 6.60737E-21 8.51357E-21 1.32210E-21 1.56841E-21 2.64503E-21 1.39356E-21 1.78632E-21 1.71965E-22 2.07725E-22
 1.10000E+04 3.74306E-20 0.00000E+00 0.00000E+00 0.00000E+00 0.00000E+00 3.91405E-21 5.18232E-21 8.83721E-21 4.83591E-21 6.18757E-21 1.10323E-21 1.28433E-21 2.11762E-21 1.03927E-21 1.32267E-21 1.15614E-22 1.39185E-22
 1.25000E+04 2.68710E-20 0.00000E+00 0.00000E+00 0.00000E+00 0.00000E+00 3.10189E-21 3.96368E-21 6.52291E-21 3.16182E-21 4.00685E-21 8.62562E-22 9.76067E-22 1.56177E-21 6.95817E-22 8.76930E-22 6.74330E-23 8.08104E-23
 1.38160E+04 2.06999E-20 0.00000E+00 0.00000E+00 0.00000E+00 0.00000E+00 2.57488E-21 3.19186E-21 5.11288E-21 2.25570E-21 2.83663E-21 7.09519E-22 7.83308E-22 1.22443E-21 5.05188E-22 6.31680E-22 4.39807E-23 5.25073E-23
 1.38160E+04 3.78601E-20 0.00000E+00 0.00000E+00 0.00000E+00 1.71602E-20 2.57488E-21 3.19186E-21 5.11288E-21 2.25569E-21 2.83663E-21 7.09519E-22 7.83308E-22 1.22443E-21 5.05188E-22 6.31680E-22 4.39807E-23 5.25072E-23
 1.38274E+04 5.08711E-20 0.00000E+00 0.00000E+00 0.00000E+00 3.02158E-20 2.57089E-21 3.18608E-21 5.10251E-21 2.24938E-21 2.82851E-21 7.08369E-22 7.81873E-22 1.22195E-21 5.03846E-22 6.29960E-22 4.38253E-23 5.23201E-23
 1.38389E+04 4.99407E-20 0.00000E+00 0.00000E+00 0.00000E+00 2.93299E-20 2.56690E-21 3.18032E-21 5.09216E-21 2.24309E-21 2.82042E-21 7.07221E-22 7.80440E-22 1.21948E-21 5.02506E-22 6.28244E-22 4.36705E-23 5.21336E-23
 1.38503E+04 5.00542E-20 0.00000E+00 0.00000E+00 0.00000E+00 2.94878E-20 2.56292E-21 3.17456E-21 5.08182E-21 2.23681E-21 2.81235E-21 7.06075E-22 7.79009E-22 1.21701E-21 5.01170E-22 6.26533E-22 4.35162E-23 5.19477E-23
 1.38618E+04 5.04855E-20 0.00000E+00 0.00000E+00 0.00000E+00 2.99634E-20 2.55894E-21 3.16881E-21 5.07151E-21 2.23055E-21 2.80430E-21 7.04931E-22 7.77581E-22 1.21455E-21 4.99838E-22 6.24826E-22 4.33625E-23 5.17625E-23
 1.38732E+04 5.06660E-20 0.00000E+00 0.00000E+00 0.00000E+00 3.01882E-20 2.55497E-21 3.16307E-21 5.06121E-21 2.22431E-21 2.79627E-21 7.03788E-22 7.76155E-22 1.21209E-21 4.98509E-22 6.23123E-22 4.32093E-23 5.15780E-23
 1.38847E+04 5.05814E-20 0.00000E+00 0.00000E+00 0.00000E+00 3.01478E-20 2.55101E-21 3.15734E-21 5.05093E-21 2.21809E-21 2.78826E-21 7.02647E-22 7.74731E-22 1.20963E-21 4.97183E-22 6.21425E-22 4.30566E-23 5.13941E-23
 1.39077E+04 5.02624E-20 0.00000E+00 0.00000E+00 0.00000E+00 2.99167E-20 2.54310E-21 3.14591E-21 5.03044E-21 2.20568E-21 2.77232E-21 7.00371E-22 7.71891E-22 1.20474E-21 4.94541E-22 6.18042E-22 4.27528E-23 5.10282E-23
 1.39538E+04 4.99890E-20 0.00000E+00 0.00000E+00 0.00000E+00 2.98182E-20 2.52734E-21 3.12315E-21 4.98968E-21 2.18108E-21 2.74069E-21 6.95839E-22 7.66240E-22 1.19500E-21 4.89298E-22 6.11329E-22 4.21514E-23 5.03039E-23
 1.40000E+04 4.94926E-20 0.00000E+00 0.00000E+00 0.00000E+00 2.94952E-20 2.51167E-21 3.10054E-21 4.94921E-21 2.15674E-21 2.70941E-21 6.91334E-22 7.60626E-22 1.18534E-21 4.84107E-22 6.04684E-22 4.15582E-23 4.95896E-23
 1.44914E+04 4.52117E-20 0.00000E+00 0.00000E+00 0.00000E+00 2.69387E-20 2.35333E-21 2.87314E-21 4.54465E-21 1.91783E-21 2.40277E-21 6.45943E-22 7.04251E-22 1.08875E-21 4.32964E-22 5.39315E-22 3.58309E-23 4.26973E-23
 1.50000E+04 4.11980E-20 0.00000E+00 0.00000E+00 0.00000E+00 2.45042E-20 2.20400E-21 2.66069E-21 4.17073E-21 1.70427E-21 2.12932E-21 6.03338E-22 6.51679E-22 9.99441E-22 3.86931E-22 4.80634E-22 3.08659E-23 3.67299E-23
 1.62440E+04 3.32114E-20 0.00000E+00 0.00000E+00 0.00000E+00 1.96743E-20 1.89112E-21 2.22277E-21 3.41310E-21 1.29390E-21 1.60604E-21 5.14722E-22 5.43562E-22 8.18290E-22 2.97541E-22 3.67162E-22 2.17804E-23 2.58323E-23
 1.62440E+04 4.10068E-20 0.00000E+00 0.00000E+00 7.79545E-21 1.96742E-20 1.89111E-21 2.22277E-21 3.41310E-21 1.29390E-21 1.60604E-21 5.14722E-22 5.43561E-22 8.18289E-22 2.97541E-22 3.67162E-22 2.17804E-23 2.58323E-23
 1.62546E+04 4.61969E-20 0.00000E+00 0.00000E+00 1.30441E-20 1.96389E-20 1.88873E-21 2.21947E-21 3.40746E-21 1.29098E-21 1.60233E-21 5.14050E-22 5.42750E-22 8.16943E-22 2.96900E-22 3.66351E-22 2.17184E-23 2.57580E-23
 1.62652E+04 4.56594E-20 0.00000E+00 0.00000E+00 1.25651E-20 1.96036E-20 1.88635E-21 2.21617E-21 3.40183E-21 1.28807E-21 1.59863E-21 5.13380E-22 5.41939E-22 8.15600E-22 2.96260E-22 3.65541E-22 2.16565E-23 2.56840E-23
 1.62758E+04 4.56478E-20 0.00000E+00 0.00000E+00 1.26119E-20 1.95683E-20 1.88397E-21 2.21288E-21 3.39620E-21 1.28516E-21 1.59493E-21 5.12710E-22 5.41129E-22 8.14258E-22 2.95621E-22 3.64733E-22 2.15949E-23 2.56102E-23
 1.62865E+04 4.58148E-20 0.00000E+00 0.00000E+00 1.28373E-20 1.95331E-20 1.88160E-21 2.20959E-21 3.39059E-21 1.28226E-21 1.59125E-21 5.12041E-22 5.40320E-22 8.12918E-22 2.94984E-22 3.63927E-22 2.15334E-23 2.55366E-23
 1.62971E+04 4.58952E-20 0.00000E+00 0.00000E+00 1.29758E-20 1.94979E-20 1.87922E-21 2.20630E-21 3.38498E-21 1.27937E-21 1.58757E-21 5.11372E-22 5.39513E-22 8.11580E-22 2.94348E-22 3.63123E-22 2.14721E-23 2.54632E-23
 1.63077E+04 4.58543E-20 0.00000E+00 0.00000E+00 1.29931E-20 1.94628E-20 1.87685E-21 2.20302E-21 3.37938E-21 1.27648E-21 1.58391E-21 5.10705E-22 5.38706E-22 8.10245E-22 2.93714E-22 3.62321E-22 2.14110E-23 2.53900E-23
 1.63291E+04 4.56691E-20 0.00000E+00 0.00000E+00 1.29238E-20 1.93928E-20 1.87212E-21 2.19648E-21 3.36821E-21 1.27073E-21 1.57660E-21 5.09373E-22 5.37097E-22 8.07581E-22 2.92449E-22 3.60721E-22 2.12894E-23 2.52444E-23
 1.64145E+04 4.51233E-20 0.00000E+00 0.00000E+00 1.28380E-20 1.91149E-20 1.85331E-21 2.17046E-21 3.32385E-21 1.24798E-21 1.54772E-21 5.04078E-22 5.30706E-22 7.97008E-22 2.87444E-22 3.54394E-22 2.08100E-23 2.46706E-23
 1.65869E+04 4.38873E-20 0.00000E+00 0.00000E+00 1.25039E-20 1.85696E-20 1.81621E-21 2.11926E-21 3.23676E-21 1.20374E-21 1.49156E-21 4.93650E-22 5.18141E-22 7.76265E-22 2.77693E-22 3.42075E-22 1.98851E-23 2.35640E-23
 1.69370E+04 4.15424E-20 0.00000E+00 0.00000E+00 1.18919E-20 1.75208E-20 1.74411E-21 2.02012E-21 3.06890E-21 1.11999E-21 1.38543E-21 4.73418E-22 4.93853E-22 7.36335E-22 2.59176E-22 3.18714E-22 1.81629E-23 2.15048E-23
 1.69370E+04 4.73486E-20 0.00000E+00 5.80619E-21 1.18919E-20 1.75208E-20 1.74411E-21 2.02012E-21 3.06890E-21 1.11999E-21 1.38543E-21 4.73418E-22 4.93853E-22 7.36334E-22 2.59176E-22 3.18714E-22 1.81628E-23 2.15047E-23
 1.69457E+04 4.76895E-20 0.00000E+00 6.20325E-21 1.18770E-20 1.74958E-20 1.74238E-21 2.01775E-21 3.06490E-21 1.11802E-21 1.38293E-21 4.72933E-22 4.93272E-22 7.35383E-22 2.58739E-22 3.18163E-22 1.81227E-23 2.14568E-23
 1.69543E+04 4.78560E-20 0.00000E+00 6.42573E-21 1.18621E-20 1.74709E-20 1.74065E-21 2.01538E-21 3.06090E-21 1.11605E-21 1.38044E-21 4.72449E-22 4.92693E-22 7.34432E-22 2.58302E-22 3.17613E-22 1.80827E-23 2.14090E-23
 1.69630E+04 4.78985E-20 0.00000E+00 6.52423E-21 1.18473E-20 1.74460E-20 1.73893E-21 2.01301E-21 3.05691E-21 1.11409E-21 1.37795E-21 4.71965E-22 4.92114E-22 7.33483E-22 2.57867E-22 3.17064E-22 1.80428E-23 2.13612E-23
 1.69717E+04 4.78435E-20 0.00000E+00 6.52521E-21 1.18324E-20 1.74211E-20 1.73720E-21 2.01065E-21 3.05292E-21 1.11212E-21 1.37546E-21 4.71482E-22 4.91535E-22 7.32535E-22 2.57432E-22 3.16515E-22 1.80029E-23 2.13136E-23
 1.70064E+04 4.75101E-20 0.00000E+00 6.41487E-21 1.17731E-20 1.73219E-20 1.73032E-21 2.00122E-21 3.03702E-21 1.10431E-21 1.36557E-21 4.69554E-22 4.89227E-22 7.28754E-22 2.55699E-22 3.14332E-22 1.78444E-23 2.11242E-23
 1.70760E+04 4.70493E-20 0.00000E+00 6.39714E-21 1.16549E-20 1.71251E-20 1.71663E-21 1.98248E-21 3.00544E-21 1.08884E-21 1.34599E-21 4.65719E-22 4.84642E-22 7.21249E-22 2.52267E-22 3.10009E-22 1.75317E-23 2.07506E-23
 1.72162E+04 4.60973E-20 0.00000E+00 6.31961E-21 1.14201E-20 1.67377E-20 1.68954E-21 1.94547E-21 2.94319E-21 1.05854E-21 1.30767E-21 4.58139E-22 4.75590E-22 7.06453E-22 2.45537E-22 3.01535E-22 1.69225E-23 2.00230E-23
 1.75000E+04 4.42276E-20 0.00000E+00 6.14945E-21 1.09604E-20 1.59868E-20 1.63653E-21 1.87329E-21 2.82223E-21 1.00032E-21 1.23410E-21 4.43319E-22 4.57942E-22 6.77695E-22 2.32579E-22 2.85234E-22 1.57647E-23 1.86406E-23
 2.00000E+04 3.14706E-20 0.00000E+00 4.87863E-21 7.82206E-21 1.09500E-20 1.25686E-21 1.36914E-21 1.99440E-21 6.25973E-22 7.63584E-22 3.37932E-22 3.34614E-22 4.80120E-22 1.48309E-22 1.79808E-22 8.74187E-24 1.02766E-23
 2.20000E+04 2.46152E-20 0.00000E+00 4.10983E-21 6.11020E-21 8.32371E-21 1.03756E-21 1.08905E-21 1.54917E-21 4.46265E-22 5.39841E-22 2.77684E-22 2.66275E-22 3.73708E-22 1.07051E-22 1.28698E-22 5.71708E-24 6.69162E-24
 2.50000E+04 1.76513E-20 0.00000E+00 3.23915E-21 4.35939E-21 5.73460E-21 7.98859E-22 7.96122E-22 1.09723E-21 2.82141E-22 3.37370E-22 2.12655E-22 1.94883E-22 2.65490E-22 6.87264E-23 8.16631E-23 3.22050E-24 3.74640E-24
 3.00000E+04 1.09285E-20 0.00000E+00 2.27409E-21 2.66478E-21 3.34034E-21 5.45689E-22 5.03287E-22 6.63247E-22 1.45456E-22 1.70954E-22 1.44349E-22 1.23521E-22 1.61217E-22 3.61324E-23 4.21945E-23 1.41049E-24 1.62559E-24
 3.50000E+04 7.25634E-21 0.00000E+00 1.66617E-21 1.74233E-21 2.09874E-21 3.92467E-22 3.38166E-22 4.29065E-22 8.24810E-23 9.54732E-23 1.03373E-22 8.32242E-23 1.04715E-22 2.07950E-23 2.39139E-23 6.98301E-25 7.98150E-25
 4.00000E+04 5.07568E-21 0.00000E+00 1.26196E-21 1.19896E-21 1.39590E-21 2.93408E-22 2.38014E-22 2.92203E-22 5.02284E-23 5.73433E-23 7.70476E-23 5.87330E-23 7.15637E-23 1.28114E-23 1.45313E-23 3.78663E-25 4.29604E-25
 4.50000E+04 3.69647E-21 0.00000E+00 9.81610E-22 8.58940E-22 9.70590E-22 2.26081E-22 1.73767E-22 2.07181E-22 3.23269E-23 3.64502E-23 5.92375E-23 4.29883E-23 5.08988E-23 8.32432E-24 9.32450E-24 2.20299E-25 2.48233E-25
 5.00000E+04 2.78003E-21 0.00000E+00 7.80427E-22 6.35660E-22 6.99364E-22 1.78487E-22 1.30682E-22 1.51758E-22 2.17501E-23 2.42448E-23 4.66906E-23 3.24046E-23 3.73854E-23 5.64535E-24 6.25147E-24 1.35553E-25 1.51770E-25
 5.50000E+04 2.14640E-21 0.00000E+00 6.31930E-22 4.83185E-22 5.18903E-22 1.43757E-22 1.00720E-22 1.14190E-22 1.51769E-23 1.67380E-23 3.75590E-23 2.50281E-23 2.81991E-23 3.96540E-24 4.34491E-24 8.73042E-26 9.71649E-26
 6.00000E+04 1.69376E-21 0.00000E+00 5.19702E-22 3.75616E-22 3.94547E-22 1.17742E-22 7.92469E-23 8.78830E-23 1.09161E-23 1.19216E-23 3.07327E-23 1.97306E-23 2.17500E-23 2.86843E-24 3.11233E-24 5.84015E-26 6.46340E-26
 7.00000E+04 1.11179E-21 0.00000E+00 3.65248E-22 2.39748E-22 2.42080E-22 8.22766E-23 5.15989E-23 5.50072E-23 6.07881E-24 6.52236E-24 2.14471E-23 1.28906E-23 1.36643E-23 1.61221E-24 1.71870E-24 2.86435E-26 3.13824E-26
 8.00000E+04 7.71148E-22 0.00000E+00 2.67473E-22 1.62107E-22 1.58140E-22 6.00362E-23 3.54479E-23 3.65040E-23 3.65806E-24 3.86417E-24 1.56364E-23 8.88075E-24 9.09551E-24 9.77073E-25 1.02563E-24 1.54752E-26 1.67989E-26
 9.00000E+04 5.58092E-22 0.00000E+00 2.02338E-22 1.14634E-22 1.08459E-22 4.53127E-23 2.53937E-23 2.53571E-23 2.33687E-24 2.43517E-24 1.17953E-23 6.37727E-24 6.33414E-24 6.27803E-25 6.50058E-25 9.00802E-27 9.69856E-27
 9.31060E+04 5.08398E-22 0.00000E+00 1.86575E-22 1.03722E-22 9.72709E-23 4.17608E-23 2.30585E-23 2.28209E-23 2.05402E-24 2.13201E-24 1.08693E-23 5.79475E-24 5.70460E-24 5.52674E-25 5.70027E-25 7.71134E-27 8.28302E-27
 9.31060E+04 2.16024E-21 1.65185E-21 1.86575E-22 1.03722E-22 9.72709E-23 4.17608E-23 2.30585E-23 2.28209E-23 2.05402E-24 2.13201E-24 1.08693E-23 5.79475E-24 5.70460E-24 5.52673E-25 5.70027E-25 7.71133E-27 8.28301E-27
 9.31580E+04 2.32141E-21 1.81379E-21 1.86326E-22 1.03552E-22 9.70967E-23 4.17046E-23 2.30219E-23 2.27814E-23 2.04966E-24 2.12735E-24 1.08547E-23 5.78561E-24 5.69477E-24 5.51515E-25 5.68795E-25 7.69162E-27 8.26151E-27
 9.32100E+04 2.32505E-21 1.81821E-21 1.86077E-22 1.03381E-22 9.69228E-23 4.16486E-23 2.29853E-23 2.27419E-23 2.04531E-24 2.12270E-24 1.08401E-23 5.77649E-24 5.68496E-24 5.50359E-25 5.67566E-25 7.67195E-27 8.24007E-27
 9.32620E+04 2.32615E-21 1.82009E-21 1.85828E-22 1.03211E-22 9.67492E-23 4.15926E-23 2.29489E-23 2.27024E-23 2.04097E-24 2.11806E-24 1.08255E-23 5.76739E-24 5.67517E-24 5.49205E-25 5.66339E-25 7.65234E-27 8.21868E-27
 9.33141E+04 2.31601E-21 1.81073E-21 1.85580E-22 1.03042E-22 9.65759E-23 4.15367E-23 2.29124E-23 2.26630E-23 2.03664E-24 2.11343E-24 1.08109E-23 5.75830E-24 5.66539E-24 5.48054E-25 5.65116E-25 7.63278E-27 8.19735E-27
 9.34183E+04 2.30630E-21 1.80256E-21 1.85084E-22 1.02703E-22 9.62303E-23 4.14251E-23 2.28397E-23 2.25845E-23 2.02801E-24 2.10419E-24 1.07818E-23 5.74016E-24 5.64588E-24 5.45758E-25 5.62676E-25 7.59380E-27 8.15485E-27
 9.35226E+04 2.30436E-21 1.80217E-21 1.84590E-22 1.02365E-22 9.58859E-23 4.13138E-23 2.27673E-23 2.25062E-23 2.01941E-24 2.09500E-24 1.07528E-23 5.72207E-24 5.62644E-24 5.43472E-25 5.60247E-25 7.55502E-27 8.11257E-27
 9.37316E+04 2.29344E-21 1.79432E-21 1.83605E-22 1.01693E-22 9.52007E-23 4.10920E-23 2.26230E-23 2.23505E-23 2.00233E-24 2.07674E-24 1.06950E-23 5.68607E-24 5.58776E-24 5.38930E-25 5.55420E-25 7.47806E-27 8.02868E-27
 9.39411E+04 2.27783E-21 1.78177E-21 1.82625E-22 1.01025E-22 9.45205E-23 4.08714E-23 2.24797E-23 2.21958E-23 1.98540E-24 2.05863E-24 1.06375E-23 5.65030E-24 5.54935E-24 5.34425E-25 5.50635E-25 7.40190E-27 7.94566E-27
 9.47836E+04 2.22684E-21 1.74281E-21 1.78755E-22 9.83987E-23 9.18481E-23 4.00004E-23 2.19154E-23 2.15877E-23 1.91910E-24 1.98781E-24 1.04105E-23 5.50942E-24 5.39829E-24 5.16784E-25 5.31910E-25 7.10504E-27 7.62221E-27
 9.64915E+04 2.12884E-21 1.66799E-21 1.71253E-22 9.33502E-23 8.67297E-23 3.83125E-23 2.08289E-23 2.04211E-23 1.79321E-24 1.85352E-24 9.97065E-24 5.23810E-24 5.10841E-24 4.83259E-25 4.96380E-25 6.54741E-27 7.01518E-27
 1.00000E+05 1.94338E-21 1.52561E-21 1.57150E-22 8.40211E-23 7.73379E-23 3.51425E-23 1.88145E-23 1.82735E-23 1.56607E-24 1.61201E-24 9.14469E-24 4.73473E-24 4.57438E-24 4.22682E-25 4.32389E-25 5.56296E-27 5.94549E-27
 1.10000E+05 1.52090E-21 1.19945E-21 1.24750E-22 6.34178E-23 5.69336E-23 2.78722E-23 1.43315E-23 1.35725E-23 1.09123E-24 1.11108E-24 7.25120E-24 3.61288E-24 3.40378E-24 2.95654E-25 2.99197E-25 3.60559E-27 3.82816E-27
 1.25000E+05 1.09167E-21 8.65467E-22 9.12565E-23 4.34873E-23 3.77514E-23 2.03748E-23 9.93946E-24 9.09901E-24 6.73231E-25 6.75901E-25 5.29975E-24 2.51134E-24 2.28711E-24 1.83288E-25 1.82889E-25 2.02359E-27 2.13022E-27
 1.40000E+05 8.11814E-22 6.46091E-22 6.90008E-23 3.11406E-23 2.62403E-23 1.54026E-23 7.18322E-24 6.38096E-24 4.39828E-25 4.36231E-25 4.00616E-24 1.81834E-24 1.60689E-24 1.20186E-25 1.18504E-25 1.21936E-27 1.27426E-27
 1.50000E+05 6.77363E-22 5.40191E-22 5.81508E-23 2.54224E-23 2.10385E-23 1.29810E-23 5.89506E-24 5.14174E-24 3.39834E-25 3.34737E-25 3.37627E-24 1.49382E-24 1.29622E-24 9.30549E-26 9.11215E-26 8.97432E-28 9.34037E-28
 1.75000E+05 4.51504E-22 3.61475E-22 3.96081E-23 1.61862E-23 1.28690E-23 8.84497E-24 3.79375E-24 3.17752E-24 1.91795E-25 1.86224E-25 2.30068E-24 9.63508E-25 8.02817E-25 5.27534E-26 5.09283E-26 4.56294E-28 4.70860E-28
 2.00000E+05 3.17693E-22 2.55044E-22 2.83694E-23 1.09775E-23 8.43541E-24 6.33888E-24 2.59444E-24 2.09921E-24 1.17559E-25 1.12923E-25 1.64901E-24 6.60067E-25 5.31283E-25 3.24396E-26 3.09852E-26 2.56630E-28 2.63255E-28
 2.20000E+05 2.47366E-22 1.98922E-22 2.23556E-23 8.33767E-24 6.25610E-24 4.99764E-24 1.98120E-24 1.56472E-24 8.31982E-26 7.94094E-26 1.30024E-24 5.04631E-25 3.96451E-25 2.30095E-26 2.18383E-26 1.71147E-28 1.74963E-28
 2.50000E+05 1.77163E-22 1.42753E-22 1.62526E-23 5.78489E-24 4.20782E-24 3.63593E-24 1.38359E-24 1.05882E-24 5.26571E-26 4.99038E-26 9.46108E-25 3.52920E-25 2.68629E-25 1.45981E-26 1.37614E-26 1.00153E-28 1.02185E-28
 2.73861E+05 1.39747E-22 1.12753E-22 1.29486E-23 4.46394E-24 3.17706E-24 2.89831E-24 1.07223E-24 8.02599E-25 3.80759E-26 3.59530E-26 7.54259E-25 2.73754E-25 2.03804E-25 1.05737E-26 9.93150E-27 6.85481E-29 6.99379E-29
 3.00000E+05 1.10677E-22 8.94068E-23 1.03471E-23 3.46283E-24 2.41491E-24 2.31716E-24 8.34927E-25 6.12131E-25 2.77788E-26 2.61830E-26 6.03088E-25 2.13341E-25 1.55561E-25 7.72774E-27 7.24329E-27 4.76262E-29 4.86244E-29
 3.24037E+05 9.09534E-23 7.35465E-23 8.56346E-24 2.79693E-24 1.91799E-24 1.91850E-24 6.76388E-25 4.87473E-25 2.13170E-26 2.00791E-26 4.99374E-25 1.72947E-25 1.23957E-25 5.93681E-27 5.56093E-27 3.50790E-29 3.58553E-29
 3.50000E+05 7.48931E-23 6.06189E-23 7.09733E-24 2.26418E-24 1.52762E-24 1.59062E-24 5.49070E-25 3.89222E-25 1.64128E-26 1.54613E-26 4.14063E-25 1.40482E-25 9.90265E-26 4.57450E-27 4.28659E-27 2.59211E-29 2.65536E-29
 3.74166E+05 6.33831E-23 5.13455E-23 6.03782E-24 1.88856E-24 1.25700E-24 1.35356E-24 4.59017E-25 3.20898E-25 1.31154E-26 1.23686E-26 3.52375E-25 1.17500E-25 8.16798E-26 3.65872E-27 3.43242E-27 2.00146E-29 2.05787E-29
 4.00000E+05 5.37607E-23 4.35864E-23 5.14525E-24 1.57933E-24 1.03775E-24 1.15376E-24 3.84662E-25 2.65387E-25 1.05224E-26 9.94372E-27 3.00377E-25 9.85092E-26 6.75780E-26 2.93844E-27 2.76206E-27 1.55539E-29 1.60714E-29
 4.50000E+05 4.03731E-23 3.27798E-23 3.89222E-24 1.15729E-24 7.44260E-25 8.73101E-25 2.82799E-25 1.90856E-25 7.18439E-27 6.82420E-27 2.27328E-25 7.24762E-26 4.86287E-26 2.00830E-27 1.89776E-27 1.00494E-29 1.04618E-29
 5.00000E+05 3.14142E-23 2.55389E-23 3.04499E-24 8.81520E-25 5.56923E-25 6.83208E-25 2.15960E-25 1.43107E-25 5.14839E-27 4.92505E-27 1.77894E-25 5.53790E-26 3.64799E-26 1.44097E-27 1.37071E-27 6.86585E-30 7.22705E-30
 5.50000E+05 2.51494E-23 2.04696E-23 2.44768E-24 6.92694E-25 4.31149E-25 5.49258E-25 1.70049E-25 1.10962E-25 3.83610E-27 3.69823E-27 1.43020E-25 4.36255E-26 2.82963E-26 1.07480E-27 1.03037E-27 4.91308E-30 5.23247E-30
 6.00000E+05 2.06080E-23 1.67910E-23 2.01187E-24 5.58377E-25 3.43164E-25 4.51484E-25 1.37299E-25 8.84280E-26 2.95263E-27 2.86960E-27 1.17562E-25 3.52356E-26 2.25558E-26 8.27437E-28 8.00041E-28 3.65058E-30 3.93523E-30
 6.48074E+05 1.73220E-23 1.41267E-23 1.69493E-24 4.62779E-25 2.81400E-25 3.80358E-25 1.13938E-25 7.25815E-26 2.35123E-27 2.30410E-27 9.90410E-26 2.92492E-26 1.85176E-26 6.59134E-28 6.42628E-28 2.81552E-30 3.07853E-30
 7.00000E+05 1.46179E-23 1.19322E-23 1.43292E-24 3.85396E-25 2.32059E-25 3.21547E-25 9.49920E-26 5.99014E-26 1.88509E-27 1.86408E-27 8.37258E-26 2.43927E-26 1.52856E-26 5.28847E-28 5.20098E-28 2.18888E-30 2.43261E-30
 7.48331E+05 1.26445E-23 1.03292E-23 1.24108E-24 3.29722E-25 1.96931E-25 2.78479E-25 8.13430E-26 5.08637E-26 1.56186E-27 1.55718E-27 7.25104E-26 2.08922E-26 1.29810E-26 4.38420E-28 4.34676E-28 1.77032E-30 1.99189E-30
 8.00000E+05 1.09628E-23 8.96212E-24 1.07713E-24 2.82906E-25 1.67667E-25 2.41670E-25 6.98522E-26 4.33275E-26 1.29937E-27 1.30636E-27 6.29249E-26 1.79437E-26 1.10588E-26 3.64863E-28 3.64839E-28 1.44122E-30 1.63851E-30
 8.48528E+05 9.68299E-24 7.92087E-24 9.52074E-25 2.47720E-25 1.45855E-25 2.13591E-25 6.12051E-26 3.77055E-26 1.10838E-27 1.12290E-27 5.56124E-26 1.57243E-26 9.62463E-27 3.11281E-28 3.13643E-28 1.20567E-30 1.38491E-30
 9.00000E+05 8.56921E-24 7.01402E-24 8.43021E-25 2.17463E-25 1.27240E-25 1.89105E-25 5.37602E-26 3.29036E-26 9.48934E-28 9.68949E-28 4.92356E-26 1.38133E-26 8.39951E-27 2.66534E-28 2.70615E-28 1.01178E-30 1.17636E-30
 1.00000E+06 6.91458E-24 5.66544E-24 6.80660E-25 1.73205E-25 1.00261E-25 1.52651E-25 4.28559E-26 2.59373E-26 7.23593E-28 7.49716E-28 3.97419E-26 1.10142E-26 6.62187E-27 2.03376E-28 2.09441E-28 7.45169E-31 8.87661E-31
 1.10000E+06 5.72115E-24 4.69154E-24 5.63295E-25 1.41886E-25 8.13712E-26 1.26301E-25 3.51292E-26 2.10556E-26 5.71052E-28 5.99500E-28 3.28800E-26 9.02960E-27 5.37595E-27 1.60589E-28 1.67607E-28 5.70904E-31 6.94902E-31
 1.17260E+06 5.04993E-24 4.14325E-24 4.97196E-25 1.24523E-25 7.09802E-26 1.11462E-25 3.08421E-26 1.83691E-26 4.89489E-28 5.18323E-28 2.90158E-26 7.92819E-27 4.69014E-27 1.37691E-28 1.44940E-28 4.80173E-31 5.92811E-31
 1.25000E+06 4.46715E-24 3.66683E-24 4.39754E-25 1.09619E-25 6.21140E-26 9.85680E-26 2.71594E-26 1.60761E-26 4.21449E-28 4.50021E-28 2.56581E-26 6.98196E-27 4.10469E-27 1.18564E-28 1.25823E-28 4.06285E-31 5.08125E-31
 1.40000E+06 3.60969E-24 2.96519E-24 3.55169E-25 8.79920E-26 4.93443E-26 7.95840E-26 2.18108E-26 1.27721E-26 3.25928E-28 3.53138E-28 2.07149E-26 5.60736E-27 3.26103E-27 9.16551E-29 9.87260E-29 3.05696E-31 3.89657E-31
 1.50000E+06 3.17928E-24 2.61264E-24 3.12684E-25 7.72852E-26 4.30708E-26 7.00510E-26 1.91604E-26 1.11482E-26 2.80141E-28 3.06172E-28 1.82327E-26 4.92642E-27 2.84644E-27 7.88273E-29 8.56022E-29 2.58022E-31 3.34355E-31
 1.62019E+06 2.76476E-24 2.27288E-24 2.71755E-25 6.70673E-26 3.71226E-26 6.08671E-26 1.66294E-26 9.60805E-27 2.37571E-28 2.62065E-28 1.58413E-26 4.27592E-27 2.45319E-27 6.68884E-29 7.32885E-29 2.14757E-31 2.82983E-31
 1.75000E+06 2.41181E-24 1.98335E-24 2.36899E-25 5.84585E-26 3.21345E-26 5.30500E-26 1.44971E-26 8.31663E-27 2.02566E-28 2.25446E-28 1.38061E-26 3.72772E-27 2.12343E-27 5.70397E-29 6.30712E-29 1.80041E-31 2.40568E-31
 2.00000E+06 1.91380E-24 1.57450E-24 1.87721E-25 4.64283E-26 2.52251E-26 4.20213E-26 1.15162E-26 6.52747E-27 1.55451E-28 1.75420E-28 1.09350E-26 2.96140E-27 1.66652E-27 4.37765E-29 4.90914E-29 1.33932E-31 1.84129E-31
 2.20000E+06 1.62952E-24 1.34113E-24 1.59627E-25 3.94770E-26 2.14412E-26 3.56727E-26 9.77594E-27 5.54068E-27 1.31943E-28 1.48890E-28 9.27910E-27 2.51292E-27 1.41411E-27 3.71452E-29 4.16548E-29 1.13639E-31 1.56231E-31
 2.50000E+06 1.32073E-24 1.08754E-24 1.29146E-25 3.19359E-26 1.73383E-26 2.88015E-26 7.89259E-27 4.47285E-27 1.06506E-28 1.20184E-28 7.48802E-27 2.02783E-27 1.14111E-27 2.99730E-29 3.36118E-29 9.16930E-32 1.26059E-31
 2.73861E+06 1.14086E-24 9.39795E-25 1.11398E-25 2.75479E-26 1.49474E-26 2.48113E-26 6.79967E-27 3.85194E-27 9.16613E-29 1.03471E-28 6.44856E-27 1.74651E-27 9.82447E-28 2.57895E-29 2.89314E-29 7.88173E-32 1.08457E-31
 3.00000E+06 9.89228E-25 8.15241E-25 9.64283E-26 2.38425E-26 1.29377E-26 2.14492E-26 5.87748E-27 3.33048E-27 7.92971E-29 8.94780E-29 5.57297E-27 1.50918E-27 8.49226E-28 2.23054E-29 2.50132E-29 6.82322E-32 9.38053E-32
 3.24037E+06 8.78621E-25 7.24389E-25 8.55033E-26 2.11396E-26 1.14701E-26 1.90000E-26 5.20604E-27 2.95023E-27 7.02557E-29 7.92646E-29 4.93538E-27 1.33645E-27 7.52114E-28 1.97585E-29 2.21541E-29 6.04601E-32 8.30937E-32
 3.50000E+06 7.82051E-25 6.45069E-25 7.59591E-26 1.87797E-26 1.01867E-26 1.68639E-26 4.62083E-27 2.61818E-27 6.23332E-29 7.03349E-29 4.37956E-27 1.18598E-27 6.67343E-28 1.75276E-29 1.96553E-29 5.36147E-32 7.37091E-32
 4.00000E+06 6.42230E-25 5.30235E-25 6.21280E-26 1.53592E-26 8.32887E-27 1.37730E-26 3.77380E-27 2.13811E-27 5.09011E-29 5.74345E-29 3.57558E-27 9.68248E-28 5.44820E-28 1.43092E-29 1.60462E-29 4.37686E-32 6.01727E-32
 4.50000E+06 5.42422E-25 4.48269E-25 5.22474E-26 1.29158E-26 7.00232E-27 1.15692E-26 3.16988E-27 1.79586E-27 4.27515E-29 4.82383E-29 3.00261E-27 8.13081E-28 4.57504E-28 1.20157E-29 1.34743E-29 3.67523E-32 5.05268E-32
 5.00000E+06 4.68065E-25 3.87199E-25 4.48857E-26 1.10955E-26 6.01432E-27 9.92982E-27 2.72064E-27 1.54128E-27 3.66899E-29 4.13983E-29 2.57653E-27 6.97696E-28 3.92575E-28 1.03103E-29 1.15618E-29 3.15353E-32 4.33544E-32
 5.50000E+06 4.10774E-25 3.40135E-25 3.92172E-26 9.69393E-27 5.25380E-27 8.66908E-27 2.37517E-27 1.34552E-27 3.20290E-29 3.61391E-29 2.24897E-27 6.08993E-28 3.42661E-28 8.99929E-30 1.00916E-29 2.75249E-32 3.78410E-32
 6.00000E+06 3.65450E-25 3.02895E-25 3.47355E-26 8.58587E-27 4.65267E-27 7.67338E-27 2.10234E-27 1.19093E-27 2.83484E-29 3.19860E-29 1.99034E-27 5.38956E-28 3.03251E-28 7.96420E-30 8.93089E-30 2.43587E-32 3.34880E-32
 7.00000E+06 2.98553E-25 2.47899E-25 2.81350E-26 6.95404E-27 3.76762E-27 6.20884E-27 1.70105E-27 9.63564E-28 2.29354E-29 2.58781E-29 1.61006E-27 4.35975E-28 2.45305E-28 6.44226E-30 7.22421E-30 1.97033E-32 2.70879E-32
 8.00000E+06 2.51780E-25 2.09411E-25 2.35383E-26 5.81767E-27 3.15146E-27 5.19034E-27 1.42198E-27 8.05460E-28 1.91715E-29 2.16312E-29 1.34568E-27 3.64385E-28 2.05022E-28 5.38428E-30 6.03780E-30 1.64672E-32 2.26390E-32
 9.00000E+06 2.17367E-25 1.81063E-25 2.01726E-26 4.98567E-27 2.70044E-27 4.44543E-27 1.21789E-27 6.89834E-28 1.64190E-29 1.85254E-29 1.15238E-27 3.12040E-28 1.75569E-28 4.61073E-30 5.17035E-30 1.41012E-32 1.93862E-32
 1.00000E+07 1.91055E-25 1.59362E-25 1.76123E-26 4.35280E-27 2.35742E-27 3.87929E-27 1.06277E-27 6.01961E-28 1.43273E-29 1.61652E-29 1.00549E-27 2.72265E-28 1.53189E-28 4.02297E-30 4.51124E-30 1.23035E-32 1.69147E-32
 1.10000E+07 1.69632E-25 1.41554E-25 1.56053E-26 3.85670E-27 2.08857E-27 3.43581E-27 9.41267E-28 5.33130E-28 1.26888E-29 1.43166E-29 8.90455E-28 2.41114E-28 1.35661E-28 3.56264E-30 3.99505E-30 1.08956E-32 1.49791E-32
 1.25000E+07 1.44950E-25 1.21020E-25 1.33016E-26 3.28728E-27 1.78003E-27 2.92713E-27 8.01903E-28 4.54185E-28 1.08097E-29 1.21963E-29 7.58529E-28 2.05391E-28 1.15561E-28 3.03476E-30 3.40309E-30 9.28105E-33 1.27595E-32
 1.40000E+07 1.26351E-25 1.05536E-25 1.15720E-26 2.85979E-27 1.54843E-27 2.54552E-27 6.97353E-28 3.94962E-28 9.40004E-30 1.06058E-29 6.59576E-28 1.78596E-28 1.00485E-28 2.63883E-30 2.95910E-30 8.07011E-33 1.10947E-32
 1.50000E+07 1.16324E-25 9.71827E-26 1.06419E-26 2.62992E-27 1.42390E-27 2.34041E-27 6.41160E-28 3.63133E-28 8.64243E-30 9.75099E-30 6.06397E-28 1.64196E-28 9.23828E-29 2.42605E-30 2.72050E-30 7.41935E-33 1.02000E-32
 1.75000E+07 9.69319E-26 8.10187E-26 8.84817E-27 2.18658E-27 1.18377E-27 1.94506E-27 5.32846E-28 3.01781E-28 7.18217E-30 8.10338E-30 5.03905E-28 1.36444E-28 7.67678E-29 2.01597E-30 2.26065E-30 6.16518E-33 8.47581E-33
 2.00000E+07 8.29735E-26 6.93759E-26 7.56131E-27 1.86854E-27 1.01152E-27 1.66161E-27 4.55193E-28 2.57798E-28 6.13533E-30 6.92225E-30 4.30437E-28 1.16550E-28 6.55749E-29 1.72203E-30 1.93103E-30 5.26622E-33 7.23992E-33
 2.20000E+07 7.43556E-26 6.21841E-26 6.76869E-27 1.67265E-27 9.05438E-28 1.48711E-27 4.07388E-28 2.30721E-28 5.49088E-30 6.19513E-30 3.85213E-28 1.04305E-28 5.86849E-29 1.54109E-30 1.72813E-30 4.71285E-33 6.47917E-33
 2.50000E+07 6.42890E-26 5.37797E-26 5.84472E-27 1.44431E-27 7.81791E-28 1.28378E-27 3.51683E-28 1.99171E-28 4.73998E-30 5.34791E-30 3.32521E-28 9.00369E-29 5.06573E-29 1.33028E-30 1.49173E-30 4.06814E-33 5.59282E-33
 3.00000E+07 5.23971E-26 4.38462E-26 4.75600E-27 1.17525E-27 6.36113E-28 1.04431E-27 2.86079E-28 1.62015E-28 3.85568E-30 4.35018E-30 2.70473E-28 7.32357E-29 4.12044E-29 1.08203E-30 1.21335E-30 3.30896E-33 4.54911E-33
 3.50000E+07 4.41839E-26 3.69821E-26 4.00588E-27 9.89881E-28 5.35756E-28 8.79396E-28 2.40902E-28 1.36429E-28 3.24674E-30 3.66313E-30 2.27748E-28 6.16672E-29 3.46955E-29 9.11106E-31 1.02168E-30 2.78623E-33 3.83047E-33
 4.00000E+07 3.81794E-26 3.19620E-26 3.45849E-27 8.54610E-28 4.62527E-28 7.59097E-28 2.07947E-28 1.17764E-28 2.80254E-30 3.16196E-30 1.96585E-28 5.32289E-29 2.99479E-29 7.86431E-31 8.81875E-31 2.40495E-33 3.30630E-33
 4.50000E+07 3.36023E-26 2.81341E-26 3.04181E-27 7.51640E-28 4.06788E-28 6.67549E-28 1.82868E-28 1.03561E-28 2.46452E-30 2.78058E-30 1.72870E-28 4.68078E-29 2.63352E-29 6.91559E-31 7.75490E-31 2.11482E-33 2.90743E-33
 5.00000E+07 2.99996E-26 2.51205E-26 2.71420E-27 6.70684E-28 3.62967E-28 5.95588E-28 1.63154E-28 9.23964E-29 2.19882E-30 2.48081E-30 1.54231E-28 4.17608E-29 2.34956E-29 6.16991E-31 6.91872E-31 1.88679E-33 2.59393E-33
 5.50000E+07 2.70912E-26 2.26873E-26 2.44998E-27 6.05391E-28 3.27625E-28 5.37560E-28 1.47258E-28 8.33936E-29 1.98457E-30 2.23908E-30 1.39201E-28 3.76912E-29 2.12059E-29 5.56863E-31 6.24446E-31 1.70291E-33 2.34113E-33
 6.00000E+07 2.46948E-26 2.06819E-26 2.23242E-27 5.51631E-28 2.98527E-28 4.89788E-28 1.34171E-28 7.59823E-29 1.80819E-30 2.04008E-30 1.26828E-28 3.43410E-29 1.93210E-29 5.07365E-31 5.68941E-31 1.55154E-33 2.13303E-33
 7.00000E+07 2.09791E-26 1.75722E-26 1.89540E-27 4.68351E-28 2.53452E-28 4.15798E-28 1.13902E-28 6.45035E-29 1.53502E-30 1.73187E-30 1.07666E-28 2.91524E-29 1.64017E-29 4.30706E-31 4.82978E-31 1.31711E-33 1.81074E-33
 8.00000E+07 1.82328E-26 1.52732E-26 1.64655E-27 4.06859E-28 2.20172E-28 3.61176E-28 9.89390E-29 5.60295E-29 1.33335E-30 1.50435E-30 9.35200E-29 2.53221E-29 1.42467E-29 3.74115E-31 4.19519E-31 1.14405E-33 1.57282E-33
 9.00000E+07 1.61209E-26 1.35051E-26 1.45533E-27 3.59608E-28 1.94599E-28 3.19209E-28 8.74427E-29 4.95189E-29 1.17842E-30 1.32954E-30 8.26520E-29 2.23794E-29 1.25911E-29 3.30639E-31 3.70766E-31 1.01110E-33 1.39004E-33
 1.00000E+08 1.44467E-26 1.21033E-26 1.30383E-27 3.22172E-28 1.74339E-28 2.85963E-28 7.83353E-29 4.43613E-29 1.05568E-30 1.19106E-30 7.40427E-29 2.00483E-29 1.12796E-29 2.96198E-31 3.32145E-31 9.05775E-34 1.24525E-33
 1.10000E+08 1.30871E-26 1.09647E-26 1.18085E-27 2.91784E-28 1.57893E-28 2.58979E-28 7.09433E-29 4.01751E-29 9.56057E-31 1.07866E-30 6.70551E-29 1.81563E-29 1.02151E-29 2.68244E-31 3.00799E-31 8.20292E-34 1.12773E-33
 1.25000E+08 1.14676E-26 9.60834E-27 1.03444E-27 2.55605E-28 1.38315E-28 2.26856E-28 6.21438E-29 3.51919E-29 8.37467E-31 9.44863E-31 5.87371E-29 1.59040E-29 8.94790E-30 2.34969E-31 2.63485E-31 7.18535E-34 9.87831E-34
 1.40000E+08 1.02044E-26 8.55034E-27 9.20299E-28 2.27401E-28 1.23051E-28 2.01816E-28 5.52842E-29 3.13073E-29 7.45023E-31 8.40564E-31 5.22531E-29 1.41484E-29 7.96013E-30 2.09030E-31 2.34398E-31 6.39214E-34 8.78781E-34
 1.50000E+08 9.50617E-27 7.96550E-27 8.57227E-28 2.11816E-28 1.14617E-28 1.87980E-28 5.14941E-29 2.91609E-29 6.93945E-31 7.82936E-31 4.86705E-29 1.31783E-29 7.41436E-30 1.94698E-31 2.18327E-31 5.95387E-34 8.18529E-34
 1.75000E+08 8.11735E-27 6.80210E-27 7.31814E-28 1.80827E-28 9.78476E-29 1.60470E-28 4.39583E-29 2.48934E-29 5.92389E-31 6.68356E-31 4.15475E-29 1.12496E-29 6.32925E-30 1.66203E-31 1.86374E-31 5.08249E-34 6.98733E-34
 2.00000E+08 7.08243E-27 5.93508E-27 6.38396E-28 1.57743E-28 8.53564E-29 1.39981E-28 3.83455E-29 2.17148E-29 5.16748E-31 5.83015E-31 3.62422E-29 9.81315E-30 5.52105E-30 1.44980E-31 1.62576E-31 4.43349E-34 6.09510E-34
 2.20000E+08 6.42683E-27 5.38581E-27 5.79236E-28 1.43125E-28 7.74459E-29 1.27006E-28 3.47912E-29 1.97020E-29 4.68849E-31 5.28973E-31 3.28827E-29 8.90350E-30 5.00927E-30 1.31541E-31 1.47505E-31 4.02251E-34 5.53009E-34
 2.50000E+08 5.64319E-27 4.72924E-27 5.08538E-28 1.25656E-28 6.79930E-29 1.11501E-28 3.05439E-29 1.72968E-29 4.11612E-31 4.64396E-31 2.88682E-29 7.81653E-30 4.39772E-30 1.15482E-31 1.29497E-31 3.53143E-34 4.85495E-34
 3.00000E+08 4.68999E-27 3.93055E-27 4.22569E-28 1.04413E-28 5.64981E-29 9.26487E-29 2.53795E-29 1.43722E-29 3.42015E-31 3.85874E-31 2.39870E-29 6.49485E-30 3.65412E-30 9.59554E-32 1.07601E-31 2.93430E-34 4.03403E-34
 3.50000E+08 4.01222E-27 3.36261E-27 3.61458E-28 8.93133E-29 4.83272E-29 7.92481E-29 2.17087E-29 1.22934E-29 2.92546E-31 3.30061E-31 2.05174E-29 5.55541E-30 3.12557E-30 8.20760E-32 9.20369E-32 2.50987E-34 3.45053E-34
 4.00000E+08 3.50558E-27 2.93806E-27 3.15787E-28 7.80283E-29 4.22208E-29 6.92337E-29 1.89654E-29 1.07399E-29 2.55577E-31 2.88351E-31 1.79246E-29 4.85336E-30 2.73058E-30 7.17038E-32 8.04059E-32 2.19269E-34 3.01448E-34
 4.50000E+08 3.11254E-27 2.60868E-27 2.80361E-28 6.92748E-29 3.74842E-29 6.14660E-29 1.68376E-29 9.53495E-30 2.26902E-31 2.55999E-31 1.59135E-29 4.30883E-30 2.42422E-30 6.36588E-32 7.13845E-32 1.94667E-34 2.67626E-34
 5.00000E+08 2.79873E-27 2.34570E-27 2.52081E-28 6.22871E-29 3.37031E-29 5.52654E-29 1.51390E-29 8.57306E-30 2.04012E-31 2.30174E-31 1.43081E-29 3.87414E-30 2.17966E-30 5.72367E-32 6.41831E-32 1.75029E-34 2.40627E-34
 5.50000E+08 2.54241E-27 2.13089E-27 2.28983E-28 5.65798E-29 3.06149E-29 5.02010E-29 1.37517E-29 7.78745E-30 1.85317E-31 2.09081E-31 1.29969E-29 3.51912E-30 1.97992E-30 5.19916E-32 5.83014E-32 1.58989E-34 2.18576E-34
 6.00000E+08 2.32909E-27 1.95211E-27 2.09763E-28 5.18305E-29 2.80451E-29 4.59868E-29 1.25973E-29 7.13372E-30 1.69760E-31 1.91530E-31 1.19059E-29 3.22370E-30 1.81371E-30 4.76270E-32 5.34071E-32 1.45642E-34 2.00227E-34
 7.00000E+08 1.99441E-27 1.67162E-27 1.79610E-28 4.43800E-29 2.40136E-29 3.93758E-29 1.07863E-29 6.10818E-30 1.45356E-31 1.63995E-31 1.01943E-29 2.76026E-30 1.55297E-30 4.07801E-32 4.57292E-32 1.24705E-34 1.71442E-34
 8.00000E+08 1.74382E-27 1.46161E-27 1.57036E-28 3.88021E-29 2.09954E-29 3.44266E-29 9.43058E-30 5.34043E-30 1.27086E-31 1.43383E-31 8.91292E-30 2.41331E-30 1.35777E-30 3.56543E-32 3.99814E-32 1.09030E-34 1.49893E-34
 9.00000E+08 1.54918E-27 1.29847E-27 1.39503E-28 3.44698E-29 1.86512E-29 3.05826E-29 8.37758E-30 4.74413E-30 1.12895E-31 1.27373E-31 7.91771E-30 2.14384E-30 1.20616E-30 3.16731E-32 3.55171E-32 9.68558E-35 1.33156E-34
 1.00000E+09 1.39362E-27 1.16810E-27 1.25491E-28 3.10077E-29 1.67779E-29 2.75108E-29 7.53611E-30 4.26761E-30 1.01556E-31 1.14579E-31 7.12241E-30 1.92850E-30 1.08501E-30 2.84917E-32 3.19495E-32 8.71271E-35 1.19781E-34
