 *** Photoelectric cross sections,  IZ = 10,  NSHELL =  2,  NDATA =  237
              0           1           2
 5.00000E+01 8.58754E-18 0.00000E+00 3.00588E-19
 5.24404E+01 8.40705E-18 0.00000E+00 3.58730E-19
 5.37050E+01 8.30556E-18 0.00000E+00 3.85652E-19
 5.50000E+01 8.19669E-18 0.00000E+00 4.10986E-19
 5.74456E+01 7.97941E-18 0.00000E+00 4.52950E-19
 6.00000E+01 7.73939E-18 0.00000E+00 4.89255E-19
 6.23574E+01 7.50918E-18 0.00000E+00 5.16719E-19
 6.48074E+01 7.26392E-18 0.00000E+00 5.39893E-19
 6.73537E+01 7.00528E-18 0.00000E+00 5.58945E-19
 7.00000E+01 6.73509E-18 0.00000E+00 5.74075E-19
 7.23762E+01 6.49325E-18 0.00000E+00 5.84183E-19
 7.48331E+01 6.24561E-18 0.00000E+00 5.91663E-19
 7.73735E+01 5.99358E-18 0.00000E+00 5.96669E-19
 8.00000E+01 5.73861E-18 0.00000E+00 5.99354E-19
 8.23907E+01 5.51242E-18 0.00000E+00 5.99919E-19
 8.48528E+01 5.28604E-18 0.00000E+00 5.98899E-19
 8.73885E+01 5.06045E-18 0.00000E+00 5.96398E-19
 9.00000E+01 4.83658E-18 0.00000E+00 5.92514E-19
 9.24021E+01 4.63848E-18 0.00000E+00 5.87947E-19
 9.48683E+01 4.44305E-18 0.00000E+00 5.82419E-19
 9.74004E+01 4.25084E-18 0.00000E+00 5.75996E-19
 1.00000E+02 4.06235E-18 0.00000E+00 5.68739E-19
 1.04881E+02 3.73220E-18 0.00000E+00 5.53700E-19
 1.10000E+02 3.41787E-18 0.00000E+00 5.36501E-19
 1.13572E+02 3.21674E-18 0.00000E+00 5.23931E-19
 1.17260E+02 3.02377E-18 0.00000E+00 5.10645E-19
 1.21068E+02 2.83918E-18 0.00000E+00 4.96747E-19
 1.25000E+02 2.66308E-18 0.00000E+00 4.82331E-19
 1.32288E+02 2.37176E-18 0.00000E+00 4.55799E-19
 1.40000E+02 2.10676E-18 0.00000E+00 4.28458E-19
 1.50000E+02 1.81824E-18 0.00000E+00 3.94773E-19
 1.62019E+02 1.53732E-18 0.00000E+00 3.57515E-19
 1.75000E+02 1.29591E-18 0.00000E+00 3.21489E-19
 1.87083E+02 1.11517E-18 0.00000E+00 2.91784E-19
 2.00000E+02 9.57716E-19 0.00000E+00 2.63778E-19
 2.20000E+02 7.68044E-19 0.00000E+00 2.27075E-19
 2.34521E+02 6.60941E-19 0.00000E+00 2.04710E-19
 2.50000E+02 5.67764E-19 0.00000E+00 1.84132E-19
 2.73861E+02 4.55750E-19 0.00000E+00 1.57721E-19
 3.00000E+02 3.64678E-19 0.00000E+00 1.34477E-19
 3.24037E+02 3.01385E-19 0.00000E+00 1.17057E-19
 3.50000E+02 2.48661E-19 0.00000E+00 1.01505E-19
 4.00000E+02 1.77692E-19 0.00000E+00 7.85690E-20
 4.50000E+02 1.31777E-19 0.00000E+00 6.21138E-20
 5.00000E+02 1.00694E-19 0.00000E+00 5.00641E-20
 5.50000E+02 7.88206E-20 0.00000E+00 4.10495E-20
 6.00000E+02 6.29379E-20 0.00000E+00 3.41466E-20
 6.48074E+02 5.14932E-20 0.00000E+00 2.89347E-20
 7.00000E+02 4.20717E-20 0.00000E+00 2.44472E-20
 8.00000E+02 2.95341E-20 0.00000E+00 1.81117E-20
 8.70100E+02 2.35898E-20 0.00000E+00 1.49270E-20
 8.70100E+02 2.96044E-19 2.72455E-19 1.49270E-20
 8.70559E+02 2.98178E-19 2.74621E-19 1.49087E-20
 8.71019E+02 3.00163E-19 2.76640E-19 1.48905E-20
 8.71939E+02 3.03613E-19 2.80156E-19 1.48541E-20
 8.72860E+02 3.06509E-19 2.83119E-19 1.48178E-20
 8.73782E+02 3.08930E-19 2.85606E-19 1.47815E-20
 8.74706E+02 3.10957E-19 2.87699E-19 1.47453E-20
 8.75630E+02 3.12655E-19 2.89462E-19 1.47093E-20
 8.77481E+02 3.15266E-19 2.92204E-19 1.46373E-20
 8.79335E+02 3.17090E-19 2.94159E-19 1.45657E-20
 8.81194E+02 3.18346E-19 2.95544E-19 1.44945E-20
 8.84924E+02 3.19724E-19 2.97179E-19 1.43529E-20
 8.88669E+02 3.20150E-19 2.97860E-19 1.42126E-20
 8.92430E+02 3.19990E-19 2.97951E-19 1.40736E-20
 9.00000E+02 3.18615E-19 2.97071E-19 1.37992E-20
 9.05946E+02 3.16869E-19 2.95702E-19 1.35886E-20
 9.11931E+02 3.14644E-19 2.93849E-19 1.33810E-20
 9.17956E+02 3.11989E-19 2.91560E-19 1.31762E-20
 9.24021E+02 3.08932E-19 2.88862E-19 1.29744E-20
 9.30126E+02 3.05502E-19 2.85786E-19 1.27753E-20
 9.36271E+02 3.01740E-19 2.82371E-19 1.25792E-20
 9.42457E+02 2.97688E-19 2.78660E-19 1.23858E-20
 9.48683E+02 2.93393E-19 2.74701E-19 1.21953E-20
 9.61260E+02 2.84280E-19 2.66241E-19 1.18224E-20
 9.74004E+02 2.74791E-19 2.57382E-19 1.14603E-20
 1.00000E+03 2.55874E-19 2.39661E-19 1.07671E-20
 1.02411E+03 2.39861E-19 2.24662E-19 1.01738E-20
 1.04881E+03 2.25313E-19 2.11065E-19 9.61115E-21
 1.07410E+03 2.12145E-19 1.98789E-19 9.07785E-21
 1.10000E+03 2.00092E-19 1.87573E-19 8.57208E-21
 1.17260E+03 1.71214E-19 1.60699E-19 7.33983E-21
 1.21068E+03 1.58072E-19 1.48435E-19 6.78826E-21
 1.25000E+03 1.45704E-19 1.36872E-19 6.27607E-21
 1.40000E+03 1.08836E-19 1.02364E-19 4.73807E-21
 1.50000E+03 9.10729E-20 8.57191E-20 3.98670E-21
 1.55893E+03 8.23330E-20 7.75208E-20 3.61709E-21
 1.62019E+03 7.43472E-20 7.00225E-20 3.28042E-21
 1.75000E+03 6.05238E-20 5.70297E-20 2.69647E-21
 2.00000E+03 4.22372E-20 3.98326E-20 1.90809E-21
 2.09762E+03 3.70892E-20 3.49866E-20 1.68413E-21
 2.20000E+03 3.25303E-20 3.06922E-20 1.48554E-21
 2.50000E+03 2.28363E-20 2.15569E-20 1.05725E-21
 2.73861E+03 1.76877E-20 1.67019E-20 8.26598E-22
 3.00000E+03 1.36746E-20 1.29140E-20 6.46237E-22
 3.50000E+03 8.80738E-21 8.31979E-21 4.23134E-22
 4.00000E+03 5.99004E-21 5.65953E-21 2.91517E-22
 4.50000E+03 4.24815E-21 4.01415E-21 2.09036E-22
 5.00000E+03 3.11676E-21 2.94526E-21 1.54824E-22
 5.50000E+03 2.35050E-21 2.22129E-21 1.17673E-22
 6.00000E+03 1.81377E-21 1.71413E-21 9.14079E-23
 7.00000E+03 1.14174E-21 1.07906E-21 5.81718E-23
 8.00000E+03 7.62048E-22 7.20237E-22 3.91525E-23
 9.00000E+03 5.32055E-22 5.02871E-22 2.75187E-23
 1.00000E+04 3.85096E-22 3.63974E-22 2.00272E-23
 1.10000E+04 2.87036E-22 2.71293E-22 1.49956E-23
 1.25000E+04 1.93111E-22 1.82519E-22 1.01452E-23
 1.40000E+04 1.35625E-22 1.28184E-22 7.15777E-24
 1.50000E+04 1.09281E-22 1.03284E-22 5.78236E-24
 1.62019E+04 8.57007E-23 8.09963E-23 4.54738E-24
 1.75000E+04 6.72848E-23 6.35901E-23 3.57957E-24
 2.00000E+04 4.40942E-23 4.16714E-23 2.35583E-24
 2.20000E+04 3.25677E-23 3.07774E-23 1.74486E-24
 2.50000E+04 2.16541E-23 2.04629E-23 1.16418E-24
 2.73861E+04 1.61406E-23 1.52522E-23 8.69779E-25
 3.00000E+04 1.20611E-23 1.13970E-23 6.51284E-25
 3.50000E+04 7.33484E-24 6.93066E-24 3.97342E-25
 4.00000E+04 4.75929E-24 4.49688E-24 2.58457E-25
 4.50000E+04 3.24610E-24 3.06703E-24 1.76624E-25
 5.00000E+04 2.30336E-24 2.17624E-24 1.25528E-25
 5.50000E+04 1.68790E-24 1.59471E-24 9.21065E-26
 6.00000E+04 1.27034E-24 1.20019E-24 6.93981E-26
 6.48074E+04 9.86311E-25 9.31827E-25 5.39318E-26
 7.00000E+04 7.67334E-25 7.24936E-25 4.19930E-26
 8.00000E+04 4.95655E-25 4.68257E-25 2.71617E-26
 9.00000E+04 3.37105E-25 3.18464E-25 1.84929E-26
 1.00000E+05 2.38844E-25 2.25634E-25 1.31137E-26
 1.10000E+05 1.74948E-25 1.65269E-25 9.61234E-27
 1.17260E+05 1.41962E-25 1.34107E-25 7.80345E-27
 1.25000E+05 1.15337E-25 1.08954E-25 6.34253E-27
 1.40000E+05 7.98206E-26 7.54021E-26 4.39242E-27
 1.50000E+05 6.38462E-26 6.03116E-26 3.51471E-27
 1.62019E+05 4.97351E-26 4.69812E-26 2.73899E-27
 1.75000E+05 3.88734E-26 3.67207E-26 2.14160E-27
 1.87083E+05 3.14011E-26 2.96620E-26 1.73045E-27
 2.00000E+05 2.53932E-26 2.39867E-26 1.39976E-27
 2.20000E+05 1.87917E-26 1.77506E-26 1.03623E-27
 2.34521E+05 1.53758E-26 1.45240E-26 8.48063E-28
 2.50000E+05 1.26066E-26 1.19081E-26 6.95468E-28
 2.73861E+05 9.50356E-27 8.97693E-27 5.24428E-28
 2.86633E+05 8.27253E-27 7.81409E-27 4.56553E-28
 3.00000E+05 7.21541E-27 6.81554E-27 3.98257E-28
 3.24037E+05 5.72704E-27 5.40963E-27 3.16164E-28
 3.36768E+05 5.10772E-27 4.82463E-27 2.81998E-28
 3.50000E+05 4.56035E-27 4.30759E-27 2.51798E-28
 3.74166E+05 3.75323E-27 3.54520E-27 2.07260E-28
 4.00000E+05 3.10064E-27 2.92877E-27 1.71242E-28
 4.24264E+05 2.62552E-27 2.47998E-27 1.45015E-28
 4.50000E+05 2.22928E-27 2.10570E-27 1.23139E-28
 4.74342E+05 1.92984E-27 1.82286E-27 1.06607E-28
 5.00000E+05 1.67479E-27 1.58194E-27 9.25225E-29
 5.24404E+05 1.47595E-27 1.39413E-27 8.15416E-29
 5.50000E+05 1.30346E-27 1.23120E-27 7.20147E-29
 5.74456E+05 1.16565E-27 1.10103E-27 6.44032E-29
 6.00000E+05 1.04416E-27 9.86280E-28 5.76928E-29
 6.23574E+05 9.48213E-28 8.95647E-28 5.23924E-29
 6.48074E+05 8.62338E-28 8.14534E-28 4.76484E-29
 6.73537E+05 7.85728E-28 7.42172E-28 4.34159E-29
 7.00000E+05 7.17159E-28 6.77404E-28 3.96275E-29
 7.48331E+05 6.13753E-28 5.79730E-28 3.39143E-29
 7.73735E+05 5.68677E-28 5.37154E-28 3.14239E-29
 8.00000E+05 5.27515E-28 4.98274E-28 2.91496E-29
 8.48528E+05 4.63131E-28 4.37460E-28 2.55920E-29
 9.00000E+05 4.08062E-28 3.85443E-28 2.25488E-29
 9.48683E+05 3.65310E-28 3.45062E-28 2.01865E-29
 1.00000E+06 3.27899E-28 3.09725E-28 1.81192E-29
 1.04881E+06 2.97993E-28 2.81477E-28 1.64665E-29
 1.10000E+06 2.71366E-28 2.56327E-28 1.49950E-29
 1.17260E+06 2.40032E-28 2.26730E-28 1.32634E-29
 1.25000E+06 2.13101E-28 2.01292E-28 1.17752E-29
 1.32288E+06 1.92248E-28 1.81594E-28 1.06228E-29
 1.40000E+06 1.73874E-28 1.64239E-28 9.60735E-30
 1.50000E+06 1.54329E-28 1.45778E-28 8.52725E-30
 1.55893E+06 1.44566E-28 1.36555E-28 7.98771E-30
 1.62019E+06 1.35560E-28 1.28048E-28 7.49006E-30
 1.68384E+06 1.27262E-28 1.20211E-28 7.03157E-30
 1.75000E+06 1.19596E-28 1.12969E-28 6.60794E-30
 1.87083E+06 1.07573E-28 1.01612E-28 5.94353E-30
 2.00000E+06 9.70046E-29 9.16299E-29 5.35943E-30
 2.09762E+06 9.02326E-29 8.52334E-29 4.98505E-30
 2.20000E+06 8.40309E-29 7.93755E-29 4.64216E-30
 2.34521E+06 7.64990E-29 7.22612E-29 4.22578E-30
 2.50000E+06 6.97743E-29 6.59092E-29 3.85407E-30
 2.73861E+06 6.13473E-29 5.79493E-29 3.38831E-30
 3.00000E+06 5.41384E-29 5.11400E-29 2.98991E-30
 3.24037E+06 4.88032E-29 4.61005E-29 2.69509E-30
 3.50000E+06 4.40772E-29 4.16363E-29 2.43396E-30
 3.74166E+06 4.04084E-29 3.81708E-29 2.23126E-30
 4.00000E+06 3.70938E-29 3.50399E-29 2.04814E-30
 4.50000E+06 3.19785E-29 3.02079E-29 1.76557E-30
 5.00000E+06 2.80778E-29 2.65233E-29 1.55011E-30
 5.50000E+06 2.50094E-29 2.36248E-29 1.38064E-30
 6.00000E+06 2.25351E-29 2.12876E-29 1.24400E-30
 6.48074E+06 2.05688E-29 1.94302E-29 1.13541E-30
 7.00000E+06 1.87956E-29 1.77551E-29 1.03750E-30
 8.00000E+06 1.61079E-29 1.52163E-29 8.89093E-31
 9.00000E+06 1.40856E-29 1.33059E-29 7.77439E-31
 1.00000E+07 1.25102E-29 1.18177E-29 6.90464E-31
 1.10000E+07 1.12490E-29 1.06264E-29 6.20843E-31
 1.25000E+07 9.76856E-30 9.22791E-30 5.39117E-31
 1.40000E+07 8.63037E-30 8.15273E-30 4.76290E-31
 1.50000E+07 8.00754E-30 7.56437E-30 4.41911E-31
 1.75000E+07 6.78218E-30 6.40683E-30 3.74276E-31
 2.00000E+07 5.88090E-30 5.55545E-30 3.24532E-31
 2.20000E+07 5.31528E-30 5.02113E-30 2.93315E-31
 2.50000E+07 4.64467E-30 4.38764E-30 2.56304E-31
 3.00000E+07 3.83710E-30 3.62477E-30 2.11737E-31
 3.50000E+07 3.26841E-30 3.08754E-30 1.80353E-31
 4.00000E+07 2.84635E-30 2.68884E-30 1.57061E-31
 4.50000E+07 2.52073E-30 2.38124E-30 1.39093E-31
 5.00000E+07 2.26191E-30 2.13674E-30 1.24810E-31
 5.50000E+07 2.05125E-30 1.93775E-30 1.13186E-31
 6.00000E+07 1.87647E-30 1.77263E-30 1.03541E-31
 7.00000E+07 1.60321E-30 1.51450E-30 8.84624E-32
 8.00000E+07 1.39940E-30 1.32197E-30 7.72160E-32
 9.00000E+07 1.24155E-30 1.17285E-30 6.85058E-32
 1.00000E+08 1.11569E-30 1.05396E-30 6.15610E-32
 1.10000E+08 1.01300E-30 9.56943E-31 5.58944E-32
 1.25000E+08 8.90096E-31 8.40844E-31 4.91130E-32
 1.40000E+08 7.93787E-31 7.49864E-31 4.37988E-32
 1.50000E+08 7.40379E-31 6.99411E-31 4.08518E-32
 1.75000E+08 6.33772E-31 5.98703E-31 3.49695E-32
 2.00000E+08 5.54000E-31 5.23345E-31 3.05678E-32
 2.20000E+08 5.03317E-31 4.75467E-31 2.77713E-32
 2.50000E+08 4.42582E-31 4.18093E-31 2.44201E-32
 3.00000E+08 3.68475E-31 3.48086E-31 2.03311E-32
 3.50000E+08 3.15625E-31 2.98160E-31 1.74150E-32
 4.00000E+08 2.76033E-31 2.60760E-31 1.52305E-32
 4.50000E+08 2.45267E-31 2.31696E-31 1.35329E-32
 5.00000E+08 2.20672E-31 2.08461E-31 1.21758E-32
 5.50000E+08 2.00559E-31 1.89462E-31 1.10661E-32
 6.00000E+08 1.83807E-31 1.73636E-31 1.01417E-32
 7.00000E+08 1.57496E-31 1.48781E-31 8.69000E-33
 8.00000E+08 1.37774E-31 1.30151E-31 7.60183E-33
 9.00000E+08 1.22442E-31 1.15667E-31 6.75586E-33
 9.48683E+08 1.16247E-31 1.09815E-31 6.41405E-33
 1.00000E+09 1.10181E-31 1.04084E-31 6.07932E-33
