 *** Photoelectric cross sections,  IZ = 81,  NSHELL = 16,  NDATA =  450
              0           1           2           3           4           5           6           7           8           9          10          11          12          13          14          15          16
 5.00000E+01 3.38680E-17 0.00000E+00 0.00000E+00 0.00000E+00 0.00000E+00 0.00000E+00 0.00000E+00 0.00000E+00 0.00000E+00 0.00000E+00 0.00000E+00 0.00000E+00 0.00000E+00 0.00000E+00 0.00000E+00 0.00000E+00 0.00000E+00
 5.12057E+01 3.18305E-17 0.00000E+00 0.00000E+00 0.00000E+00 0.00000E+00 0.00000E+00 0.00000E+00 0.00000E+00 0.00000E+00 0.00000E+00 0.00000E+00 0.00000E+00 0.00000E+00 0.00000E+00 0.00000E+00 0.00000E+00 0.00000E+00
 5.24404E+01 2.98382E-17 0.00000E+00 0.00000E+00 0.00000E+00 0.00000E+00 0.00000E+00 0.00000E+00 0.00000E+00 0.00000E+00 0.00000E+00 0.00000E+00 0.00000E+00 0.00000E+00 0.00000E+00 0.00000E+00 0.00000E+00 0.00000E+00
 5.37050E+01 2.79078E-17 0.00000E+00 0.00000E+00 0.00000E+00 0.00000E+00 0.00000E+00 0.00000E+00 0.00000E+00 0.00000E+00 0.00000E+00 0.00000E+00 0.00000E+00 0.00000E+00 0.00000E+00 0.00000E+00 0.00000E+00 0.00000E+00
 5.50000E+01 2.60499E-17 0.00000E+00 0.00000E+00 0.00000E+00 0.00000E+00 0.00000E+00 0.00000E+00 0.00000E+00 0.00000E+00 0.00000E+00 0.00000E+00 0.00000E+00 0.00000E+00 0.00000E+00 0.00000E+00 0.00000E+00 0.00000E+00
 5.74456E+01 2.28648E-17 0.00000E+00 0.00000E+00 0.00000E+00 0.00000E+00 0.00000E+00 0.00000E+00 0.00000E+00 0.00000E+00 0.00000E+00 0.00000E+00 0.00000E+00 0.00000E+00 0.00000E+00 0.00000E+00 0.00000E+00 0.00000E+00
 6.00000E+01 1.99595E-17 0.00000E+00 0.00000E+00 0.00000E+00 0.00000E+00 0.00000E+00 0.00000E+00 0.00000E+00 0.00000E+00 0.00000E+00 0.00000E+00 0.00000E+00 0.00000E+00 0.00000E+00 0.00000E+00 0.00000E+00 0.00000E+00
 6.23574E+01 1.76185E-17 0.00000E+00 0.00000E+00 0.00000E+00 0.00000E+00 0.00000E+00 0.00000E+00 0.00000E+00 0.00000E+00 0.00000E+00 0.00000E+00 0.00000E+00 0.00000E+00 0.00000E+00 0.00000E+00 0.00000E+00 0.00000E+00
 6.48074E+01 1.54887E-17 0.00000E+00 0.00000E+00 0.00000E+00 0.00000E+00 0.00000E+00 0.00000E+00 0.00000E+00 0.00000E+00 0.00000E+00 0.00000E+00 0.00000E+00 0.00000E+00 0.00000E+00 0.00000E+00 0.00000E+00 0.00000E+00
 6.73537E+01 1.35597E-17 0.00000E+00 0.00000E+00 0.00000E+00 0.00000E+00 0.00000E+00 0.00000E+00 0.00000E+00 0.00000E+00 0.00000E+00 0.00000E+00 0.00000E+00 0.00000E+00 0.00000E+00 0.00000E+00 0.00000E+00 0.00000E+00
 7.00000E+01 1.18215E-17 0.00000E+00 0.00000E+00 0.00000E+00 0.00000E+00 0.00000E+00 0.00000E+00 0.00000E+00 0.00000E+00 0.00000E+00 0.00000E+00 0.00000E+00 0.00000E+00 0.00000E+00 0.00000E+00 0.00000E+00 0.00000E+00
 7.21490E+01 1.05837E-17 0.00000E+00 0.00000E+00 0.00000E+00 0.00000E+00 0.00000E+00 0.00000E+00 0.00000E+00 0.00000E+00 0.00000E+00 0.00000E+00 0.00000E+00 0.00000E+00 0.00000E+00 0.00000E+00 0.00000E+00 0.00000E+00
 7.43640E+01 9.45136E-18 0.00000E+00 0.00000E+00 0.00000E+00 0.00000E+00 0.00000E+00 0.00000E+00 0.00000E+00 0.00000E+00 0.00000E+00 0.00000E+00 0.00000E+00 0.00000E+00 0.00000E+00 0.00000E+00 0.00000E+00 0.00000E+00
 7.66469E+01 8.41911E-18 0.00000E+00 0.00000E+00 0.00000E+00 0.00000E+00 0.00000E+00 0.00000E+00 0.00000E+00 0.00000E+00 0.00000E+00 0.00000E+00 0.00000E+00 0.00000E+00 0.00000E+00 0.00000E+00 0.00000E+00 0.00000E+00
 7.90000E+01 7.48157E-18 0.00000E+00 0.00000E+00 0.00000E+00 0.00000E+00 0.00000E+00 0.00000E+00 0.00000E+00 0.00000E+00 0.00000E+00 0.00000E+00 0.00000E+00 0.00000E+00 0.00000E+00 0.00000E+00 0.00000E+00 0.00000E+00
 7.90000E+01 8.86096E-18 0.00000E+00 0.00000E+00 0.00000E+00 0.00000E+00 0.00000E+00 0.00000E+00 0.00000E+00 0.00000E+00 0.00000E+00 0.00000E+00 0.00000E+00 0.00000E+00 0.00000E+00 0.00000E+00 0.00000E+00 0.00000E+00
 7.90621E+01 8.84122E-18 0.00000E+00 0.00000E+00 0.00000E+00 0.00000E+00 0.00000E+00 0.00000E+00 0.00000E+00 0.00000E+00 0.00000E+00 0.00000E+00 0.00000E+00 0.00000E+00 0.00000E+00 0.00000E+00 0.00000E+00 0.00000E+00
 7.91243E+01 8.82151E-18 0.00000E+00 0.00000E+00 0.00000E+00 0.00000E+00 0.00000E+00 0.00000E+00 0.00000E+00 0.00000E+00 0.00000E+00 0.00000E+00 0.00000E+00 0.00000E+00 0.00000E+00 0.00000E+00 0.00000E+00 0.00000E+00
 7.92488E+01 8.78214E-18 0.00000E+00 0.00000E+00 0.00000E+00 0.00000E+00 0.00000E+00 0.00000E+00 0.00000E+00 0.00000E+00 0.00000E+00 0.00000E+00 0.00000E+00 0.00000E+00 0.00000E+00 0.00000E+00 0.00000E+00 0.00000E+00
 7.94984E+01 8.70312E-18 0.00000E+00 0.00000E+00 0.00000E+00 0.00000E+00 0.00000E+00 0.00000E+00 0.00000E+00 0.00000E+00 0.00000E+00 0.00000E+00 0.00000E+00 0.00000E+00 0.00000E+00 0.00000E+00 0.00000E+00 0.00000E+00
 8.00000E+01 8.54388E-18 0.00000E+00 0.00000E+00 0.00000E+00 0.00000E+00 0.00000E+00 0.00000E+00 0.00000E+00 0.00000E+00 0.00000E+00 0.00000E+00 0.00000E+00 0.00000E+00 0.00000E+00 0.00000E+00 0.00000E+00 0.00000E+00
 8.11865E+01 8.16766E-18 0.00000E+00 0.00000E+00 0.00000E+00 0.00000E+00 0.00000E+00 0.00000E+00 0.00000E+00 0.00000E+00 0.00000E+00 0.00000E+00 0.00000E+00 0.00000E+00 0.00000E+00 0.00000E+00 0.00000E+00 0.00000E+00
 8.23907E+01 7.79029E-18 0.00000E+00 0.00000E+00 0.00000E+00 0.00000E+00 0.00000E+00 0.00000E+00 0.00000E+00 0.00000E+00 0.00000E+00 0.00000E+00 0.00000E+00 0.00000E+00 0.00000E+00 0.00000E+00 0.00000E+00 0.00000E+00
 8.36127E+01 7.41557E-18 0.00000E+00 0.00000E+00 0.00000E+00 0.00000E+00 0.00000E+00 0.00000E+00 0.00000E+00 0.00000E+00 0.00000E+00 0.00000E+00 0.00000E+00 0.00000E+00 0.00000E+00 0.00000E+00 0.00000E+00 0.00000E+00
 8.48528E+01 7.04649E-18 0.00000E+00 0.00000E+00 0.00000E+00 0.00000E+00 0.00000E+00 0.00000E+00 0.00000E+00 0.00000E+00 0.00000E+00 0.00000E+00 0.00000E+00 0.00000E+00 0.00000E+00 0.00000E+00 0.00000E+00 0.00000E+00
 8.73885E+01 6.33427E-18 0.00000E+00 0.00000E+00 0.00000E+00 0.00000E+00 0.00000E+00 0.00000E+00 0.00000E+00 0.00000E+00 0.00000E+00 0.00000E+00 0.00000E+00 0.00000E+00 0.00000E+00 0.00000E+00 0.00000E+00 0.00000E+00
 9.00000E+01 5.66653E-18 0.00000E+00 0.00000E+00 0.00000E+00 0.00000E+00 0.00000E+00 0.00000E+00 0.00000E+00 0.00000E+00 0.00000E+00 0.00000E+00 0.00000E+00 0.00000E+00 0.00000E+00 0.00000E+00 0.00000E+00 0.00000E+00
 9.39149E+01 4.79289E-18 0.00000E+00 0.00000E+00 0.00000E+00 0.00000E+00 0.00000E+00 0.00000E+00 0.00000E+00 0.00000E+00 0.00000E+00 0.00000E+00 0.00000E+00 0.00000E+00 0.00000E+00 0.00000E+00 0.00000E+00 0.00000E+00
 9.80000E+01 4.03524E-18 0.00000E+00 0.00000E+00 0.00000E+00 0.00000E+00 0.00000E+00 0.00000E+00 0.00000E+00 0.00000E+00 0.00000E+00 0.00000E+00 0.00000E+00 0.00000E+00 0.00000E+00 0.00000E+00 0.00000E+00 0.00000E+00
 9.80000E+01 4.60298E-18 0.00000E+00 0.00000E+00 0.00000E+00 0.00000E+00 0.00000E+00 0.00000E+00 0.00000E+00 0.00000E+00 0.00000E+00 0.00000E+00 0.00000E+00 0.00000E+00 0.00000E+00 0.00000E+00 0.00000E+00 0.00000E+00
 9.80619E+01 4.59610E-18 0.00000E+00 0.00000E+00 0.00000E+00 0.00000E+00 0.00000E+00 0.00000E+00 0.00000E+00 0.00000E+00 0.00000E+00 0.00000E+00 0.00000E+00 0.00000E+00 0.00000E+00 0.00000E+00 0.00000E+00 0.00000E+00
 9.81238E+01 4.58923E-18 0.00000E+00 0.00000E+00 0.00000E+00 0.00000E+00 0.00000E+00 0.00000E+00 0.00000E+00 0.00000E+00 0.00000E+00 0.00000E+00 0.00000E+00 0.00000E+00 0.00000E+00 0.00000E+00 0.00000E+00 0.00000E+00
 9.82478E+01 4.57551E-18 0.00000E+00 0.00000E+00 0.00000E+00 0.00000E+00 0.00000E+00 0.00000E+00 0.00000E+00 0.00000E+00 0.00000E+00 0.00000E+00 0.00000E+00 0.00000E+00 0.00000E+00 0.00000E+00 0.00000E+00 0.00000E+00
 9.84962E+01 4.54785E-18 0.00000E+00 0.00000E+00 0.00000E+00 0.00000E+00 0.00000E+00 0.00000E+00 0.00000E+00 0.00000E+00 0.00000E+00 0.00000E+00 0.00000E+00 0.00000E+00 0.00000E+00 0.00000E+00 0.00000E+00 0.00000E+00
 9.89949E+01 4.49141E-18 0.00000E+00 0.00000E+00 0.00000E+00 0.00000E+00 0.00000E+00 0.00000E+00 0.00000E+00 0.00000E+00 0.00000E+00 0.00000E+00 0.00000E+00 0.00000E+00 0.00000E+00 0.00000E+00 0.00000E+00 0.00000E+00
 1.00000E+02 4.37478E-18 0.00000E+00 0.00000E+00 0.00000E+00 0.00000E+00 0.00000E+00 0.00000E+00 0.00000E+00 0.00000E+00 0.00000E+00 0.00000E+00 0.00000E+00 0.00000E+00 0.00000E+00 0.00000E+00 0.00000E+00 0.00000E+00
 1.01199E+02 4.23200E-18 0.00000E+00 0.00000E+00 0.00000E+00 0.00000E+00 0.00000E+00 0.00000E+00 0.00000E+00 0.00000E+00 0.00000E+00 0.00000E+00 0.00000E+00 0.00000E+00 0.00000E+00 0.00000E+00 0.00000E+00 0.00000E+00
 1.02411E+02 4.08525E-18 0.00000E+00 0.00000E+00 0.00000E+00 0.00000E+00 0.00000E+00 0.00000E+00 0.00000E+00 0.00000E+00 0.00000E+00 0.00000E+00 0.00000E+00 0.00000E+00 0.00000E+00 0.00000E+00 0.00000E+00 0.00000E+00
 1.03639E+02 3.93612E-18 0.00000E+00 0.00000E+00 0.00000E+00 0.00000E+00 0.00000E+00 0.00000E+00 0.00000E+00 0.00000E+00 0.00000E+00 0.00000E+00 0.00000E+00 0.00000E+00 0.00000E+00 0.00000E+00 0.00000E+00 0.00000E+00
 1.04881E+02 3.78600E-18 0.00000E+00 0.00000E+00 0.00000E+00 0.00000E+00 0.00000E+00 0.00000E+00 0.00000E+00 0.00000E+00 0.00000E+00 0.00000E+00 0.00000E+00 0.00000E+00 0.00000E+00 0.00000E+00 0.00000E+00 0.00000E+00
 1.07410E+02 3.48761E-18 0.00000E+00 0.00000E+00 0.00000E+00 0.00000E+00 0.00000E+00 0.00000E+00 0.00000E+00 0.00000E+00 0.00000E+00 0.00000E+00 0.00000E+00 0.00000E+00 0.00000E+00 0.00000E+00 0.00000E+00 0.00000E+00
 1.10000E+02 3.19775E-18 0.00000E+00 0.00000E+00 0.00000E+00 0.00000E+00 0.00000E+00 0.00000E+00 0.00000E+00 0.00000E+00 0.00000E+00 0.00000E+00 0.00000E+00 0.00000E+00 0.00000E+00 0.00000E+00 0.00000E+00 0.00000E+00
 1.13115E+02 2.87587E-18 0.00000E+00 0.00000E+00 0.00000E+00 0.00000E+00 0.00000E+00 0.00000E+00 0.00000E+00 0.00000E+00 0.00000E+00 0.00000E+00 0.00000E+00 0.00000E+00 0.00000E+00 0.00000E+00 0.00000E+00 0.00000E+00
 1.16319E+02 2.57892E-18 0.00000E+00 0.00000E+00 0.00000E+00 0.00000E+00 0.00000E+00 0.00000E+00 0.00000E+00 0.00000E+00 0.00000E+00 0.00000E+00 0.00000E+00 0.00000E+00 0.00000E+00 0.00000E+00 0.00000E+00 0.00000E+00
 1.23000E+02 2.06716E-18 0.00000E+00 0.00000E+00 0.00000E+00 0.00000E+00 0.00000E+00 0.00000E+00 0.00000E+00 0.00000E+00 0.00000E+00 0.00000E+00 0.00000E+00 0.00000E+00 0.00000E+00 0.00000E+00 0.00000E+00 0.00000E+00
 1.23000E+02 2.18801E-18 0.00000E+00 0.00000E+00 0.00000E+00 0.00000E+00 0.00000E+00 0.00000E+00 0.00000E+00 0.00000E+00 0.00000E+00 0.00000E+00 0.00000E+00 0.00000E+00 0.00000E+00 0.00000E+00 0.00000E+00 1.20852E-19
 1.23062E+02 2.18552E-18 0.00000E+00 0.00000E+00 0.00000E+00 0.00000E+00 0.00000E+00 0.00000E+00 0.00000E+00 0.00000E+00 0.00000E+00 0.00000E+00 0.00000E+00 0.00000E+00 0.00000E+00 0.00000E+00 0.00000E+00 1.22494E-19
 1.23124E+02 2.18304E-18 0.00000E+00 0.00000E+00 0.00000E+00 0.00000E+00 0.00000E+00 0.00000E+00 0.00000E+00 0.00000E+00 0.00000E+00 0.00000E+00 0.00000E+00 0.00000E+00 0.00000E+00 0.00000E+00 0.00000E+00 1.24134E-19
 1.23248E+02 2.17809E-18 0.00000E+00 0.00000E+00 0.00000E+00 0.00000E+00 0.00000E+00 0.00000E+00 0.00000E+00 0.00000E+00 0.00000E+00 0.00000E+00 0.00000E+00 0.00000E+00 0.00000E+00 0.00000E+00 0.00000E+00 1.27399E-19
 1.23497E+02 2.16814E-18 0.00000E+00 0.00000E+00 0.00000E+00 0.00000E+00 0.00000E+00 0.00000E+00 0.00000E+00 0.00000E+00 0.00000E+00 0.00000E+00 0.00000E+00 0.00000E+00 0.00000E+00 0.00000E+00 0.00000E+00 1.33796E-19
 1.23996E+02 2.14798E-18 0.00000E+00 0.00000E+00 0.00000E+00 0.00000E+00 0.00000E+00 0.00000E+00 0.00000E+00 0.00000E+00 0.00000E+00 0.00000E+00 0.00000E+00 0.00000E+00 0.00000E+00 0.00000E+00 0.00000E+00 1.45934E-19
 1.25000E+02 2.10674E-18 0.00000E+00 0.00000E+00 0.00000E+00 0.00000E+00 0.00000E+00 0.00000E+00 0.00000E+00 0.00000E+00 0.00000E+00 0.00000E+00 0.00000E+00 0.00000E+00 0.00000E+00 0.00000E+00 0.00000E+00 1.67756E-19
 1.27000E+02 2.02288E-18 0.00000E+00 0.00000E+00 0.00000E+00 0.00000E+00 0.00000E+00 0.00000E+00 0.00000E+00 0.00000E+00 0.00000E+00 0.00000E+00 0.00000E+00 0.00000E+00 0.00000E+00 0.00000E+00 0.00000E+00 2.02194E-19
 1.27000E+02 2.10671E-18 0.00000E+00 0.00000E+00 0.00000E+00 0.00000E+00 0.00000E+00 0.00000E+00 0.00000E+00 0.00000E+00 0.00000E+00 0.00000E+00 0.00000E+00 0.00000E+00 0.00000E+00 0.00000E+00 8.38238E-20 2.02194E-19
 1.27090E+02 2.10465E-18 0.00000E+00 0.00000E+00 0.00000E+00 0.00000E+00 0.00000E+00 0.00000E+00 0.00000E+00 0.00000E+00 0.00000E+00 0.00000E+00 0.00000E+00 0.00000E+00 0.00000E+00 0.00000E+00 8.55501E-20 2.03487E-19
 1.27179E+02 2.10258E-18 0.00000E+00 0.00000E+00 0.00000E+00 0.00000E+00 0.00000E+00 0.00000E+00 0.00000E+00 0.00000E+00 0.00000E+00 0.00000E+00 0.00000E+00 0.00000E+00 0.00000E+00 0.00000E+00 8.72726E-20 2.04762E-19
 1.27359E+02 2.09840E-18 0.00000E+00 0.00000E+00 0.00000E+00 0.00000E+00 0.00000E+00 0.00000E+00 0.00000E+00 0.00000E+00 0.00000E+00 0.00000E+00 0.00000E+00 0.00000E+00 0.00000E+00 0.00000E+00 9.06857E-20 2.07254E-19
 1.27719E+02 2.08979E-18 0.00000E+00 0.00000E+00 0.00000E+00 0.00000E+00 0.00000E+00 0.00000E+00 0.00000E+00 0.00000E+00 0.00000E+00 0.00000E+00 0.00000E+00 0.00000E+00 0.00000E+00 0.00000E+00 9.73017E-20 2.12020E-19
 1.28441E+02 2.07152E-18 0.00000E+00 0.00000E+00 0.00000E+00 0.00000E+00 0.00000E+00 0.00000E+00 0.00000E+00 0.00000E+00 0.00000E+00 0.00000E+00 0.00000E+00 0.00000E+00 0.00000E+00 0.00000E+00 1.09634E-19 2.20711E-19
 1.29899E+02 2.03129E-18 0.00000E+00 0.00000E+00 0.00000E+00 0.00000E+00 0.00000E+00 0.00000E+00 0.00000E+00 0.00000E+00 0.00000E+00 0.00000E+00 0.00000E+00 0.00000E+00 0.00000E+00 0.00000E+00 1.30916E-19 2.34993E-19
 1.31374E+02 1.98686E-18 0.00000E+00 0.00000E+00 0.00000E+00 0.00000E+00 0.00000E+00 0.00000E+00 0.00000E+00 0.00000E+00 0.00000E+00 0.00000E+00 0.00000E+00 0.00000E+00 0.00000E+00 0.00000E+00 1.48027E-19 2.45636E-19
 1.32865E+02 1.93913E-18 0.00000E+00 0.00000E+00 0.00000E+00 0.00000E+00 0.00000E+00 0.00000E+00 0.00000E+00 0.00000E+00 0.00000E+00 0.00000E+00 0.00000E+00 0.00000E+00 0.00000E+00 0.00000E+00 1.61405E-19 2.53208E-19
 1.35898E+02 1.83722E-18 0.00000E+00 0.00000E+00 0.00000E+00 0.00000E+00 0.00000E+00 0.00000E+00 0.00000E+00 0.00000E+00 0.00000E+00 0.00000E+00 0.00000E+00 0.00000E+00 0.00000E+00 0.00000E+00 1.78825E-19 2.61260E-19
 1.39000E+02 1.73199E-18 0.00000E+00 0.00000E+00 0.00000E+00 0.00000E+00 0.00000E+00 0.00000E+00 0.00000E+00 0.00000E+00 0.00000E+00 0.00000E+00 0.00000E+00 0.00000E+00 0.00000E+00 0.00000E+00 1.86933E-19 2.63057E-19
 1.39000E+02 1.80257E-18 0.00000E+00 0.00000E+00 0.00000E+00 0.00000E+00 0.00000E+00 0.00000E+00 0.00000E+00 0.00000E+00 0.00000E+00 0.00000E+00 0.00000E+00 0.00000E+00 0.00000E+00 0.00000E+00 1.86933E-19 2.63057E-19
 1.39125E+02 1.79810E-18 0.00000E+00 0.00000E+00 0.00000E+00 0.00000E+00 0.00000E+00 0.00000E+00 0.00000E+00 0.00000E+00 0.00000E+00 0.00000E+00 0.00000E+00 0.00000E+00 0.00000E+00 0.00000E+00 1.87113E-19 2.63047E-19
 1.39249E+02 1.79364E-18 0.00000E+00 0.00000E+00 0.00000E+00 0.00000E+00 0.00000E+00 0.00000E+00 0.00000E+00 0.00000E+00 0.00000E+00 0.00000E+00 0.00000E+00 0.00000E+00 0.00000E+00 0.00000E+00 1.87284E-19 2.63034E-19
 1.39499E+02 1.78474E-18 0.00000E+00 0.00000E+00 0.00000E+00 0.00000E+00 0.00000E+00 0.00000E+00 0.00000E+00 0.00000E+00 0.00000E+00 0.00000E+00 0.00000E+00 0.00000E+00 0.00000E+00 0.00000E+00 1.87601E-19 2.62994E-19
 1.40000E+02 1.76708E-18 0.00000E+00 0.00000E+00 0.00000E+00 0.00000E+00 0.00000E+00 0.00000E+00 0.00000E+00 0.00000E+00 0.00000E+00 0.00000E+00 0.00000E+00 0.00000E+00 0.00000E+00 0.00000E+00 1.88135E-19 2.62869E-19
 1.44914E+02 1.60881E-18 0.00000E+00 0.00000E+00 0.00000E+00 0.00000E+00 0.00000E+00 0.00000E+00 0.00000E+00 0.00000E+00 0.00000E+00 0.00000E+00 0.00000E+00 0.00000E+00 0.00000E+00 0.00000E+00 1.88742E-19 2.60665E-19
 1.47435E+02 1.53948E-18 0.00000E+00 0.00000E+00 0.00000E+00 0.00000E+00 0.00000E+00 0.00000E+00 0.00000E+00 0.00000E+00 0.00000E+00 0.00000E+00 0.00000E+00 0.00000E+00 0.00000E+00 0.00000E+00 1.87723E-19 2.60564E-19
 1.50000E+02 1.47809E-18 0.00000E+00 0.00000E+00 0.00000E+00 0.00000E+00 0.00000E+00 0.00000E+00 0.00000E+00 0.00000E+00 0.00000E+00 0.00000E+00 0.00000E+00 0.00000E+00 0.00000E+00 0.00000E+00 1.87029E-19 2.62322E-19
 1.52918E+02 1.41997E-18 0.00000E+00 0.00000E+00 0.00000E+00 0.00000E+00 0.00000E+00 0.00000E+00 0.00000E+00 0.00000E+00 0.00000E+00 0.00000E+00 0.00000E+00 0.00000E+00 0.00000E+00 0.00000E+00 1.87521E-19 2.67380E-19
 1.54399E+02 1.39537E-18 0.00000E+00 0.00000E+00 0.00000E+00 0.00000E+00 0.00000E+00 0.00000E+00 0.00000E+00 0.00000E+00 0.00000E+00 0.00000E+00 0.00000E+00 0.00000E+00 0.00000E+00 0.00000E+00 1.88521E-19 2.71388E-19
 1.55893E+02 1.37391E-18 0.00000E+00 0.00000E+00 0.00000E+00 0.00000E+00 0.00000E+00 0.00000E+00 0.00000E+00 0.00000E+00 0.00000E+00 0.00000E+00 0.00000E+00 0.00000E+00 0.00000E+00 0.00000E+00 1.90147E-19 2.76503E-19
 1.57403E+02 1.35567E-18 0.00000E+00 0.00000E+00 0.00000E+00 0.00000E+00 0.00000E+00 0.00000E+00 0.00000E+00 0.00000E+00 0.00000E+00 0.00000E+00 0.00000E+00 0.00000E+00 0.00000E+00 0.00000E+00 1.92477E-19 2.82797E-19
 1.58926E+02 1.34071E-18 0.00000E+00 0.00000E+00 0.00000E+00 0.00000E+00 0.00000E+00 0.00000E+00 0.00000E+00 0.00000E+00 0.00000E+00 0.00000E+00 0.00000E+00 0.00000E+00 0.00000E+00 0.00000E+00 1.95583E-19 2.90335E-19
 1.60465E+02 1.32908E-18 0.00000E+00 0.00000E+00 0.00000E+00 0.00000E+00 0.00000E+00 0.00000E+00 0.00000E+00 0.00000E+00 0.00000E+00 0.00000E+00 0.00000E+00 0.00000E+00 0.00000E+00 0.00000E+00 1.99525E-19 2.99167E-19
 1.62019E+02 1.32081E-18 0.00000E+00 0.00000E+00 0.00000E+00 0.00000E+00 0.00000E+00 0.00000E+00 0.00000E+00 0.00000E+00 0.00000E+00 0.00000E+00 0.00000E+00 0.00000E+00 0.00000E+00 0.00000E+00 2.04356E-19 3.09336E-19
 1.63587E+02 1.31589E-18 0.00000E+00 0.00000E+00 0.00000E+00 0.00000E+00 0.00000E+00 0.00000E+00 0.00000E+00 0.00000E+00 0.00000E+00 0.00000E+00 0.00000E+00 0.00000E+00 0.00000E+00 0.00000E+00 2.10120E-19 3.20874E-19
 1.65171E+02 1.31437E-18 0.00000E+00 0.00000E+00 0.00000E+00 0.00000E+00 0.00000E+00 0.00000E+00 0.00000E+00 0.00000E+00 0.00000E+00 0.00000E+00 0.00000E+00 0.00000E+00 0.00000E+00 0.00000E+00 2.16852E-19 3.33808E-19
 1.66770E+02 1.31625E-18 0.00000E+00 0.00000E+00 0.00000E+00 0.00000E+00 0.00000E+00 0.00000E+00 0.00000E+00 0.00000E+00 0.00000E+00 0.00000E+00 0.00000E+00 0.00000E+00 0.00000E+00 0.00000E+00 2.24582E-19 3.48161E-19
 1.68384E+02 1.32153E-18 0.00000E+00 0.00000E+00 0.00000E+00 0.00000E+00 0.00000E+00 0.00000E+00 0.00000E+00 0.00000E+00 0.00000E+00 0.00000E+00 0.00000E+00 0.00000E+00 0.00000E+00 0.00000E+00 2.33332E-19 3.63951E-19
 1.70014E+02 1.33020E-18 0.00000E+00 0.00000E+00 0.00000E+00 0.00000E+00 0.00000E+00 0.00000E+00 0.00000E+00 0.00000E+00 0.00000E+00 0.00000E+00 0.00000E+00 0.00000E+00 0.00000E+00 0.00000E+00 2.43123E-19 3.81195E-19
 1.71660E+02 1.34227E-18 0.00000E+00 0.00000E+00 0.00000E+00 0.00000E+00 0.00000E+00 0.00000E+00 0.00000E+00 0.00000E+00 0.00000E+00 0.00000E+00 0.00000E+00 0.00000E+00 0.00000E+00 0.00000E+00 2.53969E-19 3.99914E-19
 1.73322E+02 1.35771E-18 0.00000E+00 0.00000E+00 0.00000E+00 0.00000E+00 0.00000E+00 0.00000E+00 0.00000E+00 0.00000E+00 0.00000E+00 0.00000E+00 0.00000E+00 0.00000E+00 0.00000E+00 0.00000E+00 2.65886E-19 4.20127E-19
 1.75000E+02 1.37653E-18 0.00000E+00 0.00000E+00 0.00000E+00 0.00000E+00 0.00000E+00 0.00000E+00 0.00000E+00 0.00000E+00 0.00000E+00 0.00000E+00 0.00000E+00 0.00000E+00 0.00000E+00 0.00000E+00 2.78890E-19 4.41860E-19
 1.77946E+02 1.41714E-18 0.00000E+00 0.00000E+00 0.00000E+00 0.00000E+00 0.00000E+00 0.00000E+00 0.00000E+00 0.00000E+00 0.00000E+00 0.00000E+00 0.00000E+00 0.00000E+00 0.00000E+00 0.00000E+00 3.04039E-19 4.83187E-19
 1.80941E+02 1.46801E-18 0.00000E+00 0.00000E+00 0.00000E+00 0.00000E+00 0.00000E+00 0.00000E+00 0.00000E+00 0.00000E+00 0.00000E+00 0.00000E+00 0.00000E+00 0.00000E+00 0.00000E+00 0.00000E+00 3.32602E-19 5.29322E-19
 1.83986E+02 1.52930E-18 0.00000E+00 0.00000E+00 0.00000E+00 0.00000E+00 0.00000E+00 0.00000E+00 0.00000E+00 0.00000E+00 0.00000E+00 0.00000E+00 0.00000E+00 0.00000E+00 0.00000E+00 0.00000E+00 3.64722E-19 5.80449E-19
 1.87083E+02 1.60118E-18 0.00000E+00 0.00000E+00 0.00000E+00 0.00000E+00 0.00000E+00 0.00000E+00 0.00000E+00 0.00000E+00 0.00000E+00 0.00000E+00 0.00000E+00 0.00000E+00 0.00000E+00 0.00000E+00 4.00536E-19 6.36734E-19
 1.90232E+02 1.68377E-18 0.00000E+00 0.00000E+00 0.00000E+00 0.00000E+00 0.00000E+00 0.00000E+00 0.00000E+00 0.00000E+00 0.00000E+00 0.00000E+00 0.00000E+00 0.00000E+00 0.00000E+00 0.00000E+00 4.40164E-19 6.98319E-19
 1.93434E+02 1.77712E-18 0.00000E+00 0.00000E+00 0.00000E+00 0.00000E+00 0.00000E+00 0.00000E+00 0.00000E+00 0.00000E+00 0.00000E+00 0.00000E+00 0.00000E+00 0.00000E+00 0.00000E+00 0.00000E+00 4.83726E-19 7.65266E-19
 1.96689E+02 1.88120E-18 0.00000E+00 0.00000E+00 0.00000E+00 0.00000E+00 0.00000E+00 0.00000E+00 0.00000E+00 0.00000E+00 0.00000E+00 0.00000E+00 0.00000E+00 0.00000E+00 0.00000E+00 0.00000E+00 5.31339E-19 8.37520E-19
 2.00000E+02 1.99573E-18 0.00000E+00 0.00000E+00 0.00000E+00 0.00000E+00 0.00000E+00 0.00000E+00 0.00000E+00 0.00000E+00 0.00000E+00 0.00000E+00 0.00000E+00 0.00000E+00 0.00000E+00 0.00000E+00 5.83009E-19 9.14915E-19
 2.09762E+02 2.37425E-18 0.00000E+00 0.00000E+00 0.00000E+00 0.00000E+00 0.00000E+00 0.00000E+00 0.00000E+00 0.00000E+00 0.00000E+00 0.00000E+00 0.00000E+00 0.00000E+00 0.00000E+00 0.00000E+00 7.51395E-19 1.16048E-18
 2.14820E+02 2.58646E-18 0.00000E+00 0.00000E+00 0.00000E+00 0.00000E+00 0.00000E+00 0.00000E+00 0.00000E+00 0.00000E+00 0.00000E+00 0.00000E+00 0.00000E+00 0.00000E+00 0.00000E+00 0.00000E+00 8.45351E-19 1.29350E-18
 2.20000E+02 2.80863E-18 0.00000E+00 0.00000E+00 0.00000E+00 0.00000E+00 0.00000E+00 0.00000E+00 0.00000E+00 0.00000E+00 0.00000E+00 0.00000E+00 0.00000E+00 0.00000E+00 0.00000E+00 0.00000E+00 9.43818E-19 1.43029E-18
 2.23544E+02 2.96100E-18 0.00000E+00 0.00000E+00 0.00000E+00 0.00000E+00 0.00000E+00 0.00000E+00 0.00000E+00 0.00000E+00 0.00000E+00 0.00000E+00 0.00000E+00 0.00000E+00 0.00000E+00 0.00000E+00 1.01149E-18 1.52294E-18
 2.27144E+02 3.11463E-18 0.00000E+00 0.00000E+00 0.00000E+00 0.00000E+00 0.00000E+00 0.00000E+00 0.00000E+00 0.00000E+00 0.00000E+00 0.00000E+00 0.00000E+00 0.00000E+00 0.00000E+00 0.00000E+00 1.07984E-18 1.61556E-18
 2.30803E+02 3.26842E-18 0.00000E+00 0.00000E+00 0.00000E+00 0.00000E+00 0.00000E+00 0.00000E+00 0.00000E+00 0.00000E+00 0.00000E+00 0.00000E+00 0.00000E+00 0.00000E+00 0.00000E+00 0.00000E+00 1.14839E-18 1.70759E-18
 2.34521E+02 3.42140E-18 0.00000E+00 0.00000E+00 0.00000E+00 0.00000E+00 0.00000E+00 0.00000E+00 0.00000E+00 0.00000E+00 0.00000E+00 0.00000E+00 0.00000E+00 0.00000E+00 0.00000E+00 0.00000E+00 1.21669E-18 1.79855E-18
 2.38298E+02 3.57277E-18 0.00000E+00 0.00000E+00 0.00000E+00 0.00000E+00 0.00000E+00 0.00000E+00 0.00000E+00 0.00000E+00 0.00000E+00 0.00000E+00 0.00000E+00 0.00000E+00 0.00000E+00 0.00000E+00 1.28437E-18 1.88806E-18
 2.42137E+02 3.72189E-18 0.00000E+00 0.00000E+00 0.00000E+00 0.00000E+00 0.00000E+00 0.00000E+00 0.00000E+00 0.00000E+00 0.00000E+00 0.00000E+00 0.00000E+00 0.00000E+00 0.00000E+00 0.00000E+00 1.35114E-18 1.97581E-18
 2.46037E+02 3.86819E-18 0.00000E+00 0.00000E+00 0.00000E+00 0.00000E+00 0.00000E+00 0.00000E+00 0.00000E+00 0.00000E+00 0.00000E+00 0.00000E+00 0.00000E+00 0.00000E+00 0.00000E+00 0.00000E+00 1.41676E-18 2.06153E-18
 2.50000E+02 4.01117E-18 0.00000E+00 0.00000E+00 0.00000E+00 0.00000E+00 0.00000E+00 0.00000E+00 0.00000E+00 0.00000E+00 0.00000E+00 0.00000E+00 0.00000E+00 0.00000E+00 0.00000E+00 0.00000E+00 1.48101E-18 2.14498E-18
 2.55763E+02 4.20836E-18 0.00000E+00 0.00000E+00 0.00000E+00 0.00000E+00 0.00000E+00 0.00000E+00 0.00000E+00 0.00000E+00 0.00000E+00 0.00000E+00 0.00000E+00 0.00000E+00 0.00000E+00 0.00000E+00 1.56990E-18 2.25952E-18
 2.61659E+02 4.39622E-18 0.00000E+00 0.00000E+00 0.00000E+00 0.00000E+00 0.00000E+00 0.00000E+00 0.00000E+00 0.00000E+00 0.00000E+00 0.00000E+00 0.00000E+00 0.00000E+00 0.00000E+00 0.00000E+00 1.65499E-18 2.36804E-18
 2.67691E+02 4.57293E-18 0.00000E+00 0.00000E+00 0.00000E+00 0.00000E+00 0.00000E+00 0.00000E+00 0.00000E+00 0.00000E+00 0.00000E+00 0.00000E+00 0.00000E+00 0.00000E+00 0.00000E+00 0.00000E+00 1.73558E-18 2.46948E-18
 2.73861E+02 4.73643E-18 0.00000E+00 0.00000E+00 0.00000E+00 0.00000E+00 0.00000E+00 0.00000E+00 0.00000E+00 0.00000E+00 0.00000E+00 0.00000E+00 0.00000E+00 0.00000E+00 0.00000E+00 0.00000E+00 1.81082E-18 2.56270E-18
 2.80174E+02 4.88458E-18 0.00000E+00 0.00000E+00 0.00000E+00 0.00000E+00 0.00000E+00 0.00000E+00 0.00000E+00 0.00000E+00 0.00000E+00 0.00000E+00 0.00000E+00 0.00000E+00 0.00000E+00 0.00000E+00 1.87978E-18 2.64652E-18
 2.86633E+02 5.01544E-18 0.00000E+00 0.00000E+00 0.00000E+00 0.00000E+00 0.00000E+00 0.00000E+00 0.00000E+00 0.00000E+00 0.00000E+00 0.00000E+00 0.00000E+00 0.00000E+00 0.00000E+00 0.00000E+00 1.94158E-18 2.71995E-18
 2.93240E+02 5.12752E-18 0.00000E+00 0.00000E+00 0.00000E+00 0.00000E+00 0.00000E+00 0.00000E+00 0.00000E+00 0.00000E+00 0.00000E+00 0.00000E+00 0.00000E+00 0.00000E+00 0.00000E+00 0.00000E+00 1.99551E-18 2.78228E-18
 3.00000E+02 5.22006E-18 0.00000E+00 0.00000E+00 0.00000E+00 0.00000E+00 0.00000E+00 0.00000E+00 0.00000E+00 0.00000E+00 0.00000E+00 0.00000E+00 0.00000E+00 0.00000E+00 0.00000E+00 0.00000E+00 2.04113E-18 2.83324E-18
 3.05837E+02 5.28301E-18 0.00000E+00 0.00000E+00 0.00000E+00 0.00000E+00 0.00000E+00 0.00000E+00 0.00000E+00 0.00000E+00 0.00000E+00 0.00000E+00 0.00000E+00 0.00000E+00 0.00000E+00 0.00000E+00 2.07312E-18 2.86756E-18
 3.11787E+02 5.33238E-18 0.00000E+00 0.00000E+00 0.00000E+00 0.00000E+00 0.00000E+00 0.00000E+00 0.00000E+00 0.00000E+00 0.00000E+00 0.00000E+00 0.00000E+00 0.00000E+00 0.00000E+00 0.00000E+00 2.09920E-18 2.89416E-18
 3.17853E+02 5.36884E-18 0.00000E+00 0.00000E+00 0.00000E+00 0.00000E+00 0.00000E+00 0.00000E+00 0.00000E+00 0.00000E+00 0.00000E+00 0.00000E+00 0.00000E+00 0.00000E+00 0.00000E+00 0.00000E+00 2.11962E-18 2.91347E-18
 3.24037E+02 5.39324E-18 0.00000E+00 0.00000E+00 0.00000E+00 0.00000E+00 0.00000E+00 0.00000E+00 0.00000E+00 0.00000E+00 0.00000E+00 0.00000E+00 0.00000E+00 0.00000E+00 0.00000E+00 0.00000E+00 2.13473E-18 2.92601E-18
 3.30341E+02 5.40645E-18 0.00000E+00 0.00000E+00 0.00000E+00 0.00000E+00 0.00000E+00 0.00000E+00 0.00000E+00 0.00000E+00 0.00000E+00 0.00000E+00 0.00000E+00 0.00000E+00 0.00000E+00 0.00000E+00 2.14489E-18 2.93229E-18
 3.36768E+02 5.40929E-18 0.00000E+00 0.00000E+00 0.00000E+00 0.00000E+00 0.00000E+00 0.00000E+00 0.00000E+00 0.00000E+00 0.00000E+00 0.00000E+00 0.00000E+00 0.00000E+00 0.00000E+00 0.00000E+00 2.15047E-18 2.93277E-18
 3.43320E+02 5.40242E-18 0.00000E+00 0.00000E+00 0.00000E+00 0.00000E+00 0.00000E+00 0.00000E+00 0.00000E+00 0.00000E+00 0.00000E+00 0.00000E+00 0.00000E+00 0.00000E+00 0.00000E+00 0.00000E+00 2.15179E-18 2.92780E-18
 3.50000E+02 5.38636E-18 0.00000E+00 0.00000E+00 0.00000E+00 0.00000E+00 0.00000E+00 0.00000E+00 0.00000E+00 0.00000E+00 0.00000E+00 0.00000E+00 0.00000E+00 0.00000E+00 0.00000E+00 0.00000E+00 2.14908E-18 2.91768E-18
 3.59828E+02 5.34782E-18 0.00000E+00 0.00000E+00 0.00000E+00 0.00000E+00 0.00000E+00 0.00000E+00 0.00000E+00 0.00000E+00 0.00000E+00 0.00000E+00 0.00000E+00 0.00000E+00 0.00000E+00 0.00000E+00 2.13845E-18 2.89446E-18
 3.69932E+02 5.29173E-18 0.00000E+00 0.00000E+00 0.00000E+00 0.00000E+00 0.00000E+00 0.00000E+00 0.00000E+00 0.00000E+00 0.00000E+00 0.00000E+00 0.00000E+00 0.00000E+00 0.00000E+00 0.00000E+00 2.12017E-18 2.86139E-18
 3.80320E+02 5.21875E-18 0.00000E+00 0.00000E+00 0.00000E+00 0.00000E+00 0.00000E+00 0.00000E+00 0.00000E+00 0.00000E+00 0.00000E+00 0.00000E+00 0.00000E+00 0.00000E+00 0.00000E+00 0.00000E+00 2.09452E-18 2.81889E-18
 3.91000E+02 5.12990E-18 0.00000E+00 0.00000E+00 0.00000E+00 0.00000E+00 0.00000E+00 0.00000E+00 0.00000E+00 0.00000E+00 0.00000E+00 0.00000E+00 0.00000E+00 0.00000E+00 0.00000E+00 0.00000E+00 2.06188E-18 2.76760E-18
 3.91000E+02 5.32076E-18 0.00000E+00 0.00000E+00 0.00000E+00 0.00000E+00 0.00000E+00 0.00000E+00 0.00000E+00 0.00000E+00 0.00000E+00 0.00000E+00 0.00000E+00 0.00000E+00 0.00000E+00 1.90860E-19 2.06188E-18 2.76760E-18
 3.91278E+02 5.31588E-18 0.00000E+00 0.00000E+00 0.00000E+00 0.00000E+00 0.00000E+00 0.00000E+00 0.00000E+00 0.00000E+00 0.00000E+00 0.00000E+00 0.00000E+00 0.00000E+00 0.00000E+00 1.88461E-19 2.06095E-18 2.76618E-18
 3.91557E+02 5.31109E-18 0.00000E+00 0.00000E+00 0.00000E+00 0.00000E+00 0.00000E+00 0.00000E+00 0.00000E+00 0.00000E+00 0.00000E+00 0.00000E+00 0.00000E+00 0.00000E+00 0.00000E+00 1.86149E-19 2.06002E-18 2.76475E-18
 3.92114E+02 5.30185E-18 0.00000E+00 0.00000E+00 0.00000E+00 0.00000E+00 0.00000E+00 0.00000E+00 0.00000E+00 0.00000E+00 0.00000E+00 0.00000E+00 0.00000E+00 0.00000E+00 0.00000E+00 1.81919E-19 2.05815E-18 2.76187E-18
 3.93231E+02 5.28451E-18 0.00000E+00 0.00000E+00 0.00000E+00 0.00000E+00 0.00000E+00 0.00000E+00 0.00000E+00 0.00000E+00 0.00000E+00 0.00000E+00 0.00000E+00 0.00000E+00 0.00000E+00 1.74694E-19 2.05436E-18 2.75606E-18
 3.95474E+02 5.25318E-18 0.00000E+00 0.00000E+00 0.00000E+00 0.00000E+00 0.00000E+00 0.00000E+00 0.00000E+00 0.00000E+00 0.00000E+00 0.00000E+00 0.00000E+00 0.00000E+00 0.00000E+00 1.64037E-19 2.04658E-18 2.74420E-18
 4.00000E+02 5.19923E-18 0.00000E+00 0.00000E+00 0.00000E+00 0.00000E+00 0.00000E+00 0.00000E+00 0.00000E+00 0.00000E+00 0.00000E+00 0.00000E+00 0.00000E+00 0.00000E+00 0.00000E+00 1.53117E-19 2.03025E-18 2.71955E-18
 4.05463E+02 5.14712E-18 0.00000E+00 0.00000E+00 0.00000E+00 0.00000E+00 0.00000E+00 0.00000E+00 0.00000E+00 0.00000E+00 0.00000E+00 0.00000E+00 0.00000E+00 0.00000E+00 0.00000E+00 1.55095E-19 2.00954E-18 2.68867E-18
 4.11000E+02 5.10505E-18 0.00000E+00 0.00000E+00 0.00000E+00 0.00000E+00 0.00000E+00 0.00000E+00 0.00000E+00 0.00000E+00 0.00000E+00 0.00000E+00 0.00000E+00 0.00000E+00 0.00000E+00 1.69864E-19 1.98757E-18 2.65630E-18
 4.11000E+02 5.23238E-18 0.00000E+00 0.00000E+00 0.00000E+00 0.00000E+00 0.00000E+00 0.00000E+00 0.00000E+00 0.00000E+00 0.00000E+00 0.00000E+00 0.00000E+00 0.00000E+00 1.27324E-19 1.69864E-19 1.98757E-18 2.65630E-18
 4.11291E+02 5.22888E-18 0.00000E+00 0.00000E+00 0.00000E+00 0.00000E+00 0.00000E+00 0.00000E+00 0.00000E+00 0.00000E+00 0.00000E+00 0.00000E+00 0.00000E+00 0.00000E+00 1.25950E-19 1.70780E-19 1.98640E-18 2.65457E-18
 4.11583E+02 5.22540E-18 0.00000E+00 0.00000E+00 0.00000E+00 0.00000E+00 0.00000E+00 0.00000E+00 0.00000E+00 0.00000E+00 0.00000E+00 0.00000E+00 0.00000E+00 0.00000E+00 1.24596E-19 1.71698E-19 1.98521E-18 2.65284E-18
 4.12166E+02 5.21855E-18 0.00000E+00 0.00000E+00 0.00000E+00 0.00000E+00 0.00000E+00 0.00000E+00 0.00000E+00 0.00000E+00 0.00000E+00 0.00000E+00 0.00000E+00 0.00000E+00 1.22021E-19 1.73535E-19 1.98284E-18 2.64937E-18
 4.13335E+02 5.20558E-18 0.00000E+00 0.00000E+00 0.00000E+00 0.00000E+00 0.00000E+00 0.00000E+00 0.00000E+00 0.00000E+00 0.00000E+00 0.00000E+00 0.00000E+00 0.00000E+00 1.17702E-19 1.77175E-19 1.97806E-18 2.64238E-18
 4.15684E+02 5.18136E-18 0.00000E+00 0.00000E+00 0.00000E+00 0.00000E+00 0.00000E+00 0.00000E+00 0.00000E+00 0.00000E+00 0.00000E+00 0.00000E+00 0.00000E+00 0.00000E+00 1.11381E-19 1.84187E-19 1.96835E-18 2.62824E-18
 4.20421E+02 5.13677E-18 0.00000E+00 0.00000E+00 0.00000E+00 0.00000E+00 0.00000E+00 0.00000E+00 0.00000E+00 0.00000E+00 0.00000E+00 0.00000E+00 0.00000E+00 0.00000E+00 1.05064E-19 1.96886E-19 1.94841E-18 2.59935E-18
 4.30058E+02 5.05929E-18 0.00000E+00 0.00000E+00 0.00000E+00 0.00000E+00 0.00000E+00 0.00000E+00 0.00000E+00 0.00000E+00 0.00000E+00 0.00000E+00 0.00000E+00 0.00000E+00 1.11179E-19 2.19316E-19 1.90663E-18 2.53941E-18
 4.39916E+02 4.98274E-18 0.00000E+00 0.00000E+00 0.00000E+00 0.00000E+00 0.00000E+00 0.00000E+00 0.00000E+00 0.00000E+00 0.00000E+00 0.00000E+00 0.00000E+00 0.00000E+00 1.25165E-19 2.39316E-19 1.86275E-18 2.47711E-18
 4.50000E+02 4.89663E-18 0.00000E+00 0.00000E+00 0.00000E+00 0.00000E+00 0.00000E+00 0.00000E+00 0.00000E+00 0.00000E+00 0.00000E+00 0.00000E+00 0.00000E+00 0.00000E+00 1.36714E-19 2.55814E-19 1.81718E-18 2.41294E-18
 4.62011E+02 4.78744E-18 0.00000E+00 0.00000E+00 0.00000E+00 0.00000E+00 0.00000E+00 0.00000E+00 0.00000E+00 0.00000E+00 0.00000E+00 0.00000E+00 0.00000E+00 0.00000E+00 1.48417E-19 2.71234E-19 1.76251E-18 2.33648E-18
 4.74342E+02 4.67117E-18 0.00000E+00 0.00000E+00 0.00000E+00 0.00000E+00 0.00000E+00 0.00000E+00 0.00000E+00 0.00000E+00 0.00000E+00 0.00000E+00 0.00000E+00 0.00000E+00 1.57798E-19 2.85158E-19 1.70631E-18 2.25835E-18
 5.00000E+02 4.42831E-18 0.00000E+00 0.00000E+00 0.00000E+00 0.00000E+00 0.00000E+00 0.00000E+00 0.00000E+00 0.00000E+00 0.00000E+00 0.00000E+00 0.00000E+00 0.00000E+00 1.74019E-19 3.13059E-19 1.59018E-18 2.09814E-18
 5.24404E+02 4.20028E-18 0.00000E+00 0.00000E+00 0.00000E+00 0.00000E+00 0.00000E+00 0.00000E+00 0.00000E+00 0.00000E+00 0.00000E+00 0.00000E+00 0.00000E+00 0.00000E+00 1.89195E-19 3.35259E-19 1.48218E-18 1.95054E-18
 5.50000E+02 3.96476E-18 0.00000E+00 0.00000E+00 0.00000E+00 0.00000E+00 0.00000E+00 0.00000E+00 0.00000E+00 0.00000E+00 0.00000E+00 0.00000E+00 0.00000E+00 0.00000E+00 2.02438E-19 3.52280E-19 1.37357E-18 1.80331E-18
 5.74456E+02 3.74843E-18 0.00000E+00 0.00000E+00 0.00000E+00 0.00000E+00 0.00000E+00 0.00000E+00 0.00000E+00 0.00000E+00 0.00000E+00 0.00000E+00 0.00000E+00 0.00000E+00 2.12154E-19 3.64695E-19 1.27586E-18 1.67171E-18
 6.00000E+02 3.53480E-18 0.00000E+00 0.00000E+00 0.00000E+00 0.00000E+00 0.00000E+00 0.00000E+00 0.00000E+00 0.00000E+00 0.00000E+00 0.00000E+00 0.00000E+00 0.00000E+00 2.20431E-19 3.74413E-19 1.18081E-18 1.54429E-18
 6.15000E+02 3.41484E-18 0.00000E+00 0.00000E+00 0.00000E+00 0.00000E+00 0.00000E+00 0.00000E+00 0.00000E+00 0.00000E+00 0.00000E+00 0.00000E+00 0.00000E+00 0.00000E+00 2.24448E-19 3.78391E-19 1.12828E-18 1.47405E-18
 6.15000E+02 3.54542E-18 0.00000E+00 0.00000E+00 0.00000E+00 0.00000E+00 0.00000E+00 0.00000E+00 0.00000E+00 0.00000E+00 0.00000E+00 0.00000E+00 0.00000E+00 1.30579E-19 2.24448E-19 3.78391E-19 1.12827E-18 1.47405E-18
 6.15311E+02 3.54624E-18 0.00000E+00 0.00000E+00 0.00000E+00 0.00000E+00 0.00000E+00 0.00000E+00 0.00000E+00 0.00000E+00 0.00000E+00 0.00000E+00 0.00000E+00 1.33849E-19 2.24524E-19 3.78460E-19 1.12721E-18 1.47263E-18
 6.15622E+02 3.54701E-18 0.00000E+00 0.00000E+00 0.00000E+00 0.00000E+00 0.00000E+00 0.00000E+00 0.00000E+00 0.00000E+00 0.00000E+00 0.00000E+00 0.00000E+00 1.37066E-19 2.24600E-19 3.78528E-19 1.12615E-18 1.47121E-18
 6.16245E+02 3.54822E-18 0.00000E+00 0.00000E+00 0.00000E+00 0.00000E+00 0.00000E+00 0.00000E+00 0.00000E+00 0.00000E+00 0.00000E+00 0.00000E+00 0.00000E+00 1.43174E-19 2.24750E-19 3.78663E-19 1.12402E-18 1.46837E-18
 6.17493E+02 3.54943E-18 0.00000E+00 0.00000E+00 0.00000E+00 0.00000E+00 0.00000E+00 0.00000E+00 0.00000E+00 0.00000E+00 0.00000E+00 0.00000E+00 0.00000E+00 1.54168E-19 2.25047E-19 3.78926E-19 1.11977E-18 1.46269E-18
 6.19996E+02 3.54765E-18 0.00000E+00 0.00000E+00 0.00000E+00 0.00000E+00 0.00000E+00 0.00000E+00 0.00000E+00 0.00000E+00 0.00000E+00 0.00000E+00 0.00000E+00 1.71948E-19 2.25628E-19 3.79428E-19 1.11129E-18 1.45137E-18
 6.25033E+02 3.53093E-18 0.00000E+00 0.00000E+00 0.00000E+00 0.00000E+00 0.00000E+00 0.00000E+00 0.00000E+00 0.00000E+00 0.00000E+00 0.00000E+00 0.00000E+00 1.94283E-19 2.26733E-19 3.80334E-19 1.09442E-18 1.42886E-18
 6.30111E+02 3.50231E-18 0.00000E+00 0.00000E+00 0.00000E+00 0.00000E+00 0.00000E+00 0.00000E+00 0.00000E+00 0.00000E+00 0.00000E+00 0.00000E+00 0.00000E+00 2.04636E-19 2.27758E-19 3.81114E-19 1.07767E-18 1.40652E-18
 6.35230E+02 3.46705E-18 0.00000E+00 0.00000E+00 0.00000E+00 0.00000E+00 0.00000E+00 0.00000E+00 0.00000E+00 0.00000E+00 0.00000E+00 0.00000E+00 0.00000E+00 2.08263E-19 2.28702E-19 3.81771E-19 1.06104E-18 1.38435E-18
 6.56125E+02 3.30864E-18 0.00000E+00 0.00000E+00 0.00000E+00 0.00000E+00 0.00000E+00 0.00000E+00 0.00000E+00 0.00000E+00 0.00000E+00 0.00000E+00 0.00000E+00 2.04253E-19 2.31675E-19 3.83298E-19 9.95737E-19 1.29746E-18
 7.00000E+02 2.99967E-18 0.00000E+00 0.00000E+00 0.00000E+00 0.00000E+00 0.00000E+00 0.00000E+00 0.00000E+00 0.00000E+00 0.00000E+00 0.00000E+00 0.00000E+00 1.95397E-19 2.34411E-19 3.82087E-19 8.71714E-19 1.13311E-18
 7.26000E+02 2.83198E-18 0.00000E+00 0.00000E+00 0.00000E+00 0.00000E+00 0.00000E+00 0.00000E+00 0.00000E+00 0.00000E+00 0.00000E+00 0.00000E+00 0.00000E+00 1.89809E-19 2.34446E-19 3.79095E-19 8.06280E-19 1.04674E-18
 7.26000E+02 2.86064E-18 0.00000E+00 0.00000E+00 0.00000E+00 0.00000E+00 0.00000E+00 0.00000E+00 0.00000E+00 0.00000E+00 0.00000E+00 0.00000E+00 2.86610E-20 1.89809E-19 2.34446E-19 3.79095E-19 8.06280E-19 1.04674E-18
 7.26551E+02 2.85794E-18 0.00000E+00 0.00000E+00 0.00000E+00 0.00000E+00 0.00000E+00 0.00000E+00 0.00000E+00 0.00000E+00 0.00000E+00 0.00000E+00 2.94002E-20 1.89691E-19 2.34435E-19 3.79014E-19 8.04956E-19 1.04500E-18
 7.27102E+02 2.85523E-18 0.00000E+00 0.00000E+00 0.00000E+00 0.00000E+00 0.00000E+00 0.00000E+00 0.00000E+00 0.00000E+00 0.00000E+00 0.00000E+00 3.01184E-20 1.89571E-19 2.34424E-19 3.78933E-19 8.03633E-19 1.04325E-18
 7.28205E+02 2.84969E-18 0.00000E+00 0.00000E+00 0.00000E+00 0.00000E+00 0.00000E+00 0.00000E+00 0.00000E+00 0.00000E+00 0.00000E+00 0.00000E+00 3.14330E-20 1.89333E-19 2.34400E-19 3.78767E-19 8.00992E-19 1.03977E-18
 7.30418E+02 2.83823E-18 0.00000E+00 0.00000E+00 0.00000E+00 0.00000E+00 0.00000E+00 0.00000E+00 0.00000E+00 0.00000E+00 0.00000E+00 0.00000E+00 3.36505E-20 1.88857E-19 2.34347E-19 3.78428E-19 7.95727E-19 1.03283E-18
 7.34862E+02 2.81405E-18 0.00000E+00 0.00000E+00 0.00000E+00 0.00000E+00 0.00000E+00 0.00000E+00 0.00000E+00 0.00000E+00 0.00000E+00 0.00000E+00 3.67181E-20 1.87902E-19 2.34217E-19 3.77711E-19 7.85270E-19 1.01906E-18
 7.43832E+02 2.76263E-18 0.00000E+00 0.00000E+00 0.00000E+00 0.00000E+00 0.00000E+00 0.00000E+00 0.00000E+00 0.00000E+00 0.00000E+00 0.00000E+00 3.93322E-20 1.85990E-19 2.33862E-19 3.76133E-19 7.64647E-19 9.91899E-19
 7.62102E+02 2.65689E-18 0.00000E+00 0.00000E+00 0.00000E+00 0.00000E+00 0.00000E+00 0.00000E+00 0.00000E+00 0.00000E+00 0.00000E+00 0.00000E+00 3.98048E-20 1.82187E-19 2.32766E-19 3.72430E-19 7.24560E-19 9.39158E-19
 8.00000E+02 2.45188E-18 0.00000E+00 0.00000E+00 0.00000E+00 0.00000E+00 0.00000E+00 0.00000E+00 0.00000E+00 0.00000E+00 0.00000E+00 0.00000E+00 3.95386E-20 1.74754E-19 2.29131E-19 3.63185E-19 6.48892E-19 8.39778E-19
 8.52000E+02 2.20166E-18 0.00000E+00 0.00000E+00 0.00000E+00 0.00000E+00 0.00000E+00 0.00000E+00 0.00000E+00 0.00000E+00 0.00000E+00 0.00000E+00 3.92715E-20 1.64919E-19 2.22231E-19 3.48518E-19 5.59364E-19 7.22515E-19
 8.52000E+02 2.25811E-18 0.00000E+00 0.00000E+00 0.00000E+00 0.00000E+00 0.00000E+00 0.00000E+00 0.00000E+00 0.00000E+00 0.00000E+00 5.64485E-20 3.92715E-20 1.64919E-19 2.22231E-19 3.48518E-19 5.59364E-19 7.22514E-19
 8.52730E+02 2.25341E-18 0.00000E+00 0.00000E+00 0.00000E+00 0.00000E+00 0.00000E+00 0.00000E+00 0.00000E+00 0.00000E+00 0.00000E+00 5.50262E-20 3.92652E-20 1.64784E-19 2.22123E-19 3.48300E-19 5.58214E-19 7.21010E-19
 8.53461E+02 2.24888E-18 0.00000E+00 0.00000E+00 0.00000E+00 0.00000E+00 0.00000E+00 0.00000E+00 0.00000E+00 0.00000E+00 0.00000E+00 5.37626E-20 3.92588E-20 1.64649E-19 2.22015E-19 3.48082E-19 5.57065E-19 7.19508E-19
 8.54924E+02 2.24032E-18 0.00000E+00 0.00000E+00 0.00000E+00 0.00000E+00 0.00000E+00 0.00000E+00 0.00000E+00 0.00000E+00 0.00000E+00 5.17470E-20 3.92462E-20 1.64379E-19 2.21799E-19 3.47645E-19 5.54773E-19 7.16511E-19
 8.57857E+02 2.22457E-18 0.00000E+00 0.00000E+00 0.00000E+00 0.00000E+00 0.00000E+00 0.00000E+00 0.00000E+00 0.00000E+00 0.00000E+00 4.90276E-20 3.92208E-20 1.63840E-19 2.21361E-19 3.46764E-19 5.50211E-19 7.10547E-19
 8.63755E+02 2.19610E-18 0.00000E+00 0.00000E+00 0.00000E+00 0.00000E+00 0.00000E+00 0.00000E+00 0.00000E+00 0.00000E+00 0.00000E+00 4.64570E-20 3.91706E-20 1.62767E-19 2.20470E-19 3.44978E-19 5.41172E-19 6.98734E-19
 8.75671E+02 2.14403E-18 0.00000E+00 0.00000E+00 0.00000E+00 0.00000E+00 0.00000E+00 0.00000E+00 0.00000E+00 0.00000E+00 0.00000E+00 4.54840E-20 3.90721E-20 1.60639E-19 2.18620E-19 3.41313E-19 5.23441E-19 6.75572E-19
 9.00000E+02 2.04457E-18 0.00000E+00 0.00000E+00 0.00000E+00 0.00000E+00 0.00000E+00 0.00000E+00 0.00000E+00 0.00000E+00 0.00000E+00 4.55156E-20 3.88672E-20 1.56427E-19 2.14648E-19 3.33625E-19 4.89363E-19 6.31099E-19
 9.48683E+02 1.86103E-18 0.00000E+00 0.00000E+00 0.00000E+00 0.00000E+00 0.00000E+00 0.00000E+00 0.00000E+00 0.00000E+00 0.00000E+00 4.33935E-20 3.83447E-20 1.48256E-19 2.06072E-19 3.17749E-19 4.28930E-19 5.52353E-19
 1.00000E+03 1.69085E-18 0.00000E+00 0.00000E+00 0.00000E+00 0.00000E+00 0.00000E+00 0.00000E+00 0.00000E+00 0.00000E+00 0.00000E+00 4.15724E-20 3.76986E-20 1.40134E-19 1.96607E-19 3.01009E-19 3.74744E-19 4.81878E-19
 1.10000E+03 1.41440E-18 0.00000E+00 0.00000E+00 0.00000E+00 0.00000E+00 0.00000E+00 0.00000E+00 0.00000E+00 0.00000E+00 0.00000E+00 3.79720E-20 3.61654E-20 1.25853E-19 1.78135E-19 2.69446E-19 2.91045E-19 3.73318E-19
 1.17260E+03 1.25080E-18 0.00000E+00 0.00000E+00 0.00000E+00 0.00000E+00 0.00000E+00 0.00000E+00 0.00000E+00 0.00000E+00 0.00000E+00 3.55591E-20 3.49295E-20 1.16592E-19 1.65112E-19 2.47940E-19 2.44381E-19 3.12970E-19
 1.25000E+03 1.10369E-18 0.00000E+00 0.00000E+00 0.00000E+00 0.00000E+00 0.00000E+00 0.00000E+00 0.00000E+00 0.00000E+00 0.00000E+00 3.31838E-20 3.35263E-20 1.07691E-19 1.52065E-19 2.26808E-19 2.04354E-19 2.61299E-19
 1.40000E+03 8.79388E-19 0.00000E+00 0.00000E+00 0.00000E+00 0.00000E+00 0.00000E+00 0.00000E+00 0.00000E+00 0.00000E+00 0.00000E+00 2.91293E-20 3.07872E-20 9.28379E-20 1.29396E-19 1.90858E-19 1.47385E-19 1.87945E-19
 1.50000E+03 7.63626E-19 0.00000E+00 0.00000E+00 0.00000E+00 0.00000E+00 0.00000E+00 0.00000E+00 0.00000E+00 0.00000E+00 0.00000E+00 2.67719E-20 2.90094E-20 8.44451E-20 1.16308E-19 1.70479E-19 1.20119E-19 1.52924E-19
 1.62019E+03 6.50582E-19 0.00000E+00 0.00000E+00 0.00000E+00 0.00000E+00 0.00000E+00 0.00000E+00 0.00000E+00 0.00000E+00 0.00000E+00 2.42897E-20 2.69761E-20 7.56907E-20 1.02491E-19 1.49230E-19 9.50958E-20 1.20852E-19
 1.75000E+03 5.53042E-19 0.00000E+00 0.00000E+00 0.00000E+00 0.00000E+00 0.00000E+00 0.00000E+00 0.00000E+00 0.00000E+00 0.00000E+00 2.19533E-20 2.49355E-20 6.75865E-20 8.97044E-20 1.29791E-19 7.49216E-20 9.50460E-20
 2.00000E+03 4.15168E-19 0.00000E+00 0.00000E+00 0.00000E+00 0.00000E+00 0.00000E+00 0.00000E+00 0.00000E+00 0.00000E+00 0.00000E+00 1.82898E-20 2.14660E-20 5.50900E-20 7.00964E-20 1.00386E-19 4.90081E-20 6.19798E-20
 2.20000E+03 3.37042E-19 0.00000E+00 0.00000E+00 0.00000E+00 0.00000E+00 0.00000E+00 0.00000E+00 0.00000E+00 0.00000E+00 0.00000E+00 1.59700E-20 1.91055E-20 4.73215E-20 5.81206E-20 8.26608E-20 3.58915E-20 4.52916E-20
 2.39400E+03 2.79466E-19 0.00000E+00 0.00000E+00 0.00000E+00 0.00000E+00 0.00000E+00 0.00000E+00 0.00000E+00 0.00000E+00 0.00000E+00 1.41094E-20 1.71292E-20 4.11809E-20 4.88703E-20 6.90915E-20 2.70692E-20 3.40919E-20
 2.39400E+03 2.90208E-19 0.00000E+00 0.00000E+00 0.00000E+00 0.00000E+00 0.00000E+00 0.00000E+00 0.00000E+00 0.00000E+00 1.07424E-20 1.41094E-20 1.71292E-20 4.11809E-20 4.88702E-20 6.90915E-20 2.70691E-20 3.40918E-20
 2.39547E+03 2.90222E-19 0.00000E+00 0.00000E+00 0.00000E+00 0.00000E+00 0.00000E+00 0.00000E+00 0.00000E+00 0.00000E+00 1.11383E-20 1.40966E-20 1.71152E-20 4.11388E-20 4.88075E-20 6.89998E-20 2.70134E-20 3.40211E-20
 2.39694E+03 2.91241E-19 0.00000E+00 0.00000E+00 0.00000E+00 0.00000E+00 0.00000E+00 0.00000E+00 0.00000E+00 0.00000E+00 1.25389E-20 1.40837E-20 1.71013E-20 4.10967E-20 4.87447E-20 6.89082E-20 2.69577E-20 3.39505E-20
 2.39842E+03 2.93626E-19 0.00000E+00 0.00000E+00 0.00000E+00 0.00000E+00 0.00000E+00 0.00000E+00 0.00000E+00 0.00000E+00 1.53055E-20 1.40709E-20 1.70874E-20 4.10546E-20 4.86821E-20 6.88167E-20 2.69021E-20 3.38800E-20
 2.39989E+03 2.97875E-19 0.00000E+00 0.00000E+00 0.00000E+00 0.00000E+00 0.00000E+00 0.00000E+00 0.00000E+00 0.00000E+00 1.99353E-20 1.40581E-20 1.70734E-20 4.10126E-20 4.86195E-20 6.87253E-20 2.68467E-20 3.38097E-20
 2.40136E+03 3.04613E-19 0.00000E+00 0.00000E+00 0.00000E+00 0.00000E+00 0.00000E+00 0.00000E+00 0.00000E+00 0.00000E+00 2.70528E-20 1.40453E-20 1.70595E-20 4.09706E-20 4.85569E-20 6.86339E-20 2.67913E-20 3.37395E-20
 2.40284E+03 3.14543E-19 0.00000E+00 0.00000E+00 0.00000E+00 0.00000E+00 0.00000E+00 0.00000E+00 0.00000E+00 0.00000E+00 3.73631E-20 1.40325E-20 1.70456E-20 4.09286E-20 4.84945E-20 6.85427E-20 2.67361E-20 3.36695E-20
 2.40432E+03 3.28342E-19 0.00000E+00 0.00000E+00 0.00000E+00 0.00000E+00 0.00000E+00 0.00000E+00 0.00000E+00 0.00000E+00 5.15409E-20 1.40197E-20 1.70317E-20 4.08867E-20 4.84320E-20 6.84516E-20 2.66809E-20 3.35996E-20
 2.40579E+03 3.46493E-19 0.00000E+00 0.00000E+00 0.00000E+00 0.00000E+00 0.00000E+00 0.00000E+00 0.00000E+00 0.00000E+00 7.00713E-20 1.40069E-20 1.70178E-20 4.08448E-20 4.83697E-20 6.83605E-20 2.66259E-20 3.35298E-20
 2.40727E+03 3.69054E-19 0.00000E+00 0.00000E+00 0.00000E+00 0.00000E+00 0.00000E+00 0.00000E+00 0.00000E+00 0.00000E+00 9.30105E-20 1.39941E-20 1.70039E-20 4.08030E-20 4.83074E-20 6.82696E-20 2.65710E-20 3.34602E-20
 2.40875E+03 3.95481E-19 0.00000E+00 0.00000E+00 0.00000E+00 0.00000E+00 0.00000E+00 0.00000E+00 0.00000E+00 0.00000E+00 1.19815E-19 1.39813E-20 1.69900E-20 4.07612E-20 4.82452E-20 6.81788E-20 2.65162E-20 3.33907E-20
 2.41023E+03 4.24599E-19 0.00000E+00 0.00000E+00 0.00000E+00 0.00000E+00 0.00000E+00 0.00000E+00 0.00000E+00 0.00000E+00 1.49311E-19 1.39686E-20 1.69762E-20 4.07194E-20 4.81830E-20 6.80880E-20 2.64615E-20 3.33214E-20
 2.41171E+03 4.54809E-19 0.00000E+00 0.00000E+00 0.00000E+00 0.00000E+00 0.00000E+00 0.00000E+00 0.00000E+00 0.00000E+00 1.79898E-19 1.39558E-20 1.69623E-20 4.06777E-20 4.81209E-20 6.79974E-20 2.64070E-20 3.32522E-20
 2.41320E+03 4.84450E-19 0.00000E+00 0.00000E+00 0.00000E+00 0.00000E+00 0.00000E+00 0.00000E+00 0.00000E+00 0.00000E+00 2.09915E-19 1.39431E-20 1.69484E-20 4.06360E-20 4.80589E-20 6.79069E-20 2.63525E-20 3.31831E-20
 2.41468E+03 5.12162E-19 0.00000E+00 0.00000E+00 0.00000E+00 0.00000E+00 0.00000E+00 0.00000E+00 0.00000E+00 0.00000E+00 2.38003E-19 1.39304E-20 1.69346E-20 4.05943E-20 4.79969E-20 6.78164E-20 2.62981E-20 3.31142E-20
 2.41616E+03 5.37106E-19 0.00000E+00 0.00000E+00 0.00000E+00 0.00000E+00 0.00000E+00 0.00000E+00 0.00000E+00 0.00000E+00 2.63321E-19 1.39176E-20 1.69207E-20 4.05527E-20 4.79350E-20 6.77261E-20 2.62439E-20 3.30454E-20
 2.41765E+03 5.58964E-19 0.00000E+00 0.00000E+00 0.00000E+00 0.00000E+00 0.00000E+00 0.00000E+00 0.00000E+00 0.00000E+00 2.85555E-19 1.39049E-20 1.69069E-20 4.05111E-20 4.78731E-20 6.76358E-20 2.61897E-20 3.29767E-20
 2.41913E+03 5.77826E-19 0.00000E+00 0.00000E+00 0.00000E+00 0.00000E+00 0.00000E+00 0.00000E+00 0.00000E+00 0.00000E+00 3.04791E-19 1.38922E-20 1.68930E-20 4.04695E-20 4.78114E-20 6.75456E-20 2.61357E-20 3.29082E-20
 2.42062E+03 5.94010E-19 0.00000E+00 0.00000E+00 0.00000E+00 0.00000E+00 0.00000E+00 0.00000E+00 0.00000E+00 0.00000E+00 3.21348E-19 1.38795E-20 1.68792E-20 4.04280E-20 4.77496E-20 6.74556E-20 2.60817E-20 3.28398E-20
 2.42211E+03 6.07929E-19 0.00000E+00 0.00000E+00 0.00000E+00 0.00000E+00 0.00000E+00 0.00000E+00 0.00000E+00 0.00000E+00 3.35641E-19 1.38669E-20 1.68654E-20 4.03865E-20 4.76880E-20 6.73656E-20 2.60279E-20 3.27716E-20
 2.42360E+03 6.19996E-19 0.00000E+00 0.00000E+00 0.00000E+00 0.00000E+00 0.00000E+00 0.00000E+00 0.00000E+00 0.00000E+00 3.48081E-19 1.38542E-20 1.68515E-20 4.03450E-20 4.76264E-20 6.72757E-20 2.59742E-20 3.27035E-20
 2.42508E+03 6.30569E-19 0.00000E+00 0.00000E+00 0.00000E+00 0.00000E+00 0.00000E+00 0.00000E+00 0.00000E+00 0.00000E+00 3.59026E-19 1.38415E-20 1.68377E-20 4.03036E-20 4.75648E-20 6.71860E-20 2.59206E-20 3.26355E-20
 2.42658E+03 6.39939E-19 0.00000E+00 0.00000E+00 0.00000E+00 0.00000E+00 0.00000E+00 0.00000E+00 0.00000E+00 0.00000E+00 3.68768E-19 1.38289E-20 1.68239E-20 4.02622E-20 4.75034E-20 6.70963E-20 2.58671E-20 3.25677E-20
 2.42956E+03 6.55904E-19 0.00000E+00 0.00000E+00 0.00000E+00 0.00000E+00 0.00000E+00 0.00000E+00 0.00000E+00 0.00000E+00 3.85476E-19 1.38036E-20 1.67963E-20 4.01795E-20 4.73806E-20 6.69172E-20 2.57604E-20 3.24324E-20
 2.43255E+03 6.69028E-19 0.00000E+00 0.00000E+00 0.00000E+00 0.00000E+00 0.00000E+00 0.00000E+00 0.00000E+00 0.00000E+00 3.99340E-19 1.37784E-20 1.67687E-20 4.00970E-20 4.72581E-20 6.67386E-20 2.56541E-20 3.22977E-20
 2.43554E+03 6.79857E-19 0.00000E+00 0.00000E+00 0.00000E+00 0.00000E+00 0.00000E+00 0.00000E+00 0.00000E+00 0.00000E+00 4.10908E-19 1.37532E-20 1.67412E-20 4.00146E-20 4.71358E-20 6.65603E-20 2.55483E-20 3.21635E-20
 2.43853E+03 6.88640E-19 0.00000E+00 0.00000E+00 0.00000E+00 0.00000E+00 0.00000E+00 0.00000E+00 0.00000E+00 0.00000E+00 4.20427E-19 1.37280E-20 1.67137E-20 3.99323E-20 4.70138E-20 6.63824E-20 2.54428E-20 3.20299E-20
 2.44153E+03 6.95520E-19 0.00000E+00 0.00000E+00 0.00000E+00 0.00000E+00 0.00000E+00 0.00000E+00 0.00000E+00 0.00000E+00 4.28042E-19 1.37029E-20 1.66862E-20 3.98502E-20 4.68921E-20 6.62048E-20 2.53378E-20 3.18968E-20
 2.44453E+03 7.00631E-19 0.00000E+00 0.00000E+00 0.00000E+00 0.00000E+00 0.00000E+00 0.00000E+00 0.00000E+00 0.00000E+00 4.33886E-19 1.36778E-20 1.66587E-20 3.97682E-20 4.67706E-20 6.60277E-20 2.52332E-20 3.17642E-20
 2.44754E+03 7.04142E-19 0.00000E+00 0.00000E+00 0.00000E+00 0.00000E+00 0.00000E+00 0.00000E+00 0.00000E+00 0.00000E+00 4.38128E-19 1.36528E-20 1.66313E-20 3.96864E-20 4.66493E-20 6.58509E-20 2.51290E-20 3.16321E-20
 2.45054E+03 7.06261E-19 0.00000E+00 0.00000E+00 0.00000E+00 0.00000E+00 0.00000E+00 0.00000E+00 0.00000E+00 0.00000E+00 4.40976E-19 1.36277E-20 1.66039E-20 3.96047E-20 4.65283E-20 6.56746E-20 2.50252E-20 3.15006E-20
 2.45356E+03 7.07220E-19 0.00000E+00 0.00000E+00 0.00000E+00 0.00000E+00 0.00000E+00 0.00000E+00 0.00000E+00 0.00000E+00 4.42661E-19 1.36028E-20 1.65765E-20 3.95231E-20 4.64075E-20 6.54986E-20 2.49218E-20 3.13695E-20
 2.45959E+03 7.06603E-19 0.00000E+00 0.00000E+00 0.00000E+00 0.00000E+00 0.00000E+00 0.00000E+00 0.00000E+00 0.00000E+00 4.43494E-19 1.35529E-20 1.65218E-20 3.93604E-20 4.61667E-20 6.51477E-20 2.47163E-20 3.11090E-20
 2.46564E+03 7.03998E-19 0.00000E+00 0.00000E+00 0.00000E+00 0.00000E+00 0.00000E+00 0.00000E+00 0.00000E+00 0.00000E+00 4.42330E-19 1.35033E-20 1.64672E-20 3.91982E-20 4.59269E-20 6.47984E-20 2.45123E-20 3.08505E-20
 2.49000E+03 6.91231E-19 0.00000E+00 0.00000E+00 0.00000E+00 0.00000E+00 0.00000E+00 0.00000E+00 0.00000E+00 0.00000E+00 4.35254E-19 1.33060E-20 1.62499E-20 3.85550E-20 4.49776E-20 6.34164E-20 2.37120E-20 2.98364E-20
 2.49000E+03 6.99339E-19 0.00000E+00 0.00000E+00 0.00000E+00 0.00000E+00 0.00000E+00 0.00000E+00 0.00000E+00 8.10899E-21 4.35254E-19 1.33060E-20 1.62499E-20 3.85549E-20 4.49776E-20 6.34163E-20 2.37119E-20 2.98364E-20
 2.49125E+03 6.98923E-19 0.00000E+00 0.00000E+00 0.00000E+00 0.00000E+00 0.00000E+00 0.00000E+00 0.00000E+00 8.27917E-21 4.34955E-19 1.32960E-20 1.62389E-20 3.85224E-20 4.49297E-20 6.33466E-20 2.36718E-20 2.97855E-20
 2.49250E+03 6.98944E-19 0.00000E+00 0.00000E+00 0.00000E+00 0.00000E+00 0.00000E+00 0.00000E+00 0.00000E+00 8.88340E-21 4.34658E-19 1.32861E-20 1.62278E-20 3.84899E-20 4.48818E-20 6.32768E-20 2.36317E-20 2.97347E-20
 2.49499E+03 7.00866E-19 0.00000E+00 0.00000E+00 0.00000E+00 0.00000E+00 0.00000E+00 0.00000E+00 0.00000E+00 1.19691E-20 4.34067E-19 1.32661E-20 1.62058E-20 3.84249E-20 4.47860E-20 6.31375E-20 2.35517E-20 2.96334E-20
 2.49625E+03 7.03164E-19 0.00000E+00 0.00000E+00 0.00000E+00 0.00000E+00 0.00000E+00 0.00000E+00 0.00000E+00 1.48491E-20 4.33771E-19 1.32562E-20 1.61948E-20 3.83924E-20 4.47382E-20 6.30680E-20 2.35118E-20 2.95828E-20
 2.49750E+03 7.06690E-19 0.00000E+00 0.00000E+00 0.00000E+00 0.00000E+00 0.00000E+00 0.00000E+00 0.00000E+00 1.89568E-20 4.33475E-19 1.32462E-20 1.61838E-20 3.83599E-20 4.46905E-20 6.29985E-20 2.34720E-20 2.95324E-20
 2.49875E+03 7.11730E-19 0.00000E+00 0.00000E+00 0.00000E+00 0.00000E+00 0.00000E+00 0.00000E+00 0.00000E+00 2.45797E-20 4.33177E-19 1.32362E-20 1.61728E-20 3.83275E-20 4.46427E-20 6.29291E-20 2.34322E-20 2.94820E-20
 2.50000E+03 7.18560E-19 0.00000E+00 0.00000E+00 0.00000E+00 0.00000E+00 0.00000E+00 0.00000E+00 0.00000E+00 3.19951E-20 4.32876E-19 1.32263E-20 1.61618E-20 3.82951E-20 4.45951E-20 6.28597E-20 2.33925E-20 2.94317E-20
 2.50165E+03 7.30662E-19 0.00000E+00 0.00000E+00 0.00000E+00 0.00000E+00 0.00000E+00 0.00000E+00 0.00000E+00 4.48746E-20 4.32475E-19 1.32132E-20 1.61473E-20 3.82524E-20 4.45322E-20 6.27683E-20 2.33402E-20 2.93654E-20
 2.50331E+03 7.46383E-19 0.00000E+00 0.00000E+00 0.00000E+00 0.00000E+00 0.00000E+00 0.00000E+00 0.00000E+00 6.13801E-20 4.32065E-19 1.32001E-20 1.61328E-20 3.82097E-20 4.44694E-20 6.26769E-20 2.32880E-20 2.92993E-20
 2.50496E+03 7.65252E-19 0.00000E+00 0.00000E+00 0.00000E+00 0.00000E+00 0.00000E+00 0.00000E+00 0.00000E+00 8.10419E-20 4.31647E-19 1.31870E-20 1.61183E-20 3.81670E-20 4.44067E-20 6.25857E-20 2.32359E-20 2.92332E-20
 2.50662E+03 7.86144E-19 0.00000E+00 0.00000E+00 0.00000E+00 0.00000E+00 0.00000E+00 0.00000E+00 0.00000E+00 1.02739E-19 4.31217E-19 1.31739E-20 1.61038E-20 3.81244E-20 4.43441E-20 6.24946E-20 2.31839E-20 2.91674E-20
 2.50828E+03 8.07540E-19 0.00000E+00 0.00000E+00 0.00000E+00 0.00000E+00 0.00000E+00 0.00000E+00 0.00000E+00 1.24952E-19 4.30773E-19 1.31608E-20 1.60894E-20 3.80818E-20 4.42815E-20 6.24036E-20 2.31320E-20 2.91016E-20
 2.50994E+03 8.27957E-19 0.00000E+00 0.00000E+00 0.00000E+00 0.00000E+00 0.00000E+00 0.00000E+00 0.00000E+00 1.46199E-19 4.30315E-19 1.31478E-20 1.60749E-20 3.80393E-20 4.42190E-20 6.23127E-20 2.30802E-20 2.90360E-20
 2.51160E+03 8.46336E-19 0.00000E+00 0.00000E+00 0.00000E+00 0.00000E+00 0.00000E+00 0.00000E+00 0.00000E+00 1.65426E-19 4.29840E-19 1.31347E-20 1.60605E-20 3.79968E-20 4.41566E-20 6.22219E-20 2.30285E-20 2.89706E-20
 2.51326E+03 8.62187E-19 0.00000E+00 0.00000E+00 0.00000E+00 0.00000E+00 0.00000E+00 0.00000E+00 0.00000E+00 1.82143E-19 4.29346E-19 1.31217E-20 1.60460E-20 3.79544E-20 4.40942E-20 6.21313E-20 2.29770E-20 2.89052E-20
 2.51492E+03 8.75497E-19 0.00000E+00 0.00000E+00 0.00000E+00 0.00000E+00 0.00000E+00 0.00000E+00 0.00000E+00 1.96339E-19 4.28831E-19 1.31086E-20 1.60316E-20 3.79119E-20 4.40320E-20 6.20407E-20 2.29255E-20 2.88400E-20
 2.51658E+03 8.86540E-19 0.00000E+00 0.00000E+00 0.00000E+00 0.00000E+00 0.00000E+00 0.00000E+00 0.00000E+00 2.08291E-19 4.28294E-19 1.30956E-20 1.60172E-20 3.78695E-20 4.39697E-20 6.19502E-20 2.28741E-20 2.87749E-20
 2.51825E+03 8.95701E-19 0.00000E+00 0.00000E+00 0.00000E+00 0.00000E+00 0.00000E+00 0.00000E+00 0.00000E+00 2.18381E-19 4.27735E-19 1.30826E-20 1.60027E-20 3.78272E-20 4.39076E-20 6.18599E-20 2.28228E-20 2.87100E-20
 2.51991E+03 9.03363E-19 0.00000E+00 0.00000E+00 0.00000E+00 0.00000E+00 0.00000E+00 0.00000E+00 0.00000E+00 2.26993E-19 4.27155E-19 1.30696E-20 1.59883E-20 3.77849E-20 4.38455E-20 6.17696E-20 2.27717E-20 2.86452E-20
 2.52325E+03 9.15418E-19 0.00000E+00 0.00000E+00 0.00000E+00 0.00000E+00 0.00000E+00 0.00000E+00 0.00000E+00 2.41002E-19 4.25940E-19 1.30436E-20 1.59595E-20 3.77004E-20 4.37216E-20 6.15895E-20 2.26697E-20 2.85160E-20
 2.52658E+03 9.24453E-19 0.00000E+00 0.00000E+00 0.00000E+00 0.00000E+00 0.00000E+00 0.00000E+00 0.00000E+00 2.52053E-19 4.24659E-19 1.30177E-20 1.59308E-20 3.76160E-20 4.35979E-20 6.14097E-20 2.25681E-20 2.83873E-20
 2.52993E+03 9.31331E-19 0.00000E+00 0.00000E+00 0.00000E+00 0.00000E+00 0.00000E+00 0.00000E+00 0.00000E+00 2.61001E-19 4.23325E-19 1.29918E-20 1.59020E-20 3.75318E-20 4.34746E-20 6.12304E-20 2.24669E-20 2.82591E-20
 2.53327E+03 9.36429E-19 0.00000E+00 0.00000E+00 0.00000E+00 0.00000E+00 0.00000E+00 0.00000E+00 0.00000E+00 2.68209E-19 4.21947E-19 1.29660E-20 1.58733E-20 3.74477E-20 4.33515E-20 6.10515E-20 2.23661E-20 2.81315E-20
 2.53998E+03 9.41961E-19 0.00000E+00 0.00000E+00 0.00000E+00 0.00000E+00 0.00000E+00 0.00000E+00 0.00000E+00 2.78038E-19 4.19109E-19 1.29144E-20 1.58160E-20 3.72801E-20 4.31061E-20 6.06950E-20 2.21658E-20 2.78778E-20
 2.54671E+03 9.42343E-19 0.00000E+00 0.00000E+00 0.00000E+00 0.00000E+00 0.00000E+00 0.00000E+00 0.00000E+00 2.82743E-19 4.16237E-19 1.28630E-20 1.57588E-20 3.71130E-20 4.28619E-20 6.03403E-20 2.19672E-20 2.76263E-20
 2.55345E+03 9.39233E-19 0.00000E+00 0.00000E+00 0.00000E+00 0.00000E+00 0.00000E+00 0.00000E+00 0.00000E+00 2.83911E-19 4.13402E-19 1.28118E-20 1.57018E-20 3.69465E-20 4.26188E-20 5.99872E-20 2.17702E-20 2.73768E-20
 2.60804E+03 8.98898E-19 0.00000E+00 0.00000E+00 0.00000E+00 0.00000E+00 0.00000E+00 0.00000E+00 0.00000E+00 2.75011E-19 3.93225E-19 1.24080E-20 1.52502E-20 3.56363E-20 4.07141E-20 5.72237E-20 2.02521E-20 2.54548E-20
 2.72075E+03 8.11798E-19 0.00000E+00 0.00000E+00 0.00000E+00 0.00000E+00 0.00000E+00 0.00000E+00 0.00000E+00 2.49116E-19 3.53067E-19 1.16323E-20 1.43724E-20 3.31298E-20 3.71133E-20 5.20142E-20 1.75098E-20 2.19855E-20
 2.83834E+03 7.30981E-19 0.00000E+00 0.00000E+00 0.00000E+00 0.00000E+00 0.00000E+00 0.00000E+00 0.00000E+00 2.24193E-19 3.16405E-19 1.08975E-20 1.35281E-20 3.07710E-20 3.37758E-20 4.72044E-20 1.51189E-20 1.89643E-20
 2.96100E+03 6.56854E-19 0.00000E+00 0.00000E+00 0.00000E+00 0.00000E+00 0.00000E+00 0.00000E+00 0.00000E+00 2.01323E-19 2.82693E-19 1.02022E-20 1.27175E-20 2.85553E-20 3.06914E-20 4.27749E-20 1.30415E-20 1.63422E-20
 2.96100E+03 7.01939E-19 0.00000E+00 0.00000E+00 0.00000E+00 0.00000E+00 0.00000E+00 0.00000E+00 4.50852E-20 2.01323E-19 2.82693E-19 1.02022E-20 1.27175E-20 2.85553E-20 3.06914E-20 4.27749E-20 1.30415E-20 1.63422E-20
 2.96342E+03 7.18003E-19 0.00000E+00 0.00000E+00 0.00000E+00 0.00000E+00 0.00000E+00 0.00000E+00 6.25151E-20 2.00896E-19 2.82078E-19 1.01891E-20 1.27022E-20 2.85138E-20 3.06342E-20 4.26929E-20 1.30042E-20 1.62951E-20
 2.96585E+03 7.29851E-19 0.00000E+00 0.00000E+00 0.00000E+00 0.00000E+00 0.00000E+00 0.00000E+00 7.57263E-20 2.00470E-19 2.81463E-19 1.01760E-20 1.26869E-20 2.84724E-20 3.05771E-20 4.26110E-20 1.29670E-20 1.62481E-20
 2.96827E+03 7.38249E-19 0.00000E+00 0.00000E+00 0.00000E+00 0.00000E+00 0.00000E+00 0.00000E+00 8.54857E-20 2.00044E-19 2.80850E-19 1.01630E-20 1.26716E-20 2.84310E-20 3.05201E-20 4.25293E-20 1.29298E-20 1.62013E-20
 2.97070E+03 7.43879E-19 0.00000E+00 0.00000E+00 0.00000E+00 0.00000E+00 0.00000E+00 0.00000E+00 9.24738E-20 1.99620E-19 2.80239E-19 1.01500E-20 1.26563E-20 2.83897E-20 3.04631E-20 4.24477E-20 1.28928E-20 1.61546E-20
 2.97313E+03 7.47356E-19 0.00000E+00 0.00000E+00 0.00000E+00 0.00000E+00 0.00000E+00 0.00000E+00 9.73067E-20 1.99196E-19 2.79628E-19 1.01370E-20 1.26410E-20 2.83485E-20 3.04063E-20 4.23662E-20 1.28559E-20 1.61080E-20
 2.97557E+03 7.49217E-19 0.00000E+00 0.00000E+00 0.00000E+00 0.00000E+00 0.00000E+00 0.00000E+00 1.00521E-19 1.98772E-19 2.79019E-19 1.01240E-20 1.26257E-20 2.83073E-20 3.03495E-20 4.22848E-20 1.28191E-20 1.60615E-20
 2.98044E+03 7.49742E-19 0.00000E+00 0.00000E+00 0.00000E+00 0.00000E+00 0.00000E+00 0.00000E+00 1.03744E-19 1.97928E-19 2.77804E-19 1.00981E-20 1.25952E-20 2.82250E-20 3.02363E-20 4.21225E-20 1.27457E-20 1.59690E-20
 2.99020E+03 7.45000E-19 0.00000E+00 0.00000E+00 0.00000E+00 0.00000E+00 0.00000E+00 0.00000E+00 1.04371E-19 1.96248E-19 2.75388E-19 1.00463E-20 1.25344E-20 2.80611E-20 3.00109E-20 4.17995E-20 1.26001E-20 1.57854E-20
 3.00000E+03 7.38731E-19 0.00000E+00 0.00000E+00 0.00000E+00 0.00000E+00 0.00000E+00 0.00000E+00 1.03430E-19 1.94580E-19 2.72991E-19 9.99484E-21 1.24737E-20 2.78980E-20 2.97868E-20 4.14786E-20 1.24561E-20 1.56038E-20
 3.20312E+03 6.31114E-19 0.00000E+00 0.00000E+00 0.00000E+00 0.00000E+00 0.00000E+00 0.00000E+00 9.44417E-20 1.63755E-19 2.28695E-19 9.00926E-21 1.13018E-20 2.47958E-20 2.55868E-20 3.54791E-20 9.87810E-21 1.23548E-20
 3.42000E+03 5.37064E-19 0.00000E+00 0.00000E+00 0.00000E+00 0.00000E+00 0.00000E+00 0.00000E+00 8.48417E-20 1.37380E-19 1.90973E-19 8.10949E-21 1.02115E-20 2.19911E-20 2.19027E-20 3.02425E-20 7.81251E-21 9.75529E-21
 3.42000E+03 5.50325E-19 0.00000E+00 0.00000E+00 0.00000E+00 0.00000E+00 0.00000E+00 1.32605E-20 8.48416E-20 1.37380E-19 1.90973E-19 8.10949E-21 1.02115E-20 2.19911E-20 2.19026E-20 3.02425E-20 7.81250E-21 9.75529E-21
 3.42247E+03 5.55064E-19 0.00000E+00 0.00000E+00 0.00000E+00 0.00000E+00 0.00000E+00 1.89564E-20 8.47431E-20 1.37112E-19 1.90591E-19 8.10002E-21 1.02000E-20 2.19617E-20 2.18647E-20 3.01887E-20 7.79220E-21 9.72976E-21
 3.42495E+03 5.58445E-19 0.00000E+00 0.00000E+00 0.00000E+00 0.00000E+00 0.00000E+00 2.32931E-20 8.46447E-20 1.36844E-19 1.90210E-19 8.09057E-21 1.01884E-20 2.19324E-20 2.18269E-20 3.01350E-20 7.77195E-21 9.70430E-21
 3.42742E+03 5.60660E-19 0.00000E+00 0.00000E+00 0.00000E+00 0.00000E+00 0.00000E+00 2.64623E-20 8.45465E-20 1.36577E-19 1.89829E-19 8.08112E-21 1.01769E-20 2.19031E-20 2.17890E-20 3.00814E-20 7.75175E-21 9.67889E-21
 3.42990E+03 5.61936E-19 0.00000E+00 0.00000E+00 0.00000E+00 0.00000E+00 0.00000E+00 2.86903E-20 8.44483E-20 1.36310E-19 1.89449E-19 8.07169E-21 1.01653E-20 2.18739E-20 2.17513E-20 3.00279E-20 7.73160E-21 9.65355E-21
 3.43486E+03 5.62536E-19 0.00000E+00 0.00000E+00 0.00000E+00 0.00000E+00 0.00000E+00 3.11904E-20 8.42523E-20 1.35778E-19 1.88691E-19 8.05284E-21 1.01423E-20 2.18154E-20 2.16759E-20 2.99211E-20 7.69144E-21 9.60306E-21
 3.43983E+03 5.61629E-19 0.00000E+00 0.00000E+00 0.00000E+00 0.00000E+00 0.00000E+00 3.21765E-20 8.40566E-20 1.35248E-19 1.87935E-19 8.03404E-21 1.01193E-20 2.17572E-20 2.16008E-20 2.98146E-20 7.65148E-21 9.55282E-21
 3.45977E+03 5.54242E-19 0.00000E+00 0.00000E+00 0.00000E+00 0.00000E+00 0.00000E+00 3.22997E-20 8.32780E-20 1.33147E-19 1.84942E-19 7.95920E-21 1.00276E-20 2.15254E-20 2.13026E-20 2.93920E-20 7.49358E-21 9.35431E-21
 3.50000E+03 5.39656E-19 0.00000E+00 0.00000E+00 0.00000E+00 0.00000E+00 0.00000E+00 3.24383E-20 8.17354E-20 1.29032E-19 1.79086E-19 7.81132E-21 9.84620E-21 2.10681E-20 2.07168E-20 2.85625E-20 7.18681E-21 8.96872E-21
 3.71000E+03 4.68920E-19 0.00000E+00 0.00000E+00 0.00000E+00 0.00000E+00 0.00000E+00 3.03213E-20 7.41398E-20 1.10009E-19 1.52081E-19 7.10103E-21 8.96985E-21 1.88878E-20 1.79713E-20 2.46848E-20 5.81105E-21 7.24118E-21
 3.71000E+03 4.93356E-19 0.00000E+00 0.00000E+00 0.00000E+00 0.00000E+00 2.44361E-20 3.03212E-20 7.41397E-20 1.10009E-19 1.52080E-19 7.10103E-21 8.96985E-21 1.88878E-20 1.79713E-20 2.46848E-20 5.81104E-21 7.24117E-21
 3.71218E+03 4.91100E-19 0.00000E+00 0.00000E+00 0.00000E+00 0.00000E+00 2.28474E-20 3.03004E-20 7.40651E-20 1.09831E-19 1.51828E-19 7.09416E-21 8.96132E-21 1.88668E-20 1.79453E-20 2.46481E-20 5.79855E-21 7.22550E-21
 3.71437E+03 4.89399E-19 0.00000E+00 0.00000E+00 0.00000E+00 0.00000E+00 2.18123E-20 3.02794E-20 7.39905E-20 1.09653E-19 1.51576E-19 7.08729E-21 8.95280E-21 1.88459E-20 1.79193E-20 2.46115E-20 5.78608E-21 7.20985E-21
 3.71874E+03 4.86916E-19 0.00000E+00 0.00000E+00 0.00000E+00 0.00000E+00 2.06595E-20 3.02376E-20 7.38414E-20 1.09298E-19 1.51074E-19 7.07358E-21 8.93579E-21 1.88040E-20 1.78675E-20 2.45385E-20 5.76122E-21 7.17866E-21
 3.72749E+03 4.83557E-19 0.00000E+00 0.00000E+00 0.00000E+00 0.00000E+00 1.99513E-20 3.01536E-20 7.35440E-20 1.08592E-19 1.50073E-19 7.04622E-21 8.90182E-21 1.87206E-20 1.77642E-20 2.43930E-20 5.71181E-21 7.11669E-21
 3.74507E+03 4.78462E-19 0.00000E+00 0.00000E+00 0.00000E+00 0.00000E+00 2.01145E-20 2.99855E-20 7.29518E-20 1.07191E-19 1.48091E-19 6.99178E-21 8.83419E-21 1.85547E-20 1.75591E-20 2.41041E-20 5.61425E-21 6.99432E-21
 3.78047E+03 4.68018E-19 0.00000E+00 0.00000E+00 0.00000E+00 0.00000E+00 2.00208E-20 2.96494E-20 7.17788E-20 1.04439E-19 1.44197E-19 6.88404E-21 8.70012E-21 1.82267E-20 1.71551E-20 2.35354E-20 5.42406E-21 6.75581E-21
 3.85227E+03 4.47517E-19 0.00000E+00 0.00000E+00 0.00000E+00 0.00000E+00 1.95560E-20 2.89798E-20 6.94794E-20 9.91274E-20 1.36691E-19 6.67298E-21 8.43668E-21 1.75857E-20 1.63714E-20 2.24333E-20 5.06267E-21 6.30278E-21
 4.00000E+03 4.09088E-19 0.00000E+00 0.00000E+00 0.00000E+00 0.00000E+00 1.86775E-20 2.76484E-20 6.50565E-20 8.92434E-20 1.22752E-19 6.26814E-21 7.92841E-21 1.63621E-20 1.48980E-20 2.03656E-20 4.40896E-21 5.48390E-21
 4.50000E+03 3.07788E-19 0.00000E+00 0.00000E+00 0.00000E+00 0.00000E+00 1.58898E-20 2.35660E-20 5.25922E-20 6.38620E-20 8.71509E-20 5.13861E-21 6.49240E-21 1.29983E-20 1.10162E-20 1.49476E-20 2.83934E-21 3.52064E-21
 5.00000E+03 2.37840E-19 0.00000E+00 0.00000E+00 0.00000E+00 0.00000E+00 1.36523E-20 2.01661E-20 4.31289E-20 4.69881E-20 6.36880E-20 4.28662E-21 5.39362E-21 1.05211E-20 8.33941E-21 1.12397E-20 1.90183E-21 2.35167E-21
 5.50000E+03 1.87912E-19 0.00000E+00 0.00000E+00 0.00000E+00 0.00000E+00 1.18384E-20 1.73502E-20 3.58148E-20 3.53951E-20 4.76807E-20 3.62802E-21 4.53738E-21 8.64995E-21 6.44042E-21 8.62757E-21 1.31628E-21 1.62333E-21
 6.00000E+03 1.51270E-19 0.00000E+00 0.00000E+00 0.00000E+00 0.00000E+00 1.03468E-20 1.50150E-20 3.00685E-20 2.72051E-20 3.64457E-20 3.10884E-21 3.85879E-21 7.20732E-21 5.06029E-21 6.74103E-21 9.36423E-22 1.15210E-21
 7.00000E+03 1.02622E-19 0.00000E+00 0.00000E+00 0.00000E+00 0.00000E+00 8.07264E-21 1.14386E-20 2.18003E-20 1.69008E-20 2.24187E-20 2.35304E-21 2.86858E-21 5.17230E-21 3.26198E-21 4.30176E-21 5.07233E-22 6.21270E-22
 8.00000E+03 7.30808E-20 0.00000E+00 0.00000E+00 0.00000E+00 0.00000E+00 6.45165E-21 8.90274E-21 1.63102E-20 1.10839E-20 1.45750E-20 1.83952E-21 2.19786E-21 3.84657E-21 2.20371E-21 2.88048E-21 2.95309E-22 3.60239E-22
 9.00000E+03 5.40437E-20 0.00000E+00 0.00000E+00 0.00000E+00 0.00000E+00 5.26003E-21 7.06180E-21 1.25215E-20 7.58664E-21 9.89821E-21 1.47517E-21 1.72553E-21 2.94287E-21 1.54581E-21 2.00434E-21 1.81930E-22 2.21119E-22
 1.00000E+04 4.11883E-20 0.00000E+00 0.00000E+00 0.00000E+00 0.00000E+00 4.36087E-21 5.69585E-21 9.82193E-21 5.37539E-21 6.96292E-21 1.20752E-21 1.38213E-21 2.30404E-21 1.11811E-21 1.43924E-21 1.17298E-22 1.42084E-22
 1.10000E+04 3.21735E-20 0.00000E+00 0.00000E+00 0.00000E+00 0.00000E+00 3.66738E-21 4.66183E-21 7.84520E-21 3.91882E-21 5.04262E-21 1.00529E-21 1.12589E-21 1.83880E-21 8.29777E-22 1.06086E-21 7.85103E-23 9.47918E-23
 1.25000E+04 2.30588E-20 0.00000E+00 0.00000E+00 0.00000E+00 0.00000E+00 2.89254E-21 3.53391E-21 5.76134E-21 2.54888E-21 3.25010E-21 7.83693E-22 8.49727E-22 1.35041E-21 5.51960E-22 6.99155E-22 4.55145E-23 5.47090E-23
 1.26620E+04 2.22959E-20 0.00000E+00 0.00000E+00 0.00000E+00 0.00000E+00 2.82334E-21 3.43493E-21 5.58246E-21 2.43995E-21 3.10829E-21 7.64129E-22 8.25650E-22 1.30856E-21 5.29515E-22 6.70088E-22 4.30682E-23 5.17451E-23
 1.26620E+04 3.53834E-20 0.00000E+00 0.00000E+00 0.00000E+00 1.30875E-20 2.82334E-21 3.43493E-21 5.58246E-21 2.43995E-21 3.10829E-21 7.64129E-22 8.25650E-22 1.30856E-21 5.29515E-22 6.70088E-22 4.30682E-23 5.17451E-23
 1.26719E+04 5.18513E-20 0.00000E+00 0.00000E+00 0.00000E+00 2.96012E-20 2.81917E-21 3.42897E-21 5.57172E-21 2.43345E-21 3.09984E-21 7.62951E-22 8.24202E-22 1.30605E-21 5.28175E-22 6.68353E-22 4.29231E-23 5.15693E-23
 1.26819E+04 5.55538E-20 0.00000E+00 0.00000E+00 0.00000E+00 3.33492E-20 2.81500E-21 3.42303E-21 5.56100E-21 2.42697E-21 3.09140E-21 7.61775E-22 8.22757E-22 1.30354E-21 5.26837E-22 6.66622E-22 4.27785E-23 5.13941E-23
 1.26918E+04 5.56967E-20 0.00000E+00 0.00000E+00 0.00000E+00 3.35377E-20 2.81085E-21 3.41709E-21 5.55030E-21 2.42050E-21 3.08299E-21 7.60601E-22 8.21314E-22 1.30104E-21 5.25503E-22 6.64894E-22 4.26343E-23 5.12195E-23
 1.27018E+04 5.54178E-20 0.00000E+00 0.00000E+00 0.00000E+00 3.33042E-20 2.80669E-21 3.41117E-21 5.53961E-21 2.41405E-21 3.07460E-21 7.59428E-22 8.19873E-22 1.29854E-21 5.24172E-22 6.63172E-22 4.24906E-23 5.10454E-23
 1.27417E+04 5.54015E-20 0.00000E+00 0.00000E+00 0.00000E+00 3.34689E-20 2.79013E-21 3.38755E-21 5.49706E-21 2.38841E-21 3.04125E-21 7.54754E-22 8.14132E-22 1.28858E-21 5.18879E-22 6.56321E-22 4.19202E-23 5.03545E-23
 1.27818E+04 5.47867E-20 0.00000E+00 0.00000E+00 0.00000E+00 3.30335E-20 2.77366E-21 3.36407E-21 5.45480E-21 2.36303E-21 3.00824E-21 7.50106E-22 8.08427E-22 1.27870E-21 5.13635E-22 6.49537E-22 4.13570E-23 4.96725E-23
 1.28220E+04 5.43758E-20 0.00000E+00 0.00000E+00 0.00000E+00 3.28007E-20 2.75727E-21 3.34074E-21 5.41284E-21 2.33790E-21 2.97556E-21 7.45485E-22 8.02759E-22 1.26889E-21 5.08441E-22 6.42818E-22 4.08010E-23 4.89992E-23
 1.29840E+04 5.26216E-20 0.00000E+00 0.00000E+00 0.00000E+00 3.17446E-20 2.69259E-21 3.24883E-21 5.24792E-21 2.23991E-21 2.84821E-21 7.27265E-22 7.80443E-22 1.23032E-21 4.88154E-22 6.16589E-22 3.86476E-23 4.63921E-23
 1.33142E+04 4.92197E-20 0.00000E+00 0.00000E+00 0.00000E+00 2.96728E-20 2.56736E-21 3.07177E-21 4.93189E-21 2.05570E-21 2.60913E-21 6.92081E-22 7.37509E-22 1.15644E-21 4.49875E-22 5.67166E-22 3.46684E-23 4.15774E-23
 1.40000E+04 4.29872E-20 0.00000E+00 0.00000E+00 0.00000E+00 2.58522E-20 2.33278E-21 2.74352E-21 4.35232E-21 1.73078E-21 2.18854E-21 6.26521E-22 6.58130E-22 1.02104E-21 3.81840E-22 4.79570E-22 2.78935E-23 3.33901E-23
 1.47040E+04 3.76441E-20 0.00000E+00 0.00000E+00 0.00000E+00 2.25822E-20 2.12264E-21 2.45352E-21 3.84729E-21 1.46152E-21 1.84121E-21 5.68163E-22 5.88212E-22 9.03115E-22 3.24910E-22 4.06549E-22 2.25304E-23 2.69200E-23
 1.47040E+04 4.30099E-20 0.00000E+00 0.00000E+00 5.36586E-21 2.25822E-20 2.12263E-21 2.45352E-21 3.84729E-21 1.46152E-21 1.84121E-21 5.68163E-22 5.88212E-22 9.03115E-22 3.24910E-22 4.06549E-22 2.25303E-23 2.69200E-23
 1.47132E+04 5.00869E-20 0.00000E+00 0.00000E+00 1.25061E-20 2.25436E-20 2.12008E-21 2.45002E-21 3.84124E-21 1.45838E-21 1.83716E-21 5.67456E-22 5.87370E-22 9.01702E-22 3.24241E-22 4.05693E-22 2.24691E-23 2.68462E-23
 1.47223E+04 5.18255E-20 0.00000E+00 0.00000E+00 1.43079E-20 2.25050E-20 2.11753E-21 2.44653E-21 3.83520E-21 1.45524E-21 1.83312E-21 5.66750E-22 5.86528E-22 9.00292E-22 3.23574E-22 4.04839E-22 2.24081E-23 2.67726E-23
 1.47315E+04 5.19416E-20 0.00000E+00 0.00000E+00 1.44871E-20 2.24665E-20 2.11498E-21 2.44304E-21 3.82917E-21 1.45211E-21 1.82909E-21 5.66044E-22 5.85688E-22 8.98883E-22 3.22908E-22 4.03987E-22 2.23471E-23 2.66992E-23
 1.47407E+04 5.18223E-20 0.00000E+00 0.00000E+00 1.44309E-20 2.24280E-20 2.11244E-21 2.43956E-21 3.82315E-21 1.44898E-21 1.82506E-21 5.65340E-22 5.84849E-22 8.97476E-22 3.22244E-22 4.03136E-22 2.22864E-23 2.66260E-23
 1.47774E+04 5.16987E-20 0.00000E+00 0.00000E+00 1.45582E-20 2.22749E-20 2.10228E-21 2.42567E-21 3.79915E-21 1.43654E-21 1.80904E-21 5.62530E-22 5.81503E-22 8.91870E-22 3.19599E-22 3.99751E-22 2.20450E-23 2.63350E-23
 1.48513E+04 5.09942E-20 0.00000E+00 0.00000E+00 1.43509E-20 2.19716E-20 2.08211E-21 2.39810E-21 3.75157E-21 1.41195E-21 1.77740E-21 5.56948E-22 5.74863E-22 8.80752E-22 3.14368E-22 3.93058E-22 2.15695E-23 2.57620E-23
 1.50000E+04 4.96876E-20 0.00000E+00 0.00000E+00 1.40199E-20 2.13765E-20 2.04227E-21 2.34381E-21 3.65804E-21 1.36394E-21 1.71565E-21 5.45936E-22 5.61786E-22 8.58892E-22 3.04143E-22 3.79981E-22 2.06470E-23 2.46506E-23
 1.53500E+04 4.67685E-20 0.00000E+00 0.00000E+00 1.32688E-20 2.00532E-20 1.95266E-21 2.22237E-21 3.44975E-21 1.25854E-21 1.58024E-21 5.21207E-22 5.32528E-22 8.10157E-22 2.81633E-22 3.51224E-22 1.86493E-23 2.22452E-23
 1.53500E+04 5.54372E-20 0.00000E+00 8.66871E-21 1.32688E-20 2.00532E-20 1.95266E-21 2.22237E-21 3.44975E-21 1.25854E-21 1.58024E-21 5.21207E-22 5.32527E-22 8.10157E-22 2.81633E-22 3.51224E-22 1.86492E-23 2.22452E-23
 1.53579E+04 5.41294E-20 0.00000E+00 7.42441E-21 1.32519E-20 2.00246E-20 1.95071E-21 2.21974E-21 3.44525E-21 1.25629E-21 1.57735E-21 5.20670E-22 5.31894E-22 8.09104E-22 2.81151E-22 3.50609E-22 1.86070E-23 2.21943E-23
 1.53657E+04 5.37905E-20 0.00000E+00 7.14900E-21 1.32351E-20 1.99961E-20 1.94876E-21 2.21712E-21 3.44076E-21 1.25405E-21 1.57446E-21 5.20134E-22 5.31261E-22 8.08053E-22 2.80670E-22 3.49995E-22 1.85649E-23 2.21436E-23
 1.53815E+04 5.37035E-20 0.00000E+00 7.18867E-21 1.32016E-20 1.99393E-20 1.94488E-21 2.21187E-21 3.43180E-21 1.24956E-21 1.56871E-21 5.19062E-22 5.29997E-22 8.05954E-22 2.79711E-22 3.48771E-22 1.84809E-23 2.20426E-23
 1.53972E+04 5.36623E-20 0.00000E+00 7.27380E-21 1.31683E-20 1.98825E-20 1.94099E-21 2.20663E-21 3.42285E-21 1.24510E-21 1.56298E-21 5.17993E-22 5.28736E-22 8.03860E-22 2.78754E-22 3.47550E-22 1.83973E-23 2.19419E-23
 1.54130E+04 5.35294E-20 0.00000E+00 7.26681E-21 1.31350E-20 1.98259E-20 1.93712E-21 2.20141E-21 3.41393E-21 1.24065E-21 1.55726E-21 5.16926E-22 5.27477E-22 8.01771E-22 2.77801E-22 3.46333E-22 1.83140E-23 2.18417E-23
 1.54763E+04 5.29783E-20 0.00000E+00 7.21584E-21 1.30030E-20 1.96010E-20 1.92169E-21 2.18063E-21 3.37845E-21 1.22299E-21 1.53461E-21 5.12677E-22 5.22471E-22 7.93465E-22 2.74018E-22 3.41507E-22 1.79846E-23 2.14453E-23
 1.56036E+04 5.19043E-20 0.00000E+00 7.12760E-21 1.27423E-20 1.91582E-20 1.89118E-21 2.13960E-21 3.30854E-21 1.18841E-21 1.49026E-21 5.04278E-22 5.12590E-22 7.77095E-22 2.66601E-22 3.32047E-22 1.73430E-23 2.06734E-23
 1.58614E+04 4.97904E-20 0.00000E+00 6.93141E-21 1.22291E-20 1.83000E-20 1.83149E-21 2.05966E-21 3.17275E-21 1.12210E-21 1.40529E-21 4.87873E-22 4.93347E-22 7.45307E-22 2.52345E-22 3.13883E-22 1.61270E-23 1.92112E-23
 1.63898E+04 4.58046E-20 0.00000E+00 6.55468E-21 1.12529E-20 1.66905E-20 1.71740E-21 1.90788E-21 2.91663E-21 1.00043E-21 1.24970E-21 4.56600E-22 4.56895E-22 6.85441E-22 2.26065E-22 2.80463E-22 1.39505E-23 1.65963E-23
 1.75000E+04 3.87577E-20 0.00000E+00 5.85193E-21 9.52948E-21 1.38668E-20 1.50906E-21 1.63440E-21 2.46092E-21 7.95697E-22 9.88935E-22 3.99774E-22 3.91515E-22 5.79308E-22 1.81428E-22 2.23922E-22 1.04667E-23 1.24197E-23
 2.00000E+04 2.74667E-20 0.00000E+00 4.60897E-21 6.73297E-21 9.45605E-21 1.15435E-21 1.18507E-21 1.73053E-21 4.95379E-22 6.09047E-22 3.03825E-22 2.84051E-22 4.08513E-22 1.14943E-22 1.40317E-22 5.76886E-24 6.80649E-24
 2.20000E+04 2.14293E-20 0.00000E+00 3.86235E-21 5.22799E-21 7.16788E-21 9.50331E-22 9.37451E-22 1.33956E-21 3.51901E-22 4.29192E-22 2.49123E-22 2.24898E-22 3.16916E-22 8.25908E-23 1.00014E-22 3.75758E-24 4.41455E-24
 2.50000E+04 1.53198E-20 0.00000E+00 3.02513E-21 3.70317E-21 4.92008E-21 7.29099E-22 6.80392E-22 9.44500E-22 2.21418E-22 2.67060E-22 1.90233E-22 1.63506E-22 2.24146E-22 5.27097E-23 6.31181E-23 2.10600E-24 2.45964E-24
 3.00000E+04 9.44670E-21 0.00000E+00 2.10689E-21 2.24199E-21 2.85096E-21 4.95613E-22 4.25919E-22 5.67333E-22 1.13373E-22 1.34506E-22 1.28601E-22 1.02668E-22 1.35264E-22 2.74865E-23 3.23703E-23 9.16392E-25 1.06072E-24
 3.50000E+04 6.25246E-21 0.00000E+00 1.53385E-21 1.45469E-21 1.78370E-21 3.55016E-22 2.83889E-22 3.65116E-22 6.39294E-23 7.47362E-23 9.17766E-23 6.86401E-23 8.74012E-23 1.57145E-23 1.82356E-23 4.51169E-25 5.18136E-25
 4.00000E+04 4.36219E-21 0.00000E+00 1.15567E-21 9.94803E-22 1.18216E-21 2.64490E-22 1.98459E-22 2.47549E-22 3.87396E-23 4.46957E-23 6.81979E-23 4.81223E-23 5.94667E-23 9.62778E-24 1.10251E-23 2.43505E-25 2.77626E-25
 4.50000E+04 3.16996E-21 0.00000E+00 8.94991E-22 7.08921E-22 8.19473E-22 2.03180E-22 1.44048E-22 1.74848E-22 2.48294E-23 2.83025E-23 5.22918E-23 3.50205E-23 4.21313E-23 6.22585E-24 7.04385E-24 1.41061E-25 1.59760E-25
 5.00000E+04 2.37960E-21 0.00000E+00 7.08873E-22 5.22248E-22 5.88903E-22 1.59971E-22 1.07778E-22 1.27643E-22 1.66451E-23 1.87631E-23 4.11152E-23 2.62652E-23 3.08397E-23 4.20428E-24 4.70433E-24 8.64439E-26 9.72983E-26
 5.50000E+04 1.83421E-21 0.00000E+00 5.72095E-22 3.95383E-22 4.35904E-22 1.28527E-22 8.26901E-23 9.57540E-23 1.15756E-23 1.29165E-23 3.29999E-23 2.01947E-23 2.31906E-23 2.94217E-24 3.25861E-24 5.54647E-26 6.20698E-26
 6.00000E+04 1.44529E-21 0.00000E+00 4.69114E-22 3.06263E-22 3.30731E-22 1.05032E-22 6.47961E-23 7.34960E-23 8.30144E-24 9.17554E-24 2.69464E-23 1.58555E-23 1.78377E-23 2.12130E-24 2.32725E-24 3.69802E-26 4.11576E-26
 7.00000E+04 9.46299E-22 0.00000E+00 3.28037E-22 1.94279E-22 2.02174E-22 7.31043E-23 4.18955E-23 4.57883E-23 4.60021E-24 4.99761E-24 1.87351E-23 1.02859E-23 1.11529E-23 1.18548E-24 1.27853E-24 1.80384E-26 1.98767E-26
 8.00000E+04 6.54958E-22 0.00000E+00 2.39215E-22 1.30683E-22 1.31659E-22 5.31597E-23 2.86117E-23 3.02674E-23 2.75632E-24 2.94999E-24 1.36148E-23 7.04413E-24 7.39388E-24 7.15047E-25 7.59705E-25 9.69701E-27 1.05913E-26
 8.55360E+04 5.44413E-22 0.00000E+00 2.03798E-22 1.07051E-22 1.06093E-22 4.52413E-23 2.36061E-23 2.45625E-23 2.13150E-24 2.26387E-24 1.15839E-23 5.81953E-24 6.00858E-24 5.54642E-25 5.84834E-25 7.10641E-27 7.72595E-27
 8.55360E+04 2.95249E-21 2.40808E-21 2.03798E-22 1.07051E-22 1.06093E-22 4.52413E-23 2.36061E-23 2.45625E-23 2.13150E-24 2.26387E-24 1.15839E-23 5.81953E-24 6.00858E-24 5.54642E-25 5.84833E-25 7.10640E-27 7.72594E-27
 8.56040E+04 2.56214E-21 2.01892E-21 2.03409E-22 1.06797E-22 1.05822E-22 4.51545E-23 2.35522E-23 2.45016E-23 2.12502E-24 2.25678E-24 1.15616E-23 5.80633E-24 5.99378E-24 5.52974E-25 5.83023E-25 7.08036E-27 7.69720E-27
 8.56721E+04 2.56079E-21 2.01877E-21 2.03021E-22 1.06545E-22 1.05551E-22 4.50679E-23 2.34984E-23 2.44408E-23 2.11856E-24 2.24971E-24 1.15394E-23 5.79317E-24 5.97902E-24 5.51311E-25 5.81218E-25 7.05442E-27 7.66858E-27
 8.57402E+04 2.56108E-21 2.02024E-21 2.02634E-22 1.06293E-22 1.05281E-22 4.49814E-23 2.34448E-23 2.43803E-23 2.11211E-24 2.24267E-24 1.15173E-23 5.78003E-24 5.96429E-24 5.49654E-25 5.79419E-25 7.02857E-27 7.64006E-27
 8.58084E+04 2.54977E-21 2.01011E-21 2.02247E-22 1.06041E-22 1.05011E-22 4.48951E-23 2.33912E-23 2.43198E-23 2.10569E-24 2.23565E-24 1.14951E-23 5.76693E-24 5.94960E-24 5.48001E-25 5.77625E-25 7.00283E-27 7.61166E-27
 8.59449E+04 2.53717E-21 1.99988E-21 2.01476E-22 1.05540E-22 1.04474E-22 4.47229E-23 2.32846E-23 2.41994E-23 2.09291E-24 2.22167E-24 1.14510E-23 5.74080E-24 5.92033E-24 5.44712E-25 5.74056E-25 6.95164E-27 7.55519E-27
 8.60817E+04 2.53056E-21 1.99562E-21 2.00708E-22 1.05042E-22 1.03940E-22 4.45514E-23 2.31784E-23 2.40796E-23 2.08021E-24 2.20779E-24 1.14070E-23 5.71480E-24 5.89121E-24 5.41443E-25 5.70509E-25 6.90085E-27 7.49917E-27
 8.66308E+04 2.48957E-21 1.96394E-21 1.97663E-22 1.03071E-22 1.01832E-22 4.38719E-23 2.27585E-23 2.36063E-23 2.03021E-24 2.15315E-24 1.12328E-23 5.61197E-24 5.77615E-24 5.28570E-25 5.56549E-25 6.70159E-27 7.27943E-27
 8.77396E+04 2.41056E-21 1.90305E-21 1.91708E-22 9.92415E-23 9.77440E-23 4.25430E-23 2.19415E-23 2.26876E-23 1.93389E-24 2.04804E-24 1.08921E-23 5.41183E-24 5.55277E-24 5.03760E-25 5.29674E-25 6.32103E-27 6.86006E-27
 9.00000E+04 2.25969E-21 1.78657E-21 1.80309E-22 9.20030E-23 9.00536E-23 4.00010E-23 2.03936E-23 2.09552E-23 1.75489E-24 1.85314E-24 1.02405E-23 5.03248E-24 5.13132E-24 4.57608E-25 4.79792E-25 5.62484E-27 6.09390E-27
 1.00000E+05 1.72226E-21 1.36867E-21 1.39601E-22 6.71742E-23 6.40639E-23 3.09389E-23 1.50438E-23 1.50574E-23 1.17236E-24 1.22359E-24 7.91863E-24 3.71966E-24 3.69463E-24 3.07038E-25 3.18160E-25 3.46237E-27 3.72426E-27
 1.10000E+05 1.34427E-21 1.07260E-21 1.10510E-22 5.05308E-23 4.70643E-23 2.44781E-23 1.14147E-23 1.11554E-23 8.14622E-25 8.41317E-25 6.26417E-24 2.82719E-24 2.74194E-24 2.14122E-25 2.19571E-25 2.23794E-27 2.39244E-27
 1.25000E+05 9.61472E-22 7.70678E-22 8.05443E-23 3.44981E-23 3.11240E-23 1.78352E-23 7.87705E-24 7.45421E-24 5.00961E-25 5.10276E-25 4.56379E-24 1.95514E-24 1.83615E-24 1.32238E-25 1.33765E-25 1.25270E-27 1.32751E-27
 1.40000E+05 7.12882E-22 5.73347E-22 6.07078E-23 2.46098E-23 2.15843E-23 1.34438E-23 5.66833E-24 5.21287E-24 3.26251E-25 3.28532E-25 3.44008E-24 1.40940E-24 1.28634E-24 8.64348E-26 8.64312E-26 7.52032E-28 7.91925E-28
 1.50000E+05 5.93784E-22 4.78411E-22 5.10642E-23 2.00456E-23 1.72820E-23 1.13102E-23 4.63990E-24 4.19369E-24 2.51658E-25 2.51693E-25 2.89422E-24 1.15490E-24 1.03587E-24 6.67980E-26 6.63560E-26 5.52672E-28 5.79676E-28
 1.75000E+05 3.94320E-22 3.18778E-22 3.46360E-23 1.27005E-23 1.05407E-23 7.67646E-24 2.96981E-24 2.58267E-24 1.41533E-25 1.39628E-25 1.96463E-24 7.40754E-25 6.39269E-25 3.77206E-26 3.69597E-26 2.79933E-28 2.91329E-28
 2.00000E+05 2.76605E-22 2.24146E-22 2.47204E-23 8.57909E-24 6.89329E-24 5.48303E-24 2.02181E-24 1.70149E-24 8.64881E-26 8.44464E-26 1.40350E-24 5.05142E-25 4.21834E-25 2.31206E-26 2.24261E-26 1.56810E-28 1.62242E-28
 2.20000E+05 2.14918E-22 1.74412E-22 1.94319E-23 6.49831E-24 5.10454E-24 4.31263E-24 1.53919E-24 1.26594E-24 6.11042E-26 5.93037E-26 1.10406E-24 3.84975E-25 3.14177E-25 1.63659E-26 1.57791E-26 1.04343E-28 1.07699E-28
 2.50000E+05 1.53498E-22 1.24784E-22 1.40811E-23 4.49293E-24 3.42671E-24 3.12774E-24 1.07075E-24 8.54666E-25 3.85631E-26 3.71961E-26 8.00873E-25 2.68162E-25 2.12379E-25 1.03548E-26 9.92206E-27 6.09514E-29 6.27586E-29
 2.73861E+05 1.20844E-22 9.83495E-23 1.11928E-23 3.45854E-24 2.58398E-24 2.48768E-24 8.27557E-25 6.46865E-25 2.78341E-26 2.67643E-26 6.37070E-25 2.07440E-25 1.60875E-25 7.48577E-27 7.15122E-27 4.16668E-29 4.28698E-29
 3.00000E+05 9.55275E-23 7.78262E-23 8.92442E-24 2.67676E-24 1.96187E-24 1.98463E-24 6.42776E-25 4.92716E-25 2.02847E-26 1.94763E-26 5.08310E-25 1.61251E-25 1.22626E-25 5.46176E-27 5.21028E-27 2.89045E-29 2.97754E-29
 3.24037E+05 7.83811E-23 6.39113E-23 7.37254E-24 2.15795E-24 1.55681E-24 1.64027E-24 5.19663E-25 3.91974E-25 1.55477E-26 1.49237E-26 4.20152E-25 1.30447E-25 9.76081E-26 4.19046E-27 3.99659E-27 2.12614E-29 2.19442E-29
 3.50000E+05 6.44418E-23 5.25892E-23 6.09940E-24 1.74375E-24 1.23899E-24 1.35758E-24 4.21031E-25 3.12673E-25 1.19523E-26 1.14802E-26 3.47775E-25 1.05748E-25 7.79013E-26 3.22486E-27 3.07787E-27 1.56883E-29 1.62420E-29
 3.74166E+05 5.44671E-23 4.44810E-23 5.18105E-24 1.45229E-24 1.01889E-24 1.15355E-24 3.51398E-25 2.57598E-25 9.54121E-27 9.17944E-27 2.95532E-25 8.83002E-26 6.42063E-26 2.57643E-27 2.46295E-27 1.20906E-29 1.25787E-29
 4.00000E+05 4.61403E-23 3.77074E-23 4.40875E-24 1.21278E-24 8.40741E-25 9.81887E-25 2.94008E-25 2.12904E-25 7.64930E-27 7.37876E-27 2.51569E-25 7.39117E-26 5.30861E-26 2.06696E-27 1.98102E-27 9.37720E-30 9.81515E-30
 4.24264E+05 3.99090E-23 3.26353E-23 3.82731E-24 1.03598E-24 7.10906E-25 8.52584E-25 2.51547E-25 1.80264E-25 6.30584E-27 6.10025E-27 2.18452E-25 6.32591E-26 4.49614E-26 1.70503E-27 1.63889E-27 7.52158E-30 7.90162E-30
 4.50000E+05 3.45768E-23 2.82926E-23 3.32699E-24 8.86605E-25 6.02517E-25 7.41277E-25 2.15600E-25 1.52967E-25 5.21204E-27 5.05900E-27 1.89941E-25 5.42355E-26 3.81636E-26 1.41016E-27 1.36014E-27 6.05701E-30 6.38257E-30
 5.00000E+05 2.68564E-23 2.20000E-23 2.59758E-24 6.73999E-25 4.50635E-25 5.78919E-25 1.64287E-25 1.14631E-25 3.73143E-27 3.65024E-27 1.48348E-25 4.13501E-26 2.86110E-26 1.01026E-27 9.81944E-28 4.12730E-30 4.41700E-30
 5.50000E+05 2.14688E-23 1.76045E-23 2.08457E-24 5.28723E-25 3.48762E-25 4.64662E-25 1.29122E-25 8.88489E-26 2.77668E-27 2.74079E-27 1.19074E-25 3.25143E-26 2.21837E-26 7.52605E-28 7.37862E-28 2.94717E-30 3.19862E-30
 6.00000E+05 1.75705E-23 1.44213E-23 1.71105E-24 4.25570E-25 2.77557E-25 3.81433E-25 1.04096E-25 7.07911E-26 2.13420E-27 2.12589E-27 9.77478E-26 2.62202E-26 1.76800E-26 5.78740E-28 5.72849E-28 2.18598E-30 2.40452E-30
 6.48074E+05 1.47542E-23 1.21197E-23 1.43990E-24 3.52269E-25 2.27603E-25 3.20996E-25 8.62751E-26 5.81028E-26 1.69815E-27 1.70687E-27 8.22603E-26 2.17370E-26 1.45139E-26 4.60594E-28 4.60103E-28 1.68741E-30 1.87972E-30
 7.00000E+05 1.24402E-23 1.02271E-23 1.21613E-24 2.93029E-25 1.87720E-25 2.71109E-25 7.18433E-26 4.79566E-26 1.36085E-27 1.38134E-27 6.94753E-26 1.81059E-26 1.19812E-26 3.69256E-28 3.72351E-28 1.31535E-30 1.48367E-30
 7.48331E+05 1.07537E-23 8.84670E-24 1.05253E-24 2.50465E-25 1.59333E-25 2.34628E-25 6.14592E-26 4.07261E-26 1.12668E-27 1.15411E-27 6.01258E-26 1.54921E-26 1.01761E-26 3.05898E-28 3.11205E-28 1.06302E-30 1.21376E-30
 8.00000E+05 9.31818E-24 7.67084E-24 9.12898E-25 2.14717E-25 1.35690E-25 2.03489E-25 5.27276E-26 3.46979E-26 9.36337E-28 9.68229E-28 5.21451E-26 1.32933E-26 8.67090E-27 2.54370E-28 2.61247E-28 8.62556E-31 9.97890E-31
 8.48528E+05 8.22679E-24 6.77628E-24 8.06509E-25 1.87879E-25 1.18068E-25 1.79760E-25 4.61653E-26 3.02021E-26 7.98111E-28 8.32295E-28 4.60637E-26 1.16403E-26 7.54795E-27 2.16840E-28 2.24640E-28 7.21102E-31 8.43409E-31
 9.00000E+05 7.27791E-24 5.99800E-24 7.13836E-25 1.64821E-25 1.03030E-25 1.59089E-25 4.05217E-26 2.63633E-26 6.82975E-28 7.18308E-28 4.07660E-26 1.02185E-26 6.58882E-27 1.85524E-28 1.93882E-28 6.06208E-31 7.16558E-31
 1.00000E+06 5.86984E-24 4.84208E-24 5.76042E-25 1.31133E-25 8.12317E-26 1.28354E-25 3.22646E-26 2.07944E-26 5.20453E-28 5.56135E-28 3.28884E-26 8.13764E-27 5.19751E-27 1.41439E-28 1.50129E-28 4.47007E-31 5.40575E-31
 1.10000E+06 4.85555E-24 4.00850E-24 4.76578E-25 1.07322E-25 6.59667E-26 1.06170E-25 2.64209E-26 1.68909E-26 4.10334E-28 4.44896E-28 2.72026E-26 6.66513E-27 4.22213E-27 1.11611E-28 1.20140E-28 3.42368E-31 4.23082E-31
 1.17260E+06 4.28557E-24 3.53966E-24 4.20614E-25 9.41341E-26 5.75679E-26 9.36880E-26 2.31820E-26 1.47422E-26 3.51461E-28 3.84732E-28 2.40037E-26 5.84852E-27 3.68513E-27 9.56186E-29 1.03921E-28 2.88066E-31 3.61122E-31
 1.25000E+06 3.79100E-24 3.13257E-24 3.72014E-25 8.28204E-26 5.04003E-26 8.28495E-26 2.04024E-26 1.29079E-26 3.02407E-28 3.34109E-28 2.12259E-26 5.14736E-27 3.22667E-27 8.22632E-29 9.02665E-29 2.43831E-31 3.09890E-31
 1.40000E+06 3.06378E-24 2.53345E-24 3.00500E-25 6.64179E-26 4.00735E-26 6.69031E-26 1.63698E-26 1.02643E-26 2.33698E-28 2.62350E-28 1.71395E-26 4.13030E-27 2.56582E-27 6.35654E-29 7.08761E-29 1.82775E-31 2.38098E-31
 1.50000E+06 2.69893E-24 2.23260E-24 2.64601E-25 5.83049E-26 3.49979E-26 5.89002E-26 1.43735E-26 8.96427E-27 2.00792E-28 2.27558E-28 1.50885E-26 3.62667E-27 2.24081E-27 5.46085E-29 6.14685E-29 1.53474E-31 2.04317E-31
 1.62019E+06 2.34764E-24 1.94274E-24 2.30028E-25 5.05686E-26 3.01836E-26 5.11930E-26 1.24685E-26 7.73062E-27 1.70190E-28 1.94859E-28 1.31134E-26 3.14620E-27 1.93243E-27 4.63013E-29 5.26496E-29 1.27461E-31 1.72825E-31
 1.75000E+06 2.04858E-24 1.69580E-24 2.00592E-25 4.40541E-26 2.61439E-26 4.46343E-26 1.08641E-26 6.69550E-27 1.45017E-28 1.67689E-28 1.14328E-26 2.74166E-27 1.67370E-27 3.94833E-29 4.53329E-29 1.07077E-31 1.46806E-31
 1.87083E+06 1.82371E-24 1.51001E-24 1.78462E-25 3.92013E-26 2.31362E-26 3.97079E-26 9.66985E-27 5.92526E-27 1.26538E-28 1.47617E-28 1.01708E-26 2.44041E-27 1.48117E-27 3.44685E-29 3.99134E-29 9.20166E-32 1.27898E-31
 2.00000E+06 1.62660E-24 1.34710E-24 1.59063E-25 3.49606E-26 2.05437E-26 3.53815E-26 8.62348E-27 5.26031E-27 1.11175E-28 1.30559E-28 9.06195E-27 2.17623E-27 1.31487E-27 3.02872E-29 3.52955E-29 7.97105E-32 1.12332E-31
 2.20000E+06 1.38576E-24 1.14804E-24 1.35345E-25 2.97455E-26 1.74743E-26 3.00599E-26 7.32620E-27 4.46870E-27 9.44397E-29 1.10904E-28 7.69612E-27 1.84820E-27 1.11665E-27 2.57209E-29 2.99740E-29 6.76905E-32 9.53931E-32
 2.34521E+06 1.24700E-24 1.03331E-24 1.21691E-25 2.67416E-26 1.57130E-26 2.69991E-26 6.57947E-27 4.01477E-27 8.49256E-29 9.96679E-29 6.91074E-27 1.65942E-27 1.00302E-27 2.31252E-29 2.69330E-29 6.09445E-32 8.57649E-32
 2.50000E+06 1.12405E-24 9.31632E-25 1.09604E-25 2.40861E-26 1.41448E-26 2.42971E-26 5.92144E-27 3.61158E-27 7.63203E-29 8.96240E-29 6.21785E-27 1.49317E-27 9.02135E-28 2.07790E-29 2.42149E-29 5.46825E-32 7.70615E-32
 2.73861E+06 9.71522E-25 8.05487E-25 9.46088E-26 2.07907E-26 1.22035E-26 2.09482E-26 5.10547E-27 3.11285E-27 6.57347E-29 7.72253E-29 5.35930E-27 1.28706E-27 7.77374E-28 1.78933E-29 2.08605E-29 4.70414E-32 6.63573E-32
 3.00000E+06 8.42868E-25 6.99082E-25 8.19561E-26 1.80084E-26 1.05710E-26 1.81251E-26 4.41704E-27 2.69377E-27 5.69199E-29 6.68405E-29 4.63572E-27 1.11321E-27 6.72556E-28 1.54905E-29 1.80518E-29 4.07630E-32 5.74453E-32
 3.24037E+06 7.48973E-25 6.21425E-25 7.27179E-26 1.59775E-26 9.37821E-27 1.60672E-26 3.91539E-27 2.38798E-27 5.04685E-29 5.92553E-29 4.10849E-27 9.86568E-28 5.96101E-28 1.37325E-29 1.60009E-29 3.61482E-32 5.09248E-32
 3.50000E+06 6.66948E-25 5.53589E-25 6.46437E-26 1.42031E-26 8.33466E-27 1.42714E-26 3.47779E-27 2.12080E-27 4.48101E-29 5.26193E-29 3.64856E-27 8.76138E-28 5.29320E-28 1.21911E-29 1.42068E-29 3.20794E-32 4.52079E-32
 4.00000E+06 5.48101E-25 4.55307E-25 5.29351E-26 1.16298E-26 6.82297E-27 1.16709E-26 2.84399E-27 1.73421E-27 3.66401E-29 4.30249E-29 2.98276E-27 7.16250E-28 4.32717E-28 9.96598E-30 1.16138E-29 2.62234E-32 3.69553E-32
 4.50000E+06 4.63188E-25 3.85092E-25 4.45636E-26 9.79013E-27 5.74255E-27 9.81486E-27 2.39164E-27 1.45832E-27 3.08098E-29 3.61783E-29 2.50776E-27 6.02180E-28 3.63799E-28 8.37857E-30 9.76388E-30 2.20459E-32 3.10682E-32
 5.00000E+06 3.99878E-25 3.32737E-25 3.83211E-26 8.41838E-27 4.93716E-27 8.43276E-27 2.05482E-27 1.25290E-27 2.64690E-29 3.10809E-29 2.15417E-27 5.17271E-28 3.12500E-28 7.19701E-30 8.38694E-30 1.89366E-32 2.66864E-32
 5.50000E+06 3.51067E-25 2.92365E-25 3.35106E-26 7.36135E-27 4.31669E-27 7.36896E-27 1.79557E-27 1.09479E-27 2.31283E-29 2.71579E-29 1.88210E-27 4.51936E-28 2.73027E-28 6.28785E-30 7.32746E-30 1.65442E-32 2.33149E-32
 6.00000E+06 3.12429E-25 2.60403E-25 2.97044E-26 6.52504E-27 3.82587E-27 6.52808E-27 1.59066E-27 9.69829E-28 2.04878E-29 2.40573E-29 1.66709E-27 4.00305E-28 2.41833E-28 5.56942E-30 6.49023E-30 1.46537E-32 2.06507E-32
 6.48074E+06 2.82211E-25 2.35399E-25 2.67306E-26 5.87168E-27 3.44247E-27 5.87166E-27 1.43070E-27 8.72283E-28 1.84268E-29 2.16371E-29 1.49928E-27 3.60008E-28 2.17488E-28 5.00871E-30 5.83681E-30 1.31783E-32 1.85714E-32
 7.00000E+06 2.55360E-25 2.13173E-25 2.40930E-26 5.29218E-27 3.10246E-27 5.28987E-27 1.28892E-27 7.85830E-28 1.66002E-29 1.94923E-29 1.35057E-27 3.24299E-28 1.95915E-28 4.51184E-30 5.25780E-30 1.18708E-32 1.67290E-32
 8.00000E+06 2.15429E-25 1.80100E-25 2.01801E-26 4.43254E-27 2.59817E-27 4.42757E-27 1.07880E-27 6.57703E-28 1.38932E-29 1.63136E-29 1.13022E-27 2.71386E-28 1.63948E-28 3.77561E-30 4.39983E-30 9.93362E-33 1.39989E-32
 9.00000E+06 1.86036E-25 1.55733E-25 1.73119E-26 3.80243E-27 2.22860E-27 3.79612E-27 9.24930E-28 5.63882E-28 1.19111E-29 1.39861E-29 9.68894E-28 2.32648E-28 1.40545E-28 3.23663E-30 3.77174E-30 8.51545E-33 1.20004E-32
 1.00000E+07 1.62942E-25 1.36465E-25 1.51277E-26 3.32263E-27 1.94723E-27 3.31567E-27 8.07860E-28 4.92502E-28 1.04031E-29 1.22154E-29 8.46174E-28 2.03180E-28 1.22742E-28 2.82663E-30 3.29395E-30 7.43668E-33 1.04801E-32
 1.10000E+07 1.44759E-25 1.21284E-25 1.34140E-26 2.94617E-27 1.72648E-27 2.93894E-27 7.16066E-28 4.36534E-28 9.22080E-30 1.08270E-29 7.49963E-28 1.80077E-28 1.08786E-28 2.50521E-30 2.91939E-30 6.59098E-33 9.28831E-33
 1.25000E+07 1.23794E-25 1.03768E-25 1.14449E-26 2.51362E-27 1.47289E-27 2.50637E-27 6.10665E-28 3.72272E-28 7.86327E-30 9.23297E-30 6.39509E-28 1.53555E-28 9.27629E-29 2.13620E-30 2.48938E-30 5.62011E-33 7.92011E-33
 1.40000E+07 1.07983E-25 9.05482E-26 9.96488E-27 2.18854E-27 1.28232E-27 2.18148E-27 5.31502E-28 3.24008E-28 6.84373E-30 8.03580E-30 5.56562E-28 1.33638E-28 8.07306E-29 1.85911E-30 2.16646E-30 4.89105E-33 6.89269E-33
 1.50000E+07 9.94532E-26 8.34128E-26 9.16836E-27 2.01358E-27 1.17976E-27 2.00670E-27 4.88916E-28 2.98045E-28 6.29529E-30 7.39182E-30 5.11946E-28 1.22925E-28 7.42586E-29 1.71006E-30 1.99278E-30 4.49891E-33 6.34007E-33
 1.75000E+07 8.29437E-26 6.95950E-26 7.63067E-27 1.67584E-27 9.81807E-28 1.66947E-27 4.06748E-28 2.47951E-28 5.23712E-30 6.14932E-30 4.25868E-28 1.02256E-28 6.17725E-29 1.42251E-30 1.65769E-30 3.74239E-33 5.27394E-33
 2.00000E+07 7.10484E-26 5.96328E-26 6.52616E-27 1.43325E-27 8.39635E-28 1.42738E-27 3.47763E-28 2.11991E-28 4.47755E-30 5.25743E-30 3.64086E-28 8.74210E-29 5.28106E-29 1.21613E-30 1.41719E-30 3.19941E-33 4.50875E-33
 2.20000E+07 6.36984E-26 5.34745E-26 5.84521E-27 1.28369E-27 7.51992E-28 1.27819E-27 3.11414E-28 1.89832E-28 4.00948E-30 4.70783E-30 3.26017E-28 7.82800E-29 4.72884E-29 1.08896E-30 1.26899E-30 2.86484E-33 4.03726E-33
 2.50000E+07 5.51066E-26 4.62729E-26 5.05071E-27 1.10919E-27 6.49744E-28 1.10419E-27 2.69021E-28 1.63988E-28 3.46360E-30 4.06686E-30 2.81621E-28 6.76199E-29 4.08486E-29 9.40663E-31 1.09618E-30 2.47468E-33 3.48743E-33
 3.00000E+07 4.49472E-26 3.77533E-26 4.11347E-27 9.03351E-28 5.29138E-28 8.99029E-28 2.19034E-28 1.33516E-28 2.81996E-30 3.31111E-30 2.29278E-28 5.50517E-29 3.32562E-29 7.65820E-31 8.92427E-31 2.01469E-33 2.83919E-33
 3.50000E+07 3.79233E-26 3.18604E-26 3.46697E-27 7.61366E-28 4.45953E-28 7.57571E-28 1.84569E-28 1.12506E-28 2.37621E-30 2.79006E-30 1.93192E-28 4.63871E-29 2.80220E-29 6.45285E-31 7.51964E-31 1.69758E-33 2.39231E-33
 4.00000E+07 3.27843E-26 2.75474E-26 2.99475E-27 6.57659E-28 3.85198E-28 6.54282E-28 1.59404E-28 9.71660E-29 2.05219E-30 2.40961E-30 1.66845E-28 4.00609E-29 2.42003E-29 5.57280E-31 6.49410E-31 1.46606E-33 2.06603E-33
 4.50000E+07 2.88643E-26 2.42566E-26 2.63501E-27 5.78656E-28 3.38918E-28 5.75617E-28 1.40238E-28 8.54830E-29 1.80543E-30 2.11988E-30 1.46781E-28 3.52433E-29 2.12900E-29 4.90260E-31 5.71311E-31 1.28974E-33 1.81756E-33
 5.00000E+07 2.57772E-26 2.16645E-26 2.35201E-27 5.16505E-28 3.02510E-28 5.13743E-28 1.25164E-28 7.62939E-29 1.61135E-30 1.89199E-30 1.31000E-28 3.14541E-29 1.90010E-29 4.37550E-31 5.09886E-31 1.15107E-33 1.62214E-33
 5.50000E+07 2.32840E-26 1.95707E-26 2.12364E-27 4.66352E-28 2.73133E-28 4.63823E-28 1.13001E-28 6.88800E-29 1.45476E-30 1.70813E-30 1.18268E-28 2.83971E-29 1.71543E-29 3.95024E-31 4.60329E-31 1.03920E-33 1.46448E-33
 6.00000E+07 2.12287E-26 1.78444E-26 1.93552E-27 4.25040E-28 2.48934E-28 4.22707E-28 1.02984E-28 6.27738E-29 1.32580E-30 1.55670E-30 1.07783E-28 2.58794E-29 1.56334E-29 3.60000E-31 4.19515E-31 9.47058E-34 1.33463E-33
 7.00000E+07 1.80406E-26 1.51662E-26 1.64395E-27 3.61009E-28 2.11429E-28 3.58991E-28 8.74606E-29 5.33114E-29 1.12594E-30 1.32204E-30 9.15338E-29 2.19779E-29 1.32765E-29 3.05726E-31 3.56269E-31 8.04278E-34 1.13342E-33
 8.00000E+07 1.56830E-26 1.31854E-26 1.42853E-27 3.13702E-28 1.83720E-28 3.11924E-28 7.59937E-29 4.63216E-29 9.78313E-31 1.14870E-30 7.95314E-29 1.90960E-29 1.15356E-29 2.65637E-31 3.09552E-31 6.98813E-34 9.84798E-34
 9.00000E+07 1.38694E-26 1.16613E-26 1.26292E-27 2.77334E-28 1.62419E-28 2.75745E-28 6.71794E-29 4.09488E-29 8.64838E-31 1.01546E-30 7.03058E-29 1.68809E-29 1.01975E-29 2.34823E-31 2.73644E-31 6.17749E-34 8.70559E-34
 1.00000E+08 1.24310E-26 1.04525E-26 1.13166E-27 2.48509E-28 1.45537E-28 2.47074E-28 6.01941E-29 3.66908E-29 7.74908E-31 9.09865E-31 6.29947E-29 1.51254E-29 9.13704E-30 2.10403E-31 2.45187E-31 5.53508E-34 7.80027E-34
 1.10000E+08 1.12626E-26 9.47044E-27 1.02508E-27 2.25104E-28 1.31829E-28 2.23795E-28 5.45226E-29 3.32338E-29 7.01894E-31 8.24135E-31 5.70588E-29 1.37002E-29 8.27607E-30 1.90577E-31 2.22083E-31 5.01350E-34 7.06525E-34
 1.25000E+08 9.87056E-27 8.30029E-27 8.98151E-28 1.97230E-28 1.15504E-28 1.96074E-28 4.77690E-29 2.91171E-29 6.14950E-31 7.22048E-31 4.99905E-29 1.20030E-29 7.25084E-30 1.66969E-31 1.94572E-31 4.39243E-34 6.19000E-34
 1.40000E+08 8.78447E-27 7.38728E-27 7.99165E-28 1.75493E-28 1.02773E-28 1.74458E-28 4.25027E-29 2.59070E-29 5.47152E-31 6.42443E-31 4.44789E-29 1.06797E-29 6.45140E-30 1.48559E-31 1.73119E-31 3.90814E-34 5.50752E-34
 1.50000E+08 8.18401E-27 6.88248E-27 7.44457E-28 1.63479E-28 9.57372E-29 1.62511E-28 3.95922E-29 2.41330E-29 5.09684E-31 5.98448E-31 4.14328E-29 9.94828E-30 6.00959E-30 1.38386E-31 1.61263E-31 3.64050E-34 5.13034E-34
 1.75000E+08 6.98941E-27 5.87812E-27 6.35649E-28 1.39585E-28 8.17437E-29 1.38753E-28 3.38040E-29 2.06048E-29 4.35169E-31 5.10956E-31 3.53752E-29 8.49380E-30 5.13096E-30 1.18153E-31 1.37686E-31 3.10823E-34 4.38026E-34
 2.00000E+08 6.09898E-27 5.12944E-27 5.54577E-28 1.21782E-28 7.13174E-29 1.21052E-28 2.94916E-29 1.79762E-29 3.79653E-31 4.45772E-31 3.08621E-29 7.41019E-30 4.47637E-30 1.03079E-31 1.20120E-31 2.71169E-34 3.82143E-34
 2.20000E+08 5.53482E-27 4.65506E-27 5.03225E-28 1.10505E-28 6.47134E-29 1.09841E-28 2.67602E-29 1.63113E-29 3.44490E-31 4.04485E-31 2.80037E-29 6.72385E-30 4.06176E-30 9.35319E-32 1.08994E-31 2.46053E-34 3.46748E-34
 2.50000E+08 4.86038E-27 4.08792E-27 4.41849E-28 9.70273E-29 5.68202E-29 9.64415E-29 2.34957E-29 1.43215E-29 3.02466E-31 3.55142E-31 2.45874E-29 5.90358E-30 3.56625E-30 8.21214E-32 9.56977E-32 2.16035E-34 3.04446E-34
 3.00000E+08 4.03984E-27 3.39789E-27 3.67198E-28 8.06342E-29 4.72200E-29 8.01451E-29 1.95255E-29 1.19014E-29 2.51355E-31 2.95130E-31 2.04325E-29 4.90597E-30 2.96361E-30 6.82442E-32 7.95263E-32 1.79529E-34 2.53000E-34
 3.50000E+08 3.45629E-27 2.90714E-27 3.14122E-28 6.89790E-29 4.03944E-29 6.85592E-29 1.67028E-29 1.01809E-29 2.15018E-31 2.52465E-31 1.74787E-29 4.19673E-30 2.53517E-30 5.83783E-32 6.80294E-32 1.53575E-34 2.16424E-34
 4.00000E+08 3.02003E-27 2.54024E-27 2.74450E-28 6.02673E-29 3.52927E-29 5.98995E-29 1.45931E-29 8.89498E-30 1.87859E-31 2.20576E-31 1.52709E-29 3.66663E-30 2.21494E-30 5.10044E-32 5.94363E-32 1.34176E-34 1.89087E-34
 4.50000E+08 2.68155E-27 2.25556E-27 2.43674E-28 5.35091E-29 3.13350E-29 5.31819E-29 1.29565E-29 7.89742E-30 1.66791E-31 1.95838E-31 1.35582E-29 3.25541E-30 1.96654E-30 4.52841E-32 5.27705E-32 1.19128E-34 1.67880E-34
 5.00000E+08 2.41129E-27 2.02825E-27 2.19104E-28 4.81136E-29 2.81753E-29 4.78189E-29 1.16499E-29 7.10103E-30 1.49971E-31 1.76089E-31 1.21910E-29 2.92712E-30 1.76822E-30 4.07175E-32 4.74489E-32 1.07115E-34 1.50951E-34
 5.50000E+08 2.19051E-27 1.84256E-27 1.99034E-28 4.37065E-29 2.55945E-29 4.34385E-29 1.05827E-29 6.45053E-30 1.36233E-31 1.59958E-31 1.10742E-29 2.65898E-30 1.60624E-30 3.69875E-32 4.31022E-32 9.73020E-35 1.37122E-34
 6.00000E+08 2.00677E-27 1.68802E-27 1.82333E-28 4.00389E-29 2.34467E-29 3.97931E-29 9.69464E-30 5.90920E-30 1.24800E-31 1.46535E-31 1.01448E-29 2.43583E-30 1.47144E-30 3.38834E-32 3.94850E-32 8.91363E-35 1.25615E-34
 7.00000E+08 1.71848E-27 1.44553E-27 1.56130E-28 3.42849E-29 2.00772E-29 3.40741E-29 8.30133E-30 5.05993E-30 1.06864E-31 1.25475E-31 8.68680E-30 2.08575E-30 1.25996E-30 2.90136E-32 3.38101E-32 7.63254E-35 1.07561E-34
 8.00000E+08 1.50260E-27 1.26396E-27 1.36511E-28 2.99769E-29 1.75544E-29 2.97923E-29 7.25817E-30 4.42409E-30 9.34351E-32 1.09707E-31 7.59519E-30 1.82365E-30 1.10163E-30 2.53677E-32 2.95614E-32 6.67341E-35 9.40446E-35
 9.00000E+08 1.33491E-27 1.12291E-27 1.21273E-28 2.66306E-29 1.55948E-29 2.64664E-29 6.44791E-30 3.93021E-30 8.30045E-32 9.74601E-32 6.74729E-30 1.62006E-30 9.78651E-31 2.25357E-32 2.62613E-32 5.92842E-35 8.35458E-35
 9.48683E+08 1.26720E-27 1.06595E-27 1.15119E-28 2.52793E-29 1.48035E-29 2.51235E-29 6.12072E-30 3.73078E-30 7.87926E-32 9.25146E-32 6.40491E-30 1.53786E-30 9.28990E-31 2.13922E-32 2.49287E-32 5.62759E-35 7.93064E-35
 1.00000E+09 1.20089E-27 1.01018E-27 1.09095E-28 2.39563E-29 1.40287E-29 2.38086E-29 5.80038E-30 3.53552E-30 7.46688E-32 8.76727E-32 6.06969E-30 1.45737E-30 8.80369E-31 2.02726E-32 2.36240E-32 5.33305E-35 7.51557E-35
